35.0,38.0,65.0,74.0,95.0,142.0,176.0,247.0,270.0,273.0,280.0,305.0,307.0,336.0,392.0,407.0,408.0,423.0,490.0,506.0,508.0,568.0,572.0,638.0,654.0,678.0,715.0,734.0,743.0,748.0,764.0,770.0,775.0,815.0,874.0,874.0,897.0,897.0,902.0,938.0,939.0,973.0,
2.0,26.0,106.0,114.0,126.0,175.0,189.0,211.0,213.0,291.0,320.0,347.0,378.0,383.0,400.0,458.0,459.0,483.0,552.0,566.0,624.0,661.0,668.0,695.0,745.0,749.0,780.0,820.0,823.0,838.0,858.0,903.0,919.0,
2.0,65.0,106.0,128.0,171.0,184.0,234.0,238.0,252.0,260.0,268.0,289.0,289.0,328.0,334.0,341.0,350.0,358.0,469.0,499.0,508.0,540.0,543.0,580.0,611.0,613.0,653.0,763.0,816.0,830.0,888.0,935.0,989.0,
4.0,28.0,33.0,65.0,78.0,79.0,113.0,129.0,137.0,139.0,143.0,196.0,200.0,213.0,217.0,227.0,302.0,367.0,400.0,452.0,471.0,481.0,489.0,491.0,493.0,559.0,582.0,598.0,607.0,635.0,649.0,671.0,684.0,706.0,717.0,738.0,752.0,766.0,772.0,819.0,852.0,869.0,881.0,885.0,900.0,906.0,906.0,907.0,945.0,978.0,
66.0,71.0,114.0,120.0,128.0,147.0,148.0,152.0,169.0,189.0,243.0,262.0,267.0,270.0,282.0,368.0,380.0,384.0,396.0,397.0,417.0,422.0,439.0,459.0,473.0,499.0,507.0,510.0,537.0,584.0,617.0,641.0,699.0,776.0,845.0,851.0,907.0,940.0,999.0,
5.0,122.0,204.0,212.0,234.0,250.0,301.0,335.0,358.0,462.0,495.0,526.0,543.0,676.0,713.0,723.0,726.0,729.0,736.0,857.0,881.0,920.0,920.0,993.0,
26.0,33.0,38.0,65.0,85.0,100.0,123.0,158.0,185.0,187.0,223.0,239.0,256.0,262.0,265.0,266.0,267.0,276.0,281.0,300.0,324.0,356.0,372.0,416.0,426.0,434.0,450.0,480.0,480.0,485.0,513.0,617.0,636.0,647.0,684.0,761.0,765.0,853.0,885.0,886.0,913.0,918.0,967.0,972.0,
37.0,73.0,122.0,139.0,166.0,175.0,179.0,252.0,260.0,326.0,335.0,377.0,420.0,430.0,436.0,451.0,489.0,505.0,514.0,529.0,539.0,576.0,586.0,628.0,693.0,714.0,734.0,805.0,824.0,824.0,833.0,848.0,900.0,907.0,918.0,931.0,947.0,956.0,963.0,968.0,
29.0,36.0,44.0,56.0,92.0,96.0,110.0,144.0,148.0,160.0,163.0,173.0,283.0,287.0,308.0,310.0,365.0,376.0,377.0,381.0,390.0,403.0,419.0,420.0,428.0,448.0,471.0,551.0,559.0,598.0,612.0,653.0,679.0,690.0,708.0,755.0,759.0,764.0,777.0,785.0,798.0,818.0,844.0,868.0,885.0,901.0,917.0,956.0,978.0,986.0,
32.0,39.0,45.0,55.0,81.0,89.0,103.0,104.0,110.0,114.0,117.0,152.0,159.0,168.0,188.0,207.0,209.0,210.0,277.0,282.0,315.0,352.0,394.0,428.0,431.0,476.0,494.0,513.0,525.0,551.0,559.0,578.0,628.0,696.0,698.0,704.0,736.0,757.0,838.0,839.0,846.0,921.0,927.0,930.0,931.0,935.0,944.0,950.0,975.0,981.0,999.0,
67.0,72.0,83.0,101.0,119.0,122.0,134.0,137.0,157.0,175.0,215.0,238.0,249.0,251.0,264.0,269.0,323.0,324.0,351.0,400.0,412.0,485.0,487.0,493.0,495.0,517.0,541.0,608.0,629.0,633.0,669.0,698.0,716.0,722.0,724.0,726.0,735.0,758.0,800.0,817.0,834.0,835.0,859.0,861.0,885.0,886.0,892.0,911.0,917.0,930.0,945.0,969.0,973.0,973.0,
63.0,167.0,181.0,200.0,225.0,226.0,261.0,269.0,301.0,312.0,314.0,362.0,367.0,387.0,481.0,487.0,505.0,533.0,566.0,606.0,636.0,673.0,693.0,695.0,714.0,780.0,814.0,864.0,898.0,914.0,978.0,984.0,
6.0,15.0,38.0,109.0,112.0,143.0,145.0,189.0,191.0,192.0,195.0,222.0,243.0,268.0,276.0,299.0,350.0,364.0,432.0,512.0,556.0,619.0,668.0,685.0,720.0,746.0,835.0,849.0,878.0,893.0,903.0,918.0,937.0,980.0,991.0,
26.0,52.0,97.0,97.0,118.0,193.0,266.0,276.0,295.0,313.0,414.0,462.0,463.0,473.0,532.0,546.0,547.0,581.0,584.0,632.0,652.0,685.0,754.0,761.0,773.0,792.0,838.0,840.0,906.0,916.0,916.0,925.0,940.0,949.0,992.0,
27.0,47.0,119.0,122.0,152.0,173.0,229.0,232.0,250.0,292.0,318.0,326.0,327.0,347.0,361.0,368.0,382.0,445.0,469.0,530.0,595.0,614.0,620.0,686.0,688.0,707.0,708.0,747.0,754.0,788.0,790.0,851.0,860.0,955.0,967.0,972.0,
9.0,36.0,39.0,51.0,133.0,139.0,149.0,180.0,187.0,273.0,275.0,284.0,347.0,370.0,376.0,383.0,391.0,414.0,499.0,518.0,519.0,521.0,528.0,533.0,565.0,572.0,582.0,597.0,611.0,631.0,687.0,778.0,801.0,815.0,816.0,940.0,
40.0,45.0,59.0,60.0,81.0,122.0,179.0,189.0,200.0,211.0,224.0,273.0,285.0,345.0,370.0,475.0,487.0,508.0,561.0,580.0,619.0,630.0,679.0,693.0,705.0,757.0,899.0,912.0,935.0,962.0,987.0,
45.0,114.0,151.0,196.0,199.0,205.0,208.0,221.0,243.0,250.0,260.0,274.0,296.0,368.0,373.0,375.0,401.0,409.0,428.0,497.0,536.0,536.0,543.0,549.0,591.0,612.0,648.0,666.0,696.0,800.0,888.0,909.0,910.0,918.0,932.0,981.0,991.0,
8.0,9.0,29.0,56.0,81.0,146.0,149.0,208.0,250.0,257.0,283.0,294.0,336.0,353.0,369.0,377.0,412.0,412.0,418.0,452.0,493.0,494.0,520.0,620.0,661.0,674.0,691.0,713.0,719.0,723.0,764.0,772.0,813.0,818.0,818.0,854.0,859.0,929.0,933.0,956.0,959.0,995.0,
4.0,14.0,40.0,64.0,114.0,168.0,185.0,303.0,319.0,355.0,381.0,403.0,435.0,440.0,465.0,494.0,530.0,578.0,627.0,634.0,646.0,651.0,679.0,710.0,732.0,789.0,796.0,865.0,899.0,926.0,934.0,990.0,
39.0,63.0,75.0,126.0,134.0,173.0,182.0,199.0,202.0,230.0,245.0,253.0,292.0,303.0,315.0,326.0,375.0,385.0,392.0,466.0,474.0,475.0,525.0,540.0,552.0,559.0,611.0,619.0,647.0,680.0,695.0,719.0,767.0,801.0,809.0,816.0,834.0,842.0,887.0,922.0,929.0,931.0,962.0,983.0,
56.0,93.0,121.0,139.0,148.0,166.0,207.0,219.0,240.0,248.0,249.0,253.0,263.0,300.0,316.0,344.0,387.0,397.0,435.0,460.0,496.0,498.0,540.0,565.0,586.0,630.0,630.0,641.0,694.0,732.0,734.0,769.0,809.0,813.0,839.0,860.0,869.0,892.0,978.0,985.0,999.0,
53.0,68.0,95.0,111.0,143.0,231.0,259.0,334.0,345.0,351.0,359.0,396.0,430.0,453.0,467.0,562.0,567.0,576.0,603.0,615.0,656.0,683.0,687.0,717.0,748.0,766.0,771.0,823.0,895.0,904.0,928.0,942.0,945.0,979.0,1000.0,
9.0,105.0,201.0,214.0,218.0,321.0,337.0,337.0,382.0,411.0,455.0,530.0,530.0,547.0,549.0,608.0,616.0,623.0,633.0,634.0,657.0,706.0,774.0,840.0,846.0,871.0,887.0,893.0,894.0,965.0,985.0,
23.0,64.0,91.0,187.0,249.0,253.0,280.0,282.0,304.0,311.0,330.0,337.0,365.0,408.0,413.0,451.0,515.0,519.0,555.0,568.0,576.0,585.0,604.0,660.0,671.0,681.0,759.0,791.0,825.0,886.0,920.0,927.0,940.0,965.0,
23.0,27.0,49.0,54.0,84.0,98.0,105.0,129.0,187.0,188.0,222.0,227.0,235.0,277.0,318.0,319.0,326.0,330.0,375.0,384.0,386.0,421.0,425.0,449.0,458.0,487.0,577.0,619.0,620.0,624.0,625.0,635.0,641.0,660.0,691.0,728.0,750.0,774.0,778.0,786.0,791.0,796.0,814.0,826.0,831.0,842.0,848.0,868.0,883.0,915.0,919.0,930.0,949.0,970.0,975.0,
121.0,145.0,270.0,372.0,373.0,412.0,434.0,439.0,447.0,456.0,465.0,490.0,526.0,529.0,610.0,652.0,657.0,681.0,687.0,688.0,696.0,716.0,718.0,726.0,736.0,745.0,762.0,831.0,846.0,856.0,878.0,892.0,917.0,927.0,935.0,944.0,985.0,
10.0,16.0,72.0,120.0,135.0,151.0,183.0,201.0,206.0,226.0,227.0,229.0,232.0,250.0,255.0,282.0,309.0,345.0,354.0,359.0,392.0,399.0,441.0,444.0,462.0,489.0,495.0,535.0,540.0,550.0,562.0,585.0,622.0,623.0,694.0,730.0,733.0,758.0,760.0,779.0,814.0,819.0,854.0,862.0,903.0,936.0,989.0,
5.0,37.0,38.0,43.0,71.0,109.0,123.0,166.0,215.0,221.0,268.0,295.0,304.0,317.0,332.0,354.0,361.0,371.0,386.0,441.0,444.0,446.0,460.0,468.0,469.0,486.0,492.0,636.0,644.0,646.0,752.0,818.0,818.0,873.0,883.0,922.0,925.0,1000.0,
6.0,17.0,66.0,69.0,90.0,127.0,127.0,178.0,223.0,289.0,316.0,367.0,431.0,472.0,508.0,541.0,612.0,678.0,705.0,720.0,734.0,766.0,788.0,810.0,837.0,854.0,945.0,981.0,
7.0,21.0,51.0,111.0,145.0,171.0,174.0,232.0,248.0,255.0,258.0,303.0,333.0,335.0,401.0,418.0,454.0,460.0,461.0,463.0,521.0,526.0,533.0,538.0,541.0,563.0,586.0,643.0,644.0,719.0,748.0,768.0,772.0,780.0,908.0,923.0,937.0,955.0,
45.0,53.0,87.0,95.0,116.0,134.0,160.0,256.0,295.0,341.0,344.0,365.0,374.0,391.0,407.0,458.0,481.0,500.0,528.0,544.0,586.0,626.0,637.0,706.0,750.0,785.0,941.0,946.0,946.0,964.0,978.0,
15.0,18.0,35.0,39.0,71.0,125.0,142.0,157.0,164.0,165.0,165.0,169.0,278.0,291.0,292.0,309.0,318.0,353.0,368.0,385.0,406.0,442.0,499.0,507.0,529.0,531.0,545.0,566.0,570.0,632.0,636.0,638.0,673.0,719.0,737.0,763.0,765.0,766.0,807.0,825.0,851.0,855.0,897.0,899.0,925.0,
17.0,20.0,38.0,40.0,46.0,56.0,119.0,169.0,178.0,181.0,194.0,209.0,227.0,274.0,285.0,301.0,315.0,319.0,324.0,383.0,387.0,457.0,460.0,472.0,478.0,505.0,541.0,556.0,591.0,600.0,602.0,609.0,680.0,684.0,686.0,687.0,729.0,732.0,772.0,802.0,814.0,820.0,823.0,825.0,832.0,845.0,891.0,929.0,952.0,957.0,966.0,999.0,1000.0,
5.0,18.0,45.0,77.0,115.0,125.0,136.0,264.0,266.0,313.0,328.0,352.0,360.0,389.0,395.0,400.0,421.0,455.0,479.0,489.0,519.0,706.0,717.0,735.0,738.0,748.0,814.0,849.0,874.0,923.0,972.0,972.0,982.0,987.0,
137.0,204.0,233.0,239.0,300.0,302.0,309.0,399.0,401.0,406.0,438.0,496.0,828.0,879.0,927.0,945.0,952.0,
66.0,79.0,116.0,191.0,200.0,208.0,266.0,299.0,299.0,398.0,429.0,453.0,509.0,694.0,761.0,797.0,807.0,848.0,853.0,861.0,904.0,912.0,930.0,
10.0,34.0,128.0,130.0,142.0,162.0,177.0,210.0,211.0,229.0,273.0,297.0,372.0,391.0,405.0,426.0,469.0,479.0,502.0,551.0,568.0,595.0,639.0,643.0,651.0,668.0,724.0,739.0,763.0,784.0,813.0,826.0,846.0,849.0,853.0,866.0,899.0,899.0,907.0,911.0,911.0,923.0,927.0,944.0,945.0,952.0,973.0,976.0,978.0,
30.0,65.0,91.0,120.0,154.0,163.0,169.0,177.0,189.0,193.0,237.0,284.0,318.0,351.0,352.0,356.0,363.0,376.0,401.0,425.0,427.0,431.0,468.0,507.0,519.0,521.0,521.0,523.0,523.0,549.0,563.0,584.0,589.0,611.0,617.0,619.0,635.0,635.0,654.0,656.0,660.0,665.0,667.0,678.0,715.0,817.0,823.0,832.0,832.0,956.0,973.0,973.0,
30.0,61.0,74.0,82.0,103.0,111.0,127.0,132.0,135.0,194.0,206.0,292.0,323.0,374.0,410.0,419.0,455.0,459.0,502.0,526.0,567.0,591.0,620.0,625.0,630.0,630.0,726.0,729.0,734.0,774.0,778.0,798.0,807.0,834.0,867.0,873.0,879.0,900.0,971.0,981.0,
26.0,34.0,38.0,52.0,70.0,77.0,128.0,152.0,155.0,156.0,161.0,170.0,180.0,239.0,248.0,289.0,308.0,319.0,341.0,362.0,417.0,431.0,463.0,503.0,506.0,531.0,570.0,575.0,594.0,655.0,655.0,692.0,754.0,760.0,815.0,853.0,864.0,928.0,943.0,976.0,982.0,997.0,
12.0,13.0,81.0,87.0,115.0,154.0,223.0,263.0,270.0,345.0,425.0,521.0,521.0,524.0,543.0,564.0,572.0,588.0,604.0,609.0,636.0,703.0,745.0,752.0,760.0,774.0,783.0,810.0,936.0,
29.0,43.0,45.0,89.0,113.0,130.0,151.0,157.0,172.0,307.0,315.0,406.0,460.0,471.0,506.0,555.0,575.0,612.0,661.0,667.0,745.0,748.0,750.0,758.0,821.0,858.0,861.0,918.0,926.0,937.0,994.0,
18.0,24.0,96.0,100.0,138.0,158.0,176.0,195.0,210.0,228.0,243.0,273.0,286.0,309.0,357.0,359.0,408.0,448.0,450.0,485.0,488.0,507.0,679.0,786.0,796.0,808.0,811.0,876.0,887.0,888.0,937.0,974.0,
9.0,15.0,27.0,28.0,52.0,71.0,73.0,82.0,89.0,125.0,187.0,205.0,237.0,292.0,304.0,306.0,329.0,356.0,390.0,400.0,428.0,435.0,454.0,461.0,489.0,
31.0,58.0,141.0,172.0,180.0,191.0,203.0,235.0,252.0,274.0,287.0,310.0,477.0,479.0,
69.0,164.0,173.0,174.0,208.0,222.0,330.0,347.0,417.0,436.0,444.0,467.0,
6.0,20.0,66.0,127.0,192.0,280.0,282.0,322.0,367.0,368.0,417.0,460.0,585.0,603.0,610.0,668.0,671.0,677.0,702.0,722.0,724.0,836.0,859.0,862.0,873.0,874.0,902.0,919.0,
18.0,24.0,37.0,39.0,66.0,115.0,167.0,184.0,204.0,220.0,272.0,283.0,341.0,386.0,469.0,537.0,600.0,617.0,684.0,706.0,707.0,712.0,716.0,740.0,747.0,747.0,752.0,759.0,832.0,841.0,856.0,881.0,897.0,898.0,949.0,981.0,988.0,
24.0,63.0,71.0,99.0,101.0,131.0,149.0,222.0,247.0,263.0,313.0,315.0,331.0,349.0,374.0,460.0,499.0,574.0,580.0,626.0,627.0,631.0,661.0,721.0,725.0,735.0,745.0,850.0,870.0,893.0,897.0,935.0,
39.0,42.0,49.0,104.0,113.0,120.0,130.0,137.0,156.0,181.0,212.0,217.0,340.0,367.0,381.0,429.0,436.0,451.0,561.0,600.0,612.0,629.0,719.0,735.0,754.0,769.0,783.0,827.0,869.0,875.0,893.0,930.0,931.0,956.0,966.0,967.0,984.0,
7.0,90.0,153.0,158.0,162.0,176.0,205.0,223.0,243.0,244.0,256.0,262.0,281.0,291.0,323.0,345.0,346.0,389.0,392.0,475.0,480.0,553.0,586.0,600.0,622.0,647.0,651.0,741.0,752.0,804.0,846.0,858.0,914.0,928.0,929.0,936.0,937.0,940.0,991.0,
29.0,53.0,55.0,127.0,145.0,148.0,216.0,248.0,259.0,269.0,272.0,306.0,308.0,318.0,402.0,405.0,426.0,444.0,503.0,512.0,516.0,535.0,535.0,544.0,598.0,637.0,714.0,714.0,745.0,782.0,810.0,814.0,863.0,888.0,895.0,910.0,927.0,939.0,958.0,975.0,982.0,989.0,1000.0,
25.0,34.0,68.0,71.0,159.0,160.0,171.0,199.0,201.0,205.0,242.0,254.0,284.0,325.0,402.0,444.0,469.0,474.0,485.0,713.0,742.0,771.0,803.0,958.0,
12.0,19.0,24.0,31.0,33.0,42.0,57.0,99.0,184.0,217.0,233.0,259.0,259.0,261.0,302.0,309.0,329.0,374.0,374.0,404.0,438.0,440.0,472.0,493.0,
58.0,105.0,118.0,240.0,324.0,386.0,442.0,473.0,815.0,
33.0,68.0,88.0,197.0,232.0,240.0,259.0,267.0,284.0,303.0,308.0,343.0,447.0,502.0,
10.0,16.0,24.0,26.0,34.0,55.0,71.0,103.0,135.0,195.0,206.0,219.0,236.0,256.0,266.0,335.0,348.0,371.0,381.0,382.0,383.0,451.0,478.0,508.0,689.0,710.0,801.0,936.0,938.0,939.0,962.0,999.0,
19.0,49.0,72.0,76.0,81.0,118.0,126.0,139.0,152.0,154.0,172.0,181.0,214.0,265.0,278.0,308.0,348.0,376.0,386.0,394.0,429.0,431.0,436.0,454.0,495.0,547.0,570.0,572.0,572.0,579.0,591.0,591.0,620.0,628.0,630.0,634.0,722.0,740.0,763.0,765.0,781.0,800.0,829.0,858.0,877.0,903.0,928.0,933.0,947.0,991.0,994.0,996.0,
34.0,39.0,61.0,67.0,95.0,156.0,181.0,195.0,218.0,248.0,268.0,299.0,326.0,362.0,395.0,429.0,442.0,478.0,515.0,518.0,544.0,603.0,629.0,638.0,665.0,680.0,714.0,717.0,769.0,818.0,860.0,898.0,900.0,979.0,
33.0,53.0,93.0,115.0,172.0,186.0,214.0,248.0,251.0,339.0,350.0,366.0,382.0,419.0,440.0,460.0,462.0,467.0,553.0,593.0,620.0,623.0,640.0,654.0,711.0,795.0,825.0,849.0,874.0,892.0,899.0,913.0,913.0,926.0,957.0,965.0,
110.0,117.0,120.0,166.0,217.0,231.0,232.0,248.0,248.0,280.0,297.0,299.0,313.0,323.0,384.0,396.0,425.0,433.0,504.0,528.0,593.0,650.0,671.0,775.0,778.0,832.0,854.0,885.0,888.0,894.0,914.0,
34.0,44.0,46.0,102.0,117.0,138.0,157.0,194.0,215.0,232.0,250.0,267.0,318.0,352.0,358.0,360.0,373.0,439.0,459.0,479.0,496.0,501.0,539.0,638.0,651.0,695.0,700.0,740.0,807.0,810.0,816.0,847.0,864.0,884.0,929.0,942.0,
8.0,26.0,63.0,90.0,105.0,116.0,128.0,184.0,257.0,263.0,281.0,291.0,296.0,364.0,372.0,375.0,381.0,395.0,410.0,432.0,456.0,492.0,647.0,683.0,694.0,761.0,784.0,792.0,826.0,875.0,878.0,901.0,903.0,906.0,910.0,924.0,956.0,997.0,
2.0,15.0,25.0,35.0,39.0,46.0,102.0,106.0,115.0,118.0,124.0,130.0,139.0,225.0,234.0,239.0,263.0,282.0,297.0,324.0,324.0,346.0,356.0,405.0,408.0,441.0,480.0,492.0,
5.0,25.0,41.0,76.0,102.0,154.0,159.0,217.0,236.0,275.0,303.0,327.0,416.0,426.0,
13.0,26.0,43.0,48.0,113.0,131.0,142.0,144.0,197.0,205.0,208.0,239.0,258.0,284.0,290.0,325.0,326.0,349.0,377.0,386.0,389.0,390.0,424.0,429.0,463.0,468.0,471.0,481.0,
19.0,54.0,57.0,91.0,137.0,147.0,212.0,216.0,263.0,301.0,321.0,340.0,362.0,363.0,394.0,456.0,467.0,480.0,496.0,572.0,587.0,591.0,627.0,663.0,669.0,739.0,746.0,772.0,787.0,798.0,813.0,848.0,869.0,912.0,927.0,937.0,984.0,989.0,
6.0,20.0,93.0,126.0,140.0,146.0,258.0,279.0,296.0,310.0,389.0,399.0,412.0,424.0,460.0,473.0,484.0,570.0,571.0,577.0,585.0,601.0,606.0,611.0,651.0,652.0,689.0,691.0,728.0,744.0,810.0,814.0,839.0,842.0,936.0,960.0,971.0,
10.0,15.0,31.0,69.0,81.0,106.0,169.0,270.0,305.0,341.0,365.0,426.0,432.0,459.0,494.0,523.0,614.0,654.0,701.0,718.0,741.0,758.0,779.0,798.0,874.0,893.0,915.0,922.0,924.0,929.0,959.0,
75.0,81.0,85.0,90.0,102.0,104.0,141.0,154.0,155.0,177.0,183.0,184.0,189.0,219.0,247.0,248.0,277.0,283.0,305.0,305.0,312.0,374.0,438.0,438.0,441.0,461.0,492.0,496.0,544.0,557.0,570.0,574.0,576.0,623.0,657.0,682.0,695.0,711.0,813.0,833.0,861.0,910.0,951.0,956.0,999.0,
109.0,121.0,201.0,243.0,311.0,366.0,379.0,393.0,429.0,465.0,472.0,475.0,493.0,506.0,533.0,628.0,637.0,640.0,641.0,660.0,680.0,703.0,771.0,784.0,785.0,839.0,847.0,915.0,918.0,923.0,958.0,983.0,992.0,
21.0,23.0,160.0,172.0,189.0,235.0,251.0,266.0,296.0,351.0,371.0,402.0,406.0,425.0,446.0,453.0,474.0,488.0,518.0,528.0,638.0,656.0,659.0,688.0,719.0,733.0,751.0,842.0,845.0,908.0,938.0,956.0,987.0,998.0,
12.0,16.0,20.0,65.0,71.0,99.0,112.0,137.0,211.0,232.0,235.0,267.0,272.0,298.0,304.0,407.0,411.0,428.0,495.0,523.0,548.0,577.0,609.0,612.0,613.0,702.0,724.0,825.0,853.0,889.0,897.0,943.0,954.0,979.0,991.0,992.0,
21.0,117.0,161.0,174.0,255.0,331.0,397.0,402.0,427.0,428.0,431.0,475.0,476.0,496.0,510.0,510.0,634.0,665.0,667.0,694.0,769.0,790.0,859.0,947.0,
46.0,85.0,121.0,137.0,176.0,186.0,193.0,223.0,230.0,231.0,245.0,262.0,278.0,288.0,320.0,347.0,352.0,353.0,372.0,382.0,467.0,494.0,497.0,741.0,763.0,772.0,817.0,889.0,906.0,990.0,
35.0,51.0,92.0,116.0,116.0,132.0,167.0,202.0,238.0,248.0,253.0,344.0,347.0,360.0,378.0,484.0,605.0,696.0,717.0,785.0,822.0,822.0,832.0,838.0,898.0,900.0,907.0,926.0,958.0,
70.0,84.0,92.0,120.0,122.0,189.0,214.0,216.0,240.0,317.0,332.0,335.0,335.0,343.0,373.0,387.0,390.0,390.0,409.0,430.0,431.0,446.0,449.0,466.0,474.0,482.0,487.0,500.0,524.0,542.0,550.0,585.0,658.0,660.0,682.0,687.0,725.0,735.0,751.0,786.0,787.0,788.0,792.0,827.0,834.0,837.0,848.0,863.0,879.0,881.0,897.0,920.0,957.0,969.0,
7.0,10.0,39.0,41.0,69.0,158.0,180.0,186.0,191.0,204.0,248.0,303.0,397.0,402.0,430.0,500.0,540.0,559.0,559.0,561.0,665.0,673.0,688.0,749.0,782.0,829.0,882.0,940.0,965.0,
18.0,37.0,47.0,124.0,165.0,196.0,217.0,249.0,277.0,298.0,326.0,361.0,368.0,382.0,394.0,435.0,493.0,514.0,555.0,561.0,621.0,623.0,626.0,630.0,661.0,667.0,673.0,743.0,796.0,831.0,847.0,904.0,
35.0,71.0,83.0,186.0,227.0,239.0,253.0,265.0,295.0,337.0,413.0,486.0,632.0,684.0,701.0,726.0,741.0,743.0,755.0,766.0,784.0,869.0,870.0,909.0,950.0,982.0,991.0,991.0,
14.0,58.0,124.0,152.0,153.0,191.0,214.0,287.0,309.0,362.0,364.0,416.0,432.0,467.0,473.0,480.0,484.0,486.0,530.0,582.0,589.0,664.0,669.0,694.0,714.0,787.0,789.0,850.0,871.0,890.0,893.0,927.0,928.0,963.0,989.0,
14.0,27.0,52.0,78.0,81.0,192.0,364.0,403.0,419.0,427.0,445.0,454.0,468.0,576.0,597.0,602.0,643.0,646.0,655.0,685.0,694.0,714.0,768.0,778.0,795.0,824.0,860.0,875.0,888.0,956.0,991.0,995.0,998.0,
48.0,62.0,83.0,148.0,155.0,258.0,260.0,300.0,315.0,317.0,319.0,336.0,409.0,435.0,469.0,477.0,500.0,513.0,543.0,551.0,610.0,631.0,647.0,686.0,754.0,757.0,757.0,804.0,804.0,820.0,872.0,912.0,927.0,934.0,937.0,956.0,972.0,983.0,990.0,
20.0,70.0,93.0,122.0,145.0,146.0,169.0,169.0,169.0,176.0,223.0,224.0,231.0,301.0,336.0,406.0,442.0,447.0,532.0,555.0,631.0,632.0,651.0,654.0,712.0,744.0,752.0,818.0,848.0,866.0,868.0,878.0,880.0,884.0,900.0,910.0,953.0,957.0,978.0,
27.0,32.0,61.0,123.0,200.0,201.0,208.0,222.0,291.0,327.0,357.0,397.0,403.0,420.0,438.0,467.0,468.0,474.0,495.0,514.0,536.0,548.0,571.0,581.0,586.0,599.0,609.0,611.0,696.0,751.0,796.0,811.0,821.0,826.0,831.0,841.0,878.0,900.0,907.0,
3.0,46.0,60.0,65.0,94.0,223.0,242.0,250.0,256.0,298.0,361.0,371.0,443.0,457.0,468.0,499.0,503.0,525.0,547.0,560.0,563.0,570.0,596.0,632.0,640.0,653.0,676.0,693.0,695.0,772.0,784.0,799.0,807.0,823.0,909.0,924.0,933.0,955.0,980.0,993.0,
21.0,31.0,37.0,62.0,73.0,82.0,88.0,130.0,145.0,158.0,195.0,249.0,255.0,272.0,331.0,352.0,375.0,388.0,398.0,466.0,511.0,535.0,537.0,552.0,625.0,670.0,690.0,739.0,832.0,848.0,850.0,879.0,899.0,913.0,931.0,934.0,947.0,956.0,957.0,968.0,974.0,996.0,
21.0,38.0,40.0,190.0,194.0,275.0,331.0,334.0,369.0,376.0,473.0,496.0,569.0,577.0,619.0,688.0,691.0,717.0,736.0,751.0,875.0,885.0,893.0,898.0,909.0,923.0,944.0,965.0,972.0,
23.0,63.0,68.0,72.0,79.0,158.0,177.0,189.0,218.0,251.0,267.0,325.0,350.0,382.0,406.0,470.0,474.0,493.0,622.0,624.0,722.0,722.0,724.0,740.0,753.0,757.0,757.0,758.0,771.0,832.0,865.0,913.0,937.0,
10.0,19.0,23.0,28.0,63.0,84.0,95.0,164.0,181.0,197.0,208.0,210.0,270.0,286.0,326.0,353.0,355.0,365.0,369.0,391.0,398.0,497.0,568.0,592.0,628.0,642.0,708.0,725.0,739.0,752.0,765.0,812.0,813.0,816.0,894.0,908.0,921.0,944.0,984.0,
5.0,21.0,47.0,98.0,112.0,114.0,139.0,156.0,206.0,223.0,336.0,383.0,423.0,495.0,507.0,511.0,634.0,678.0,679.0,753.0,794.0,795.0,822.0,840.0,843.0,860.0,883.0,937.0,977.0,985.0,992.0,
4.0,14.0,17.0,30.0,54.0,94.0,108.0,138.0,153.0,171.0,194.0,328.0,365.0,427.0,431.0,446.0,519.0,560.0,606.0,637.0,657.0,694.0,695.0,727.0,775.0,775.0,776.0,785.0,803.0,878.0,880.0,885.0,914.0,938.0,984.0,994.0,
12.0,35.0,50.0,61.0,63.0,78.0,123.0,137.0,140.0,141.0,145.0,183.0,225.0,228.0,279.0,306.0,322.0,368.0,398.0,441.0,564.0,582.0,591.0,612.0,638.0,643.0,659.0,663.0,667.0,687.0,697.0,741.0,742.0,744.0,768.0,836.0,839.0,856.0,873.0,891.0,929.0,958.0,973.0,984.0,990.0,
15.0,28.0,142.0,152.0,212.0,213.0,225.0,239.0,249.0,255.0,256.0,261.0,286.0,295.0,299.0,300.0,398.0,429.0,458.0,480.0,483.0,484.0,534.0,559.0,607.0,611.0,633.0,649.0,672.0,680.0,692.0,726.0,742.0,841.0,850.0,928.0,946.0,962.0,970.0,978.0,981.0,
44.0,63.0,68.0,77.0,88.0,132.0,151.0,158.0,169.0,187.0,230.0,232.0,277.0,321.0,334.0,368.0,369.0,381.0,405.0,414.0,428.0,434.0,441.0,520.0,533.0,564.0,569.0,597.0,630.0,636.0,666.0,691.0,707.0,729.0,761.0,827.0,834.0,845.0,857.0,894.0,899.0,919.0,957.0,975.0,987.0,
55.0,76.0,101.0,111.0,125.0,150.0,218.0,271.0,311.0,332.0,368.0,378.0,403.0,428.0,485.0,506.0,548.0,551.0,571.0,609.0,639.0,649.0,691.0,762.0,822.0,825.0,833.0,853.0,887.0,940.0,980.0,
24.0,51.0,124.0,135.0,140.0,175.0,179.0,198.0,211.0,227.0,277.0,324.0,324.0,337.0,353.0,407.0,411.0,442.0,451.0,524.0,528.0,550.0,559.0,577.0,657.0,660.0,714.0,716.0,719.0,753.0,789.0,807.0,819.0,933.0,970.0,975.0,975.0,980.0,988.0,997.0,
6.0,43.0,53.0,81.0,117.0,154.0,211.0,252.0,321.0,344.0,407.0,428.0,445.0,467.0,473.0,481.0,503.0,503.0,508.0,522.0,576.0,643.0,648.0,658.0,681.0,685.0,688.0,695.0,703.0,707.0,731.0,780.0,786.0,791.0,862.0,896.0,902.0,905.0,946.0,957.0,985.0,987.0,1000.0,
38.0,79.0,158.0,184.0,220.0,242.0,247.0,265.0,307.0,319.0,344.0,399.0,433.0,454.0,513.0,542.0,582.0,647.0,676.0,677.0,687.0,687.0,701.0,744.0,773.0,796.0,810.0,820.0,829.0,830.0,917.0,978.0,
