29.0,106.0,114.0,157.0,169.0,198.0,276.0,381.0,387.0,402.0,411.0,412.0,431.0,593.0,598.0,602.0,603.0,630.0,659.0,665.0,668.0,687.0,802.0,815.0,821.0,920.0,962.0,990.0,
2.0,38.0,58.0,78.0,117.0,133.0,157.0,195.0,197.0,281.0,304.0,349.0,362.0,373.0,379.0,417.0,475.0,504.0,528.0,547.0,553.0,616.0,716.0,764.0,810.0,813.0,837.0,842.0,898.0,935.0,967.0,
16.0,90.0,196.0,212.0,229.0,272.0,291.0,312.0,356.0,410.0,423.0,440.0,450.0,465.0,549.0,616.0,642.0,671.0,760.0,779.0,792.0,823.0,847.0,958.0,981.0,
24.0,49.0,55.0,105.0,128.0,132.0,134.0,191.0,244.0,291.0,299.0,357.0,455.0,457.0,458.0,504.0,512.0,548.0,564.0,602.0,647.0,674.0,681.0,718.0,737.0,772.0,823.0,851.0,872.0,881.0,909.0,938.0,944.0,
13.0,16.0,65.0,67.0,85.0,143.0,144.0,192.0,201.0,235.0,261.0,263.0,280.0,361.0,368.0,411.0,443.0,463.0,471.0,564.0,623.0,644.0,688.0,688.0,694.0,716.0,732.0,743.0,792.0,845.0,851.0,867.0,900.0,921.0,931.0,948.0,958.0,
54.0,121.0,137.0,166.0,176.0,201.0,212.0,218.0,219.0,231.0,234.0,249.0,264.0,301.0,324.0,335.0,366.0,447.0,450.0,467.0,502.0,524.0,557.0,614.0,627.0,639.0,679.0,744.0,896.0,907.0,914.0,939.0,942.0,956.0,
144.0,154.0,158.0,160.0,176.0,214.0,223.0,297.0,312.0,356.0,378.0,389.0,396.0,411.0,426.0,431.0,461.0,556.0,670.0,689.0,694.0,744.0,746.0,760.0,794.0,808.0,828.0,829.0,850.0,881.0,944.0,969.0,
6.0,8.0,9.0,34.0,107.0,123.0,126.0,126.0,162.0,169.0,170.0,173.0,193.0,236.0,240.0,291.0,308.0,310.0,317.0,324.0,325.0,333.0,334.0,393.0,400.0,410.0,481.0,489.0,518.0,525.0,535.0,551.0,640.0,655.0,679.0,694.0,738.0,832.0,837.0,849.0,853.0,893.0,906.0,906.0,934.0,936.0,951.0,960.0,
22.0,48.0,65.0,88.0,92.0,114.0,121.0,164.0,176.0,183.0,251.0,272.0,313.0,367.0,398.0,455.0,473.0,582.0,629.0,647.0,698.0,707.0,712.0,759.0,796.0,804.0,808.0,813.0,827.0,830.0,946.0,956.0,971.0,
9.0,29.0,36.0,43.0,75.0,75.0,181.0,207.0,281.0,291.0,320.0,327.0,337.0,375.0,408.0,501.0,523.0,525.0,533.0,606.0,608.0,617.0,679.0,684.0,699.0,721.0,722.0,816.0,828.0,832.0,915.0,949.0,
19.0,35.0,42.0,44.0,46.0,56.0,80.0,84.0,155.0,168.0,171.0,177.0,205.0,206.0,210.0,261.0,283.0,315.0,351.0,443.0,471.0,474.0,499.0,505.0,508.0,523.0,554.0,576.0,612.0,647.0,683.0,697.0,697.0,700.0,733.0,760.0,772.0,778.0,792.0,809.0,817.0,833.0,920.0,946.0,968.0,975.0,
3.0,27.0,214.0,215.0,218.0,220.0,237.0,259.0,275.0,307.0,355.0,440.0,472.0,611.0,629.0,635.0,641.0,755.0,777.0,790.0,842.0,870.0,882.0,887.0,887.0,902.0,921.0,932.0,955.0,965.0,982.0,987.0,
13.0,37.0,41.0,66.0,72.0,109.0,133.0,151.0,215.0,219.0,245.0,255.0,271.0,335.0,379.0,443.0,519.0,535.0,541.0,553.0,600.0,631.0,669.0,671.0,724.0,727.0,836.0,879.0,886.0,909.0,947.0,956.0,967.0,
11.0,103.0,107.0,122.0,172.0,200.0,281.0,291.0,301.0,303.0,307.0,311.0,315.0,387.0,402.0,441.0,471.0,577.0,583.0,630.0,638.0,677.0,701.0,708.0,714.0,758.0,765.0,829.0,896.0,962.0,986.0,1000.0,
45.0,126.0,127.0,169.0,185.0,197.0,276.0,352.0,411.0,424.0,441.0,446.0,465.0,481.0,508.0,510.0,528.0,557.0,564.0,575.0,581.0,625.0,644.0,737.0,788.0,820.0,823.0,901.0,912.0,934.0,941.0,966.0,981.0,
2.0,4.0,28.0,35.0,41.0,103.0,123.0,130.0,159.0,198.0,247.0,253.0,265.0,281.0,289.0,333.0,358.0,378.0,457.0,457.0,518.0,522.0,523.0,536.0,547.0,572.0,617.0,650.0,656.0,688.0,746.0,764.0,764.0,765.0,857.0,863.0,922.0,950.0,970.0,975.0,982.0,
22.0,48.0,48.0,70.0,129.0,152.0,173.0,215.0,217.0,248.0,284.0,296.0,342.0,353.0,369.0,409.0,415.0,451.0,487.0,500.0,525.0,545.0,552.0,570.0,582.0,584.0,590.0,620.0,631.0,644.0,654.0,655.0,665.0,678.0,718.0,756.0,769.0,816.0,830.0,835.0,847.0,858.0,863.0,889.0,956.0,968.0,
128.0,162.0,237.0,242.0,252.0,301.0,308.0,309.0,324.0,329.0,332.0,390.0,401.0,471.0,522.0,586.0,590.0,649.0,650.0,694.0,704.0,777.0,796.0,853.0,873.0,969.0,976.0,
14.0,23.0,36.0,36.0,38.0,45.0,45.0,57.0,76.0,80.0,97.0,102.0,103.0,150.0,153.0,274.0,322.0,327.0,329.0,329.0,359.0,394.0,454.0,464.0,480.0,498.0,550.0,567.0,583.0,622.0,624.0,630.0,633.0,669.0,715.0,742.0,746.0,772.0,788.0,876.0,923.0,928.0,953.0,972.0,979.0,
74.0,106.0,131.0,151.0,157.0,175.0,197.0,226.0,237.0,303.0,320.0,331.0,346.0,361.0,410.0,431.0,450.0,527.0,542.0,689.0,707.0,737.0,749.0,792.0,809.0,809.0,833.0,845.0,867.0,891.0,900.0,930.0,939.0,995.0,
16.0,26.0,38.0,39.0,62.0,71.0,108.0,148.0,149.0,167.0,181.0,219.0,237.0,246.0,293.0,296.0,304.0,318.0,318.0,322.0,323.0,422.0,521.0,527.0,568.0,576.0,608.0,617.0,618.0,684.0,698.0,736.0,743.0,761.0,803.0,866.0,930.0,935.0,953.0,976.0,983.0,992.0,
15.0,36.0,78.0,103.0,116.0,142.0,204.0,217.0,237.0,247.0,271.0,290.0,296.0,334.0,348.0,368.0,417.0,456.0,487.0,577.0,580.0,582.0,594.0,620.0,661.0,751.0,849.0,864.0,876.0,880.0,897.0,
14.0,41.0,44.0,47.0,71.0,77.0,81.0,100.0,101.0,130.0,148.0,169.0,219.0,246.0,277.0,281.0,304.0,312.0,319.0,339.0,346.0,359.0,408.0,444.0,474.0,532.0,554.0,603.0,710.0,743.0,744.0,761.0,766.0,829.0,837.0,871.0,895.0,901.0,915.0,991.0,
25.0,39.0,64.0,72.0,150.0,157.0,179.0,235.0,247.0,261.0,265.0,293.0,379.0,417.0,418.0,455.0,482.0,505.0,526.0,528.0,548.0,554.0,554.0,565.0,628.0,629.0,639.0,688.0,761.0,811.0,813.0,828.0,889.0,896.0,900.0,907.0,929.0,949.0,989.0,
7.0,53.0,66.0,85.0,159.0,180.0,209.0,248.0,279.0,319.0,347.0,360.0,364.0,419.0,442.0,468.0,487.0,551.0,587.0,597.0,675.0,702.0,744.0,755.0,772.0,798.0,832.0,860.0,861.0,866.0,899.0,903.0,920.0,933.0,973.0,980.0,
13.0,61.0,66.0,92.0,93.0,99.0,171.0,245.0,247.0,256.0,260.0,311.0,336.0,362.0,363.0,409.0,410.0,414.0,498.0,599.0,615.0,643.0,644.0,646.0,772.0,803.0,806.0,816.0,826.0,865.0,871.0,943.0,962.0,
62.0,102.0,106.0,143.0,155.0,158.0,164.0,167.0,176.0,223.0,279.0,289.0,299.0,312.0,338.0,454.0,486.0,499.0,543.0,561.0,574.0,599.0,698.0,702.0,708.0,760.0,790.0,799.0,812.0,828.0,842.0,870.0,896.0,916.0,918.0,923.0,966.0,976.0,983.0,
6.0,29.0,40.0,66.0,66.0,66.0,68.0,118.0,143.0,148.0,159.0,162.0,184.0,187.0,233.0,331.0,386.0,420.0,430.0,461.0,488.0,493.0,613.0,620.0,625.0,665.0,678.0,706.0,719.0,726.0,731.0,761.0,787.0,844.0,858.0,862.0,864.0,875.0,901.0,904.0,909.0,946.0,960.0,
13.0,27.0,27.0,95.0,95.0,108.0,122.0,135.0,148.0,195.0,214.0,283.0,333.0,353.0,375.0,414.0,418.0,421.0,441.0,478.0,514.0,614.0,628.0,631.0,684.0,779.0,795.0,818.0,869.0,874.0,896.0,899.0,905.0,973.0,974.0,
36.0,80.0,82.0,118.0,158.0,164.0,166.0,201.0,243.0,259.0,264.0,297.0,326.0,381.0,384.0,388.0,438.0,474.0,476.0,493.0,498.0,503.0,515.0,518.0,518.0,531.0,580.0,622.0,640.0,655.0,691.0,734.0,799.0,826.0,836.0,870.0,905.0,907.0,931.0,934.0,950.0,
27.0,39.0,75.0,86.0,98.0,148.0,152.0,181.0,195.0,212.0,251.0,322.0,387.0,419.0,430.0,472.0,525.0,526.0,575.0,710.0,762.0,763.0,788.0,806.0,838.0,839.0,931.0,955.0,956.0,972.0,
5.0,34.0,37.0,50.0,54.0,73.0,108.0,116.0,204.0,222.0,300.0,470.0,542.0,570.0,579.0,636.0,650.0,651.0,696.0,701.0,729.0,796.0,867.0,869.0,913.0,928.0,937.0,943.0,945.0,976.0,984.0,
21.0,41.0,71.0,71.0,83.0,141.0,155.0,208.0,227.0,267.0,269.0,397.0,411.0,412.0,428.0,483.0,485.0,489.0,542.0,543.0,568.0,583.0,598.0,652.0,701.0,727.0,727.0,730.0,765.0,801.0,846.0,868.0,894.0,900.0,934.0,973.0,
44.0,48.0,69.0,82.0,120.0,160.0,172.0,212.0,213.0,228.0,247.0,262.0,305.0,314.0,318.0,338.0,368.0,441.0,508.0,516.0,517.0,552.0,583.0,592.0,603.0,609.0,639.0,648.0,665.0,689.0,696.0,721.0,759.0,866.0,897.0,911.0,918.0,922.0,923.0,937.0,966.0,998.0,
50.0,59.0,68.0,102.0,153.0,174.0,182.0,213.0,215.0,215.0,248.0,255.0,262.0,298.0,314.0,317.0,326.0,344.0,366.0,413.0,418.0,425.0,470.0,546.0,571.0,632.0,665.0,667.0,677.0,697.0,777.0,800.0,839.0,863.0,889.0,908.0,943.0,957.0,970.0,992.0,
15.0,21.0,106.0,125.0,151.0,159.0,222.0,226.0,266.0,275.0,279.0,300.0,303.0,321.0,397.0,407.0,408.0,414.0,452.0,483.0,529.0,550.0,560.0,571.0,609.0,647.0,648.0,707.0,733.0,744.0,769.0,806.0,814.0,821.0,826.0,910.0,952.0,983.0,988.0,
22.0,24.0,28.0,32.0,98.0,99.0,233.0,260.0,326.0,372.0,383.0,402.0,415.0,425.0,435.0,536.0,572.0,624.0,679.0,696.0,762.0,773.0,786.0,797.0,865.0,878.0,894.0,912.0,926.0,992.0,
44.0,67.0,100.0,111.0,132.0,181.0,202.0,217.0,226.0,233.0,236.0,263.0,277.0,301.0,312.0,331.0,340.0,381.0,386.0,422.0,457.0,546.0,565.0,608.0,646.0,656.0,661.0,702.0,716.0,729.0,735.0,802.0,805.0,814.0,816.0,869.0,
11.0,36.0,64.0,98.0,99.0,120.0,128.0,152.0,170.0,202.0,236.0,263.0,267.0,291.0,311.0,312.0,322.0,383.0,399.0,405.0,410.0,425.0,443.0,466.0,489.0,524.0,558.0,603.0,606.0,653.0,667.0,673.0,684.0,704.0,744.0,756.0,760.0,914.0,916.0,917.0,926.0,950.0,955.0,956.0,
34.0,34.0,65.0,83.0,126.0,148.0,154.0,171.0,211.0,230.0,237.0,261.0,289.0,379.0,385.0,437.0,437.0,442.0,479.0,556.0,594.0,656.0,702.0,725.0,832.0,836.0,957.0,978.0,
6.0,16.0,40.0,44.0,52.0,54.0,119.0,151.0,192.0,197.0,230.0,249.0,251.0,257.0,266.0,266.0,275.0,280.0,296.0,299.0,320.0,320.0,329.0,352.0,364.0,389.0,397.0,410.0,430.0,433.0,449.0,462.0,471.0,480.0,511.0,566.0,585.0,605.0,627.0,633.0,698.0,791.0,837.0,914.0,915.0,917.0,926.0,927.0,948.0,967.0,981.0,
14.0,23.0,33.0,88.0,144.0,157.0,158.0,182.0,187.0,251.0,329.0,347.0,432.0,518.0,548.0,611.0,619.0,629.0,709.0,709.0,712.0,793.0,835.0,840.0,862.0,862.0,866.0,876.0,909.0,953.0,955.0,990.0,
15.0,38.0,48.0,105.0,109.0,126.0,180.0,197.0,271.0,282.0,328.0,362.0,389.0,396.0,399.0,426.0,447.0,516.0,517.0,547.0,562.0,616.0,643.0,654.0,673.0,734.0,767.0,780.0,784.0,787.0,794.0,796.0,819.0,832.0,833.0,892.0,911.0,935.0,960.0,968.0,969.0,
46.0,106.0,146.0,181.0,183.0,188.0,196.0,198.0,229.0,232.0,252.0,390.0,399.0,406.0,437.0,475.0,700.0,750.0,751.0,839.0,868.0,895.0,930.0,958.0,993.0,996.0,
2.0,16.0,29.0,54.0,102.0,122.0,147.0,150.0,218.0,240.0,241.0,251.0,300.0,308.0,331.0,347.0,360.0,406.0,409.0,521.0,548.0,572.0,583.0,587.0,600.0,601.0,609.0,625.0,634.0,651.0,705.0,710.0,715.0,724.0,768.0,834.0,868.0,871.0,891.0,931.0,948.0,949.0,977.0,
67.0,75.0,77.0,120.0,229.0,240.0,274.0,281.0,331.0,337.0,339.0,350.0,433.0,450.0,481.0,482.0,549.0,576.0,598.0,611.0,647.0,782.0,783.0,786.0,794.0,830.0,854.0,858.0,913.0,920.0,926.0,942.0,956.0,999.0,
3.0,11.0,38.0,83.0,133.0,158.0,160.0,219.0,244.0,290.0,321.0,379.0,413.0,438.0,486.0,508.0,509.0,527.0,583.0,600.0,607.0,608.0,641.0,649.0,822.0,833.0,836.0,853.0,857.0,873.0,903.0,917.0,928.0,967.0,967.0,980.0,
74.0,75.0,85.0,102.0,125.0,158.0,223.0,297.0,308.0,324.0,332.0,406.0,437.0,440.0,443.0,456.0,474.0,504.0,505.0,532.0,585.0,601.0,637.0,640.0,698.0,750.0,779.0,863.0,915.0,927.0,935.0,
23.0,79.0,85.0,105.0,112.0,140.0,149.0,190.0,217.0,252.0,292.0,300.0,301.0,308.0,319.0,329.0,405.0,406.0,434.0,483.0,517.0,551.0,552.0,565.0,640.0,667.0,740.0,744.0,766.0,789.0,827.0,849.0,878.0,914.0,939.0,951.0,991.0,
6.0,82.0,112.0,119.0,143.0,143.0,158.0,162.0,282.0,297.0,297.0,305.0,336.0,358.0,386.0,426.0,432.0,433.0,448.0,536.0,546.0,580.0,615.0,629.0,641.0,665.0,682.0,691.0,726.0,727.0,751.0,775.0,793.0,850.0,877.0,881.0,917.0,924.0,983.0,
6.0,6.0,21.0,112.0,116.0,119.0,138.0,148.0,153.0,236.0,267.0,329.0,346.0,360.0,399.0,403.0,410.0,425.0,429.0,557.0,559.0,581.0,611.0,629.0,630.0,647.0,739.0,763.0,777.0,825.0,826.0,867.0,901.0,902.0,921.0,921.0,952.0,985.0,995.0,
58.0,103.0,109.0,156.0,202.0,239.0,252.0,260.0,284.0,286.0,296.0,303.0,306.0,366.0,382.0,403.0,435.0,481.0,537.0,571.0,590.0,599.0,622.0,639.0,695.0,716.0,838.0,867.0,876.0,916.0,928.0,949.0,996.0,
2.0,94.0,95.0,113.0,147.0,175.0,214.0,272.0,295.0,313.0,337.0,351.0,354.0,427.0,461.0,468.0,480.0,509.0,517.0,532.0,567.0,635.0,677.0,688.0,713.0,723.0,730.0,764.0,848.0,854.0,877.0,921.0,931.0,943.0,
6.0,8.0,56.0,63.0,90.0,152.0,186.0,222.0,247.0,325.0,342.0,352.0,367.0,415.0,432.0,447.0,457.0,488.0,495.0,510.0,521.0,587.0,660.0,699.0,741.0,762.0,804.0,836.0,891.0,940.0,941.0,947.0,959.0,959.0,972.0,
34.0,39.0,89.0,104.0,109.0,127.0,135.0,264.0,270.0,327.0,375.0,457.0,460.0,536.0,610.0,617.0,638.0,681.0,812.0,825.0,845.0,885.0,887.0,923.0,955.0,976.0,
29.0,44.0,59.0,87.0,91.0,118.0,121.0,137.0,145.0,171.0,179.0,186.0,194.0,231.0,231.0,266.0,305.0,329.0,382.0,457.0,471.0,480.0,483.0,487.0,518.0,535.0,571.0,604.0,641.0,677.0,681.0,742.0,755.0,767.0,819.0,850.0,866.0,897.0,906.0,908.0,912.0,920.0,927.0,939.0,960.0,966.0,986.0,991.0,
28.0,36.0,93.0,101.0,186.0,191.0,284.0,328.0,361.0,372.0,436.0,482.0,489.0,547.0,554.0,591.0,710.0,726.0,767.0,794.0,803.0,828.0,853.0,900.0,940.0,959.0,
5.0,15.0,74.0,116.0,132.0,207.0,262.0,286.0,311.0,328.0,344.0,364.0,373.0,409.0,426.0,491.0,509.0,539.0,546.0,579.0,582.0,600.0,689.0,721.0,725.0,766.0,773.0,804.0,825.0,852.0,912.0,924.0,947.0,
12.0,133.0,137.0,288.0,295.0,303.0,333.0,334.0,349.0,374.0,385.0,385.0,394.0,404.0,438.0,483.0,503.0,534.0,551.0,562.0,585.0,587.0,589.0,596.0,602.0,609.0,682.0,709.0,739.0,759.0,765.0,786.0,806.0,849.0,850.0,865.0,877.0,888.0,891.0,926.0,950.0,956.0,966.0,971.0,
5.0,67.0,115.0,127.0,148.0,152.0,225.0,316.0,320.0,342.0,345.0,358.0,369.0,430.0,512.0,553.0,561.0,593.0,620.0,732.0,809.0,832.0,836.0,840.0,862.0,894.0,904.0,917.0,933.0,977.0,986.0,
25.0,40.0,58.0,114.0,143.0,153.0,163.0,239.0,273.0,308.0,385.0,412.0,430.0,453.0,551.0,553.0,598.0,702.0,711.0,720.0,844.0,870.0,905.0,907.0,908.0,958.0,964.0,
34.0,40.0,66.0,114.0,153.0,155.0,187.0,211.0,229.0,231.0,260.0,304.0,313.0,326.0,364.0,394.0,410.0,459.0,465.0,489.0,499.0,599.0,696.0,702.0,709.0,733.0,781.0,823.0,844.0,868.0,894.0,901.0,929.0,972.0,
11.0,20.0,21.0,50.0,83.0,95.0,154.0,200.0,224.0,224.0,238.0,311.0,358.0,410.0,463.0,481.0,485.0,488.0,522.0,619.0,643.0,660.0,671.0,687.0,783.0,785.0,848.0,879.0,889.0,959.0,978.0,980.0,
33.0,72.0,77.0,90.0,95.0,114.0,118.0,135.0,206.0,227.0,230.0,254.0,273.0,321.0,343.0,455.0,461.0,506.0,534.0,543.0,593.0,680.0,722.0,733.0,736.0,749.0,762.0,769.0,772.0,786.0,833.0,842.0,843.0,846.0,858.0,862.0,888.0,946.0,951.0,
121.0,211.0,247.0,268.0,302.0,307.0,348.0,367.0,418.0,446.0,474.0,480.0,536.0,552.0,559.0,571.0,607.0,612.0,634.0,688.0,702.0,717.0,725.0,747.0,806.0,808.0,834.0,887.0,888.0,902.0,941.0,985.0,992.0,
29.0,54.0,70.0,174.0,177.0,190.0,207.0,247.0,250.0,310.0,318.0,412.0,428.0,464.0,488.0,491.0,504.0,629.0,701.0,714.0,715.0,732.0,778.0,781.0,837.0,875.0,878.0,886.0,902.0,903.0,929.0,981.0,
16.0,134.0,179.0,209.0,214.0,227.0,244.0,297.0,317.0,382.0,422.0,451.0,457.0,476.0,506.0,537.0,543.0,550.0,660.0,729.0,756.0,763.0,806.0,807.0,808.0,809.0,831.0,850.0,877.0,916.0,934.0,940.0,966.0,980.0,984.0,994.0,
53.0,56.0,63.0,67.0,138.0,160.0,171.0,178.0,201.0,246.0,274.0,290.0,293.0,316.0,329.0,341.0,377.0,392.0,402.0,426.0,428.0,435.0,449.0,454.0,460.0,505.0,523.0,544.0,561.0,571.0,585.0,585.0,587.0,602.0,619.0,642.0,676.0,697.0,712.0,801.0,808.0,838.0,861.0,875.0,878.0,903.0,929.0,932.0,940.0,
57.0,85.0,108.0,134.0,137.0,137.0,168.0,269.0,273.0,303.0,313.0,342.0,354.0,422.0,443.0,474.0,518.0,519.0,528.0,589.0,624.0,634.0,672.0,804.0,850.0,867.0,871.0,882.0,892.0,901.0,922.0,
6.0,25.0,26.0,28.0,51.0,86.0,125.0,201.0,211.0,226.0,333.0,356.0,401.0,414.0,430.0,442.0,491.0,569.0,584.0,626.0,631.0,674.0,685.0,719.0,732.0,795.0,796.0,800.0,812.0,845.0,901.0,915.0,945.0,955.0,
6.0,6.0,7.0,20.0,24.0,36.0,103.0,188.0,211.0,213.0,226.0,229.0,248.0,267.0,289.0,330.0,340.0,346.0,347.0,370.0,388.0,390.0,401.0,406.0,433.0,471.0,497.0,507.0,517.0,536.0,536.0,558.0,559.0,565.0,575.0,682.0,740.0,770.0,788.0,817.0,824.0,831.0,838.0,839.0,843.0,859.0,865.0,877.0,880.0,904.0,957.0,973.0,
38.0,64.0,84.0,119.0,195.0,197.0,209.0,246.0,253.0,258.0,259.0,279.0,289.0,296.0,313.0,345.0,346.0,352.0,460.0,461.0,511.0,537.0,590.0,606.0,631.0,647.0,661.0,682.0,685.0,708.0,749.0,766.0,804.0,849.0,931.0,986.0,
41.0,56.0,120.0,147.0,156.0,230.0,252.0,253.0,261.0,291.0,299.0,319.0,325.0,354.0,381.0,430.0,532.0,576.0,582.0,603.0,732.0,758.0,763.0,775.0,785.0,792.0,836.0,847.0,911.0,916.0,918.0,921.0,947.0,982.0,992.0,
9.0,22.0,64.0,69.0,72.0,125.0,127.0,151.0,155.0,167.0,172.0,214.0,218.0,282.0,359.0,423.0,460.0,541.0,559.0,607.0,615.0,618.0,659.0,660.0,701.0,706.0,774.0,807.0,814.0,830.0,855.0,859.0,863.0,868.0,896.0,953.0,973.0,
2.0,30.0,40.0,51.0,67.0,129.0,149.0,185.0,326.0,361.0,394.0,444.0,450.0,468.0,516.0,535.0,550.0,561.0,610.0,646.0,664.0,695.0,794.0,879.0,892.0,928.0,986.0,997.0,
6.0,86.0,145.0,152.0,218.0,272.0,274.0,296.0,329.0,344.0,345.0,352.0,371.0,379.0,407.0,424.0,468.0,469.0,480.0,488.0,547.0,571.0,595.0,611.0,626.0,651.0,654.0,655.0,710.0,713.0,736.0,766.0,791.0,826.0,859.0,874.0,932.0,935.0,953.0,982.0,991.0,
9.0,103.0,120.0,130.0,134.0,136.0,208.0,248.0,253.0,263.0,342.0,355.0,406.0,408.0,444.0,450.0,463.0,474.0,541.0,570.0,574.0,616.0,642.0,643.0,650.0,657.0,661.0,670.0,710.0,744.0,783.0,814.0,908.0,
33.0,58.0,232.0,296.0,302.0,325.0,344.0,380.0,403.0,412.0,416.0,418.0,481.0,586.0,648.0,680.0,686.0,695.0,765.0,841.0,846.0,879.0,892.0,895.0,911.0,911.0,924.0,928.0,964.0,978.0,
40.0,61.0,100.0,126.0,164.0,224.0,285.0,306.0,336.0,340.0,350.0,429.0,454.0,463.0,478.0,548.0,602.0,640.0,651.0,668.0,790.0,792.0,804.0,810.0,897.0,918.0,962.0,966.0,970.0,978.0,979.0,999.0,
15.0,65.0,86.0,97.0,106.0,136.0,194.0,247.0,286.0,295.0,303.0,309.0,315.0,461.0,490.0,494.0,530.0,532.0,609.0,631.0,652.0,710.0,724.0,737.0,762.0,830.0,843.0,951.0,974.0,
21.0,45.0,84.0,203.0,218.0,223.0,227.0,236.0,236.0,253.0,267.0,280.0,286.0,297.0,305.0,335.0,356.0,364.0,437.0,484.0,498.0,531.0,540.0,549.0,594.0,605.0,627.0,639.0,653.0,658.0,724.0,724.0,737.0,763.0,770.0,796.0,801.0,898.0,929.0,991.0,
21.0,46.0,92.0,103.0,189.0,283.0,296.0,322.0,337.0,341.0,362.0,368.0,412.0,412.0,446.0,453.0,488.0,511.0,561.0,576.0,647.0,651.0,702.0,726.0,727.0,756.0,782.0,799.0,843.0,864.0,901.0,920.0,963.0,
38.0,102.0,125.0,127.0,184.0,187.0,245.0,281.0,296.0,313.0,337.0,370.0,440.0,459.0,492.0,534.0,554.0,568.0,577.0,590.0,594.0,612.0,655.0,656.0,662.0,683.0,716.0,752.0,783.0,843.0,852.0,857.0,867.0,898.0,953.0,958.0,959.0,991.0,
2.0,74.0,75.0,104.0,127.0,141.0,155.0,177.0,223.0,245.0,284.0,294.0,305.0,326.0,332.0,448.0,468.0,517.0,519.0,527.0,566.0,582.0,589.0,619.0,665.0,719.0,736.0,770.0,803.0,843.0,884.0,922.0,
12.0,21.0,24.0,24.0,65.0,76.0,96.0,143.0,150.0,171.0,189.0,202.0,232.0,238.0,266.0,270.0,301.0,307.0,333.0,358.0,370.0,416.0,428.0,495.0,508.0,572.0,597.0,605.0,644.0,652.0,661.0,671.0,686.0,697.0,700.0,721.0,721.0,766.0,769.0,770.0,778.0,828.0,857.0,869.0,915.0,915.0,915.0,917.0,918.0,936.0,957.0,977.0,987.0,
9.0,36.0,109.0,146.0,171.0,199.0,202.0,217.0,221.0,222.0,236.0,252.0,253.0,272.0,274.0,283.0,318.0,358.0,363.0,372.0,392.0,393.0,406.0,417.0,534.0,622.0,682.0,692.0,710.0,711.0,714.0,719.0,765.0,779.0,780.0,817.0,845.0,846.0,856.0,941.0,967.0,969.0,991.0,993.0,
4.0,59.0,68.0,90.0,101.0,154.0,166.0,234.0,236.0,244.0,258.0,265.0,273.0,310.0,348.0,384.0,410.0,437.0,449.0,485.0,517.0,527.0,558.0,571.0,603.0,651.0,678.0,726.0,822.0,913.0,938.0,958.0,994.0,
8.0,39.0,48.0,50.0,105.0,158.0,178.0,187.0,192.0,212.0,226.0,241.0,246.0,256.0,302.0,311.0,311.0,313.0,323.0,334.0,388.0,434.0,462.0,513.0,550.0,557.0,612.0,625.0,636.0,678.0,705.0,784.0,796.0,831.0,834.0,869.0,891.0,891.0,932.0,
53.0,80.0,110.0,127.0,146.0,168.0,174.0,213.0,218.0,290.0,333.0,349.0,349.0,356.0,363.0,430.0,461.0,488.0,489.0,490.0,509.0,518.0,626.0,646.0,647.0,700.0,715.0,725.0,757.0,777.0,784.0,790.0,799.0,843.0,915.0,928.0,943.0,956.0,969.0,975.0,
12.0,13.0,28.0,28.0,88.0,144.0,225.0,236.0,241.0,256.0,312.0,358.0,389.0,397.0,408.0,424.0,453.0,458.0,488.0,500.0,514.0,530.0,557.0,565.0,666.0,678.0,695.0,714.0,721.0,747.0,793.0,836.0,849.0,858.0,875.0,878.0,892.0,917.0,969.0,
37.0,84.0,132.0,161.0,179.0,196.0,197.0,204.0,216.0,220.0,221.0,225.0,316.0,348.0,405.0,411.0,470.0,479.0,484.0,504.0,506.0,510.0,555.0,581.0,590.0,599.0,608.0,659.0,679.0,684.0,738.0,795.0,822.0,854.0,865.0,882.0,933.0,971.0,
52.0,100.0,123.0,156.0,162.0,166.0,167.0,178.0,309.0,318.0,342.0,354.0,355.0,357.0,362.0,362.0,524.0,573.0,613.0,664.0,791.0,811.0,838.0,870.0,873.0,884.0,888.0,894.0,895.0,900.0,970.0,972.0,
8.0,50.0,82.0,86.0,146.0,208.0,246.0,248.0,253.0,260.0,303.0,310.0,363.0,369.0,379.0,380.0,501.0,594.0,598.0,606.0,623.0,719.0,731.0,739.0,754.0,765.0,820.0,825.0,837.0,853.0,859.0,877.0,894.0,951.0,982.0,
43.0,44.0,76.0,107.0,186.0,315.0,346.0,408.0,424.0,437.0,459.0,461.0,468.0,487.0,515.0,528.0,554.0,562.0,606.0,607.0,669.0,670.0,699.0,738.0,753.0,769.0,808.0,822.0,849.0,852.0,891.0,919.0,940.0,948.0,948.0,957.0,965.0,967.0,981.0,988.0,
24.0,120.0,126.0,129.0,130.0,170.0,176.0,182.0,218.0,237.0,258.0,279.0,302.0,316.0,342.0,359.0,407.0,407.0,439.0,585.0,599.0,636.0,684.0,692.0,697.0,703.0,716.0,731.0,743.0,763.0,779.0,782.0,783.0,806.0,834.0,853.0,869.0,900.0,978.0,
64.0,79.0,157.0,167.0,200.0,200.0,229.0,243.0,247.0,418.0,419.0,423.0,438.0,590.0,599.0,661.0,710.0,724.0,728.0,753.0,784.0,867.0,879.0,977.0,
12.0,14.0,34.0,51.0,70.0,110.0,113.0,131.0,132.0,153.0,165.0,203.0,220.0,235.0,237.0,244.0,265.0,287.0,306.0,321.0,345.0,359.0,376.0,400.0,404.0,452.0,516.0,517.0,538.0,626.0,662.0,671.0,675.0,690.0,708.0,724.0,809.0,838.0,851.0,884.0,892.0,899.0,930.0,984.0,
26.0,47.0,88.0,91.0,91.0,177.0,179.0,185.0,190.0,200.0,201.0,270.0,270.0,308.0,316.0,364.0,365.0,367.0,428.0,472.0,515.0,623.0,678.0,743.0,752.0,768.0,773.0,784.0,800.0,816.0,830.0,830.0,870.0,905.0,944.0,985.0,
51.0,97.0,110.0,219.0,224.0,279.0,301.0,309.0,332.0,369.0,431.0,440.0,500.0,514.0,557.0,589.0,660.0,696.0,699.0,719.0,741.0,782.0,791.0,844.0,861.0,869.0,934.0,950.0,959.0,994.0,1000.0,
67.0,72.0,76.0,147.0,151.0,168.0,176.0,179.0,196.0,205.0,262.0,313.0,340.0,458.0,467.0,473.0,497.0,504.0,522.0,540.0,541.0,577.0,607.0,640.0,663.0,675.0,684.0,746.0,759.0,773.0,796.0,800.0,823.0,896.0,911.0,942.0,959.0,995.0,
