8.0,11.0,34.0,37.0,40.0,47.0,56.0,140.0,179.0,229.0,269.0,272.0,364.0,378.0,444.0,448.0,525.0,525.0,537.0,577.0,638.0,668.0,675.0,690.0,736.0,748.0,795.0,873.0,900.0,936.0,943.0,947.0,980.0,
16.0,20.0,22.0,73.0,86.0,115.0,129.0,158.0,243.0,246.0,297.0,363.0,368.0,368.0,400.0,401.0,430.0,437.0,508.0,558.0,562.0,570.0,612.0,614.0,616.0,699.0,703.0,742.0,752.0,776.0,789.0,805.0,918.0,948.0,952.0,967.0,998.0,
7.0,18.0,64.0,67.0,67.0,72.0,80.0,151.0,207.0,214.0,235.0,268.0,276.0,300.0,348.0,373.0,390.0,460.0,473.0,518.0,530.0,564.0,571.0,572.0,646.0,657.0,694.0,742.0,783.0,815.0,824.0,846.0,863.0,967.0,981.0,987.0,
21.0,34.0,42.0,45.0,60.0,138.0,165.0,206.0,235.0,252.0,270.0,289.0,325.0,350.0,356.0,357.0,357.0,370.0,372.0,439.0,479.0,511.0,511.0,529.0,533.0,556.0,577.0,584.0,597.0,608.0,622.0,740.0,746.0,758.0,763.0,764.0,773.0,793.0,814.0,840.0,869.0,876.0,878.0,947.0,
21.0,32.0,87.0,94.0,222.0,235.0,273.0,292.0,369.0,379.0,390.0,402.0,407.0,438.0,467.0,477.0,491.0,501.0,515.0,519.0,539.0,541.0,567.0,569.0,612.0,619.0,647.0,648.0,650.0,667.0,680.0,828.0,864.0,897.0,907.0,947.0,
20.0,32.0,44.0,89.0,98.0,137.0,149.0,260.0,312.0,333.0,335.0,345.0,346.0,433.0,439.0,446.0,486.0,488.0,544.0,586.0,613.0,658.0,666.0,672.0,689.0,711.0,730.0,775.0,823.0,864.0,917.0,
8.0,14.0,52.0,73.0,125.0,126.0,142.0,188.0,289.0,332.0,336.0,349.0,416.0,422.0,462.0,477.0,545.0,625.0,627.0,648.0,674.0,675.0,684.0,751.0,756.0,777.0,822.0,823.0,856.0,858.0,931.0,989.0,1000.0,
3.0,44.0,86.0,100.0,160.0,255.0,255.0,258.0,269.0,275.0,281.0,316.0,319.0,349.0,368.0,395.0,430.0,547.0,568.0,590.0,630.0,631.0,665.0,665.0,685.0,708.0,726.0,757.0,764.0,796.0,822.0,839.0,840.0,864.0,912.0,912.0,948.0,970.0,
19.0,94.0,108.0,119.0,130.0,194.0,202.0,291.0,299.0,301.0,308.0,341.0,420.0,425.0,459.0,465.0,476.0,486.0,538.0,546.0,584.0,586.0,598.0,609.0,614.0,621.0,670.0,670.0,671.0,711.0,731.0,782.0,787.0,811.0,851.0,859.0,878.0,899.0,947.0,950.0,976.0,979.0,
3.0,9.0,37.0,88.0,134.0,146.0,191.0,200.0,216.0,220.0,232.0,287.0,363.0,377.0,378.0,381.0,391.0,399.0,449.0,456.0,502.0,504.0,511.0,532.0,562.0,577.0,585.0,598.0,644.0,656.0,669.0,719.0,758.0,762.0,780.0,789.0,795.0,811.0,811.0,855.0,858.0,953.0,954.0,976.0,992.0,
36.0,75.0,114.0,128.0,154.0,168.0,170.0,246.0,300.0,343.0,370.0,381.0,412.0,429.0,453.0,460.0,492.0,494.0,529.0,550.0,583.0,596.0,611.0,648.0,668.0,672.0,709.0,721.0,726.0,792.0,802.0,816.0,828.0,857.0,860.0,875.0,895.0,940.0,956.0,964.0,985.0,991.0,
25.0,54.0,72.0,98.0,104.0,109.0,109.0,128.0,141.0,151.0,180.0,187.0,191.0,205.0,227.0,241.0,259.0,283.0,284.0,327.0,385.0,387.0,476.0,521.0,536.0,543.0,579.0,607.0,631.0,688.0,693.0,730.0,741.0,763.0,800.0,866.0,872.0,911.0,927.0,989.0,996.0,
9.0,54.0,54.0,69.0,138.0,185.0,195.0,211.0,233.0,243.0,309.0,317.0,337.0,389.0,403.0,456.0,473.0,495.0,499.0,508.0,549.0,658.0,681.0,732.0,735.0,750.0,785.0,800.0,854.0,900.0,934.0,940.0,973.0,985.0,
13.0,62.0,67.0,74.0,174.0,263.0,289.0,326.0,352.0,365.0,374.0,451.0,465.0,506.0,508.0,536.0,557.0,589.0,621.0,623.0,648.0,670.0,740.0,810.0,829.0,874.0,880.0,892.0,933.0,951.0,970.0,
8.0,26.0,44.0,84.0,108.0,123.0,180.0,183.0,242.0,274.0,290.0,349.0,361.0,370.0,405.0,421.0,486.0,496.0,503.0,508.0,515.0,529.0,577.0,600.0,635.0,648.0,754.0,828.0,834.0,851.0,949.0,954.0,955.0,994.0,
7.0,24.0,27.0,98.0,286.0,319.0,320.0,339.0,368.0,403.0,438.0,440.0,455.0,491.0,491.0,535.0,562.0,575.0,592.0,690.0,717.0,735.0,744.0,783.0,803.0,817.0,862.0,887.0,920.0,943.0,978.0,990.0,998.0,998.0,
29.0,33.0,33.0,56.0,61.0,75.0,79.0,140.0,163.0,164.0,196.0,220.0,225.0,228.0,232.0,234.0,236.0,297.0,372.0,375.0,414.0,421.0,451.0,460.0,460.0,564.0,569.0,643.0,645.0,646.0,684.0,697.0,770.0,773.0,782.0,825.0,834.0,836.0,849.0,850.0,862.0,882.0,893.0,919.0,936.0,946.0,953.0,
32.0,92.0,107.0,111.0,116.0,173.0,209.0,214.0,217.0,324.0,386.0,388.0,437.0,508.0,512.0,540.0,573.0,627.0,634.0,636.0,645.0,652.0,660.0,662.0,778.0,823.0,828.0,880.0,896.0,901.0,997.0,
4.0,6.0,19.0,37.0,82.0,103.0,125.0,137.0,169.0,186.0,189.0,210.0,287.0,324.0,324.0,353.0,371.0,422.0,439.0,464.0,469.0,495.0,555.0,584.0,639.0,663.0,690.0,724.0,763.0,906.0,908.0,920.0,926.0,936.0,948.0,
17.0,31.0,59.0,65.0,73.0,75.0,111.0,128.0,128.0,151.0,153.0,168.0,229.0,261.0,281.0,285.0,304.0,363.0,376.0,378.0,413.0,449.0,453.0,524.0,531.0,578.0,593.0,597.0,636.0,653.0,654.0,665.0,676.0,686.0,693.0,729.0,748.0,813.0,839.0,839.0,912.0,951.0,970.0,985.0,990.0,
35.0,43.0,47.0,60.0,62.0,78.0,80.0,89.0,98.0,114.0,135.0,137.0,232.0,251.0,254.0,259.0,283.0,333.0,335.0,407.0,440.0,442.0,501.0,568.0,606.0,625.0,638.0,652.0,661.0,661.0,674.0,677.0,684.0,735.0,742.0,781.0,818.0,827.0,859.0,886.0,938.0,942.0,962.0,
15.0,50.0,53.0,83.0,119.0,125.0,130.0,151.0,169.0,183.0,243.0,290.0,310.0,311.0,326.0,468.0,539.0,575.0,606.0,634.0,650.0,663.0,675.0,740.0,783.0,823.0,833.0,890.0,924.0,926.0,
8.0,115.0,148.0,172.0,186.0,210.0,222.0,283.0,308.0,310.0,320.0,330.0,361.0,401.0,444.0,504.0,527.0,535.0,589.0,612.0,635.0,666.0,696.0,720.0,734.0,799.0,817.0,833.0,838.0,841.0,905.0,956.0,993.0,
12.0,28.0,30.0,33.0,64.0,97.0,185.0,224.0,224.0,235.0,256.0,270.0,289.0,321.0,337.0,349.0,386.0,388.0,398.0,414.0,426.0,464.0,484.0,516.0,520.0,632.0,644.0,644.0,655.0,672.0,700.0,730.0,735.0,775.0,864.0,866.0,881.0,953.0,965.0,
2.0,31.0,43.0,54.0,70.0,77.0,99.0,193.0,201.0,222.0,341.0,369.0,378.0,388.0,437.0,495.0,522.0,565.0,573.0,580.0,600.0,663.0,665.0,680.0,730.0,745.0,758.0,758.0,768.0,816.0,820.0,830.0,865.0,875.0,898.0,939.0,963.0,
2.0,24.0,101.0,110.0,133.0,139.0,177.0,193.0,230.0,238.0,337.0,339.0,349.0,350.0,351.0,387.0,493.0,502.0,519.0,545.0,577.0,578.0,579.0,581.0,582.0,582.0,601.0,604.0,635.0,640.0,698.0,795.0,826.0,851.0,879.0,900.0,922.0,937.0,987.0,994.0,998.0,
50.0,50.0,62.0,74.0,90.0,102.0,143.0,191.0,214.0,223.0,241.0,265.0,314.0,316.0,324.0,334.0,412.0,486.0,499.0,500.0,502.0,567.0,617.0,623.0,642.0,645.0,654.0,686.0,687.0,707.0,730.0,763.0,834.0,873.0,888.0,907.0,929.0,944.0,997.0,
46.0,63.0,89.0,110.0,121.0,140.0,144.0,146.0,150.0,156.0,173.0,185.0,194.0,216.0,223.0,241.0,280.0,330.0,373.0,480.0,520.0,523.0,559.0,602.0,627.0,662.0,679.0,693.0,729.0,734.0,809.0,842.0,912.0,
48.0,217.0,229.0,232.0,275.0,288.0,328.0,410.0,431.0,448.0,453.0,460.0,486.0,490.0,511.0,525.0,553.0,569.0,595.0,596.0,608.0,609.0,681.0,681.0,697.0,793.0,810.0,908.0,924.0,926.0,969.0,980.0,
2.0,43.0,160.0,180.0,197.0,220.0,315.0,347.0,367.0,387.0,392.0,400.0,410.0,431.0,471.0,477.0,478.0,503.0,544.0,602.0,620.0,652.0,664.0,684.0,702.0,721.0,722.0,803.0,805.0,835.0,837.0,855.0,870.0,934.0,957.0,970.0,984.0,
14.0,27.0,32.0,33.0,44.0,63.0,65.0,119.0,122.0,133.0,139.0,145.0,175.0,207.0,220.0,245.0,275.0,284.0,285.0,287.0,294.0,333.0,363.0,371.0,445.0,446.0,447.0,460.0,495.0,542.0,548.0,554.0,561.0,571.0,591.0,592.0,628.0,673.0,688.0,694.0,786.0,803.0,826.0,838.0,860.0,874.0,884.0,942.0,957.0,971.0,
11.0,17.0,28.0,73.0,77.0,101.0,119.0,157.0,196.0,199.0,235.0,239.0,310.0,311.0,330.0,335.0,371.0,378.0,380.0,419.0,445.0,459.0,494.0,506.0,532.0,542.0,546.0,575.0,583.0,617.0,621.0,624.0,671.0,675.0,681.0,735.0,748.0,823.0,844.0,846.0,853.0,874.0,896.0,918.0,948.0,
11.0,68.0,69.0,140.0,239.0,245.0,259.0,260.0,263.0,317.0,357.0,371.0,404.0,420.0,431.0,449.0,476.0,483.0,501.0,530.0,577.0,593.0,603.0,612.0,724.0,770.0,772.0,791.0,811.0,816.0,981.0,
24.0,73.0,81.0,92.0,102.0,155.0,163.0,193.0,224.0,233.0,289.0,325.0,349.0,376.0,382.0,383.0,393.0,416.0,454.0,473.0,475.0,483.0,488.0,490.0,514.0,533.0,576.0,583.0,640.0,697.0,740.0,838.0,869.0,913.0,949.0,954.0,955.0,958.0,981.0,988.0,990.0,
12.0,80.0,100.0,151.0,155.0,166.0,209.0,223.0,245.0,245.0,289.0,317.0,378.0,379.0,388.0,427.0,429.0,436.0,473.0,481.0,493.0,527.0,543.0,547.0,591.0,605.0,609.0,631.0,664.0,740.0,756.0,772.0,787.0,793.0,830.0,837.0,881.0,884.0,917.0,
4.0,22.0,34.0,58.0,60.0,66.0,73.0,90.0,93.0,93.0,141.0,156.0,164.0,171.0,198.0,200.0,201.0,203.0,257.0,295.0,317.0,330.0,383.0,399.0,427.0,446.0,456.0,468.0,482.0,536.0,610.0,648.0,691.0,698.0,715.0,720.0,743.0,767.0,770.0,774.0,784.0,932.0,950.0,
35.0,171.0,198.0,215.0,278.0,319.0,338.0,342.0,359.0,370.0,462.0,487.0,491.0,506.0,525.0,543.0,546.0,562.0,571.0,593.0,604.0,626.0,653.0,656.0,660.0,669.0,691.0,712.0,714.0,759.0,772.0,844.0,851.0,905.0,927.0,930.0,979.0,987.0,
4.0,49.0,100.0,119.0,139.0,187.0,189.0,199.0,226.0,242.0,270.0,376.0,380.0,421.0,444.0,462.0,491.0,520.0,534.0,555.0,602.0,646.0,655.0,670.0,722.0,724.0,920.0,921.0,
4.0,40.0,77.0,102.0,117.0,125.0,154.0,188.0,206.0,214.0,245.0,296.0,298.0,328.0,473.0,474.0,514.0,553.0,573.0,574.0,612.0,630.0,764.0,782.0,822.0,859.0,887.0,888.0,921.0,936.0,
23.0,41.0,68.0,70.0,117.0,118.0,147.0,240.0,240.0,324.0,372.0,389.0,394.0,434.0,456.0,466.0,515.0,523.0,547.0,556.0,587.0,654.0,670.0,691.0,708.0,846.0,855.0,924.0,968.0,
96.0,130.0,148.0,155.0,173.0,215.0,217.0,256.0,399.0,404.0,417.0,421.0,444.0,458.0,499.0,506.0,554.0,574.0,577.0,622.0,639.0,645.0,646.0,706.0,749.0,790.0,821.0,822.0,855.0,857.0,868.0,939.0,
40.0,59.0,69.0,163.0,204.0,207.0,226.0,290.0,292.0,304.0,334.0,386.0,404.0,405.0,453.0,497.0,507.0,521.0,522.0,525.0,671.0,705.0,734.0,774.0,807.0,833.0,865.0,880.0,890.0,924.0,946.0,953.0,984.0,
15.0,27.0,43.0,69.0,151.0,236.0,238.0,241.0,331.0,342.0,361.0,416.0,421.0,441.0,496.0,527.0,533.0,539.0,613.0,634.0,665.0,695.0,800.0,816.0,837.0,885.0,945.0,945.0,
14.0,17.0,35.0,68.0,131.0,159.0,179.0,205.0,209.0,307.0,333.0,338.0,393.0,394.0,405.0,413.0,502.0,610.0,614.0,646.0,712.0,786.0,858.0,878.0,887.0,899.0,936.0,961.0,968.0,
7.0,31.0,95.0,105.0,123.0,160.0,174.0,229.0,251.0,279.0,291.0,319.0,376.0,410.0,461.0,476.0,476.0,480.0,538.0,545.0,559.0,581.0,663.0,684.0,706.0,736.0,786.0,792.0,866.0,915.0,964.0,971.0,976.0,977.0,982.0,
3.0,32.0,50.0,58.0,68.0,78.0,79.0,140.0,163.0,186.0,195.0,211.0,258.0,267.0,275.0,323.0,342.0,369.0,409.0,452.0,454.0,461.0,536.0,568.0,571.0,580.0,647.0,702.0,712.0,719.0,724.0,743.0,773.0,775.0,775.0,966.0,979.0,
18.0,48.0,55.0,62.0,64.0,80.0,117.0,132.0,186.0,193.0,200.0,207.0,252.0,253.0,266.0,284.0,294.0,304.0,305.0,328.0,335.0,338.0,346.0,349.0,352.0,411.0,425.0,449.0,450.0,493.0,510.0,565.0,599.0,640.0,653.0,666.0,712.0,754.0,762.0,806.0,839.0,889.0,943.0,979.0,985.0,989.0,
52.0,124.0,143.0,201.0,204.0,238.0,243.0,282.0,297.0,306.0,321.0,330.0,344.0,390.0,448.0,483.0,527.0,536.0,578.0,617.0,700.0,743.0,752.0,801.0,844.0,905.0,952.0,992.0,
6.0,7.0,24.0,33.0,82.0,109.0,141.0,177.0,257.0,267.0,270.0,272.0,280.0,285.0,286.0,316.0,363.0,368.0,468.0,548.0,583.0,595.0,625.0,626.0,739.0,754.0,756.0,781.0,786.0,797.0,808.0,851.0,943.0,981.0,
40.0,56.0,74.0,76.0,86.0,125.0,155.0,167.0,186.0,270.0,311.0,364.0,434.0,466.0,469.0,472.0,534.0,550.0,617.0,666.0,682.0,685.0,713.0,753.0,785.0,817.0,866.0,898.0,945.0,952.0,990.0,
3.0,32.0,79.0,90.0,91.0,127.0,128.0,129.0,132.0,157.0,186.0,190.0,210.0,223.0,317.0,387.0,417.0,441.0,476.0,509.0,584.0,690.0,722.0,731.0,756.0,847.0,864.0,877.0,889.0,905.0,905.0,912.0,927.0,932.0,937.0,959.0,964.0,964.0,985.0,
8.0,14.0,15.0,61.0,69.0,148.0,159.0,167.0,168.0,182.0,197.0,210.0,250.0,284.0,304.0,355.0,376.0,379.0,452.0,510.0,538.0,552.0,558.0,560.0,571.0,598.0,664.0,692.0,700.0,705.0,744.0,766.0,782.0,812.0,826.0,837.0,852.0,889.0,942.0,977.0,
5.0,15.0,20.0,52.0,55.0,64.0,84.0,130.0,155.0,166.0,181.0,238.0,238.0,317.0,319.0,345.0,369.0,392.0,431.0,485.0,490.0,495.0,573.0,629.0,629.0,677.0,686.0,708.0,717.0,746.0,756.0,758.0,807.0,827.0,843.0,847.0,857.0,985.0,993.0,996.0,
50.0,77.0,92.0,117.0,117.0,139.0,140.0,186.0,205.0,225.0,231.0,236.0,240.0,285.0,324.0,375.0,388.0,391.0,400.0,463.0,468.0,478.0,506.0,553.0,598.0,610.0,622.0,741.0,749.0,800.0,803.0,880.0,893.0,897.0,907.0,951.0,
65.0,82.0,104.0,160.0,168.0,174.0,189.0,308.0,311.0,331.0,350.0,373.0,383.0,400.0,412.0,417.0,499.0,559.0,563.0,563.0,584.0,613.0,618.0,649.0,727.0,732.0,752.0,817.0,858.0,871.0,880.0,907.0,968.0,980.0,999.0,
26.0,54.0,75.0,78.0,160.0,212.0,220.0,229.0,241.0,254.0,276.0,282.0,297.0,311.0,353.0,401.0,411.0,436.0,446.0,468.0,470.0,484.0,490.0,490.0,548.0,553.0,585.0,601.0,603.0,624.0,648.0,672.0,692.0,704.0,760.0,779.0,787.0,810.0,836.0,877.0,887.0,894.0,909.0,910.0,925.0,947.0,
8.0,69.0,117.0,141.0,225.0,329.0,346.0,348.0,359.0,376.0,382.0,409.0,422.0,422.0,424.0,441.0,446.0,448.0,507.0,541.0,551.0,572.0,578.0,613.0,633.0,747.0,758.0,760.0,793.0,830.0,861.0,889.0,940.0,945.0,
3.0,90.0,97.0,105.0,143.0,154.0,199.0,214.0,224.0,236.0,256.0,258.0,273.0,284.0,327.0,329.0,329.0,366.0,372.0,422.0,447.0,453.0,462.0,466.0,482.0,496.0,509.0,604.0,623.0,639.0,655.0,744.0,778.0,784.0,834.0,878.0,888.0,923.0,926.0,935.0,943.0,946.0,951.0,971.0,992.0,
4.0,20.0,22.0,32.0,161.0,183.0,199.0,204.0,210.0,251.0,289.0,293.0,370.0,386.0,401.0,435.0,514.0,555.0,573.0,585.0,594.0,621.0,658.0,705.0,736.0,759.0,761.0,775.0,834.0,846.0,848.0,858.0,858.0,952.0,953.0,995.0,997.0,
61.0,73.0,87.0,209.0,244.0,268.0,276.0,360.0,385.0,394.0,423.0,425.0,426.0,449.0,452.0,490.0,499.0,504.0,506.0,525.0,562.0,598.0,652.0,670.0,698.0,786.0,854.0,870.0,908.0,918.0,
23.0,24.0,29.0,30.0,65.0,89.0,96.0,103.0,116.0,121.0,130.0,194.0,252.0,274.0,275.0,293.0,306.0,327.0,347.0,437.0,462.0,485.0,559.0,642.0,643.0,720.0,736.0,772.0,792.0,828.0,908.0,937.0,947.0,950.0,971.0,
3.0,161.0,188.0,204.0,208.0,210.0,221.0,222.0,253.0,255.0,268.0,322.0,327.0,335.0,346.0,473.0,480.0,483.0,504.0,542.0,569.0,583.0,787.0,791.0,816.0,817.0,822.0,888.0,938.0,971.0,971.0,
66.0,78.0,121.0,126.0,145.0,190.0,200.0,202.0,242.0,246.0,247.0,254.0,256.0,261.0,283.0,292.0,419.0,451.0,487.0,570.0,589.0,650.0,669.0,669.0,675.0,704.0,712.0,733.0,861.0,896.0,946.0,976.0,981.0,
22.0,85.0,116.0,121.0,132.0,167.0,173.0,266.0,270.0,316.0,345.0,353.0,360.0,375.0,391.0,402.0,406.0,411.0,431.0,437.0,440.0,461.0,512.0,529.0,557.0,575.0,628.0,648.0,695.0,784.0,787.0,826.0,877.0,884.0,921.0,947.0,949.0,952.0,971.0,
13.0,20.0,68.0,139.0,178.0,207.0,256.0,286.0,315.0,362.0,366.0,435.0,440.0,481.0,526.0,608.0,610.0,622.0,643.0,672.0,720.0,737.0,750.0,751.0,770.0,784.0,800.0,806.0,811.0,820.0,826.0,838.0,858.0,865.0,870.0,875.0,885.0,895.0,913.0,930.0,957.0,989.0,995.0,
11.0,22.0,54.0,97.0,132.0,134.0,174.0,175.0,232.0,269.0,282.0,289.0,325.0,400.0,422.0,426.0,623.0,628.0,645.0,701.0,730.0,757.0,799.0,817.0,846.0,858.0,869.0,874.0,875.0,887.0,995.0,
23.0,26.0,28.0,41.0,42.0,56.0,70.0,76.0,77.0,110.0,137.0,193.0,225.0,236.0,262.0,274.0,298.0,318.0,319.0,359.0,365.0,368.0,484.0,512.0,518.0,557.0,567.0,577.0,591.0,650.0,667.0,710.0,736.0,758.0,759.0,834.0,838.0,844.0,859.0,904.0,909.0,910.0,994.0,1000.0,
13.0,14.0,17.0,26.0,94.0,158.0,218.0,236.0,238.0,292.0,319.0,322.0,326.0,350.0,381.0,388.0,398.0,432.0,435.0,454.0,530.0,547.0,561.0,567.0,682.0,685.0,692.0,700.0,704.0,705.0,730.0,754.0,838.0,854.0,906.0,909.0,934.0,955.0,969.0,
59.0,76.0,77.0,125.0,178.0,208.0,213.0,243.0,246.0,267.0,284.0,290.0,319.0,330.0,334.0,357.0,391.0,405.0,433.0,435.0,460.0,489.0,490.0,494.0,501.0,509.0,522.0,556.0,571.0,611.0,612.0,650.0,650.0,671.0,735.0,763.0,773.0,787.0,797.0,876.0,879.0,880.0,883.0,925.0,976.0,976.0,982.0,
12.0,88.0,124.0,180.0,191.0,198.0,262.0,270.0,293.0,318.0,325.0,354.0,367.0,378.0,389.0,428.0,456.0,465.0,475.0,562.0,604.0,610.0,622.0,623.0,670.0,731.0,771.0,810.0,883.0,894.0,935.0,984.0,
38.0,60.0,62.0,92.0,138.0,144.0,153.0,177.0,220.0,229.0,235.0,263.0,266.0,285.0,339.0,369.0,378.0,381.0,385.0,416.0,476.0,488.0,494.0,519.0,540.0,564.0,565.0,594.0,600.0,617.0,638.0,638.0,744.0,747.0,785.0,794.0,815.0,843.0,869.0,880.0,914.0,931.0,961.0,972.0,988.0,
7.0,8.0,25.0,74.0,75.0,79.0,117.0,117.0,118.0,135.0,136.0,170.0,175.0,204.0,208.0,213.0,249.0,270.0,271.0,289.0,305.0,348.0,353.0,387.0,398.0,442.0,458.0,460.0,463.0,489.0,520.0,537.0,554.0,594.0,671.0,716.0,763.0,792.0,811.0,860.0,901.0,909.0,915.0,959.0,962.0,965.0,
10.0,63.0,111.0,185.0,213.0,230.0,284.0,417.0,438.0,459.0,514.0,547.0,634.0,652.0,669.0,677.0,680.0,718.0,752.0,787.0,792.0,800.0,838.0,856.0,897.0,917.0,961.0,965.0,
3.0,28.0,91.0,109.0,124.0,183.0,207.0,224.0,233.0,270.0,288.0,295.0,328.0,328.0,335.0,375.0,375.0,384.0,393.0,399.0,453.0,519.0,531.0,535.0,536.0,539.0,580.0,583.0,667.0,717.0,743.0,749.0,775.0,802.0,884.0,891.0,
65.0,69.0,118.0,124.0,181.0,185.0,238.0,298.0,305.0,311.0,350.0,388.0,402.0,435.0,442.0,497.0,508.0,545.0,604.0,607.0,648.0,648.0,653.0,692.0,716.0,742.0,839.0,856.0,870.0,876.0,890.0,951.0,952.0,971.0,
3.0,35.0,76.0,149.0,185.0,196.0,218.0,220.0,236.0,244.0,265.0,269.0,312.0,348.0,364.0,377.0,435.0,484.0,511.0,514.0,536.0,584.0,599.0,601.0,620.0,660.0,663.0,683.0,759.0,773.0,779.0,805.0,812.0,840.0,861.0,867.0,874.0,930.0,936.0,951.0,971.0,975.0,995.0,
14.0,35.0,48.0,101.0,104.0,107.0,135.0,143.0,149.0,175.0,179.0,209.0,213.0,219.0,220.0,241.0,272.0,277.0,352.0,359.0,421.0,460.0,496.0,498.0,533.0,552.0,561.0,576.0,607.0,620.0,673.0,676.0,696.0,719.0,720.0,732.0,808.0,834.0,841.0,923.0,945.0,960.0,961.0,993.0,
17.0,35.0,127.0,241.0,276.0,278.0,303.0,322.0,335.0,396.0,474.0,544.0,551.0,584.0,598.0,603.0,649.0,660.0,666.0,747.0,762.0,772.0,882.0,883.0,901.0,911.0,949.0,992.0,
62.0,88.0,131.0,191.0,241.0,244.0,251.0,260.0,276.0,312.0,331.0,341.0,361.0,373.0,377.0,387.0,398.0,454.0,455.0,471.0,522.0,529.0,552.0,559.0,604.0,651.0,738.0,743.0,745.0,788.0,810.0,891.0,944.0,945.0,949.0,955.0,957.0,980.0,982.0,
30.0,57.0,86.0,104.0,114.0,147.0,211.0,273.0,307.0,327.0,345.0,345.0,365.0,379.0,433.0,443.0,445.0,453.0,480.0,498.0,501.0,509.0,523.0,538.0,548.0,563.0,565.0,576.0,598.0,643.0,656.0,667.0,681.0,726.0,741.0,755.0,777.0,833.0,836.0,880.0,882.0,887.0,911.0,912.0,932.0,975.0,
32.0,45.0,107.0,223.0,233.0,241.0,268.0,284.0,296.0,312.0,315.0,326.0,378.0,418.0,458.0,458.0,459.0,480.0,480.0,486.0,521.0,526.0,553.0,595.0,610.0,686.0,802.0,806.0,834.0,840.0,868.0,873.0,908.0,914.0,956.0,
7.0,13.0,28.0,35.0,53.0,76.0,100.0,117.0,118.0,121.0,130.0,153.0,170.0,223.0,245.0,291.0,302.0,309.0,316.0,435.0,473.0,498.0,521.0,533.0,543.0,615.0,661.0,661.0,692.0,703.0,706.0,709.0,734.0,753.0,809.0,819.0,850.0,853.0,864.0,
70.0,82.0,98.0,102.0,108.0,126.0,140.0,161.0,183.0,215.0,252.0,284.0,301.0,306.0,323.0,333.0,345.0,357.0,358.0,380.0,385.0,417.0,443.0,448.0,508.0,512.0,517.0,558.0,600.0,603.0,656.0,669.0,671.0,685.0,746.0,748.0,764.0,780.0,836.0,850.0,931.0,965.0,995.0,
51.0,61.0,65.0,68.0,75.0,86.0,150.0,176.0,180.0,257.0,331.0,354.0,367.0,420.0,434.0,438.0,448.0,453.0,492.0,576.0,666.0,679.0,717.0,793.0,797.0,801.0,814.0,827.0,834.0,886.0,919.0,952.0,970.0,993.0,
26.0,52.0,144.0,228.0,311.0,337.0,369.0,403.0,439.0,461.0,465.0,512.0,526.0,532.0,555.0,593.0,649.0,674.0,721.0,760.0,827.0,848.0,954.0,995.0,1000.0,
55.0,67.0,107.0,112.0,121.0,132.0,139.0,141.0,171.0,173.0,301.0,318.0,333.0,367.0,376.0,428.0,440.0,451.0,484.0,519.0,566.0,573.0,618.0,653.0,721.0,722.0,727.0,729.0,754.0,757.0,777.0,816.0,823.0,905.0,926.0,936.0,941.0,996.0,
34.0,44.0,44.0,205.0,226.0,248.0,284.0,286.0,314.0,328.0,360.0,380.0,412.0,416.0,420.0,423.0,460.0,470.0,506.0,509.0,531.0,531.0,560.0,560.0,576.0,605.0,609.0,637.0,669.0,671.0,746.0,758.0,777.0,794.0,796.0,862.0,942.0,946.0,948.0,962.0,986.0,
25.0,27.0,28.0,143.0,186.0,235.0,310.0,331.0,339.0,348.0,355.0,419.0,425.0,439.0,442.0,510.0,639.0,675.0,718.0,804.0,835.0,878.0,878.0,914.0,916.0,926.0,926.0,957.0,980.0,
16.0,35.0,38.0,48.0,54.0,120.0,122.0,165.0,200.0,206.0,216.0,254.0,283.0,285.0,316.0,395.0,436.0,448.0,473.0,496.0,503.0,507.0,517.0,531.0,546.0,557.0,560.0,585.0,587.0,596.0,603.0,610.0,615.0,624.0,653.0,688.0,707.0,716.0,738.0,740.0,810.0,824.0,828.0,843.0,844.0,845.0,938.0,
19.0,43.0,56.0,66.0,68.0,86.0,158.0,206.0,224.0,228.0,244.0,322.0,325.0,334.0,361.0,379.0,418.0,423.0,447.0,480.0,483.0,524.0,547.0,557.0,558.0,576.0,579.0,584.0,584.0,597.0,627.0,638.0,642.0,685.0,689.0,750.0,765.0,795.0,826.0,843.0,849.0,863.0,863.0,889.0,894.0,923.0,
7.0,35.0,69.0,115.0,145.0,162.0,173.0,209.0,363.0,410.0,431.0,451.0,451.0,457.0,470.0,485.0,531.0,587.0,612.0,642.0,655.0,667.0,690.0,694.0,730.0,737.0,800.0,801.0,826.0,855.0,888.0,889.0,892.0,966.0,999.0,
58.0,75.0,79.0,91.0,99.0,111.0,198.0,202.0,278.0,306.0,322.0,336.0,389.0,428.0,440.0,447.0,460.0,525.0,605.0,618.0,652.0,660.0,670.0,687.0,691.0,707.0,749.0,755.0,756.0,818.0,818.0,847.0,848.0,907.0,914.0,918.0,918.0,
81.0,109.0,118.0,128.0,169.0,181.0,211.0,238.0,268.0,269.0,287.0,307.0,326.0,327.0,355.0,367.0,393.0,399.0,452.0,460.0,484.0,523.0,525.0,544.0,558.0,593.0,606.0,607.0,608.0,627.0,644.0,653.0,662.0,696.0,718.0,733.0,736.0,752.0,796.0,799.0,813.0,821.0,839.0,850.0,982.0,986.0,998.0,
17.0,17.0,57.0,75.0,77.0,112.0,112.0,146.0,168.0,222.0,374.0,421.0,475.0,481.0,523.0,526.0,528.0,587.0,646.0,651.0,696.0,792.0,806.0,913.0,933.0,
54.0,106.0,115.0,122.0,171.0,183.0,197.0,197.0,207.0,211.0,218.0,262.0,289.0,315.0,324.0,361.0,373.0,426.0,503.0,541.0,543.0,544.0,545.0,561.0,601.0,624.0,690.0,690.0,693.0,720.0,726.0,749.0,843.0,890.0,906.0,908.0,911.0,943.0,945.0,
2.0,12.0,27.0,32.0,51.0,59.0,68.0,74.0,138.0,140.0,177.0,178.0,200.0,207.0,228.0,238.0,294.0,327.0,332.0,401.0,420.0,426.0,455.0,506.0,513.0,543.0,563.0,623.0,640.0,658.0,673.0,690.0,717.0,725.0,734.0,735.0,749.0,766.0,799.0,867.0,903.0,930.0,935.0,957.0,
10.0,11.0,15.0,41.0,71.0,78.0,100.0,114.0,125.0,128.0,297.0,322.0,339.0,348.0,397.0,414.0,443.0,444.0,454.0,469.0,479.0,492.0,497.0,530.0,580.0,597.0,678.0,706.0,709.0,713.0,738.0,743.0,763.0,803.0,866.0,
13.0,34.0,89.0,132.0,175.0,184.0,296.0,306.0,327.0,354.0,399.0,463.0,487.0,533.0,568.0,568.0,593.0,694.0,715.0,719.0,767.0,786.0,804.0,819.0,820.0,826.0,908.0,929.0,970.0,
19.0,37.0,61.0,76.0,121.0,246.0,254.0,282.0,325.0,341.0,342.0,344.0,352.0,365.0,367.0,418.0,436.0,456.0,474.0,478.0,481.0,531.0,535.0,545.0,585.0,630.0,633.0,642.0,672.0,689.0,728.0,761.0,763.0,770.0,782.0,810.0,832.0,845.0,858.0,899.0,903.0,904.0,931.0,937.0,944.0,982.0,
11.0,44.0,108.0,110.0,146.0,161.0,204.0,237.0,261.0,270.0,291.0,312.0,319.0,324.0,352.0,357.0,408.0,426.0,431.0,538.0,540.0,543.0,546.0,608.0,612.0,623.0,627.0,634.0,651.0,654.0,657.0,664.0,698.0,710.0,737.0,761.0,820.0,840.0,850.0,922.0,929.0,950.0,973.0,973.0,
