12.0,43.0,60.0,97.0,106.0,118.0,137.0,173.0,177.0,226.0,237.0,238.0,289.0,300.0,304.0,364.0,437.0,455.0,487.0,498.0,542.0,558.0,601.0,644.0,653.0,705.0,727.0,761.0,788.0,807.0,810.0,834.0,899.0,905.0,908.0,935.0,965.0,980.0,980.0,
35.0,47.0,71.0,75.0,118.0,123.0,123.0,136.0,187.0,214.0,236.0,253.0,269.0,271.0,387.0,413.0,482.0,550.0,556.0,571.0,574.0,577.0,614.0,660.0,730.0,775.0,784.0,785.0,800.0,802.0,809.0,872.0,879.0,890.0,939.0,948.0,962.0,975.0,
25.0,51.0,62.0,77.0,78.0,101.0,109.0,121.0,140.0,155.0,191.0,243.0,251.0,257.0,261.0,268.0,292.0,338.0,345.0,371.0,382.0,427.0,464.0,475.0,486.0,490.0,523.0,542.0,550.0,568.0,594.0,604.0,639.0,665.0,714.0,723.0,766.0,795.0,802.0,890.0,895.0,958.0,
10.0,16.0,29.0,34.0,59.0,98.0,111.0,111.0,126.0,137.0,143.0,154.0,158.0,162.0,189.0,200.0,301.0,330.0,427.0,434.0,440.0,474.0,490.0,516.0,548.0,580.0,654.0,656.0,664.0,686.0,688.0,704.0,708.0,744.0,783.0,788.0,874.0,898.0,923.0,977.0,980.0,
55.0,69.0,84.0,87.0,102.0,121.0,134.0,173.0,201.0,218.0,295.0,363.0,367.0,392.0,401.0,432.0,473.0,476.0,492.0,524.0,576.0,644.0,644.0,652.0,659.0,700.0,702.0,712.0,716.0,744.0,802.0,806.0,851.0,929.0,949.0,953.0,986.0,
78.0,142.0,179.0,184.0,240.0,286.0,301.0,432.0,440.0,449.0,465.0,482.0,527.0,605.0,653.0,727.0,763.0,832.0,833.0,835.0,924.0,
33.0,69.0,70.0,74.0,93.0,99.0,106.0,137.0,142.0,148.0,164.0,176.0,239.0,280.0,318.0,368.0,426.0,440.0,477.0,483.0,565.0,636.0,650.0,677.0,700.0,720.0,805.0,807.0,814.0,834.0,861.0,876.0,889.0,
21.0,22.0,34.0,35.0,55.0,108.0,121.0,142.0,167.0,203.0,237.0,250.0,274.0,300.0,319.0,338.0,340.0,340.0,353.0,412.0,418.0,418.0,517.0,540.0,541.0,561.0,568.0,581.0,582.0,583.0,597.0,616.0,641.0,702.0,703.0,813.0,821.0,875.0,921.0,931.0,936.0,
2.0,48.0,86.0,119.0,132.0,160.0,174.0,203.0,210.0,344.0,347.0,358.0,384.0,404.0,417.0,424.0,510.0,515.0,522.0,534.0,535.0,574.0,578.0,590.0,632.0,647.0,703.0,735.0,738.0,747.0,752.0,788.0,908.0,944.0,955.0,976.0,979.0,993.0,1000.0,
13.0,71.0,117.0,141.0,151.0,217.0,402.0,419.0,423.0,502.0,504.0,513.0,537.0,543.0,623.0,721.0,738.0,763.0,832.0,915.0,920.0,932.0,
21.0,29.0,51.0,119.0,142.0,150.0,174.0,191.0,215.0,228.0,233.0,242.0,244.0,277.0,299.0,374.0,380.0,386.0,428.0,437.0,488.0,539.0,565.0,593.0,634.0,641.0,661.0,675.0,677.0,678.0,716.0,723.0,730.0,753.0,811.0,846.0,854.0,888.0,903.0,909.0,926.0,940.0,952.0,967.0,970.0,981.0,985.0,998.0,999.0,
17.0,38.0,43.0,65.0,141.0,160.0,181.0,205.0,208.0,257.0,257.0,281.0,318.0,348.0,378.0,387.0,397.0,406.0,414.0,415.0,481.0,546.0,555.0,570.0,575.0,601.0,616.0,617.0,618.0,641.0,694.0,695.0,716.0,728.0,761.0,796.0,847.0,887.0,
48.0,105.0,131.0,134.0,140.0,204.0,244.0,247.0,268.0,278.0,308.0,310.0,364.0,366.0,370.0,383.0,419.0,440.0,488.0,525.0,542.0,547.0,553.0,575.0,582.0,586.0,621.0,626.0,650.0,679.0,685.0,849.0,852.0,935.0,968.0,977.0,
28.0,98.0,131.0,189.0,273.0,284.0,367.0,381.0,383.0,386.0,401.0,491.0,498.0,516.0,608.0,639.0,652.0,701.0,732.0,779.0,813.0,825.0,839.0,849.0,881.0,902.0,909.0,928.0,986.0,992.0,
12.0,19.0,29.0,40.0,146.0,161.0,196.0,198.0,258.0,261.0,274.0,276.0,284.0,320.0,332.0,387.0,434.0,440.0,462.0,479.0,495.0,504.0,509.0,534.0,540.0,546.0,546.0,556.0,586.0,618.0,637.0,665.0,719.0,776.0,790.0,848.0,881.0,921.0,954.0,967.0,979.0,984.0,995.0,
3.0,22.0,62.0,71.0,88.0,105.0,115.0,182.0,191.0,200.0,204.0,210.0,210.0,211.0,214.0,234.0,242.0,285.0,287.0,295.0,317.0,347.0,365.0,425.0,467.0,498.0,517.0,530.0,591.0,591.0,592.0,640.0,701.0,711.0,804.0,828.0,900.0,901.0,943.0,957.0,966.0,979.0,
14.0,47.0,148.0,166.0,194.0,249.0,250.0,268.0,304.0,348.0,358.0,399.0,433.0,448.0,470.0,508.0,560.0,565.0,622.0,638.0,688.0,695.0,705.0,744.0,766.0,891.0,912.0,949.0,985.0,988.0,
73.0,109.0,134.0,143.0,169.0,185.0,220.0,360.0,388.0,396.0,418.0,442.0,466.0,485.0,489.0,562.0,585.0,652.0,717.0,717.0,752.0,773.0,775.0,779.0,822.0,825.0,830.0,841.0,860.0,868.0,869.0,876.0,903.0,921.0,928.0,970.0,994.0,
11.0,26.0,29.0,77.0,82.0,91.0,129.0,182.0,187.0,209.0,217.0,233.0,259.0,271.0,287.0,312.0,350.0,406.0,429.0,441.0,458.0,462.0,477.0,486.0,494.0,514.0,515.0,535.0,553.0,555.0,676.0,686.0,699.0,742.0,743.0,780.0,789.0,836.0,853.0,871.0,877.0,881.0,901.0,906.0,922.0,
39.0,50.0,54.0,93.0,121.0,123.0,147.0,150.0,168.0,173.0,175.0,189.0,211.0,218.0,257.0,293.0,296.0,300.0,341.0,350.0,394.0,410.0,448.0,457.0,503.0,524.0,528.0,585.0,591.0,597.0,614.0,631.0,634.0,647.0,661.0,690.0,723.0,734.0,748.0,809.0,816.0,828.0,846.0,854.0,871.0,885.0,893.0,913.0,925.0,934.0,943.0,946.0,951.0,964.0,986.0,
6.0,10.0,30.0,97.0,119.0,121.0,147.0,160.0,216.0,291.0,349.0,418.0,428.0,460.0,625.0,633.0,664.0,667.0,699.0,706.0,744.0,753.0,817.0,824.0,842.0,843.0,852.0,885.0,889.0,912.0,985.0,
3.0,24.0,63.0,72.0,95.0,106.0,113.0,204.0,257.0,274.0,283.0,290.0,329.0,382.0,398.0,496.0,497.0,499.0,534.0,588.0,643.0,653.0,670.0,683.0,683.0,684.0,685.0,727.0,742.0,886.0,892.0,904.0,919.0,936.0,956.0,982.0,
71.0,77.0,134.0,136.0,189.0,193.0,194.0,207.0,262.0,266.0,284.0,303.0,327.0,333.0,335.0,349.0,521.0,576.0,583.0,586.0,589.0,620.0,639.0,707.0,735.0,742.0,773.0,787.0,902.0,943.0,965.0,980.0,980.0,
4.0,74.0,77.0,80.0,93.0,112.0,139.0,201.0,225.0,244.0,262.0,323.0,336.0,337.0,352.0,367.0,419.0,428.0,469.0,514.0,572.0,683.0,786.0,822.0,894.0,944.0,960.0,
32.0,44.0,73.0,77.0,82.0,85.0,99.0,99.0,108.0,108.0,109.0,113.0,156.0,183.0,220.0,261.0,277.0,316.0,395.0,427.0,438.0,451.0,455.0,468.0,490.0,515.0,530.0,543.0,545.0,550.0,561.0,573.0,596.0,598.0,616.0,651.0,761.0,762.0,770.0,775.0,779.0,842.0,907.0,934.0,953.0,993.0,995.0,
48.0,64.0,78.0,206.0,211.0,266.0,337.0,361.0,384.0,387.0,396.0,401.0,407.0,446.0,462.0,489.0,526.0,530.0,530.0,532.0,541.0,545.0,555.0,568.0,571.0,612.0,613.0,620.0,640.0,763.0,791.0,794.0,802.0,830.0,844.0,845.0,858.0,862.0,946.0,951.0,
42.0,75.0,91.0,158.0,165.0,193.0,202.0,280.0,283.0,353.0,366.0,373.0,393.0,507.0,514.0,552.0,553.0,580.0,583.0,588.0,607.0,607.0,709.0,744.0,795.0,853.0,938.0,941.0,979.0,986.0,
11.0,13.0,51.0,72.0,99.0,127.0,139.0,144.0,150.0,159.0,165.0,173.0,184.0,185.0,186.0,192.0,234.0,242.0,247.0,318.0,378.0,421.0,478.0,499.0,515.0,532.0,535.0,535.0,552.0,561.0,572.0,579.0,676.0,804.0,807.0,871.0,948.0,
11.0,36.0,50.0,83.0,87.0,100.0,105.0,108.0,111.0,144.0,172.0,175.0,179.0,185.0,189.0,239.0,262.0,303.0,306.0,325.0,341.0,389.0,398.0,442.0,449.0,491.0,497.0,545.0,559.0,581.0,596.0,597.0,597.0,599.0,603.0,612.0,619.0,837.0,838.0,857.0,902.0,977.0,1000.0,
52.0,55.0,95.0,131.0,221.0,267.0,313.0,341.0,350.0,400.0,413.0,540.0,574.0,588.0,593.0,617.0,626.0,651.0,683.0,755.0,768.0,807.0,856.0,859.0,901.0,908.0,911.0,967.0,
2.0,11.0,36.0,49.0,64.0,97.0,123.0,148.0,187.0,216.0,227.0,313.0,368.0,381.0,384.0,420.0,430.0,445.0,486.0,550.0,615.0,639.0,640.0,671.0,700.0,722.0,797.0,832.0,863.0,871.0,879.0,880.0,892.0,907.0,983.0,
31.0,61.0,168.0,191.0,214.0,225.0,233.0,282.0,310.0,322.0,327.0,381.0,401.0,402.0,425.0,433.0,451.0,491.0,498.0,501.0,620.0,640.0,673.0,676.0,687.0,701.0,702.0,733.0,789.0,793.0,852.0,855.0,899.0,910.0,
26.0,39.0,64.0,72.0,112.0,118.0,128.0,147.0,165.0,198.0,208.0,217.0,223.0,236.0,237.0,248.0,275.0,280.0,286.0,322.0,356.0,389.0,480.0,505.0,602.0,659.0,713.0,744.0,772.0,844.0,870.0,871.0,915.0,950.0,993.0,994.0,
4.0,9.0,23.0,120.0,142.0,156.0,172.0,238.0,243.0,250.0,264.0,273.0,286.0,302.0,412.0,415.0,418.0,446.0,453.0,471.0,475.0,477.0,495.0,528.0,546.0,546.0,547.0,559.0,565.0,571.0,577.0,590.0,592.0,594.0,619.0,645.0,659.0,702.0,705.0,715.0,719.0,730.0,744.0,750.0,769.0,813.0,814.0,838.0,918.0,928.0,968.0,
2.0,11.0,36.0,55.0,86.0,157.0,179.0,218.0,228.0,243.0,335.0,346.0,389.0,408.0,409.0,463.0,487.0,506.0,516.0,533.0,535.0,536.0,540.0,548.0,555.0,574.0,580.0,588.0,590.0,601.0,603.0,614.0,614.0,614.0,621.0,624.0,630.0,632.0,632.0,644.0,657.0,664.0,686.0,686.0,687.0,689.0,700.0,717.0,721.0,730.0,736.0,757.0,802.0,821.0,823.0,827.0,832.0,840.0,846.0,854.0,879.0,885.0,888.0,890.0,893.0,894.0,916.0,921.0,940.0,978.0,980.0,
7.0,30.0,39.0,49.0,109.0,110.0,116.0,116.0,126.0,126.0,126.0,130.0,163.0,169.0,201.0,244.0,260.0,270.0,295.0,296.0,301.0,316.0,338.0,349.0,361.0,394.0,395.0,406.0,439.0,477.0,484.0,515.0,518.0,521.0,527.0,541.0,543.0,550.0,562.0,572.0,579.0,583.0,584.0,596.0,598.0,619.0,620.0,626.0,633.0,660.0,666.0,681.0,697.0,701.0,728.0,731.0,737.0,750.0,763.0,787.0,794.0,803.0,805.0,817.0,858.0,866.0,871.0,871.0,889.0,910.0,912.0,913.0,928.0,931.0,955.0,972.0,1000.0,
11.0,18.0,34.0,84.0,89.0,97.0,234.0,271.0,283.0,296.0,325.0,348.0,350.0,390.0,393.0,396.0,436.0,535.0,537.0,537.0,538.0,538.0,538.0,539.0,546.0,558.0,559.0,573.0,584.0,596.0,605.0,612.0,625.0,635.0,659.0,669.0,672.0,677.0,684.0,684.0,697.0,702.0,705.0,715.0,727.0,739.0,746.0,765.0,773.0,787.0,812.0,822.0,822.0,839.0,847.0,858.0,885.0,904.0,918.0,934.0,947.0,958.0,971.0,981.0,989.0,
7.0,29.0,42.0,49.0,51.0,67.0,67.0,68.0,72.0,77.0,97.0,155.0,166.0,234.0,238.0,243.0,281.0,298.0,304.0,361.0,376.0,469.0,483.0,488.0,489.0,503.0,513.0,521.0,535.0,536.0,537.0,548.0,552.0,567.0,600.0,615.0,616.0,619.0,623.0,625.0,640.0,664.0,700.0,727.0,745.0,764.0,770.0,794.0,816.0,830.0,889.0,911.0,998.0,
32.0,33.0,45.0,49.0,59.0,65.0,139.0,142.0,159.0,225.0,352.0,356.0,360.0,362.0,383.0,407.0,412.0,416.0,452.0,457.0,488.0,666.0,686.0,728.0,782.0,792.0,817.0,838.0,857.0,879.0,
50.0,108.0,130.0,179.0,233.0,234.0,273.0,299.0,307.0,320.0,327.0,328.0,335.0,389.0,436.0,443.0,454.0,551.0,555.0,641.0,644.0,646.0,789.0,826.0,926.0,932.0,997.0,
10.0,14.0,39.0,57.0,58.0,69.0,83.0,106.0,146.0,175.0,203.0,238.0,252.0,295.0,463.0,503.0,556.0,572.0,589.0,671.0,683.0,696.0,712.0,722.0,753.0,771.0,794.0,823.0,866.0,879.0,887.0,893.0,946.0,957.0,987.0,989.0,997.0,
49.0,57.0,69.0,70.0,82.0,140.0,160.0,181.0,211.0,240.0,241.0,271.0,280.0,281.0,284.0,298.0,353.0,361.0,363.0,428.0,438.0,483.0,502.0,513.0,538.0,541.0,544.0,570.0,587.0,608.0,609.0,626.0,630.0,660.0,711.0,776.0,894.0,936.0,944.0,948.0,951.0,976.0,976.0,991.0,992.0,
17.0,75.0,98.0,121.0,144.0,197.0,231.0,242.0,275.0,291.0,318.0,364.0,367.0,448.0,474.0,525.0,530.0,534.0,540.0,541.0,559.0,561.0,563.0,566.0,589.0,614.0,636.0,646.0,656.0,692.0,705.0,718.0,720.0,728.0,741.0,815.0,822.0,847.0,870.0,877.0,880.0,904.0,941.0,961.0,
7.0,8.0,15.0,117.0,123.0,147.0,186.0,188.0,200.0,269.0,316.0,347.0,371.0,423.0,520.0,535.0,539.0,540.0,542.0,542.0,545.0,546.0,549.0,550.0,551.0,551.0,556.0,566.0,567.0,571.0,571.0,576.0,584.0,604.0,609.0,612.0,621.0,624.0,648.0,666.0,669.0,670.0,677.0,695.0,696.0,709.0,722.0,727.0,735.0,740.0,747.0,802.0,808.0,816.0,866.0,873.0,905.0,942.0,950.0,991.0,992.0,
24.0,34.0,76.0,98.0,104.0,165.0,171.0,210.0,231.0,240.0,280.0,281.0,283.0,294.0,313.0,320.0,335.0,335.0,377.0,397.0,409.0,424.0,454.0,464.0,465.0,480.0,484.0,533.0,535.0,536.0,539.0,547.0,547.0,555.0,562.0,569.0,586.0,595.0,608.0,617.0,623.0,645.0,678.0,680.0,746.0,752.0,772.0,792.0,828.0,861.0,865.0,886.0,886.0,902.0,923.0,935.0,955.0,955.0,955.0,958.0,966.0,
8.0,37.0,42.0,62.0,73.0,78.0,118.0,146.0,180.0,216.0,235.0,250.0,261.0,299.0,316.0,332.0,335.0,443.0,453.0,468.0,482.0,484.0,484.0,505.0,510.0,525.0,529.0,534.0,534.0,543.0,556.0,558.0,559.0,559.0,563.0,569.0,573.0,575.0,601.0,624.0,626.0,633.0,634.0,640.0,643.0,653.0,671.0,674.0,674.0,691.0,723.0,757.0,763.0,783.0,785.0,793.0,809.0,816.0,823.0,837.0,875.0,875.0,895.0,898.0,932.0,955.0,988.0,
13.0,38.0,44.0,66.0,94.0,100.0,101.0,134.0,140.0,160.0,198.0,205.0,217.0,226.0,227.0,236.0,272.0,282.0,301.0,338.0,383.0,384.0,419.0,433.0,459.0,496.0,520.0,526.0,526.0,544.0,545.0,548.0,550.0,552.0,552.0,569.0,585.0,593.0,595.0,597.0,599.0,602.0,610.0,617.0,625.0,635.0,637.0,638.0,640.0,643.0,662.0,662.0,665.0,669.0,703.0,707.0,750.0,756.0,761.0,776.0,791.0,792.0,808.0,809.0,810.0,831.0,840.0,878.0,878.0,879.0,894.0,910.0,924.0,935.0,943.0,985.0,995.0,996.0,
9.0,20.0,36.0,43.0,78.0,82.0,92.0,131.0,155.0,165.0,171.0,241.0,276.0,304.0,314.0,338.0,378.0,383.0,388.0,392.0,405.0,444.0,512.0,512.0,513.0,517.0,522.0,523.0,535.0,535.0,554.0,558.0,563.0,566.0,570.0,572.0,575.0,585.0,596.0,604.0,605.0,623.0,627.0,628.0,631.0,641.0,648.0,655.0,662.0,674.0,675.0,677.0,691.0,709.0,749.0,774.0,782.0,786.0,807.0,809.0,824.0,833.0,841.0,866.0,867.0,874.0,879.0,890.0,895.0,915.0,920.0,941.0,954.0,962.0,990.0,
32.0,48.0,52.0,67.0,82.0,89.0,101.0,148.0,187.0,196.0,204.0,209.0,243.0,244.0,289.0,299.0,344.0,374.0,402.0,420.0,435.0,458.0,515.0,519.0,522.0,535.0,539.0,554.0,561.0,581.0,582.0,604.0,617.0,624.0,643.0,692.0,729.0,735.0,743.0,748.0,755.0,810.0,937.0,963.0,972.0,
77.0,84.0,110.0,143.0,149.0,178.0,191.0,192.0,274.0,290.0,330.0,343.0,393.0,425.0,430.0,490.0,496.0,560.0,571.0,605.0,612.0,623.0,657.0,660.0,676.0,702.0,744.0,803.0,862.0,882.0,891.0,909.0,946.0,
43.0,102.0,102.0,116.0,153.0,182.0,201.0,206.0,207.0,376.0,427.0,466.0,475.0,486.0,486.0,491.0,517.0,526.0,559.0,568.0,577.0,586.0,594.0,598.0,643.0,682.0,732.0,786.0,842.0,854.0,878.0,920.0,955.0,
29.0,46.0,91.0,104.0,247.0,257.0,272.0,286.0,341.0,360.0,382.0,413.0,414.0,425.0,456.0,536.0,540.0,548.0,577.0,587.0,616.0,620.0,642.0,660.0,691.0,788.0,798.0,798.0,801.0,921.0,921.0,930.0,
39.0,42.0,48.0,67.0,96.0,152.0,170.0,174.0,197.0,206.0,214.0,250.0,290.0,328.0,347.0,356.0,440.0,511.0,529.0,535.0,538.0,549.0,585.0,605.0,617.0,634.0,635.0,643.0,651.0,674.0,675.0,676.0,749.0,785.0,809.0,829.0,885.0,897.0,968.0,987.0,
2.0,11.0,86.0,94.0,113.0,118.0,166.0,182.0,199.0,211.0,214.0,215.0,217.0,241.0,243.0,297.0,304.0,356.0,359.0,390.0,428.0,450.0,450.0,454.0,458.0,488.0,504.0,512.0,517.0,517.0,522.0,527.0,528.0,532.0,534.0,539.0,540.0,541.0,542.0,546.0,550.0,551.0,554.0,559.0,573.0,577.0,580.0,588.0,595.0,596.0,597.0,618.0,621.0,629.0,629.0,638.0,643.0,647.0,648.0,666.0,671.0,675.0,710.0,722.0,727.0,733.0,786.0,797.0,799.0,815.0,817.0,824.0,825.0,832.0,838.0,840.0,845.0,924.0,936.0,936.0,938.0,945.0,951.0,960.0,978.0,987.0,990.0,
29.0,31.0,48.0,69.0,78.0,123.0,130.0,143.0,145.0,147.0,173.0,195.0,273.0,311.0,390.0,401.0,414.0,432.0,460.0,464.0,493.0,518.0,519.0,532.0,534.0,538.0,542.0,542.0,553.0,555.0,556.0,561.0,562.0,564.0,570.0,581.0,588.0,591.0,599.0,611.0,620.0,657.0,657.0,711.0,722.0,760.0,780.0,816.0,848.0,870.0,898.0,922.0,951.0,970.0,990.0,992.0,
36.0,53.0,53.0,56.0,75.0,81.0,136.0,144.0,197.0,199.0,208.0,221.0,239.0,275.0,285.0,314.0,353.0,400.0,407.0,435.0,458.0,507.0,512.0,516.0,518.0,523.0,535.0,540.0,540.0,549.0,564.0,568.0,574.0,576.0,579.0,601.0,609.0,620.0,650.0,664.0,717.0,719.0,731.0,748.0,761.0,762.0,770.0,774.0,783.0,811.0,844.0,904.0,923.0,932.0,960.0,974.0,984.0,
34.0,105.0,106.0,132.0,155.0,235.0,249.0,256.0,257.0,291.0,307.0,378.0,395.0,446.0,475.0,483.0,520.0,528.0,528.0,529.0,534.0,534.0,535.0,538.0,538.0,539.0,543.0,561.0,569.0,571.0,571.0,576.0,592.0,594.0,597.0,635.0,640.0,654.0,657.0,669.0,673.0,686.0,694.0,698.0,723.0,723.0,723.0,736.0,763.0,769.0,776.0,777.0,819.0,857.0,861.0,896.0,909.0,918.0,947.0,974.0,992.0,1000.0,
6.0,17.0,26.0,33.0,45.0,50.0,112.0,128.0,147.0,157.0,162.0,166.0,170.0,176.0,224.0,270.0,339.0,355.0,364.0,425.0,428.0,452.0,466.0,481.0,490.0,499.0,499.0,510.0,516.0,525.0,530.0,532.0,543.0,544.0,545.0,549.0,564.0,567.0,570.0,570.0,571.0,575.0,575.0,587.0,587.0,589.0,607.0,610.0,620.0,622.0,622.0,645.0,656.0,685.0,700.0,702.0,710.0,712.0,713.0,716.0,731.0,735.0,744.0,751.0,755.0,785.0,786.0,797.0,818.0,834.0,847.0,856.0,867.0,883.0,888.0,889.0,908.0,912.0,912.0,940.0,946.0,951.0,951.0,986.0,987.0,
108.0,135.0,167.0,176.0,187.0,229.0,245.0,249.0,307.0,322.0,340.0,347.0,356.0,404.0,435.0,440.0,441.0,444.0,455.0,471.0,474.0,496.0,506.0,533.0,543.0,561.0,576.0,605.0,633.0,644.0,645.0,658.0,712.0,729.0,743.0,752.0,783.0,804.0,811.0,817.0,820.0,822.0,882.0,939.0,944.0,951.0,960.0,960.0,
56.0,76.0,115.0,144.0,173.0,177.0,186.0,249.0,251.0,295.0,306.0,347.0,347.0,375.0,376.0,413.0,459.0,474.0,566.0,727.0,773.0,795.0,802.0,817.0,842.0,848.0,851.0,993.0,1000.0,
9.0,49.0,52.0,54.0,63.0,87.0,89.0,94.0,108.0,127.0,132.0,182.0,187.0,188.0,210.0,218.0,232.0,329.0,445.0,450.0,544.0,557.0,560.0,650.0,655.0,674.0,709.0,734.0,786.0,803.0,843.0,843.0,867.0,890.0,960.0,985.0,997.0,
3.0,29.0,55.0,67.0,137.0,139.0,148.0,154.0,209.0,239.0,249.0,312.0,323.0,358.0,372.0,398.0,405.0,423.0,433.0,482.0,491.0,503.0,505.0,522.0,532.0,566.0,581.0,628.0,631.0,673.0,766.0,785.0,807.0,866.0,876.0,895.0,992.0,
20.0,21.0,44.0,50.0,59.0,80.0,110.0,128.0,135.0,148.0,149.0,158.0,163.0,195.0,201.0,227.0,252.0,330.0,343.0,348.0,479.0,490.0,501.0,536.0,537.0,546.0,594.0,603.0,637.0,646.0,656.0,699.0,727.0,751.0,778.0,796.0,814.0,863.0,885.0,948.0,
4.0,56.0,73.0,80.0,93.0,117.0,164.0,238.0,258.0,318.0,331.0,352.0,356.0,375.0,404.0,435.0,436.0,444.0,475.0,493.0,512.0,512.0,516.0,521.0,522.0,527.0,529.0,533.0,535.0,537.0,538.0,544.0,548.0,549.0,555.0,558.0,560.0,560.0,566.0,568.0,571.0,571.0,572.0,576.0,584.0,585.0,596.0,613.0,624.0,629.0,643.0,644.0,649.0,650.0,663.0,664.0,669.0,688.0,702.0,703.0,703.0,716.0,739.0,742.0,745.0,752.0,753.0,762.0,765.0,816.0,829.0,832.0,835.0,838.0,846.0,847.0,847.0,872.0,887.0,908.0,918.0,923.0,927.0,928.0,951.0,977.0,997.0,
7.0,115.0,124.0,183.0,185.0,191.0,255.0,255.0,264.0,265.0,275.0,301.0,332.0,368.0,414.0,421.0,452.0,459.0,498.0,512.0,518.0,522.0,522.0,524.0,528.0,529.0,538.0,539.0,544.0,545.0,548.0,570.0,572.0,574.0,575.0,576.0,577.0,585.0,592.0,598.0,603.0,605.0,610.0,654.0,656.0,660.0,661.0,667.0,683.0,683.0,686.0,701.0,706.0,727.0,772.0,776.0,788.0,788.0,792.0,812.0,821.0,821.0,850.0,851.0,853.0,854.0,871.0,881.0,903.0,905.0,928.0,955.0,959.0,972.0,998.0,
46.0,48.0,77.0,83.0,97.0,101.0,111.0,118.0,126.0,132.0,142.0,148.0,176.0,198.0,209.0,214.0,234.0,234.0,234.0,287.0,293.0,298.0,340.0,370.0,371.0,412.0,424.0,544.0,547.0,548.0,548.0,553.0,554.0,555.0,556.0,558.0,558.0,560.0,561.0,571.0,584.0,585.0,594.0,598.0,600.0,617.0,617.0,622.0,623.0,627.0,632.0,638.0,647.0,657.0,673.0,674.0,676.0,702.0,730.0,730.0,744.0,764.0,769.0,774.0,790.0,802.0,810.0,813.0,824.0,829.0,840.0,850.0,868.0,876.0,876.0,889.0,943.0,971.0,
39.0,41.0,71.0,83.0,121.0,143.0,204.0,226.0,248.0,260.0,319.0,321.0,339.0,362.0,382.0,399.0,405.0,410.0,443.0,451.0,465.0,512.0,516.0,519.0,528.0,534.0,538.0,539.0,541.0,542.0,545.0,550.0,557.0,566.0,574.0,581.0,583.0,599.0,600.0,607.0,610.0,616.0,618.0,623.0,654.0,655.0,668.0,668.0,718.0,724.0,731.0,743.0,749.0,757.0,769.0,770.0,783.0,789.0,799.0,802.0,825.0,847.0,865.0,881.0,916.0,938.0,942.0,995.0,
76.0,87.0,89.0,101.0,110.0,199.0,215.0,293.0,295.0,301.0,303.0,303.0,308.0,331.0,345.0,413.0,439.0,468.0,523.0,530.0,537.0,539.0,549.0,554.0,556.0,562.0,566.0,566.0,576.0,579.0,582.0,588.0,591.0,594.0,601.0,607.0,615.0,632.0,692.0,695.0,699.0,702.0,704.0,717.0,723.0,752.0,759.0,766.0,768.0,786.0,788.0,807.0,811.0,812.0,825.0,842.0,853.0,869.0,872.0,942.0,946.0,948.0,949.0,979.0,990.0,997.0,
13.0,61.0,80.0,99.0,108.0,132.0,144.0,210.0,259.0,268.0,307.0,316.0,327.0,335.0,338.0,350.0,352.0,360.0,368.0,384.0,442.0,465.0,468.0,487.0,505.0,530.0,530.0,534.0,541.0,554.0,560.0,637.0,637.0,667.0,679.0,697.0,732.0,735.0,746.0,800.0,801.0,801.0,821.0,829.0,865.0,870.0,874.0,880.0,917.0,921.0,938.0,945.0,960.0,970.0,1000.0,
32.0,56.0,75.0,89.0,92.0,136.0,151.0,207.0,237.0,240.0,256.0,266.0,283.0,315.0,337.0,340.0,367.0,385.0,454.0,486.0,494.0,496.0,529.0,532.0,610.0,614.0,719.0,763.0,771.0,834.0,845.0,847.0,893.0,948.0,953.0,991.0,
2.0,32.0,49.0,70.0,74.0,78.0,111.0,134.0,143.0,157.0,191.0,204.0,217.0,225.0,234.0,241.0,244.0,282.0,319.0,320.0,325.0,373.0,390.0,391.0,462.0,495.0,555.0,558.0,567.0,598.0,605.0,682.0,701.0,727.0,751.0,784.0,812.0,812.0,819.0,834.0,847.0,857.0,865.0,921.0,960.0,
5.0,45.0,68.0,81.0,90.0,137.0,254.0,302.0,305.0,342.0,342.0,367.0,391.0,411.0,443.0,453.0,463.0,489.0,563.0,564.0,575.0,577.0,583.0,589.0,633.0,677.0,701.0,709.0,731.0,743.0,778.0,779.0,780.0,816.0,818.0,823.0,841.0,849.0,860.0,936.0,971.0,
5.0,19.0,33.0,61.0,106.0,126.0,133.0,160.0,179.0,230.0,237.0,238.0,252.0,265.0,280.0,281.0,291.0,302.0,305.0,305.0,306.0,326.0,330.0,380.0,387.0,440.0,471.0,472.0,483.0,549.0,596.0,616.0,704.0,750.0,786.0,796.0,841.0,843.0,
11.0,124.0,168.0,172.0,189.0,222.0,251.0,396.0,405.0,406.0,452.0,461.0,507.0,507.0,508.0,519.0,524.0,545.0,583.0,592.0,617.0,622.0,694.0,720.0,768.0,778.0,794.0,796.0,831.0,832.0,848.0,848.0,885.0,897.0,941.0,942.0,945.0,954.0,988.0,
16.0,60.0,72.0,74.0,103.0,130.0,131.0,142.0,175.0,195.0,205.0,217.0,245.0,289.0,293.0,305.0,323.0,362.0,387.0,428.0,442.0,448.0,465.0,518.0,520.0,522.0,537.0,538.0,543.0,545.0,548.0,567.0,569.0,574.0,578.0,583.0,594.0,606.0,614.0,615.0,624.0,644.0,650.0,654.0,654.0,658.0,659.0,666.0,727.0,736.0,744.0,772.0,778.0,789.0,789.0,802.0,809.0,813.0,816.0,824.0,841.0,844.0,872.0,876.0,883.0,897.0,919.0,920.0,934.0,936.0,944.0,945.0,951.0,951.0,953.0,981.0,993.0,997.0,
16.0,49.0,79.0,80.0,92.0,157.0,180.0,180.0,202.0,223.0,256.0,294.0,310.0,370.0,427.0,523.0,526.0,529.0,532.0,538.0,544.0,544.0,546.0,553.0,561.0,567.0,569.0,576.0,580.0,581.0,592.0,593.0,599.0,615.0,615.0,618.0,624.0,635.0,637.0,651.0,654.0,662.0,667.0,669.0,681.0,683.0,707.0,731.0,739.0,770.0,772.0,776.0,806.0,818.0,829.0,835.0,844.0,844.0,855.0,875.0,890.0,894.0,931.0,932.0,957.0,972.0,987.0,998.0,1000.0,1000.0,
18.0,42.0,121.0,140.0,143.0,214.0,223.0,271.0,278.0,324.0,332.0,334.0,361.0,361.0,373.0,377.0,393.0,473.0,499.0,518.0,526.0,527.0,529.0,535.0,554.0,570.0,570.0,598.0,603.0,603.0,616.0,616.0,626.0,630.0,634.0,640.0,642.0,644.0,647.0,660.0,681.0,682.0,701.0,725.0,729.0,759.0,770.0,770.0,776.0,782.0,790.0,798.0,813.0,863.0,890.0,910.0,913.0,927.0,933.0,947.0,
9.0,24.0,34.0,85.0,177.0,183.0,239.0,253.0,278.0,281.0,312.0,358.0,367.0,371.0,381.0,412.0,458.0,480.0,515.0,521.0,522.0,525.0,533.0,540.0,553.0,553.0,565.0,566.0,571.0,575.0,580.0,585.0,598.0,605.0,618.0,620.0,621.0,652.0,660.0,668.0,683.0,699.0,718.0,720.0,723.0,728.0,737.0,758.0,758.0,768.0,792.0,807.0,853.0,854.0,860.0,874.0,875.0,908.0,926.0,952.0,958.0,975.0,
4.0,74.0,116.0,120.0,135.0,260.0,296.0,305.0,315.0,347.0,395.0,395.0,479.0,529.0,556.0,563.0,645.0,776.0,820.0,848.0,849.0,924.0,
7.0,22.0,29.0,64.0,185.0,192.0,196.0,210.0,281.0,320.0,331.0,372.0,389.0,435.0,456.0,458.0,578.0,587.0,632.0,651.0,694.0,697.0,716.0,723.0,723.0,754.0,891.0,919.0,935.0,962.0,964.0,970.0,
18.0,141.0,146.0,180.0,190.0,209.0,215.0,237.0,261.0,263.0,284.0,286.0,335.0,338.0,355.0,376.0,409.0,416.0,432.0,449.0,488.0,492.0,549.0,604.0,611.0,652.0,679.0,679.0,684.0,720.0,730.0,787.0,836.0,915.0,948.0,948.0,
10.0,12.0,28.0,34.0,60.0,68.0,83.0,108.0,163.0,174.0,202.0,222.0,264.0,366.0,391.0,396.0,416.0,444.0,461.0,494.0,570.0,615.0,661.0,681.0,711.0,734.0,748.0,755.0,767.0,769.0,802.0,818.0,828.0,834.0,847.0,880.0,922.0,923.0,938.0,993.0,
16.0,216.0,235.0,279.0,281.0,285.0,313.0,332.0,334.0,385.0,405.0,407.0,417.0,550.0,558.0,584.0,626.0,632.0,635.0,673.0,673.0,694.0,718.0,773.0,807.0,821.0,842.0,876.0,894.0,926.0,950.0,
18.0,20.0,59.0,72.0,82.0,91.0,126.0,212.0,230.0,289.0,315.0,325.0,366.0,424.0,435.0,454.0,526.0,565.0,566.0,579.0,589.0,658.0,765.0,809.0,819.0,854.0,892.0,942.0,967.0,971.0,
41.0,71.0,73.0,74.0,112.0,131.0,162.0,162.0,165.0,170.0,177.0,224.0,235.0,278.0,309.0,310.0,328.0,336.0,356.0,380.0,521.0,533.0,536.0,541.0,548.0,551.0,553.0,566.0,571.0,612.0,625.0,670.0,784.0,815.0,843.0,846.0,940.0,941.0,993.0,
34.0,148.0,150.0,193.0,226.0,243.0,243.0,268.0,289.0,314.0,323.0,328.0,341.0,355.0,394.0,414.0,448.0,450.0,475.0,489.0,510.0,581.0,592.0,596.0,615.0,644.0,649.0,706.0,732.0,753.0,861.0,874.0,884.0,896.0,902.0,928.0,931.0,949.0,951.0,959.0,967.0,987.0,992.0,
67.0,87.0,154.0,169.0,197.0,229.0,238.0,257.0,269.0,281.0,281.0,306.0,307.0,309.0,309.0,384.0,400.0,435.0,471.0,543.0,551.0,581.0,609.0,613.0,613.0,652.0,660.0,669.0,682.0,714.0,732.0,761.0,768.0,800.0,817.0,837.0,876.0,879.0,903.0,911.0,926.0,940.0,967.0,
23.0,74.0,165.0,201.0,230.0,281.0,329.0,382.0,458.0,472.0,473.0,484.0,525.0,538.0,599.0,602.0,614.0,622.0,626.0,627.0,701.0,708.0,785.0,844.0,899.0,920.0,
88.0,97.0,161.0,260.0,280.0,331.0,375.0,407.0,421.0,458.0,476.0,490.0,601.0,628.0,643.0,697.0,699.0,702.0,743.0,756.0,758.0,763.0,842.0,856.0,858.0,859.0,868.0,873.0,873.0,906.0,937.0,941.0,944.0,983.0,
14.0,51.0,192.0,247.0,272.0,315.0,385.0,388.0,424.0,455.0,457.0,460.0,497.0,536.0,602.0,702.0,714.0,719.0,723.0,742.0,805.0,866.0,902.0,907.0,908.0,932.0,992.0,
68.0,76.0,85.0,97.0,98.0,123.0,125.0,126.0,168.0,218.0,235.0,246.0,280.0,344.0,351.0,381.0,387.0,389.0,461.0,483.0,494.0,498.0,529.0,563.0,599.0,622.0,625.0,702.0,747.0,759.0,785.0,827.0,831.0,849.0,858.0,882.0,909.0,914.0,927.0,929.0,929.0,938.0,965.0,986.0,
194.0,226.0,244.0,268.0,302.0,338.0,365.0,373.0,390.0,410.0,477.0,482.0,491.0,508.0,520.0,530.0,530.0,585.0,603.0,671.0,724.0,739.0,740.0,752.0,789.0,881.0,904.0,974.0,977.0,
19.0,23.0,30.0,43.0,65.0,100.0,137.0,156.0,160.0,179.0,193.0,239.0,271.0,281.0,377.0,377.0,424.0,495.0,509.0,550.0,571.0,575.0,586.0,641.0,644.0,654.0,694.0,699.0,712.0,736.0,779.0,791.0,800.0,822.0,892.0,900.0,971.0,
17.0,36.0,53.0,55.0,63.0,127.0,145.0,187.0,199.0,205.0,275.0,287.0,303.0,309.0,361.0,367.0,369.0,388.0,407.0,417.0,446.0,482.0,500.0,525.0,567.0,584.0,595.0,619.0,713.0,737.0,747.0,813.0,890.0,899.0,929.0,947.0,956.0,978.0,991.0,
7.0,10.0,46.0,54.0,56.0,63.0,82.0,87.0,117.0,142.0,197.0,205.0,234.0,256.0,259.0,343.0,349.0,379.0,418.0,447.0,462.0,536.0,547.0,594.0,611.0,788.0,808.0,813.0,819.0,830.0,918.0,955.0,979.0,999.0,
8.0,27.0,36.0,79.0,106.0,142.0,155.0,271.0,309.0,313.0,318.0,333.0,340.0,372.0,453.0,490.0,498.0,499.0,545.0,567.0,690.0,699.0,714.0,767.0,768.0,794.0,805.0,868.0,883.0,914.0,988.0,
48.0,93.0,113.0,122.0,126.0,159.0,163.0,165.0,174.0,213.0,236.0,258.0,258.0,311.0,327.0,329.0,344.0,366.0,421.0,423.0,432.0,434.0,453.0,458.0,481.0,489.0,494.0,519.0,520.0,532.0,539.0,564.0,567.0,592.0,612.0,619.0,622.0,624.0,664.0,683.0,705.0,721.0,748.0,753.0,771.0,813.0,888.0,927.0,966.0,
3.0,77.0,80.0,111.0,111.0,141.0,147.0,164.0,190.0,218.0,250.0,292.0,301.0,310.0,343.0,352.0,360.0,370.0,386.0,424.0,436.0,439.0,533.0,550.0,567.0,568.0,598.0,602.0,613.0,634.0,696.0,697.0,734.0,819.0,851.0,866.0,887.0,893.0,907.0,926.0,954.0,955.0,974.0,986.0,
12.0,18.0,149.0,176.0,210.0,213.0,216.0,278.0,285.0,301.0,322.0,326.0,331.0,375.0,400.0,411.0,462.0,472.0,548.0,550.0,589.0,609.0,626.0,641.0,665.0,756.0,799.0,863.0,971.0,
4.0,24.0,61.0,74.0,105.0,123.0,138.0,216.0,224.0,233.0,319.0,373.0,423.0,431.0,438.0,474.0,489.0,493.0,541.0,604.0,613.0,646.0,646.0,717.0,724.0,731.0,768.0,776.0,901.0,940.0,963.0,
