19.0,41.0,56.0,92.0,208.0,312.0,324.0,339.0,385.0,404.0,469.0,486.0,495.0,504.0,518.0,530.0,537.0,554.0,572.0,603.0,632.0,643.0,645.0,654.0,685.0,774.0,805.0,811.0,812.0,894.0,932.0,936.0,959.0,962.0,992.0,997.0,
5.0,37.0,76.0,107.0,199.0,203.0,254.0,270.0,285.0,308.0,356.0,364.0,372.0,443.0,448.0,474.0,503.0,529.0,559.0,568.0,580.0,594.0,617.0,624.0,690.0,695.0,709.0,737.0,749.0,766.0,782.0,800.0,844.0,874.0,884.0,978.0,981.0,
38.0,49.0,65.0,77.0,189.0,249.0,253.0,266.0,270.0,283.0,286.0,295.0,336.0,337.0,353.0,360.0,371.0,392.0,424.0,532.0,549.0,571.0,598.0,609.0,617.0,621.0,634.0,654.0,658.0,682.0,701.0,701.0,740.0,741.0,800.0,802.0,831.0,843.0,877.0,879.0,895.0,920.0,946.0,
11.0,51.0,88.0,103.0,127.0,182.0,187.0,219.0,264.0,310.0,324.0,328.0,364.0,383.0,441.0,528.0,529.0,560.0,592.0,602.0,616.0,635.0,640.0,678.0,713.0,714.0,727.0,754.0,769.0,772.0,792.0,812.0,826.0,833.0,861.0,872.0,880.0,885.0,894.0,894.0,894.0,930.0,992.0,995.0,998.0,
3.0,4.0,19.0,29.0,78.0,119.0,128.0,134.0,199.0,220.0,242.0,261.0,330.0,360.0,418.0,443.0,463.0,552.0,655.0,710.0,721.0,763.0,765.0,831.0,834.0,850.0,851.0,895.0,922.0,
16.0,18.0,42.0,56.0,109.0,128.0,147.0,148.0,198.0,213.0,281.0,287.0,316.0,329.0,368.0,373.0,377.0,438.0,453.0,525.0,552.0,576.0,657.0,699.0,746.0,764.0,812.0,815.0,831.0,852.0,996.0,
3.0,12.0,25.0,55.0,126.0,192.0,236.0,293.0,327.0,355.0,396.0,404.0,406.0,456.0,463.0,503.0,516.0,528.0,538.0,555.0,578.0,623.0,647.0,661.0,665.0,667.0,681.0,748.0,756.0,766.0,768.0,786.0,795.0,807.0,810.0,824.0,849.0,865.0,891.0,902.0,938.0,949.0,949.0,971.0,973.0,
97.0,164.0,175.0,187.0,188.0,199.0,211.0,235.0,272.0,401.0,435.0,437.0,482.0,491.0,590.0,628.0,679.0,684.0,698.0,770.0,791.0,845.0,871.0,957.0,971.0,986.0,998.0,
3.0,40.0,52.0,74.0,88.0,124.0,129.0,138.0,153.0,168.0,206.0,219.0,225.0,236.0,251.0,297.0,319.0,343.0,350.0,424.0,440.0,441.0,481.0,544.0,572.0,590.0,639.0,654.0,687.0,730.0,735.0,749.0,761.0,786.0,852.0,852.0,889.0,903.0,910.0,915.0,919.0,923.0,947.0,959.0,961.0,965.0,978.0,982.0,998.0,998.0,
9.0,17.0,48.0,101.0,159.0,180.0,184.0,198.0,211.0,218.0,286.0,288.0,302.0,315.0,343.0,354.0,354.0,367.0,375.0,398.0,464.0,464.0,515.0,581.0,584.0,603.0,606.0,621.0,671.0,672.0,681.0,708.0,750.0,757.0,768.0,769.0,820.0,843.0,850.0,867.0,889.0,908.0,
21.0,26.0,27.0,52.0,134.0,138.0,165.0,183.0,200.0,226.0,251.0,267.0,289.0,293.0,316.0,331.0,332.0,353.0,419.0,420.0,472.0,477.0,510.0,554.0,562.0,604.0,620.0,633.0,653.0,716.0,749.0,760.0,810.0,823.0,844.0,897.0,904.0,945.0,946.0,957.0,
32.0,84.0,138.0,166.0,179.0,301.0,303.0,325.0,360.0,373.0,474.0,482.0,647.0,658.0,660.0,673.0,702.0,708.0,719.0,731.0,752.0,799.0,819.0,840.0,889.0,917.0,966.0,970.0,
2.0,31.0,47.0,47.0,95.0,105.0,118.0,123.0,133.0,153.0,170.0,202.0,244.0,245.0,281.0,431.0,448.0,469.0,474.0,594.0,604.0,632.0,635.0,637.0,639.0,648.0,743.0,758.0,784.0,823.0,870.0,887.0,897.0,961.0,992.0,
81.0,143.0,149.0,155.0,161.0,171.0,215.0,234.0,285.0,290.0,292.0,293.0,352.0,375.0,407.0,422.0,436.0,478.0,522.0,531.0,531.0,538.0,563.0,567.0,568.0,570.0,573.0,716.0,729.0,782.0,808.0,811.0,812.0,840.0,854.0,908.0,910.0,923.0,942.0,
20.0,22.0,46.0,63.0,64.0,87.0,125.0,153.0,182.0,196.0,198.0,212.0,249.0,294.0,316.0,316.0,391.0,407.0,427.0,481.0,501.0,534.0,583.0,586.0,595.0,635.0,639.0,645.0,652.0,664.0,749.0,870.0,934.0,946.0,950.0,971.0,987.0,
16.0,69.0,73.0,95.0,109.0,111.0,179.0,253.0,253.0,318.0,360.0,367.0,440.0,446.0,453.0,481.0,523.0,541.0,621.0,644.0,645.0,690.0,803.0,985.0,
37.0,71.0,82.0,124.0,124.0,147.0,212.0,256.0,283.0,291.0,324.0,400.0,420.0,425.0,439.0,633.0,692.0,749.0,818.0,848.0,860.0,906.0,930.0,941.0,960.0,961.0,
31.0,35.0,39.0,53.0,60.0,113.0,161.0,194.0,232.0,269.0,277.0,280.0,287.0,298.0,350.0,361.0,364.0,422.0,450.0,461.0,498.0,509.0,534.0,635.0,644.0,674.0,674.0,679.0,717.0,756.0,762.0,793.0,834.0,841.0,846.0,875.0,965.0,998.0,
8.0,58.0,110.0,131.0,157.0,179.0,218.0,262.0,307.0,333.0,337.0,348.0,432.0,433.0,487.0,508.0,509.0,513.0,516.0,555.0,559.0,575.0,578.0,610.0,616.0,650.0,685.0,686.0,733.0,845.0,855.0,891.0,909.0,924.0,933.0,939.0,940.0,956.0,957.0,965.0,975.0,999.0,
14.0,17.0,146.0,167.0,185.0,194.0,216.0,238.0,255.0,257.0,272.0,278.0,287.0,293.0,314.0,320.0,337.0,468.0,469.0,503.0,530.0,535.0,554.0,568.0,609.0,623.0,645.0,673.0,743.0,758.0,762.0,781.0,810.0,827.0,841.0,879.0,904.0,913.0,933.0,986.0,
6.0,30.0,53.0,86.0,157.0,193.0,202.0,219.0,235.0,235.0,243.0,263.0,280.0,368.0,379.0,397.0,417.0,426.0,436.0,443.0,490.0,513.0,545.0,550.0,571.0,617.0,632.0,667.0,722.0,746.0,773.0,779.0,856.0,902.0,918.0,957.0,979.0,
27.0,50.0,85.0,90.0,101.0,109.0,119.0,134.0,209.0,218.0,226.0,233.0,242.0,280.0,310.0,320.0,326.0,346.0,368.0,380.0,402.0,411.0,458.0,507.0,551.0,556.0,562.0,603.0,618.0,628.0,628.0,647.0,666.0,718.0,748.0,786.0,789.0,808.0,858.0,882.0,957.0,979.0,
27.0,88.0,105.0,140.0,142.0,156.0,177.0,182.0,184.0,191.0,200.0,247.0,249.0,280.0,291.0,305.0,329.0,332.0,408.0,412.0,426.0,428.0,450.0,454.0,458.0,481.0,496.0,506.0,512.0,530.0,533.0,533.0,538.0,557.0,594.0,743.0,751.0,752.0,787.0,852.0,884.0,928.0,932.0,980.0,988.0,993.0,
5.0,68.0,77.0,113.0,125.0,140.0,142.0,169.0,215.0,223.0,249.0,291.0,318.0,370.0,392.0,438.0,441.0,488.0,583.0,623.0,624.0,633.0,661.0,728.0,818.0,932.0,960.0,997.0,
37.0,38.0,82.0,99.0,154.0,158.0,161.0,209.0,224.0,252.0,259.0,270.0,272.0,279.0,301.0,390.0,393.0,424.0,429.0,464.0,471.0,477.0,520.0,528.0,542.0,542.0,546.0,567.0,577.0,639.0,645.0,748.0,761.0,845.0,962.0,983.0,1000.0,
13.0,23.0,127.0,208.0,223.0,302.0,330.0,331.0,452.0,503.0,516.0,545.0,558.0,563.0,564.0,582.0,596.0,629.0,629.0,680.0,740.0,754.0,763.0,775.0,779.0,814.0,863.0,870.0,888.0,910.0,976.0,986.0,
2.0,46.0,127.0,134.0,170.0,187.0,188.0,195.0,239.0,263.0,275.0,312.0,434.0,479.0,482.0,483.0,521.0,524.0,535.0,535.0,539.0,548.0,559.0,562.0,586.0,595.0,628.0,632.0,642.0,664.0,724.0,746.0,770.0,775.0,821.0,885.0,989.0,
26.0,60.0,69.0,95.0,100.0,156.0,166.0,168.0,180.0,189.0,256.0,283.0,320.0,330.0,336.0,418.0,427.0,440.0,447.0,447.0,447.0,463.0,466.0,467.0,480.0,512.0,532.0,545.0,555.0,713.0,718.0,792.0,817.0,829.0,897.0,915.0,943.0,
45.0,90.0,90.0,90.0,107.0,145.0,158.0,165.0,194.0,215.0,219.0,260.0,266.0,281.0,366.0,381.0,385.0,470.0,478.0,578.0,582.0,584.0,670.0,736.0,760.0,780.0,791.0,805.0,835.0,950.0,
41.0,92.0,93.0,111.0,137.0,153.0,221.0,256.0,272.0,280.0,320.0,372.0,410.0,414.0,427.0,444.0,449.0,486.0,516.0,532.0,542.0,542.0,578.0,586.0,626.0,739.0,749.0,752.0,787.0,831.0,849.0,885.0,940.0,946.0,987.0,998.0,
14.0,17.0,58.0,64.0,75.0,124.0,174.0,187.0,235.0,236.0,273.0,311.0,373.0,406.0,411.0,418.0,425.0,436.0,473.0,546.0,562.0,639.0,647.0,655.0,701.0,706.0,743.0,765.0,804.0,806.0,829.0,904.0,911.0,919.0,
4.0,34.0,41.0,53.0,68.0,94.0,171.0,203.0,207.0,224.0,230.0,291.0,363.0,373.0,397.0,480.0,528.0,540.0,552.0,577.0,643.0,658.0,660.0,660.0,697.0,765.0,794.0,796.0,882.0,900.0,902.0,908.0,942.0,943.0,985.0,
95.0,114.0,120.0,171.0,175.0,252.0,253.0,267.0,273.0,273.0,275.0,278.0,281.0,302.0,316.0,325.0,331.0,333.0,410.0,440.0,450.0,452.0,487.0,518.0,561.0,602.0,620.0,656.0,699.0,705.0,808.0,839.0,904.0,911.0,994.0,
22.0,30.0,38.0,72.0,97.0,106.0,141.0,141.0,154.0,177.0,178.0,193.0,227.0,263.0,295.0,320.0,320.0,330.0,341.0,357.0,362.0,375.0,376.0,424.0,478.0,543.0,547.0,549.0,549.0,562.0,575.0,616.0,651.0,662.0,693.0,743.0,777.0,782.0,795.0,802.0,841.0,896.0,913.0,914.0,916.0,944.0,949.0,974.0,988.0,
43.0,83.0,88.0,110.0,150.0,168.0,197.0,225.0,231.0,247.0,269.0,338.0,362.0,386.0,430.0,446.0,489.0,509.0,525.0,529.0,532.0,536.0,544.0,549.0,552.0,553.0,566.0,572.0,579.0,579.0,580.0,583.0,605.0,617.0,644.0,682.0,682.0,696.0,709.0,713.0,737.0,744.0,781.0,785.0,787.0,791.0,793.0,800.0,819.0,831.0,843.0,848.0,877.0,892.0,899.0,901.0,908.0,915.0,920.0,941.0,964.0,968.0,969.0,971.0,973.0,984.0,996.0,
47.0,50.0,57.0,118.0,189.0,201.0,314.0,349.0,353.0,382.0,417.0,463.0,486.0,486.0,490.0,503.0,517.0,523.0,530.0,533.0,540.0,546.0,550.0,563.0,563.0,569.0,570.0,573.0,609.0,616.0,632.0,644.0,647.0,651.0,657.0,707.0,721.0,752.0,764.0,764.0,782.0,786.0,821.0,823.0,824.0,827.0,851.0,874.0,876.0,879.0,897.0,900.0,902.0,905.0,919.0,949.0,950.0,969.0,972.0,976.0,
10.0,12.0,76.0,77.0,85.0,102.0,120.0,129.0,190.0,225.0,227.0,245.0,263.0,293.0,306.0,401.0,431.0,439.0,453.0,470.0,506.0,528.0,530.0,533.0,537.0,544.0,545.0,546.0,547.0,556.0,558.0,564.0,579.0,581.0,603.0,609.0,610.0,612.0,621.0,622.0,638.0,639.0,646.0,660.0,662.0,662.0,714.0,718.0,723.0,728.0,728.0,730.0,742.0,752.0,764.0,780.0,783.0,785.0,803.0,840.0,856.0,871.0,875.0,878.0,897.0,905.0,906.0,919.0,963.0,970.0,979.0,983.0,995.0,
20.0,28.0,31.0,43.0,82.0,146.0,159.0,170.0,187.0,205.0,252.0,256.0,296.0,376.0,389.0,486.0,513.0,521.0,547.0,548.0,551.0,560.0,568.0,580.0,587.0,612.0,614.0,698.0,735.0,737.0,754.0,788.0,827.0,840.0,840.0,849.0,852.0,881.0,885.0,923.0,937.0,980.0,983.0,986.0,
73.0,128.0,141.0,210.0,251.0,259.0,260.0,274.0,329.0,330.0,378.0,406.0,423.0,432.0,511.0,554.0,558.0,568.0,570.0,684.0,855.0,887.0,998.0,
44.0,45.0,59.0,64.0,69.0,112.0,116.0,125.0,130.0,154.0,173.0,176.0,183.0,210.0,219.0,259.0,296.0,329.0,347.0,370.0,371.0,390.0,456.0,464.0,475.0,482.0,507.0,518.0,530.0,536.0,537.0,550.0,587.0,606.0,623.0,630.0,636.0,662.0,669.0,719.0,720.0,797.0,797.0,816.0,820.0,837.0,849.0,892.0,895.0,918.0,919.0,934.0,948.0,
44.0,71.0,73.0,84.0,130.0,139.0,140.0,147.0,153.0,264.0,291.0,350.0,414.0,449.0,468.0,484.0,486.0,488.0,550.0,573.0,631.0,638.0,654.0,698.0,712.0,763.0,805.0,819.0,871.0,876.0,
57.0,58.0,86.0,88.0,94.0,108.0,112.0,175.0,190.0,203.0,232.0,241.0,268.0,289.0,300.0,318.0,334.0,342.0,343.0,345.0,440.0,490.0,512.0,557.0,576.0,579.0,595.0,600.0,603.0,610.0,620.0,665.0,672.0,681.0,698.0,738.0,793.0,812.0,817.0,889.0,905.0,907.0,
2.0,28.0,109.0,125.0,127.0,135.0,211.0,218.0,222.0,401.0,406.0,412.0,505.0,516.0,526.0,576.0,625.0,632.0,637.0,643.0,660.0,669.0,690.0,724.0,736.0,746.0,773.0,794.0,859.0,876.0,941.0,974.0,
27.0,37.0,42.0,72.0,81.0,91.0,100.0,135.0,152.0,152.0,178.0,182.0,183.0,204.0,262.0,273.0,288.0,312.0,354.0,394.0,428.0,451.0,481.0,494.0,527.0,528.0,529.0,530.0,533.0,534.0,535.0,538.0,538.0,542.0,543.0,545.0,546.0,548.0,569.0,569.0,570.0,583.0,593.0,599.0,610.0,615.0,615.0,632.0,633.0,636.0,655.0,671.0,673.0,681.0,692.0,693.0,700.0,715.0,729.0,734.0,745.0,749.0,770.0,771.0,794.0,800.0,803.0,820.0,853.0,875.0,882.0,889.0,896.0,915.0,921.0,926.0,947.0,962.0,971.0,
39.0,65.0,76.0,96.0,148.0,148.0,183.0,219.0,288.0,310.0,329.0,362.0,365.0,393.0,431.0,445.0,470.0,472.0,521.0,522.0,526.0,527.0,530.0,532.0,533.0,536.0,537.0,544.0,544.0,545.0,555.0,555.0,560.0,561.0,562.0,574.0,586.0,588.0,592.0,597.0,612.0,615.0,615.0,622.0,669.0,671.0,681.0,682.0,685.0,704.0,706.0,713.0,733.0,741.0,743.0,758.0,765.0,785.0,835.0,836.0,838.0,846.0,884.0,900.0,901.0,968.0,972.0,973.0,974.0,976.0,
35.0,60.0,98.0,100.0,159.0,193.0,252.0,256.0,261.0,313.0,340.0,420.0,421.0,429.0,453.0,455.0,461.0,519.0,523.0,527.0,530.0,538.0,547.0,549.0,564.0,566.0,568.0,575.0,582.0,592.0,594.0,597.0,624.0,628.0,635.0,653.0,655.0,676.0,679.0,679.0,693.0,694.0,703.0,722.0,739.0,760.0,769.0,775.0,809.0,830.0,830.0,845.0,866.0,868.0,877.0,879.0,888.0,920.0,931.0,946.0,
5.0,68.0,75.0,78.0,84.0,121.0,138.0,140.0,173.0,186.0,198.0,208.0,210.0,215.0,229.0,282.0,288.0,297.0,315.0,348.0,351.0,427.0,482.0,526.0,536.0,547.0,549.0,551.0,564.0,567.0,567.0,569.0,575.0,579.0,579.0,584.0,590.0,596.0,596.0,608.0,609.0,624.0,630.0,632.0,646.0,659.0,664.0,672.0,685.0,686.0,701.0,729.0,783.0,791.0,796.0,802.0,811.0,815.0,823.0,824.0,827.0,850.0,854.0,862.0,888.0,908.0,945.0,958.0,970.0,983.0,986.0,
62.0,69.0,100.0,124.0,200.0,235.0,263.0,270.0,293.0,411.0,426.0,427.0,428.0,451.0,478.0,494.0,509.0,521.0,535.0,536.0,537.0,545.0,549.0,549.0,552.0,556.0,557.0,558.0,568.0,570.0,574.0,579.0,581.0,589.0,599.0,608.0,613.0,631.0,631.0,638.0,654.0,662.0,663.0,689.0,704.0,709.0,720.0,723.0,731.0,735.0,747.0,779.0,790.0,794.0,805.0,811.0,827.0,829.0,831.0,843.0,847.0,857.0,860.0,861.0,887.0,904.0,912.0,916.0,922.0,947.0,981.0,984.0,
53.0,93.0,114.0,131.0,195.0,243.0,244.0,309.0,328.0,351.0,426.0,486.0,488.0,566.0,569.0,601.0,652.0,735.0,738.0,739.0,758.0,803.0,815.0,817.0,850.0,865.0,874.0,892.0,931.0,933.0,
41.0,42.0,85.0,95.0,118.0,123.0,172.0,196.0,206.0,261.0,315.0,329.0,383.0,430.0,496.0,529.0,549.0,554.0,564.0,565.0,570.0,609.0,609.0,658.0,700.0,712.0,726.0,753.0,753.0,763.0,788.0,825.0,842.0,874.0,874.0,885.0,888.0,919.0,925.0,942.0,966.0,
19.0,58.0,105.0,168.0,174.0,184.0,187.0,193.0,292.0,318.0,383.0,429.0,507.0,515.0,567.0,572.0,581.0,605.0,605.0,663.0,667.0,698.0,707.0,733.0,778.0,781.0,813.0,853.0,908.0,912.0,930.0,953.0,973.0,985.0,
20.0,50.0,51.0,73.0,88.0,89.0,89.0,122.0,193.0,234.0,264.0,264.0,266.0,276.0,321.0,331.0,381.0,381.0,426.0,435.0,463.0,528.0,537.0,591.0,617.0,629.0,693.0,713.0,779.0,801.0,809.0,823.0,864.0,976.0,
22.0,74.0,81.0,123.0,125.0,130.0,135.0,188.0,190.0,191.0,197.0,266.0,271.0,288.0,353.0,394.0,397.0,411.0,428.0,502.0,512.0,526.0,527.0,534.0,542.0,554.0,573.0,576.0,581.0,613.0,645.0,655.0,660.0,661.0,681.0,685.0,687.0,724.0,746.0,766.0,777.0,783.0,812.0,819.0,843.0,862.0,865.0,877.0,889.0,933.0,937.0,938.0,951.0,953.0,955.0,991.0,
43.0,72.0,105.0,121.0,220.0,231.0,248.0,324.0,327.0,340.0,359.0,365.0,395.0,417.0,438.0,438.0,466.0,478.0,491.0,521.0,522.0,525.0,525.0,527.0,529.0,538.0,540.0,541.0,546.0,558.0,570.0,571.0,572.0,574.0,579.0,584.0,598.0,614.0,627.0,633.0,639.0,644.0,645.0,652.0,667.0,675.0,694.0,711.0,739.0,777.0,787.0,798.0,807.0,813.0,815.0,825.0,825.0,827.0,831.0,839.0,860.0,872.0,879.0,879.0,886.0,893.0,901.0,913.0,917.0,924.0,934.0,947.0,955.0,960.0,972.0,981.0,981.0,984.0,995.0,996.0,
77.0,179.0,211.0,326.0,351.0,356.0,361.0,372.0,426.0,440.0,449.0,450.0,519.0,521.0,522.0,524.0,525.0,528.0,532.0,532.0,544.0,556.0,564.0,567.0,572.0,587.0,588.0,590.0,602.0,611.0,612.0,614.0,619.0,623.0,640.0,650.0,671.0,677.0,693.0,704.0,727.0,734.0,742.0,749.0,757.0,760.0,797.0,801.0,826.0,831.0,859.0,860.0,864.0,882.0,900.0,918.0,921.0,926.0,943.0,975.0,
16.0,26.0,55.0,65.0,75.0,83.0,92.0,104.0,135.0,223.0,224.0,234.0,277.0,314.0,320.0,347.0,353.0,359.0,370.0,370.0,379.0,493.0,494.0,531.0,531.0,532.0,533.0,535.0,536.0,538.0,544.0,548.0,551.0,556.0,564.0,568.0,570.0,570.0,576.0,576.0,582.0,583.0,586.0,590.0,596.0,599.0,623.0,642.0,662.0,672.0,691.0,696.0,698.0,705.0,744.0,760.0,763.0,784.0,785.0,787.0,787.0,790.0,822.0,836.0,846.0,850.0,853.0,862.0,886.0,889.0,904.0,973.0,989.0,
61.0,84.0,110.0,114.0,158.0,176.0,210.0,223.0,227.0,233.0,269.0,286.0,302.0,310.0,343.0,346.0,349.0,367.0,382.0,424.0,464.0,515.0,527.0,540.0,543.0,545.0,554.0,558.0,564.0,570.0,578.0,579.0,581.0,585.0,586.0,592.0,592.0,606.0,634.0,635.0,640.0,645.0,654.0,654.0,656.0,660.0,691.0,693.0,694.0,713.0,729.0,761.0,786.0,791.0,806.0,811.0,825.0,833.0,849.0,859.0,876.0,910.0,917.0,938.0,949.0,976.0,
24.0,30.0,72.0,83.0,105.0,124.0,150.0,190.0,267.0,267.0,296.0,339.0,401.0,421.0,429.0,509.0,512.0,515.0,523.0,525.0,537.0,537.0,541.0,543.0,546.0,551.0,552.0,554.0,558.0,560.0,562.0,563.0,565.0,566.0,569.0,571.0,575.0,577.0,580.0,581.0,583.0,587.0,588.0,595.0,613.0,624.0,625.0,641.0,642.0,676.0,705.0,708.0,709.0,720.0,746.0,751.0,766.0,771.0,801.0,841.0,844.0,845.0,874.0,887.0,909.0,931.0,944.0,946.0,948.0,965.0,974.0,981.0,1000.0,
24.0,25.0,42.0,113.0,146.0,281.0,286.0,306.0,358.0,369.0,378.0,392.0,452.0,492.0,508.0,533.0,541.0,558.0,563.0,587.0,607.0,612.0,667.0,670.0,698.0,781.0,832.0,864.0,885.0,916.0,938.0,955.0,
27.0,57.0,64.0,66.0,72.0,81.0,81.0,96.0,150.0,151.0,175.0,176.0,194.0,238.0,244.0,278.0,319.0,332.0,351.0,385.0,443.0,468.0,520.0,528.0,552.0,592.0,618.0,659.0,727.0,743.0,796.0,808.0,858.0,928.0,932.0,959.0,966.0,
13.0,45.0,138.0,140.0,175.0,217.0,309.0,347.0,370.0,370.0,395.0,408.0,417.0,438.0,466.0,493.0,510.0,540.0,604.0,665.0,691.0,760.0,799.0,800.0,802.0,805.0,898.0,927.0,992.0,993.0,994.0,995.0,1000.0,
38.0,65.0,94.0,110.0,121.0,147.0,152.0,189.0,201.0,202.0,205.0,249.0,266.0,341.0,345.0,404.0,409.0,420.0,467.0,489.0,504.0,512.0,533.0,536.0,554.0,562.0,607.0,615.0,622.0,629.0,629.0,668.0,698.0,712.0,813.0,843.0,847.0,851.0,883.0,886.0,980.0,998.0,
9.0,14.0,50.0,140.0,159.0,180.0,186.0,201.0,211.0,309.0,316.0,343.0,382.0,392.0,396.0,457.0,486.0,506.0,507.0,526.0,544.0,570.0,572.0,592.0,592.0,660.0,668.0,683.0,761.0,773.0,790.0,906.0,948.0,969.0,974.0,984.0,995.0,
30.0,33.0,39.0,156.0,178.0,231.0,245.0,251.0,259.0,261.0,293.0,324.0,328.0,331.0,345.0,413.0,416.0,430.0,525.0,530.0,537.0,538.0,544.0,547.0,549.0,560.0,560.0,563.0,578.0,589.0,594.0,596.0,604.0,611.0,613.0,628.0,637.0,641.0,645.0,647.0,661.0,672.0,707.0,708.0,718.0,719.0,722.0,751.0,806.0,815.0,821.0,823.0,824.0,848.0,867.0,897.0,928.0,955.0,979.0,981.0,
4.0,38.0,55.0,93.0,124.0,172.0,173.0,191.0,194.0,205.0,225.0,228.0,235.0,266.0,443.0,453.0,487.0,517.0,518.0,526.0,538.0,550.0,552.0,552.0,554.0,555.0,559.0,561.0,568.0,576.0,579.0,581.0,591.0,598.0,605.0,605.0,612.0,613.0,615.0,618.0,619.0,624.0,630.0,632.0,632.0,633.0,638.0,651.0,652.0,656.0,676.0,678.0,714.0,740.0,756.0,758.0,761.0,772.0,776.0,797.0,851.0,865.0,869.0,886.0,897.0,910.0,922.0,930.0,945.0,946.0,977.0,982.0,993.0,998.0,
51.0,66.0,127.0,130.0,181.0,234.0,296.0,328.0,354.0,357.0,361.0,393.0,414.0,431.0,462.0,514.0,527.0,535.0,536.0,537.0,542.0,542.0,547.0,561.0,562.0,570.0,579.0,584.0,592.0,595.0,596.0,600.0,602.0,603.0,611.0,612.0,616.0,629.0,635.0,635.0,644.0,646.0,656.0,657.0,659.0,663.0,673.0,675.0,679.0,681.0,693.0,727.0,742.0,757.0,785.0,802.0,803.0,807.0,819.0,834.0,842.0,869.0,895.0,953.0,956.0,990.0,997.0,
14.0,54.0,61.0,72.0,77.0,89.0,92.0,121.0,127.0,163.0,169.0,170.0,181.0,199.0,221.0,237.0,248.0,276.0,315.0,317.0,334.0,372.0,403.0,408.0,438.0,454.0,459.0,500.0,520.0,522.0,529.0,533.0,533.0,533.0,538.0,540.0,544.0,555.0,564.0,564.0,578.0,580.0,586.0,587.0,591.0,594.0,600.0,616.0,640.0,646.0,657.0,676.0,681.0,687.0,698.0,701.0,704.0,713.0,724.0,733.0,766.0,769.0,822.0,834.0,838.0,850.0,855.0,869.0,880.0,917.0,946.0,949.0,957.0,984.0,986.0,991.0,992.0,
28.0,34.0,48.0,63.0,92.0,95.0,109.0,119.0,119.0,163.0,169.0,227.0,230.0,247.0,292.0,311.0,341.0,350.0,424.0,485.0,509.0,510.0,518.0,520.0,527.0,527.0,534.0,534.0,534.0,541.0,552.0,554.0,560.0,560.0,562.0,565.0,565.0,572.0,592.0,605.0,620.0,624.0,630.0,635.0,642.0,642.0,646.0,659.0,667.0,676.0,693.0,723.0,733.0,758.0,764.0,770.0,783.0,798.0,806.0,809.0,812.0,813.0,813.0,833.0,846.0,848.0,849.0,857.0,878.0,878.0,889.0,899.0,921.0,930.0,942.0,951.0,969.0,983.0,989.0,994.0,
5.0,42.0,76.0,93.0,103.0,115.0,175.0,198.0,222.0,282.0,354.0,364.0,364.0,371.0,447.0,457.0,472.0,517.0,550.0,610.0,614.0,703.0,716.0,738.0,738.0,743.0,752.0,756.0,796.0,839.0,964.0,997.0,
10.0,17.0,33.0,35.0,132.0,152.0,161.0,192.0,222.0,298.0,322.0,323.0,344.0,348.0,381.0,381.0,390.0,437.0,486.0,553.0,557.0,574.0,582.0,612.0,643.0,708.0,767.0,804.0,806.0,809.0,866.0,883.0,952.0,974.0,
13.0,23.0,38.0,44.0,146.0,148.0,223.0,238.0,391.0,396.0,405.0,436.0,475.0,520.0,623.0,692.0,736.0,773.0,791.0,844.0,846.0,863.0,907.0,909.0,
51.0,54.0,60.0,62.0,69.0,90.0,150.0,178.0,178.0,214.0,260.0,281.0,293.0,347.0,364.0,378.0,399.0,420.0,522.0,558.0,583.0,590.0,646.0,662.0,664.0,671.0,674.0,729.0,729.0,743.0,751.0,809.0,840.0,866.0,867.0,897.0,915.0,958.0,973.0,976.0,977.0,
21.0,22.0,55.0,82.0,107.0,136.0,139.0,184.0,213.0,221.0,222.0,253.0,264.0,270.0,281.0,316.0,320.0,381.0,423.0,483.0,492.0,496.0,520.0,565.0,720.0,722.0,767.0,841.0,864.0,876.0,902.0,925.0,944.0,963.0,972.0,
12.0,38.0,51.0,55.0,89.0,93.0,133.0,152.0,153.0,168.0,175.0,216.0,216.0,219.0,238.0,308.0,332.0,420.0,463.0,463.0,522.0,531.0,534.0,556.0,557.0,558.0,565.0,568.0,584.0,599.0,633.0,639.0,644.0,654.0,656.0,658.0,666.0,674.0,678.0,693.0,699.0,708.0,713.0,723.0,724.0,725.0,732.0,736.0,767.0,826.0,844.0,850.0,850.0,853.0,860.0,880.0,891.0,899.0,900.0,925.0,926.0,934.0,939.0,952.0,972.0,979.0,
31.0,34.0,37.0,39.0,52.0,56.0,69.0,73.0,75.0,98.0,102.0,113.0,201.0,228.0,244.0,244.0,311.0,312.0,320.0,331.0,360.0,382.0,395.0,413.0,444.0,471.0,508.0,523.0,526.0,527.0,530.0,530.0,531.0,533.0,538.0,547.0,549.0,554.0,555.0,560.0,560.0,569.0,570.0,586.0,586.0,590.0,593.0,622.0,625.0,627.0,637.0,637.0,638.0,645.0,653.0,665.0,669.0,673.0,676.0,680.0,683.0,694.0,698.0,701.0,703.0,716.0,735.0,736.0,765.0,780.0,803.0,833.0,842.0,860.0,877.0,881.0,890.0,907.0,921.0,928.0,930.0,931.0,934.0,935.0,950.0,972.0,977.0,978.0,984.0,985.0,988.0,
32.0,74.0,90.0,179.0,206.0,208.0,225.0,273.0,278.0,298.0,318.0,381.0,417.0,505.0,529.0,530.0,535.0,538.0,539.0,541.0,550.0,554.0,565.0,570.0,578.0,582.0,587.0,588.0,592.0,597.0,599.0,600.0,622.0,623.0,636.0,667.0,705.0,725.0,744.0,799.0,814.0,815.0,825.0,826.0,831.0,875.0,877.0,881.0,910.0,915.0,917.0,931.0,957.0,957.0,966.0,969.0,970.0,992.0,993.0,997.0,
7.0,10.0,34.0,78.0,100.0,142.0,154.0,156.0,159.0,173.0,177.0,239.0,249.0,278.0,292.0,477.0,487.0,506.0,527.0,530.0,539.0,541.0,546.0,547.0,549.0,556.0,558.0,562.0,563.0,567.0,576.0,586.0,589.0,601.0,602.0,604.0,628.0,632.0,633.0,635.0,650.0,665.0,675.0,685.0,696.0,713.0,725.0,732.0,745.0,770.0,781.0,784.0,818.0,820.0,828.0,837.0,850.0,856.0,882.0,908.0,938.0,952.0,954.0,971.0,976.0,994.0,
8.0,9.0,21.0,67.0,74.0,85.0,91.0,160.0,178.0,210.0,220.0,268.0,303.0,314.0,326.0,335.0,337.0,342.0,359.0,400.0,450.0,462.0,518.0,534.0,535.0,536.0,537.0,554.0,557.0,561.0,576.0,601.0,613.0,633.0,647.0,719.0,731.0,776.0,788.0,829.0,839.0,845.0,855.0,891.0,896.0,902.0,930.0,980.0,
6.0,17.0,60.0,64.0,78.0,96.0,107.0,116.0,134.0,219.0,241.0,284.0,338.0,338.0,399.0,447.0,448.0,458.0,481.0,496.0,534.0,540.0,545.0,556.0,589.0,630.0,653.0,685.0,685.0,711.0,721.0,758.0,782.0,838.0,900.0,940.0,940.0,946.0,963.0,971.0,
4.0,17.0,118.0,219.0,271.0,272.0,274.0,334.0,404.0,434.0,440.0,469.0,501.0,514.0,519.0,519.0,532.0,550.0,601.0,652.0,723.0,845.0,871.0,904.0,916.0,928.0,947.0,970.0,988.0,999.0,
31.0,33.0,48.0,65.0,94.0,94.0,120.0,154.0,195.0,236.0,251.0,313.0,317.0,329.0,349.0,356.0,363.0,387.0,424.0,445.0,448.0,449.0,453.0,510.0,514.0,641.0,642.0,680.0,782.0,815.0,829.0,835.0,843.0,863.0,877.0,939.0,948.0,981.0,
9.0,16.0,36.0,41.0,42.0,67.0,122.0,128.0,145.0,183.0,198.0,268.0,300.0,310.0,338.0,446.0,471.0,481.0,482.0,498.0,555.0,565.0,583.0,627.0,654.0,713.0,795.0,808.0,872.0,888.0,901.0,963.0,975.0,980.0,989.0,
38.0,52.0,72.0,87.0,96.0,102.0,111.0,137.0,152.0,156.0,159.0,170.0,207.0,225.0,247.0,279.0,284.0,293.0,296.0,314.0,315.0,430.0,448.0,468.0,497.0,497.0,520.0,522.0,542.0,558.0,662.0,678.0,718.0,719.0,731.0,780.0,943.0,952.0,955.0,969.0,974.0,981.0,998.0,
6.0,223.0,265.0,267.0,336.0,349.0,355.0,434.0,470.0,474.0,484.0,497.0,502.0,519.0,545.0,548.0,566.0,569.0,624.0,632.0,712.0,733.0,790.0,794.0,870.0,924.0,932.0,979.0,990.0,993.0,
27.0,37.0,81.0,84.0,93.0,107.0,130.0,216.0,236.0,244.0,245.0,288.0,288.0,296.0,367.0,398.0,411.0,423.0,438.0,442.0,454.0,482.0,492.0,499.0,502.0,510.0,525.0,530.0,537.0,569.0,587.0,615.0,657.0,718.0,799.0,851.0,853.0,913.0,913.0,955.0,
16.0,22.0,26.0,53.0,104.0,138.0,161.0,244.0,305.0,310.0,317.0,347.0,351.0,368.0,439.0,508.0,529.0,533.0,542.0,550.0,569.0,574.0,576.0,577.0,580.0,637.0,673.0,689.0,710.0,717.0,726.0,733.0,783.0,880.0,886.0,915.0,951.0,989.0,
16.0,26.0,56.0,56.0,75.0,84.0,99.0,103.0,113.0,132.0,144.0,160.0,166.0,175.0,225.0,235.0,239.0,245.0,254.0,299.0,309.0,311.0,419.0,432.0,534.0,539.0,565.0,581.0,628.0,680.0,705.0,722.0,726.0,744.0,843.0,847.0,876.0,897.0,900.0,907.0,923.0,973.0,
7.0,50.0,52.0,77.0,90.0,97.0,125.0,140.0,161.0,197.0,205.0,286.0,292.0,309.0,348.0,414.0,457.0,526.0,579.0,633.0,696.0,745.0,770.0,800.0,
14.0,44.0,48.0,99.0,127.0,145.0,152.0,262.0,271.0,272.0,284.0,323.0,371.0,394.0,422.0,492.0,493.0,501.0,517.0,522.0,575.0,586.0,610.0,624.0,634.0,697.0,774.0,844.0,946.0,
12.0,50.0,55.0,73.0,87.0,97.0,102.0,115.0,119.0,161.0,179.0,216.0,235.0,243.0,258.0,285.0,290.0,293.0,336.0,362.0,403.0,478.0,483.0,570.0,576.0,676.0,697.0,707.0,718.0,720.0,738.0,799.0,803.0,846.0,862.0,897.0,904.0,992.0,
13.0,15.0,16.0,56.0,61.0,91.0,94.0,95.0,96.0,109.0,120.0,184.0,189.0,198.0,250.0,257.0,279.0,300.0,334.0,340.0,422.0,537.0,537.0,541.0,552.0,580.0,645.0,675.0,716.0,751.0,820.0,912.0,930.0,954.0,962.0,969.0,973.0,
8.0,41.0,42.0,66.0,76.0,125.0,148.0,186.0,193.0,198.0,217.0,230.0,327.0,347.0,365.0,379.0,517.0,531.0,565.0,592.0,614.0,670.0,716.0,730.0,734.0,751.0,763.0,771.0,772.0,798.0,819.0,989.0,990.0,997.0,
7.0,9.0,12.0,44.0,53.0,54.0,55.0,58.0,65.0,132.0,145.0,160.0,173.0,202.0,247.0,250.0,258.0,371.0,391.0,416.0,418.0,432.0,440.0,542.0,549.0,553.0,578.0,642.0,642.0,648.0,663.0,680.0,773.0,792.0,835.0,835.0,874.0,929.0,979.0,995.0,
3.0,17.0,35.0,74.0,83.0,131.0,189.0,209.0,249.0,286.0,294.0,299.0,318.0,352.0,353.0,371.0,384.0,416.0,436.0,472.0,527.0,550.0,620.0,655.0,698.0,727.0,783.0,792.0,818.0,
23.0,29.0,34.0,61.0,78.0,88.0,95.0,170.0,189.0,229.0,248.0,272.0,297.0,302.0,319.0,347.0,352.0,370.0,385.0,395.0,415.0,419.0,429.0,451.0,451.0,513.0,524.0,540.0,567.0,699.0,706.0,715.0,739.0,750.0,751.0,790.0,800.0,824.0,841.0,874.0,951.0,976.0,978.0,
3.0,65.0,82.0,119.0,132.0,146.0,188.0,198.0,253.0,259.0,277.0,291.0,319.0,346.0,392.0,460.0,527.0,531.0,556.0,563.0,576.0,618.0,690.0,740.0,753.0,775.0,834.0,850.0,887.0,900.0,911.0,943.0,944.0,995.0,997.0,
48.0,115.0,126.0,148.0,158.0,166.0,198.0,229.0,256.0,341.0,346.0,358.0,363.0,368.0,403.0,411.0,418.0,519.0,562.0,599.0,617.0,662.0,669.0,758.0,771.0,782.0,794.0,801.0,802.0,807.0,831.0,844.0,883.0,884.0,920.0,922.0,954.0,971.0,998.0,
6.0,25.0,28.0,30.0,110.0,131.0,150.0,172.0,253.0,278.0,279.0,287.0,341.0,380.0,388.0,393.0,426.0,443.0,461.0,476.0,543.0,556.0,583.0,594.0,599.0,642.0,650.0,758.0,783.0,824.0,874.0,879.0,882.0,908.0,914.0,915.0,944.0,
24.0,27.0,34.0,38.0,59.0,60.0,71.0,102.0,115.0,131.0,148.0,155.0,213.0,248.0,264.0,285.0,288.0,374.0,398.0,475.0,484.0,515.0,538.0,566.0,572.0,588.0,646.0,662.0,698.0,720.0,735.0,736.0,750.0,751.0,787.0,841.0,861.0,936.0,940.0,958.0,977.0,
16.0,29.0,50.0,88.0,129.0,148.0,156.0,166.0,218.0,250.0,256.0,257.0,277.0,293.0,363.0,369.0,386.0,401.0,403.0,449.0,479.0,559.0,638.0,670.0,686.0,686.0,697.0,698.0,725.0,751.0,769.0,799.0,867.0,924.0,937.0,983.0,988.0,996.0,997.0,999.0,
