38.0,38.0,85.0,91.0,94.0,100.0,107.0,112.0,117.0,133.0,161.0,163.0,216.0,303.0,324.0,334.0,334.0,393.0,459.0,469.0,479.0,483.0,534.0,545.0,585.0,614.0,623.0,667.0,685.0,701.0,737.0,792.0,804.0,837.0,842.0,863.0,879.0,927.0,946.0,
13.0,17.0,41.0,49.0,69.0,85.0,102.0,125.0,165.0,212.0,216.0,251.0,297.0,321.0,324.0,329.0,348.0,355.0,368.0,394.0,429.0,475.0,483.0,495.0,497.0,551.0,624.0,626.0,638.0,676.0,690.0,691.0,715.0,745.0,756.0,798.0,834.0,898.0,922.0,974.0,
2.0,4.0,31.0,49.0,171.0,172.0,183.0,188.0,251.0,268.0,278.0,280.0,373.0,381.0,399.0,439.0,476.0,480.0,480.0,502.0,508.0,562.0,583.0,626.0,636.0,641.0,642.0,654.0,659.0,721.0,764.0,770.0,781.0,831.0,850.0,879.0,893.0,951.0,952.0,
41.0,68.0,177.0,203.0,216.0,248.0,296.0,314.0,328.0,332.0,342.0,361.0,362.0,470.0,480.0,504.0,522.0,557.0,587.0,588.0,598.0,616.0,632.0,640.0,668.0,710.0,714.0,741.0,777.0,846.0,855.0,862.0,867.0,898.0,902.0,929.0,984.0,999.0,
4.0,13.0,47.0,69.0,85.0,86.0,107.0,146.0,183.0,231.0,277.0,308.0,320.0,343.0,366.0,384.0,403.0,405.0,410.0,421.0,424.0,438.0,468.0,477.0,536.0,612.0,612.0,632.0,670.0,693.0,702.0,787.0,866.0,883.0,914.0,938.0,951.0,
65.0,69.0,99.0,111.0,123.0,222.0,234.0,257.0,296.0,309.0,330.0,364.0,376.0,388.0,412.0,415.0,423.0,521.0,527.0,577.0,580.0,584.0,603.0,604.0,633.0,634.0,734.0,796.0,871.0,875.0,905.0,931.0,968.0,969.0,
2.0,35.0,36.0,61.0,69.0,168.0,181.0,245.0,277.0,283.0,330.0,333.0,391.0,405.0,413.0,413.0,424.0,434.0,603.0,660.0,758.0,793.0,825.0,835.0,906.0,932.0,938.0,939.0,994.0,
68.0,96.0,145.0,185.0,190.0,191.0,197.0,210.0,271.0,299.0,314.0,329.0,338.0,344.0,376.0,403.0,430.0,451.0,518.0,537.0,598.0,675.0,677.0,680.0,701.0,837.0,874.0,926.0,962.0,985.0,991.0,
24.0,74.0,75.0,85.0,121.0,165.0,174.0,188.0,193.0,237.0,246.0,256.0,263.0,289.0,302.0,322.0,330.0,339.0,379.0,398.0,400.0,405.0,490.0,515.0,549.0,590.0,621.0,704.0,706.0,719.0,758.0,763.0,775.0,782.0,803.0,804.0,828.0,843.0,854.0,889.0,897.0,924.0,945.0,949.0,969.0,970.0,986.0,
18.0,21.0,44.0,54.0,75.0,109.0,114.0,133.0,207.0,261.0,292.0,301.0,304.0,372.0,379.0,392.0,404.0,415.0,496.0,548.0,585.0,605.0,661.0,661.0,682.0,713.0,725.0,801.0,809.0,810.0,819.0,861.0,875.0,884.0,906.0,949.0,
18.0,21.0,36.0,75.0,79.0,82.0,83.0,201.0,211.0,233.0,242.0,266.0,330.0,336.0,354.0,423.0,426.0,442.0,453.0,457.0,459.0,486.0,505.0,514.0,515.0,531.0,532.0,581.0,588.0,673.0,688.0,700.0,706.0,717.0,761.0,767.0,794.0,798.0,840.0,867.0,928.0,928.0,951.0,968.0,983.0,992.0,
6.0,33.0,61.0,129.0,181.0,184.0,216.0,245.0,265.0,282.0,293.0,341.0,343.0,355.0,369.0,392.0,401.0,425.0,425.0,509.0,516.0,533.0,678.0,703.0,720.0,749.0,754.0,776.0,786.0,794.0,870.0,880.0,897.0,919.0,1000.0,
26.0,41.0,47.0,48.0,64.0,141.0,149.0,235.0,249.0,269.0,293.0,304.0,336.0,355.0,436.0,464.0,497.0,502.0,511.0,514.0,554.0,555.0,574.0,580.0,607.0,667.0,722.0,777.0,792.0,832.0,911.0,931.0,948.0,951.0,996.0,
2.0,20.0,33.0,65.0,68.0,75.0,85.0,104.0,108.0,162.0,186.0,226.0,229.0,234.0,268.0,303.0,310.0,311.0,338.0,338.0,364.0,384.0,402.0,462.0,465.0,473.0,487.0,487.0,495.0,523.0,541.0,544.0,557.0,558.0,594.0,595.0,599.0,600.0,610.0,628.0,641.0,653.0,674.0,685.0,751.0,755.0,780.0,787.0,866.0,870.0,870.0,909.0,917.0,
2.0,31.0,55.0,74.0,90.0,96.0,199.0,200.0,209.0,217.0,217.0,244.0,262.0,263.0,271.0,272.0,288.0,303.0,311.0,324.0,365.0,384.0,400.0,437.0,450.0,483.0,526.0,537.0,540.0,549.0,549.0,560.0,561.0,565.0,566.0,582.0,595.0,596.0,602.0,608.0,620.0,622.0,628.0,642.0,648.0,651.0,654.0,662.0,672.0,678.0,697.0,699.0,708.0,724.0,740.0,759.0,771.0,781.0,781.0,808.0,811.0,828.0,840.0,884.0,885.0,886.0,890.0,900.0,917.0,919.0,922.0,953.0,957.0,957.0,
17.0,17.0,146.0,215.0,239.0,255.0,289.0,328.0,336.0,350.0,357.0,383.0,401.0,420.0,441.0,443.0,457.0,461.0,497.0,502.0,516.0,542.0,553.0,560.0,560.0,564.0,566.0,574.0,622.0,636.0,638.0,641.0,643.0,645.0,653.0,655.0,666.0,669.0,723.0,766.0,773.0,773.0,778.0,778.0,790.0,791.0,803.0,807.0,828.0,830.0,837.0,874.0,897.0,901.0,904.0,906.0,906.0,921.0,927.0,933.0,935.0,974.0,
15.0,30.0,58.0,66.0,76.0,108.0,115.0,162.0,169.0,180.0,237.0,277.0,295.0,320.0,354.0,383.0,412.0,452.0,453.0,467.0,502.0,511.0,518.0,527.0,531.0,531.0,532.0,533.0,535.0,538.0,540.0,553.0,553.0,566.0,585.0,591.0,614.0,629.0,634.0,637.0,652.0,656.0,660.0,666.0,688.0,703.0,706.0,720.0,723.0,729.0,737.0,742.0,751.0,796.0,807.0,812.0,842.0,882.0,893.0,903.0,906.0,917.0,922.0,931.0,939.0,956.0,969.0,1000.0,
62.0,121.0,129.0,187.0,207.0,234.0,253.0,301.0,355.0,367.0,370.0,425.0,497.0,528.0,541.0,558.0,559.0,574.0,577.0,615.0,643.0,655.0,657.0,718.0,719.0,747.0,748.0,768.0,800.0,815.0,828.0,851.0,906.0,914.0,
12.0,21.0,27.0,31.0,62.0,119.0,154.0,168.0,175.0,179.0,187.0,241.0,265.0,275.0,276.0,297.0,352.0,358.0,377.0,408.0,418.0,429.0,432.0,475.0,481.0,507.0,511.0,542.0,611.0,620.0,629.0,699.0,827.0,840.0,917.0,939.0,944.0,957.0,989.0,
58.0,106.0,146.0,175.0,179.0,184.0,189.0,240.0,264.0,266.0,331.0,367.0,442.0,453.0,508.0,521.0,526.0,548.0,577.0,608.0,644.0,661.0,661.0,690.0,748.0,763.0,781.0,784.0,840.0,885.0,926.0,987.0,
4.0,29.0,53.0,54.0,101.0,154.0,155.0,220.0,254.0,271.0,322.0,351.0,353.0,393.0,399.0,430.0,434.0,436.0,469.0,470.0,489.0,501.0,518.0,545.0,564.0,590.0,603.0,713.0,764.0,837.0,845.0,933.0,936.0,987.0,
25.0,56.0,96.0,97.0,98.0,118.0,125.0,128.0,145.0,159.0,169.0,217.0,220.0,227.0,255.0,260.0,281.0,327.0,355.0,356.0,366.0,391.0,404.0,513.0,543.0,546.0,564.0,656.0,804.0,863.0,864.0,868.0,883.0,
45.0,81.0,124.0,170.0,291.0,322.0,334.0,338.0,356.0,361.0,367.0,373.0,384.0,388.0,449.0,459.0,468.0,491.0,500.0,511.0,519.0,520.0,520.0,526.0,530.0,539.0,554.0,555.0,556.0,579.0,593.0,600.0,605.0,612.0,620.0,645.0,655.0,664.0,673.0,684.0,687.0,702.0,724.0,737.0,744.0,755.0,804.0,824.0,848.0,857.0,929.0,936.0,950.0,
93.0,126.0,142.0,147.0,176.0,187.0,190.0,226.0,226.0,233.0,235.0,250.0,293.0,318.0,330.0,350.0,378.0,384.0,392.0,414.0,517.0,523.0,524.0,524.0,529.0,534.0,535.0,548.0,549.0,554.0,556.0,562.0,570.0,578.0,579.0,580.0,586.0,591.0,615.0,644.0,647.0,649.0,655.0,656.0,669.0,684.0,686.0,700.0,709.0,724.0,727.0,730.0,755.0,766.0,770.0,774.0,783.0,794.0,797.0,818.0,849.0,862.0,873.0,874.0,920.0,956.0,956.0,976.0,978.0,979.0,
8.0,13.0,28.0,81.0,91.0,101.0,163.0,185.0,247.0,249.0,268.0,314.0,319.0,328.0,419.0,444.0,478.0,510.0,522.0,523.0,524.0,533.0,537.0,539.0,539.0,541.0,545.0,554.0,555.0,556.0,560.0,561.0,563.0,570.0,578.0,578.0,582.0,584.0,587.0,597.0,601.0,607.0,631.0,632.0,636.0,640.0,661.0,662.0,663.0,669.0,684.0,718.0,736.0,751.0,770.0,776.0,794.0,804.0,810.0,832.0,841.0,884.0,906.0,909.0,929.0,940.0,946.0,952.0,960.0,962.0,966.0,986.0,990.0,999.0,
21.0,28.0,47.0,80.0,91.0,98.0,152.0,170.0,210.0,223.0,243.0,249.0,329.0,336.0,368.0,392.0,404.0,433.0,443.0,501.0,507.0,535.0,538.0,539.0,559.0,559.0,561.0,563.0,575.0,576.0,576.0,576.0,577.0,582.0,587.0,605.0,613.0,613.0,622.0,637.0,642.0,650.0,662.0,702.0,724.0,746.0,754.0,756.0,759.0,761.0,783.0,789.0,817.0,818.0,825.0,845.0,854.0,884.0,894.0,911.0,918.0,950.0,977.0,
39.0,94.0,97.0,108.0,109.0,124.0,139.0,150.0,259.0,272.0,296.0,359.0,369.0,369.0,411.0,412.0,419.0,427.0,435.0,486.0,500.0,510.0,534.0,536.0,565.0,566.0,574.0,574.0,578.0,585.0,603.0,604.0,620.0,624.0,634.0,641.0,652.0,664.0,668.0,721.0,727.0,761.0,781.0,785.0,786.0,789.0,795.0,797.0,807.0,816.0,819.0,827.0,837.0,838.0,838.0,859.0,864.0,872.0,879.0,882.0,888.0,892.0,893.0,895.0,905.0,922.0,942.0,947.0,959.0,963.0,966.0,972.0,990.0,
4.0,73.0,126.0,168.0,205.0,223.0,248.0,289.0,300.0,308.0,323.0,343.0,363.0,372.0,373.0,432.0,455.0,458.0,518.0,524.0,537.0,537.0,540.0,543.0,552.0,555.0,571.0,572.0,579.0,586.0,592.0,592.0,602.0,615.0,628.0,633.0,636.0,648.0,680.0,682.0,688.0,691.0,714.0,718.0,738.0,756.0,757.0,759.0,759.0,759.0,774.0,790.0,791.0,816.0,820.0,836.0,841.0,849.0,855.0,860.0,870.0,878.0,890.0,893.0,918.0,926.0,951.0,965.0,987.0,
96.0,131.0,138.0,160.0,216.0,225.0,252.0,285.0,297.0,298.0,343.0,345.0,349.0,357.0,364.0,374.0,399.0,411.0,434.0,461.0,504.0,515.0,529.0,537.0,540.0,542.0,542.0,546.0,563.0,566.0,583.0,592.0,603.0,611.0,629.0,639.0,646.0,648.0,651.0,659.0,660.0,664.0,671.0,687.0,702.0,712.0,718.0,740.0,787.0,830.0,831.0,961.0,968.0,972.0,
35.0,70.0,112.0,117.0,135.0,161.0,168.0,193.0,203.0,240.0,250.0,289.0,291.0,314.0,363.0,402.0,430.0,435.0,438.0,445.0,460.0,462.0,540.0,577.0,581.0,622.0,769.0,849.0,905.0,984.0,
10.0,10.0,16.0,17.0,32.0,51.0,95.0,118.0,124.0,129.0,191.0,193.0,257.0,324.0,340.0,362.0,402.0,430.0,435.0,445.0,446.0,473.0,697.0,815.0,815.0,817.0,930.0,947.0,950.0,970.0,998.0,
6.0,14.0,44.0,72.0,110.0,115.0,136.0,136.0,139.0,187.0,187.0,205.0,249.0,297.0,338.0,356.0,373.0,404.0,406.0,439.0,468.0,478.0,492.0,510.0,510.0,527.0,533.0,536.0,543.0,544.0,557.0,568.0,569.0,650.0,671.0,715.0,717.0,766.0,797.0,898.0,899.0,929.0,985.0,988.0,
3.0,11.0,25.0,81.0,160.0,202.0,291.0,308.0,374.0,381.0,404.0,410.0,443.0,446.0,521.0,524.0,528.0,534.0,541.0,545.0,552.0,553.0,556.0,560.0,561.0,565.0,566.0,568.0,570.0,576.0,581.0,583.0,585.0,592.0,596.0,601.0,608.0,615.0,616.0,621.0,628.0,630.0,634.0,651.0,667.0,667.0,680.0,696.0,707.0,715.0,715.0,721.0,730.0,732.0,738.0,741.0,798.0,812.0,816.0,826.0,847.0,852.0,864.0,887.0,901.0,941.0,969.0,
10.0,16.0,103.0,104.0,116.0,124.0,125.0,147.0,209.0,213.0,232.0,238.0,266.0,303.0,376.0,391.0,441.0,476.0,486.0,512.0,528.0,531.0,531.0,532.0,532.0,540.0,549.0,552.0,552.0,556.0,569.0,573.0,587.0,598.0,659.0,690.0,721.0,733.0,744.0,747.0,754.0,761.0,779.0,795.0,799.0,889.0,903.0,911.0,923.0,997.0,
3.0,9.0,48.0,74.0,86.0,91.0,100.0,103.0,107.0,124.0,169.0,171.0,226.0,276.0,310.0,321.0,325.0,340.0,342.0,356.0,367.0,376.0,387.0,403.0,429.0,470.0,479.0,493.0,500.0,512.0,520.0,527.0,528.0,533.0,535.0,544.0,547.0,549.0,556.0,571.0,572.0,581.0,584.0,586.0,587.0,595.0,640.0,651.0,675.0,689.0,689.0,694.0,701.0,735.0,741.0,753.0,774.0,797.0,807.0,825.0,831.0,832.0,838.0,845.0,861.0,861.0,888.0,899.0,901.0,974.0,983.0,
13.0,31.0,79.0,144.0,144.0,150.0,170.0,204.0,231.0,304.0,351.0,353.0,370.0,395.0,421.0,482.0,499.0,530.0,533.0,539.0,543.0,555.0,559.0,573.0,577.0,579.0,583.0,584.0,595.0,597.0,613.0,619.0,643.0,645.0,645.0,654.0,654.0,665.0,705.0,715.0,717.0,726.0,773.0,791.0,813.0,851.0,899.0,914.0,923.0,948.0,
2.0,24.0,44.0,65.0,71.0,94.0,112.0,133.0,184.0,189.0,222.0,226.0,311.0,315.0,367.0,369.0,426.0,434.0,440.0,452.0,454.0,460.0,471.0,503.0,510.0,527.0,538.0,549.0,552.0,557.0,558.0,562.0,566.0,571.0,576.0,583.0,588.0,593.0,593.0,601.0,611.0,618.0,623.0,625.0,638.0,643.0,656.0,665.0,678.0,687.0,698.0,711.0,730.0,741.0,745.0,756.0,823.0,826.0,853.0,854.0,858.0,861.0,869.0,909.0,958.0,974.0,975.0,975.0,
4.0,30.0,31.0,45.0,80.0,80.0,86.0,167.0,196.0,295.0,303.0,306.0,314.0,359.0,380.0,401.0,434.0,443.0,480.0,525.0,535.0,540.0,540.0,546.0,547.0,552.0,558.0,559.0,566.0,570.0,586.0,586.0,588.0,617.0,619.0,627.0,636.0,638.0,640.0,642.0,645.0,651.0,660.0,668.0,674.0,676.0,697.0,698.0,717.0,731.0,731.0,733.0,753.0,787.0,807.0,824.0,836.0,845.0,847.0,905.0,936.0,970.0,998.0,
14.0,39.0,81.0,106.0,124.0,277.0,309.0,335.0,382.0,396.0,415.0,431.0,435.0,461.0,525.0,525.0,533.0,538.0,542.0,560.0,572.0,588.0,593.0,596.0,598.0,605.0,637.0,644.0,656.0,662.0,666.0,674.0,689.0,690.0,696.0,710.0,727.0,733.0,735.0,739.0,740.0,747.0,752.0,779.0,831.0,846.0,847.0,875.0,896.0,948.0,949.0,970.0,986.0,
10.0,17.0,47.0,67.0,82.0,111.0,123.0,123.0,156.0,179.0,182.0,196.0,318.0,328.0,354.0,380.0,406.0,454.0,456.0,468.0,476.0,523.0,529.0,534.0,549.0,553.0,565.0,587.0,595.0,614.0,657.0,673.0,696.0,712.0,745.0,745.0,755.0,757.0,859.0,870.0,875.0,878.0,937.0,940.0,945.0,962.0,969.0,
13.0,79.0,92.0,143.0,191.0,233.0,268.0,276.0,328.0,336.0,343.0,370.0,430.0,445.0,450.0,464.0,537.0,553.0,560.0,565.0,576.0,599.0,615.0,620.0,648.0,696.0,700.0,772.0,838.0,854.0,952.0,
26.0,36.0,49.0,79.0,82.0,85.0,100.0,100.0,107.0,125.0,150.0,207.0,230.0,246.0,277.0,294.0,329.0,420.0,431.0,459.0,471.0,502.0,503.0,514.0,518.0,530.0,542.0,549.0,550.0,556.0,559.0,567.0,574.0,577.0,587.0,601.0,602.0,607.0,616.0,636.0,649.0,651.0,669.0,671.0,679.0,681.0,695.0,779.0,788.0,793.0,821.0,831.0,839.0,858.0,883.0,897.0,902.0,933.0,945.0,979.0,982.0,
11.0,18.0,36.0,57.0,67.0,243.0,289.0,311.0,314.0,347.0,402.0,405.0,432.0,462.0,481.0,489.0,522.0,528.0,530.0,531.0,534.0,535.0,536.0,537.0,544.0,544.0,547.0,548.0,552.0,554.0,570.0,571.0,571.0,571.0,574.0,582.0,586.0,590.0,590.0,600.0,600.0,620.0,623.0,631.0,638.0,642.0,650.0,664.0,685.0,698.0,718.0,747.0,755.0,773.0,773.0,775.0,779.0,780.0,780.0,782.0,786.0,789.0,798.0,804.0,832.0,847.0,854.0,870.0,875.0,905.0,930.0,932.0,942.0,947.0,992.0,992.0,997.0,998.0,
31.0,51.0,62.0,63.0,92.0,136.0,155.0,176.0,226.0,246.0,282.0,291.0,325.0,333.0,410.0,413.0,416.0,426.0,462.0,500.0,524.0,527.0,528.0,534.0,535.0,537.0,540.0,541.0,545.0,549.0,556.0,559.0,563.0,563.0,568.0,581.0,588.0,596.0,597.0,605.0,610.0,626.0,628.0,680.0,714.0,719.0,720.0,741.0,755.0,786.0,803.0,837.0,840.0,902.0,904.0,915.0,968.0,971.0,993.0,995.0,
16.0,55.0,68.0,73.0,90.0,131.0,135.0,179.0,180.0,190.0,193.0,219.0,224.0,261.0,280.0,282.0,315.0,368.0,390.0,415.0,476.0,495.0,514.0,514.0,518.0,520.0,526.0,530.0,532.0,542.0,553.0,557.0,562.0,562.0,562.0,580.0,598.0,606.0,618.0,632.0,638.0,664.0,698.0,708.0,721.0,736.0,744.0,809.0,873.0,924.0,945.0,956.0,982.0,
12.0,16.0,19.0,39.0,52.0,60.0,86.0,191.0,223.0,263.0,352.0,358.0,363.0,368.0,381.0,384.0,386.0,387.0,391.0,404.0,496.0,508.0,518.0,541.0,545.0,546.0,546.0,550.0,552.0,561.0,561.0,563.0,564.0,573.0,573.0,576.0,577.0,577.0,579.0,587.0,596.0,608.0,621.0,641.0,642.0,642.0,651.0,659.0,700.0,708.0,711.0,715.0,737.0,746.0,756.0,765.0,792.0,799.0,800.0,844.0,854.0,854.0,857.0,865.0,866.0,891.0,909.0,926.0,940.0,965.0,977.0,985.0,991.0,994.0,
10.0,58.0,94.0,146.0,163.0,211.0,213.0,227.0,242.0,253.0,269.0,292.0,313.0,331.0,340.0,399.0,420.0,453.0,478.0,486.0,510.0,531.0,533.0,536.0,544.0,545.0,548.0,579.0,582.0,583.0,587.0,589.0,594.0,608.0,616.0,635.0,679.0,679.0,682.0,688.0,691.0,702.0,717.0,724.0,732.0,749.0,773.0,787.0,790.0,791.0,819.0,825.0,867.0,878.0,917.0,928.0,936.0,937.0,941.0,946.0,951.0,957.0,958.0,973.0,993.0,
2.0,18.0,56.0,60.0,61.0,74.0,85.0,100.0,102.0,111.0,112.0,120.0,160.0,167.0,192.0,204.0,247.0,248.0,257.0,266.0,275.0,275.0,302.0,312.0,322.0,353.0,436.0,457.0,530.0,534.0,534.0,536.0,538.0,542.0,542.0,543.0,543.0,544.0,546.0,547.0,551.0,553.0,554.0,555.0,561.0,566.0,572.0,576.0,585.0,593.0,610.0,617.0,618.0,632.0,634.0,643.0,651.0,670.0,683.0,734.0,748.0,754.0,792.0,792.0,821.0,827.0,830.0,837.0,870.0,874.0,875.0,886.0,914.0,916.0,922.0,923.0,947.0,972.0,1000.0,
5.0,6.0,8.0,51.0,61.0,87.0,151.0,216.0,216.0,259.0,268.0,288.0,290.0,305.0,309.0,349.0,403.0,405.0,406.0,465.0,524.0,534.0,535.0,539.0,540.0,544.0,545.0,549.0,552.0,560.0,564.0,570.0,570.0,581.0,586.0,588.0,596.0,615.0,615.0,621.0,626.0,639.0,644.0,648.0,653.0,665.0,671.0,682.0,683.0,694.0,706.0,716.0,722.0,724.0,744.0,751.0,754.0,766.0,789.0,792.0,792.0,795.0,831.0,849.0,857.0,890.0,957.0,975.0,
10.0,19.0,29.0,32.0,127.0,139.0,164.0,211.0,231.0,351.0,377.0,393.0,401.0,404.0,411.0,444.0,458.0,505.0,518.0,528.0,529.0,532.0,535.0,543.0,549.0,551.0,561.0,564.0,566.0,570.0,576.0,581.0,581.0,585.0,588.0,602.0,604.0,611.0,618.0,666.0,680.0,687.0,709.0,725.0,732.0,763.0,782.0,800.0,802.0,808.0,813.0,830.0,847.0,857.0,889.0,926.0,943.0,950.0,971.0,
11.0,15.0,17.0,39.0,76.0,119.0,120.0,131.0,154.0,160.0,183.0,205.0,239.0,274.0,285.0,288.0,314.0,338.0,341.0,353.0,366.0,412.0,438.0,440.0,482.0,516.0,518.0,523.0,550.0,566.0,593.0,595.0,643.0,666.0,679.0,698.0,714.0,796.0,817.0,
32.0,41.0,43.0,71.0,78.0,99.0,119.0,121.0,143.0,159.0,164.0,211.0,215.0,229.0,238.0,247.0,276.0,315.0,323.0,349.0,352.0,379.0,387.0,403.0,420.0,427.0,469.0,509.0,520.0,538.0,538.0,540.0,549.0,554.0,556.0,559.0,561.0,568.0,574.0,574.0,575.0,591.0,594.0,597.0,626.0,651.0,671.0,673.0,682.0,690.0,697.0,698.0,699.0,741.0,749.0,750.0,751.0,758.0,762.0,769.0,795.0,811.0,834.0,845.0,854.0,861.0,870.0,880.0,880.0,887.0,941.0,949.0,971.0,990.0,
2.0,29.0,43.0,56.0,66.0,83.0,123.0,231.0,262.0,280.0,322.0,340.0,417.0,423.0,435.0,446.0,469.0,540.0,545.0,546.0,558.0,561.0,561.0,566.0,568.0,569.0,575.0,577.0,580.0,580.0,617.0,635.0,641.0,643.0,659.0,664.0,680.0,688.0,693.0,694.0,700.0,725.0,759.0,805.0,813.0,829.0,856.0,874.0,875.0,909.0,929.0,938.0,941.0,978.0,980.0,
18.0,20.0,31.0,53.0,67.0,99.0,126.0,153.0,158.0,209.0,291.0,297.0,302.0,305.0,326.0,351.0,401.0,434.0,448.0,454.0,456.0,457.0,472.0,479.0,487.0,520.0,522.0,526.0,526.0,533.0,540.0,541.0,554.0,557.0,571.0,571.0,574.0,575.0,586.0,598.0,601.0,604.0,610.0,616.0,623.0,638.0,644.0,665.0,668.0,676.0,683.0,687.0,701.0,729.0,754.0,775.0,784.0,813.0,817.0,942.0,944.0,950.0,996.0,
33.0,65.0,68.0,131.0,154.0,222.0,236.0,301.0,332.0,357.0,385.0,452.0,455.0,518.0,524.0,526.0,527.0,531.0,533.0,534.0,534.0,546.0,550.0,552.0,553.0,554.0,558.0,560.0,575.0,578.0,583.0,584.0,585.0,587.0,617.0,620.0,625.0,628.0,637.0,665.0,665.0,670.0,712.0,713.0,731.0,736.0,755.0,757.0,758.0,777.0,801.0,820.0,821.0,825.0,839.0,849.0,853.0,858.0,866.0,887.0,912.0,924.0,954.0,968.0,994.0,
12.0,22.0,30.0,47.0,47.0,69.0,113.0,120.0,154.0,202.0,203.0,222.0,237.0,249.0,354.0,375.0,392.0,401.0,403.0,407.0,452.0,470.0,516.0,530.0,538.0,541.0,542.0,542.0,548.0,548.0,559.0,568.0,573.0,578.0,579.0,579.0,595.0,605.0,606.0,614.0,614.0,622.0,644.0,654.0,658.0,659.0,675.0,727.0,727.0,734.0,735.0,761.0,762.0,800.0,814.0,824.0,838.0,854.0,855.0,867.0,871.0,881.0,899.0,904.0,934.0,937.0,949.0,971.0,987.0,990.0,
100.0,184.0,209.0,255.0,289.0,315.0,467.0,482.0,506.0,517.0,517.0,521.0,532.0,533.0,537.0,538.0,543.0,545.0,545.0,548.0,550.0,550.0,552.0,556.0,563.0,564.0,578.0,579.0,601.0,613.0,616.0,624.0,633.0,641.0,648.0,650.0,652.0,654.0,692.0,693.0,694.0,700.0,702.0,704.0,711.0,742.0,745.0,747.0,751.0,754.0,770.0,770.0,823.0,824.0,861.0,871.0,879.0,881.0,883.0,901.0,905.0,926.0,950.0,958.0,983.0,986.0,1000.0,
16.0,47.0,69.0,102.0,156.0,174.0,257.0,282.0,287.0,296.0,300.0,392.0,456.0,485.0,528.0,531.0,539.0,540.0,541.0,549.0,550.0,551.0,553.0,555.0,558.0,558.0,560.0,561.0,567.0,585.0,628.0,644.0,645.0,647.0,649.0,656.0,657.0,698.0,699.0,704.0,706.0,722.0,738.0,738.0,752.0,753.0,754.0,779.0,782.0,801.0,817.0,820.0,852.0,871.0,877.0,883.0,893.0,916.0,917.0,935.0,957.0,978.0,994.0,
25.0,25.0,34.0,83.0,86.0,137.0,166.0,176.0,178.0,180.0,215.0,231.0,253.0,300.0,334.0,335.0,341.0,350.0,386.0,403.0,451.0,475.0,485.0,494.0,501.0,518.0,519.0,528.0,532.0,542.0,544.0,545.0,557.0,571.0,581.0,591.0,596.0,597.0,600.0,606.0,613.0,631.0,633.0,649.0,660.0,663.0,664.0,666.0,668.0,673.0,677.0,692.0,698.0,711.0,743.0,748.0,749.0,751.0,770.0,800.0,826.0,882.0,887.0,912.0,921.0,929.0,939.0,953.0,954.0,975.0,978.0,982.0,994.0,997.0,
50.0,54.0,139.0,174.0,188.0,198.0,220.0,239.0,258.0,274.0,309.0,335.0,336.0,341.0,343.0,348.0,374.0,379.0,386.0,410.0,425.0,442.0,505.0,512.0,537.0,542.0,545.0,547.0,551.0,554.0,556.0,562.0,572.0,574.0,582.0,593.0,596.0,600.0,612.0,616.0,624.0,651.0,699.0,699.0,702.0,720.0,732.0,736.0,762.0,776.0,781.0,786.0,797.0,805.0,806.0,816.0,837.0,840.0,854.0,876.0,877.0,880.0,882.0,905.0,937.0,951.0,952.0,985.0,989.0,999.0,
4.0,15.0,108.0,129.0,188.0,235.0,256.0,258.0,263.0,282.0,284.0,290.0,299.0,303.0,374.0,387.0,420.0,453.0,461.0,485.0,490.0,493.0,603.0,607.0,668.0,690.0,704.0,732.0,799.0,853.0,867.0,895.0,994.0,
12.0,18.0,20.0,29.0,31.0,68.0,125.0,175.0,187.0,209.0,260.0,303.0,313.0,461.0,473.0,473.0,515.0,520.0,529.0,532.0,550.0,553.0,553.0,556.0,558.0,563.0,565.0,565.0,572.0,595.0,600.0,606.0,608.0,613.0,616.0,627.0,629.0,638.0,643.0,664.0,695.0,712.0,713.0,716.0,721.0,745.0,753.0,825.0,893.0,903.0,917.0,936.0,948.0,966.0,
50.0,58.0,71.0,97.0,119.0,146.0,282.0,283.0,285.0,291.0,303.0,320.0,345.0,361.0,361.0,409.0,421.0,491.0,523.0,526.0,527.0,534.0,534.0,542.0,549.0,553.0,554.0,554.0,556.0,569.0,577.0,584.0,588.0,590.0,592.0,600.0,606.0,625.0,629.0,637.0,654.0,659.0,670.0,696.0,699.0,700.0,702.0,708.0,743.0,743.0,763.0,809.0,824.0,825.0,829.0,839.0,871.0,904.0,920.0,930.0,931.0,936.0,937.0,939.0,945.0,963.0,993.0,
2.0,6.0,38.0,65.0,76.0,90.0,108.0,149.0,167.0,195.0,207.0,218.0,227.0,229.0,286.0,306.0,324.0,393.0,396.0,406.0,423.0,425.0,465.0,495.0,520.0,522.0,531.0,531.0,539.0,543.0,551.0,556.0,567.0,572.0,578.0,582.0,590.0,592.0,594.0,600.0,607.0,611.0,631.0,641.0,642.0,662.0,669.0,703.0,710.0,763.0,764.0,767.0,776.0,776.0,778.0,788.0,803.0,851.0,889.0,890.0,891.0,891.0,895.0,924.0,943.0,945.0,947.0,954.0,968.0,986.0,997.0,
7.0,62.0,67.0,113.0,125.0,164.0,231.0,238.0,241.0,251.0,265.0,385.0,437.0,460.0,462.0,476.0,484.0,485.0,516.0,517.0,522.0,522.0,531.0,531.0,532.0,534.0,538.0,542.0,543.0,545.0,546.0,547.0,554.0,558.0,583.0,585.0,586.0,587.0,588.0,589.0,590.0,597.0,602.0,603.0,603.0,611.0,617.0,624.0,630.0,630.0,632.0,643.0,647.0,668.0,668.0,677.0,699.0,745.0,767.0,772.0,821.0,855.0,856.0,875.0,893.0,894.0,952.0,953.0,975.0,994.0,996.0,1000.0,
55.0,60.0,74.0,81.0,87.0,97.0,113.0,151.0,151.0,180.0,206.0,282.0,284.0,365.0,373.0,377.0,385.0,439.0,462.0,505.0,508.0,515.0,517.0,519.0,520.0,535.0,538.0,546.0,548.0,549.0,552.0,568.0,568.0,571.0,574.0,576.0,578.0,579.0,588.0,595.0,597.0,597.0,598.0,603.0,610.0,625.0,636.0,643.0,648.0,663.0,667.0,672.0,675.0,677.0,686.0,714.0,721.0,726.0,736.0,743.0,753.0,764.0,789.0,795.0,798.0,844.0,857.0,896.0,924.0,933.0,938.0,941.0,949.0,957.0,988.0,
67.0,71.0,75.0,114.0,151.0,165.0,174.0,178.0,178.0,210.0,235.0,260.0,319.0,336.0,353.0,370.0,386.0,395.0,474.0,512.0,515.0,516.0,531.0,533.0,540.0,540.0,541.0,543.0,547.0,548.0,548.0,551.0,555.0,557.0,561.0,561.0,565.0,573.0,574.0,587.0,595.0,597.0,611.0,644.0,645.0,646.0,661.0,665.0,680.0,691.0,709.0,737.0,766.0,778.0,799.0,822.0,887.0,897.0,901.0,951.0,970.0,993.0,
29.0,38.0,44.0,44.0,53.0,86.0,96.0,97.0,127.0,170.0,196.0,216.0,217.0,258.0,285.0,295.0,303.0,311.0,343.0,354.0,355.0,400.0,431.0,445.0,461.0,515.0,520.0,531.0,533.0,537.0,558.0,561.0,562.0,567.0,567.0,576.0,590.0,591.0,598.0,600.0,607.0,609.0,621.0,628.0,640.0,648.0,711.0,730.0,740.0,740.0,772.0,786.0,794.0,826.0,829.0,838.0,840.0,863.0,885.0,906.0,910.0,924.0,983.0,987.0,
14.0,45.0,91.0,175.0,200.0,205.0,205.0,224.0,276.0,279.0,296.0,332.0,377.0,393.0,395.0,412.0,500.0,501.0,512.0,517.0,518.0,519.0,522.0,523.0,527.0,528.0,533.0,540.0,544.0,552.0,559.0,572.0,580.0,581.0,582.0,608.0,612.0,626.0,627.0,631.0,649.0,660.0,671.0,687.0,689.0,700.0,705.0,710.0,714.0,724.0,737.0,739.0,739.0,797.0,825.0,845.0,846.0,847.0,849.0,890.0,916.0,940.0,949.0,964.0,978.0,
36.0,38.0,40.0,88.0,91.0,94.0,95.0,160.0,167.0,209.0,217.0,272.0,302.0,308.0,313.0,315.0,328.0,362.0,374.0,404.0,458.0,469.0,477.0,493.0,517.0,532.0,551.0,555.0,556.0,565.0,566.0,567.0,585.0,588.0,595.0,596.0,622.0,623.0,625.0,708.0,719.0,765.0,793.0,839.0,847.0,862.0,890.0,895.0,897.0,899.0,956.0,976.0,985.0,991.0,
3.0,15.0,43.0,62.0,96.0,99.0,103.0,126.0,197.0,285.0,285.0,308.0,347.0,466.0,476.0,531.0,546.0,548.0,577.0,582.0,661.0,703.0,704.0,759.0,832.0,891.0,992.0,
49.0,67.0,95.0,121.0,123.0,129.0,147.0,166.0,205.0,233.0,237.0,256.0,260.0,359.0,377.0,401.0,480.0,484.0,488.0,507.0,517.0,520.0,555.0,565.0,580.0,582.0,582.0,584.0,587.0,594.0,596.0,597.0,612.0,677.0,680.0,702.0,704.0,713.0,737.0,748.0,801.0,801.0,812.0,824.0,825.0,844.0,871.0,876.0,884.0,902.0,922.0,935.0,949.0,989.0,
35.0,37.0,95.0,119.0,141.0,151.0,161.0,172.0,180.0,183.0,201.0,232.0,237.0,268.0,310.0,317.0,375.0,384.0,439.0,482.0,504.0,511.0,521.0,524.0,532.0,533.0,539.0,540.0,543.0,562.0,566.0,567.0,571.0,586.0,596.0,600.0,606.0,610.0,616.0,619.0,626.0,630.0,631.0,635.0,636.0,638.0,642.0,648.0,651.0,659.0,661.0,675.0,691.0,691.0,703.0,711.0,711.0,733.0,749.0,779.0,782.0,785.0,787.0,804.0,815.0,818.0,860.0,881.0,884.0,893.0,894.0,902.0,919.0,936.0,942.0,948.0,950.0,957.0,976.0,989.0,993.0,993.0,997.0,1000.0,
30.0,64.0,78.0,107.0,121.0,122.0,133.0,140.0,175.0,206.0,241.0,253.0,279.0,287.0,302.0,333.0,350.0,357.0,357.0,396.0,436.0,451.0,460.0,464.0,508.0,521.0,523.0,532.0,544.0,544.0,545.0,548.0,549.0,561.0,563.0,563.0,569.0,574.0,580.0,590.0,600.0,603.0,616.0,626.0,633.0,633.0,640.0,712.0,722.0,730.0,736.0,755.0,755.0,768.0,775.0,782.0,784.0,796.0,801.0,810.0,812.0,823.0,826.0,845.0,853.0,899.0,908.0,909.0,911.0,925.0,939.0,966.0,971.0,996.0,
54.0,70.0,79.0,86.0,111.0,235.0,322.0,330.0,343.0,363.0,371.0,375.0,393.0,403.0,406.0,427.0,440.0,447.0,455.0,456.0,473.0,489.0,494.0,505.0,507.0,524.0,526.0,528.0,529.0,530.0,536.0,538.0,539.0,541.0,541.0,547.0,555.0,555.0,557.0,559.0,565.0,569.0,572.0,575.0,576.0,582.0,586.0,588.0,598.0,601.0,613.0,615.0,649.0,712.0,718.0,720.0,725.0,732.0,785.0,798.0,819.0,821.0,851.0,877.0,879.0,932.0,945.0,948.0,961.0,995.0,
15.0,22.0,34.0,89.0,113.0,139.0,165.0,176.0,198.0,236.0,254.0,314.0,347.0,382.0,449.0,449.0,458.0,473.0,479.0,500.0,515.0,518.0,525.0,526.0,527.0,531.0,532.0,532.0,534.0,538.0,541.0,546.0,547.0,548.0,549.0,553.0,553.0,554.0,557.0,558.0,564.0,564.0,570.0,571.0,578.0,581.0,584.0,586.0,598.0,608.0,609.0,614.0,620.0,622.0,627.0,649.0,665.0,683.0,691.0,711.0,739.0,740.0,779.0,788.0,832.0,861.0,872.0,890.0,900.0,911.0,941.0,996.0,
39.0,41.0,95.0,108.0,131.0,133.0,134.0,157.0,160.0,206.0,247.0,276.0,279.0,305.0,316.0,321.0,333.0,336.0,341.0,384.0,392.0,431.0,462.0,473.0,477.0,508.0,517.0,517.0,526.0,533.0,533.0,535.0,535.0,542.0,544.0,553.0,569.0,575.0,578.0,582.0,586.0,589.0,598.0,613.0,617.0,618.0,625.0,633.0,636.0,650.0,652.0,663.0,683.0,708.0,718.0,790.0,790.0,816.0,823.0,843.0,862.0,871.0,960.0,980.0,993.0,
3.0,80.0,86.0,94.0,103.0,115.0,125.0,196.0,243.0,292.0,326.0,374.0,400.0,410.0,438.0,462.0,477.0,483.0,484.0,490.0,522.0,523.0,525.0,525.0,529.0,542.0,549.0,549.0,550.0,553.0,587.0,589.0,590.0,593.0,601.0,610.0,623.0,635.0,654.0,662.0,663.0,665.0,666.0,678.0,679.0,680.0,687.0,730.0,736.0,748.0,757.0,762.0,795.0,802.0,867.0,867.0,877.0,878.0,891.0,938.0,949.0,952.0,955.0,981.0,
17.0,135.0,161.0,187.0,188.0,217.0,255.0,307.0,363.0,375.0,375.0,389.0,395.0,532.0,537.0,547.0,554.0,557.0,568.0,571.0,578.0,586.0,587.0,588.0,591.0,592.0,596.0,600.0,620.0,625.0,634.0,643.0,647.0,647.0,648.0,659.0,661.0,664.0,696.0,711.0,715.0,726.0,736.0,751.0,753.0,764.0,768.0,779.0,783.0,807.0,837.0,858.0,870.0,878.0,879.0,882.0,894.0,904.0,937.0,949.0,973.0,988.0,
17.0,27.0,57.0,75.0,101.0,175.0,184.0,270.0,272.0,354.0,362.0,389.0,399.0,411.0,436.0,462.0,466.0,483.0,494.0,500.0,504.0,520.0,532.0,538.0,539.0,543.0,545.0,592.0,595.0,614.0,623.0,625.0,644.0,646.0,658.0,668.0,675.0,681.0,684.0,686.0,688.0,693.0,764.0,780.0,782.0,790.0,798.0,816.0,825.0,828.0,860.0,866.0,870.0,876.0,919.0,920.0,948.0,950.0,984.0,
17.0,65.0,75.0,112.0,121.0,143.0,154.0,155.0,167.0,219.0,253.0,297.0,302.0,324.0,331.0,337.0,410.0,421.0,462.0,508.0,581.0,584.0,592.0,596.0,603.0,725.0,798.0,877.0,909.0,976.0,
18.0,35.0,35.0,71.0,81.0,90.0,93.0,145.0,205.0,239.0,253.0,288.0,322.0,387.0,432.0,462.0,496.0,530.0,546.0,558.0,562.0,571.0,738.0,799.0,943.0,958.0,
13.0,28.0,56.0,65.0,67.0,91.0,95.0,142.0,163.0,181.0,195.0,195.0,318.0,467.0,467.0,474.0,513.0,523.0,528.0,550.0,558.0,567.0,591.0,595.0,601.0,605.0,628.0,650.0,653.0,662.0,680.0,685.0,695.0,699.0,704.0,739.0,817.0,902.0,935.0,948.0,964.0,965.0,978.0,978.0,979.0,
3.0,70.0,84.0,136.0,153.0,165.0,181.0,188.0,198.0,205.0,244.0,305.0,308.0,318.0,374.0,389.0,397.0,424.0,425.0,446.0,520.0,523.0,524.0,528.0,534.0,545.0,547.0,548.0,549.0,554.0,559.0,567.0,576.0,581.0,583.0,583.0,584.0,589.0,602.0,616.0,618.0,623.0,637.0,641.0,654.0,654.0,656.0,657.0,659.0,660.0,677.0,679.0,691.0,692.0,729.0,729.0,741.0,753.0,754.0,759.0,765.0,785.0,800.0,830.0,845.0,853.0,854.0,856.0,884.0,891.0,903.0,904.0,913.0,922.0,931.0,933.0,935.0,939.0,949.0,969.0,978.0,982.0,1000.0,1000.0,
10.0,31.0,42.0,99.0,100.0,111.0,204.0,308.0,319.0,390.0,427.0,445.0,448.0,453.0,453.0,517.0,525.0,526.0,531.0,536.0,545.0,548.0,548.0,556.0,558.0,560.0,569.0,572.0,580.0,586.0,596.0,616.0,634.0,644.0,644.0,646.0,659.0,662.0,677.0,698.0,705.0,740.0,740.0,744.0,755.0,757.0,800.0,802.0,807.0,824.0,824.0,829.0,839.0,847.0,850.0,874.0,878.0,887.0,891.0,901.0,913.0,927.0,955.0,970.0,984.0,988.0,1000.0,
26.0,29.0,50.0,64.0,66.0,108.0,146.0,181.0,207.0,269.0,289.0,304.0,316.0,377.0,416.0,424.0,465.0,472.0,476.0,508.0,509.0,515.0,516.0,516.0,523.0,525.0,532.0,534.0,534.0,551.0,562.0,564.0,571.0,580.0,583.0,593.0,599.0,625.0,647.0,650.0,653.0,690.0,696.0,728.0,730.0,730.0,731.0,735.0,737.0,748.0,762.0,775.0,860.0,874.0,915.0,918.0,940.0,951.0,956.0,965.0,967.0,991.0,
30.0,39.0,55.0,98.0,102.0,139.0,139.0,186.0,256.0,263.0,327.0,333.0,352.0,390.0,391.0,417.0,417.0,423.0,485.0,515.0,518.0,519.0,523.0,537.0,549.0,550.0,550.0,555.0,564.0,573.0,575.0,591.0,596.0,599.0,603.0,607.0,610.0,617.0,631.0,645.0,685.0,687.0,698.0,715.0,716.0,729.0,733.0,742.0,753.0,762.0,776.0,785.0,785.0,792.0,804.0,810.0,847.0,867.0,871.0,872.0,873.0,878.0,883.0,885.0,887.0,892.0,912.0,919.0,930.0,932.0,940.0,943.0,965.0,977.0,977.0,992.0,
42.0,51.0,123.0,138.0,169.0,203.0,249.0,249.0,261.0,279.0,338.0,351.0,376.0,389.0,434.0,466.0,467.0,478.0,509.0,512.0,515.0,521.0,534.0,541.0,544.0,546.0,551.0,557.0,563.0,565.0,566.0,568.0,578.0,582.0,588.0,596.0,601.0,603.0,630.0,637.0,644.0,649.0,652.0,653.0,655.0,665.0,665.0,666.0,678.0,683.0,707.0,722.0,724.0,725.0,726.0,746.0,765.0,807.0,817.0,818.0,826.0,834.0,852.0,874.0,925.0,949.0,950.0,962.0,974.0,977.0,979.0,981.0,995.0,999.0,
25.0,45.0,62.0,105.0,149.0,154.0,222.0,235.0,253.0,311.0,345.0,373.0,424.0,465.0,492.0,498.0,517.0,519.0,520.0,525.0,533.0,536.0,553.0,561.0,570.0,577.0,608.0,611.0,637.0,644.0,650.0,652.0,657.0,658.0,707.0,708.0,733.0,765.0,776.0,782.0,803.0,842.0,864.0,869.0,872.0,882.0,892.0,922.0,936.0,948.0,951.0,963.0,965.0,973.0,1000.0,
54.0,64.0,79.0,141.0,162.0,165.0,219.0,272.0,382.0,410.0,424.0,455.0,456.0,471.0,515.0,517.0,527.0,551.0,736.0,740.0,745.0,777.0,784.0,971.0,
3.0,35.0,78.0,105.0,112.0,199.0,231.0,271.0,309.0,339.0,359.0,380.0,389.0,391.0,392.0,404.0,440.0,469.0,473.0,493.0,506.0,511.0,517.0,564.0,581.0,591.0,596.0,606.0,637.0,686.0,752.0,787.0,807.0,809.0,810.0,815.0,853.0,927.0,930.0,931.0,988.0,
99.0,126.0,143.0,151.0,174.0,178.0,197.0,214.0,219.0,225.0,329.0,345.0,393.0,411.0,411.0,512.0,528.0,551.0,555.0,597.0,614.0,626.0,657.0,669.0,740.0,745.0,764.0,787.0,855.0,864.0,873.0,879.0,970.0,996.0,
94.0,105.0,106.0,110.0,135.0,146.0,163.0,183.0,198.0,216.0,310.0,385.0,425.0,471.0,471.0,474.0,525.0,528.0,541.0,578.0,579.0,590.0,649.0,709.0,790.0,794.0,953.0,991.0,1000.0,
58.0,61.0,122.0,175.0,190.0,250.0,251.0,256.0,296.0,304.0,331.0,354.0,398.0,408.0,428.0,460.0,493.0,504.0,512.0,546.0,558.0,581.0,592.0,612.0,614.0,620.0,622.0,640.0,659.0,677.0,686.0,719.0,751.0,752.0,757.0,766.0,785.0,793.0,837.0,886.0,913.0,920.0,965.0,
7.0,69.0,115.0,123.0,147.0,166.0,168.0,191.0,206.0,212.0,233.0,243.0,254.0,280.0,337.0,461.0,480.0,510.0,515.0,519.0,528.0,536.0,536.0,537.0,537.0,544.0,556.0,559.0,590.0,609.0,611.0,623.0,652.0,702.0,702.0,725.0,728.0,736.0,743.0,756.0,763.0,777.0,784.0,817.0,827.0,875.0,907.0,912.0,920.0,933.0,943.0,949.0,953.0,984.0,997.0,
5.0,20.0,78.0,89.0,99.0,209.0,250.0,250.0,263.0,344.0,347.0,362.0,395.0,430.0,432.0,442.0,456.0,495.0,519.0,530.0,531.0,534.0,539.0,541.0,543.0,564.0,565.0,568.0,570.0,577.0,580.0,591.0,596.0,606.0,608.0,609.0,609.0,611.0,618.0,622.0,629.0,630.0,648.0,656.0,675.0,680.0,703.0,708.0,720.0,732.0,741.0,761.0,763.0,783.0,791.0,797.0,808.0,810.0,815.0,815.0,816.0,816.0,817.0,823.0,828.0,871.0,885.0,890.0,928.0,938.0,
12.0,16.0,23.0,41.0,85.0,87.0,89.0,118.0,119.0,121.0,151.0,161.0,169.0,173.0,191.0,272.0,275.0,322.0,359.0,366.0,368.0,393.0,420.0,434.0,488.0,519.0,543.0,550.0,550.0,553.0,553.0,570.0,573.0,574.0,579.0,637.0,647.0,655.0,656.0,664.0,666.0,675.0,686.0,713.0,713.0,729.0,744.0,757.0,770.0,779.0,787.0,814.0,822.0,855.0,857.0,862.0,906.0,919.0,924.0,928.0,930.0,950.0,961.0,972.0,973.0,
3.0,57.0,106.0,108.0,166.0,198.0,212.0,228.0,233.0,236.0,297.0,347.0,347.0,358.0,399.0,441.0,467.0,498.0,506.0,518.0,535.0,535.0,542.0,543.0,574.0,578.0,591.0,613.0,641.0,657.0,676.0,679.0,691.0,694.0,717.0,772.0,795.0,821.0,824.0,849.0,863.0,900.0,900.0,958.0,959.0,959.0,987.0,999.0,
22.0,36.0,56.0,77.0,84.0,94.0,237.0,401.0,523.0,587.0,648.0,670.0,675.0,677.0,701.0,712.0,719.0,750.0,758.0,828.0,842.0,843.0,844.0,870.0,962.0,
22.0,26.0,66.0,83.0,107.0,118.0,161.0,170.0,174.0,204.0,208.0,222.0,287.0,295.0,343.0,357.0,361.0,397.0,420.0,457.0,464.0,484.0,493.0,517.0,575.0,610.0,642.0,644.0,666.0,695.0,707.0,712.0,724.0,741.0,754.0,803.0,874.0,889.0,912.0,945.0,952.0,991.0,
