8.0,11.0,14.0,26.0,48.0,78.0,132.0,205.0,205.0,259.0,280.0,304.0,332.0,336.0,368.0,463.0,482.0,498.0,541.0,555.0,573.0,605.0,657.0,700.0,718.0,725.0,728.0,741.0,880.0,963.0,989.0,
37.0,43.0,136.0,230.0,257.0,283.0,318.0,334.0,386.0,393.0,406.0,427.0,442.0,453.0,486.0,513.0,533.0,551.0,576.0,669.0,671.0,733.0,753.0,891.0,916.0,926.0,931.0,971.0,988.0,990.0,990.0,994.0,
16.0,23.0,62.0,68.0,76.0,87.0,96.0,112.0,134.0,136.0,185.0,226.0,244.0,347.0,362.0,384.0,389.0,400.0,432.0,450.0,468.0,480.0,490.0,554.0,603.0,627.0,734.0,736.0,751.0,760.0,831.0,887.0,915.0,929.0,943.0,952.0,
16.0,53.0,68.0,81.0,107.0,137.0,156.0,172.0,177.0,244.0,285.0,294.0,297.0,318.0,326.0,340.0,360.0,361.0,466.0,516.0,529.0,554.0,556.0,557.0,605.0,633.0,649.0,663.0,709.0,723.0,774.0,795.0,857.0,873.0,892.0,893.0,916.0,951.0,994.0,
30.0,34.0,50.0,85.0,109.0,122.0,128.0,201.0,218.0,290.0,292.0,298.0,298.0,450.0,492.0,510.0,563.0,574.0,608.0,686.0,697.0,705.0,718.0,808.0,878.0,892.0,923.0,934.0,945.0,964.0,
16.0,28.0,76.0,189.0,252.0,262.0,303.0,307.0,341.0,408.0,426.0,471.0,480.0,486.0,507.0,515.0,546.0,600.0,637.0,752.0,771.0,929.0,960.0,996.0,
37.0,69.0,99.0,115.0,116.0,119.0,131.0,148.0,179.0,180.0,212.0,221.0,244.0,247.0,287.0,302.0,332.0,369.0,377.0,422.0,534.0,539.0,540.0,543.0,546.0,565.0,570.0,578.0,641.0,731.0,797.0,808.0,846.0,956.0,
57.0,62.0,70.0,161.0,168.0,212.0,229.0,269.0,312.0,360.0,371.0,409.0,416.0,437.0,490.0,496.0,504.0,505.0,575.0,592.0,599.0,611.0,637.0,651.0,652.0,659.0,679.0,699.0,840.0,927.0,942.0,
66.0,87.0,111.0,131.0,211.0,234.0,243.0,343.0,344.0,345.0,348.0,399.0,538.0,541.0,548.0,560.0,561.0,563.0,585.0,651.0,652.0,661.0,674.0,691.0,703.0,778.0,779.0,799.0,815.0,832.0,948.0,962.0,991.0,
2.0,42.0,77.0,102.0,114.0,137.0,194.0,194.0,214.0,219.0,257.0,265.0,267.0,309.0,315.0,320.0,352.0,382.0,387.0,402.0,403.0,421.0,423.0,472.0,482.0,504.0,515.0,527.0,542.0,559.0,562.0,619.0,659.0,665.0,672.0,680.0,744.0,762.0,793.0,821.0,842.0,847.0,878.0,884.0,889.0,906.0,930.0,935.0,946.0,
29.0,46.0,47.0,68.0,124.0,205.0,207.0,255.0,311.0,357.0,358.0,432.0,452.0,462.0,467.0,525.0,576.0,590.0,600.0,618.0,686.0,716.0,723.0,756.0,768.0,808.0,815.0,816.0,819.0,819.0,832.0,846.0,854.0,918.0,945.0,951.0,962.0,986.0,
13.0,25.0,74.0,185.0,195.0,213.0,239.0,243.0,296.0,331.0,367.0,400.0,403.0,445.0,446.0,457.0,542.0,578.0,641.0,723.0,764.0,893.0,897.0,949.0,978.0,
33.0,97.0,117.0,140.0,188.0,240.0,289.0,293.0,294.0,297.0,354.0,411.0,471.0,492.0,493.0,494.0,512.0,542.0,568.0,607.0,669.0,722.0,727.0,746.0,753.0,823.0,826.0,836.0,844.0,864.0,
48.0,69.0,97.0,108.0,117.0,127.0,134.0,141.0,155.0,158.0,194.0,214.0,229.0,240.0,288.0,291.0,295.0,384.0,415.0,440.0,446.0,486.0,516.0,523.0,533.0,541.0,543.0,547.0,553.0,554.0,555.0,561.0,566.0,600.0,605.0,614.0,618.0,627.0,637.0,638.0,644.0,658.0,682.0,685.0,694.0,710.0,714.0,718.0,718.0,733.0,771.0,893.0,912.0,924.0,
41.0,60.0,71.0,83.0,122.0,192.0,195.0,280.0,317.0,343.0,370.0,371.0,417.0,447.0,464.0,493.0,497.0,540.0,541.0,545.0,549.0,554.0,556.0,557.0,557.0,577.0,611.0,617.0,627.0,632.0,640.0,651.0,655.0,658.0,660.0,668.0,690.0,715.0,723.0,725.0,735.0,748.0,779.0,790.0,800.0,837.0,843.0,852.0,858.0,859.0,890.0,897.0,939.0,953.0,954.0,965.0,978.0,
55.0,58.0,68.0,75.0,86.0,140.0,173.0,179.0,190.0,193.0,195.0,244.0,246.0,256.0,334.0,378.0,411.0,442.0,514.0,514.0,517.0,527.0,530.0,533.0,537.0,542.0,542.0,543.0,555.0,555.0,558.0,561.0,567.0,568.0,571.0,575.0,581.0,589.0,595.0,595.0,605.0,607.0,610.0,611.0,617.0,618.0,635.0,638.0,639.0,650.0,650.0,716.0,719.0,726.0,757.0,806.0,838.0,841.0,845.0,861.0,867.0,883.0,889.0,892.0,892.0,892.0,918.0,927.0,928.0,932.0,958.0,964.0,967.0,972.0,985.0,987.0,
98.0,131.0,146.0,178.0,182.0,203.0,242.0,266.0,271.0,279.0,310.0,364.0,378.0,406.0,487.0,494.0,500.0,517.0,536.0,542.0,544.0,552.0,552.0,561.0,561.0,561.0,562.0,566.0,570.0,574.0,581.0,587.0,598.0,620.0,634.0,637.0,649.0,664.0,666.0,671.0,671.0,672.0,685.0,687.0,692.0,692.0,718.0,724.0,732.0,742.0,772.0,782.0,803.0,804.0,815.0,825.0,826.0,902.0,917.0,918.0,934.0,938.0,969.0,993.0,
53.0,55.0,97.0,126.0,154.0,161.0,181.0,306.0,309.0,328.0,373.0,394.0,496.0,521.0,524.0,527.0,534.0,541.0,543.0,558.0,560.0,562.0,575.0,582.0,587.0,601.0,617.0,631.0,681.0,682.0,713.0,721.0,731.0,755.0,780.0,780.0,823.0,883.0,904.0,943.0,945.0,972.0,996.0,
7.0,27.0,76.0,83.0,119.0,141.0,149.0,222.0,247.0,270.0,277.0,290.0,292.0,349.0,382.0,383.0,389.0,422.0,440.0,448.0,500.0,532.0,568.0,619.0,624.0,670.0,706.0,707.0,713.0,754.0,765.0,772.0,783.0,847.0,895.0,938.0,975.0,
12.0,18.0,26.0,27.0,34.0,42.0,82.0,134.0,174.0,196.0,244.0,256.0,350.0,365.0,434.0,444.0,461.0,519.0,536.0,543.0,629.0,629.0,683.0,690.0,692.0,692.0,761.0,862.0,873.0,897.0,930.0,959.0,
40.0,98.0,122.0,150.0,153.0,160.0,163.0,222.0,227.0,237.0,262.0,286.0,372.0,451.0,452.0,473.0,487.0,515.0,653.0,654.0,735.0,797.0,801.0,817.0,831.0,849.0,875.0,890.0,938.0,953.0,960.0,
23.0,48.0,58.0,130.0,134.0,195.0,242.0,243.0,255.0,257.0,258.0,332.0,339.0,361.0,365.0,418.0,433.0,464.0,666.0,687.0,745.0,760.0,781.0,803.0,815.0,851.0,854.0,870.0,
9.0,41.0,65.0,100.0,128.0,129.0,140.0,150.0,152.0,187.0,224.0,225.0,258.0,261.0,309.0,321.0,344.0,407.0,438.0,446.0,519.0,544.0,547.0,562.0,572.0,582.0,582.0,586.0,587.0,601.0,620.0,622.0,625.0,662.0,670.0,709.0,711.0,716.0,717.0,730.0,737.0,753.0,757.0,803.0,828.0,830.0,837.0,845.0,867.0,876.0,897.0,921.0,947.0,956.0,968.0,
55.0,57.0,90.0,117.0,141.0,173.0,197.0,220.0,229.0,250.0,292.0,337.0,350.0,416.0,456.0,510.0,515.0,517.0,524.0,529.0,532.0,535.0,546.0,546.0,548.0,548.0,554.0,559.0,565.0,566.0,588.0,589.0,597.0,598.0,608.0,610.0,624.0,626.0,653.0,658.0,660.0,661.0,678.0,702.0,704.0,714.0,718.0,725.0,763.0,766.0,781.0,788.0,818.0,825.0,841.0,855.0,860.0,862.0,873.0,885.0,886.0,896.0,940.0,952.0,954.0,973.0,991.0,
9.0,25.0,26.0,34.0,47.0,58.0,129.0,180.0,180.0,217.0,228.0,254.0,335.0,344.0,407.0,414.0,419.0,442.0,446.0,450.0,461.0,466.0,514.0,517.0,521.0,522.0,535.0,535.0,543.0,547.0,548.0,550.0,554.0,562.0,569.0,570.0,571.0,572.0,580.0,599.0,604.0,608.0,608.0,608.0,613.0,635.0,636.0,654.0,670.0,679.0,681.0,688.0,704.0,705.0,717.0,754.0,756.0,762.0,772.0,779.0,781.0,793.0,800.0,809.0,809.0,818.0,819.0,829.0,846.0,870.0,872.0,874.0,876.0,896.0,905.0,915.0,938.0,942.0,966.0,975.0,991.0,992.0,
18.0,132.0,197.0,328.0,374.0,472.0,511.0,519.0,525.0,527.0,528.0,528.0,541.0,544.0,546.0,551.0,555.0,561.0,564.0,570.0,583.0,587.0,592.0,618.0,622.0,645.0,646.0,653.0,691.0,698.0,698.0,700.0,719.0,775.0,790.0,852.0,857.0,865.0,874.0,893.0,940.0,951.0,989.0,989.0,993.0,
4.0,31.0,55.0,118.0,129.0,135.0,165.0,226.0,257.0,258.0,262.0,299.0,310.0,324.0,337.0,340.0,398.0,409.0,502.0,526.0,529.0,536.0,540.0,544.0,551.0,554.0,561.0,567.0,572.0,583.0,594.0,594.0,595.0,598.0,600.0,602.0,607.0,616.0,616.0,630.0,638.0,644.0,667.0,679.0,684.0,697.0,698.0,698.0,700.0,704.0,737.0,741.0,752.0,755.0,759.0,762.0,765.0,767.0,803.0,814.0,824.0,838.0,863.0,875.0,882.0,891.0,900.0,908.0,932.0,945.0,
4.0,25.0,53.0,97.0,110.0,137.0,147.0,152.0,157.0,178.0,190.0,193.0,206.0,233.0,241.0,252.0,325.0,329.0,372.0,389.0,406.0,436.0,520.0,521.0,533.0,536.0,538.0,538.0,540.0,543.0,550.0,558.0,561.0,566.0,571.0,575.0,582.0,589.0,590.0,591.0,591.0,593.0,597.0,609.0,610.0,624.0,642.0,645.0,652.0,665.0,666.0,670.0,675.0,680.0,693.0,704.0,750.0,755.0,757.0,763.0,782.0,795.0,821.0,900.0,921.0,934.0,968.0,969.0,988.0,994.0,
2.0,28.0,62.0,97.0,116.0,146.0,157.0,303.0,362.0,380.0,395.0,449.0,467.0,467.0,470.0,481.0,494.0,514.0,517.0,519.0,523.0,527.0,528.0,551.0,554.0,554.0,554.0,555.0,557.0,557.0,597.0,613.0,616.0,620.0,623.0,624.0,642.0,652.0,679.0,679.0,679.0,696.0,708.0,712.0,732.0,736.0,798.0,835.0,853.0,880.0,882.0,907.0,944.0,972.0,981.0,986.0,996.0,
23.0,134.0,178.0,203.0,210.0,220.0,222.0,236.0,292.0,331.0,433.0,436.0,448.0,489.0,514.0,516.0,517.0,527.0,563.0,568.0,585.0,652.0,666.0,708.0,743.0,774.0,802.0,823.0,901.0,947.0,
7.0,38.0,56.0,82.0,89.0,111.0,156.0,192.0,227.0,237.0,297.0,314.0,325.0,361.0,384.0,388.0,431.0,440.0,491.0,513.0,527.0,555.0,687.0,714.0,715.0,720.0,803.0,803.0,815.0,821.0,861.0,865.0,878.0,901.0,922.0,938.0,956.0,969.0,999.0,
52.0,121.0,134.0,202.0,288.0,337.0,337.0,350.0,408.0,459.0,484.0,505.0,543.0,551.0,553.0,647.0,657.0,658.0,685.0,686.0,687.0,687.0,700.0,705.0,727.0,750.0,751.0,804.0,810.0,842.0,845.0,890.0,903.0,903.0,903.0,916.0,917.0,944.0,946.0,961.0,991.0,997.0,
6.0,7.0,32.0,54.0,99.0,138.0,139.0,190.0,201.0,233.0,257.0,372.0,383.0,421.0,454.0,478.0,512.0,525.0,527.0,539.0,540.0,546.0,546.0,556.0,560.0,560.0,568.0,573.0,574.0,574.0,584.0,590.0,592.0,592.0,630.0,648.0,657.0,664.0,684.0,688.0,693.0,702.0,710.0,722.0,730.0,737.0,756.0,792.0,794.0,794.0,796.0,802.0,824.0,832.0,850.0,858.0,879.0,901.0,910.0,919.0,927.0,943.0,
16.0,32.0,43.0,74.0,113.0,117.0,119.0,154.0,182.0,231.0,415.0,416.0,428.0,435.0,453.0,488.0,496.0,529.0,547.0,551.0,554.0,555.0,555.0,557.0,564.0,565.0,567.0,574.0,579.0,579.0,580.0,585.0,589.0,599.0,626.0,630.0,641.0,646.0,651.0,655.0,656.0,694.0,707.0,715.0,719.0,736.0,741.0,746.0,748.0,757.0,768.0,780.0,789.0,807.0,825.0,866.0,906.0,920.0,923.0,924.0,928.0,971.0,971.0,994.0,
15.0,23.0,31.0,44.0,72.0,106.0,119.0,149.0,165.0,192.0,198.0,212.0,222.0,241.0,291.0,334.0,368.0,397.0,432.0,499.0,505.0,513.0,522.0,526.0,528.0,544.0,555.0,557.0,560.0,561.0,570.0,580.0,598.0,606.0,611.0,630.0,637.0,650.0,662.0,670.0,672.0,672.0,672.0,713.0,717.0,753.0,754.0,763.0,783.0,789.0,800.0,822.0,841.0,848.0,857.0,858.0,878.0,900.0,907.0,926.0,932.0,947.0,951.0,953.0,
3.0,23.0,29.0,42.0,89.0,100.0,113.0,183.0,196.0,211.0,242.0,252.0,266.0,270.0,293.0,326.0,370.0,418.0,428.0,467.0,483.0,496.0,506.0,510.0,522.0,526.0,534.0,550.0,553.0,557.0,558.0,562.0,564.0,564.0,567.0,575.0,576.0,577.0,577.0,580.0,583.0,600.0,606.0,612.0,625.0,632.0,640.0,647.0,650.0,653.0,696.0,716.0,719.0,752.0,774.0,787.0,800.0,807.0,814.0,832.0,846.0,851.0,851.0,851.0,852.0,867.0,868.0,894.0,904.0,949.0,952.0,987.0,
9.0,12.0,17.0,51.0,59.0,91.0,93.0,110.0,167.0,179.0,186.0,194.0,230.0,315.0,337.0,358.0,416.0,417.0,418.0,492.0,499.0,507.0,522.0,531.0,534.0,536.0,537.0,539.0,542.0,545.0,546.0,546.0,550.0,552.0,555.0,562.0,567.0,568.0,572.0,572.0,574.0,578.0,578.0,579.0,584.0,584.0,593.0,602.0,602.0,611.0,623.0,623.0,623.0,637.0,652.0,657.0,731.0,764.0,766.0,771.0,778.0,790.0,790.0,869.0,872.0,878.0,880.0,889.0,928.0,937.0,953.0,958.0,972.0,985.0,986.0,
9.0,138.0,202.0,207.0,235.0,254.0,258.0,278.0,282.0,314.0,336.0,342.0,363.0,383.0,405.0,407.0,408.0,460.0,466.0,482.0,488.0,502.0,519.0,522.0,525.0,528.0,528.0,529.0,529.0,540.0,546.0,550.0,557.0,564.0,566.0,569.0,581.0,590.0,601.0,605.0,621.0,628.0,644.0,645.0,647.0,652.0,669.0,672.0,673.0,674.0,676.0,677.0,695.0,700.0,701.0,727.0,744.0,762.0,783.0,795.0,799.0,808.0,832.0,872.0,932.0,955.0,974.0,977.0,983.0,
86.0,87.0,90.0,163.0,169.0,224.0,269.0,290.0,299.0,324.0,326.0,337.0,388.0,404.0,471.0,528.0,538.0,540.0,540.0,544.0,552.0,555.0,572.0,576.0,576.0,578.0,583.0,583.0,597.0,600.0,608.0,609.0,613.0,619.0,635.0,643.0,650.0,654.0,656.0,675.0,683.0,683.0,694.0,708.0,728.0,732.0,738.0,743.0,773.0,775.0,775.0,798.0,824.0,825.0,827.0,836.0,841.0,866.0,886.0,891.0,892.0,955.0,981.0,990.0,
29.0,36.0,47.0,72.0,100.0,103.0,135.0,145.0,157.0,169.0,199.0,202.0,210.0,218.0,228.0,252.0,259.0,345.0,384.0,437.0,438.0,448.0,475.0,510.0,514.0,525.0,527.0,553.0,561.0,598.0,615.0,619.0,620.0,657.0,690.0,693.0,715.0,755.0,768.0,794.0,849.0,888.0,906.0,953.0,991.0,995.0,
19.0,24.0,25.0,64.0,145.0,175.0,176.0,195.0,241.0,293.0,299.0,308.0,369.0,460.0,475.0,499.0,500.0,524.0,525.0,529.0,538.0,545.0,549.0,550.0,624.0,629.0,877.0,883.0,961.0,979.0,990.0,
108.0,116.0,120.0,134.0,206.0,234.0,236.0,251.0,270.0,298.0,316.0,385.0,390.0,456.0,468.0,475.0,481.0,483.0,516.0,517.0,519.0,520.0,533.0,541.0,551.0,552.0,558.0,563.0,575.0,581.0,587.0,594.0,602.0,624.0,651.0,666.0,668.0,668.0,671.0,679.0,701.0,708.0,717.0,723.0,724.0,736.0,753.0,813.0,813.0,821.0,831.0,839.0,889.0,911.0,952.0,
25.0,49.0,98.0,126.0,147.0,179.0,192.0,193.0,215.0,244.0,271.0,327.0,331.0,335.0,350.0,395.0,410.0,445.0,455.0,484.0,498.0,508.0,515.0,527.0,528.0,539.0,542.0,543.0,551.0,553.0,554.0,558.0,559.0,559.0,564.0,564.0,577.0,583.0,594.0,595.0,595.0,595.0,600.0,604.0,604.0,609.0,609.0,614.0,630.0,642.0,645.0,664.0,668.0,670.0,675.0,676.0,685.0,706.0,714.0,734.0,765.0,814.0,820.0,826.0,875.0,913.0,947.0,975.0,
60.0,80.0,82.0,106.0,168.0,209.0,246.0,255.0,268.0,302.0,312.0,316.0,316.0,333.0,355.0,374.0,417.0,445.0,518.0,523.0,525.0,528.0,531.0,534.0,538.0,539.0,546.0,546.0,549.0,555.0,555.0,560.0,580.0,583.0,593.0,593.0,602.0,605.0,607.0,611.0,620.0,621.0,636.0,642.0,649.0,652.0,662.0,666.0,671.0,678.0,679.0,685.0,690.0,709.0,714.0,716.0,716.0,719.0,735.0,735.0,737.0,750.0,755.0,760.0,792.0,816.0,824.0,832.0,854.0,855.0,855.0,857.0,860.0,861.0,881.0,903.0,938.0,977.0,980.0,998.0,1000.0,
3.0,25.0,56.0,65.0,99.0,174.0,193.0,203.0,282.0,342.0,354.0,360.0,418.0,420.0,425.0,439.0,479.0,494.0,497.0,514.0,525.0,535.0,537.0,538.0,542.0,544.0,544.0,544.0,546.0,551.0,557.0,557.0,558.0,573.0,576.0,577.0,585.0,587.0,593.0,596.0,622.0,643.0,673.0,709.0,722.0,725.0,737.0,741.0,751.0,753.0,756.0,763.0,765.0,775.0,785.0,792.0,839.0,840.0,858.0,861.0,872.0,897.0,911.0,931.0,971.0,978.0,983.0,999.0,
69.0,154.0,185.0,186.0,206.0,248.0,294.0,323.0,347.0,379.0,408.0,473.0,480.0,512.0,519.0,520.0,532.0,537.0,540.0,541.0,541.0,542.0,545.0,561.0,562.0,568.0,574.0,578.0,598.0,609.0,613.0,615.0,620.0,622.0,630.0,661.0,667.0,684.0,699.0,712.0,715.0,737.0,738.0,740.0,743.0,748.0,777.0,830.0,837.0,879.0,892.0,898.0,911.0,921.0,996.0,
18.0,34.0,39.0,47.0,51.0,79.0,101.0,104.0,130.0,137.0,156.0,218.0,221.0,286.0,289.0,299.0,308.0,314.0,351.0,368.0,383.0,414.0,420.0,451.0,510.0,519.0,531.0,532.0,539.0,542.0,542.0,544.0,548.0,551.0,556.0,557.0,558.0,569.0,576.0,591.0,593.0,593.0,619.0,629.0,649.0,651.0,658.0,671.0,673.0,698.0,700.0,704.0,706.0,715.0,721.0,741.0,744.0,748.0,753.0,777.0,779.0,833.0,856.0,885.0,903.0,912.0,918.0,923.0,927.0,948.0,964.0,977.0,978.0,991.0,
2.0,159.0,185.0,215.0,262.0,274.0,287.0,290.0,303.0,325.0,327.0,330.0,373.0,382.0,401.0,440.0,465.0,478.0,517.0,525.0,528.0,531.0,537.0,545.0,546.0,554.0,555.0,556.0,560.0,565.0,566.0,569.0,577.0,580.0,587.0,591.0,593.0,596.0,598.0,620.0,625.0,633.0,636.0,638.0,648.0,649.0,705.0,709.0,717.0,741.0,755.0,763.0,783.0,847.0,893.0,931.0,936.0,962.0,964.0,969.0,996.0,
14.0,38.0,54.0,60.0,64.0,92.0,150.0,153.0,160.0,161.0,175.0,199.0,207.0,267.0,290.0,431.0,436.0,449.0,467.0,495.0,528.0,532.0,540.0,541.0,545.0,546.0,547.0,559.0,567.0,590.0,602.0,603.0,607.0,617.0,635.0,637.0,637.0,646.0,653.0,659.0,668.0,671.0,681.0,681.0,690.0,698.0,700.0,703.0,707.0,712.0,720.0,721.0,732.0,740.0,762.0,778.0,831.0,843.0,853.0,854.0,860.0,862.0,875.0,888.0,888.0,897.0,899.0,907.0,917.0,924.0,944.0,948.0,951.0,975.0,981.0,988.0,992.0,
3.0,28.0,34.0,34.0,44.0,48.0,67.0,67.0,75.0,94.0,117.0,124.0,124.0,156.0,164.0,168.0,171.0,190.0,190.0,218.0,226.0,280.0,315.0,344.0,354.0,452.0,466.0,472.0,474.0,475.0,477.0,502.0,521.0,531.0,536.0,538.0,540.0,545.0,546.0,555.0,561.0,566.0,566.0,568.0,572.0,580.0,589.0,593.0,597.0,616.0,630.0,633.0,644.0,652.0,686.0,700.0,702.0,713.0,718.0,730.0,755.0,757.0,771.0,789.0,809.0,812.0,822.0,822.0,826.0,844.0,859.0,895.0,908.0,915.0,926.0,935.0,953.0,972.0,983.0,987.0,989.0,994.0,999.0,
11.0,11.0,27.0,77.0,98.0,117.0,126.0,127.0,144.0,166.0,168.0,175.0,200.0,209.0,299.0,331.0,335.0,405.0,430.0,509.0,599.0,609.0,643.0,647.0,655.0,696.0,722.0,764.0,796.0,807.0,897.0,905.0,913.0,952.0,979.0,998.0,
9.0,35.0,52.0,72.0,130.0,131.0,153.0,153.0,234.0,245.0,257.0,269.0,277.0,283.0,295.0,322.0,331.0,374.0,376.0,441.0,461.0,463.0,504.0,518.0,523.0,524.0,526.0,529.0,530.0,543.0,544.0,547.0,553.0,555.0,560.0,561.0,567.0,571.0,574.0,575.0,588.0,597.0,613.0,618.0,624.0,631.0,641.0,647.0,659.0,666.0,670.0,680.0,685.0,686.0,688.0,693.0,708.0,718.0,726.0,729.0,762.0,766.0,800.0,809.0,828.0,849.0,853.0,863.0,902.0,931.0,945.0,945.0,946.0,947.0,952.0,963.0,
5.0,10.0,32.0,47.0,87.0,126.0,174.0,211.0,213.0,226.0,227.0,250.0,277.0,367.0,424.0,507.0,509.0,520.0,531.0,534.0,550.0,554.0,558.0,561.0,571.0,578.0,597.0,630.0,631.0,644.0,657.0,663.0,667.0,670.0,674.0,706.0,711.0,712.0,715.0,717.0,741.0,771.0,827.0,835.0,863.0,886.0,903.0,924.0,954.0,972.0,978.0,986.0,
94.0,132.0,162.0,175.0,201.0,233.0,237.0,274.0,326.0,336.0,351.0,364.0,365.0,369.0,390.0,431.0,432.0,456.0,521.0,529.0,535.0,544.0,545.0,550.0,552.0,555.0,556.0,561.0,564.0,577.0,581.0,593.0,594.0,595.0,597.0,598.0,600.0,605.0,608.0,608.0,610.0,619.0,669.0,672.0,691.0,691.0,738.0,738.0,749.0,756.0,766.0,770.0,780.0,787.0,796.0,798.0,803.0,823.0,859.0,867.0,876.0,896.0,929.0,962.0,968.0,984.0,
14.0,20.0,35.0,52.0,53.0,63.0,122.0,147.0,149.0,155.0,169.0,183.0,209.0,221.0,234.0,311.0,374.0,464.0,477.0,497.0,518.0,522.0,524.0,528.0,530.0,531.0,532.0,535.0,537.0,538.0,540.0,541.0,545.0,564.0,580.0,589.0,598.0,607.0,663.0,666.0,686.0,708.0,714.0,718.0,719.0,739.0,757.0,780.0,805.0,811.0,821.0,847.0,848.0,872.0,872.0,913.0,917.0,931.0,945.0,
45.0,51.0,69.0,70.0,84.0,100.0,107.0,156.0,181.0,191.0,215.0,242.0,248.0,265.0,273.0,278.0,279.0,332.0,349.0,397.0,451.0,454.0,504.0,532.0,536.0,537.0,541.0,542.0,543.0,556.0,562.0,571.0,580.0,580.0,587.0,593.0,651.0,657.0,665.0,672.0,697.0,699.0,709.0,728.0,763.0,793.0,798.0,810.0,816.0,867.0,907.0,919.0,939.0,950.0,956.0,970.0,
6.0,22.0,35.0,37.0,60.0,91.0,138.0,157.0,168.0,178.0,208.0,211.0,263.0,273.0,290.0,337.0,358.0,362.0,372.0,372.0,407.0,430.0,453.0,489.0,501.0,515.0,523.0,525.0,528.0,534.0,540.0,545.0,545.0,547.0,548.0,557.0,559.0,559.0,559.0,583.0,589.0,591.0,612.0,621.0,621.0,641.0,662.0,675.0,684.0,712.0,714.0,724.0,726.0,745.0,777.0,809.0,862.0,873.0,886.0,890.0,924.0,997.0,
45.0,56.0,96.0,98.0,125.0,127.0,132.0,137.0,159.0,173.0,177.0,185.0,185.0,218.0,224.0,232.0,248.0,364.0,442.0,460.0,466.0,475.0,493.0,493.0,517.0,519.0,524.0,530.0,530.0,532.0,534.0,548.0,548.0,550.0,554.0,557.0,560.0,560.0,561.0,583.0,584.0,585.0,586.0,588.0,592.0,603.0,616.0,618.0,619.0,631.0,637.0,648.0,648.0,652.0,678.0,718.0,764.0,768.0,791.0,796.0,828.0,833.0,852.0,867.0,869.0,876.0,898.0,909.0,922.0,965.0,985.0,994.0,995.0,
23.0,32.0,56.0,59.0,84.0,100.0,131.0,133.0,154.0,186.0,208.0,235.0,295.0,304.0,337.0,347.0,352.0,378.0,381.0,391.0,435.0,457.0,460.0,467.0,517.0,524.0,528.0,529.0,532.0,533.0,535.0,535.0,537.0,539.0,542.0,545.0,545.0,546.0,550.0,551.0,552.0,558.0,559.0,568.0,582.0,585.0,605.0,618.0,620.0,627.0,656.0,658.0,682.0,696.0,705.0,744.0,747.0,748.0,759.0,803.0,810.0,839.0,839.0,846.0,856.0,866.0,874.0,937.0,942.0,993.0,994.0,
14.0,123.0,132.0,159.0,184.0,229.0,252.0,264.0,278.0,313.0,322.0,343.0,365.0,404.0,494.0,510.0,511.0,518.0,523.0,529.0,530.0,534.0,536.0,542.0,550.0,552.0,552.0,552.0,554.0,564.0,574.0,576.0,586.0,589.0,605.0,618.0,635.0,645.0,649.0,652.0,653.0,656.0,659.0,668.0,686.0,687.0,691.0,700.0,710.0,719.0,721.0,724.0,745.0,768.0,777.0,794.0,813.0,837.0,839.0,847.0,854.0,858.0,867.0,888.0,907.0,912.0,918.0,940.0,941.0,944.0,948.0,959.0,970.0,
53.0,72.0,89.0,92.0,98.0,204.0,236.0,275.0,275.0,298.0,305.0,333.0,352.0,405.0,421.0,425.0,457.0,465.0,479.0,517.0,522.0,549.0,565.0,583.0,586.0,591.0,599.0,763.0,967.0,
61.0,88.0,109.0,130.0,144.0,165.0,192.0,212.0,219.0,238.0,248.0,289.0,291.0,308.0,320.0,334.0,339.0,375.0,382.0,415.0,496.0,503.0,520.0,536.0,537.0,538.0,541.0,545.0,552.0,554.0,561.0,562.0,569.0,623.0,634.0,640.0,671.0,697.0,698.0,730.0,765.0,781.0,783.0,799.0,812.0,821.0,842.0,870.0,874.0,879.0,889.0,905.0,916.0,917.0,932.0,938.0,965.0,970.0,
14.0,66.0,71.0,82.0,120.0,175.0,230.0,234.0,238.0,249.0,259.0,283.0,342.0,348.0,361.0,367.0,468.0,514.0,526.0,527.0,530.0,535.0,537.0,542.0,542.0,545.0,551.0,553.0,554.0,569.0,570.0,581.0,605.0,610.0,622.0,654.0,683.0,691.0,694.0,700.0,749.0,776.0,778.0,807.0,812.0,890.0,906.0,913.0,938.0,944.0,949.0,
14.0,23.0,60.0,89.0,108.0,165.0,213.0,219.0,281.0,418.0,434.0,458.0,503.0,506.0,522.0,533.0,534.0,542.0,546.0,548.0,550.0,558.0,560.0,565.0,567.0,569.0,571.0,572.0,575.0,576.0,581.0,592.0,595.0,600.0,601.0,629.0,659.0,662.0,665.0,669.0,700.0,725.0,774.0,808.0,824.0,827.0,830.0,867.0,872.0,875.0,876.0,901.0,934.0,975.0,984.0,
15.0,26.0,81.0,98.0,98.0,122.0,220.0,296.0,315.0,369.0,380.0,381.0,394.0,395.0,426.0,431.0,436.0,441.0,444.0,448.0,457.0,466.0,476.0,542.0,551.0,551.0,554.0,555.0,556.0,556.0,558.0,559.0,568.0,571.0,574.0,577.0,585.0,590.0,592.0,603.0,604.0,614.0,623.0,629.0,639.0,646.0,647.0,653.0,658.0,671.0,704.0,746.0,754.0,757.0,765.0,767.0,774.0,789.0,789.0,801.0,807.0,834.0,868.0,879.0,891.0,899.0,900.0,970.0,988.0,992.0,
12.0,36.0,63.0,88.0,115.0,117.0,150.0,178.0,183.0,245.0,280.0,286.0,320.0,345.0,366.0,431.0,485.0,499.0,501.0,508.0,523.0,528.0,531.0,537.0,541.0,548.0,553.0,567.0,572.0,573.0,578.0,587.0,590.0,591.0,597.0,603.0,607.0,611.0,619.0,620.0,623.0,657.0,668.0,677.0,688.0,698.0,720.0,747.0,775.0,789.0,847.0,849.0,856.0,864.0,868.0,872.0,876.0,878.0,890.0,915.0,962.0,970.0,995.0,
11.0,74.0,76.0,108.0,117.0,152.0,164.0,207.0,213.0,269.0,319.0,350.0,389.0,424.0,471.0,519.0,521.0,521.0,524.0,524.0,524.0,531.0,532.0,540.0,543.0,548.0,549.0,549.0,550.0,555.0,557.0,563.0,586.0,597.0,603.0,630.0,671.0,674.0,674.0,677.0,678.0,681.0,684.0,686.0,709.0,752.0,756.0,763.0,821.0,867.0,886.0,908.0,963.0,973.0,
4.0,20.0,24.0,65.0,108.0,143.0,188.0,237.0,271.0,306.0,337.0,346.0,360.0,374.0,393.0,411.0,415.0,444.0,447.0,515.0,518.0,521.0,525.0,530.0,531.0,532.0,532.0,537.0,539.0,540.0,541.0,547.0,548.0,551.0,553.0,573.0,583.0,589.0,594.0,599.0,613.0,624.0,642.0,645.0,646.0,656.0,679.0,679.0,680.0,703.0,710.0,715.0,716.0,719.0,740.0,741.0,836.0,838.0,841.0,871.0,872.0,876.0,895.0,898.0,913.0,932.0,933.0,941.0,947.0,974.0,985.0,1000.0,
17.0,25.0,83.0,90.0,91.0,114.0,223.0,223.0,274.0,280.0,314.0,346.0,365.0,367.0,425.0,444.0,448.0,457.0,462.0,523.0,528.0,535.0,539.0,542.0,548.0,553.0,555.0,562.0,563.0,569.0,578.0,580.0,580.0,584.0,585.0,603.0,612.0,616.0,623.0,624.0,635.0,635.0,636.0,652.0,658.0,660.0,663.0,663.0,665.0,668.0,668.0,670.0,678.0,685.0,691.0,692.0,693.0,712.0,726.0,727.0,749.0,750.0,779.0,780.0,781.0,805.0,809.0,815.0,834.0,835.0,841.0,846.0,848.0,875.0,875.0,887.0,899.0,915.0,920.0,939.0,942.0,946.0,966.0,966.0,971.0,
175.0,198.0,201.0,271.0,284.0,288.0,315.0,317.0,320.0,328.0,331.0,366.0,367.0,373.0,376.0,408.0,417.0,424.0,425.0,433.0,482.0,488.0,490.0,504.0,542.0,544.0,545.0,545.0,545.0,553.0,554.0,570.0,571.0,583.0,583.0,585.0,585.0,590.0,602.0,610.0,628.0,629.0,630.0,630.0,633.0,662.0,674.0,683.0,699.0,775.0,778.0,812.0,844.0,854.0,876.0,907.0,908.0,910.0,939.0,945.0,949.0,950.0,956.0,986.0,991.0,993.0,
34.0,49.0,88.0,133.0,151.0,170.0,226.0,235.0,268.0,284.0,289.0,368.0,397.0,449.0,465.0,495.0,576.0,596.0,599.0,606.0,696.0,701.0,757.0,760.0,760.0,762.0,787.0,804.0,823.0,823.0,843.0,886.0,898.0,917.0,930.0,997.0,
31.0,43.0,56.0,128.0,130.0,237.0,239.0,259.0,287.0,322.0,387.0,389.0,401.0,485.0,497.0,512.0,513.0,533.0,535.0,541.0,547.0,547.0,549.0,550.0,556.0,584.0,588.0,591.0,593.0,654.0,660.0,664.0,691.0,696.0,706.0,710.0,731.0,755.0,758.0,816.0,818.0,832.0,890.0,899.0,927.0,
96.0,172.0,175.0,179.0,197.0,198.0,201.0,236.0,255.0,257.0,333.0,334.0,377.0,406.0,432.0,444.0,465.0,515.0,516.0,521.0,530.0,536.0,536.0,545.0,546.0,551.0,557.0,557.0,558.0,564.0,565.0,572.0,572.0,575.0,578.0,580.0,591.0,595.0,596.0,597.0,599.0,601.0,614.0,622.0,635.0,635.0,637.0,643.0,678.0,679.0,681.0,686.0,695.0,697.0,701.0,721.0,730.0,740.0,752.0,770.0,784.0,794.0,797.0,804.0,825.0,834.0,838.0,853.0,861.0,865.0,879.0,884.0,935.0,938.0,938.0,949.0,1000.0,
12.0,19.0,21.0,58.0,75.0,114.0,174.0,220.0,229.0,239.0,244.0,262.0,270.0,283.0,296.0,305.0,318.0,333.0,350.0,413.0,448.0,466.0,519.0,523.0,524.0,525.0,526.0,531.0,538.0,542.0,542.0,546.0,546.0,550.0,551.0,558.0,565.0,574.0,574.0,575.0,580.0,586.0,587.0,593.0,596.0,605.0,607.0,611.0,612.0,614.0,630.0,634.0,645.0,648.0,650.0,653.0,673.0,684.0,701.0,713.0,726.0,746.0,752.0,758.0,758.0,770.0,787.0,790.0,812.0,815.0,834.0,848.0,870.0,880.0,900.0,906.0,933.0,961.0,985.0,
84.0,108.0,119.0,177.0,184.0,216.0,235.0,280.0,364.0,403.0,423.0,429.0,441.0,494.0,517.0,517.0,530.0,540.0,541.0,542.0,544.0,552.0,559.0,564.0,567.0,572.0,577.0,581.0,598.0,613.0,623.0,627.0,629.0,635.0,645.0,660.0,666.0,680.0,693.0,697.0,702.0,717.0,722.0,753.0,771.0,782.0,782.0,817.0,821.0,861.0,896.0,905.0,908.0,915.0,919.0,946.0,963.0,
5.0,45.0,71.0,140.0,148.0,149.0,156.0,165.0,179.0,181.0,286.0,328.0,348.0,380.0,392.0,403.0,425.0,426.0,432.0,506.0,513.0,517.0,526.0,530.0,533.0,543.0,543.0,545.0,554.0,557.0,560.0,561.0,569.0,569.0,574.0,577.0,578.0,582.0,640.0,646.0,649.0,665.0,670.0,733.0,738.0,742.0,761.0,766.0,830.0,836.0,838.0,884.0,888.0,977.0,1000.0,
113.0,122.0,211.0,264.0,311.0,355.0,360.0,369.0,393.0,422.0,424.0,437.0,495.0,510.0,527.0,528.0,528.0,533.0,533.0,539.0,542.0,544.0,547.0,553.0,559.0,564.0,578.0,580.0,587.0,587.0,587.0,588.0,594.0,605.0,620.0,620.0,622.0,625.0,627.0,643.0,658.0,672.0,677.0,713.0,726.0,746.0,751.0,775.0,813.0,823.0,828.0,891.0,901.0,913.0,939.0,950.0,960.0,963.0,986.0,996.0,
35.0,35.0,41.0,62.0,66.0,111.0,126.0,239.0,264.0,276.0,283.0,290.0,299.0,317.0,323.0,335.0,345.0,390.0,396.0,402.0,405.0,427.0,467.0,473.0,479.0,489.0,519.0,525.0,534.0,535.0,537.0,539.0,550.0,555.0,567.0,568.0,570.0,574.0,578.0,592.0,592.0,613.0,613.0,625.0,636.0,653.0,655.0,658.0,662.0,667.0,691.0,728.0,742.0,745.0,762.0,766.0,793.0,801.0,804.0,812.0,827.0,840.0,855.0,883.0,886.0,919.0,919.0,947.0,951.0,965.0,966.0,978.0,997.0,
12.0,93.0,153.0,170.0,185.0,208.0,209.0,232.0,234.0,268.0,284.0,371.0,374.0,393.0,420.0,440.0,479.0,483.0,512.0,517.0,521.0,526.0,535.0,537.0,538.0,538.0,542.0,547.0,553.0,555.0,558.0,559.0,563.0,566.0,568.0,570.0,588.0,589.0,593.0,595.0,605.0,609.0,613.0,620.0,627.0,629.0,630.0,647.0,647.0,656.0,657.0,661.0,664.0,691.0,712.0,716.0,734.0,751.0,764.0,779.0,812.0,822.0,827.0,835.0,835.0,839.0,866.0,883.0,889.0,928.0,932.0,948.0,955.0,967.0,985.0,986.0,
13.0,71.0,72.0,80.0,102.0,139.0,147.0,158.0,164.0,167.0,208.0,210.0,229.0,235.0,270.0,278.0,292.0,298.0,323.0,326.0,331.0,361.0,455.0,505.0,515.0,524.0,541.0,554.0,558.0,569.0,592.0,596.0,603.0,613.0,637.0,657.0,692.0,719.0,738.0,767.0,768.0,776.0,784.0,803.0,830.0,849.0,860.0,903.0,940.0,946.0,
36.0,74.0,116.0,126.0,142.0,156.0,220.0,243.0,268.0,285.0,384.0,392.0,429.0,435.0,497.0,520.0,556.0,576.0,638.0,641.0,645.0,722.0,750.0,756.0,897.0,906.0,919.0,960.0,972.0,986.0,
8.0,69.0,97.0,117.0,118.0,152.0,157.0,160.0,173.0,200.0,203.0,220.0,228.0,344.0,352.0,362.0,379.0,406.0,418.0,464.0,472.0,484.0,558.0,567.0,584.0,594.0,613.0,822.0,890.0,957.0,
47.0,51.0,54.0,55.0,58.0,60.0,77.0,102.0,121.0,147.0,191.0,229.0,239.0,239.0,290.0,293.0,428.0,435.0,464.0,521.0,538.0,551.0,555.0,573.0,573.0,589.0,616.0,636.0,651.0,686.0,696.0,705.0,705.0,707.0,708.0,745.0,758.0,794.0,799.0,803.0,855.0,866.0,868.0,869.0,871.0,890.0,899.0,902.0,957.0,959.0,982.0,983.0,
8.0,26.0,71.0,91.0,146.0,191.0,272.0,298.0,346.0,361.0,390.0,418.0,423.0,484.0,490.0,516.0,528.0,529.0,533.0,534.0,538.0,540.0,540.0,543.0,566.0,572.0,579.0,593.0,597.0,608.0,609.0,632.0,634.0,647.0,650.0,650.0,656.0,676.0,684.0,684.0,693.0,719.0,729.0,754.0,771.0,772.0,792.0,814.0,818.0,832.0,840.0,848.0,848.0,860.0,862.0,863.0,869.0,890.0,896.0,912.0,925.0,925.0,933.0,941.0,963.0,977.0,997.0,
23.0,38.0,70.0,86.0,114.0,115.0,218.0,322.0,363.0,365.0,424.0,431.0,440.0,444.0,470.0,488.0,518.0,530.0,531.0,539.0,551.0,551.0,567.0,580.0,582.0,594.0,595.0,599.0,604.0,607.0,609.0,610.0,610.0,620.0,621.0,621.0,621.0,629.0,635.0,644.0,652.0,670.0,672.0,678.0,681.0,687.0,699.0,703.0,731.0,779.0,787.0,788.0,795.0,803.0,815.0,824.0,834.0,857.0,891.0,895.0,895.0,905.0,921.0,923.0,930.0,939.0,940.0,943.0,943.0,950.0,958.0,998.0,
22.0,39.0,59.0,77.0,132.0,179.0,223.0,260.0,267.0,272.0,304.0,343.0,388.0,422.0,459.0,464.0,471.0,487.0,496.0,513.0,527.0,527.0,537.0,537.0,540.0,552.0,552.0,559.0,563.0,578.0,579.0,580.0,582.0,593.0,595.0,600.0,627.0,627.0,646.0,668.0,690.0,696.0,725.0,756.0,787.0,792.0,793.0,805.0,813.0,838.0,844.0,848.0,855.0,858.0,890.0,915.0,923.0,926.0,927.0,938.0,947.0,962.0,
5.0,27.0,81.0,82.0,129.0,145.0,161.0,228.0,279.0,295.0,319.0,335.0,355.0,446.0,488.0,532.0,534.0,535.0,537.0,539.0,542.0,544.0,555.0,573.0,576.0,578.0,590.0,592.0,597.0,597.0,612.0,613.0,619.0,631.0,647.0,651.0,665.0,729.0,757.0,757.0,794.0,796.0,803.0,810.0,818.0,831.0,833.0,834.0,863.0,868.0,890.0,934.0,936.0,941.0,962.0,966.0,973.0,991.0,
27.0,39.0,81.0,110.0,110.0,149.0,182.0,189.0,258.0,267.0,371.0,395.0,432.0,477.0,509.0,513.0,519.0,523.0,527.0,533.0,539.0,543.0,545.0,555.0,575.0,578.0,587.0,591.0,596.0,605.0,617.0,621.0,624.0,624.0,628.0,635.0,644.0,649.0,674.0,692.0,699.0,716.0,721.0,727.0,740.0,759.0,766.0,772.0,776.0,777.0,785.0,795.0,808.0,813.0,817.0,820.0,827.0,879.0,898.0,898.0,903.0,907.0,910.0,917.0,921.0,922.0,934.0,934.0,962.0,965.0,975.0,977.0,
8.0,30.0,74.0,192.0,206.0,207.0,215.0,326.0,367.0,377.0,396.0,455.0,462.0,488.0,532.0,539.0,547.0,552.0,557.0,558.0,565.0,586.0,589.0,593.0,617.0,665.0,666.0,674.0,686.0,700.0,709.0,727.0,779.0,794.0,795.0,801.0,832.0,862.0,881.0,950.0,961.0,965.0,970.0,979.0,989.0,996.0,
30.0,46.0,122.0,152.0,176.0,205.0,221.0,221.0,234.0,242.0,271.0,296.0,297.0,311.0,328.0,336.0,352.0,356.0,361.0,382.0,427.0,430.0,455.0,496.0,502.0,532.0,547.0,586.0,588.0,591.0,623.0,624.0,630.0,667.0,683.0,703.0,704.0,798.0,854.0,860.0,884.0,888.0,939.0,953.0,972.0,985.0,
33.0,48.0,85.0,96.0,110.0,142.0,148.0,152.0,205.0,222.0,223.0,263.0,268.0,290.0,310.0,357.0,381.0,452.0,456.0,491.0,530.0,620.0,647.0,694.0,730.0,777.0,791.0,821.0,851.0,854.0,892.0,970.0,980.0,
17.0,21.0,59.0,70.0,103.0,120.0,224.0,245.0,272.0,309.0,371.0,407.0,415.0,499.0,514.0,535.0,544.0,558.0,559.0,577.0,590.0,637.0,652.0,737.0,741.0,762.0,770.0,827.0,829.0,830.0,849.0,930.0,935.0,958.0,973.0,
22.0,47.0,99.0,169.0,174.0,183.0,197.0,237.0,288.0,295.0,312.0,335.0,396.0,411.0,415.0,425.0,438.0,455.0,457.0,462.0,483.0,489.0,532.0,540.0,569.0,587.0,594.0,637.0,657.0,698.0,728.0,757.0,810.0,841.0,875.0,895.0,904.0,919.0,937.0,
66.0,117.0,143.0,200.0,222.0,234.0,268.0,269.0,287.0,289.0,324.0,372.0,393.0,396.0,427.0,485.0,505.0,527.0,541.0,549.0,568.0,576.0,604.0,624.0,628.0,642.0,670.0,673.0,707.0,717.0,729.0,730.0,755.0,772.0,806.0,810.0,846.0,848.0,853.0,855.0,873.0,908.0,941.0,944.0,958.0,970.0,988.0,
20.0,22.0,50.0,51.0,51.0,68.0,96.0,141.0,169.0,179.0,247.0,288.0,289.0,303.0,315.0,351.0,357.0,375.0,391.0,398.0,416.0,452.0,461.0,517.0,536.0,536.0,539.0,547.0,554.0,560.0,564.0,564.0,566.0,570.0,575.0,594.0,605.0,613.0,615.0,625.0,633.0,643.0,645.0,654.0,657.0,672.0,675.0,681.0,728.0,737.0,741.0,753.0,758.0,763.0,778.0,780.0,789.0,814.0,832.0,839.0,852.0,855.0,881.0,887.0,904.0,916.0,957.0,
85.0,89.0,130.0,154.0,163.0,177.0,241.0,321.0,366.0,403.0,430.0,460.0,515.0,517.0,518.0,518.0,522.0,530.0,544.0,544.0,550.0,551.0,558.0,560.0,575.0,587.0,594.0,618.0,621.0,632.0,635.0,642.0,671.0,686.0,694.0,700.0,703.0,704.0,722.0,732.0,736.0,752.0,772.0,782.0,784.0,794.0,845.0,854.0,855.0,873.0,887.0,906.0,908.0,918.0,919.0,925.0,939.0,946.0,967.0,978.0,987.0,
36.0,48.0,79.0,105.0,163.0,178.0,252.0,297.0,312.0,371.0,405.0,405.0,500.0,524.0,529.0,532.0,533.0,539.0,560.0,589.0,596.0,623.0,664.0,671.0,672.0,689.0,696.0,701.0,702.0,711.0,715.0,733.0,733.0,751.0,757.0,769.0,775.0,782.0,785.0,810.0,834.0,858.0,870.0,882.0,891.0,895.0,911.0,918.0,927.0,932.0,975.0,988.0,
4.0,10.0,20.0,52.0,216.0,228.0,291.0,332.0,364.0,367.0,367.0,420.0,483.0,486.0,517.0,521.0,537.0,549.0,563.0,570.0,572.0,576.0,577.0,590.0,590.0,597.0,612.0,615.0,618.0,624.0,631.0,673.0,707.0,804.0,834.0,835.0,845.0,865.0,877.0,896.0,930.0,938.0,941.0,950.0,995.0,
3.0,4.0,42.0,75.0,91.0,131.0,221.0,232.0,239.0,256.0,265.0,294.0,296.0,319.0,339.0,387.0,390.0,391.0,418.0,448.0,453.0,455.0,457.0,506.0,507.0,624.0,634.0,691.0,700.0,813.0,891.0,896.0,918.0,941.0,964.0,985.0,
29.0,36.0,52.0,52.0,73.0,143.0,152.0,161.0,194.0,196.0,217.0,248.0,258.0,299.0,303.0,355.0,400.0,407.0,533.0,534.0,539.0,565.0,615.0,626.0,636.0,660.0,765.0,798.0,857.0,858.0,917.0,941.0,
