20.0,45.0,50.0,65.0,101.0,143.0,167.0,204.0,219.0,221.0,234.0,262.0,307.0,332.0,392.0,415.0,431.0,434.0,454.0,536.0,589.0,598.0,611.0,624.0,630.0,663.0,693.0,762.0,764.0,776.0,784.0,803.0,807.0,816.0,969.0,977.0,978.0,986.0,
20.0,42.0,42.0,45.0,59.0,70.0,95.0,102.0,116.0,121.0,122.0,140.0,223.0,267.0,311.0,320.0,336.0,339.0,367.0,413.0,452.0,458.0,472.0,474.0,509.0,516.0,571.0,615.0,621.0,639.0,676.0,813.0,818.0,952.0,957.0,
5.0,35.0,65.0,120.0,137.0,163.0,204.0,209.0,226.0,235.0,297.0,338.0,349.0,374.0,434.0,436.0,452.0,461.0,523.0,531.0,562.0,708.0,710.0,756.0,761.0,796.0,821.0,834.0,863.0,895.0,934.0,941.0,
5.0,14.0,76.0,78.0,86.0,111.0,129.0,157.0,164.0,168.0,200.0,225.0,250.0,250.0,280.0,281.0,291.0,313.0,367.0,377.0,377.0,408.0,412.0,446.0,469.0,499.0,511.0,520.0,527.0,537.0,543.0,590.0,668.0,679.0,751.0,811.0,891.0,898.0,902.0,962.0,992.0,998.0,
40.0,44.0,45.0,87.0,135.0,233.0,248.0,252.0,280.0,287.0,291.0,304.0,357.0,387.0,392.0,403.0,446.0,473.0,477.0,479.0,504.0,519.0,585.0,588.0,620.0,620.0,710.0,713.0,756.0,775.0,828.0,867.0,880.0,924.0,928.0,957.0,971.0,986.0,
48.0,80.0,104.0,229.0,251.0,259.0,273.0,280.0,312.0,340.0,354.0,365.0,406.0,407.0,425.0,541.0,558.0,563.0,587.0,589.0,619.0,637.0,638.0,649.0,706.0,708.0,739.0,768.0,771.0,776.0,839.0,880.0,898.0,940.0,941.0,993.0,
66.0,86.0,92.0,127.0,190.0,202.0,209.0,341.0,350.0,355.0,434.0,456.0,460.0,485.0,510.0,520.0,546.0,627.0,710.0,713.0,797.0,799.0,811.0,831.0,831.0,835.0,847.0,859.0,870.0,898.0,961.0,994.0,994.0,
28.0,94.0,120.0,131.0,139.0,149.0,186.0,211.0,214.0,274.0,339.0,371.0,398.0,442.0,478.0,509.0,584.0,604.0,644.0,657.0,662.0,704.0,709.0,819.0,862.0,865.0,951.0,954.0,974.0,998.0,
104.0,128.0,141.0,181.0,211.0,228.0,238.0,286.0,362.0,480.0,483.0,586.0,591.0,613.0,631.0,677.0,682.0,712.0,734.0,769.0,777.0,778.0,898.0,906.0,973.0,980.0,
45.0,52.0,74.0,93.0,106.0,120.0,166.0,178.0,263.0,307.0,309.0,329.0,386.0,387.0,402.0,416.0,437.0,453.0,526.0,537.0,543.0,637.0,657.0,694.0,854.0,855.0,869.0,902.0,927.0,930.0,939.0,954.0,958.0,974.0,
11.0,14.0,19.0,41.0,59.0,126.0,168.0,217.0,249.0,281.0,313.0,364.0,376.0,398.0,536.0,620.0,651.0,663.0,709.0,738.0,753.0,763.0,766.0,830.0,836.0,868.0,889.0,952.0,
83.0,138.0,152.0,200.0,208.0,223.0,267.0,301.0,309.0,320.0,333.0,340.0,382.0,439.0,515.0,519.0,549.0,569.0,595.0,613.0,706.0,732.0,751.0,763.0,781.0,791.0,796.0,849.0,884.0,903.0,925.0,927.0,962.0,988.0,988.0,
6.0,12.0,31.0,40.0,47.0,135.0,147.0,151.0,156.0,167.0,280.0,330.0,421.0,438.0,454.0,458.0,481.0,486.0,563.0,566.0,567.0,570.0,581.0,602.0,614.0,629.0,639.0,748.0,759.0,762.0,772.0,774.0,815.0,836.0,863.0,866.0,889.0,891.0,940.0,952.0,966.0,970.0,972.0,981.0,991.0,994.0,
2.0,24.0,33.0,90.0,97.0,101.0,132.0,135.0,232.0,244.0,250.0,350.0,365.0,374.0,416.0,420.0,487.0,517.0,521.0,521.0,589.0,629.0,678.0,707.0,759.0,787.0,825.0,855.0,866.0,872.0,886.0,890.0,890.0,926.0,927.0,949.0,969.0,
8.0,15.0,25.0,44.0,57.0,112.0,135.0,200.0,282.0,287.0,293.0,306.0,385.0,434.0,475.0,503.0,515.0,553.0,601.0,617.0,684.0,720.0,766.0,805.0,845.0,932.0,969.0,974.0,
4.0,45.0,67.0,75.0,111.0,125.0,167.0,168.0,176.0,195.0,291.0,301.0,305.0,353.0,404.0,409.0,426.0,428.0,428.0,451.0,491.0,511.0,536.0,537.0,540.0,562.0,625.0,644.0,649.0,730.0,775.0,776.0,807.0,812.0,816.0,818.0,849.0,854.0,946.0,974.0,999.0,
7.0,38.0,43.0,81.0,93.0,107.0,139.0,170.0,194.0,266.0,348.0,377.0,459.0,461.0,489.0,559.0,573.0,580.0,660.0,678.0,682.0,698.0,717.0,737.0,754.0,775.0,786.0,874.0,892.0,906.0,955.0,997.0,
4.0,23.0,24.0,65.0,81.0,97.0,249.0,252.0,256.0,261.0,329.0,334.0,358.0,401.0,415.0,422.0,446.0,482.0,483.0,505.0,521.0,539.0,553.0,595.0,599.0,608.0,624.0,640.0,668.0,703.0,746.0,758.0,788.0,799.0,830.0,832.0,833.0,941.0,965.0,989.0,
24.0,100.0,147.0,154.0,158.0,168.0,247.0,273.0,298.0,316.0,336.0,375.0,466.0,486.0,493.0,519.0,532.0,599.0,622.0,631.0,677.0,725.0,770.0,788.0,811.0,814.0,829.0,834.0,839.0,851.0,861.0,885.0,904.0,932.0,966.0,
53.0,71.0,83.0,106.0,117.0,120.0,145.0,168.0,205.0,218.0,236.0,268.0,279.0,380.0,384.0,440.0,468.0,497.0,532.0,539.0,545.0,552.0,565.0,583.0,584.0,586.0,655.0,660.0,699.0,748.0,759.0,763.0,770.0,879.0,880.0,883.0,884.0,959.0,972.0,
20.0,40.0,53.0,60.0,62.0,142.0,177.0,180.0,229.0,238.0,303.0,349.0,378.0,379.0,411.0,443.0,447.0,489.0,575.0,608.0,621.0,626.0,630.0,679.0,712.0,728.0,795.0,799.0,811.0,823.0,825.0,827.0,859.0,880.0,918.0,934.0,934.0,967.0,
55.0,63.0,66.0,242.0,257.0,259.0,279.0,284.0,293.0,295.0,311.0,354.0,364.0,409.0,425.0,443.0,457.0,480.0,508.0,518.0,525.0,573.0,577.0,588.0,639.0,653.0,654.0,658.0,702.0,710.0,715.0,731.0,746.0,762.0,776.0,788.0,922.0,925.0,933.0,941.0,941.0,976.0,980.0,
83.0,170.0,215.0,216.0,238.0,262.0,289.0,344.0,353.0,380.0,427.0,427.0,467.0,531.0,535.0,540.0,552.0,591.0,601.0,610.0,610.0,616.0,667.0,672.0,679.0,681.0,696.0,714.0,715.0,722.0,736.0,751.0,825.0,827.0,869.0,894.0,898.0,957.0,957.0,997.0,
53.0,116.0,133.0,150.0,155.0,165.0,210.0,216.0,242.0,287.0,300.0,361.0,361.0,375.0,376.0,403.0,428.0,438.0,439.0,470.0,572.0,576.0,649.0,691.0,712.0,771.0,814.0,829.0,834.0,855.0,878.0,880.0,880.0,888.0,912.0,949.0,975.0,
24.0,101.0,141.0,149.0,189.0,195.0,196.0,248.0,251.0,265.0,306.0,319.0,359.0,372.0,409.0,421.0,443.0,443.0,469.0,482.0,506.0,553.0,567.0,579.0,594.0,632.0,648.0,681.0,689.0,771.0,773.0,787.0,807.0,815.0,843.0,874.0,967.0,
35.0,51.0,63.0,89.0,132.0,186.0,195.0,247.0,251.0,282.0,314.0,330.0,340.0,355.0,375.0,405.0,459.0,462.0,475.0,487.0,503.0,517.0,528.0,531.0,534.0,538.0,555.0,608.0,643.0,668.0,683.0,740.0,769.0,788.0,790.0,859.0,919.0,938.0,952.0,965.0,988.0,993.0,
43.0,71.0,140.0,164.0,207.0,207.0,208.0,222.0,223.0,224.0,235.0,292.0,328.0,335.0,395.0,452.0,494.0,657.0,659.0,670.0,683.0,695.0,701.0,706.0,731.0,736.0,744.0,812.0,817.0,853.0,857.0,907.0,920.0,937.0,961.0,
19.0,30.0,52.0,59.0,82.0,99.0,135.0,138.0,164.0,180.0,206.0,248.0,328.0,344.0,366.0,426.0,450.0,501.0,509.0,538.0,544.0,555.0,590.0,665.0,672.0,711.0,716.0,842.0,905.0,921.0,
12.0,59.0,59.0,65.0,126.0,136.0,157.0,182.0,200.0,244.0,263.0,274.0,275.0,335.0,336.0,351.0,398.0,407.0,415.0,445.0,447.0,450.0,537.0,540.0,541.0,548.0,555.0,567.0,570.0,594.0,599.0,605.0,669.0,686.0,687.0,695.0,719.0,732.0,740.0,764.0,769.0,839.0,843.0,861.0,873.0,892.0,910.0,989.0,1000.0,
51.0,52.0,68.0,150.0,194.0,227.0,266.0,300.0,301.0,304.0,316.0,354.0,376.0,381.0,385.0,396.0,411.0,428.0,470.0,493.0,500.0,512.0,539.0,565.0,571.0,578.0,603.0,640.0,645.0,706.0,731.0,732.0,736.0,849.0,896.0,901.0,914.0,921.0,924.0,961.0,
83.0,119.0,144.0,151.0,214.0,220.0,226.0,231.0,267.0,271.0,279.0,332.0,344.0,374.0,429.0,505.0,550.0,565.0,584.0,586.0,622.0,664.0,679.0,701.0,712.0,712.0,715.0,728.0,787.0,796.0,862.0,873.0,976.0,
24.0,25.0,41.0,59.0,107.0,124.0,141.0,142.0,143.0,155.0,193.0,225.0,388.0,395.0,403.0,403.0,423.0,431.0,472.0,474.0,477.0,537.0,622.0,659.0,700.0,708.0,710.0,739.0,766.0,785.0,831.0,899.0,901.0,922.0,941.0,947.0,
29.0,37.0,57.0,69.0,84.0,143.0,178.0,222.0,223.0,269.0,273.0,279.0,281.0,289.0,310.0,312.0,350.0,378.0,382.0,385.0,433.0,435.0,436.0,466.0,474.0,483.0,505.0,517.0,520.0,533.0,533.0,545.0,567.0,575.0,620.0,657.0,698.0,730.0,849.0,855.0,867.0,891.0,897.0,953.0,954.0,958.0,961.0,977.0,981.0,990.0,
37.0,73.0,74.0,115.0,179.0,208.0,220.0,278.0,340.0,350.0,360.0,378.0,380.0,434.0,474.0,512.0,538.0,569.0,602.0,615.0,633.0,639.0,645.0,702.0,719.0,733.0,819.0,824.0,840.0,893.0,904.0,905.0,914.0,924.0,968.0,978.0,990.0,
29.0,47.0,68.0,70.0,113.0,118.0,132.0,158.0,232.0,264.0,306.0,330.0,331.0,345.0,415.0,449.0,479.0,487.0,509.0,538.0,568.0,601.0,607.0,621.0,638.0,675.0,676.0,699.0,707.0,708.0,709.0,723.0,774.0,780.0,830.0,873.0,895.0,899.0,927.0,942.0,947.0,976.0,
2.0,9.0,72.0,91.0,114.0,126.0,174.0,213.0,241.0,284.0,329.0,374.0,384.0,397.0,454.0,499.0,518.0,520.0,533.0,552.0,559.0,643.0,650.0,700.0,716.0,716.0,725.0,767.0,778.0,814.0,830.0,880.0,909.0,952.0,956.0,983.0,990.0,
24.0,32.0,139.0,153.0,169.0,192.0,216.0,221.0,265.0,282.0,291.0,291.0,299.0,350.0,386.0,408.0,427.0,486.0,546.0,563.0,592.0,636.0,651.0,677.0,692.0,720.0,730.0,808.0,827.0,828.0,844.0,851.0,880.0,961.0,
20.0,20.0,39.0,125.0,163.0,203.0,206.0,236.0,274.0,274.0,307.0,332.0,365.0,370.0,391.0,453.0,507.0,510.0,521.0,539.0,619.0,621.0,634.0,669.0,752.0,764.0,769.0,769.0,771.0,783.0,803.0,818.0,827.0,912.0,941.0,970.0,
38.0,56.0,85.0,100.0,125.0,144.0,149.0,159.0,319.0,328.0,331.0,377.0,422.0,426.0,430.0,432.0,456.0,523.0,529.0,543.0,559.0,565.0,568.0,568.0,629.0,630.0,641.0,677.0,684.0,686.0,722.0,741.0,800.0,805.0,865.0,871.0,894.0,924.0,952.0,961.0,984.0,
6.0,21.0,22.0,75.0,80.0,110.0,152.0,176.0,206.0,219.0,225.0,244.0,279.0,320.0,397.0,412.0,443.0,554.0,564.0,604.0,605.0,705.0,759.0,765.0,808.0,874.0,901.0,983.0,999.0,
29.0,33.0,48.0,65.0,97.0,114.0,134.0,140.0,142.0,206.0,281.0,313.0,319.0,337.0,339.0,366.0,415.0,425.0,439.0,452.0,474.0,497.0,512.0,516.0,527.0,527.0,551.0,588.0,590.0,601.0,627.0,632.0,701.0,704.0,707.0,758.0,758.0,776.0,836.0,904.0,919.0,929.0,938.0,973.0,980.0,982.0,
27.0,38.0,56.0,83.0,112.0,117.0,117.0,144.0,169.0,235.0,245.0,260.0,290.0,326.0,363.0,375.0,388.0,410.0,433.0,445.0,515.0,523.0,565.0,578.0,580.0,583.0,586.0,599.0,616.0,630.0,685.0,730.0,808.0,809.0,831.0,838.0,862.0,904.0,910.0,921.0,924.0,925.0,952.0,
11.0,12.0,35.0,41.0,58.0,76.0,102.0,103.0,163.0,165.0,177.0,183.0,190.0,216.0,223.0,231.0,232.0,256.0,278.0,309.0,364.0,387.0,403.0,471.0,471.0,482.0,488.0,515.0,543.0,548.0,553.0,585.0,592.0,604.0,615.0,686.0,701.0,702.0,703.0,703.0,708.0,744.0,758.0,767.0,774.0,794.0,839.0,882.0,901.0,907.0,925.0,933.0,934.0,938.0,962.0,982.0,
24.0,69.0,81.0,96.0,161.0,209.0,271.0,277.0,318.0,323.0,350.0,359.0,375.0,385.0,494.0,509.0,588.0,605.0,635.0,644.0,650.0,662.0,781.0,824.0,828.0,867.0,975.0,
15.0,77.0,89.0,90.0,105.0,128.0,145.0,148.0,149.0,150.0,160.0,209.0,235.0,235.0,247.0,276.0,278.0,303.0,322.0,342.0,349.0,361.0,379.0,418.0,474.0,485.0,487.0,487.0,512.0,526.0,551.0,599.0,626.0,647.0,674.0,677.0,678.0,702.0,719.0,721.0,730.0,756.0,781.0,801.0,829.0,920.0,953.0,983.0,
3.0,15.0,39.0,63.0,93.0,119.0,126.0,127.0,147.0,151.0,152.0,165.0,169.0,182.0,185.0,190.0,228.0,307.0,316.0,324.0,328.0,348.0,362.0,394.0,458.0,492.0,517.0,527.0,583.0,604.0,654.0,682.0,779.0,791.0,809.0,848.0,867.0,875.0,911.0,976.0,
25.0,48.0,52.0,134.0,148.0,175.0,203.0,220.0,223.0,251.0,257.0,333.0,339.0,359.0,372.0,375.0,432.0,480.0,511.0,522.0,546.0,561.0,562.0,567.0,679.0,682.0,716.0,734.0,738.0,774.0,796.0,859.0,859.0,861.0,873.0,880.0,956.0,
2.0,16.0,21.0,24.0,24.0,26.0,41.0,67.0,87.0,98.0,109.0,111.0,190.0,196.0,217.0,243.0,251.0,275.0,282.0,284.0,290.0,329.0,336.0,341.0,352.0,358.0,381.0,382.0,385.0,422.0,448.0,452.0,476.0,484.0,491.0,546.0,548.0,608.0,618.0,655.0,664.0,685.0,759.0,762.0,766.0,768.0,792.0,795.0,797.0,887.0,890.0,925.0,948.0,995.0,
24.0,36.0,54.0,148.0,172.0,185.0,186.0,208.0,214.0,255.0,324.0,341.0,444.0,444.0,451.0,478.0,516.0,534.0,542.0,546.0,578.0,579.0,601.0,617.0,632.0,634.0,687.0,700.0,703.0,727.0,734.0,737.0,798.0,803.0,819.0,822.0,824.0,828.0,838.0,861.0,870.0,873.0,892.0,939.0,974.0,984.0,991.0,
22.0,59.0,145.0,212.0,221.0,242.0,248.0,262.0,276.0,288.0,347.0,351.0,355.0,457.0,475.0,476.0,577.0,589.0,611.0,628.0,631.0,643.0,655.0,671.0,717.0,724.0,750.0,761.0,779.0,810.0,870.0,905.0,936.0,946.0,997.0,
14.0,21.0,32.0,44.0,80.0,81.0,82.0,86.0,108.0,212.0,256.0,265.0,290.0,292.0,312.0,314.0,392.0,399.0,405.0,424.0,528.0,529.0,570.0,571.0,579.0,612.0,635.0,636.0,671.0,676.0,699.0,727.0,747.0,801.0,970.0,982.0,992.0,993.0,
2.0,16.0,16.0,124.0,124.0,153.0,166.0,168.0,228.0,232.0,233.0,257.0,258.0,258.0,263.0,279.0,288.0,325.0,366.0,374.0,412.0,429.0,444.0,446.0,451.0,457.0,461.0,486.0,521.0,549.0,688.0,702.0,725.0,728.0,768.0,831.0,897.0,900.0,933.0,947.0,948.0,989.0,
9.0,27.0,74.0,108.0,120.0,133.0,154.0,164.0,196.0,253.0,314.0,335.0,353.0,365.0,375.0,446.0,466.0,467.0,472.0,480.0,512.0,518.0,527.0,545.0,556.0,583.0,584.0,591.0,607.0,628.0,647.0,663.0,695.0,749.0,794.0,854.0,869.0,874.0,897.0,904.0,922.0,945.0,963.0,992.0,
39.0,52.0,54.0,56.0,102.0,110.0,127.0,191.0,197.0,237.0,270.0,334.0,345.0,361.0,369.0,426.0,439.0,445.0,449.0,480.0,501.0,555.0,581.0,690.0,693.0,710.0,732.0,766.0,801.0,825.0,841.0,869.0,872.0,883.0,897.0,919.0,
58.0,86.0,94.0,112.0,114.0,134.0,197.0,241.0,248.0,277.0,287.0,302.0,327.0,352.0,380.0,417.0,431.0,446.0,446.0,452.0,482.0,491.0,537.0,591.0,621.0,640.0,642.0,662.0,694.0,710.0,726.0,731.0,800.0,810.0,812.0,829.0,834.0,850.0,860.0,862.0,878.0,932.0,949.0,965.0,
47.0,71.0,87.0,95.0,111.0,117.0,129.0,146.0,198.0,215.0,218.0,256.0,278.0,289.0,338.0,375.0,388.0,397.0,412.0,434.0,499.0,536.0,547.0,551.0,562.0,707.0,711.0,718.0,727.0,727.0,729.0,744.0,754.0,764.0,829.0,834.0,849.0,858.0,912.0,915.0,926.0,929.0,954.0,963.0,
16.0,27.0,32.0,109.0,122.0,128.0,130.0,137.0,143.0,197.0,219.0,253.0,293.0,337.0,339.0,359.0,375.0,401.0,422.0,444.0,456.0,490.0,524.0,540.0,553.0,570.0,573.0,619.0,620.0,639.0,643.0,657.0,672.0,725.0,794.0,824.0,826.0,856.0,857.0,874.0,908.0,916.0,922.0,929.0,944.0,959.0,962.0,968.0,
16.0,56.0,77.0,85.0,179.0,183.0,249.0,305.0,342.0,356.0,422.0,424.0,425.0,533.0,539.0,539.0,569.0,576.0,630.0,705.0,711.0,722.0,773.0,787.0,814.0,821.0,845.0,855.0,877.0,946.0,954.0,
79.0,84.0,89.0,178.0,218.0,228.0,233.0,238.0,311.0,317.0,317.0,330.0,338.0,347.0,367.0,411.0,489.0,506.0,552.0,569.0,597.0,623.0,629.0,656.0,679.0,695.0,700.0,707.0,718.0,722.0,747.0,759.0,768.0,842.0,921.0,956.0,958.0,
64.0,71.0,98.0,117.0,140.0,142.0,170.0,191.0,195.0,205.0,271.0,277.0,289.0,297.0,406.0,412.0,414.0,460.0,475.0,507.0,534.0,564.0,574.0,579.0,606.0,614.0,617.0,623.0,626.0,659.0,687.0,731.0,765.0,807.0,876.0,877.0,885.0,900.0,900.0,907.0,924.0,961.0,963.0,981.0,
7.0,34.0,71.0,79.0,195.0,198.0,200.0,242.0,272.0,284.0,284.0,334.0,345.0,406.0,433.0,481.0,486.0,513.0,560.0,577.0,641.0,649.0,653.0,702.0,702.0,705.0,705.0,711.0,724.0,726.0,760.0,765.0,780.0,786.0,891.0,981.0,984.0,
6.0,11.0,22.0,44.0,73.0,81.0,99.0,220.0,241.0,254.0,322.0,334.0,335.0,374.0,378.0,385.0,417.0,420.0,430.0,436.0,436.0,493.0,511.0,553.0,572.0,586.0,590.0,606.0,631.0,645.0,649.0,689.0,698.0,702.0,716.0,745.0,765.0,788.0,817.0,836.0,922.0,924.0,936.0,940.0,945.0,961.0,961.0,969.0,993.0,
22.0,100.0,114.0,179.0,237.0,285.0,326.0,329.0,333.0,391.0,403.0,538.0,551.0,561.0,615.0,661.0,663.0,702.0,787.0,841.0,864.0,932.0,936.0,940.0,1000.0,
4.0,11.0,44.0,45.0,47.0,80.0,87.0,89.0,119.0,155.0,167.0,175.0,180.0,243.0,265.0,294.0,306.0,310.0,319.0,324.0,349.0,362.0,373.0,408.0,410.0,457.0,476.0,582.0,583.0,589.0,614.0,620.0,685.0,713.0,784.0,911.0,950.0,959.0,962.0,
7.0,12.0,64.0,65.0,76.0,90.0,169.0,207.0,273.0,349.0,358.0,368.0,386.0,404.0,472.0,476.0,483.0,483.0,485.0,511.0,529.0,536.0,586.0,588.0,611.0,743.0,744.0,748.0,758.0,799.0,802.0,813.0,817.0,883.0,980.0,
28.0,34.0,39.0,45.0,89.0,103.0,165.0,185.0,218.0,279.0,295.0,301.0,372.0,373.0,384.0,453.0,600.0,697.0,730.0,735.0,754.0,762.0,769.0,778.0,786.0,802.0,808.0,834.0,835.0,845.0,932.0,980.0,989.0,
15.0,20.0,119.0,150.0,243.0,266.0,281.0,303.0,363.0,367.0,373.0,398.0,432.0,439.0,478.0,485.0,506.0,512.0,525.0,553.0,575.0,576.0,579.0,585.0,585.0,614.0,637.0,655.0,658.0,697.0,714.0,716.0,735.0,746.0,789.0,791.0,807.0,824.0,848.0,891.0,893.0,907.0,907.0,945.0,985.0,986.0,
42.0,145.0,165.0,207.0,225.0,233.0,237.0,250.0,328.0,331.0,381.0,389.0,403.0,467.0,491.0,531.0,534.0,548.0,636.0,644.0,645.0,648.0,666.0,675.0,691.0,717.0,727.0,735.0,766.0,766.0,768.0,839.0,847.0,852.0,919.0,928.0,955.0,982.0,993.0,
6.0,26.0,35.0,57.0,81.0,180.0,209.0,212.0,218.0,223.0,266.0,289.0,309.0,316.0,352.0,373.0,390.0,398.0,423.0,443.0,454.0,513.0,572.0,632.0,665.0,680.0,689.0,757.0,782.0,812.0,812.0,841.0,884.0,888.0,898.0,899.0,920.0,930.0,964.0,966.0,978.0,985.0,
36.0,55.0,101.0,104.0,127.0,137.0,144.0,147.0,194.0,196.0,198.0,216.0,217.0,217.0,241.0,243.0,314.0,318.0,349.0,367.0,391.0,421.0,429.0,449.0,449.0,468.0,510.0,573.0,613.0,622.0,625.0,688.0,693.0,774.0,786.0,793.0,794.0,839.0,842.0,875.0,898.0,914.0,953.0,1000.0,
102.0,121.0,143.0,144.0,177.0,192.0,223.0,263.0,263.0,277.0,322.0,330.0,376.0,409.0,417.0,421.0,512.0,524.0,526.0,531.0,544.0,552.0,572.0,672.0,705.0,722.0,723.0,741.0,742.0,744.0,778.0,812.0,841.0,871.0,910.0,934.0,974.0,
42.0,55.0,144.0,144.0,195.0,199.0,205.0,205.0,212.0,229.0,234.0,234.0,235.0,238.0,386.0,401.0,406.0,412.0,469.0,480.0,504.0,505.0,533.0,556.0,597.0,613.0,628.0,637.0,639.0,667.0,676.0,685.0,711.0,745.0,779.0,817.0,834.0,852.0,859.0,875.0,902.0,909.0,911.0,931.0,934.0,959.0,
19.0,36.0,51.0,107.0,135.0,138.0,182.0,191.0,196.0,207.0,213.0,358.0,367.0,407.0,420.0,430.0,442.0,450.0,459.0,484.0,514.0,554.0,566.0,588.0,601.0,606.0,620.0,627.0,698.0,715.0,770.0,916.0,942.0,986.0,
27.0,43.0,52.0,74.0,81.0,96.0,137.0,158.0,253.0,259.0,362.0,375.0,425.0,428.0,477.0,505.0,506.0,516.0,566.0,643.0,701.0,725.0,741.0,758.0,769.0,776.0,786.0,791.0,800.0,845.0,852.0,867.0,886.0,888.0,944.0,965.0,982.0,986.0,988.0,989.0,993.0,996.0,997.0,
14.0,37.0,57.0,60.0,91.0,95.0,113.0,114.0,117.0,147.0,167.0,180.0,187.0,203.0,214.0,254.0,300.0,303.0,341.0,345.0,353.0,462.0,503.0,578.0,604.0,605.0,612.0,613.0,670.0,689.0,748.0,772.0,794.0,795.0,808.0,827.0,845.0,862.0,877.0,897.0,903.0,909.0,971.0,990.0,
5.0,36.0,97.0,103.0,128.0,186.0,350.0,359.0,375.0,395.0,401.0,442.0,493.0,505.0,558.0,577.0,587.0,589.0,626.0,641.0,660.0,663.0,706.0,721.0,742.0,759.0,773.0,825.0,836.0,845.0,869.0,876.0,884.0,923.0,947.0,960.0,
2.0,4.0,13.0,30.0,57.0,117.0,167.0,174.0,176.0,225.0,232.0,247.0,343.0,343.0,353.0,374.0,384.0,405.0,419.0,421.0,473.0,479.0,482.0,522.0,558.0,630.0,657.0,709.0,711.0,765.0,797.0,807.0,915.0,948.0,995.0,
38.0,39.0,80.0,126.0,156.0,180.0,211.0,304.0,317.0,524.0,532.0,533.0,595.0,601.0,610.0,627.0,639.0,667.0,671.0,725.0,753.0,767.0,804.0,817.0,823.0,894.0,924.0,930.0,936.0,959.0,968.0,987.0,
10.0,31.0,40.0,40.0,55.0,71.0,86.0,96.0,128.0,208.0,235.0,321.0,339.0,345.0,397.0,416.0,484.0,492.0,539.0,547.0,616.0,657.0,666.0,705.0,755.0,780.0,793.0,847.0,850.0,879.0,885.0,
8.0,65.0,80.0,189.0,191.0,321.0,390.0,398.0,401.0,421.0,425.0,455.0,485.0,537.0,542.0,558.0,579.0,613.0,618.0,625.0,656.0,656.0,707.0,720.0,820.0,823.0,852.0,862.0,935.0,964.0,990.0,1000.0,
20.0,30.0,46.0,51.0,62.0,70.0,98.0,162.0,171.0,218.0,222.0,226.0,271.0,387.0,390.0,415.0,451.0,457.0,485.0,608.0,653.0,704.0,707.0,711.0,763.0,764.0,861.0,877.0,879.0,908.0,910.0,981.0,
7.0,9.0,74.0,93.0,122.0,126.0,174.0,208.0,260.0,296.0,309.0,331.0,344.0,355.0,378.0,482.0,521.0,547.0,562.0,593.0,606.0,607.0,611.0,620.0,623.0,671.0,675.0,678.0,683.0,757.0,799.0,848.0,873.0,876.0,894.0,944.0,981.0,981.0,
13.0,31.0,69.0,74.0,196.0,245.0,290.0,308.0,343.0,371.0,431.0,457.0,461.0,466.0,472.0,503.0,509.0,558.0,571.0,601.0,621.0,636.0,669.0,676.0,752.0,767.0,769.0,788.0,845.0,857.0,858.0,859.0,873.0,934.0,958.0,964.0,993.0,
50.0,68.0,71.0,93.0,100.0,110.0,117.0,172.0,205.0,208.0,237.0,263.0,282.0,298.0,333.0,340.0,354.0,392.0,402.0,417.0,436.0,456.0,483.0,516.0,546.0,578.0,597.0,615.0,649.0,658.0,663.0,712.0,715.0,743.0,758.0,775.0,789.0,796.0,801.0,810.0,812.0,874.0,885.0,920.0,927.0,993.0,
8.0,17.0,60.0,61.0,120.0,122.0,125.0,125.0,127.0,180.0,206.0,246.0,265.0,397.0,431.0,461.0,538.0,574.0,615.0,642.0,652.0,723.0,738.0,742.0,753.0,758.0,772.0,804.0,825.0,845.0,849.0,959.0,994.0,
6.0,11.0,46.0,54.0,114.0,126.0,158.0,247.0,262.0,307.0,308.0,319.0,344.0,359.0,425.0,431.0,433.0,491.0,494.0,496.0,534.0,637.0,640.0,641.0,652.0,709.0,728.0,731.0,735.0,750.0,760.0,809.0,815.0,861.0,
26.0,44.0,55.0,63.0,66.0,71.0,106.0,154.0,157.0,240.0,322.0,359.0,409.0,447.0,450.0,542.0,553.0,597.0,598.0,753.0,758.0,779.0,793.0,796.0,802.0,804.0,875.0,875.0,893.0,902.0,924.0,960.0,969.0,973.0,995.0,
38.0,155.0,275.0,382.0,384.0,445.0,506.0,557.0,616.0,652.0,671.0,672.0,737.0,856.0,877.0,891.0,896.0,924.0,965.0,975.0,989.0,990.0,
9.0,46.0,68.0,82.0,119.0,145.0,238.0,250.0,264.0,273.0,329.0,356.0,363.0,383.0,387.0,431.0,450.0,451.0,471.0,528.0,534.0,549.0,570.0,618.0,661.0,671.0,694.0,698.0,708.0,728.0,737.0,739.0,788.0,809.0,812.0,814.0,816.0,822.0,853.0,855.0,874.0,905.0,960.0,999.0,
53.0,62.0,199.0,246.0,249.0,277.0,309.0,329.0,407.0,421.0,481.0,602.0,615.0,641.0,642.0,670.0,695.0,696.0,706.0,712.0,733.0,745.0,748.0,809.0,875.0,886.0,965.0,966.0,984.0,985.0,1000.0,
18.0,38.0,39.0,39.0,72.0,82.0,139.0,188.0,227.0,287.0,292.0,323.0,400.0,414.0,432.0,452.0,454.0,470.0,470.0,470.0,477.0,506.0,519.0,541.0,560.0,573.0,618.0,631.0,639.0,651.0,682.0,729.0,831.0,879.0,886.0,894.0,903.0,911.0,969.0,983.0,
16.0,26.0,34.0,40.0,63.0,72.0,83.0,90.0,92.0,106.0,115.0,137.0,293.0,406.0,482.0,527.0,567.0,570.0,602.0,606.0,626.0,633.0,634.0,638.0,701.0,731.0,748.0,762.0,762.0,847.0,918.0,928.0,944.0,983.0,
2.0,23.0,100.0,116.0,121.0,165.0,166.0,270.0,293.0,310.0,315.0,320.0,466.0,526.0,533.0,545.0,566.0,700.0,726.0,727.0,753.0,773.0,901.0,938.0,964.0,985.0,989.0,
11.0,27.0,42.0,63.0,86.0,128.0,137.0,168.0,186.0,188.0,194.0,304.0,330.0,338.0,350.0,395.0,399.0,406.0,407.0,478.0,531.0,541.0,587.0,605.0,655.0,693.0,697.0,699.0,703.0,707.0,710.0,726.0,783.0,786.0,790.0,803.0,807.0,848.0,852.0,941.0,946.0,953.0,986.0,
33.0,34.0,46.0,61.0,69.0,179.0,279.0,340.0,385.0,405.0,470.0,487.0,546.0,564.0,572.0,627.0,670.0,721.0,728.0,743.0,792.0,799.0,819.0,917.0,917.0,922.0,953.0,986.0,
8.0,71.0,140.0,150.0,175.0,213.0,250.0,257.0,259.0,296.0,315.0,336.0,355.0,414.0,468.0,517.0,517.0,540.0,558.0,580.0,595.0,628.0,680.0,700.0,717.0,725.0,737.0,767.0,769.0,787.0,891.0,910.0,927.0,940.0,967.0,969.0,998.0,
71.0,84.0,84.0,86.0,203.0,214.0,247.0,387.0,391.0,418.0,452.0,484.0,553.0,553.0,566.0,757.0,772.0,780.0,806.0,811.0,827.0,832.0,853.0,855.0,873.0,892.0,959.0,960.0,
34.0,37.0,63.0,88.0,117.0,153.0,171.0,186.0,191.0,200.0,237.0,252.0,262.0,270.0,329.0,365.0,372.0,375.0,466.0,543.0,553.0,635.0,666.0,678.0,684.0,771.0,828.0,828.0,882.0,926.0,992.0,
74.0,101.0,123.0,159.0,198.0,316.0,321.0,412.0,425.0,441.0,453.0,491.0,512.0,517.0,533.0,551.0,562.0,594.0,657.0,698.0,742.0,755.0,880.0,933.0,951.0,957.0,
11.0,34.0,71.0,92.0,93.0,125.0,126.0,179.0,198.0,203.0,205.0,245.0,308.0,311.0,313.0,334.0,338.0,363.0,376.0,404.0,412.0,414.0,433.0,438.0,508.0,513.0,521.0,528.0,535.0,537.0,540.0,555.0,630.0,721.0,799.0,807.0,843.0,868.0,894.0,900.0,913.0,937.0,967.0,983.0,
