3.0,38.0,61.0,62.0,91.0,117.0,135.0,136.0,141.0,241.0,271.0,273.0,401.0,439.0,441.0,549.0,619.0,627.0,666.0,737.0,755.0,781.0,832.0,846.0,847.0,913.0,922.0,953.0,961.0,
23.0,31.0,35.0,60.0,77.0,101.0,111.0,122.0,122.0,137.0,175.0,180.0,209.0,233.0,273.0,301.0,317.0,340.0,349.0,352.0,358.0,385.0,449.0,470.0,489.0,509.0,556.0,568.0,733.0,737.0,768.0,790.0,802.0,808.0,817.0,859.0,864.0,871.0,926.0,942.0,949.0,961.0,
19.0,28.0,65.0,96.0,151.0,162.0,162.0,184.0,219.0,234.0,240.0,247.0,288.0,332.0,341.0,364.0,421.0,436.0,462.0,494.0,495.0,500.0,512.0,592.0,637.0,649.0,658.0,683.0,713.0,719.0,720.0,721.0,723.0,751.0,756.0,772.0,827.0,889.0,911.0,924.0,985.0,985.0,988.0,
53.0,90.0,97.0,135.0,161.0,171.0,180.0,190.0,258.0,355.0,415.0,421.0,458.0,483.0,486.0,498.0,541.0,543.0,552.0,568.0,590.0,677.0,690.0,714.0,715.0,740.0,749.0,791.0,798.0,840.0,868.0,893.0,931.0,992.0,
18.0,186.0,286.0,288.0,292.0,308.0,335.0,353.0,412.0,426.0,434.0,470.0,501.0,516.0,521.0,556.0,566.0,568.0,582.0,598.0,603.0,646.0,653.0,659.0,763.0,769.0,819.0,839.0,839.0,887.0,935.0,972.0,978.0,982.0,
108.0,136.0,210.0,223.0,233.0,281.0,323.0,338.0,369.0,406.0,429.0,455.0,459.0,531.0,553.0,591.0,648.0,719.0,742.0,781.0,878.0,883.0,907.0,916.0,947.0,
4.0,29.0,34.0,45.0,45.0,65.0,98.0,138.0,220.0,249.0,286.0,333.0,335.0,406.0,428.0,431.0,436.0,439.0,533.0,543.0,553.0,563.0,563.0,567.0,586.0,590.0,617.0,632.0,635.0,664.0,700.0,720.0,764.0,781.0,865.0,917.0,925.0,969.0,971.0,983.0,988.0,989.0,
68.0,82.0,131.0,183.0,235.0,245.0,262.0,268.0,288.0,297.0,301.0,320.0,345.0,395.0,407.0,432.0,438.0,464.0,485.0,524.0,524.0,567.0,618.0,649.0,673.0,712.0,727.0,758.0,772.0,782.0,782.0,787.0,875.0,908.0,943.0,970.0,1000.0,
25.0,27.0,37.0,56.0,77.0,101.0,133.0,135.0,153.0,175.0,199.0,202.0,219.0,272.0,279.0,308.0,353.0,522.0,525.0,529.0,531.0,536.0,561.0,565.0,632.0,675.0,675.0,731.0,744.0,755.0,797.0,802.0,819.0,850.0,855.0,859.0,870.0,880.0,888.0,903.0,906.0,919.0,922.0,990.0,
166.0,171.0,226.0,294.0,329.0,339.0,436.0,454.0,455.0,492.0,508.0,552.0,690.0,702.0,772.0,782.0,834.0,835.0,845.0,964.0,
53.0,88.0,127.0,153.0,171.0,180.0,203.0,209.0,268.0,325.0,360.0,413.0,413.0,504.0,510.0,531.0,544.0,577.0,600.0,619.0,644.0,662.0,685.0,708.0,744.0,774.0,778.0,783.0,788.0,810.0,837.0,854.0,866.0,868.0,904.0,912.0,913.0,
8.0,32.0,34.0,86.0,119.0,120.0,181.0,196.0,204.0,228.0,266.0,392.0,464.0,471.0,513.0,517.0,551.0,634.0,636.0,710.0,715.0,789.0,812.0,881.0,916.0,917.0,957.0,993.0,
19.0,59.0,66.0,174.0,347.0,348.0,354.0,370.0,443.0,457.0,507.0,533.0,581.0,615.0,718.0,719.0,735.0,803.0,823.0,841.0,845.0,888.0,889.0,969.0,989.0,
9.0,20.0,81.0,139.0,182.0,212.0,232.0,242.0,365.0,367.0,375.0,429.0,442.0,448.0,458.0,496.0,550.0,552.0,576.0,582.0,598.0,601.0,640.0,656.0,764.0,769.0,797.0,881.0,909.0,933.0,994.0,
40.0,45.0,85.0,125.0,134.0,137.0,143.0,172.0,203.0,205.0,268.0,271.0,325.0,373.0,395.0,476.0,496.0,500.0,513.0,525.0,552.0,593.0,608.0,627.0,639.0,661.0,665.0,679.0,683.0,699.0,742.0,747.0,775.0,787.0,817.0,847.0,881.0,883.0,925.0,926.0,937.0,947.0,960.0,965.0,985.0,990.0,995.0,
38.0,81.0,104.0,137.0,141.0,185.0,203.0,233.0,236.0,246.0,287.0,305.0,315.0,330.0,346.0,432.0,449.0,482.0,504.0,521.0,551.0,560.0,578.0,589.0,606.0,694.0,741.0,742.0,753.0,789.0,805.0,810.0,839.0,877.0,918.0,937.0,983.0,
32.0,90.0,146.0,149.0,160.0,162.0,171.0,175.0,244.0,252.0,282.0,283.0,287.0,320.0,348.0,351.0,387.0,459.0,523.0,548.0,549.0,557.0,577.0,690.0,713.0,733.0,745.0,754.0,780.0,795.0,840.0,890.0,893.0,917.0,929.0,983.0,
27.0,72.0,84.0,131.0,155.0,157.0,161.0,195.0,196.0,212.0,224.0,240.0,253.0,305.0,325.0,335.0,346.0,400.0,414.0,430.0,435.0,447.0,448.0,481.0,489.0,535.0,535.0,603.0,622.0,636.0,663.0,664.0,706.0,740.0,786.0,788.0,796.0,837.0,879.0,886.0,889.0,898.0,910.0,937.0,
5.0,19.0,56.0,63.0,124.0,143.0,145.0,301.0,307.0,328.0,347.0,469.0,507.0,514.0,523.0,561.0,567.0,585.0,619.0,641.0,645.0,667.0,675.0,681.0,686.0,697.0,717.0,731.0,738.0,751.0,840.0,848.0,850.0,859.0,868.0,902.0,924.0,926.0,939.0,959.0,981.0,998.0,
15.0,26.0,39.0,58.0,84.0,95.0,105.0,114.0,118.0,120.0,123.0,123.0,137.0,140.0,230.0,236.0,249.0,257.0,270.0,291.0,311.0,318.0,322.0,366.0,391.0,424.0,481.0,525.0,594.0,610.0,633.0,670.0,714.0,792.0,830.0,842.0,852.0,867.0,872.0,874.0,898.0,934.0,975.0,1000.0,
2.0,12.0,34.0,37.0,39.0,44.0,44.0,108.0,131.0,135.0,140.0,240.0,292.0,302.0,303.0,305.0,316.0,316.0,351.0,368.0,378.0,427.0,473.0,550.0,556.0,582.0,599.0,639.0,682.0,706.0,725.0,758.0,762.0,799.0,817.0,854.0,862.0,867.0,888.0,914.0,914.0,945.0,
6.0,62.0,78.0,100.0,146.0,185.0,257.0,291.0,300.0,306.0,317.0,349.0,372.0,424.0,466.0,492.0,501.0,503.0,504.0,525.0,530.0,531.0,532.0,535.0,635.0,651.0,674.0,703.0,706.0,771.0,775.0,784.0,900.0,907.0,907.0,921.0,932.0,950.0,964.0,966.0,
2.0,11.0,23.0,25.0,46.0,144.0,152.0,171.0,241.0,246.0,258.0,297.0,334.0,344.0,427.0,476.0,494.0,509.0,511.0,518.0,547.0,560.0,580.0,598.0,620.0,652.0,665.0,738.0,787.0,802.0,815.0,817.0,856.0,882.0,885.0,891.0,905.0,905.0,926.0,935.0,955.0,957.0,
14.0,59.0,65.0,65.0,81.0,90.0,96.0,150.0,174.0,184.0,218.0,227.0,229.0,244.0,313.0,318.0,335.0,338.0,371.0,397.0,429.0,433.0,455.0,465.0,469.0,484.0,485.0,506.0,613.0,629.0,663.0,668.0,688.0,697.0,745.0,776.0,786.0,802.0,868.0,871.0,874.0,874.0,880.0,892.0,919.0,930.0,963.0,983.0,
51.0,54.0,66.0,70.0,87.0,88.0,124.0,128.0,173.0,182.0,241.0,262.0,316.0,338.0,387.0,487.0,510.0,544.0,547.0,590.0,600.0,614.0,614.0,616.0,620.0,633.0,666.0,668.0,716.0,719.0,796.0,845.0,868.0,878.0,963.0,
7.0,15.0,38.0,50.0,79.0,98.0,107.0,115.0,140.0,157.0,160.0,189.0,220.0,242.0,256.0,261.0,262.0,313.0,336.0,365.0,392.0,449.0,463.0,463.0,487.0,569.0,673.0,676.0,714.0,754.0,778.0,786.0,810.0,864.0,878.0,967.0,
3.0,11.0,49.0,50.0,71.0,120.0,256.0,297.0,314.0,351.0,372.0,477.0,523.0,530.0,580.0,587.0,635.0,641.0,642.0,662.0,692.0,705.0,786.0,789.0,814.0,848.0,868.0,930.0,1000.0,
92.0,99.0,101.0,115.0,147.0,149.0,157.0,216.0,245.0,250.0,257.0,288.0,404.0,429.0,490.0,518.0,580.0,585.0,679.0,697.0,697.0,739.0,774.0,785.0,837.0,950.0,
17.0,51.0,117.0,136.0,197.0,215.0,222.0,256.0,290.0,343.0,369.0,370.0,410.0,425.0,454.0,504.0,525.0,547.0,573.0,614.0,639.0,650.0,653.0,677.0,680.0,685.0,685.0,720.0,734.0,747.0,807.0,823.0,823.0,839.0,873.0,883.0,937.0,944.0,947.0,958.0,958.0,963.0,967.0,
63.0,75.0,134.0,159.0,175.0,196.0,224.0,232.0,248.0,249.0,267.0,289.0,298.0,300.0,342.0,360.0,363.0,374.0,379.0,515.0,529.0,592.0,686.0,704.0,712.0,714.0,724.0,739.0,754.0,798.0,832.0,867.0,882.0,915.0,955.0,980.0,987.0,989.0,
13.0,54.0,61.0,77.0,85.0,87.0,89.0,136.0,202.0,243.0,296.0,341.0,369.0,381.0,383.0,410.0,425.0,431.0,465.0,470.0,524.0,531.0,558.0,575.0,618.0,642.0,651.0,680.0,699.0,709.0,711.0,723.0,769.0,786.0,811.0,818.0,921.0,984.0,
12.0,36.0,38.0,39.0,48.0,55.0,90.0,92.0,97.0,138.0,263.0,277.0,277.0,318.0,370.0,409.0,446.0,469.0,470.0,489.0,547.0,551.0,554.0,593.0,658.0,673.0,698.0,701.0,712.0,715.0,719.0,737.0,756.0,821.0,830.0,832.0,841.0,866.0,888.0,952.0,970.0,972.0,981.0,981.0,
28.0,42.0,44.0,45.0,49.0,109.0,118.0,124.0,132.0,155.0,167.0,187.0,190.0,274.0,334.0,347.0,452.0,542.0,561.0,572.0,578.0,588.0,609.0,673.0,676.0,690.0,713.0,713.0,717.0,734.0,739.0,743.0,751.0,761.0,777.0,837.0,846.0,849.0,854.0,860.0,864.0,930.0,971.0,
17.0,55.0,86.0,87.0,136.0,147.0,163.0,165.0,178.0,189.0,201.0,238.0,269.0,363.0,366.0,386.0,389.0,440.0,445.0,466.0,467.0,543.0,549.0,639.0,751.0,763.0,783.0,792.0,795.0,804.0,828.0,866.0,870.0,973.0,977.0,
31.0,56.0,107.0,165.0,179.0,199.0,229.0,253.0,271.0,304.0,344.0,372.0,426.0,431.0,475.0,551.0,597.0,624.0,652.0,666.0,668.0,671.0,773.0,790.0,808.0,833.0,854.0,858.0,876.0,895.0,902.0,928.0,944.0,952.0,962.0,970.0,976.0,
65.0,75.0,81.0,148.0,154.0,160.0,231.0,237.0,246.0,279.0,297.0,308.0,389.0,399.0,439.0,459.0,508.0,519.0,524.0,553.0,580.0,603.0,609.0,638.0,684.0,689.0,704.0,749.0,825.0,842.0,886.0,900.0,944.0,946.0,983.0,
86.0,134.0,136.0,189.0,201.0,205.0,206.0,215.0,237.0,302.0,339.0,345.0,474.0,499.0,516.0,543.0,551.0,572.0,622.0,653.0,739.0,742.0,747.0,792.0,806.0,807.0,836.0,900.0,903.0,903.0,919.0,998.0,
35.0,61.0,157.0,160.0,233.0,265.0,281.0,302.0,322.0,409.0,434.0,444.0,463.0,471.0,473.0,492.0,581.0,611.0,638.0,685.0,733.0,769.0,776.0,788.0,797.0,809.0,846.0,850.0,852.0,870.0,887.0,926.0,959.0,
56.0,106.0,146.0,155.0,163.0,182.0,266.0,285.0,288.0,309.0,318.0,325.0,375.0,424.0,564.0,575.0,577.0,578.0,671.0,673.0,729.0,735.0,735.0,749.0,807.0,809.0,854.0,920.0,936.0,942.0,945.0,951.0,961.0,970.0,993.0,
111.0,132.0,152.0,164.0,167.0,178.0,192.0,201.0,209.0,231.0,260.0,267.0,277.0,281.0,290.0,292.0,311.0,318.0,329.0,348.0,404.0,414.0,467.0,486.0,523.0,527.0,532.0,569.0,585.0,596.0,615.0,739.0,750.0,790.0,804.0,822.0,824.0,832.0,845.0,864.0,928.0,
28.0,49.0,51.0,80.0,138.0,187.0,194.0,233.0,235.0,243.0,277.0,302.0,344.0,359.0,370.0,406.0,413.0,437.0,441.0,449.0,488.0,499.0,500.0,517.0,546.0,587.0,605.0,624.0,630.0,663.0,707.0,736.0,763.0,802.0,808.0,841.0,892.0,897.0,902.0,915.0,985.0,
3.0,9.0,9.0,36.0,96.0,127.0,158.0,194.0,198.0,204.0,209.0,223.0,239.0,269.0,281.0,310.0,342.0,344.0,357.0,435.0,450.0,477.0,554.0,601.0,622.0,637.0,645.0,653.0,705.0,735.0,758.0,782.0,782.0,784.0,826.0,833.0,846.0,897.0,909.0,913.0,914.0,923.0,945.0,969.0,1000.0,
34.0,47.0,48.0,63.0,143.0,166.0,187.0,207.0,217.0,262.0,312.0,328.0,345.0,375.0,425.0,449.0,550.0,581.0,625.0,699.0,739.0,767.0,768.0,781.0,791.0,795.0,799.0,823.0,848.0,893.0,922.0,971.0,996.0,1000.0,
75.0,80.0,86.0,110.0,113.0,115.0,125.0,141.0,162.0,169.0,176.0,182.0,191.0,192.0,228.0,287.0,292.0,294.0,322.0,358.0,364.0,404.0,428.0,429.0,525.0,548.0,635.0,696.0,749.0,761.0,916.0,934.0,944.0,965.0,
2.0,32.0,45.0,61.0,70.0,77.0,84.0,85.0,177.0,198.0,258.0,280.0,302.0,332.0,375.0,389.0,420.0,463.0,478.0,487.0,497.0,570.0,593.0,666.0,687.0,691.0,699.0,798.0,848.0,857.0,903.0,952.0,965.0,
62.0,85.0,130.0,142.0,154.0,168.0,180.0,215.0,256.0,297.0,299.0,322.0,324.0,374.0,442.0,470.0,553.0,607.0,636.0,716.0,742.0,754.0,769.0,830.0,846.0,867.0,888.0,931.0,942.0,956.0,970.0,
63.0,80.0,146.0,151.0,172.0,200.0,201.0,203.0,229.0,245.0,270.0,296.0,324.0,370.0,382.0,420.0,447.0,514.0,576.0,593.0,700.0,709.0,723.0,772.0,790.0,820.0,876.0,885.0,936.0,938.0,982.0,
51.0,69.0,109.0,116.0,155.0,158.0,188.0,190.0,191.0,209.0,219.0,220.0,268.0,273.0,299.0,317.0,328.0,328.0,351.0,419.0,439.0,504.0,620.0,664.0,725.0,752.0,810.0,814.0,830.0,864.0,888.0,893.0,906.0,913.0,938.0,958.0,975.0,985.0,
26.0,66.0,71.0,81.0,111.0,159.0,225.0,290.0,307.0,308.0,318.0,351.0,365.0,384.0,446.0,470.0,518.0,520.0,542.0,546.0,559.0,587.0,616.0,660.0,694.0,694.0,695.0,697.0,704.0,705.0,710.0,741.0,815.0,895.0,950.0,
29.0,31.0,65.0,109.0,131.0,141.0,183.0,251.0,288.0,289.0,290.0,321.0,325.0,364.0,448.0,469.0,506.0,531.0,635.0,635.0,642.0,660.0,667.0,671.0,672.0,703.0,729.0,756.0,785.0,797.0,824.0,841.0,848.0,939.0,979.0,995.0,
40.0,51.0,103.0,175.0,196.0,201.0,218.0,236.0,247.0,255.0,272.0,373.0,383.0,392.0,428.0,445.0,463.0,510.0,520.0,526.0,651.0,656.0,669.0,672.0,677.0,742.0,746.0,748.0,756.0,773.0,827.0,866.0,880.0,881.0,918.0,920.0,930.0,933.0,992.0,
8.0,55.0,78.0,85.0,148.0,192.0,249.0,290.0,311.0,350.0,377.0,387.0,413.0,423.0,472.0,530.0,530.0,557.0,602.0,675.0,677.0,713.0,744.0,752.0,778.0,800.0,800.0,812.0,823.0,847.0,850.0,897.0,899.0,903.0,905.0,906.0,934.0,941.0,954.0,983.0,996.0,
15.0,19.0,19.0,46.0,73.0,87.0,119.0,146.0,163.0,170.0,175.0,176.0,181.0,197.0,211.0,242.0,242.0,254.0,289.0,339.0,344.0,357.0,370.0,371.0,381.0,425.0,465.0,469.0,476.0,485.0,499.0,504.0,504.0,536.0,585.0,681.0,700.0,721.0,750.0,797.0,815.0,834.0,852.0,931.0,
13.0,21.0,55.0,57.0,92.0,109.0,109.0,172.0,245.0,325.0,340.0,366.0,369.0,373.0,382.0,386.0,426.0,430.0,468.0,519.0,546.0,649.0,658.0,666.0,671.0,729.0,736.0,756.0,758.0,773.0,776.0,852.0,855.0,895.0,924.0,925.0,950.0,997.0,
13.0,24.0,32.0,73.0,88.0,97.0,127.0,160.0,173.0,204.0,223.0,249.0,301.0,320.0,366.0,379.0,398.0,528.0,541.0,552.0,569.0,607.0,614.0,708.0,758.0,762.0,766.0,779.0,797.0,866.0,869.0,917.0,917.0,935.0,949.0,951.0,971.0,977.0,
3.0,21.0,45.0,51.0,60.0,62.0,67.0,138.0,154.0,159.0,189.0,213.0,215.0,239.0,274.0,277.0,319.0,325.0,346.0,356.0,375.0,422.0,426.0,446.0,448.0,450.0,494.0,497.0,511.0,511.0,546.0,558.0,562.0,564.0,602.0,660.0,666.0,683.0,689.0,699.0,741.0,748.0,795.0,824.0,880.0,894.0,900.0,928.0,929.0,939.0,951.0,958.0,969.0,
54.0,65.0,67.0,104.0,110.0,150.0,166.0,186.0,215.0,238.0,245.0,283.0,291.0,296.0,302.0,320.0,349.0,355.0,367.0,368.0,392.0,406.0,414.0,415.0,443.0,577.0,601.0,624.0,684.0,690.0,700.0,716.0,722.0,722.0,723.0,805.0,886.0,912.0,991.0,994.0,996.0,
110.0,149.0,171.0,186.0,193.0,237.0,251.0,254.0,318.0,319.0,350.0,375.0,383.0,393.0,407.0,446.0,490.0,506.0,507.0,510.0,679.0,715.0,729.0,749.0,766.0,814.0,838.0,843.0,854.0,873.0,899.0,928.0,929.0,
3.0,58.0,100.0,115.0,150.0,185.0,194.0,233.0,240.0,305.0,344.0,354.0,356.0,386.0,410.0,413.0,415.0,437.0,452.0,458.0,466.0,473.0,480.0,500.0,516.0,585.0,597.0,599.0,623.0,700.0,728.0,731.0,732.0,745.0,834.0,907.0,911.0,917.0,945.0,954.0,970.0,978.0,
37.0,80.0,143.0,171.0,264.0,295.0,298.0,302.0,413.0,426.0,439.0,481.0,485.0,500.0,584.0,594.0,610.0,615.0,642.0,667.0,684.0,686.0,751.0,766.0,770.0,771.0,788.0,789.0,805.0,815.0,887.0,902.0,914.0,916.0,939.0,942.0,970.0,971.0,995.0,
4.0,10.0,103.0,110.0,131.0,138.0,150.0,151.0,160.0,181.0,212.0,215.0,242.0,302.0,308.0,312.0,334.0,358.0,376.0,386.0,392.0,409.0,468.0,488.0,561.0,610.0,693.0,714.0,768.0,794.0,815.0,872.0,919.0,954.0,957.0,966.0,969.0,973.0,985.0,
6.0,72.0,229.0,236.0,239.0,273.0,279.0,296.0,338.0,385.0,430.0,445.0,446.0,477.0,486.0,487.0,507.0,523.0,620.0,637.0,666.0,666.0,671.0,678.0,708.0,718.0,720.0,722.0,737.0,739.0,749.0,787.0,793.0,805.0,892.0,905.0,
40.0,89.0,125.0,127.0,225.0,292.0,308.0,313.0,354.0,385.0,398.0,398.0,409.0,411.0,424.0,452.0,454.0,457.0,470.0,482.0,539.0,606.0,610.0,632.0,691.0,705.0,712.0,714.0,737.0,739.0,756.0,766.0,782.0,818.0,827.0,837.0,886.0,890.0,971.0,990.0,
30.0,33.0,106.0,118.0,156.0,176.0,212.0,213.0,216.0,252.0,324.0,372.0,385.0,437.0,463.0,495.0,606.0,610.0,631.0,640.0,733.0,779.0,817.0,841.0,889.0,926.0,968.0,
63.0,141.0,150.0,180.0,186.0,196.0,245.0,247.0,268.0,285.0,403.0,405.0,417.0,455.0,471.0,472.0,488.0,493.0,518.0,537.0,560.0,577.0,578.0,587.0,590.0,661.0,728.0,812.0,849.0,883.0,928.0,970.0,994.0,
21.0,50.0,81.0,127.0,169.0,170.0,248.0,257.0,260.0,263.0,269.0,367.0,430.0,441.0,463.0,494.0,571.0,693.0,698.0,720.0,794.0,919.0,928.0,
48.0,58.0,87.0,93.0,111.0,112.0,116.0,132.0,175.0,218.0,228.0,248.0,291.0,292.0,308.0,330.0,395.0,438.0,515.0,525.0,540.0,567.0,568.0,637.0,666.0,795.0,801.0,830.0,854.0,886.0,918.0,921.0,927.0,943.0,
30.0,53.0,68.0,71.0,81.0,84.0,90.0,132.0,146.0,161.0,188.0,266.0,310.0,315.0,319.0,325.0,430.0,465.0,511.0,636.0,709.0,731.0,872.0,923.0,
40.0,76.0,112.0,132.0,143.0,196.0,206.0,223.0,274.0,279.0,324.0,324.0,326.0,352.0,393.0,425.0,446.0,449.0,497.0,506.0,520.0,547.0,559.0,590.0,614.0,639.0,643.0,650.0,677.0,680.0,696.0,749.0,750.0,759.0,768.0,865.0,905.0,929.0,930.0,969.0,
10.0,52.0,56.0,80.0,87.0,194.0,203.0,243.0,246.0,300.0,303.0,326.0,414.0,485.0,576.0,620.0,694.0,704.0,719.0,762.0,762.0,792.0,830.0,869.0,877.0,900.0,973.0,
18.0,53.0,63.0,104.0,179.0,231.0,334.0,342.0,486.0,494.0,511.0,527.0,547.0,621.0,625.0,676.0,686.0,716.0,749.0,755.0,760.0,787.0,791.0,801.0,801.0,827.0,868.0,872.0,883.0,937.0,971.0,998.0,
14.0,89.0,130.0,147.0,155.0,155.0,182.0,222.0,238.0,283.0,302.0,336.0,361.0,364.0,379.0,403.0,418.0,434.0,477.0,523.0,526.0,579.0,585.0,669.0,783.0,855.0,927.0,938.0,958.0,994.0,
25.0,36.0,74.0,161.0,186.0,221.0,223.0,240.0,282.0,318.0,325.0,347.0,405.0,410.0,416.0,437.0,444.0,482.0,495.0,514.0,529.0,540.0,551.0,568.0,591.0,609.0,627.0,697.0,807.0,817.0,846.0,890.0,917.0,920.0,925.0,932.0,945.0,950.0,960.0,
37.0,41.0,87.0,90.0,147.0,153.0,237.0,255.0,265.0,287.0,382.0,407.0,416.0,421.0,456.0,491.0,514.0,527.0,528.0,588.0,611.0,641.0,643.0,663.0,668.0,668.0,691.0,728.0,741.0,766.0,790.0,817.0,970.0,
30.0,43.0,103.0,133.0,142.0,170.0,247.0,248.0,269.0,282.0,303.0,307.0,330.0,348.0,418.0,435.0,500.0,502.0,526.0,538.0,553.0,604.0,609.0,745.0,748.0,799.0,833.0,851.0,876.0,887.0,887.0,900.0,970.0,985.0,
39.0,94.0,94.0,95.0,102.0,105.0,125.0,126.0,159.0,164.0,194.0,246.0,292.0,322.0,356.0,366.0,366.0,372.0,385.0,424.0,437.0,450.0,460.0,464.0,467.0,485.0,503.0,541.0,551.0,623.0,626.0,664.0,685.0,687.0,711.0,750.0,886.0,902.0,907.0,928.0,936.0,963.0,971.0,995.0,
73.0,97.0,127.0,143.0,147.0,191.0,223.0,231.0,238.0,263.0,286.0,292.0,294.0,321.0,330.0,384.0,384.0,426.0,428.0,436.0,440.0,485.0,509.0,577.0,625.0,630.0,664.0,666.0,681.0,707.0,738.0,739.0,741.0,792.0,814.0,835.0,842.0,910.0,949.0,967.0,998.0,
17.0,19.0,42.0,57.0,93.0,101.0,109.0,136.0,205.0,223.0,247.0,255.0,322.0,341.0,348.0,369.0,391.0,416.0,420.0,564.0,579.0,586.0,589.0,591.0,687.0,709.0,712.0,767.0,799.0,868.0,911.0,935.0,990.0,
3.0,3.0,12.0,83.0,86.0,92.0,105.0,116.0,156.0,169.0,174.0,202.0,237.0,250.0,270.0,292.0,364.0,368.0,392.0,397.0,427.0,453.0,485.0,490.0,508.0,523.0,532.0,589.0,625.0,627.0,653.0,684.0,704.0,724.0,730.0,744.0,793.0,828.0,881.0,907.0,939.0,960.0,989.0,
38.0,73.0,89.0,108.0,121.0,121.0,131.0,161.0,180.0,190.0,193.0,248.0,257.0,258.0,278.0,280.0,314.0,357.0,398.0,411.0,414.0,425.0,493.0,533.0,547.0,555.0,719.0,809.0,821.0,833.0,852.0,886.0,
17.0,38.0,59.0,61.0,98.0,103.0,145.0,159.0,174.0,223.0,246.0,295.0,308.0,351.0,411.0,428.0,440.0,441.0,453.0,472.0,534.0,655.0,660.0,719.0,809.0,864.0,869.0,933.0,940.0,946.0,986.0,
37.0,43.0,49.0,49.0,60.0,62.0,114.0,182.0,185.0,203.0,208.0,214.0,228.0,247.0,251.0,281.0,282.0,285.0,307.0,331.0,383.0,397.0,442.0,504.0,549.0,559.0,561.0,608.0,627.0,666.0,710.0,718.0,728.0,744.0,749.0,789.0,810.0,901.0,951.0,
33.0,52.0,100.0,148.0,158.0,167.0,187.0,190.0,190.0,365.0,378.0,381.0,386.0,389.0,394.0,455.0,545.0,593.0,622.0,633.0,651.0,680.0,704.0,706.0,783.0,843.0,859.0,875.0,929.0,950.0,965.0,970.0,972.0,
45.0,76.0,134.0,139.0,141.0,209.0,225.0,261.0,283.0,347.0,393.0,426.0,467.0,487.0,489.0,507.0,595.0,607.0,656.0,725.0,752.0,755.0,773.0,800.0,806.0,836.0,841.0,900.0,908.0,917.0,973.0,981.0,992.0,995.0,1000.0,
25.0,48.0,52.0,86.0,120.0,189.0,205.0,226.0,256.0,284.0,335.0,375.0,407.0,417.0,443.0,537.0,551.0,563.0,626.0,662.0,681.0,686.0,696.0,725.0,752.0,773.0,802.0,809.0,836.0,840.0,864.0,910.0,947.0,955.0,
20.0,56.0,102.0,114.0,155.0,187.0,234.0,275.0,295.0,326.0,327.0,329.0,332.0,368.0,388.0,437.0,442.0,469.0,479.0,488.0,491.0,520.0,527.0,528.0,537.0,546.0,556.0,568.0,580.0,583.0,603.0,619.0,644.0,649.0,680.0,722.0,751.0,774.0,782.0,799.0,814.0,825.0,856.0,858.0,858.0,859.0,863.0,872.0,876.0,950.0,977.0,
19.0,43.0,66.0,70.0,98.0,110.0,112.0,133.0,174.0,247.0,249.0,278.0,308.0,351.0,362.0,401.0,406.0,406.0,431.0,437.0,442.0,516.0,557.0,561.0,578.0,581.0,595.0,604.0,624.0,634.0,679.0,685.0,708.0,731.0,734.0,734.0,820.0,826.0,826.0,828.0,872.0,919.0,954.0,976.0,
104.0,106.0,129.0,203.0,210.0,211.0,220.0,221.0,235.0,248.0,284.0,307.0,307.0,337.0,377.0,440.0,443.0,475.0,478.0,517.0,521.0,553.0,554.0,614.0,630.0,658.0,725.0,729.0,738.0,747.0,749.0,754.0,854.0,906.0,952.0,966.0,971.0,993.0,
2.0,28.0,57.0,71.0,77.0,114.0,121.0,154.0,155.0,198.0,199.0,216.0,226.0,278.0,308.0,308.0,327.0,421.0,474.0,551.0,576.0,603.0,643.0,653.0,702.0,709.0,737.0,746.0,747.0,760.0,815.0,832.0,857.0,872.0,876.0,877.0,910.0,910.0,997.0,998.0,
13.0,24.0,44.0,63.0,68.0,116.0,125.0,134.0,151.0,151.0,177.0,190.0,264.0,302.0,316.0,321.0,336.0,354.0,396.0,432.0,464.0,486.0,535.0,537.0,639.0,648.0,657.0,676.0,784.0,857.0,886.0,893.0,952.0,961.0,992.0,
6.0,9.0,30.0,53.0,57.0,129.0,138.0,164.0,228.0,265.0,308.0,330.0,372.0,374.0,411.0,420.0,488.0,500.0,503.0,509.0,521.0,543.0,608.0,622.0,649.0,709.0,722.0,734.0,754.0,804.0,845.0,852.0,857.0,870.0,935.0,944.0,955.0,967.0,997.0,
5.0,13.0,66.0,102.0,142.0,153.0,166.0,200.0,221.0,240.0,250.0,251.0,359.0,360.0,364.0,365.0,392.0,419.0,427.0,433.0,454.0,459.0,477.0,492.0,513.0,524.0,551.0,573.0,593.0,604.0,612.0,633.0,649.0,667.0,685.0,690.0,737.0,765.0,841.0,902.0,905.0,938.0,958.0,
26.0,41.0,119.0,136.0,157.0,162.0,204.0,265.0,340.0,457.0,509.0,523.0,558.0,562.0,612.0,653.0,675.0,693.0,815.0,823.0,824.0,866.0,880.0,880.0,892.0,908.0,996.0,
43.0,89.0,133.0,257.0,259.0,288.0,322.0,327.0,394.0,413.0,413.0,417.0,441.0,459.0,491.0,494.0,524.0,536.0,561.0,570.0,576.0,591.0,605.0,616.0,616.0,630.0,634.0,653.0,712.0,731.0,757.0,802.0,803.0,809.0,812.0,819.0,868.0,917.0,941.0,975.0,992.0,
22.0,67.0,93.0,129.0,143.0,167.0,168.0,188.0,198.0,267.0,281.0,293.0,317.0,342.0,365.0,381.0,382.0,499.0,518.0,533.0,546.0,556.0,567.0,578.0,589.0,621.0,648.0,728.0,746.0,759.0,859.0,875.0,984.0,
21.0,142.0,145.0,218.0,290.0,324.0,336.0,339.0,387.0,390.0,413.0,416.0,443.0,455.0,458.0,477.0,479.0,531.0,550.0,618.0,657.0,712.0,752.0,799.0,800.0,833.0,851.0,874.0,875.0,985.0,
27.0,75.0,78.0,119.0,124.0,166.0,258.0,275.0,314.0,393.0,426.0,481.0,499.0,546.0,546.0,577.0,589.0,604.0,606.0,622.0,632.0,654.0,740.0,800.0,806.0,850.0,894.0,907.0,913.0,933.0,954.0,960.0,988.0,1000.0,
19.0,25.0,49.0,58.0,59.0,140.0,191.0,206.0,234.0,253.0,296.0,304.0,319.0,378.0,385.0,395.0,417.0,433.0,450.0,507.0,564.0,610.0,634.0,644.0,673.0,719.0,783.0,793.0,799.0,806.0,806.0,830.0,834.0,873.0,905.0,921.0,985.0,997.0,
12.0,14.0,34.0,38.0,48.0,66.0,81.0,107.0,168.0,230.0,237.0,305.0,335.0,336.0,339.0,392.0,446.0,516.0,566.0,623.0,623.0,629.0,631.0,671.0,696.0,763.0,786.0,787.0,818.0,836.0,862.0,948.0,951.0,967.0,970.0,977.0,979.0,994.0,
21.0,62.0,125.0,126.0,197.0,220.0,238.0,310.0,329.0,383.0,386.0,447.0,452.0,501.0,508.0,526.0,547.0,559.0,568.0,592.0,605.0,625.0,646.0,685.0,704.0,749.0,753.0,757.0,801.0,859.0,924.0,957.0,977.0,989.0,
