5.0,36.0,38.0,67.0,69.0,78.0,90.0,120.0,121.0,238.0,252.0,267.0,276.0,295.0,337.0,344.0,361.0,366.0,375.0,378.0,412.0,421.0,507.0,590.0,618.0,633.0,653.0,668.0,742.0,757.0,758.0,790.0,817.0,821.0,857.0,903.0,912.0,919.0,931.0,
55.0,65.0,68.0,109.0,143.0,151.0,156.0,164.0,182.0,186.0,208.0,250.0,269.0,281.0,320.0,369.0,432.0,433.0,442.0,484.0,507.0,522.0,532.0,536.0,539.0,559.0,560.0,648.0,719.0,722.0,745.0,756.0,770.0,788.0,809.0,840.0,844.0,986.0,
24.0,34.0,59.0,77.0,81.0,113.0,175.0,177.0,230.0,246.0,248.0,253.0,356.0,379.0,382.0,383.0,392.0,458.0,466.0,489.0,529.0,534.0,557.0,575.0,585.0,653.0,669.0,756.0,765.0,831.0,
2.0,13.0,25.0,28.0,32.0,42.0,45.0,66.0,68.0,74.0,78.0,86.0,86.0,101.0,104.0,137.0,215.0,305.0,311.0,341.0,372.0,382.0,417.0,428.0,476.0,485.0,498.0,542.0,549.0,555.0,555.0,556.0,598.0,603.0,721.0,750.0,756.0,763.0,766.0,774.0,814.0,882.0,896.0,906.0,915.0,924.0,966.0,994.0,995.0,
15.0,32.0,38.0,44.0,61.0,75.0,87.0,93.0,116.0,138.0,149.0,153.0,167.0,168.0,188.0,212.0,263.0,308.0,309.0,353.0,359.0,360.0,493.0,514.0,518.0,529.0,548.0,577.0,581.0,589.0,601.0,615.0,641.0,642.0,655.0,667.0,675.0,679.0,734.0,744.0,750.0,799.0,800.0,824.0,829.0,847.0,881.0,908.0,918.0,946.0,947.0,
24.0,45.0,102.0,113.0,119.0,128.0,147.0,154.0,157.0,180.0,183.0,206.0,241.0,263.0,283.0,370.0,404.0,435.0,459.0,478.0,501.0,519.0,530.0,539.0,540.0,540.0,544.0,548.0,562.0,567.0,568.0,570.0,584.0,587.0,592.0,596.0,598.0,673.0,710.0,710.0,766.0,782.0,850.0,884.0,897.0,969.0,971.0,
23.0,31.0,47.0,53.0,82.0,119.0,124.0,236.0,345.0,442.0,442.0,449.0,506.0,526.0,527.0,538.0,547.0,551.0,554.0,558.0,559.0,560.0,560.0,568.0,578.0,636.0,636.0,641.0,667.0,706.0,715.0,751.0,754.0,761.0,765.0,829.0,833.0,885.0,903.0,911.0,915.0,972.0,974.0,981.0,
6.0,42.0,53.0,62.0,79.0,92.0,97.0,100.0,183.0,220.0,237.0,242.0,258.0,273.0,343.0,346.0,392.0,590.0,590.0,615.0,674.0,710.0,796.0,822.0,831.0,835.0,860.0,885.0,886.0,901.0,919.0,957.0,997.0,
7.0,74.0,131.0,144.0,145.0,179.0,203.0,221.0,249.0,355.0,366.0,401.0,409.0,440.0,473.0,488.0,544.0,567.0,579.0,598.0,618.0,659.0,661.0,710.0,748.0,763.0,770.0,772.0,808.0,860.0,861.0,872.0,889.0,899.0,950.0,
25.0,67.0,74.0,81.0,92.0,130.0,161.0,192.0,194.0,199.0,205.0,246.0,247.0,294.0,295.0,376.0,486.0,524.0,528.0,534.0,551.0,620.0,627.0,646.0,676.0,731.0,745.0,756.0,758.0,759.0,788.0,800.0,809.0,873.0,931.0,949.0,
11.0,77.0,78.0,83.0,140.0,202.0,239.0,240.0,252.0,277.0,303.0,345.0,372.0,389.0,396.0,399.0,414.0,414.0,448.0,455.0,457.0,460.0,463.0,472.0,474.0,474.0,529.0,560.0,572.0,593.0,659.0,761.0,837.0,868.0,905.0,975.0,
81.0,120.0,149.0,154.0,157.0,189.0,190.0,205.0,212.0,231.0,236.0,236.0,247.0,319.0,335.0,376.0,379.0,399.0,426.0,458.0,467.0,517.0,575.0,651.0,660.0,697.0,795.0,856.0,883.0,
3.0,7.0,23.0,24.0,30.0,42.0,63.0,64.0,68.0,75.0,82.0,113.0,142.0,164.0,168.0,183.0,247.0,249.0,357.0,371.0,446.0,469.0,472.0,486.0,494.0,505.0,514.0,514.0,533.0,536.0,539.0,550.0,552.0,555.0,560.0,567.0,569.0,579.0,585.0,587.0,596.0,596.0,622.0,649.0,688.0,697.0,704.0,707.0,714.0,729.0,750.0,766.0,771.0,793.0,802.0,819.0,822.0,825.0,833.0,859.0,871.0,878.0,883.0,898.0,
24.0,61.0,82.0,84.0,106.0,119.0,176.0,189.0,202.0,242.0,253.0,361.0,375.0,390.0,400.0,400.0,412.0,417.0,443.0,452.0,488.0,502.0,509.0,510.0,515.0,517.0,528.0,529.0,530.0,532.0,534.0,538.0,539.0,551.0,554.0,575.0,578.0,579.0,586.0,594.0,598.0,600.0,605.0,607.0,608.0,614.0,639.0,650.0,653.0,677.0,678.0,697.0,698.0,701.0,702.0,704.0,742.0,750.0,753.0,760.0,772.0,803.0,815.0,816.0,903.0,904.0,950.0,955.0,960.0,961.0,965.0,967.0,977.0,981.0,982.0,984.0,985.0,
23.0,37.0,45.0,54.0,56.0,69.0,86.0,106.0,121.0,163.0,168.0,170.0,180.0,186.0,233.0,252.0,257.0,262.0,265.0,301.0,329.0,347.0,361.0,368.0,488.0,521.0,523.0,525.0,529.0,534.0,536.0,537.0,542.0,561.0,563.0,564.0,571.0,575.0,582.0,592.0,595.0,608.0,613.0,615.0,616.0,617.0,626.0,629.0,630.0,630.0,644.0,653.0,654.0,672.0,672.0,689.0,700.0,711.0,745.0,750.0,753.0,760.0,761.0,761.0,774.0,783.0,784.0,795.0,800.0,806.0,820.0,823.0,853.0,877.0,880.0,890.0,897.0,904.0,927.0,929.0,940.0,943.0,960.0,993.0,
8.0,11.0,19.0,27.0,51.0,89.0,166.0,211.0,260.0,267.0,275.0,291.0,338.0,348.0,357.0,366.0,404.0,422.0,499.0,503.0,512.0,522.0,536.0,536.0,539.0,541.0,547.0,549.0,550.0,553.0,562.0,567.0,573.0,573.0,576.0,585.0,585.0,585.0,586.0,602.0,605.0,610.0,613.0,622.0,628.0,633.0,642.0,664.0,670.0,700.0,713.0,777.0,782.0,783.0,841.0,846.0,847.0,847.0,848.0,935.0,936.0,939.0,949.0,952.0,958.0,962.0,968.0,975.0,982.0,993.0,996.0,
9.0,53.0,126.0,163.0,192.0,224.0,239.0,263.0,267.0,300.0,306.0,324.0,345.0,366.0,445.0,456.0,457.0,459.0,493.0,521.0,528.0,529.0,529.0,531.0,538.0,540.0,548.0,552.0,558.0,581.0,584.0,585.0,595.0,598.0,599.0,608.0,613.0,624.0,632.0,637.0,641.0,641.0,689.0,696.0,717.0,720.0,720.0,723.0,762.0,777.0,778.0,778.0,782.0,798.0,800.0,836.0,837.0,840.0,844.0,848.0,849.0,882.0,907.0,916.0,920.0,941.0,943.0,948.0,954.0,963.0,975.0,980.0,987.0,
42.0,43.0,69.0,104.0,120.0,126.0,126.0,144.0,184.0,186.0,215.0,291.0,331.0,385.0,429.0,464.0,522.0,525.0,526.0,534.0,542.0,547.0,558.0,559.0,573.0,576.0,586.0,588.0,593.0,593.0,597.0,598.0,598.0,599.0,599.0,599.0,603.0,618.0,657.0,661.0,672.0,714.0,719.0,723.0,781.0,796.0,802.0,808.0,813.0,814.0,820.0,856.0,863.0,866.0,893.0,904.0,924.0,939.0,957.0,
15.0,54.0,61.0,68.0,106.0,243.0,266.0,269.0,273.0,358.0,429.0,469.0,506.0,509.0,521.0,573.0,573.0,578.0,579.0,586.0,590.0,597.0,609.0,624.0,631.0,639.0,639.0,642.0,658.0,680.0,700.0,738.0,750.0,802.0,819.0,926.0,945.0,965.0,970.0,
43.0,55.0,107.0,131.0,142.0,143.0,155.0,205.0,219.0,237.0,289.0,316.0,323.0,331.0,340.0,395.0,403.0,463.0,470.0,483.0,495.0,510.0,535.0,603.0,615.0,778.0,792.0,796.0,799.0,835.0,947.0,955.0,
3.0,41.0,73.0,74.0,86.0,116.0,129.0,150.0,155.0,205.0,208.0,242.0,242.0,244.0,253.0,266.0,271.0,281.0,314.0,335.0,343.0,370.0,380.0,455.0,480.0,511.0,518.0,566.0,589.0,654.0,693.0,695.0,762.0,836.0,932.0,976.0,
30.0,31.0,76.0,78.0,83.0,98.0,113.0,175.0,182.0,188.0,221.0,241.0,292.0,301.0,316.0,375.0,383.0,385.0,420.0,428.0,441.0,473.0,493.0,495.0,514.0,522.0,530.0,537.0,540.0,553.0,556.0,562.0,563.0,570.0,571.0,575.0,602.0,604.0,606.0,621.0,676.0,699.0,708.0,731.0,733.0,756.0,772.0,859.0,883.0,904.0,973.0,998.0,
40.0,87.0,109.0,148.0,194.0,203.0,214.0,287.0,291.0,322.0,343.0,393.0,394.0,446.0,500.0,526.0,535.0,543.0,546.0,550.0,552.0,586.0,590.0,600.0,604.0,607.0,609.0,609.0,611.0,614.0,623.0,635.0,637.0,638.0,641.0,649.0,675.0,689.0,692.0,697.0,704.0,710.0,714.0,719.0,720.0,723.0,739.0,745.0,756.0,759.0,783.0,790.0,792.0,814.0,825.0,846.0,858.0,888.0,909.0,916.0,918.0,922.0,940.0,941.0,960.0,965.0,967.0,988.0,989.0,
6.0,43.0,58.0,67.0,139.0,144.0,144.0,158.0,188.0,229.0,248.0,255.0,256.0,265.0,319.0,342.0,361.0,372.0,392.0,438.0,443.0,482.0,517.0,523.0,525.0,555.0,562.0,564.0,597.0,602.0,607.0,607.0,622.0,623.0,629.0,634.0,647.0,650.0,658.0,678.0,685.0,693.0,703.0,716.0,717.0,722.0,732.0,734.0,745.0,766.0,779.0,802.0,866.0,887.0,907.0,931.0,933.0,945.0,955.0,983.0,
6.0,10.0,20.0,22.0,53.0,62.0,95.0,120.0,155.0,181.0,217.0,229.0,233.0,241.0,261.0,391.0,409.0,416.0,489.0,520.0,537.0,539.0,540.0,541.0,546.0,551.0,556.0,557.0,564.0,565.0,567.0,609.0,628.0,647.0,654.0,681.0,702.0,704.0,712.0,714.0,730.0,730.0,736.0,738.0,749.0,757.0,769.0,814.0,815.0,815.0,818.0,873.0,880.0,884.0,895.0,895.0,978.0,981.0,983.0,
16.0,16.0,113.0,115.0,161.0,184.0,247.0,248.0,256.0,268.0,344.0,366.0,509.0,530.0,530.0,536.0,537.0,538.0,539.0,540.0,548.0,549.0,553.0,557.0,579.0,595.0,595.0,604.0,609.0,609.0,613.0,639.0,644.0,654.0,655.0,663.0,664.0,672.0,678.0,690.0,696.0,707.0,751.0,778.0,782.0,794.0,800.0,809.0,847.0,870.0,872.0,877.0,918.0,918.0,955.0,
96.0,108.0,114.0,118.0,125.0,126.0,133.0,150.0,160.0,183.0,205.0,256.0,325.0,337.0,349.0,354.0,412.0,445.0,448.0,476.0,487.0,510.0,518.0,529.0,530.0,536.0,536.0,540.0,540.0,545.0,546.0,555.0,566.0,572.0,578.0,585.0,599.0,608.0,612.0,616.0,617.0,617.0,620.0,637.0,639.0,665.0,665.0,669.0,672.0,675.0,688.0,691.0,697.0,704.0,725.0,730.0,738.0,753.0,763.0,769.0,788.0,825.0,847.0,853.0,856.0,861.0,877.0,916.0,924.0,943.0,946.0,959.0,982.0,983.0,
2.0,52.0,62.0,84.0,110.0,112.0,143.0,161.0,189.0,244.0,291.0,464.0,468.0,519.0,525.0,531.0,537.0,538.0,540.0,541.0,542.0,544.0,549.0,559.0,564.0,566.0,567.0,572.0,582.0,588.0,589.0,593.0,605.0,606.0,612.0,634.0,644.0,647.0,661.0,666.0,677.0,684.0,697.0,704.0,708.0,733.0,737.0,746.0,750.0,752.0,785.0,820.0,823.0,825.0,858.0,888.0,927.0,930.0,934.0,970.0,975.0,
7.0,19.0,37.0,69.0,78.0,82.0,88.0,102.0,104.0,140.0,184.0,262.0,291.0,314.0,329.0,355.0,393.0,396.0,433.0,462.0,494.0,520.0,528.0,532.0,537.0,540.0,545.0,546.0,563.0,564.0,577.0,582.0,585.0,586.0,592.0,593.0,596.0,598.0,617.0,619.0,621.0,646.0,649.0,688.0,697.0,719.0,723.0,731.0,754.0,763.0,774.0,790.0,790.0,792.0,815.0,819.0,821.0,848.0,862.0,877.0,886.0,888.0,891.0,892.0,892.0,901.0,903.0,923.0,925.0,926.0,928.0,930.0,931.0,933.0,952.0,965.0,970.0,994.0,
59.0,87.0,95.0,102.0,114.0,164.0,221.0,253.0,257.0,317.0,352.0,358.0,405.0,431.0,522.0,522.0,522.0,530.0,530.0,542.0,544.0,550.0,561.0,568.0,572.0,590.0,590.0,602.0,616.0,654.0,670.0,721.0,729.0,745.0,776.0,820.0,823.0,845.0,881.0,929.0,931.0,997.0,
37.0,75.0,147.0,198.0,203.0,246.0,250.0,253.0,255.0,365.0,372.0,388.0,402.0,442.0,444.0,463.0,536.0,542.0,542.0,568.0,679.0,684.0,710.0,726.0,766.0,779.0,889.0,926.0,973.0,
27.0,59.0,68.0,78.0,79.0,137.0,157.0,161.0,163.0,175.0,188.0,227.0,251.0,254.0,305.0,329.0,331.0,335.0,345.0,355.0,420.0,426.0,433.0,459.0,521.0,529.0,530.0,530.0,532.0,532.0,538.0,542.0,548.0,549.0,549.0,551.0,555.0,563.0,566.0,567.0,568.0,570.0,570.0,597.0,628.0,647.0,650.0,662.0,668.0,689.0,694.0,698.0,704.0,736.0,739.0,745.0,750.0,760.0,766.0,777.0,789.0,792.0,799.0,864.0,865.0,871.0,930.0,941.0,945.0,946.0,984.0,995.0,995.0,
10.0,25.0,42.0,88.0,98.0,126.0,136.0,147.0,244.0,277.0,279.0,359.0,362.0,368.0,377.0,378.0,392.0,403.0,423.0,452.0,530.0,531.0,533.0,536.0,537.0,542.0,548.0,552.0,565.0,575.0,586.0,588.0,590.0,592.0,598.0,627.0,633.0,633.0,638.0,643.0,646.0,646.0,682.0,683.0,687.0,705.0,708.0,710.0,751.0,754.0,756.0,767.0,768.0,866.0,869.0,870.0,909.0,984.0,
28.0,38.0,38.0,107.0,142.0,196.0,234.0,347.0,407.0,419.0,425.0,432.0,471.0,481.0,481.0,495.0,518.0,531.0,533.0,533.0,533.0,534.0,536.0,542.0,543.0,549.0,553.0,565.0,577.0,578.0,578.0,579.0,596.0,602.0,611.0,624.0,628.0,655.0,656.0,667.0,682.0,684.0,707.0,725.0,734.0,763.0,780.0,789.0,802.0,826.0,835.0,850.0,864.0,903.0,910.0,912.0,934.0,947.0,963.0,986.0,987.0,
16.0,34.0,76.0,86.0,110.0,151.0,152.0,188.0,222.0,235.0,241.0,247.0,262.0,309.0,324.0,361.0,368.0,379.0,460.0,485.0,486.0,488.0,508.0,514.0,519.0,528.0,534.0,538.0,543.0,547.0,550.0,556.0,561.0,562.0,562.0,582.0,583.0,590.0,598.0,600.0,601.0,608.0,610.0,610.0,610.0,620.0,654.0,657.0,658.0,730.0,739.0,742.0,756.0,780.0,801.0,843.0,851.0,857.0,878.0,885.0,902.0,986.0,987.0,991.0,
27.0,38.0,39.0,47.0,73.0,102.0,110.0,119.0,125.0,149.0,221.0,224.0,225.0,234.0,267.0,292.0,306.0,336.0,361.0,368.0,415.0,417.0,434.0,468.0,471.0,509.0,532.0,533.0,534.0,540.0,547.0,547.0,548.0,550.0,563.0,566.0,575.0,577.0,585.0,585.0,597.0,599.0,605.0,608.0,609.0,619.0,620.0,622.0,627.0,630.0,633.0,634.0,635.0,640.0,642.0,642.0,646.0,700.0,731.0,744.0,752.0,810.0,815.0,824.0,824.0,833.0,835.0,849.0,873.0,949.0,961.0,971.0,
24.0,40.0,44.0,51.0,57.0,72.0,83.0,94.0,125.0,145.0,166.0,255.0,270.0,292.0,294.0,315.0,321.0,324.0,397.0,420.0,422.0,457.0,465.0,513.0,531.0,539.0,542.0,542.0,557.0,563.0,564.0,572.0,573.0,581.0,585.0,585.0,588.0,602.0,624.0,629.0,637.0,640.0,643.0,643.0,645.0,662.0,663.0,666.0,667.0,668.0,696.0,699.0,702.0,704.0,711.0,714.0,725.0,731.0,733.0,733.0,740.0,762.0,767.0,803.0,806.0,828.0,880.0,936.0,
20.0,110.0,142.0,224.0,245.0,257.0,315.0,356.0,357.0,362.0,379.0,386.0,386.0,392.0,400.0,449.0,469.0,497.0,519.0,524.0,536.0,541.0,543.0,545.0,547.0,548.0,554.0,563.0,564.0,585.0,588.0,600.0,615.0,622.0,631.0,634.0,644.0,655.0,672.0,693.0,700.0,714.0,730.0,799.0,807.0,814.0,834.0,882.0,893.0,902.0,915.0,924.0,936.0,941.0,955.0,970.0,982.0,996.0,
5.0,8.0,55.0,63.0,70.0,81.0,92.0,185.0,233.0,237.0,248.0,251.0,254.0,276.0,286.0,297.0,312.0,329.0,336.0,340.0,390.0,412.0,452.0,469.0,483.0,499.0,518.0,525.0,535.0,536.0,540.0,550.0,557.0,560.0,562.0,564.0,570.0,572.0,600.0,611.0,623.0,641.0,649.0,656.0,662.0,668.0,694.0,708.0,714.0,737.0,751.0,752.0,753.0,766.0,781.0,786.0,800.0,808.0,841.0,945.0,959.0,969.0,995.0,998.0,
21.0,34.0,37.0,54.0,67.0,69.0,131.0,134.0,144.0,165.0,237.0,241.0,255.0,261.0,286.0,297.0,379.0,388.0,459.0,498.0,510.0,512.0,522.0,526.0,530.0,531.0,533.0,541.0,542.0,549.0,552.0,555.0,560.0,560.0,563.0,564.0,576.0,577.0,593.0,595.0,604.0,605.0,622.0,624.0,631.0,638.0,645.0,653.0,665.0,670.0,716.0,728.0,736.0,745.0,786.0,817.0,838.0,851.0,856.0,858.0,871.0,873.0,879.0,883.0,886.0,893.0,906.0,919.0,926.0,931.0,937.0,948.0,953.0,959.0,982.0,987.0,
25.0,87.0,137.0,137.0,180.0,192.0,216.0,220.0,255.0,256.0,273.0,294.0,321.0,435.0,436.0,476.0,482.0,523.0,529.0,534.0,543.0,559.0,572.0,576.0,606.0,634.0,666.0,684.0,697.0,714.0,746.0,775.0,834.0,880.0,886.0,933.0,934.0,942.0,951.0,985.0,
30.0,142.0,179.0,248.0,285.0,288.0,295.0,315.0,332.0,355.0,376.0,454.0,461.0,464.0,480.0,491.0,519.0,536.0,542.0,543.0,546.0,553.0,556.0,556.0,560.0,562.0,565.0,569.0,573.0,578.0,578.0,578.0,579.0,580.0,583.0,584.0,598.0,600.0,603.0,604.0,604.0,607.0,613.0,637.0,640.0,643.0,643.0,654.0,656.0,658.0,664.0,672.0,693.0,701.0,723.0,740.0,750.0,751.0,758.0,781.0,783.0,822.0,846.0,856.0,856.0,858.0,868.0,880.0,890.0,907.0,936.0,957.0,965.0,972.0,980.0,999.0,
89.0,90.0,107.0,111.0,136.0,240.0,241.0,313.0,331.0,403.0,426.0,458.0,510.0,516.0,536.0,536.0,538.0,539.0,539.0,541.0,545.0,546.0,547.0,552.0,553.0,560.0,565.0,587.0,588.0,590.0,590.0,599.0,600.0,605.0,620.0,620.0,623.0,652.0,654.0,658.0,674.0,683.0,691.0,750.0,772.0,776.0,815.0,846.0,847.0,854.0,862.0,870.0,874.0,932.0,977.0,997.0,999.0,
10.0,19.0,75.0,128.0,137.0,186.0,256.0,256.0,270.0,331.0,350.0,367.0,369.0,428.0,439.0,441.0,443.0,449.0,487.0,490.0,502.0,513.0,517.0,521.0,526.0,527.0,530.0,532.0,533.0,536.0,544.0,548.0,550.0,552.0,553.0,555.0,556.0,578.0,600.0,627.0,647.0,657.0,659.0,672.0,675.0,683.0,702.0,757.0,799.0,801.0,810.0,839.0,846.0,864.0,887.0,889.0,924.0,931.0,938.0,942.0,963.0,970.0,977.0,980.0,
24.0,29.0,33.0,42.0,48.0,63.0,92.0,160.0,184.0,212.0,217.0,219.0,235.0,306.0,319.0,347.0,370.0,384.0,417.0,423.0,482.0,488.0,492.0,515.0,521.0,533.0,535.0,543.0,545.0,548.0,554.0,555.0,555.0,557.0,558.0,572.0,585.0,586.0,598.0,619.0,621.0,634.0,639.0,646.0,647.0,673.0,675.0,758.0,765.0,767.0,774.0,820.0,838.0,853.0,872.0,897.0,917.0,926.0,932.0,937.0,950.0,986.0,995.0,
10.0,29.0,60.0,156.0,182.0,199.0,238.0,268.0,271.0,274.0,312.0,324.0,339.0,342.0,355.0,357.0,363.0,405.0,465.0,513.0,516.0,521.0,521.0,522.0,530.0,538.0,539.0,539.0,543.0,543.0,546.0,548.0,550.0,555.0,556.0,558.0,565.0,572.0,574.0,583.0,584.0,586.0,592.0,597.0,600.0,603.0,605.0,618.0,618.0,629.0,632.0,633.0,643.0,645.0,650.0,650.0,653.0,660.0,661.0,688.0,693.0,716.0,717.0,718.0,730.0,733.0,734.0,761.0,788.0,791.0,793.0,798.0,801.0,802.0,881.0,886.0,901.0,949.0,954.0,
5.0,36.0,38.0,43.0,131.0,151.0,159.0,187.0,187.0,221.0,302.0,318.0,338.0,369.0,391.0,393.0,405.0,452.0,483.0,487.0,518.0,521.0,521.0,526.0,527.0,533.0,533.0,534.0,538.0,541.0,553.0,560.0,564.0,569.0,580.0,581.0,584.0,586.0,597.0,599.0,602.0,606.0,610.0,610.0,612.0,633.0,651.0,655.0,656.0,657.0,667.0,676.0,676.0,707.0,733.0,761.0,775.0,776.0,864.0,866.0,882.0,913.0,913.0,944.0,952.0,975.0,
37.0,42.0,42.0,73.0,128.0,128.0,146.0,168.0,402.0,408.0,442.0,451.0,458.0,460.0,464.0,477.0,501.0,505.0,535.0,538.0,541.0,548.0,548.0,550.0,556.0,563.0,567.0,578.0,585.0,591.0,597.0,599.0,600.0,609.0,613.0,614.0,626.0,630.0,633.0,673.0,688.0,696.0,703.0,770.0,775.0,801.0,809.0,830.0,845.0,876.0,888.0,891.0,895.0,920.0,930.0,940.0,964.0,977.0,
79.0,138.0,149.0,170.0,173.0,173.0,181.0,189.0,236.0,255.0,278.0,306.0,306.0,347.0,375.0,397.0,410.0,424.0,451.0,454.0,457.0,517.0,533.0,535.0,537.0,540.0,543.0,553.0,563.0,584.0,587.0,594.0,600.0,602.0,613.0,625.0,632.0,644.0,644.0,648.0,656.0,661.0,685.0,688.0,696.0,718.0,737.0,743.0,746.0,746.0,788.0,814.0,832.0,837.0,867.0,891.0,912.0,913.0,918.0,924.0,933.0,948.0,952.0,956.0,970.0,991.0,997.0,
4.0,32.0,62.0,63.0,85.0,104.0,117.0,163.0,223.0,232.0,246.0,280.0,281.0,295.0,298.0,334.0,371.0,388.0,390.0,394.0,411.0,425.0,435.0,462.0,462.0,469.0,474.0,521.0,528.0,531.0,533.0,534.0,537.0,542.0,545.0,553.0,554.0,558.0,569.0,570.0,572.0,572.0,573.0,585.0,587.0,594.0,595.0,602.0,603.0,606.0,606.0,615.0,619.0,622.0,632.0,639.0,651.0,654.0,655.0,670.0,691.0,694.0,706.0,708.0,710.0,748.0,761.0,777.0,787.0,813.0,814.0,823.0,841.0,846.0,848.0,864.0,874.0,880.0,925.0,960.0,963.0,964.0,967.0,968.0,
6.0,35.0,56.0,89.0,91.0,215.0,265.0,339.0,347.0,374.0,443.0,457.0,477.0,524.0,546.0,546.0,554.0,561.0,563.0,563.0,567.0,570.0,572.0,573.0,582.0,585.0,596.0,597.0,658.0,658.0,662.0,675.0,758.0,765.0,778.0,854.0,877.0,878.0,880.0,919.0,921.0,950.0,959.0,983.0,991.0,993.0,993.0,994.0,995.0,
23.0,54.0,87.0,116.0,145.0,149.0,196.0,208.0,241.0,299.0,311.0,362.0,380.0,389.0,399.0,465.0,474.0,478.0,517.0,533.0,545.0,557.0,560.0,565.0,570.0,576.0,579.0,580.0,584.0,588.0,593.0,594.0,599.0,608.0,616.0,623.0,624.0,645.0,651.0,655.0,660.0,670.0,671.0,687.0,713.0,724.0,731.0,741.0,753.0,764.0,785.0,799.0,801.0,840.0,852.0,861.0,876.0,885.0,897.0,899.0,942.0,952.0,968.0,969.0,981.0,998.0,
48.0,49.0,64.0,83.0,92.0,120.0,234.0,268.0,299.0,321.0,323.0,348.0,379.0,391.0,402.0,416.0,421.0,427.0,456.0,478.0,479.0,509.0,516.0,529.0,532.0,534.0,535.0,538.0,549.0,556.0,557.0,569.0,570.0,574.0,588.0,593.0,595.0,608.0,611.0,611.0,616.0,617.0,617.0,618.0,624.0,626.0,630.0,648.0,652.0,660.0,662.0,680.0,690.0,692.0,722.0,733.0,736.0,745.0,766.0,791.0,800.0,801.0,827.0,831.0,859.0,860.0,880.0,904.0,910.0,917.0,921.0,982.0,987.0,989.0,
7.0,9.0,41.0,53.0,67.0,156.0,336.0,339.0,366.0,382.0,400.0,414.0,421.0,472.0,475.0,508.0,517.0,521.0,524.0,528.0,530.0,535.0,538.0,541.0,542.0,549.0,551.0,552.0,556.0,556.0,563.0,571.0,572.0,587.0,591.0,593.0,607.0,614.0,619.0,645.0,647.0,663.0,674.0,679.0,680.0,697.0,698.0,707.0,723.0,723.0,724.0,726.0,734.0,743.0,757.0,759.0,762.0,768.0,772.0,773.0,788.0,790.0,810.0,821.0,826.0,838.0,865.0,877.0,887.0,900.0,928.0,973.0,989.0,
20.0,22.0,62.0,66.0,89.0,91.0,111.0,115.0,181.0,202.0,208.0,240.0,256.0,259.0,274.0,278.0,380.0,384.0,386.0,428.0,431.0,456.0,498.0,499.0,526.0,530.0,531.0,534.0,554.0,556.0,563.0,572.0,573.0,574.0,574.0,575.0,575.0,577.0,578.0,584.0,584.0,585.0,611.0,613.0,616.0,636.0,661.0,662.0,684.0,722.0,744.0,748.0,778.0,781.0,807.0,832.0,850.0,871.0,882.0,894.0,905.0,921.0,922.0,928.0,957.0,967.0,974.0,990.0,996.0,
10.0,12.0,59.0,85.0,94.0,103.0,114.0,154.0,167.0,201.0,220.0,264.0,273.0,328.0,347.0,394.0,447.0,469.0,483.0,521.0,528.0,535.0,535.0,536.0,543.0,544.0,546.0,551.0,567.0,569.0,580.0,582.0,584.0,586.0,587.0,589.0,605.0,606.0,614.0,616.0,620.0,623.0,632.0,652.0,653.0,659.0,659.0,693.0,732.0,753.0,762.0,762.0,774.0,814.0,817.0,822.0,828.0,837.0,862.0,869.0,894.0,902.0,916.0,918.0,948.0,992.0,1000.0,
15.0,43.0,50.0,64.0,172.0,174.0,219.0,326.0,342.0,503.0,505.0,523.0,523.0,523.0,531.0,535.0,546.0,549.0,550.0,559.0,566.0,570.0,577.0,578.0,580.0,602.0,607.0,610.0,615.0,615.0,624.0,630.0,668.0,669.0,715.0,728.0,737.0,753.0,776.0,780.0,788.0,798.0,828.0,828.0,845.0,858.0,861.0,862.0,885.0,891.0,912.0,967.0,969.0,979.0,999.0,1000.0,
25.0,38.0,66.0,111.0,126.0,227.0,257.0,269.0,284.0,312.0,379.0,387.0,390.0,413.0,414.0,423.0,453.0,463.0,470.0,474.0,479.0,490.0,490.0,511.0,528.0,531.0,536.0,540.0,544.0,545.0,548.0,549.0,553.0,558.0,559.0,562.0,584.0,592.0,593.0,597.0,598.0,624.0,645.0,646.0,649.0,649.0,655.0,664.0,669.0,670.0,689.0,694.0,703.0,711.0,720.0,722.0,728.0,742.0,763.0,766.0,781.0,787.0,802.0,815.0,827.0,867.0,901.0,907.0,957.0,961.0,984.0,990.0,
19.0,30.0,54.0,56.0,74.0,111.0,166.0,183.0,190.0,246.0,277.0,286.0,300.0,320.0,349.0,359.0,397.0,414.0,460.0,463.0,468.0,480.0,509.0,523.0,525.0,529.0,530.0,536.0,541.0,543.0,548.0,554.0,567.0,572.0,575.0,588.0,595.0,624.0,632.0,638.0,655.0,680.0,693.0,721.0,739.0,744.0,754.0,772.0,779.0,841.0,843.0,851.0,860.0,863.0,893.0,897.0,901.0,922.0,936.0,940.0,947.0,951.0,977.0,
3.0,8.0,15.0,29.0,34.0,85.0,86.0,133.0,150.0,152.0,174.0,186.0,198.0,290.0,309.0,313.0,355.0,383.0,387.0,389.0,403.0,418.0,455.0,486.0,509.0,512.0,526.0,531.0,534.0,537.0,541.0,549.0,553.0,567.0,579.0,579.0,580.0,581.0,582.0,589.0,593.0,595.0,600.0,601.0,607.0,607.0,608.0,617.0,632.0,632.0,634.0,640.0,642.0,652.0,674.0,684.0,688.0,700.0,759.0,777.0,788.0,788.0,804.0,818.0,831.0,877.0,886.0,887.0,912.0,940.0,954.0,955.0,968.0,983.0,
24.0,75.0,83.0,147.0,197.0,197.0,239.0,244.0,250.0,257.0,275.0,291.0,307.0,373.0,383.0,417.0,494.0,503.0,513.0,519.0,549.0,555.0,568.0,576.0,589.0,599.0,600.0,613.0,620.0,634.0,671.0,691.0,703.0,738.0,786.0,807.0,841.0,847.0,899.0,929.0,944.0,973.0,983.0,
13.0,133.0,159.0,224.0,244.0,269.0,302.0,341.0,359.0,374.0,381.0,425.0,434.0,459.0,465.0,474.0,485.0,501.0,510.0,521.0,530.0,532.0,541.0,543.0,549.0,557.0,567.0,571.0,572.0,579.0,586.0,589.0,602.0,606.0,607.0,618.0,635.0,667.0,669.0,680.0,704.0,711.0,724.0,731.0,732.0,735.0,741.0,759.0,763.0,767.0,776.0,777.0,790.0,810.0,826.0,831.0,842.0,856.0,873.0,884.0,890.0,905.0,929.0,930.0,936.0,943.0,947.0,962.0,967.0,981.0,
38.0,45.0,58.0,72.0,215.0,218.0,249.0,294.0,320.0,324.0,369.0,377.0,430.0,436.0,454.0,534.0,534.0,535.0,540.0,545.0,546.0,547.0,563.0,571.0,576.0,576.0,583.0,590.0,591.0,602.0,607.0,611.0,619.0,625.0,642.0,643.0,655.0,670.0,741.0,804.0,806.0,811.0,868.0,952.0,961.0,961.0,986.0,987.0,
7.0,15.0,59.0,63.0,70.0,182.0,253.0,328.0,348.0,367.0,382.0,393.0,454.0,459.0,467.0,474.0,506.0,509.0,511.0,518.0,534.0,535.0,536.0,540.0,542.0,545.0,554.0,567.0,573.0,576.0,576.0,597.0,603.0,604.0,607.0,607.0,615.0,637.0,643.0,671.0,673.0,676.0,681.0,690.0,696.0,717.0,740.0,808.0,812.0,824.0,828.0,833.0,890.0,909.0,910.0,918.0,920.0,927.0,941.0,942.0,946.0,950.0,968.0,988.0,
55.0,97.0,153.0,167.0,175.0,210.0,232.0,302.0,349.0,421.0,438.0,449.0,491.0,523.0,526.0,544.0,548.0,560.0,561.0,568.0,579.0,579.0,580.0,589.0,601.0,601.0,604.0,605.0,606.0,618.0,621.0,623.0,649.0,657.0,670.0,675.0,675.0,681.0,686.0,703.0,708.0,730.0,757.0,774.0,791.0,795.0,839.0,842.0,847.0,864.0,899.0,903.0,932.0,944.0,964.0,971.0,976.0,
6.0,15.0,30.0,74.0,81.0,87.0,145.0,265.0,289.0,298.0,338.0,345.0,435.0,446.0,518.0,519.0,519.0,520.0,521.0,522.0,522.0,526.0,534.0,537.0,540.0,541.0,545.0,545.0,549.0,549.0,564.0,572.0,601.0,604.0,607.0,617.0,619.0,620.0,624.0,639.0,660.0,672.0,677.0,679.0,684.0,716.0,741.0,802.0,817.0,844.0,846.0,893.0,905.0,922.0,926.0,946.0,968.0,982.0,
5.0,12.0,34.0,47.0,49.0,77.0,154.0,157.0,158.0,168.0,226.0,293.0,296.0,297.0,319.0,327.0,445.0,502.0,516.0,529.0,529.0,532.0,541.0,542.0,543.0,547.0,548.0,552.0,564.0,567.0,567.0,569.0,571.0,572.0,577.0,584.0,592.0,601.0,610.0,614.0,619.0,632.0,654.0,662.0,668.0,671.0,732.0,745.0,777.0,807.0,810.0,831.0,835.0,837.0,863.0,894.0,915.0,926.0,938.0,948.0,954.0,966.0,972.0,988.0,
14.0,60.0,86.0,152.0,197.0,218.0,257.0,296.0,347.0,402.0,422.0,439.0,486.0,520.0,521.0,521.0,534.0,534.0,541.0,541.0,543.0,543.0,544.0,545.0,553.0,554.0,557.0,558.0,559.0,568.0,569.0,574.0,583.0,586.0,591.0,595.0,601.0,633.0,644.0,652.0,680.0,699.0,718.0,732.0,740.0,748.0,781.0,813.0,813.0,823.0,827.0,841.0,844.0,858.0,891.0,916.0,938.0,961.0,962.0,980.0,985.0,987.0,
23.0,47.0,67.0,78.0,117.0,134.0,280.0,286.0,290.0,308.0,327.0,348.0,358.0,374.0,439.0,448.0,478.0,485.0,505.0,517.0,517.0,525.0,526.0,529.0,531.0,535.0,536.0,538.0,539.0,539.0,542.0,545.0,550.0,552.0,561.0,561.0,572.0,585.0,586.0,589.0,594.0,613.0,616.0,617.0,624.0,634.0,636.0,636.0,639.0,646.0,647.0,664.0,666.0,680.0,711.0,714.0,728.0,731.0,753.0,765.0,775.0,795.0,846.0,865.0,867.0,875.0,882.0,909.0,914.0,929.0,935.0,
9.0,26.0,30.0,37.0,78.0,97.0,98.0,111.0,177.0,248.0,278.0,278.0,309.0,326.0,336.0,427.0,429.0,444.0,465.0,487.0,523.0,527.0,531.0,532.0,534.0,536.0,537.0,545.0,546.0,550.0,563.0,564.0,575.0,606.0,607.0,609.0,625.0,663.0,690.0,693.0,699.0,707.0,710.0,717.0,726.0,728.0,730.0,738.0,739.0,742.0,747.0,780.0,792.0,801.0,856.0,861.0,865.0,869.0,901.0,919.0,944.0,951.0,976.0,985.0,988.0,992.0,996.0,
167.0,192.0,212.0,241.0,264.0,299.0,317.0,342.0,479.0,501.0,509.0,519.0,547.0,573.0,619.0,622.0,623.0,632.0,637.0,851.0,865.0,
51.0,86.0,125.0,125.0,141.0,199.0,235.0,284.0,318.0,339.0,356.0,376.0,383.0,391.0,394.0,402.0,418.0,422.0,428.0,453.0,467.0,483.0,511.0,512.0,516.0,523.0,523.0,525.0,532.0,534.0,546.0,546.0,548.0,549.0,549.0,550.0,551.0,555.0,555.0,555.0,564.0,565.0,566.0,566.0,568.0,580.0,584.0,586.0,590.0,595.0,599.0,636.0,637.0,660.0,680.0,681.0,692.0,694.0,696.0,720.0,720.0,723.0,737.0,738.0,767.0,771.0,789.0,793.0,794.0,804.0,804.0,818.0,830.0,838.0,841.0,846.0,858.0,866.0,877.0,896.0,906.0,929.0,929.0,938.0,953.0,964.0,968.0,977.0,997.0,
29.0,30.0,42.0,93.0,104.0,122.0,131.0,159.0,190.0,220.0,228.0,228.0,254.0,259.0,269.0,350.0,350.0,434.0,462.0,463.0,502.0,511.0,514.0,531.0,531.0,533.0,534.0,538.0,538.0,545.0,545.0,547.0,554.0,567.0,568.0,575.0,577.0,584.0,584.0,586.0,594.0,615.0,619.0,619.0,642.0,668.0,677.0,686.0,696.0,700.0,704.0,709.0,732.0,747.0,747.0,747.0,757.0,784.0,798.0,806.0,813.0,831.0,835.0,843.0,853.0,856.0,857.0,872.0,875.0,885.0,907.0,919.0,924.0,940.0,975.0,995.0,
56.0,191.0,212.0,268.0,350.0,371.0,373.0,425.0,459.0,471.0,492.0,524.0,528.0,539.0,545.0,550.0,553.0,554.0,556.0,557.0,568.0,574.0,579.0,584.0,585.0,596.0,596.0,598.0,603.0,607.0,607.0,611.0,620.0,624.0,626.0,641.0,643.0,658.0,746.0,765.0,779.0,805.0,850.0,859.0,897.0,898.0,904.0,956.0,996.0,
46.0,60.0,84.0,107.0,118.0,125.0,140.0,163.0,175.0,248.0,322.0,339.0,350.0,354.0,368.0,422.0,437.0,454.0,457.0,466.0,478.0,479.0,481.0,482.0,497.0,523.0,524.0,533.0,533.0,535.0,548.0,550.0,555.0,562.0,565.0,573.0,575.0,575.0,601.0,602.0,609.0,613.0,613.0,626.0,673.0,678.0,719.0,733.0,748.0,754.0,770.0,775.0,789.0,811.0,813.0,834.0,854.0,870.0,872.0,895.0,900.0,914.0,919.0,948.0,
23.0,29.0,58.0,132.0,133.0,152.0,153.0,158.0,169.0,177.0,177.0,194.0,209.0,245.0,299.0,311.0,321.0,343.0,344.0,353.0,396.0,445.0,503.0,516.0,528.0,539.0,551.0,558.0,560.0,562.0,562.0,566.0,568.0,572.0,573.0,583.0,586.0,598.0,611.0,614.0,614.0,631.0,634.0,639.0,641.0,645.0,673.0,673.0,674.0,697.0,714.0,774.0,789.0,796.0,817.0,818.0,838.0,845.0,854.0,864.0,864.0,874.0,879.0,887.0,910.0,932.0,
43.0,81.0,93.0,120.0,288.0,508.0,525.0,527.0,529.0,530.0,533.0,534.0,534.0,541.0,551.0,555.0,562.0,565.0,581.0,588.0,592.0,594.0,597.0,597.0,598.0,598.0,608.0,610.0,613.0,613.0,626.0,636.0,697.0,702.0,709.0,727.0,730.0,749.0,784.0,786.0,804.0,843.0,848.0,852.0,878.0,901.0,911.0,929.0,936.0,940.0,942.0,948.0,949.0,949.0,970.0,991.0,
16.0,74.0,75.0,88.0,95.0,108.0,141.0,174.0,202.0,354.0,363.0,376.0,418.0,429.0,494.0,495.0,509.0,513.0,517.0,536.0,538.0,542.0,551.0,557.0,578.0,601.0,601.0,608.0,610.0,613.0,617.0,620.0,650.0,652.0,675.0,685.0,693.0,716.0,719.0,759.0,770.0,774.0,781.0,828.0,845.0,849.0,863.0,924.0,941.0,945.0,947.0,986.0,989.0,
2.0,3.0,103.0,128.0,155.0,156.0,172.0,255.0,256.0,290.0,292.0,295.0,308.0,347.0,361.0,370.0,384.0,404.0,453.0,459.0,470.0,491.0,506.0,526.0,528.0,540.0,555.0,557.0,558.0,559.0,560.0,562.0,563.0,584.0,587.0,591.0,604.0,622.0,624.0,625.0,644.0,652.0,665.0,673.0,681.0,683.0,685.0,687.0,703.0,706.0,724.0,734.0,767.0,778.0,793.0,827.0,830.0,857.0,862.0,885.0,892.0,898.0,931.0,947.0,947.0,982.0,984.0,990.0,1000.0,
15.0,75.0,140.0,145.0,152.0,187.0,196.0,226.0,248.0,291.0,310.0,313.0,332.0,333.0,341.0,347.0,435.0,436.0,438.0,451.0,489.0,527.0,555.0,557.0,558.0,563.0,568.0,584.0,591.0,593.0,623.0,633.0,635.0,640.0,657.0,669.0,681.0,685.0,704.0,717.0,742.0,744.0,763.0,765.0,770.0,784.0,789.0,825.0,879.0,908.0,961.0,970.0,982.0,996.0,
29.0,75.0,89.0,125.0,206.0,207.0,209.0,219.0,226.0,239.0,282.0,282.0,298.0,326.0,391.0,406.0,437.0,438.0,445.0,457.0,485.0,512.0,619.0,658.0,660.0,667.0,720.0,786.0,800.0,819.0,844.0,859.0,877.0,919.0,941.0,
65.0,74.0,113.0,167.0,186.0,232.0,252.0,301.0,306.0,348.0,356.0,357.0,383.0,416.0,432.0,463.0,468.0,504.0,526.0,533.0,544.0,551.0,553.0,598.0,607.0,633.0,656.0,659.0,668.0,677.0,678.0,685.0,716.0,733.0,751.0,786.0,791.0,820.0,842.0,848.0,854.0,861.0,873.0,886.0,886.0,905.0,938.0,961.0,969.0,970.0,
28.0,79.0,153.0,168.0,176.0,186.0,225.0,233.0,263.0,335.0,370.0,401.0,410.0,432.0,435.0,462.0,477.0,494.0,510.0,522.0,528.0,531.0,540.0,543.0,557.0,572.0,573.0,588.0,592.0,594.0,597.0,597.0,607.0,607.0,610.0,625.0,628.0,633.0,640.0,642.0,645.0,668.0,671.0,682.0,705.0,716.0,740.0,752.0,758.0,764.0,783.0,783.0,784.0,788.0,797.0,828.0,853.0,866.0,880.0,889.0,893.0,901.0,915.0,921.0,935.0,942.0,959.0,969.0,973.0,
4.0,31.0,63.0,82.0,101.0,110.0,111.0,120.0,128.0,132.0,133.0,169.0,171.0,179.0,183.0,203.0,217.0,229.0,240.0,252.0,274.0,285.0,300.0,330.0,345.0,373.0,404.0,444.0,475.0,485.0,493.0,517.0,518.0,524.0,528.0,530.0,530.0,535.0,537.0,547.0,550.0,555.0,556.0,561.0,564.0,567.0,569.0,585.0,586.0,592.0,604.0,606.0,610.0,612.0,620.0,634.0,635.0,661.0,679.0,687.0,702.0,704.0,705.0,742.0,751.0,766.0,776.0,798.0,805.0,806.0,826.0,828.0,852.0,871.0,911.0,921.0,952.0,969.0,987.0,
10.0,32.0,50.0,84.0,91.0,98.0,107.0,208.0,214.0,341.0,356.0,360.0,504.0,534.0,540.0,543.0,544.0,546.0,570.0,574.0,585.0,593.0,598.0,602.0,609.0,609.0,612.0,614.0,620.0,636.0,646.0,679.0,688.0,707.0,709.0,729.0,734.0,741.0,747.0,768.0,809.0,821.0,851.0,899.0,900.0,908.0,908.0,921.0,924.0,929.0,935.0,940.0,946.0,962.0,
4.0,15.0,47.0,66.0,95.0,96.0,155.0,158.0,239.0,241.0,245.0,277.0,314.0,417.0,459.0,466.0,489.0,518.0,520.0,523.0,529.0,530.0,534.0,550.0,551.0,551.0,559.0,560.0,562.0,569.0,574.0,580.0,603.0,605.0,611.0,614.0,616.0,619.0,621.0,624.0,644.0,658.0,663.0,664.0,667.0,676.0,680.0,694.0,702.0,707.0,707.0,711.0,721.0,727.0,730.0,748.0,755.0,779.0,797.0,806.0,807.0,820.0,834.0,839.0,859.0,872.0,899.0,905.0,942.0,945.0,
14.0,43.0,67.0,96.0,155.0,168.0,174.0,179.0,233.0,241.0,288.0,371.0,378.0,412.0,415.0,482.0,498.0,514.0,520.0,531.0,534.0,545.0,551.0,558.0,559.0,559.0,569.0,570.0,574.0,574.0,579.0,583.0,604.0,614.0,628.0,638.0,680.0,712.0,714.0,732.0,734.0,751.0,752.0,763.0,784.0,801.0,858.0,866.0,884.0,932.0,961.0,991.0,
71.0,75.0,110.0,111.0,117.0,123.0,131.0,132.0,145.0,150.0,164.0,199.0,271.0,278.0,285.0,315.0,350.0,392.0,399.0,422.0,508.0,516.0,520.0,527.0,531.0,534.0,534.0,534.0,534.0,538.0,563.0,572.0,577.0,578.0,578.0,582.0,590.0,605.0,614.0,615.0,631.0,635.0,636.0,641.0,647.0,648.0,663.0,704.0,709.0,722.0,732.0,734.0,754.0,785.0,787.0,857.0,861.0,883.0,903.0,939.0,965.0,980.0,987.0,988.0,994.0,
17.0,38.0,44.0,80.0,103.0,168.0,174.0,240.0,241.0,293.0,309.0,343.0,357.0,406.0,463.0,495.0,508.0,516.0,521.0,521.0,540.0,541.0,541.0,544.0,545.0,548.0,551.0,565.0,567.0,570.0,577.0,577.0,583.0,585.0,602.0,617.0,632.0,641.0,658.0,666.0,675.0,705.0,706.0,712.0,725.0,742.0,766.0,774.0,782.0,808.0,808.0,815.0,827.0,838.0,929.0,933.0,954.0,968.0,
15.0,16.0,39.0,42.0,42.0,69.0,84.0,101.0,196.0,202.0,204.0,228.0,302.0,316.0,333.0,413.0,488.0,524.0,534.0,537.0,551.0,560.0,561.0,589.0,590.0,603.0,615.0,616.0,622.0,644.0,649.0,654.0,701.0,720.0,727.0,741.0,765.0,811.0,815.0,835.0,864.0,879.0,880.0,920.0,940.0,947.0,971.0,982.0,995.0,
16.0,64.0,103.0,133.0,160.0,177.0,195.0,198.0,245.0,266.0,268.0,299.0,320.0,335.0,338.0,359.0,360.0,399.0,473.0,519.0,538.0,540.0,542.0,558.0,567.0,606.0,607.0,708.0,722.0,772.0,815.0,842.0,868.0,890.0,895.0,929.0,
5.0,30.0,38.0,40.0,108.0,117.0,216.0,228.0,244.0,290.0,347.0,408.0,410.0,445.0,493.0,506.0,516.0,541.0,568.0,577.0,580.0,626.0,635.0,649.0,691.0,694.0,701.0,708.0,740.0,808.0,845.0,845.0,876.0,891.0,
19.0,138.0,201.0,208.0,320.0,326.0,327.0,331.0,338.0,387.0,416.0,434.0,463.0,484.0,517.0,531.0,540.0,543.0,551.0,560.0,571.0,574.0,585.0,592.0,597.0,597.0,619.0,642.0,694.0,741.0,762.0,784.0,790.0,807.0,853.0,879.0,884.0,911.0,935.0,937.0,991.0,
20.0,63.0,69.0,121.0,156.0,167.0,206.0,255.0,262.0,339.0,368.0,403.0,431.0,442.0,496.0,518.0,533.0,539.0,539.0,544.0,545.0,556.0,556.0,561.0,562.0,569.0,593.0,594.0,595.0,597.0,598.0,601.0,609.0,614.0,623.0,624.0,631.0,637.0,643.0,648.0,653.0,656.0,669.0,677.0,715.0,771.0,778.0,779.0,780.0,780.0,782.0,791.0,802.0,809.0,809.0,828.0,835.0,841.0,851.0,873.0,885.0,900.0,901.0,903.0,920.0,925.0,945.0,960.0,971.0,988.0,989.0,
85.0,95.0,127.0,161.0,171.0,187.0,192.0,215.0,217.0,237.0,244.0,265.0,275.0,279.0,329.0,355.0,364.0,369.0,384.0,399.0,418.0,433.0,440.0,448.0,478.0,480.0,487.0,523.0,531.0,536.0,541.0,548.0,553.0,562.0,563.0,564.0,566.0,571.0,574.0,575.0,578.0,583.0,585.0,589.0,589.0,600.0,602.0,614.0,622.0,669.0,676.0,689.0,743.0,779.0,788.0,812.0,812.0,815.0,825.0,831.0,835.0,851.0,860.0,867.0,873.0,873.0,881.0,883.0,893.0,897.0,914.0,918.0,942.0,951.0,962.0,984.0,986.0,988.0,
75.0,78.0,126.0,132.0,139.0,139.0,165.0,182.0,183.0,206.0,256.0,265.0,330.0,341.0,349.0,411.0,421.0,447.0,456.0,459.0,478.0,520.0,528.0,531.0,532.0,533.0,537.0,538.0,542.0,545.0,548.0,549.0,565.0,575.0,579.0,582.0,589.0,590.0,595.0,603.0,605.0,606.0,607.0,632.0,643.0,650.0,651.0,660.0,660.0,686.0,723.0,729.0,785.0,786.0,806.0,814.0,823.0,825.0,828.0,833.0,838.0,848.0,848.0,868.0,892.0,901.0,914.0,931.0,943.0,957.0,977.0,984.0,985.0,988.0,989.0,
12.0,52.0,66.0,102.0,116.0,120.0,148.0,180.0,198.0,220.0,294.0,338.0,349.0,414.0,420.0,487.0,513.0,516.0,534.0,542.0,549.0,549.0,554.0,555.0,556.0,557.0,561.0,576.0,581.0,584.0,593.0,593.0,602.0,607.0,610.0,612.0,625.0,634.0,645.0,653.0,659.0,669.0,676.0,700.0,703.0,703.0,704.0,729.0,731.0,739.0,747.0,758.0,766.0,767.0,779.0,808.0,811.0,816.0,826.0,855.0,862.0,884.0,918.0,929.0,935.0,938.0,951.0,967.0,970.0,
11.0,45.0,54.0,75.0,88.0,126.0,207.0,209.0,242.0,247.0,250.0,287.0,296.0,326.0,434.0,454.0,497.0,500.0,535.0,537.0,562.0,567.0,570.0,574.0,583.0,586.0,599.0,602.0,623.0,625.0,641.0,642.0,666.0,692.0,693.0,702.0,731.0,745.0,753.0,766.0,767.0,796.0,826.0,836.0,847.0,858.0,871.0,880.0,911.0,911.0,963.0,971.0,993.0,1000.0,
4.0,16.0,98.0,148.0,151.0,223.0,267.0,288.0,299.0,312.0,354.0,356.0,396.0,400.0,410.0,429.0,457.0,459.0,513.0,518.0,539.0,539.0,541.0,546.0,550.0,570.0,601.0,606.0,607.0,617.0,619.0,620.0,634.0,661.0,661.0,666.0,672.0,673.0,681.0,685.0,699.0,736.0,756.0,821.0,827.0,832.0,859.0,879.0,903.0,906.0,911.0,934.0,935.0,943.0,951.0,952.0,953.0,967.0,976.0,985.0,996.0,
15.0,96.0,128.0,143.0,174.0,192.0,243.0,306.0,355.0,360.0,371.0,391.0,417.0,439.0,454.0,486.0,510.0,545.0,553.0,572.0,572.0,644.0,651.0,663.0,672.0,678.0,742.0,764.0,766.0,785.0,813.0,824.0,856.0,885.0,890.0,903.0,959.0,971.0,
