33.0,44.0,64.0,67.0,149.0,173.0,181.0,223.0,306.0,316.0,327.0,358.0,365.0,366.0,401.0,404.0,426.0,446.0,459.0,467.0,479.0,487.0,494.0,525.0,593.0,600.0,609.0,647.0,651.0,651.0,652.0,680.0,706.0,735.0,744.0,757.0,760.0,786.0,790.0,813.0,816.0,821.0,824.0,830.0,832.0,869.0,923.0,937.0,960.0,
10.0,22.0,25.0,53.0,77.0,87.0,142.0,159.0,165.0,186.0,187.0,191.0,227.0,310.0,326.0,332.0,398.0,484.0,490.0,537.0,553.0,580.0,632.0,655.0,671.0,673.0,675.0,686.0,733.0,775.0,858.0,875.0,938.0,944.0,984.0,
40.0,69.0,161.0,228.0,238.0,254.0,283.0,297.0,318.0,321.0,341.0,349.0,357.0,385.0,407.0,466.0,477.0,519.0,564.0,569.0,579.0,596.0,615.0,670.0,784.0,785.0,822.0,828.0,829.0,850.0,873.0,935.0,
2.0,13.0,26.0,27.0,52.0,101.0,126.0,180.0,221.0,231.0,246.0,250.0,261.0,261.0,288.0,321.0,328.0,345.0,361.0,361.0,363.0,367.0,396.0,399.0,399.0,452.0,463.0,476.0,515.0,543.0,584.0,606.0,787.0,840.0,941.0,952.0,963.0,
33.0,38.0,49.0,76.0,85.0,100.0,112.0,140.0,146.0,166.0,168.0,183.0,186.0,199.0,273.0,301.0,330.0,359.0,413.0,434.0,455.0,489.0,491.0,525.0,543.0,554.0,586.0,647.0,661.0,756.0,790.0,873.0,922.0,926.0,989.0,
7.0,25.0,47.0,64.0,85.0,85.0,92.0,104.0,114.0,122.0,197.0,283.0,301.0,338.0,416.0,490.0,559.0,581.0,581.0,702.0,708.0,795.0,825.0,920.0,936.0,947.0,977.0,
3.0,6.0,37.0,40.0,47.0,64.0,85.0,92.0,104.0,106.0,115.0,149.0,185.0,190.0,216.0,232.0,243.0,271.0,271.0,417.0,442.0,451.0,482.0,489.0,509.0,532.0,537.0,538.0,572.0,699.0,759.0,785.0,999.0,
5.0,11.0,24.0,46.0,65.0,74.0,97.0,98.0,117.0,123.0,138.0,149.0,167.0,179.0,198.0,210.0,238.0,306.0,336.0,337.0,371.0,424.0,439.0,445.0,463.0,466.0,474.0,480.0,513.0,546.0,674.0,759.0,968.0,982.0,993.0,
8.0,10.0,13.0,19.0,61.0,86.0,117.0,131.0,137.0,151.0,162.0,196.0,217.0,226.0,227.0,240.0,259.0,262.0,281.0,282.0,331.0,339.0,379.0,412.0,423.0,437.0,445.0,462.0,463.0,502.0,506.0,561.0,572.0,584.0,592.0,603.0,607.0,621.0,644.0,663.0,685.0,725.0,737.0,821.0,832.0,976.0,
41.0,71.0,101.0,103.0,104.0,145.0,146.0,207.0,208.0,212.0,242.0,245.0,256.0,299.0,302.0,316.0,318.0,452.0,480.0,483.0,502.0,511.0,515.0,630.0,678.0,695.0,733.0,769.0,822.0,883.0,889.0,933.0,935.0,938.0,959.0,983.0,
30.0,107.0,168.0,193.0,194.0,203.0,237.0,250.0,305.0,317.0,372.0,421.0,424.0,445.0,485.0,496.0,593.0,598.0,643.0,696.0,704.0,724.0,739.0,750.0,782.0,794.0,821.0,825.0,891.0,916.0,978.0,
14.0,28.0,29.0,39.0,54.0,107.0,159.0,206.0,276.0,325.0,394.0,420.0,464.0,470.0,475.0,499.0,502.0,532.0,538.0,610.0,625.0,676.0,702.0,733.0,740.0,764.0,797.0,852.0,878.0,946.0,968.0,
5.0,111.0,120.0,146.0,193.0,194.0,245.0,272.0,279.0,299.0,320.0,337.0,366.0,404.0,406.0,487.0,526.0,546.0,546.0,552.0,562.0,585.0,642.0,685.0,719.0,760.0,763.0,767.0,852.0,937.0,990.0,
18.0,87.0,87.0,144.0,157.0,159.0,172.0,175.0,183.0,205.0,220.0,261.0,276.0,292.0,337.0,346.0,351.0,402.0,500.0,516.0,527.0,528.0,548.0,559.0,559.0,571.0,588.0,597.0,612.0,613.0,651.0,698.0,723.0,735.0,742.0,762.0,770.0,770.0,803.0,810.0,810.0,837.0,847.0,852.0,875.0,891.0,908.0,921.0,934.0,935.0,946.0,989.0,989.0,
34.0,69.0,79.0,130.0,151.0,152.0,182.0,214.0,241.0,312.0,314.0,322.0,364.0,398.0,436.0,447.0,466.0,517.0,519.0,534.0,537.0,540.0,549.0,550.0,558.0,567.0,569.0,575.0,588.0,598.0,614.0,618.0,630.0,632.0,635.0,640.0,646.0,649.0,649.0,658.0,658.0,661.0,702.0,719.0,734.0,750.0,786.0,795.0,801.0,825.0,834.0,835.0,872.0,873.0,893.0,914.0,919.0,923.0,935.0,935.0,948.0,995.0,
17.0,80.0,158.0,249.0,260.0,291.0,302.0,303.0,330.0,333.0,342.0,466.0,516.0,519.0,521.0,527.0,532.0,533.0,538.0,544.0,545.0,551.0,552.0,554.0,560.0,568.0,569.0,577.0,587.0,599.0,604.0,614.0,619.0,623.0,630.0,632.0,633.0,634.0,653.0,657.0,662.0,665.0,668.0,670.0,671.0,683.0,690.0,692.0,695.0,698.0,721.0,724.0,748.0,756.0,776.0,810.0,815.0,840.0,846.0,858.0,868.0,870.0,885.0,891.0,934.0,940.0,961.0,965.0,965.0,982.0,991.0,993.0,
16.0,28.0,58.0,73.0,121.0,160.0,210.0,235.0,259.0,327.0,393.0,408.0,413.0,468.0,515.0,535.0,535.0,543.0,548.0,549.0,551.0,555.0,558.0,560.0,585.0,600.0,621.0,622.0,630.0,632.0,636.0,640.0,644.0,657.0,659.0,669.0,670.0,686.0,693.0,703.0,731.0,743.0,765.0,766.0,781.0,783.0,791.0,808.0,826.0,830.0,854.0,855.0,855.0,934.0,945.0,952.0,955.0,955.0,983.0,983.0,993.0,
26.0,30.0,40.0,46.0,105.0,105.0,141.0,142.0,165.0,209.0,217.0,254.0,311.0,384.0,407.0,446.0,452.0,460.0,509.0,521.0,526.0,529.0,544.0,552.0,555.0,557.0,585.0,599.0,615.0,619.0,661.0,663.0,695.0,704.0,773.0,806.0,852.0,890.0,899.0,902.0,917.0,923.0,925.0,965.0,1000.0,
97.0,99.0,132.0,179.0,249.0,396.0,420.0,421.0,425.0,427.0,455.0,455.0,482.0,526.0,550.0,561.0,563.0,589.0,589.0,592.0,593.0,614.0,617.0,686.0,692.0,708.0,713.0,728.0,800.0,826.0,864.0,
55.0,106.0,126.0,151.0,235.0,263.0,273.0,283.0,326.0,334.0,338.0,348.0,381.0,387.0,394.0,406.0,429.0,553.0,573.0,587.0,645.0,678.0,732.0,737.0,745.0,772.0,784.0,887.0,889.0,898.0,922.0,958.0,991.0,
60.0,62.0,72.0,120.0,130.0,130.0,152.0,160.0,206.0,216.0,261.0,294.0,316.0,321.0,329.0,341.0,359.0,376.0,378.0,437.0,447.0,447.0,455.0,536.0,552.0,612.0,678.0,681.0,689.0,693.0,707.0,732.0,732.0,766.0,798.0,801.0,819.0,894.0,926.0,984.0,992.0,
21.0,55.0,122.0,138.0,139.0,162.0,188.0,191.0,274.0,277.0,280.0,332.0,349.0,355.0,373.0,426.0,466.0,466.0,485.0,496.0,554.0,561.0,564.0,564.0,623.0,634.0,648.0,701.0,724.0,742.0,749.0,767.0,823.0,834.0,859.0,951.0,961.0,970.0,980.0,
94.0,95.0,95.0,176.0,186.0,268.0,301.0,323.0,332.0,341.0,381.0,388.0,395.0,397.0,398.0,453.0,468.0,476.0,503.0,520.0,523.0,524.0,542.0,550.0,555.0,572.0,574.0,577.0,585.0,620.0,626.0,629.0,636.0,650.0,652.0,655.0,659.0,661.0,706.0,764.0,783.0,786.0,807.0,814.0,820.0,822.0,825.0,834.0,858.0,858.0,876.0,879.0,890.0,908.0,911.0,913.0,979.0,
8.0,41.0,58.0,65.0,78.0,110.0,188.0,241.0,254.0,277.0,285.0,294.0,298.0,349.0,419.0,422.0,436.0,454.0,465.0,517.0,519.0,521.0,529.0,534.0,536.0,541.0,546.0,547.0,552.0,556.0,557.0,557.0,561.0,562.0,563.0,569.0,570.0,572.0,575.0,576.0,579.0,607.0,623.0,630.0,635.0,636.0,637.0,645.0,646.0,650.0,652.0,664.0,674.0,684.0,686.0,690.0,700.0,759.0,780.0,787.0,794.0,796.0,817.0,832.0,833.0,846.0,859.0,867.0,877.0,889.0,895.0,899.0,918.0,922.0,923.0,926.0,938.0,954.0,977.0,991.0,993.0,994.0,
25.0,122.0,140.0,187.0,189.0,267.0,410.0,420.0,426.0,463.0,519.0,523.0,530.0,531.0,541.0,547.0,549.0,557.0,562.0,562.0,563.0,566.0,570.0,591.0,600.0,600.0,612.0,612.0,616.0,619.0,622.0,627.0,634.0,638.0,642.0,679.0,701.0,710.0,733.0,755.0,772.0,812.0,825.0,850.0,862.0,874.0,876.0,878.0,891.0,913.0,942.0,949.0,961.0,969.0,991.0,
91.0,108.0,120.0,135.0,179.0,210.0,224.0,226.0,242.0,243.0,302.0,313.0,330.0,353.0,385.0,402.0,407.0,459.0,472.0,482.0,492.0,498.0,518.0,518.0,520.0,525.0,526.0,533.0,544.0,545.0,546.0,554.0,561.0,562.0,574.0,575.0,596.0,597.0,609.0,616.0,616.0,627.0,639.0,641.0,644.0,652.0,682.0,703.0,718.0,721.0,722.0,728.0,732.0,747.0,749.0,756.0,769.0,796.0,824.0,825.0,826.0,844.0,858.0,866.0,878.0,888.0,894.0,904.0,908.0,930.0,952.0,
44.0,71.0,83.0,109.0,260.0,272.0,308.0,326.0,341.0,424.0,431.0,440.0,449.0,471.0,475.0,507.0,512.0,522.0,528.0,535.0,538.0,541.0,542.0,555.0,572.0,578.0,582.0,584.0,593.0,602.0,609.0,647.0,649.0,652.0,655.0,669.0,680.0,703.0,709.0,720.0,774.0,796.0,812.0,814.0,818.0,840.0,891.0,909.0,918.0,928.0,946.0,970.0,988.0,
10.0,51.0,56.0,101.0,171.0,182.0,185.0,205.0,246.0,307.0,328.0,349.0,393.0,394.0,406.0,417.0,425.0,478.0,495.0,524.0,527.0,530.0,531.0,539.0,546.0,549.0,549.0,551.0,552.0,554.0,566.0,567.0,568.0,582.0,588.0,589.0,592.0,594.0,599.0,600.0,600.0,608.0,614.0,618.0,619.0,625.0,636.0,639.0,640.0,644.0,650.0,651.0,658.0,660.0,681.0,710.0,724.0,727.0,733.0,766.0,772.0,774.0,779.0,794.0,824.0,825.0,825.0,837.0,843.0,850.0,855.0,863.0,879.0,880.0,889.0,900.0,905.0,919.0,921.0,955.0,971.0,978.0,
6.0,11.0,39.0,62.0,66.0,68.0,84.0,102.0,111.0,164.0,168.0,174.0,195.0,210.0,265.0,275.0,298.0,300.0,308.0,364.0,396.0,399.0,415.0,438.0,454.0,470.0,515.0,519.0,527.0,535.0,553.0,591.0,592.0,603.0,606.0,606.0,612.0,632.0,647.0,655.0,664.0,666.0,669.0,670.0,676.0,728.0,731.0,763.0,768.0,773.0,806.0,821.0,825.0,831.0,845.0,852.0,884.0,899.0,904.0,959.0,997.0,999.0,
2.0,22.0,31.0,53.0,57.0,81.0,84.0,142.0,173.0,201.0,209.0,213.0,264.0,319.0,351.0,382.0,386.0,523.0,530.0,530.0,573.0,609.0,627.0,642.0,655.0,657.0,689.0,693.0,761.0,799.0,874.0,911.0,938.0,975.0,998.0,
13.0,34.0,93.0,102.0,180.0,191.0,197.0,200.0,235.0,240.0,263.0,266.0,377.0,377.0,387.0,402.0,427.0,463.0,556.0,560.0,585.0,588.0,635.0,747.0,767.0,780.0,827.0,913.0,957.0,987.0,994.0,
27.0,37.0,48.0,59.0,84.0,122.0,136.0,154.0,181.0,198.0,211.0,229.0,236.0,261.0,318.0,337.0,416.0,425.0,435.0,461.0,474.0,512.0,538.0,544.0,544.0,551.0,557.0,583.0,588.0,600.0,605.0,608.0,611.0,633.0,641.0,652.0,674.0,675.0,682.0,717.0,723.0,725.0,761.0,783.0,792.0,837.0,844.0,864.0,889.0,897.0,926.0,949.0,959.0,983.0,
5.0,13.0,57.0,72.0,101.0,112.0,153.0,157.0,202.0,222.0,226.0,231.0,263.0,313.0,370.0,378.0,384.0,388.0,414.0,432.0,462.0,474.0,495.0,507.0,516.0,521.0,533.0,538.0,538.0,543.0,544.0,546.0,555.0,559.0,567.0,567.0,567.0,571.0,571.0,586.0,591.0,593.0,609.0,621.0,623.0,627.0,635.0,638.0,639.0,643.0,650.0,654.0,683.0,684.0,697.0,718.0,721.0,748.0,750.0,754.0,759.0,779.0,794.0,843.0,846.0,852.0,857.0,879.0,883.0,898.0,904.0,905.0,950.0,969.0,996.0,
44.0,59.0,76.0,128.0,139.0,174.0,188.0,227.0,257.0,257.0,264.0,331.0,385.0,405.0,417.0,465.0,494.0,525.0,529.0,548.0,548.0,549.0,550.0,551.0,553.0,555.0,565.0,570.0,586.0,594.0,595.0,597.0,616.0,620.0,623.0,624.0,632.0,655.0,664.0,673.0,688.0,691.0,695.0,701.0,702.0,717.0,723.0,728.0,743.0,745.0,753.0,762.0,768.0,773.0,831.0,859.0,865.0,868.0,903.0,929.0,931.0,980.0,1000.0,
23.0,41.0,44.0,48.0,54.0,125.0,140.0,150.0,228.0,249.0,255.0,317.0,340.0,349.0,354.0,356.0,360.0,362.0,381.0,392.0,403.0,411.0,452.0,491.0,504.0,511.0,518.0,520.0,521.0,526.0,535.0,550.0,558.0,561.0,567.0,570.0,570.0,584.0,589.0,591.0,631.0,638.0,729.0,734.0,766.0,781.0,800.0,837.0,839.0,908.0,937.0,978.0,987.0,
45.0,100.0,101.0,170.0,174.0,199.0,247.0,269.0,285.0,399.0,472.0,473.0,516.0,521.0,524.0,528.0,531.0,534.0,536.0,542.0,543.0,544.0,545.0,547.0,548.0,549.0,555.0,557.0,563.0,565.0,576.0,607.0,626.0,636.0,647.0,672.0,672.0,674.0,680.0,683.0,729.0,737.0,741.0,786.0,792.0,796.0,821.0,834.0,844.0,855.0,864.0,866.0,887.0,915.0,935.0,950.0,951.0,978.0,978.0,989.0,
25.0,25.0,35.0,36.0,39.0,71.0,72.0,172.0,177.0,247.0,289.0,318.0,397.0,446.0,452.0,471.0,485.0,520.0,521.0,522.0,522.0,530.0,532.0,533.0,549.0,563.0,565.0,569.0,570.0,574.0,579.0,598.0,607.0,648.0,657.0,661.0,716.0,768.0,807.0,833.0,841.0,854.0,860.0,885.0,901.0,932.0,946.0,969.0,971.0,
22.0,66.0,72.0,211.0,276.0,304.0,375.0,395.0,434.0,445.0,462.0,500.0,511.0,523.0,527.0,534.0,535.0,542.0,546.0,555.0,569.0,599.0,608.0,618.0,623.0,644.0,645.0,667.0,685.0,698.0,701.0,720.0,733.0,735.0,746.0,771.0,790.0,792.0,802.0,812.0,826.0,826.0,860.0,863.0,870.0,877.0,884.0,889.0,897.0,909.0,924.0,934.0,938.0,952.0,990.0,
3.0,8.0,20.0,42.0,46.0,47.0,80.0,81.0,86.0,106.0,160.0,177.0,212.0,214.0,221.0,256.0,260.0,262.0,276.0,321.0,358.0,362.0,364.0,383.0,392.0,403.0,437.0,447.0,487.0,488.0,511.0,512.0,513.0,517.0,517.0,522.0,524.0,540.0,541.0,541.0,543.0,547.0,548.0,549.0,550.0,558.0,562.0,576.0,578.0,582.0,599.0,606.0,607.0,608.0,621.0,634.0,657.0,664.0,678.0,683.0,692.0,700.0,726.0,729.0,733.0,735.0,742.0,776.0,803.0,820.0,821.0,836.0,844.0,849.0,860.0,874.0,888.0,910.0,921.0,932.0,940.0,950.0,955.0,989.0,992.0,
9.0,15.0,218.0,242.0,264.0,343.0,392.0,484.0,491.0,514.0,517.0,525.0,576.0,602.0,605.0,610.0,612.0,625.0,654.0,670.0,673.0,705.0,707.0,712.0,752.0,761.0,764.0,796.0,816.0,817.0,820.0,840.0,854.0,881.0,894.0,907.0,938.0,940.0,
32.0,42.0,79.0,93.0,108.0,136.0,146.0,172.0,175.0,193.0,205.0,213.0,222.0,306.0,386.0,390.0,404.0,412.0,415.0,430.0,469.0,487.0,491.0,507.0,510.0,512.0,525.0,598.0,613.0,718.0,787.0,791.0,898.0,905.0,930.0,934.0,
21.0,38.0,48.0,93.0,110.0,156.0,162.0,187.0,207.0,207.0,251.0,284.0,331.0,379.0,401.0,423.0,434.0,515.0,527.0,529.0,537.0,550.0,550.0,561.0,566.0,572.0,573.0,584.0,602.0,611.0,615.0,618.0,629.0,646.0,663.0,667.0,687.0,688.0,688.0,693.0,703.0,706.0,727.0,743.0,755.0,782.0,785.0,789.0,792.0,795.0,803.0,823.0,825.0,879.0,892.0,907.0,913.0,951.0,957.0,969.0,
18.0,25.0,52.0,77.0,83.0,158.0,203.0,211.0,219.0,219.0,255.0,267.0,326.0,348.0,363.0,369.0,373.0,410.0,419.0,465.0,499.0,506.0,522.0,522.0,526.0,527.0,536.0,539.0,544.0,546.0,562.0,563.0,567.0,573.0,574.0,574.0,579.0,581.0,584.0,589.0,597.0,621.0,631.0,656.0,661.0,671.0,684.0,687.0,687.0,710.0,710.0,712.0,715.0,716.0,719.0,722.0,725.0,742.0,752.0,764.0,778.0,789.0,821.0,830.0,843.0,878.0,885.0,907.0,908.0,957.0,983.0,
29.0,70.0,163.0,225.0,229.0,239.0,246.0,260.0,288.0,347.0,373.0,379.0,392.0,406.0,431.0,458.0,472.0,478.0,480.0,527.0,532.0,538.0,542.0,555.0,557.0,561.0,574.0,581.0,582.0,600.0,611.0,612.0,621.0,623.0,639.0,641.0,647.0,653.0,658.0,659.0,663.0,665.0,689.0,698.0,702.0,710.0,731.0,756.0,796.0,802.0,807.0,831.0,834.0,849.0,851.0,857.0,869.0,929.0,936.0,995.0,
20.0,54.0,56.0,91.0,139.0,149.0,167.0,177.0,179.0,204.0,239.0,263.0,330.0,398.0,409.0,451.0,467.0,483.0,511.0,516.0,519.0,522.0,527.0,528.0,532.0,534.0,546.0,555.0,555.0,560.0,560.0,560.0,561.0,577.0,577.0,579.0,583.0,584.0,590.0,599.0,614.0,646.0,664.0,692.0,716.0,720.0,725.0,725.0,748.0,763.0,771.0,790.0,800.0,823.0,824.0,831.0,841.0,848.0,868.0,878.0,882.0,890.0,916.0,922.0,925.0,939.0,954.0,955.0,962.0,999.0,
4.0,78.0,81.0,94.0,130.0,145.0,180.0,188.0,250.0,258.0,261.0,267.0,370.0,390.0,436.0,438.0,472.0,477.0,516.0,517.0,519.0,534.0,543.0,546.0,552.0,561.0,567.0,568.0,593.0,600.0,614.0,628.0,651.0,652.0,663.0,671.0,688.0,717.0,717.0,735.0,779.0,814.0,822.0,825.0,852.0,853.0,874.0,889.0,895.0,943.0,959.0,969.0,972.0,973.0,979.0,983.0,989.0,
80.0,83.0,93.0,157.0,170.0,209.0,238.0,310.0,324.0,337.0,361.0,425.0,449.0,454.0,456.0,463.0,468.0,496.0,500.0,512.0,520.0,522.0,523.0,524.0,525.0,525.0,531.0,539.0,539.0,540.0,544.0,559.0,560.0,560.0,560.0,566.0,579.0,580.0,587.0,590.0,593.0,605.0,605.0,606.0,617.0,620.0,647.0,653.0,664.0,694.0,704.0,705.0,706.0,722.0,728.0,730.0,788.0,789.0,797.0,831.0,840.0,909.0,915.0,915.0,921.0,929.0,942.0,976.0,997.0,998.0,999.0,
2.0,10.0,100.0,109.0,144.0,149.0,167.0,225.0,226.0,276.0,334.0,344.0,373.0,443.0,446.0,463.0,522.0,522.0,534.0,537.0,540.0,541.0,545.0,550.0,552.0,553.0,560.0,562.0,570.0,573.0,578.0,590.0,591.0,593.0,605.0,611.0,627.0,640.0,648.0,671.0,679.0,683.0,688.0,698.0,699.0,706.0,710.0,718.0,722.0,726.0,734.0,751.0,775.0,781.0,797.0,797.0,813.0,819.0,833.0,840.0,844.0,846.0,857.0,868.0,875.0,890.0,945.0,971.0,972.0,
3.0,22.0,85.0,86.0,115.0,146.0,149.0,159.0,244.0,277.0,356.0,428.0,437.0,522.0,524.0,530.0,530.0,531.0,538.0,542.0,543.0,550.0,552.0,553.0,569.0,572.0,574.0,583.0,585.0,586.0,606.0,611.0,615.0,618.0,642.0,645.0,650.0,651.0,678.0,708.0,714.0,730.0,741.0,758.0,765.0,768.0,770.0,780.0,784.0,808.0,815.0,821.0,826.0,834.0,852.0,857.0,879.0,883.0,884.0,889.0,889.0,904.0,932.0,936.0,940.0,969.0,987.0,997.0,
4.0,8.0,44.0,52.0,143.0,159.0,279.0,279.0,351.0,393.0,412.0,436.0,501.0,513.0,516.0,520.0,527.0,528.0,530.0,532.0,539.0,543.0,544.0,548.0,553.0,557.0,574.0,580.0,595.0,599.0,602.0,603.0,604.0,607.0,610.0,616.0,629.0,648.0,658.0,666.0,680.0,682.0,683.0,699.0,702.0,709.0,727.0,744.0,749.0,769.0,789.0,797.0,835.0,841.0,841.0,867.0,874.0,876.0,897.0,897.0,913.0,914.0,918.0,930.0,954.0,977.0,979.0,997.0,
24.0,91.0,133.0,214.0,281.0,290.0,311.0,357.0,377.0,385.0,388.0,417.0,433.0,433.0,475.0,504.0,523.0,528.0,536.0,538.0,547.0,559.0,568.0,618.0,730.0,846.0,876.0,936.0,937.0,945.0,991.0,
4.0,23.0,61.0,78.0,121.0,140.0,160.0,175.0,278.0,307.0,321.0,407.0,418.0,423.0,426.0,450.0,503.0,506.0,514.0,529.0,530.0,533.0,541.0,542.0,545.0,547.0,557.0,558.0,561.0,571.0,582.0,589.0,591.0,604.0,611.0,634.0,639.0,647.0,653.0,659.0,660.0,688.0,705.0,712.0,721.0,721.0,725.0,731.0,764.0,777.0,790.0,791.0,800.0,806.0,810.0,819.0,826.0,863.0,865.0,891.0,901.0,933.0,936.0,939.0,953.0,958.0,964.0,973.0,990.0,994.0,
4.0,10.0,42.0,42.0,42.0,48.0,74.0,86.0,119.0,130.0,158.0,168.0,196.0,222.0,240.0,300.0,300.0,301.0,325.0,335.0,340.0,374.0,375.0,384.0,399.0,403.0,419.0,424.0,477.0,482.0,485.0,501.0,509.0,518.0,534.0,540.0,540.0,542.0,558.0,562.0,577.0,578.0,587.0,592.0,592.0,598.0,598.0,609.0,612.0,613.0,621.0,622.0,633.0,641.0,642.0,657.0,667.0,696.0,698.0,699.0,713.0,753.0,770.0,809.0,865.0,873.0,897.0,903.0,912.0,916.0,960.0,1000.0,
116.0,130.0,147.0,163.0,170.0,192.0,201.0,202.0,218.0,221.0,243.0,256.0,274.0,282.0,317.0,325.0,328.0,338.0,384.0,438.0,443.0,454.0,485.0,531.0,535.0,535.0,546.0,547.0,556.0,564.0,566.0,566.0,571.0,574.0,579.0,581.0,582.0,593.0,594.0,596.0,607.0,609.0,613.0,630.0,644.0,646.0,650.0,656.0,691.0,703.0,721.0,726.0,734.0,782.0,786.0,799.0,818.0,833.0,834.0,841.0,873.0,877.0,887.0,916.0,929.0,937.0,950.0,967.0,983.0,
25.0,41.0,44.0,86.0,129.0,171.0,203.0,230.0,231.0,233.0,234.0,246.0,281.0,299.0,307.0,325.0,339.0,377.0,394.0,405.0,447.0,450.0,463.0,492.0,501.0,517.0,517.0,519.0,545.0,547.0,549.0,552.0,556.0,561.0,562.0,564.0,570.0,573.0,582.0,599.0,606.0,622.0,626.0,642.0,648.0,655.0,680.0,704.0,774.0,775.0,795.0,844.0,861.0,877.0,893.0,919.0,943.0,952.0,961.0,962.0,974.0,996.0,
5.0,15.0,15.0,36.0,75.0,86.0,86.0,123.0,125.0,137.0,182.0,183.0,206.0,262.0,313.0,368.0,382.0,386.0,412.0,413.0,419.0,425.0,434.0,435.0,476.0,476.0,501.0,503.0,534.0,537.0,540.0,545.0,568.0,573.0,575.0,576.0,588.0,593.0,595.0,605.0,608.0,612.0,613.0,634.0,643.0,645.0,671.0,680.0,683.0,710.0,720.0,735.0,754.0,780.0,807.0,822.0,828.0,835.0,844.0,858.0,864.0,872.0,890.0,895.0,912.0,918.0,919.0,934.0,934.0,950.0,961.0,969.0,978.0,995.0,
37.0,41.0,44.0,44.0,110.0,115.0,163.0,178.0,185.0,242.0,248.0,252.0,279.0,342.0,353.0,354.0,358.0,383.0,387.0,403.0,446.0,460.0,518.0,522.0,522.0,526.0,531.0,535.0,536.0,537.0,538.0,548.0,548.0,550.0,555.0,555.0,560.0,565.0,570.0,574.0,575.0,588.0,614.0,627.0,629.0,639.0,640.0,648.0,650.0,651.0,666.0,683.0,693.0,710.0,713.0,719.0,720.0,722.0,727.0,752.0,755.0,762.0,768.0,771.0,826.0,846.0,852.0,888.0,900.0,909.0,961.0,962.0,966.0,969.0,971.0,999.0,
36.0,40.0,57.0,165.0,187.0,196.0,214.0,242.0,247.0,281.0,283.0,325.0,385.0,452.0,452.0,513.0,523.0,528.0,530.0,532.0,535.0,536.0,555.0,557.0,564.0,571.0,574.0,575.0,579.0,605.0,611.0,617.0,620.0,622.0,627.0,647.0,652.0,656.0,660.0,668.0,681.0,684.0,687.0,692.0,701.0,704.0,714.0,742.0,745.0,775.0,783.0,797.0,802.0,810.0,824.0,839.0,851.0,860.0,868.0,884.0,888.0,900.0,913.0,915.0,918.0,927.0,941.0,961.0,971.0,976.0,984.0,984.0,986.0,993.0,
15.0,46.0,47.0,107.0,132.0,147.0,174.0,182.0,241.0,245.0,256.0,275.0,277.0,283.0,294.0,364.0,448.0,472.0,487.0,526.0,528.0,529.0,534.0,537.0,541.0,549.0,549.0,550.0,553.0,555.0,556.0,557.0,558.0,561.0,562.0,564.0,578.0,585.0,598.0,604.0,607.0,613.0,619.0,620.0,622.0,630.0,630.0,632.0,635.0,639.0,653.0,655.0,663.0,670.0,682.0,690.0,711.0,740.0,741.0,747.0,747.0,773.0,786.0,826.0,871.0,884.0,900.0,901.0,935.0,936.0,947.0,965.0,
2.0,128.0,152.0,155.0,201.0,225.0,225.0,244.0,269.0,308.0,375.0,403.0,405.0,428.0,431.0,457.0,492.0,496.0,520.0,520.0,526.0,529.0,535.0,541.0,543.0,552.0,552.0,557.0,570.0,572.0,574.0,582.0,590.0,603.0,603.0,615.0,615.0,620.0,623.0,626.0,638.0,641.0,648.0,648.0,648.0,680.0,684.0,685.0,691.0,698.0,704.0,708.0,748.0,748.0,754.0,754.0,759.0,762.0,769.0,773.0,775.0,788.0,821.0,875.0,903.0,912.0,936.0,942.0,948.0,961.0,971.0,
5.0,7.0,9.0,18.0,26.0,61.0,66.0,74.0,90.0,109.0,145.0,145.0,148.0,177.0,230.0,281.0,314.0,315.0,358.0,363.0,405.0,413.0,470.0,517.0,536.0,552.0,558.0,597.0,622.0,624.0,656.0,697.0,742.0,805.0,829.0,870.0,879.0,954.0,973.0,983.0,998.0,
17.0,29.0,31.0,55.0,67.0,119.0,128.0,131.0,131.0,148.0,155.0,163.0,169.0,224.0,254.0,255.0,259.0,265.0,267.0,274.0,312.0,326.0,333.0,341.0,368.0,372.0,400.0,416.0,421.0,440.0,442.0,476.0,524.0,525.0,534.0,540.0,542.0,545.0,550.0,565.0,570.0,572.0,581.0,588.0,602.0,618.0,630.0,639.0,642.0,650.0,655.0,660.0,670.0,684.0,685.0,704.0,719.0,728.0,745.0,765.0,787.0,793.0,808.0,812.0,826.0,829.0,853.0,856.0,914.0,945.0,969.0,978.0,986.0,
20.0,34.0,115.0,121.0,146.0,156.0,175.0,183.0,254.0,297.0,316.0,336.0,345.0,391.0,488.0,499.0,507.0,523.0,527.0,531.0,534.0,542.0,545.0,557.0,568.0,573.0,575.0,578.0,580.0,583.0,583.0,584.0,600.0,603.0,607.0,609.0,622.0,627.0,629.0,636.0,681.0,683.0,693.0,705.0,713.0,733.0,735.0,743.0,796.0,805.0,815.0,835.0,838.0,840.0,920.0,923.0,925.0,975.0,987.0,
8.0,16.0,28.0,39.0,71.0,79.0,81.0,85.0,156.0,158.0,258.0,267.0,269.0,321.0,353.0,358.0,364.0,452.0,481.0,494.0,506.0,524.0,529.0,530.0,535.0,539.0,540.0,542.0,543.0,556.0,557.0,557.0,558.0,561.0,561.0,562.0,583.0,585.0,593.0,602.0,611.0,620.0,639.0,643.0,644.0,656.0,688.0,690.0,695.0,722.0,739.0,754.0,856.0,859.0,860.0,862.0,890.0,898.0,900.0,932.0,934.0,959.0,989.0,
15.0,15.0,16.0,53.0,83.0,93.0,115.0,192.0,210.0,293.0,294.0,302.0,345.0,401.0,431.0,445.0,446.0,505.0,524.0,532.0,533.0,536.0,541.0,549.0,550.0,557.0,561.0,563.0,578.0,580.0,584.0,585.0,588.0,605.0,621.0,632.0,635.0,669.0,671.0,694.0,725.0,731.0,733.0,759.0,781.0,799.0,840.0,882.0,892.0,926.0,943.0,960.0,965.0,982.0,993.0,
23.0,88.0,114.0,175.0,197.0,198.0,211.0,232.0,305.0,338.0,395.0,406.0,429.0,461.0,472.0,495.0,512.0,522.0,526.0,529.0,530.0,530.0,539.0,553.0,554.0,554.0,557.0,558.0,567.0,570.0,577.0,588.0,600.0,611.0,617.0,618.0,711.0,719.0,723.0,729.0,744.0,779.0,781.0,802.0,808.0,850.0,864.0,941.0,947.0,950.0,
16.0,19.0,77.0,123.0,165.0,172.0,201.0,203.0,280.0,282.0,288.0,326.0,336.0,420.0,420.0,429.0,430.0,453.0,477.0,511.0,518.0,524.0,528.0,529.0,533.0,537.0,545.0,550.0,554.0,556.0,559.0,559.0,564.0,564.0,565.0,570.0,588.0,594.0,602.0,614.0,616.0,618.0,630.0,635.0,654.0,658.0,668.0,678.0,687.0,691.0,706.0,719.0,728.0,756.0,762.0,770.0,821.0,831.0,894.0,897.0,907.0,910.0,911.0,926.0,944.0,956.0,985.0,
20.0,24.0,148.0,195.0,270.0,290.0,296.0,318.0,324.0,436.0,441.0,476.0,482.0,523.0,525.0,529.0,529.0,534.0,548.0,549.0,552.0,556.0,559.0,559.0,566.0,602.0,606.0,608.0,620.0,624.0,652.0,681.0,691.0,706.0,716.0,730.0,745.0,760.0,766.0,776.0,785.0,808.0,811.0,890.0,950.0,955.0,958.0,964.0,973.0,
16.0,42.0,57.0,62.0,112.0,136.0,148.0,149.0,174.0,205.0,249.0,251.0,307.0,319.0,453.0,466.0,486.0,515.0,522.0,529.0,538.0,542.0,548.0,549.0,550.0,550.0,553.0,561.0,567.0,568.0,570.0,570.0,575.0,577.0,583.0,585.0,588.0,589.0,589.0,614.0,615.0,617.0,621.0,625.0,630.0,650.0,651.0,654.0,671.0,672.0,701.0,707.0,709.0,710.0,725.0,736.0,741.0,764.0,774.0,814.0,816.0,821.0,824.0,831.0,850.0,876.0,890.0,894.0,906.0,974.0,
25.0,173.0,176.0,191.0,221.0,226.0,230.0,272.0,321.0,357.0,361.0,370.0,422.0,445.0,472.0,524.0,527.0,541.0,542.0,543.0,546.0,549.0,556.0,560.0,570.0,571.0,574.0,583.0,587.0,594.0,597.0,608.0,621.0,621.0,625.0,636.0,660.0,667.0,668.0,676.0,689.0,691.0,694.0,727.0,730.0,734.0,742.0,762.0,768.0,768.0,769.0,774.0,783.0,785.0,788.0,813.0,866.0,877.0,877.0,883.0,897.0,925.0,941.0,967.0,968.0,993.0,995.0,
5.0,34.0,39.0,59.0,61.0,83.0,155.0,170.0,209.0,230.0,300.0,348.0,395.0,396.0,430.0,438.0,481.0,511.0,527.0,658.0,706.0,792.0,838.0,868.0,893.0,912.0,920.0,938.0,938.0,985.0,
146.0,170.0,220.0,259.0,325.0,339.0,351.0,396.0,405.0,460.0,463.0,483.0,485.0,512.0,518.0,535.0,539.0,547.0,556.0,562.0,562.0,590.0,592.0,623.0,661.0,677.0,689.0,795.0,810.0,838.0,881.0,887.0,921.0,925.0,953.0,994.0,996.0,
7.0,34.0,49.0,91.0,120.0,123.0,190.0,210.0,297.0,341.0,345.0,400.0,443.0,449.0,487.0,507.0,509.0,520.0,526.0,539.0,540.0,544.0,544.0,544.0,559.0,560.0,563.0,567.0,590.0,591.0,595.0,599.0,600.0,602.0,616.0,616.0,624.0,627.0,628.0,631.0,633.0,645.0,663.0,668.0,680.0,716.0,727.0,733.0,754.0,754.0,792.0,811.0,828.0,844.0,857.0,858.0,900.0,917.0,926.0,962.0,973.0,985.0,
41.0,46.0,58.0,137.0,146.0,153.0,185.0,218.0,250.0,327.0,352.0,402.0,421.0,439.0,476.0,483.0,521.0,525.0,527.0,531.0,532.0,532.0,534.0,539.0,543.0,545.0,546.0,556.0,560.0,564.0,573.0,573.0,590.0,595.0,596.0,596.0,598.0,599.0,612.0,614.0,616.0,619.0,629.0,631.0,654.0,654.0,661.0,676.0,679.0,686.0,697.0,727.0,768.0,768.0,806.0,863.0,885.0,890.0,893.0,918.0,938.0,950.0,953.0,998.0,
26.0,29.0,51.0,51.0,57.0,83.0,97.0,113.0,136.0,153.0,283.0,316.0,337.0,350.0,425.0,428.0,448.0,472.0,507.0,510.0,515.0,517.0,525.0,526.0,528.0,534.0,542.0,557.0,573.0,580.0,582.0,595.0,613.0,616.0,618.0,625.0,631.0,647.0,667.0,676.0,681.0,687.0,694.0,739.0,740.0,750.0,770.0,812.0,828.0,843.0,849.0,902.0,938.0,983.0,
11.0,38.0,67.0,79.0,156.0,183.0,199.0,204.0,229.0,273.0,301.0,418.0,429.0,431.0,457.0,476.0,479.0,511.0,530.0,546.0,550.0,557.0,558.0,564.0,588.0,592.0,605.0,626.0,628.0,646.0,646.0,653.0,676.0,682.0,726.0,736.0,740.0,748.0,777.0,782.0,816.0,840.0,849.0,906.0,908.0,917.0,917.0,925.0,927.0,930.0,938.0,956.0,957.0,970.0,979.0,
123.0,152.0,199.0,224.0,227.0,236.0,240.0,248.0,263.0,290.0,326.0,359.0,364.0,377.0,399.0,419.0,447.0,454.0,512.0,522.0,527.0,527.0,531.0,532.0,547.0,551.0,562.0,572.0,574.0,576.0,588.0,592.0,592.0,594.0,596.0,610.0,620.0,621.0,633.0,643.0,648.0,658.0,674.0,685.0,695.0,704.0,710.0,715.0,733.0,739.0,740.0,751.0,752.0,752.0,764.0,779.0,798.0,802.0,827.0,837.0,846.0,872.0,874.0,884.0,923.0,930.0,932.0,939.0,940.0,995.0,
4.0,32.0,60.0,65.0,127.0,149.0,170.0,209.0,281.0,302.0,320.0,341.0,387.0,451.0,495.0,513.0,522.0,531.0,541.0,542.0,543.0,551.0,554.0,555.0,556.0,567.0,575.0,582.0,583.0,586.0,586.0,628.0,648.0,655.0,664.0,675.0,741.0,741.0,744.0,763.0,806.0,839.0,851.0,859.0,867.0,869.0,871.0,876.0,876.0,909.0,913.0,914.0,920.0,922.0,959.0,976.0,980.0,
50.0,61.0,63.0,87.0,142.0,160.0,167.0,187.0,188.0,204.0,216.0,225.0,256.0,263.0,274.0,282.0,312.0,331.0,357.0,383.0,452.0,473.0,516.0,520.0,521.0,528.0,528.0,529.0,538.0,540.0,541.0,542.0,544.0,552.0,556.0,561.0,563.0,579.0,579.0,584.0,586.0,590.0,606.0,614.0,615.0,639.0,643.0,644.0,646.0,651.0,661.0,711.0,725.0,725.0,734.0,741.0,746.0,749.0,757.0,762.0,764.0,781.0,782.0,823.0,860.0,880.0,883.0,885.0,886.0,901.0,902.0,908.0,922.0,936.0,950.0,981.0,989.0,991.0,
24.0,51.0,137.0,196.0,197.0,253.0,260.0,265.0,324.0,334.0,394.0,427.0,433.0,449.0,459.0,467.0,534.0,550.0,555.0,557.0,558.0,560.0,576.0,589.0,599.0,615.0,647.0,648.0,669.0,669.0,675.0,675.0,675.0,710.0,725.0,730.0,755.0,755.0,772.0,784.0,784.0,819.0,878.0,891.0,912.0,965.0,997.0,
25.0,32.0,93.0,111.0,137.0,142.0,235.0,313.0,331.0,336.0,386.0,418.0,466.0,507.0,539.0,550.0,601.0,625.0,642.0,648.0,673.0,683.0,740.0,746.0,754.0,766.0,803.0,912.0,981.0,
3.0,8.0,26.0,48.0,59.0,104.0,109.0,124.0,140.0,151.0,154.0,189.0,189.0,233.0,245.0,274.0,305.0,321.0,356.0,383.0,407.0,473.0,571.0,580.0,594.0,635.0,808.0,849.0,852.0,938.0,967.0,996.0,999.0,
3.0,27.0,32.0,34.0,99.0,129.0,137.0,161.0,190.0,214.0,232.0,244.0,262.0,286.0,294.0,299.0,316.0,329.0,336.0,352.0,363.0,381.0,393.0,402.0,436.0,514.0,517.0,525.0,536.0,539.0,542.0,549.0,553.0,557.0,559.0,560.0,565.0,565.0,579.0,583.0,594.0,595.0,596.0,598.0,616.0,624.0,624.0,635.0,641.0,645.0,667.0,680.0,694.0,698.0,712.0,753.0,790.0,824.0,829.0,848.0,853.0,863.0,864.0,870.0,885.0,893.0,899.0,902.0,915.0,949.0,960.0,960.0,967.0,969.0,975.0,976.0,
43.0,69.0,146.0,147.0,205.0,206.0,216.0,277.0,289.0,297.0,304.0,367.0,388.0,440.0,457.0,481.0,509.0,520.0,541.0,543.0,547.0,548.0,554.0,556.0,559.0,569.0,571.0,577.0,578.0,579.0,585.0,588.0,592.0,592.0,593.0,602.0,607.0,609.0,611.0,611.0,635.0,650.0,662.0,669.0,674.0,682.0,688.0,688.0,692.0,696.0,712.0,727.0,737.0,765.0,770.0,772.0,799.0,813.0,863.0,875.0,890.0,919.0,959.0,
11.0,99.0,113.0,127.0,221.0,237.0,246.0,261.0,311.0,313.0,337.0,375.0,423.0,443.0,477.0,483.0,495.0,518.0,526.0,532.0,534.0,538.0,541.0,542.0,544.0,548.0,551.0,554.0,555.0,569.0,573.0,576.0,577.0,581.0,585.0,592.0,601.0,605.0,606.0,610.0,624.0,627.0,634.0,664.0,676.0,690.0,692.0,701.0,717.0,729.0,743.0,750.0,800.0,882.0,900.0,918.0,924.0,927.0,944.0,946.0,958.0,960.0,
12.0,39.0,50.0,87.0,172.0,173.0,199.0,208.0,208.0,238.0,335.0,355.0,359.0,409.0,470.0,525.0,527.0,543.0,547.0,564.0,574.0,579.0,585.0,591.0,603.0,623.0,643.0,654.0,665.0,675.0,679.0,683.0,684.0,691.0,798.0,798.0,801.0,829.0,830.0,834.0,838.0,868.0,873.0,881.0,887.0,912.0,926.0,939.0,947.0,962.0,968.0,969.0,974.0,990.0,
9.0,88.0,151.0,152.0,156.0,162.0,190.0,216.0,232.0,240.0,259.0,274.0,312.0,322.0,327.0,333.0,337.0,347.0,354.0,366.0,393.0,414.0,419.0,421.0,431.0,463.0,476.0,486.0,492.0,511.0,527.0,531.0,533.0,543.0,544.0,545.0,546.0,553.0,561.0,561.0,564.0,566.0,576.0,579.0,581.0,581.0,602.0,604.0,608.0,613.0,617.0,625.0,633.0,647.0,650.0,653.0,654.0,659.0,660.0,661.0,690.0,693.0,720.0,741.0,746.0,753.0,755.0,768.0,779.0,800.0,817.0,841.0,846.0,851.0,857.0,873.0,877.0,898.0,913.0,926.0,926.0,949.0,967.0,
20.0,20.0,39.0,68.0,93.0,95.0,110.0,114.0,189.0,193.0,226.0,264.0,270.0,270.0,283.0,298.0,319.0,323.0,338.0,341.0,388.0,416.0,433.0,459.0,481.0,518.0,523.0,524.0,538.0,539.0,540.0,540.0,541.0,542.0,544.0,546.0,546.0,550.0,552.0,552.0,557.0,559.0,560.0,561.0,570.0,571.0,574.0,586.0,588.0,593.0,598.0,601.0,609.0,619.0,620.0,626.0,626.0,626.0,630.0,631.0,633.0,639.0,656.0,657.0,660.0,671.0,672.0,720.0,730.0,740.0,741.0,745.0,772.0,812.0,817.0,831.0,831.0,842.0,848.0,886.0,887.0,892.0,892.0,894.0,895.0,898.0,912.0,924.0,942.0,977.0,988.0,
5.0,23.0,33.0,36.0,39.0,39.0,49.0,166.0,174.0,177.0,199.0,220.0,239.0,263.0,270.0,274.0,276.0,279.0,286.0,322.0,328.0,331.0,352.0,355.0,364.0,371.0,392.0,406.0,433.0,449.0,460.0,473.0,502.0,510.0,514.0,533.0,534.0,542.0,544.0,557.0,557.0,573.0,575.0,578.0,590.0,601.0,606.0,628.0,674.0,687.0,691.0,727.0,730.0,746.0,747.0,750.0,765.0,776.0,791.0,798.0,801.0,805.0,817.0,827.0,829.0,840.0,843.0,862.0,875.0,884.0,890.0,930.0,954.0,971.0,978.0,
6.0,11.0,63.0,72.0,156.0,172.0,187.0,234.0,278.0,311.0,329.0,332.0,342.0,397.0,549.0,581.0,589.0,592.0,617.0,676.0,713.0,861.0,862.0,921.0,942.0,947.0,988.0,999.0,
34.0,104.0,118.0,118.0,119.0,139.0,155.0,169.0,198.0,234.0,241.0,258.0,342.0,464.0,518.0,529.0,538.0,540.0,550.0,578.0,710.0,780.0,795.0,827.0,833.0,853.0,856.0,
17.0,34.0,41.0,49.0,81.0,91.0,107.0,130.0,147.0,166.0,207.0,250.0,261.0,275.0,276.0,286.0,291.0,343.0,452.0,460.0,462.0,475.0,535.0,575.0,610.0,623.0,624.0,638.0,688.0,718.0,733.0,806.0,828.0,857.0,858.0,928.0,993.0,
39.0,68.0,89.0,104.0,109.0,127.0,131.0,138.0,169.0,208.0,239.0,256.0,263.0,334.0,377.0,379.0,384.0,444.0,451.0,466.0,531.0,538.0,545.0,575.0,592.0,611.0,634.0,654.0,681.0,708.0,769.0,795.0,797.0,856.0,874.0,
117.0,155.0,277.0,280.0,323.0,327.0,398.0,421.0,462.0,467.0,468.0,489.0,492.0,528.0,529.0,531.0,537.0,538.0,555.0,561.0,563.0,565.0,578.0,614.0,615.0,617.0,618.0,626.0,631.0,643.0,663.0,680.0,692.0,706.0,740.0,743.0,746.0,747.0,780.0,793.0,802.0,823.0,828.0,832.0,847.0,849.0,864.0,895.0,897.0,928.0,948.0,961.0,
27.0,97.0,189.0,254.0,259.0,270.0,307.0,335.0,372.0,387.0,457.0,468.0,480.0,498.0,522.0,528.0,536.0,539.0,547.0,549.0,550.0,563.0,566.0,568.0,568.0,572.0,593.0,597.0,599.0,624.0,634.0,655.0,662.0,665.0,669.0,676.0,678.0,688.0,688.0,697.0,711.0,739.0,745.0,750.0,766.0,800.0,877.0,877.0,878.0,907.0,913.0,913.0,932.0,932.0,954.0,972.0,973.0,
46.0,74.0,141.0,161.0,197.0,234.0,234.0,254.0,292.0,307.0,311.0,345.0,365.0,368.0,376.0,419.0,469.0,537.0,538.0,539.0,543.0,553.0,556.0,568.0,570.0,577.0,593.0,599.0,624.0,635.0,647.0,659.0,663.0,669.0,671.0,676.0,691.0,716.0,720.0,720.0,730.0,740.0,740.0,750.0,755.0,783.0,806.0,810.0,811.0,812.0,816.0,873.0,887.0,906.0,924.0,936.0,936.0,939.0,958.0,962.0,965.0,970.0,973.0,987.0,999.0,
22.0,23.0,28.0,43.0,59.0,71.0,73.0,129.0,134.0,147.0,149.0,172.0,185.0,315.0,327.0,383.0,389.0,398.0,407.0,407.0,409.0,417.0,486.0,493.0,497.0,518.0,520.0,530.0,539.0,545.0,552.0,559.0,582.0,585.0,586.0,593.0,599.0,600.0,602.0,607.0,613.0,615.0,630.0,631.0,647.0,656.0,659.0,665.0,672.0,676.0,682.0,686.0,711.0,715.0,734.0,737.0,752.0,763.0,779.0,797.0,800.0,804.0,818.0,821.0,850.0,859.0,864.0,871.0,890.0,899.0,904.0,928.0,941.0,947.0,962.0,978.0,983.0,989.0,995.0,
40.0,66.0,66.0,84.0,105.0,140.0,150.0,295.0,351.0,471.0,531.0,568.0,570.0,572.0,577.0,577.0,577.0,613.0,628.0,634.0,648.0,664.0,684.0,693.0,699.0,702.0,729.0,740.0,742.0,847.0,905.0,934.0,936.0,970.0,978.0,983.0,985.0,991.0,
7.0,17.0,36.0,42.0,60.0,63.0,105.0,114.0,220.0,251.0,254.0,260.0,261.0,286.0,294.0,312.0,321.0,327.0,343.0,360.0,388.0,417.0,431.0,431.0,461.0,524.0,538.0,546.0,574.0,697.0,700.0,718.0,770.0,895.0,912.0,930.0,939.0,950.0,987.0,998.0,
23.0,37.0,49.0,101.0,107.0,128.0,153.0,156.0,177.0,221.0,229.0,237.0,245.0,251.0,271.0,292.0,306.0,324.0,325.0,333.0,337.0,339.0,343.0,387.0,431.0,472.0,481.0,515.0,545.0,604.0,632.0,672.0,699.0,732.0,740.0,775.0,776.0,799.0,824.0,848.0,851.0,895.0,
