2.0,25.0,25.0,39.0,44.0,55.0,60.0,84.0,89.0,190.0,231.0,239.0,242.0,263.0,265.0,265.0,279.0,290.0,320.0,323.0,351.0,431.0,462.0,495.0,504.0,618.0,643.0,663.0,686.0,688.0,712.0,734.0,746.0,752.0,752.0,765.0,779.0,825.0,841.0,906.0,949.0,960.0,978.0,985.0,
4.0,7.0,8.0,73.0,74.0,148.0,187.0,268.0,279.0,311.0,439.0,487.0,503.0,515.0,568.0,570.0,573.0,583.0,585.0,605.0,608.0,655.0,678.0,679.0,695.0,701.0,867.0,875.0,877.0,912.0,912.0,931.0,963.0,979.0,986.0,990.0,994.0,
17.0,105.0,110.0,169.0,191.0,199.0,221.0,261.0,293.0,310.0,310.0,314.0,323.0,356.0,361.0,392.0,401.0,420.0,443.0,452.0,471.0,482.0,503.0,517.0,524.0,541.0,590.0,639.0,644.0,665.0,676.0,676.0,681.0,757.0,836.0,867.0,908.0,908.0,926.0,928.0,998.0,
5.0,50.0,93.0,107.0,141.0,151.0,175.0,181.0,197.0,240.0,261.0,268.0,302.0,317.0,349.0,366.0,400.0,401.0,406.0,420.0,426.0,488.0,522.0,560.0,570.0,593.0,595.0,597.0,634.0,701.0,731.0,823.0,832.0,842.0,843.0,856.0,863.0,865.0,914.0,979.0,979.0,998.0,
10.0,20.0,49.0,59.0,165.0,193.0,256.0,301.0,310.0,338.0,375.0,389.0,455.0,480.0,496.0,522.0,530.0,582.0,582.0,603.0,616.0,624.0,644.0,663.0,686.0,761.0,852.0,854.0,920.0,971.0,989.0,993.0,
23.0,27.0,40.0,52.0,61.0,66.0,83.0,87.0,95.0,103.0,176.0,180.0,281.0,298.0,344.0,348.0,433.0,437.0,448.0,465.0,492.0,518.0,553.0,556.0,561.0,570.0,577.0,618.0,642.0,661.0,681.0,687.0,702.0,724.0,725.0,773.0,797.0,826.0,852.0,875.0,887.0,973.0,984.0,
81.0,90.0,98.0,113.0,143.0,181.0,191.0,224.0,245.0,273.0,361.0,375.0,398.0,399.0,424.0,495.0,502.0,561.0,618.0,678.0,698.0,699.0,707.0,809.0,811.0,816.0,816.0,822.0,822.0,836.0,875.0,893.0,894.0,901.0,916.0,944.0,
7.0,14.0,21.0,46.0,87.0,94.0,163.0,244.0,265.0,337.0,422.0,427.0,435.0,486.0,497.0,530.0,539.0,548.0,551.0,555.0,597.0,610.0,610.0,648.0,692.0,699.0,716.0,751.0,759.0,916.0,937.0,973.0,989.0,
6.0,16.0,31.0,153.0,168.0,206.0,229.0,299.0,360.0,429.0,476.0,559.0,581.0,607.0,627.0,636.0,689.0,733.0,752.0,762.0,763.0,798.0,936.0,950.0,956.0,975.0,989.0,
15.0,19.0,21.0,50.0,60.0,64.0,68.0,76.0,108.0,127.0,165.0,195.0,199.0,214.0,287.0,359.0,370.0,372.0,387.0,391.0,424.0,430.0,484.0,523.0,535.0,538.0,565.0,568.0,569.0,608.0,647.0,650.0,674.0,760.0,798.0,886.0,941.0,942.0,976.0,981.0,988.0,993.0,994.0,
6.0,9.0,17.0,38.0,136.0,140.0,168.0,199.0,224.0,231.0,285.0,358.0,376.0,381.0,391.0,441.0,484.0,530.0,565.0,576.0,590.0,602.0,623.0,626.0,723.0,755.0,770.0,778.0,781.0,813.0,815.0,871.0,878.0,918.0,930.0,996.0,
29.0,101.0,114.0,160.0,194.0,259.0,296.0,309.0,331.0,339.0,341.0,364.0,381.0,383.0,385.0,410.0,443.0,450.0,451.0,488.0,499.0,510.0,549.0,567.0,577.0,581.0,638.0,662.0,717.0,724.0,730.0,743.0,764.0,767.0,772.0,795.0,795.0,829.0,852.0,862.0,875.0,882.0,920.0,935.0,983.0,988.0,997.0,
18.0,32.0,33.0,39.0,61.0,103.0,122.0,160.0,231.0,233.0,278.0,286.0,317.0,380.0,425.0,427.0,431.0,439.0,467.0,477.0,482.0,528.0,571.0,571.0,579.0,616.0,618.0,629.0,665.0,671.0,694.0,711.0,739.0,749.0,757.0,796.0,814.0,852.0,886.0,908.0,935.0,
4.0,28.0,40.0,53.0,63.0,93.0,101.0,147.0,164.0,187.0,231.0,236.0,314.0,347.0,348.0,355.0,380.0,409.0,437.0,449.0,502.0,514.0,515.0,602.0,611.0,671.0,675.0,713.0,731.0,857.0,890.0,893.0,934.0,949.0,972.0,
12.0,62.0,75.0,139.0,149.0,193.0,290.0,313.0,319.0,370.0,423.0,429.0,445.0,466.0,473.0,547.0,580.0,587.0,591.0,657.0,663.0,667.0,681.0,709.0,736.0,770.0,817.0,852.0,870.0,872.0,901.0,901.0,946.0,
15.0,44.0,113.0,170.0,181.0,243.0,249.0,274.0,325.0,342.0,360.0,373.0,384.0,391.0,407.0,410.0,426.0,445.0,451.0,486.0,486.0,516.0,523.0,545.0,571.0,603.0,603.0,609.0,632.0,657.0,679.0,719.0,810.0,866.0,953.0,955.0,958.0,975.0,986.0,
21.0,91.0,136.0,191.0,235.0,302.0,316.0,339.0,360.0,390.0,400.0,437.0,453.0,453.0,486.0,497.0,497.0,506.0,578.0,713.0,723.0,854.0,876.0,926.0,991.0,998.0,
75.0,113.0,117.0,125.0,130.0,154.0,172.0,183.0,233.0,236.0,306.0,321.0,331.0,366.0,393.0,424.0,475.0,532.0,561.0,569.0,575.0,595.0,652.0,695.0,707.0,771.0,870.0,897.0,929.0,930.0,
39.0,40.0,60.0,69.0,112.0,140.0,206.0,263.0,265.0,304.0,322.0,326.0,361.0,408.0,439.0,455.0,465.0,467.0,468.0,473.0,490.0,490.0,511.0,517.0,539.0,558.0,568.0,578.0,639.0,644.0,679.0,679.0,694.0,712.0,797.0,806.0,826.0,887.0,
18.0,54.0,136.0,188.0,199.0,226.0,243.0,259.0,271.0,300.0,369.0,373.0,415.0,431.0,436.0,443.0,460.0,512.0,522.0,536.0,617.0,627.0,655.0,711.0,742.0,804.0,849.0,881.0,883.0,907.0,932.0,950.0,969.0,987.0,
5.0,13.0,37.0,104.0,142.0,157.0,167.0,178.0,258.0,289.0,291.0,377.0,381.0,433.0,435.0,467.0,468.0,470.0,473.0,474.0,526.0,531.0,545.0,546.0,553.0,567.0,637.0,684.0,702.0,705.0,717.0,797.0,817.0,826.0,848.0,894.0,937.0,937.0,939.0,975.0,977.0,987.0,
42.0,46.0,58.0,71.0,106.0,110.0,114.0,158.0,171.0,306.0,330.0,374.0,408.0,424.0,488.0,508.0,556.0,600.0,665.0,674.0,683.0,705.0,759.0,795.0,808.0,829.0,848.0,851.0,884.0,924.0,983.0,997.0,
5.0,7.0,13.0,33.0,61.0,70.0,104.0,120.0,148.0,159.0,181.0,257.0,273.0,314.0,384.0,477.0,504.0,514.0,517.0,517.0,562.0,568.0,636.0,646.0,723.0,740.0,752.0,769.0,776.0,819.0,840.0,848.0,853.0,870.0,882.0,893.0,894.0,903.0,988.0,
14.0,41.0,44.0,45.0,71.0,87.0,88.0,131.0,145.0,175.0,187.0,195.0,226.0,231.0,336.0,374.0,384.0,394.0,449.0,462.0,466.0,481.0,537.0,557.0,582.0,609.0,634.0,640.0,645.0,660.0,702.0,723.0,736.0,767.0,808.0,830.0,852.0,901.0,913.0,952.0,967.0,
22.0,25.0,42.0,55.0,55.0,68.0,79.0,123.0,158.0,159.0,166.0,185.0,190.0,209.0,270.0,300.0,304.0,328.0,360.0,423.0,586.0,712.0,742.0,752.0,775.0,775.0,824.0,840.0,894.0,904.0,938.0,966.0,994.0,
25.0,29.0,53.0,55.0,80.0,81.0,85.0,98.0,102.0,112.0,162.0,215.0,219.0,236.0,262.0,289.0,299.0,357.0,445.0,460.0,483.0,548.0,553.0,644.0,651.0,685.0,700.0,704.0,755.0,807.0,855.0,883.0,959.0,980.0,982.0,
36.0,92.0,139.0,174.0,220.0,237.0,304.0,372.0,418.0,453.0,490.0,498.0,503.0,544.0,574.0,590.0,608.0,661.0,674.0,699.0,718.0,821.0,828.0,834.0,866.0,893.0,947.0,968.0,969.0,
49.0,144.0,205.0,207.0,209.0,285.0,294.0,302.0,371.0,394.0,437.0,451.0,461.0,474.0,520.0,540.0,594.0,628.0,640.0,681.0,727.0,760.0,789.0,825.0,864.0,929.0,950.0,979.0,986.0,
22.0,70.0,75.0,100.0,103.0,130.0,135.0,162.0,175.0,194.0,210.0,260.0,264.0,328.0,337.0,350.0,352.0,384.0,411.0,421.0,434.0,458.0,463.0,559.0,618.0,630.0,640.0,662.0,679.0,699.0,744.0,790.0,798.0,821.0,904.0,971.0,989.0,
54.0,62.0,104.0,180.0,198.0,226.0,234.0,252.0,255.0,259.0,266.0,279.0,283.0,318.0,397.0,419.0,421.0,440.0,440.0,520.0,603.0,614.0,639.0,670.0,772.0,820.0,831.0,849.0,860.0,864.0,868.0,876.0,880.0,897.0,973.0,
6.0,10.0,21.0,31.0,110.0,118.0,125.0,190.0,198.0,199.0,221.0,253.0,256.0,281.0,295.0,296.0,316.0,317.0,335.0,403.0,408.0,409.0,423.0,460.0,461.0,477.0,539.0,572.0,618.0,631.0,643.0,687.0,692.0,695.0,708.0,757.0,762.0,771.0,804.0,822.0,848.0,874.0,881.0,913.0,940.0,956.0,986.0,990.0,
68.0,134.0,139.0,145.0,149.0,187.0,204.0,210.0,222.0,228.0,279.0,319.0,351.0,359.0,369.0,383.0,417.0,418.0,434.0,484.0,495.0,501.0,502.0,541.0,563.0,575.0,630.0,634.0,639.0,696.0,756.0,863.0,911.0,927.0,937.0,
6.0,113.0,146.0,284.0,285.0,288.0,362.0,390.0,400.0,436.0,463.0,473.0,516.0,566.0,644.0,651.0,675.0,692.0,704.0,704.0,707.0,713.0,742.0,801.0,850.0,861.0,897.0,
12.0,19.0,20.0,33.0,35.0,52.0,54.0,101.0,135.0,158.0,160.0,209.0,222.0,224.0,224.0,237.0,261.0,268.0,273.0,278.0,294.0,327.0,384.0,450.0,478.0,490.0,491.0,502.0,525.0,564.0,633.0,639.0,644.0,686.0,692.0,708.0,801.0,806.0,834.0,905.0,921.0,957.0,976.0,
15.0,59.0,98.0,103.0,123.0,147.0,160.0,186.0,212.0,218.0,255.0,259.0,266.0,293.0,354.0,370.0,381.0,444.0,448.0,453.0,490.0,500.0,508.0,561.0,641.0,658.0,660.0,684.0,735.0,748.0,862.0,874.0,896.0,941.0,943.0,
14.0,48.0,79.0,87.0,162.0,302.0,345.0,350.0,369.0,390.0,412.0,421.0,462.0,466.0,478.0,482.0,513.0,547.0,572.0,575.0,584.0,585.0,619.0,626.0,662.0,695.0,714.0,730.0,774.0,802.0,870.0,895.0,943.0,949.0,
67.0,83.0,111.0,118.0,163.0,218.0,259.0,285.0,288.0,303.0,310.0,327.0,335.0,363.0,366.0,378.0,384.0,402.0,404.0,410.0,456.0,491.0,492.0,506.0,524.0,530.0,533.0,599.0,601.0,619.0,655.0,666.0,685.0,727.0,737.0,756.0,760.0,771.0,816.0,834.0,848.0,863.0,880.0,889.0,889.0,892.0,902.0,934.0,967.0,968.0,
26.0,46.0,49.0,56.0,72.0,104.0,112.0,142.0,157.0,174.0,174.0,188.0,250.0,258.0,269.0,301.0,359.0,410.0,432.0,483.0,612.0,614.0,716.0,793.0,835.0,844.0,847.0,863.0,899.0,924.0,940.0,947.0,956.0,959.0,960.0,972.0,
30.0,42.0,48.0,67.0,71.0,79.0,81.0,111.0,164.0,173.0,266.0,276.0,300.0,312.0,314.0,334.0,337.0,380.0,396.0,397.0,402.0,425.0,427.0,454.0,463.0,474.0,554.0,569.0,586.0,623.0,699.0,711.0,719.0,769.0,771.0,774.0,783.0,796.0,843.0,866.0,890.0,901.0,928.0,
7.0,28.0,69.0,89.0,112.0,158.0,174.0,197.0,205.0,238.0,271.0,291.0,306.0,311.0,314.0,333.0,340.0,372.0,415.0,418.0,461.0,478.0,489.0,517.0,557.0,579.0,627.0,648.0,656.0,668.0,673.0,682.0,684.0,701.0,734.0,736.0,797.0,874.0,899.0,918.0,961.0,1000.0,
21.0,37.0,38.0,61.0,74.0,143.0,216.0,235.0,243.0,277.0,278.0,309.0,309.0,348.0,400.0,489.0,564.0,596.0,631.0,635.0,643.0,657.0,675.0,680.0,757.0,832.0,832.0,891.0,919.0,958.0,964.0,985.0,
71.0,176.0,210.0,227.0,265.0,266.0,279.0,280.0,313.0,352.0,364.0,420.0,442.0,538.0,581.0,619.0,638.0,638.0,643.0,675.0,687.0,753.0,756.0,772.0,785.0,798.0,835.0,869.0,909.0,955.0,959.0,983.0,
17.0,77.0,97.0,130.0,149.0,175.0,178.0,184.0,207.0,213.0,265.0,271.0,282.0,317.0,393.0,402.0,463.0,468.0,516.0,530.0,576.0,590.0,595.0,602.0,616.0,688.0,691.0,774.0,798.0,802.0,807.0,819.0,824.0,838.0,855.0,904.0,914.0,927.0,
19.0,21.0,54.0,55.0,71.0,80.0,89.0,137.0,159.0,162.0,188.0,220.0,247.0,253.0,260.0,280.0,286.0,346.0,411.0,421.0,445.0,463.0,473.0,493.0,500.0,512.0,518.0,533.0,548.0,580.0,593.0,604.0,650.0,740.0,770.0,770.0,779.0,788.0,789.0,798.0,839.0,883.0,886.0,914.0,948.0,991.0,
10.0,43.0,43.0,87.0,102.0,158.0,160.0,207.0,233.0,242.0,298.0,307.0,313.0,327.0,334.0,345.0,471.0,486.0,490.0,499.0,504.0,548.0,558.0,603.0,610.0,630.0,652.0,660.0,689.0,705.0,724.0,772.0,823.0,839.0,887.0,903.0,941.0,966.0,
24.0,92.0,93.0,103.0,125.0,157.0,177.0,190.0,207.0,239.0,261.0,300.0,305.0,316.0,356.0,367.0,413.0,428.0,429.0,469.0,489.0,504.0,526.0,532.0,537.0,554.0,557.0,570.0,582.0,589.0,591.0,594.0,617.0,662.0,692.0,744.0,772.0,779.0,784.0,788.0,810.0,847.0,864.0,867.0,879.0,887.0,897.0,941.0,953.0,
14.0,47.0,58.0,66.0,98.0,157.0,190.0,220.0,262.0,271.0,361.0,375.0,416.0,450.0,456.0,531.0,545.0,572.0,579.0,587.0,589.0,673.0,686.0,720.0,725.0,769.0,812.0,830.0,888.0,912.0,933.0,969.0,
3.0,11.0,106.0,246.0,307.0,312.0,327.0,337.0,362.0,432.0,443.0,447.0,481.0,487.0,501.0,507.0,553.0,558.0,579.0,602.0,660.0,677.0,688.0,713.0,723.0,726.0,744.0,757.0,790.0,795.0,854.0,867.0,931.0,937.0,946.0,971.0,991.0,
48.0,53.0,133.0,139.0,150.0,157.0,176.0,186.0,190.0,269.0,275.0,277.0,286.0,299.0,303.0,377.0,398.0,435.0,493.0,511.0,533.0,540.0,568.0,577.0,583.0,598.0,636.0,639.0,651.0,686.0,721.0,729.0,755.0,767.0,792.0,808.0,830.0,867.0,877.0,877.0,883.0,965.0,995.0,
16.0,47.0,77.0,131.0,133.0,192.0,226.0,243.0,250.0,288.0,319.0,328.0,378.0,425.0,477.0,492.0,496.0,536.0,566.0,588.0,643.0,715.0,748.0,751.0,772.0,819.0,849.0,920.0,949.0,
7.0,14.0,49.0,49.0,84.0,92.0,96.0,101.0,113.0,118.0,122.0,123.0,161.0,185.0,190.0,221.0,239.0,254.0,258.0,282.0,291.0,292.0,321.0,376.0,395.0,441.0,451.0,468.0,533.0,546.0,585.0,620.0,643.0,668.0,695.0,721.0,735.0,784.0,807.0,834.0,887.0,893.0,894.0,951.0,978.0,980.0,
56.0,89.0,166.0,191.0,192.0,202.0,208.0,210.0,214.0,262.0,263.0,265.0,276.0,318.0,347.0,373.0,384.0,392.0,403.0,423.0,481.0,537.0,597.0,715.0,723.0,731.0,731.0,784.0,819.0,968.0,974.0,979.0,
12.0,49.0,52.0,59.0,100.0,117.0,122.0,133.0,156.0,187.0,273.0,300.0,315.0,390.0,425.0,434.0,481.0,532.0,535.0,601.0,608.0,763.0,814.0,847.0,889.0,955.0,977.0,983.0,989.0,
17.0,53.0,59.0,76.0,77.0,82.0,94.0,144.0,146.0,159.0,194.0,205.0,206.0,214.0,230.0,254.0,279.0,308.0,342.0,348.0,355.0,376.0,381.0,466.0,486.0,511.0,518.0,525.0,539.0,540.0,558.0,567.0,584.0,590.0,697.0,740.0,760.0,786.0,810.0,848.0,867.0,909.0,915.0,921.0,932.0,941.0,962.0,1000.0,
53.0,68.0,69.0,73.0,122.0,130.0,145.0,183.0,299.0,334.0,372.0,399.0,403.0,411.0,455.0,535.0,563.0,574.0,581.0,590.0,612.0,623.0,646.0,647.0,659.0,667.0,701.0,724.0,761.0,771.0,774.0,825.0,845.0,850.0,852.0,854.0,863.0,887.0,899.0,919.0,955.0,970.0,974.0,996.0,
52.0,64.0,130.0,139.0,222.0,232.0,256.0,277.0,299.0,306.0,308.0,318.0,366.0,379.0,388.0,413.0,431.0,438.0,514.0,519.0,525.0,527.0,529.0,530.0,531.0,537.0,547.0,548.0,548.0,550.0,555.0,557.0,560.0,572.0,573.0,575.0,577.0,579.0,587.0,589.0,591.0,592.0,612.0,639.0,642.0,643.0,660.0,660.0,664.0,664.0,674.0,683.0,691.0,694.0,696.0,739.0,741.0,774.0,776.0,777.0,778.0,786.0,794.0,805.0,809.0,827.0,827.0,828.0,829.0,837.0,842.0,845.0,856.0,865.0,877.0,879.0,882.0,886.0,891.0,896.0,902.0,903.0,906.0,914.0,915.0,916.0,927.0,949.0,963.0,964.0,966.0,976.0,979.0,981.0,992.0,1000.0,
12.0,41.0,70.0,71.0,79.0,101.0,248.0,255.0,297.0,299.0,325.0,331.0,339.0,343.0,373.0,383.0,420.0,421.0,446.0,488.0,490.0,519.0,524.0,541.0,550.0,557.0,571.0,592.0,628.0,637.0,645.0,665.0,675.0,730.0,731.0,781.0,787.0,805.0,809.0,813.0,829.0,835.0,871.0,877.0,902.0,910.0,945.0,945.0,953.0,989.0,
26.0,65.0,102.0,102.0,199.0,201.0,217.0,231.0,268.0,297.0,372.0,374.0,441.0,449.0,450.0,484.0,493.0,544.0,568.0,628.0,630.0,648.0,701.0,765.0,814.0,826.0,834.0,882.0,885.0,917.0,
58.0,104.0,251.0,273.0,281.0,288.0,296.0,344.0,437.0,442.0,455.0,456.0,472.0,527.0,539.0,558.0,572.0,585.0,617.0,648.0,675.0,786.0,805.0,825.0,835.0,880.0,
18.0,47.0,77.0,121.0,214.0,271.0,327.0,344.0,361.0,363.0,404.0,408.0,411.0,414.0,505.0,550.0,559.0,561.0,585.0,594.0,598.0,598.0,642.0,648.0,679.0,704.0,746.0,812.0,847.0,888.0,906.0,933.0,956.0,
2.0,6.0,32.0,99.0,129.0,129.0,188.0,204.0,226.0,236.0,272.0,283.0,345.0,354.0,357.0,359.0,385.0,399.0,447.0,452.0,467.0,535.0,557.0,575.0,673.0,713.0,740.0,744.0,804.0,811.0,833.0,891.0,956.0,966.0,967.0,969.0,993.0,
12.0,50.0,54.0,83.0,93.0,98.0,103.0,157.0,188.0,237.0,281.0,284.0,395.0,417.0,433.0,450.0,564.0,599.0,638.0,684.0,692.0,727.0,728.0,739.0,741.0,742.0,765.0,814.0,827.0,833.0,935.0,974.0,984.0,986.0,996.0,
87.0,114.0,132.0,133.0,140.0,179.0,231.0,251.0,259.0,297.0,380.0,388.0,400.0,406.0,409.0,430.0,489.0,507.0,530.0,542.0,575.0,592.0,611.0,630.0,636.0,680.0,685.0,716.0,801.0,829.0,867.0,899.0,900.0,908.0,911.0,932.0,941.0,
17.0,19.0,56.0,91.0,93.0,114.0,157.0,214.0,315.0,522.0,608.0,640.0,677.0,720.0,768.0,809.0,821.0,823.0,826.0,842.0,918.0,926.0,937.0,976.0,
3.0,20.0,90.0,107.0,140.0,145.0,274.0,323.0,340.0,348.0,353.0,380.0,388.0,404.0,426.0,430.0,431.0,446.0,474.0,567.0,638.0,641.0,714.0,761.0,770.0,830.0,837.0,839.0,860.0,920.0,943.0,978.0,987.0,
34.0,104.0,199.0,201.0,225.0,236.0,265.0,327.0,363.0,372.0,376.0,386.0,402.0,413.0,507.0,534.0,536.0,537.0,538.0,543.0,575.0,582.0,611.0,615.0,619.0,637.0,727.0,732.0,738.0,740.0,749.0,780.0,782.0,784.0,801.0,808.0,816.0,832.0,846.0,855.0,909.0,942.0,942.0,990.0,993.0,
5.0,16.0,60.0,156.0,165.0,235.0,238.0,248.0,251.0,275.0,279.0,291.0,315.0,358.0,358.0,362.0,383.0,397.0,473.0,480.0,511.0,513.0,542.0,590.0,615.0,626.0,657.0,678.0,747.0,747.0,781.0,819.0,831.0,833.0,842.0,843.0,880.0,924.0,
19.0,27.0,29.0,49.0,57.0,86.0,126.0,137.0,185.0,193.0,241.0,250.0,254.0,256.0,277.0,279.0,284.0,417.0,434.0,450.0,471.0,474.0,483.0,589.0,661.0,678.0,678.0,688.0,753.0,789.0,841.0,841.0,902.0,951.0,
6.0,6.0,34.0,105.0,113.0,186.0,206.0,220.0,234.0,240.0,246.0,252.0,290.0,303.0,305.0,313.0,366.0,388.0,393.0,398.0,461.0,495.0,532.0,569.0,582.0,591.0,617.0,760.0,782.0,819.0,831.0,861.0,888.0,894.0,924.0,
30.0,41.0,71.0,174.0,180.0,200.0,203.0,221.0,286.0,292.0,389.0,403.0,437.0,460.0,477.0,557.0,565.0,581.0,591.0,603.0,621.0,646.0,651.0,662.0,669.0,688.0,770.0,808.0,819.0,845.0,854.0,868.0,874.0,894.0,896.0,955.0,
17.0,55.0,57.0,80.0,86.0,88.0,111.0,115.0,204.0,208.0,249.0,260.0,280.0,359.0,367.0,401.0,438.0,446.0,485.0,537.0,557.0,579.0,597.0,599.0,606.0,624.0,629.0,680.0,694.0,700.0,702.0,759.0,799.0,811.0,826.0,860.0,876.0,904.0,917.0,984.0,994.0,
114.0,117.0,156.0,158.0,199.0,217.0,227.0,230.0,248.0,254.0,272.0,301.0,305.0,311.0,321.0,349.0,379.0,391.0,432.0,526.0,561.0,583.0,586.0,595.0,597.0,620.0,628.0,650.0,674.0,785.0,798.0,802.0,893.0,957.0,996.0,998.0,
8.0,23.0,50.0,81.0,91.0,144.0,265.0,337.0,342.0,359.0,371.0,402.0,455.0,457.0,461.0,519.0,556.0,572.0,603.0,654.0,661.0,695.0,720.0,760.0,793.0,833.0,847.0,912.0,
29.0,46.0,46.0,55.0,58.0,80.0,95.0,119.0,121.0,141.0,183.0,243.0,245.0,248.0,253.0,255.0,256.0,306.0,381.0,396.0,407.0,442.0,461.0,575.0,577.0,586.0,601.0,609.0,693.0,751.0,754.0,783.0,836.0,886.0,894.0,904.0,907.0,923.0,935.0,942.0,949.0,969.0,976.0,976.0,978.0,993.0,
18.0,31.0,32.0,87.0,101.0,110.0,118.0,197.0,283.0,293.0,304.0,321.0,342.0,345.0,372.0,380.0,392.0,415.0,458.0,478.0,482.0,494.0,527.0,555.0,562.0,565.0,592.0,601.0,617.0,657.0,692.0,702.0,719.0,775.0,782.0,792.0,805.0,825.0,835.0,853.0,855.0,
40.0,59.0,99.0,132.0,137.0,271.0,272.0,277.0,291.0,299.0,323.0,327.0,347.0,366.0,374.0,422.0,431.0,446.0,455.0,486.0,494.0,630.0,643.0,730.0,740.0,791.0,825.0,847.0,857.0,878.0,942.0,990.0,
2.0,12.0,44.0,60.0,84.0,93.0,121.0,145.0,149.0,183.0,239.0,253.0,273.0,287.0,373.0,390.0,393.0,409.0,422.0,468.0,504.0,509.0,622.0,638.0,641.0,709.0,740.0,743.0,779.0,785.0,842.0,912.0,920.0,938.0,968.0,
23.0,23.0,35.0,68.0,133.0,135.0,183.0,240.0,312.0,391.0,397.0,402.0,404.0,412.0,478.0,481.0,505.0,519.0,571.0,603.0,684.0,718.0,732.0,733.0,748.0,781.0,891.0,907.0,931.0,941.0,946.0,977.0,981.0,
24.0,114.0,155.0,168.0,181.0,203.0,227.0,232.0,256.0,275.0,278.0,293.0,305.0,352.0,359.0,385.0,391.0,432.0,443.0,539.0,565.0,592.0,596.0,626.0,627.0,650.0,706.0,711.0,767.0,815.0,826.0,842.0,900.0,925.0,927.0,929.0,974.0,982.0,
9.0,21.0,52.0,80.0,90.0,142.0,158.0,177.0,190.0,220.0,239.0,283.0,333.0,367.0,379.0,398.0,402.0,414.0,438.0,461.0,488.0,498.0,503.0,572.0,574.0,577.0,618.0,628.0,639.0,648.0,671.0,676.0,683.0,691.0,696.0,756.0,790.0,886.0,894.0,920.0,924.0,942.0,998.0,
43.0,43.0,63.0,66.0,85.0,102.0,107.0,107.0,123.0,143.0,163.0,196.0,209.0,234.0,249.0,283.0,302.0,304.0,350.0,385.0,387.0,391.0,417.0,418.0,436.0,486.0,499.0,500.0,504.0,509.0,543.0,595.0,606.0,704.0,707.0,707.0,782.0,816.0,867.0,881.0,
10.0,64.0,167.0,178.0,190.0,194.0,227.0,284.0,320.0,328.0,392.0,414.0,435.0,435.0,444.0,454.0,460.0,461.0,496.0,571.0,602.0,633.0,646.0,720.0,731.0,743.0,772.0,830.0,859.0,860.0,862.0,884.0,887.0,924.0,935.0,973.0,998.0,
19.0,26.0,76.0,82.0,91.0,101.0,144.0,191.0,201.0,222.0,247.0,305.0,326.0,345.0,363.0,364.0,401.0,417.0,456.0,462.0,465.0,497.0,524.0,544.0,563.0,569.0,571.0,582.0,617.0,632.0,679.0,688.0,694.0,698.0,720.0,765.0,821.0,863.0,905.0,950.0,
24.0,41.0,133.0,168.0,181.0,202.0,217.0,227.0,266.0,310.0,361.0,417.0,427.0,436.0,589.0,591.0,657.0,676.0,693.0,694.0,704.0,710.0,720.0,739.0,760.0,762.0,799.0,799.0,810.0,814.0,859.0,899.0,920.0,
13.0,16.0,40.0,142.0,158.0,201.0,233.0,271.0,280.0,332.0,334.0,390.0,401.0,407.0,481.0,515.0,544.0,547.0,583.0,598.0,614.0,659.0,679.0,700.0,760.0,793.0,877.0,914.0,937.0,950.0,982.0,
14.0,54.0,120.0,125.0,138.0,170.0,179.0,179.0,264.0,375.0,390.0,421.0,506.0,548.0,598.0,624.0,628.0,664.0,679.0,681.0,688.0,691.0,749.0,754.0,786.0,921.0,949.0,987.0,
3.0,110.0,123.0,135.0,162.0,171.0,182.0,186.0,195.0,214.0,266.0,293.0,337.0,391.0,478.0,500.0,558.0,588.0,601.0,633.0,707.0,710.0,711.0,726.0,801.0,806.0,811.0,818.0,836.0,855.0,858.0,874.0,887.0,919.0,937.0,981.0,996.0,
8.0,15.0,20.0,40.0,51.0,58.0,62.0,78.0,98.0,115.0,115.0,171.0,206.0,246.0,273.0,374.0,419.0,480.0,513.0,567.0,594.0,626.0,663.0,663.0,816.0,853.0,863.0,917.0,958.0,974.0,978.0,
65.0,82.0,110.0,144.0,149.0,172.0,174.0,194.0,197.0,199.0,251.0,332.0,363.0,419.0,445.0,446.0,460.0,467.0,547.0,599.0,613.0,623.0,628.0,662.0,692.0,708.0,721.0,727.0,750.0,754.0,760.0,763.0,778.0,849.0,875.0,920.0,985.0,988.0,
12.0,37.0,46.0,89.0,117.0,124.0,127.0,134.0,141.0,345.0,390.0,428.0,475.0,552.0,596.0,631.0,634.0,646.0,685.0,689.0,712.0,739.0,805.0,862.0,886.0,905.0,931.0,960.0,
110.0,113.0,123.0,132.0,137.0,162.0,254.0,261.0,310.0,383.0,400.0,459.0,550.0,564.0,567.0,577.0,622.0,660.0,671.0,674.0,679.0,686.0,730.0,750.0,755.0,766.0,769.0,787.0,787.0,792.0,820.0,862.0,897.0,900.0,919.0,946.0,961.0,988.0,990.0,
26.0,44.0,127.0,241.0,264.0,275.0,312.0,357.0,364.0,390.0,390.0,406.0,497.0,501.0,508.0,530.0,548.0,603.0,607.0,652.0,721.0,731.0,763.0,782.0,783.0,797.0,865.0,916.0,967.0,
5.0,12.0,131.0,168.0,174.0,237.0,239.0,254.0,258.0,305.0,330.0,360.0,366.0,377.0,389.0,401.0,420.0,421.0,428.0,444.0,471.0,515.0,623.0,625.0,701.0,732.0,793.0,852.0,852.0,915.0,
5.0,80.0,110.0,147.0,148.0,218.0,275.0,287.0,325.0,391.0,400.0,407.0,407.0,425.0,436.0,512.0,543.0,558.0,567.0,568.0,580.0,605.0,617.0,698.0,726.0,734.0,748.0,807.0,813.0,814.0,882.0,885.0,908.0,948.0,959.0,975.0,980.0,982.0,
14.0,56.0,62.0,83.0,132.0,133.0,137.0,169.0,196.0,215.0,234.0,239.0,264.0,281.0,284.0,292.0,299.0,330.0,336.0,388.0,399.0,408.0,431.0,437.0,458.0,466.0,483.0,501.0,546.0,642.0,666.0,672.0,676.0,707.0,715.0,724.0,731.0,732.0,810.0,836.0,838.0,850.0,881.0,912.0,923.0,966.0,
12.0,43.0,58.0,60.0,99.0,105.0,153.0,153.0,172.0,197.0,200.0,205.0,224.0,279.0,324.0,326.0,348.0,359.0,363.0,369.0,370.0,370.0,401.0,438.0,501.0,509.0,532.0,540.0,554.0,557.0,585.0,587.0,598.0,610.0,624.0,643.0,660.0,664.0,715.0,756.0,801.0,851.0,916.0,964.0,968.0,978.0,979.0,
7.0,10.0,113.0,115.0,123.0,130.0,142.0,209.0,211.0,221.0,254.0,276.0,312.0,395.0,411.0,619.0,624.0,631.0,633.0,648.0,663.0,668.0,673.0,680.0,700.0,716.0,763.0,775.0,791.0,812.0,838.0,861.0,902.0,906.0,926.0,932.0,939.0,939.0,939.0,940.0,993.0,
11.0,43.0,60.0,64.0,68.0,88.0,114.0,129.0,152.0,169.0,208.0,261.0,291.0,299.0,310.0,361.0,366.0,379.0,399.0,410.0,418.0,422.0,456.0,468.0,470.0,493.0,514.0,519.0,644.0,663.0,667.0,673.0,687.0,690.0,695.0,696.0,737.0,740.0,748.0,845.0,865.0,869.0,879.0,
6.0,61.0,76.0,88.0,116.0,140.0,170.0,181.0,223.0,234.0,245.0,257.0,278.0,295.0,299.0,322.0,337.0,340.0,401.0,463.0,479.0,511.0,559.0,618.0,633.0,668.0,720.0,766.0,766.0,788.0,799.0,827.0,842.0,844.0,868.0,869.0,875.0,881.0,921.0,948.0,994.0,
14.0,58.0,162.0,250.0,322.0,361.0,365.0,370.0,375.0,394.0,407.0,411.0,413.0,447.0,453.0,462.0,473.0,513.0,539.0,552.0,627.0,649.0,673.0,761.0,779.0,787.0,817.0,823.0,836.0,852.0,861.0,878.0,894.0,948.0,
