3.0,61.0,64.0,68.0,74.0,90.0,103.0,135.0,162.0,213.0,221.0,239.0,251.0,261.0,265.0,282.0,321.0,419.0,557.0,569.0,591.0,594.0,634.0,656.0,657.0,657.0,698.0,719.0,733.0,751.0,761.0,795.0,882.0,
12.0,14.0,42.0,47.0,57.0,76.0,122.0,135.0,172.0,196.0,225.0,266.0,298.0,307.0,323.0,348.0,383.0,393.0,427.0,482.0,485.0,490.0,560.0,675.0,695.0,695.0,726.0,756.0,787.0,797.0,813.0,849.0,871.0,935.0,948.0,958.0,969.0,
43.0,59.0,60.0,97.0,111.0,170.0,188.0,191.0,206.0,211.0,240.0,258.0,304.0,320.0,387.0,410.0,427.0,483.0,491.0,561.0,566.0,589.0,645.0,651.0,673.0,713.0,727.0,742.0,770.0,794.0,813.0,824.0,836.0,846.0,890.0,892.0,926.0,939.0,
21.0,132.0,171.0,172.0,217.0,285.0,293.0,301.0,317.0,385.0,398.0,439.0,457.0,466.0,479.0,510.0,565.0,582.0,621.0,661.0,676.0,706.0,785.0,786.0,791.0,826.0,850.0,858.0,872.0,888.0,908.0,915.0,953.0,955.0,963.0,971.0,999.0,
56.0,68.0,177.0,190.0,290.0,337.0,345.0,460.0,485.0,544.0,544.0,571.0,586.0,593.0,593.0,619.0,635.0,652.0,719.0,739.0,739.0,746.0,835.0,859.0,884.0,900.0,904.0,953.0,991.0,
20.0,47.0,81.0,132.0,138.0,155.0,184.0,192.0,220.0,221.0,225.0,237.0,237.0,260.0,319.0,361.0,387.0,441.0,459.0,469.0,470.0,478.0,493.0,517.0,523.0,536.0,537.0,566.0,573.0,606.0,629.0,636.0,642.0,674.0,677.0,697.0,706.0,747.0,757.0,818.0,850.0,884.0,917.0,919.0,935.0,978.0,980.0,
3.0,51.0,57.0,84.0,150.0,168.0,226.0,247.0,306.0,372.0,378.0,391.0,396.0,413.0,436.0,445.0,471.0,491.0,510.0,528.0,533.0,542.0,646.0,652.0,657.0,730.0,738.0,765.0,776.0,791.0,792.0,844.0,915.0,950.0,957.0,960.0,961.0,977.0,991.0,998.0,
127.0,127.0,165.0,201.0,288.0,292.0,371.0,376.0,413.0,419.0,439.0,510.0,616.0,624.0,630.0,680.0,698.0,711.0,748.0,783.0,786.0,844.0,852.0,919.0,929.0,963.0,987.0,
34.0,48.0,56.0,76.0,82.0,106.0,150.0,155.0,160.0,185.0,186.0,188.0,245.0,299.0,321.0,337.0,344.0,372.0,468.0,493.0,545.0,563.0,566.0,581.0,680.0,691.0,764.0,776.0,802.0,803.0,820.0,838.0,841.0,884.0,926.0,940.0,949.0,956.0,
5.0,6.0,7.0,35.0,62.0,84.0,87.0,134.0,142.0,158.0,192.0,226.0,226.0,229.0,230.0,232.0,275.0,295.0,298.0,307.0,355.0,381.0,393.0,431.0,449.0,483.0,514.0,564.0,763.0,768.0,796.0,813.0,838.0,841.0,859.0,873.0,920.0,965.0,983.0,
32.0,44.0,58.0,76.0,148.0,178.0,199.0,233.0,285.0,325.0,335.0,335.0,361.0,374.0,382.0,385.0,395.0,405.0,412.0,421.0,432.0,442.0,449.0,580.0,587.0,620.0,633.0,646.0,675.0,699.0,716.0,716.0,725.0,745.0,785.0,817.0,827.0,837.0,847.0,852.0,860.0,867.0,868.0,903.0,956.0,959.0,978.0,988.0,999.0,
15.0,20.0,84.0,112.0,245.0,390.0,413.0,416.0,419.0,432.0,455.0,468.0,493.0,513.0,527.0,533.0,543.0,557.0,588.0,609.0,618.0,649.0,682.0,699.0,705.0,722.0,768.0,832.0,840.0,855.0,887.0,930.0,933.0,999.0,
5.0,52.0,56.0,64.0,93.0,97.0,102.0,156.0,169.0,189.0,213.0,228.0,291.0,311.0,325.0,331.0,417.0,454.0,475.0,491.0,504.0,674.0,685.0,764.0,784.0,811.0,812.0,820.0,867.0,870.0,929.0,937.0,944.0,956.0,964.0,978.0,
26.0,47.0,51.0,169.0,181.0,211.0,233.0,244.0,303.0,323.0,349.0,387.0,395.0,397.0,423.0,471.0,490.0,517.0,618.0,635.0,765.0,812.0,877.0,890.0,899.0,902.0,932.0,965.0,983.0,
5.0,24.0,35.0,58.0,81.0,82.0,125.0,132.0,192.0,202.0,231.0,232.0,273.0,316.0,328.0,377.0,386.0,416.0,445.0,508.0,513.0,539.0,557.0,561.0,608.0,612.0,626.0,630.0,680.0,683.0,748.0,772.0,778.0,796.0,851.0,925.0,951.0,981.0,
35.0,85.0,95.0,121.0,164.0,220.0,225.0,280.0,282.0,320.0,331.0,337.0,348.0,363.0,377.0,381.0,391.0,401.0,491.0,530.0,539.0,553.0,583.0,609.0,705.0,725.0,751.0,825.0,837.0,949.0,981.0,
99.0,112.0,138.0,144.0,190.0,197.0,219.0,223.0,248.0,269.0,319.0,371.0,377.0,400.0,436.0,469.0,496.0,514.0,530.0,556.0,573.0,584.0,619.0,622.0,640.0,643.0,645.0,650.0,679.0,721.0,724.0,743.0,753.0,764.0,772.0,802.0,899.0,904.0,923.0,974.0,995.0,
40.0,58.0,129.0,155.0,172.0,208.0,227.0,237.0,241.0,255.0,316.0,349.0,365.0,460.0,484.0,518.0,552.0,604.0,631.0,723.0,729.0,807.0,811.0,844.0,855.0,918.0,922.0,945.0,959.0,974.0,978.0,
39.0,54.0,101.0,111.0,142.0,206.0,210.0,260.0,278.0,290.0,303.0,348.0,375.0,378.0,398.0,408.0,431.0,446.0,514.0,517.0,566.0,571.0,583.0,592.0,691.0,695.0,715.0,765.0,795.0,850.0,856.0,861.0,888.0,917.0,950.0,954.0,961.0,
66.0,71.0,118.0,146.0,270.0,272.0,286.0,302.0,322.0,330.0,339.0,343.0,349.0,378.0,419.0,462.0,487.0,501.0,560.0,578.0,639.0,657.0,678.0,792.0,817.0,860.0,885.0,893.0,896.0,903.0,910.0,950.0,979.0,986.0,
5.0,15.0,49.0,84.0,133.0,136.0,142.0,147.0,151.0,164.0,195.0,218.0,291.0,324.0,357.0,368.0,482.0,518.0,533.0,540.0,574.0,592.0,595.0,637.0,728.0,797.0,804.0,900.0,963.0,983.0,983.0,
55.0,61.0,68.0,97.0,119.0,170.0,172.0,173.0,182.0,193.0,259.0,280.0,286.0,286.0,316.0,338.0,361.0,534.0,594.0,598.0,628.0,631.0,649.0,707.0,708.0,762.0,769.0,769.0,773.0,794.0,828.0,835.0,896.0,899.0,936.0,939.0,988.0,
40.0,69.0,116.0,188.0,201.0,213.0,223.0,229.0,281.0,314.0,315.0,322.0,346.0,348.0,373.0,406.0,447.0,451.0,492.0,503.0,580.0,602.0,655.0,671.0,676.0,677.0,685.0,832.0,855.0,992.0,1000.0,
3.0,34.0,68.0,83.0,97.0,111.0,124.0,141.0,155.0,166.0,212.0,215.0,225.0,300.0,304.0,306.0,314.0,331.0,331.0,409.0,411.0,420.0,458.0,480.0,484.0,493.0,503.0,510.0,549.0,556.0,569.0,594.0,639.0,644.0,677.0,722.0,732.0,744.0,796.0,801.0,808.0,838.0,858.0,862.0,867.0,903.0,918.0,
13.0,16.0,44.0,105.0,145.0,152.0,164.0,178.0,223.0,260.0,279.0,329.0,346.0,355.0,375.0,393.0,394.0,396.0,425.0,454.0,466.0,497.0,530.0,592.0,593.0,597.0,638.0,660.0,718.0,887.0,890.0,896.0,905.0,941.0,946.0,974.0,987.0,1000.0,
6.0,21.0,155.0,168.0,188.0,204.0,207.0,234.0,244.0,271.0,296.0,303.0,305.0,334.0,371.0,400.0,400.0,403.0,431.0,439.0,448.0,454.0,475.0,478.0,482.0,494.0,498.0,499.0,512.0,550.0,551.0,571.0,597.0,602.0,628.0,716.0,730.0,783.0,789.0,843.0,849.0,929.0,990.0,
9.0,29.0,37.0,43.0,46.0,83.0,107.0,229.0,240.0,241.0,244.0,271.0,302.0,311.0,323.0,332.0,356.0,358.0,367.0,375.0,379.0,451.0,468.0,469.0,545.0,580.0,632.0,634.0,657.0,680.0,696.0,701.0,708.0,713.0,800.0,811.0,835.0,872.0,873.0,914.0,961.0,970.0,972.0,
76.0,77.0,93.0,95.0,127.0,138.0,150.0,202.0,232.0,238.0,290.0,296.0,313.0,326.0,393.0,407.0,465.0,537.0,545.0,549.0,579.0,634.0,645.0,646.0,667.0,671.0,691.0,700.0,710.0,720.0,733.0,744.0,759.0,783.0,795.0,811.0,829.0,861.0,875.0,886.0,907.0,922.0,948.0,950.0,970.0,
10.0,23.0,43.0,62.0,93.0,109.0,113.0,184.0,214.0,231.0,233.0,281.0,319.0,319.0,320.0,372.0,449.0,496.0,497.0,507.0,556.0,559.0,578.0,624.0,645.0,655.0,661.0,707.0,733.0,735.0,743.0,767.0,825.0,844.0,878.0,977.0,987.0,999.0,
8.0,25.0,56.0,85.0,88.0,135.0,145.0,146.0,166.0,175.0,232.0,261.0,322.0,378.0,380.0,388.0,397.0,412.0,422.0,473.0,522.0,565.0,567.0,572.0,573.0,587.0,592.0,708.0,727.0,735.0,785.0,793.0,804.0,816.0,882.0,894.0,953.0,954.0,976.0,
11.0,14.0,19.0,39.0,65.0,81.0,106.0,240.0,253.0,255.0,278.0,292.0,391.0,440.0,505.0,511.0,525.0,618.0,639.0,687.0,812.0,847.0,886.0,937.0,951.0,983.0,984.0,994.0,
31.0,41.0,136.0,189.0,206.0,207.0,224.0,229.0,245.0,262.0,264.0,280.0,293.0,295.0,336.0,340.0,386.0,462.0,480.0,549.0,562.0,583.0,596.0,639.0,698.0,708.0,730.0,748.0,766.0,802.0,803.0,872.0,882.0,884.0,885.0,930.0,938.0,940.0,975.0,
35.0,76.0,93.0,96.0,101.0,115.0,160.0,232.0,248.0,288.0,300.0,327.0,337.0,347.0,357.0,363.0,371.0,375.0,426.0,545.0,554.0,574.0,581.0,583.0,592.0,621.0,643.0,644.0,669.0,716.0,727.0,739.0,752.0,763.0,796.0,839.0,856.0,901.0,954.0,957.0,
30.0,34.0,46.0,67.0,80.0,82.0,83.0,114.0,154.0,208.0,218.0,233.0,245.0,282.0,322.0,330.0,364.0,421.0,445.0,456.0,477.0,493.0,561.0,579.0,636.0,642.0,664.0,792.0,851.0,853.0,880.0,890.0,954.0,
4.0,11.0,14.0,47.0,70.0,76.0,95.0,97.0,98.0,111.0,138.0,144.0,151.0,161.0,177.0,187.0,389.0,422.0,482.0,551.0,556.0,579.0,602.0,606.0,688.0,709.0,754.0,758.0,764.0,811.0,820.0,854.0,894.0,895.0,898.0,918.0,992.0,
8.0,17.0,40.0,53.0,57.0,81.0,100.0,186.0,206.0,224.0,254.0,260.0,327.0,356.0,410.0,454.0,462.0,477.0,596.0,597.0,633.0,679.0,718.0,736.0,739.0,765.0,782.0,785.0,801.0,827.0,827.0,866.0,973.0,
9.0,60.0,62.0,84.0,106.0,108.0,112.0,145.0,149.0,177.0,184.0,192.0,208.0,244.0,253.0,276.0,306.0,357.0,379.0,410.0,430.0,459.0,480.0,533.0,543.0,558.0,580.0,600.0,622.0,659.0,718.0,753.0,754.0,758.0,784.0,810.0,825.0,855.0,874.0,884.0,892.0,893.0,919.0,926.0,987.0,995.0,
6.0,19.0,37.0,72.0,75.0,99.0,163.0,168.0,173.0,188.0,192.0,218.0,218.0,227.0,235.0,253.0,290.0,297.0,316.0,338.0,367.0,532.0,546.0,556.0,566.0,568.0,585.0,585.0,653.0,707.0,760.0,787.0,799.0,818.0,893.0,903.0,917.0,918.0,923.0,929.0,939.0,959.0,969.0,979.0,982.0,
12.0,44.0,66.0,79.0,103.0,106.0,130.0,139.0,147.0,182.0,196.0,208.0,220.0,240.0,324.0,333.0,382.0,394.0,431.0,436.0,445.0,454.0,456.0,532.0,534.0,608.0,611.0,620.0,661.0,729.0,731.0,737.0,742.0,748.0,763.0,786.0,832.0,836.0,854.0,887.0,892.0,909.0,934.0,
21.0,30.0,63.0,64.0,75.0,86.0,183.0,186.0,192.0,224.0,253.0,260.0,270.0,294.0,325.0,330.0,381.0,384.0,433.0,473.0,555.0,562.0,612.0,617.0,622.0,625.0,671.0,674.0,693.0,698.0,718.0,728.0,766.0,779.0,782.0,818.0,847.0,849.0,850.0,871.0,883.0,885.0,899.0,905.0,909.0,945.0,946.0,990.0,997.0,998.0,
8.0,41.0,44.0,57.0,107.0,119.0,121.0,141.0,194.0,214.0,335.0,337.0,361.0,414.0,421.0,423.0,465.0,489.0,530.0,531.0,535.0,543.0,606.0,619.0,624.0,628.0,645.0,653.0,702.0,751.0,754.0,765.0,794.0,815.0,816.0,881.0,933.0,984.0,991.0,998.0,
98.0,102.0,115.0,117.0,120.0,154.0,209.0,217.0,288.0,335.0,404.0,491.0,503.0,558.0,568.0,620.0,661.0,710.0,712.0,756.0,788.0,801.0,824.0,826.0,846.0,875.0,907.0,930.0,963.0,
49.0,61.0,88.0,111.0,136.0,136.0,169.0,191.0,202.0,205.0,225.0,226.0,341.0,359.0,362.0,403.0,410.0,453.0,461.0,484.0,508.0,533.0,548.0,564.0,581.0,590.0,607.0,617.0,684.0,750.0,774.0,780.0,784.0,820.0,865.0,872.0,910.0,940.0,960.0,
5.0,9.0,59.0,143.0,153.0,166.0,200.0,229.0,234.0,249.0,270.0,289.0,408.0,413.0,421.0,442.0,497.0,547.0,572.0,592.0,647.0,675.0,678.0,691.0,728.0,753.0,762.0,775.0,928.0,944.0,945.0,948.0,966.0,999.0,
56.0,96.0,112.0,128.0,187.0,200.0,223.0,236.0,243.0,270.0,287.0,310.0,315.0,337.0,355.0,357.0,375.0,395.0,415.0,418.0,427.0,428.0,456.0,458.0,487.0,511.0,569.0,620.0,670.0,732.0,759.0,765.0,799.0,802.0,807.0,826.0,849.0,860.0,868.0,869.0,876.0,953.0,961.0,972.0,
34.0,35.0,36.0,48.0,84.0,105.0,168.0,190.0,250.0,255.0,262.0,273.0,297.0,406.0,447.0,454.0,518.0,558.0,562.0,563.0,572.0,575.0,603.0,605.0,612.0,660.0,683.0,701.0,709.0,727.0,760.0,814.0,821.0,833.0,839.0,844.0,903.0,932.0,950.0,968.0,
27.0,120.0,139.0,143.0,179.0,243.0,279.0,281.0,320.0,362.0,376.0,409.0,425.0,426.0,446.0,459.0,486.0,506.0,589.0,605.0,611.0,655.0,686.0,694.0,697.0,709.0,732.0,735.0,749.0,762.0,773.0,793.0,813.0,861.0,984.0,1000.0,
30.0,30.0,31.0,193.0,210.0,210.0,238.0,278.0,441.0,471.0,494.0,504.0,531.0,555.0,581.0,591.0,603.0,662.0,748.0,820.0,823.0,845.0,875.0,897.0,907.0,940.0,942.0,960.0,966.0,969.0,986.0,996.0,
99.0,121.0,128.0,137.0,152.0,157.0,170.0,179.0,182.0,211.0,214.0,269.0,300.0,313.0,324.0,393.0,516.0,537.0,553.0,586.0,609.0,675.0,686.0,703.0,723.0,729.0,751.0,778.0,780.0,793.0,828.0,839.0,850.0,913.0,913.0,926.0,
17.0,24.0,31.0,39.0,168.0,184.0,219.0,257.0,265.0,327.0,335.0,337.0,343.0,397.0,405.0,444.0,458.0,509.0,515.0,585.0,599.0,602.0,627.0,630.0,653.0,678.0,724.0,806.0,867.0,878.0,898.0,902.0,920.0,935.0,
23.0,51.0,65.0,117.0,139.0,158.0,167.0,188.0,198.0,207.0,215.0,219.0,228.0,255.0,272.0,276.0,280.0,304.0,335.0,354.0,360.0,425.0,500.0,511.0,529.0,605.0,628.0,692.0,734.0,747.0,804.0,836.0,858.0,859.0,883.0,944.0,948.0,950.0,974.0,997.0,
82.0,128.0,165.0,200.0,247.0,250.0,267.0,282.0,353.0,377.0,467.0,483.0,541.0,606.0,607.0,611.0,613.0,614.0,616.0,633.0,637.0,690.0,737.0,777.0,810.0,812.0,821.0,875.0,896.0,922.0,953.0,955.0,963.0,988.0,
12.0,42.0,55.0,135.0,140.0,164.0,186.0,243.0,296.0,296.0,301.0,302.0,346.0,369.0,430.0,538.0,541.0,579.0,601.0,632.0,634.0,637.0,693.0,718.0,748.0,778.0,782.0,785.0,806.0,820.0,833.0,835.0,855.0,861.0,883.0,909.0,913.0,923.0,934.0,936.0,940.0,960.0,
26.0,88.0,88.0,99.0,110.0,130.0,133.0,168.0,177.0,187.0,200.0,216.0,226.0,281.0,304.0,330.0,330.0,351.0,373.0,491.0,571.0,608.0,665.0,677.0,718.0,720.0,744.0,822.0,829.0,873.0,881.0,959.0,979.0,
20.0,84.0,100.0,115.0,153.0,157.0,176.0,243.0,282.0,312.0,319.0,324.0,423.0,452.0,499.0,500.0,546.0,547.0,553.0,555.0,557.0,558.0,561.0,575.0,634.0,660.0,713.0,809.0,817.0,831.0,845.0,847.0,851.0,934.0,974.0,988.0,
24.0,32.0,42.0,96.0,107.0,197.0,207.0,264.0,276.0,282.0,295.0,301.0,304.0,331.0,347.0,375.0,389.0,397.0,407.0,516.0,520.0,523.0,528.0,531.0,532.0,535.0,543.0,544.0,552.0,558.0,566.0,568.0,571.0,572.0,583.0,590.0,593.0,594.0,596.0,597.0,597.0,597.0,607.0,613.0,625.0,630.0,630.0,639.0,663.0,680.0,689.0,717.0,717.0,719.0,734.0,777.0,781.0,790.0,793.0,803.0,815.0,818.0,824.0,829.0,833.0,843.0,845.0,859.0,860.0,862.0,867.0,875.0,882.0,886.0,889.0,896.0,915.0,929.0,933.0,936.0,939.0,968.0,974.0,979.0,
43.0,64.0,65.0,71.0,78.0,116.0,133.0,230.0,238.0,270.0,295.0,317.0,338.0,349.0,372.0,385.0,404.0,428.0,477.0,478.0,498.0,519.0,563.0,566.0,573.0,587.0,604.0,609.0,618.0,661.0,690.0,695.0,707.0,728.0,749.0,784.0,796.0,806.0,826.0,828.0,849.0,852.0,878.0,899.0,901.0,923.0,925.0,933.0,934.0,936.0,945.0,950.0,969.0,
13.0,47.0,62.0,66.0,69.0,78.0,100.0,209.0,219.0,296.0,353.0,361.0,425.0,436.0,452.0,478.0,490.0,587.0,600.0,609.0,625.0,652.0,710.0,842.0,916.0,920.0,932.0,937.0,944.0,955.0,994.0,
30.0,59.0,67.0,87.0,206.0,209.0,214.0,244.0,265.0,276.0,278.0,295.0,302.0,320.0,365.0,405.0,408.0,418.0,481.0,501.0,557.0,558.0,562.0,576.0,626.0,677.0,685.0,803.0,808.0,849.0,856.0,870.0,921.0,923.0,927.0,993.0,
10.0,12.0,12.0,15.0,24.0,68.0,83.0,161.0,241.0,317.0,330.0,343.0,353.0,359.0,364.0,365.0,448.0,478.0,481.0,606.0,613.0,672.0,686.0,717.0,831.0,832.0,849.0,879.0,886.0,928.0,942.0,962.0,969.0,988.0,994.0,
14.0,54.0,82.0,103.0,107.0,113.0,278.0,281.0,327.0,332.0,333.0,336.0,347.0,351.0,383.0,496.0,525.0,552.0,565.0,585.0,596.0,611.0,644.0,693.0,697.0,751.0,775.0,861.0,885.0,895.0,899.0,900.0,972.0,
38.0,54.0,69.0,125.0,132.0,169.0,186.0,243.0,265.0,278.0,282.0,382.0,427.0,427.0,437.0,479.0,483.0,490.0,504.0,517.0,562.0,566.0,579.0,583.0,619.0,669.0,670.0,676.0,702.0,704.0,749.0,785.0,861.0,864.0,900.0,941.0,955.0,982.0,987.0,993.0,
3.0,85.0,102.0,103.0,109.0,120.0,213.0,266.0,269.0,277.0,313.0,318.0,356.0,357.0,369.0,398.0,430.0,499.0,509.0,515.0,575.0,587.0,607.0,691.0,695.0,696.0,727.0,739.0,742.0,762.0,767.0,822.0,829.0,848.0,876.0,887.0,905.0,921.0,933.0,
9.0,16.0,25.0,43.0,52.0,77.0,139.0,151.0,202.0,208.0,260.0,278.0,290.0,295.0,314.0,330.0,348.0,363.0,394.0,400.0,446.0,482.0,504.0,568.0,626.0,640.0,700.0,702.0,713.0,728.0,741.0,754.0,762.0,766.0,814.0,817.0,822.0,927.0,937.0,980.0,
43.0,62.0,70.0,173.0,248.0,257.0,259.0,277.0,307.0,321.0,345.0,386.0,443.0,495.0,496.0,511.0,534.0,619.0,641.0,651.0,657.0,720.0,727.0,739.0,749.0,754.0,766.0,772.0,779.0,806.0,857.0,903.0,963.0,969.0,974.0,994.0,996.0,
14.0,16.0,24.0,26.0,32.0,72.0,96.0,103.0,107.0,112.0,148.0,152.0,171.0,178.0,179.0,198.0,205.0,254.0,308.0,363.0,372.0,401.0,424.0,432.0,480.0,535.0,590.0,598.0,620.0,639.0,640.0,664.0,669.0,686.0,689.0,693.0,723.0,727.0,729.0,741.0,750.0,755.0,767.0,775.0,779.0,780.0,791.0,815.0,892.0,910.0,946.0,956.0,
21.0,35.0,43.0,96.0,103.0,110.0,117.0,120.0,129.0,154.0,161.0,175.0,187.0,237.0,259.0,274.0,313.0,319.0,334.0,371.0,398.0,426.0,429.0,452.0,457.0,590.0,611.0,701.0,706.0,711.0,728.0,744.0,818.0,844.0,879.0,881.0,883.0,928.0,954.0,
4.0,6.0,25.0,36.0,134.0,176.0,219.0,259.0,279.0,284.0,328.0,373.0,423.0,439.0,462.0,522.0,634.0,643.0,721.0,726.0,770.0,796.0,805.0,835.0,892.0,923.0,946.0,949.0,968.0,969.0,
3.0,87.0,193.0,224.0,303.0,315.0,318.0,335.0,388.0,390.0,394.0,431.0,458.0,477.0,518.0,522.0,544.0,556.0,569.0,571.0,572.0,608.0,628.0,688.0,717.0,739.0,746.0,755.0,783.0,841.0,892.0,905.0,928.0,946.0,967.0,975.0,
7.0,7.0,19.0,32.0,34.0,78.0,78.0,90.0,107.0,165.0,170.0,176.0,187.0,201.0,217.0,230.0,238.0,250.0,252.0,305.0,312.0,325.0,359.0,423.0,438.0,448.0,478.0,549.0,601.0,624.0,626.0,640.0,647.0,651.0,693.0,791.0,813.0,830.0,865.0,907.0,912.0,935.0,947.0,964.0,995.0,
14.0,51.0,66.0,73.0,104.0,111.0,133.0,175.0,311.0,321.0,326.0,368.0,383.0,392.0,404.0,498.0,622.0,644.0,698.0,788.0,829.0,866.0,918.0,928.0,930.0,939.0,983.0,994.0,
113.0,123.0,169.0,195.0,227.0,238.0,245.0,250.0,287.0,306.0,398.0,454.0,464.0,480.0,506.0,507.0,539.0,546.0,579.0,583.0,656.0,687.0,699.0,737.0,774.0,775.0,809.0,842.0,845.0,860.0,890.0,933.0,948.0,
17.0,32.0,54.0,60.0,77.0,90.0,150.0,155.0,168.0,172.0,172.0,173.0,174.0,184.0,211.0,266.0,329.0,353.0,371.0,397.0,450.0,476.0,491.0,538.0,559.0,583.0,630.0,634.0,685.0,744.0,777.0,818.0,824.0,856.0,870.0,915.0,936.0,954.0,972.0,991.0,991.0,
24.0,40.0,101.0,159.0,201.0,226.0,260.0,268.0,281.0,283.0,315.0,332.0,385.0,393.0,407.0,492.0,495.0,514.0,537.0,552.0,559.0,565.0,571.0,585.0,616.0,681.0,696.0,718.0,734.0,745.0,775.0,797.0,799.0,801.0,819.0,826.0,853.0,885.0,888.0,956.0,987.0,987.0,
23.0,51.0,58.0,59.0,90.0,116.0,148.0,167.0,182.0,184.0,210.0,228.0,317.0,325.0,341.0,345.0,402.0,423.0,428.0,442.0,565.0,586.0,597.0,612.0,628.0,630.0,669.0,710.0,737.0,754.0,805.0,817.0,874.0,915.0,917.0,989.0,
44.0,93.0,122.0,176.0,228.0,232.0,236.0,246.0,262.0,302.0,314.0,401.0,462.0,489.0,493.0,496.0,514.0,590.0,594.0,601.0,624.0,634.0,662.0,673.0,717.0,761.0,767.0,791.0,833.0,838.0,865.0,872.0,876.0,879.0,910.0,923.0,940.0,989.0,
43.0,93.0,102.0,103.0,139.0,146.0,155.0,213.0,225.0,245.0,332.0,354.0,358.0,396.0,429.0,438.0,500.0,508.0,510.0,540.0,542.0,555.0,555.0,569.0,610.0,630.0,650.0,656.0,671.0,692.0,697.0,706.0,729.0,730.0,744.0,844.0,918.0,928.0,
3.0,18.0,136.0,162.0,193.0,199.0,256.0,258.0,264.0,324.0,342.0,407.0,529.0,534.0,549.0,578.0,588.0,667.0,673.0,707.0,759.0,812.0,818.0,862.0,872.0,873.0,874.0,908.0,974.0,977.0,
2.0,14.0,24.0,46.0,71.0,90.0,105.0,118.0,145.0,214.0,229.0,230.0,292.0,300.0,329.0,349.0,381.0,405.0,436.0,497.0,499.0,613.0,619.0,658.0,702.0,791.0,794.0,828.0,858.0,873.0,894.0,916.0,931.0,979.0,984.0,987.0,
19.0,21.0,82.0,148.0,152.0,206.0,243.0,253.0,257.0,288.0,295.0,302.0,358.0,368.0,376.0,384.0,391.0,393.0,404.0,417.0,536.0,555.0,574.0,576.0,583.0,606.0,608.0,620.0,641.0,670.0,684.0,699.0,749.0,774.0,798.0,837.0,856.0,857.0,870.0,877.0,953.0,963.0,
47.0,59.0,64.0,122.0,152.0,164.0,178.0,207.0,239.0,260.0,272.0,297.0,470.0,474.0,593.0,605.0,621.0,628.0,643.0,674.0,679.0,738.0,803.0,814.0,818.0,886.0,887.0,895.0,896.0,906.0,919.0,924.0,945.0,953.0,957.0,
16.0,17.0,25.0,65.0,70.0,78.0,151.0,152.0,190.0,191.0,193.0,231.0,257.0,260.0,306.0,320.0,400.0,432.0,472.0,525.0,546.0,547.0,563.0,567.0,575.0,579.0,608.0,623.0,668.0,672.0,693.0,743.0,765.0,773.0,831.0,842.0,850.0,859.0,920.0,927.0,960.0,993.0,1000.0,
39.0,147.0,173.0,210.0,220.0,224.0,254.0,293.0,301.0,307.0,343.0,365.0,365.0,378.0,385.0,393.0,395.0,444.0,449.0,514.0,519.0,543.0,554.0,555.0,563.0,581.0,623.0,666.0,698.0,728.0,751.0,800.0,830.0,835.0,844.0,887.0,888.0,906.0,
2.0,12.0,13.0,46.0,61.0,104.0,156.0,209.0,257.0,381.0,408.0,503.0,509.0,521.0,526.0,590.0,605.0,659.0,678.0,696.0,716.0,737.0,751.0,837.0,841.0,867.0,875.0,892.0,895.0,909.0,918.0,981.0,
15.0,48.0,49.0,124.0,127.0,143.0,154.0,195.0,220.0,273.0,316.0,336.0,372.0,437.0,473.0,542.0,602.0,617.0,620.0,626.0,645.0,682.0,697.0,706.0,740.0,750.0,753.0,771.0,831.0,842.0,843.0,955.0,
41.0,55.0,71.0,79.0,84.0,105.0,169.0,178.0,192.0,247.0,309.0,387.0,406.0,470.0,488.0,492.0,510.0,534.0,586.0,592.0,597.0,629.0,656.0,671.0,678.0,708.0,715.0,717.0,733.0,764.0,782.0,789.0,813.0,865.0,870.0,965.0,
27.0,45.0,89.0,101.0,122.0,124.0,127.0,129.0,162.0,182.0,193.0,246.0,266.0,284.0,315.0,390.0,414.0,420.0,436.0,458.0,485.0,488.0,503.0,512.0,594.0,609.0,611.0,638.0,641.0,689.0,728.0,753.0,823.0,
61.0,88.0,131.0,154.0,163.0,191.0,193.0,206.0,228.0,250.0,261.0,274.0,279.0,400.0,415.0,452.0,457.0,472.0,480.0,538.0,543.0,548.0,550.0,585.0,632.0,635.0,659.0,667.0,680.0,686.0,691.0,758.0,768.0,798.0,837.0,872.0,892.0,929.0,997.0,
29.0,34.0,42.0,85.0,91.0,105.0,113.0,133.0,143.0,239.0,246.0,260.0,263.0,345.0,405.0,407.0,424.0,497.0,501.0,518.0,536.0,546.0,578.0,614.0,671.0,699.0,704.0,728.0,756.0,758.0,776.0,805.0,905.0,916.0,926.0,
2.0,4.0,32.0,47.0,85.0,140.0,159.0,186.0,186.0,202.0,224.0,226.0,288.0,293.0,302.0,392.0,393.0,444.0,450.0,457.0,464.0,527.0,529.0,530.0,551.0,556.0,583.0,585.0,600.0,636.0,663.0,672.0,762.0,840.0,847.0,865.0,869.0,876.0,905.0,945.0,980.0,986.0,
27.0,38.0,44.0,44.0,47.0,79.0,81.0,149.0,184.0,189.0,194.0,196.0,211.0,224.0,225.0,226.0,297.0,318.0,336.0,395.0,416.0,432.0,451.0,475.0,484.0,509.0,540.0,560.0,572.0,587.0,697.0,698.0,767.0,839.0,890.0,892.0,923.0,926.0,950.0,968.0,987.0,
49.0,52.0,70.0,87.0,89.0,91.0,99.0,106.0,123.0,133.0,176.0,208.0,246.0,299.0,309.0,345.0,367.0,369.0,408.0,415.0,428.0,439.0,445.0,473.0,494.0,499.0,572.0,605.0,627.0,696.0,769.0,792.0,792.0,800.0,815.0,854.0,874.0,895.0,918.0,949.0,952.0,988.0,990.0,
49.0,49.0,58.0,79.0,134.0,138.0,159.0,190.0,190.0,212.0,269.0,281.0,290.0,342.0,361.0,392.0,396.0,402.0,403.0,415.0,427.0,433.0,478.0,496.0,521.0,551.0,562.0,577.0,627.0,687.0,857.0,863.0,888.0,888.0,896.0,983.0,
11.0,18.0,27.0,39.0,46.0,68.0,102.0,149.0,152.0,155.0,155.0,164.0,171.0,175.0,204.0,219.0,219.0,232.0,346.0,353.0,354.0,389.0,403.0,446.0,470.0,491.0,505.0,511.0,551.0,556.0,566.0,585.0,616.0,633.0,639.0,644.0,668.0,683.0,688.0,701.0,716.0,719.0,728.0,811.0,825.0,842.0,853.0,961.0,970.0,971.0,972.0,977.0,
85.0,114.0,134.0,190.0,195.0,198.0,235.0,253.0,292.0,319.0,321.0,367.0,377.0,400.0,433.0,477.0,494.0,507.0,507.0,514.0,529.0,586.0,590.0,623.0,639.0,639.0,691.0,698.0,721.0,790.0,826.0,843.0,870.0,887.0,929.0,936.0,962.0,
19.0,45.0,74.0,171.0,175.0,177.0,262.0,392.0,393.0,402.0,435.0,454.0,455.0,490.0,504.0,543.0,579.0,613.0,672.0,730.0,736.0,771.0,787.0,799.0,810.0,819.0,822.0,887.0,923.0,979.0,
87.0,108.0,242.0,279.0,280.0,287.0,317.0,322.0,359.0,414.0,438.0,443.0,466.0,487.0,520.0,535.0,552.0,569.0,574.0,588.0,600.0,629.0,676.0,685.0,717.0,730.0,732.0,781.0,791.0,812.0,816.0,830.0,872.0,892.0,938.0,948.0,
9.0,11.0,54.0,79.0,92.0,110.0,186.0,191.0,197.0,215.0,253.0,296.0,333.0,371.0,461.0,489.0,495.0,524.0,573.0,585.0,628.0,642.0,713.0,772.0,814.0,822.0,884.0,910.0,929.0,933.0,953.0,959.0,983.0,984.0,
25.0,53.0,61.0,142.0,187.0,203.0,203.0,216.0,220.0,233.0,261.0,299.0,380.0,458.0,522.0,550.0,552.0,572.0,585.0,590.0,662.0,674.0,700.0,751.0,777.0,804.0,809.0,838.0,853.0,863.0,864.0,876.0,916.0,945.0,956.0,976.0,990.0,
78.0,107.0,129.0,136.0,137.0,145.0,197.0,260.0,287.0,296.0,299.0,314.0,321.0,347.0,355.0,367.0,398.0,399.0,405.0,406.0,408.0,412.0,437.0,442.0,519.0,544.0,581.0,629.0,649.0,656.0,666.0,713.0,769.0,793.0,845.0,858.0,871.0,875.0,882.0,892.0,892.0,899.0,968.0,
