46.0,78.0,88.0,90.0,149.0,150.0,161.0,198.0,210.0,221.0,290.0,301.0,309.0,319.0,354.0,362.0,417.0,495.0,555.0,594.0,594.0,610.0,622.0,645.0,652.0,661.0,706.0,728.0,735.0,736.0,760.0,773.0,785.0,797.0,826.0,833.0,869.0,874.0,881.0,899.0,937.0,
2.0,24.0,48.0,89.0,139.0,151.0,180.0,197.0,210.0,334.0,355.0,444.0,447.0,471.0,476.0,480.0,493.0,569.0,599.0,604.0,607.0,653.0,684.0,700.0,717.0,736.0,743.0,745.0,753.0,806.0,899.0,912.0,944.0,957.0,962.0,966.0,970.0,
11.0,52.0,98.0,107.0,108.0,173.0,179.0,197.0,249.0,250.0,262.0,287.0,306.0,336.0,377.0,385.0,398.0,402.0,436.0,476.0,508.0,527.0,533.0,554.0,572.0,597.0,619.0,652.0,658.0,750.0,767.0,801.0,844.0,848.0,888.0,940.0,972.0,985.0,993.0,
24.0,55.0,73.0,102.0,103.0,108.0,142.0,142.0,156.0,172.0,217.0,222.0,275.0,282.0,306.0,341.0,346.0,359.0,367.0,460.0,464.0,575.0,594.0,603.0,605.0,617.0,641.0,657.0,698.0,708.0,711.0,714.0,737.0,808.0,840.0,905.0,917.0,922.0,957.0,975.0,993.0,
3.0,55.0,71.0,94.0,126.0,128.0,133.0,142.0,147.0,154.0,157.0,187.0,249.0,255.0,294.0,350.0,357.0,386.0,403.0,405.0,423.0,452.0,466.0,483.0,507.0,509.0,525.0,546.0,621.0,650.0,660.0,734.0,757.0,773.0,791.0,814.0,826.0,873.0,947.0,948.0,952.0,1000.0,
16.0,30.0,54.0,60.0,84.0,94.0,114.0,141.0,151.0,185.0,190.0,215.0,235.0,260.0,272.0,371.0,380.0,384.0,384.0,405.0,418.0,420.0,453.0,466.0,469.0,476.0,494.0,549.0,631.0,644.0,659.0,684.0,754.0,760.0,848.0,901.0,961.0,983.0,
11.0,17.0,19.0,22.0,41.0,53.0,102.0,138.0,142.0,154.0,190.0,195.0,240.0,250.0,258.0,286.0,300.0,320.0,321.0,336.0,382.0,420.0,470.0,488.0,549.0,563.0,573.0,627.0,629.0,638.0,648.0,652.0,701.0,714.0,717.0,739.0,758.0,762.0,788.0,873.0,942.0,958.0,989.0,
51.0,57.0,90.0,146.0,163.0,237.0,283.0,331.0,351.0,368.0,384.0,391.0,400.0,443.0,453.0,459.0,460.0,464.0,499.0,595.0,631.0,640.0,659.0,736.0,754.0,755.0,790.0,821.0,844.0,851.0,863.0,885.0,
3.0,58.0,73.0,153.0,200.0,212.0,391.0,432.0,444.0,483.0,537.0,569.0,583.0,634.0,655.0,665.0,670.0,676.0,746.0,766.0,767.0,778.0,792.0,814.0,846.0,854.0,861.0,863.0,959.0,981.0,992.0,
32.0,41.0,47.0,79.0,101.0,119.0,224.0,258.0,262.0,264.0,301.0,304.0,313.0,352.0,375.0,396.0,407.0,411.0,421.0,427.0,431.0,433.0,538.0,567.0,582.0,621.0,646.0,719.0,719.0,755.0,796.0,830.0,841.0,846.0,861.0,895.0,913.0,937.0,955.0,
33.0,62.0,70.0,144.0,152.0,162.0,231.0,255.0,257.0,270.0,327.0,329.0,336.0,342.0,356.0,374.0,425.0,500.0,530.0,609.0,617.0,649.0,754.0,798.0,833.0,875.0,926.0,930.0,932.0,950.0,966.0,978.0,983.0,
13.0,40.0,62.0,71.0,114.0,137.0,161.0,210.0,216.0,229.0,274.0,331.0,342.0,360.0,373.0,381.0,403.0,449.0,459.0,479.0,479.0,481.0,509.0,520.0,577.0,600.0,624.0,640.0,694.0,703.0,717.0,723.0,775.0,845.0,850.0,854.0,861.0,863.0,910.0,921.0,941.0,988.0,999.0,
20.0,20.0,21.0,49.0,62.0,86.0,91.0,92.0,205.0,212.0,223.0,329.0,366.0,408.0,428.0,441.0,457.0,490.0,496.0,523.0,541.0,552.0,625.0,678.0,699.0,734.0,770.0,801.0,818.0,821.0,822.0,903.0,907.0,921.0,944.0,997.0,
3.0,74.0,127.0,152.0,152.0,229.0,230.0,255.0,261.0,320.0,426.0,431.0,468.0,494.0,500.0,502.0,512.0,570.0,672.0,675.0,684.0,688.0,691.0,695.0,702.0,766.0,778.0,780.0,820.0,826.0,828.0,839.0,856.0,857.0,872.0,878.0,940.0,982.0,
19.0,24.0,30.0,60.0,80.0,84.0,124.0,155.0,179.0,187.0,200.0,231.0,249.0,260.0,298.0,299.0,302.0,318.0,371.0,400.0,423.0,444.0,483.0,502.0,687.0,692.0,694.0,699.0,712.0,735.0,757.0,762.0,788.0,802.0,804.0,821.0,829.0,847.0,854.0,860.0,867.0,876.0,893.0,899.0,919.0,951.0,951.0,957.0,965.0,973.0,979.0,997.0,
7.0,13.0,66.0,74.0,82.0,96.0,99.0,113.0,165.0,175.0,183.0,188.0,199.0,200.0,251.0,265.0,321.0,333.0,369.0,375.0,378.0,383.0,416.0,426.0,445.0,461.0,511.0,612.0,689.0,691.0,716.0,829.0,832.0,863.0,865.0,896.0,915.0,915.0,926.0,947.0,966.0,991.0,
4.0,7.0,34.0,37.0,65.0,78.0,92.0,104.0,112.0,143.0,233.0,268.0,312.0,315.0,406.0,423.0,491.0,493.0,495.0,578.0,603.0,629.0,691.0,702.0,743.0,749.0,755.0,795.0,854.0,855.0,945.0,969.0,
78.0,108.0,197.0,414.0,434.0,456.0,466.0,504.0,584.0,596.0,611.0,622.0,655.0,664.0,674.0,700.0,708.0,711.0,714.0,773.0,780.0,804.0,823.0,835.0,879.0,902.0,940.0,950.0,
5.0,6.0,27.0,33.0,51.0,95.0,96.0,135.0,177.0,216.0,331.0,363.0,365.0,414.0,435.0,441.0,460.0,495.0,524.0,559.0,606.0,661.0,775.0,791.0,795.0,836.0,842.0,872.0,874.0,960.0,976.0,981.0,
9.0,24.0,42.0,43.0,65.0,82.0,105.0,124.0,132.0,140.0,150.0,170.0,217.0,227.0,307.0,334.0,349.0,395.0,396.0,409.0,424.0,464.0,536.0,562.0,579.0,622.0,625.0,641.0,680.0,684.0,697.0,737.0,751.0,768.0,814.0,817.0,822.0,931.0,973.0,
3.0,4.0,39.0,156.0,170.0,193.0,212.0,240.0,322.0,324.0,324.0,359.0,376.0,389.0,420.0,427.0,476.0,488.0,529.0,555.0,559.0,563.0,568.0,605.0,610.0,623.0,717.0,722.0,753.0,833.0,835.0,852.0,869.0,873.0,914.0,934.0,983.0,984.0,
21.0,36.0,40.0,41.0,48.0,82.0,109.0,123.0,164.0,177.0,228.0,256.0,306.0,327.0,353.0,368.0,377.0,378.0,410.0,485.0,487.0,539.0,549.0,589.0,596.0,665.0,680.0,690.0,691.0,691.0,699.0,737.0,738.0,839.0,866.0,878.0,886.0,936.0,941.0,
17.0,28.0,111.0,130.0,132.0,146.0,154.0,156.0,233.0,266.0,305.0,307.0,335.0,341.0,346.0,365.0,368.0,406.0,409.0,502.0,544.0,568.0,593.0,610.0,619.0,629.0,664.0,697.0,729.0,847.0,869.0,873.0,874.0,877.0,893.0,917.0,924.0,925.0,945.0,
16.0,19.0,33.0,35.0,46.0,73.0,93.0,102.0,112.0,138.0,142.0,150.0,162.0,172.0,180.0,248.0,260.0,269.0,296.0,317.0,336.0,343.0,344.0,350.0,359.0,359.0,398.0,409.0,411.0,428.0,446.0,458.0,471.0,476.0,482.0,738.0,861.0,881.0,
57.0,150.0,183.0,209.0,227.0,315.0,323.0,327.0,337.0,368.0,381.0,440.0,447.0,471.0,
11.0,35.0,44.0,62.0,81.0,111.0,131.0,141.0,165.0,234.0,246.0,281.0,285.0,301.0,304.0,308.0,331.0,358.0,358.0,428.0,497.0,
14.0,72.0,123.0,183.0,214.0,238.0,263.0,289.0,301.0,309.0,323.0,352.0,419.0,463.0,487.0,
58.0,72.0,89.0,96.0,115.0,119.0,123.0,149.0,156.0,158.0,167.0,190.0,257.0,274.0,275.0,278.0,303.0,303.0,338.0,356.0,395.0,420.0,447.0,453.0,812.0,848.0,872.0,907.0,
88.0,123.0,130.0,136.0,163.0,171.0,185.0,195.0,243.0,259.0,312.0,327.0,331.0,333.0,375.0,380.0,461.0,470.0,479.0,491.0,600.0,715.0,721.0,729.0,784.0,845.0,882.0,892.0,903.0,904.0,924.0,975.0,985.0,986.0,
57.0,127.0,137.0,148.0,178.0,205.0,304.0,385.0,402.0,421.0,444.0,450.0,499.0,513.0,519.0,539.0,541.0,575.0,616.0,643.0,694.0,700.0,775.0,844.0,844.0,858.0,867.0,876.0,888.0,891.0,919.0,925.0,964.0,980.0,982.0,992.0,995.0,
25.0,30.0,48.0,63.0,77.0,82.0,85.0,142.0,147.0,174.0,295.0,334.0,344.0,378.0,415.0,434.0,535.0,587.0,605.0,607.0,659.0,659.0,660.0,661.0,696.0,723.0,755.0,796.0,800.0,805.0,806.0,815.0,910.0,934.0,
3.0,40.0,71.0,92.0,99.0,109.0,120.0,151.0,244.0,262.0,298.0,322.0,333.0,368.0,383.0,385.0,430.0,445.0,469.0,486.0,550.0,553.0,581.0,581.0,596.0,610.0,636.0,642.0,659.0,689.0,694.0,735.0,737.0,748.0,762.0,768.0,792.0,794.0,812.0,819.0,840.0,857.0,871.0,901.0,911.0,924.0,949.0,949.0,964.0,970.0,975.0,
47.0,75.0,89.0,112.0,130.0,145.0,150.0,153.0,182.0,205.0,254.0,326.0,328.0,331.0,369.0,382.0,386.0,429.0,487.0,962.0,
24.0,66.0,98.0,98.0,104.0,153.0,210.0,216.0,217.0,226.0,241.0,246.0,324.0,338.0,353.0,393.0,396.0,443.0,444.0,460.0,474.0,
36.0,43.0,98.0,111.0,211.0,239.0,257.0,286.0,324.0,329.0,367.0,388.0,428.0,429.0,493.0,505.0,876.0,982.0,
10.0,37.0,49.0,55.0,109.0,151.0,215.0,224.0,241.0,252.0,302.0,304.0,309.0,323.0,372.0,398.0,427.0,441.0,460.0,477.0,477.0,507.0,817.0,832.0,
53.0,82.0,116.0,149.0,157.0,157.0,206.0,213.0,226.0,230.0,234.0,256.0,282.0,304.0,394.0,401.0,412.0,433.0,458.0,853.0,990.0,
6.0,17.0,66.0,99.0,108.0,118.0,154.0,235.0,248.0,252.0,270.0,302.0,308.0,329.0,441.0,447.0,449.0,503.0,509.0,
26.0,36.0,85.0,136.0,142.0,143.0,208.0,215.0,225.0,281.0,284.0,316.0,340.0,380.0,386.0,409.0,489.0,769.0,792.0,824.0,957.0,989.0,
67.0,132.0,138.0,161.0,184.0,234.0,236.0,244.0,285.0,298.0,336.0,395.0,424.0,455.0,495.0,546.0,601.0,705.0,707.0,709.0,730.0,759.0,783.0,805.0,807.0,810.0,840.0,868.0,896.0,919.0,924.0,927.0,928.0,932.0,939.0,998.0,1000.0,
20.0,37.0,45.0,140.0,147.0,157.0,180.0,234.0,348.0,358.0,387.0,415.0,508.0,508.0,538.0,545.0,582.0,596.0,646.0,658.0,693.0,701.0,704.0,707.0,716.0,755.0,755.0,770.0,810.0,970.0,998.0,
49.0,71.0,79.0,177.0,198.0,220.0,221.0,300.0,356.0,387.0,388.0,397.0,422.0,434.0,441.0,449.0,495.0,586.0,644.0,655.0,716.0,727.0,738.0,764.0,775.0,805.0,840.0,869.0,881.0,916.0,922.0,922.0,930.0,943.0,982.0,
23.0,24.0,34.0,63.0,92.0,94.0,127.0,188.0,201.0,210.0,229.0,266.0,284.0,328.0,343.0,375.0,375.0,379.0,450.0,465.0,494.0,
21.0,93.0,117.0,194.0,201.0,244.0,279.0,301.0,304.0,382.0,390.0,394.0,399.0,405.0,417.0,446.0,455.0,475.0,820.0,984.0,
7.0,12.0,13.0,51.0,67.0,77.0,113.0,134.0,173.0,173.0,177.0,222.0,243.0,256.0,318.0,323.0,391.0,414.0,414.0,420.0,448.0,455.0,477.0,495.0,822.0,828.0,866.0,913.0,933.0,977.0,
40.0,89.0,110.0,120.0,139.0,141.0,150.0,158.0,175.0,205.0,208.0,226.0,241.0,272.0,318.0,324.0,341.0,347.0,424.0,469.0,472.0,503.0,751.0,776.0,797.0,797.0,945.0,956.0,958.0,993.0,
32.0,68.0,77.0,96.0,115.0,151.0,186.0,219.0,229.0,249.0,255.0,266.0,278.0,292.0,297.0,302.0,327.0,364.0,364.0,383.0,391.0,458.0,474.0,
19.0,52.0,130.0,192.0,279.0,330.0,367.0,403.0,435.0,490.0,499.0,883.0,952.0,
9.0,12.0,16.0,96.0,119.0,120.0,139.0,160.0,174.0,179.0,185.0,191.0,236.0,279.0,283.0,295.0,337.0,339.0,343.0,365.0,401.0,412.0,441.0,478.0,507.0,
11.0,57.0,73.0,75.0,140.0,168.0,261.0,285.0,309.0,313.0,338.0,351.0,414.0,438.0,458.0,466.0,483.0,502.0,568.0,587.0,625.0,723.0,765.0,768.0,805.0,809.0,846.0,857.0,892.0,925.0,963.0,968.0,981.0,
49.0,50.0,56.0,58.0,80.0,99.0,120.0,140.0,151.0,176.0,237.0,237.0,244.0,289.0,307.0,317.0,410.0,465.0,486.0,489.0,499.0,500.0,520.0,527.0,559.0,598.0,622.0,626.0,628.0,639.0,642.0,662.0,699.0,711.0,722.0,734.0,742.0,747.0,761.0,765.0,850.0,861.0,864.0,907.0,939.0,951.0,966.0,973.0,981.0,985.0,
4.0,10.0,16.0,24.0,100.0,118.0,148.0,171.0,210.0,221.0,221.0,233.0,242.0,251.0,268.0,274.0,284.0,288.0,346.0,361.0,386.0,393.0,471.0,475.0,729.0,744.0,747.0,797.0,819.0,884.0,886.0,894.0,913.0,937.0,953.0,
44.0,61.0,64.0,75.0,119.0,189.0,244.0,253.0,268.0,290.0,348.0,359.0,375.0,375.0,380.0,411.0,457.0,473.0,498.0,
117.0,174.0,181.0,207.0,216.0,231.0,252.0,264.0,350.0,388.0,399.0,433.0,434.0,819.0,822.0,895.0,961.0,997.0,
41.0,71.0,74.0,114.0,129.0,150.0,161.0,173.0,177.0,181.0,192.0,234.0,254.0,257.0,300.0,354.0,363.0,381.0,436.0,489.0,492.0,502.0,745.0,788.0,870.0,893.0,910.0,981.0,
22.0,40.0,44.0,54.0,60.0,82.0,94.0,112.0,123.0,133.0,140.0,166.0,262.0,312.0,352.0,361.0,374.0,392.0,437.0,469.0,762.0,768.0,905.0,921.0,929.0,
51.0,70.0,71.0,81.0,224.0,268.0,270.0,343.0,345.0,401.0,726.0,1000.0,
15.0,22.0,74.0,91.0,92.0,114.0,198.0,204.0,276.0,317.0,339.0,356.0,358.0,361.0,428.0,861.0,914.0,941.0,
9.0,37.0,46.0,77.0,164.0,190.0,205.0,207.0,209.0,235.0,238.0,249.0,253.0,337.0,340.0,353.0,368.0,401.0,428.0,448.0,462.0,491.0,508.0,
85.0,154.0,158.0,234.0,243.0,281.0,296.0,302.0,318.0,337.0,356.0,362.0,385.0,401.0,442.0,457.0,467.0,510.0,514.0,584.0,604.0,711.0,714.0,724.0,735.0,819.0,837.0,900.0,920.0,977.0,
3.0,22.0,41.0,60.0,84.0,101.0,117.0,161.0,173.0,227.0,236.0,243.0,248.0,280.0,293.0,294.0,334.0,335.0,382.0,420.0,468.0,517.0,526.0,576.0,607.0,618.0,642.0,645.0,671.0,681.0,710.0,789.0,807.0,826.0,862.0,863.0,880.0,891.0,894.0,972.0,
17.0,42.0,52.0,52.0,69.0,73.0,74.0,109.0,135.0,186.0,195.0,257.0,258.0,310.0,403.0,431.0,433.0,436.0,444.0,465.0,491.0,505.0,582.0,588.0,606.0,621.0,634.0,662.0,673.0,689.0,692.0,746.0,757.0,787.0,847.0,865.0,878.0,886.0,905.0,967.0,987.0,
7.0,52.0,76.0,77.0,78.0,113.0,176.0,296.0,302.0,303.0,306.0,315.0,357.0,405.0,442.0,485.0,493.0,
126.0,225.0,252.0,257.0,287.0,287.0,345.0,350.0,380.0,393.0,398.0,424.0,427.0,442.0,477.0,488.0,837.0,908.0,970.0,
8.0,67.0,107.0,116.0,141.0,147.0,182.0,208.0,248.0,262.0,272.0,290.0,326.0,326.0,366.0,500.0,857.0,878.0,911.0,938.0,983.0,
13.0,132.0,140.0,246.0,259.0,263.0,268.0,338.0,391.0,395.0,423.0,434.0,434.0,446.0,462.0,761.0,800.0,808.0,841.0,867.0,887.0,940.0,946.0,981.0,
102.0,141.0,166.0,203.0,229.0,275.0,298.0,325.0,352.0,385.0,391.0,397.0,411.0,446.0,483.0,501.0,506.0,737.0,844.0,901.0,938.0,993.0,
11.0,25.0,40.0,76.0,105.0,135.0,194.0,214.0,241.0,242.0,250.0,283.0,301.0,347.0,353.0,375.0,388.0,417.0,455.0,458.0,483.0,489.0,495.0,
44.0,56.0,63.0,76.0,123.0,174.0,199.0,261.0,289.0,291.0,293.0,294.0,315.0,367.0,380.0,383.0,413.0,423.0,468.0,482.0,497.0,509.0,
10.0,23.0,27.0,83.0,118.0,149.0,175.0,204.0,221.0,299.0,306.0,355.0,402.0,454.0,488.0,492.0,511.0,620.0,647.0,648.0,672.0,685.0,706.0,772.0,802.0,807.0,873.0,879.0,883.0,897.0,904.0,980.0,
69.0,103.0,129.0,169.0,205.0,234.0,249.0,362.0,515.0,532.0,549.0,551.0,558.0,639.0,650.0,675.0,708.0,712.0,719.0,725.0,757.0,773.0,802.0,807.0,826.0,826.0,864.0,869.0,888.0,924.0,936.0,942.0,962.0,
30.0,31.0,138.0,148.0,153.0,154.0,196.0,215.0,243.0,243.0,266.0,276.0,280.0,336.0,346.0,403.0,414.0,513.0,619.0,671.0,673.0,675.0,677.0,679.0,693.0,695.0,697.0,742.0,785.0,788.0,788.0,804.0,814.0,837.0,862.0,900.0,901.0,904.0,908.0,932.0,948.0,972.0,982.0,
126.0,158.0,159.0,180.0,187.0,192.0,317.0,471.0,472.0,494.0,827.0,836.0,872.0,921.0,975.0,
17.0,31.0,65.0,69.0,69.0,88.0,122.0,157.0,207.0,252.0,305.0,320.0,335.0,337.0,350.0,398.0,429.0,429.0,446.0,466.0,
22.0,32.0,50.0,102.0,202.0,206.0,230.0,267.0,405.0,410.0,486.0,492.0,753.0,
8.0,36.0,120.0,141.0,146.0,166.0,180.0,229.0,233.0,272.0,276.0,290.0,314.0,332.0,376.0,377.0,400.0,420.0,443.0,833.0,862.0,901.0,916.0,934.0,
37.0,60.0,150.0,193.0,203.0,216.0,254.0,259.0,304.0,343.0,382.0,392.0,427.0,428.0,496.0,504.0,824.0,837.0,
48.0,79.0,97.0,107.0,139.0,140.0,191.0,256.0,279.0,283.0,296.0,298.0,330.0,347.0,362.0,428.0,443.0,444.0,494.0,
8.0,20.0,28.0,42.0,62.0,81.0,143.0,156.0,232.0,273.0,353.0,410.0,424.0,430.0,431.0,431.0,472.0,484.0,923.0,947.0,972.0,
36.0,48.0,52.0,58.0,72.0,122.0,145.0,146.0,163.0,172.0,192.0,232.0,285.0,315.0,331.0,386.0,406.0,419.0,451.0,545.0,551.0,570.0,639.0,648.0,662.0,663.0,680.0,705.0,721.0,733.0,747.0,758.0,783.0,784.0,801.0,853.0,855.0,858.0,863.0,866.0,874.0,888.0,888.0,895.0,907.0,909.0,913.0,917.0,952.0,978.0,988.0,
9.0,9.0,32.0,103.0,125.0,131.0,138.0,142.0,167.0,173.0,195.0,239.0,254.0,254.0,263.0,280.0,311.0,316.0,392.0,400.0,412.0,420.0,433.0,460.0,479.0,503.0,535.0,550.0,568.0,606.0,607.0,710.0,789.0,795.0,854.0,874.0,899.0,925.0,933.0,982.0,
55.0,83.0,102.0,147.0,181.0,186.0,208.0,234.0,274.0,334.0,372.0,380.0,438.0,470.0,515.0,526.0,547.0,585.0,650.0,668.0,679.0,729.0,756.0,787.0,856.0,879.0,886.0,920.0,985.0,
55.0,59.0,77.0,77.0,100.0,165.0,218.0,240.0,258.0,268.0,283.0,313.0,315.0,368.0,379.0,382.0,397.0,403.0,447.0,451.0,568.0,579.0,628.0,683.0,699.0,713.0,733.0,777.0,814.0,818.0,818.0,825.0,838.0,849.0,875.0,876.0,876.0,922.0,930.0,939.0,945.0,959.0,984.0,
6.0,32.0,43.0,70.0,79.0,102.0,112.0,135.0,149.0,155.0,157.0,160.0,203.0,243.0,283.0,298.0,306.0,322.0,327.0,329.0,401.0,419.0,431.0,501.0,771.0,779.0,888.0,
14.0,37.0,73.0,121.0,146.0,170.0,223.0,289.0,332.0,338.0,504.0,505.0,511.0,
11.0,31.0,117.0,119.0,120.0,122.0,143.0,156.0,160.0,165.0,185.0,194.0,205.0,206.0,234.0,317.0,322.0,340.0,377.0,380.0,404.0,446.0,455.0,472.0,494.0,494.0,499.0,
20.0,76.0,77.0,78.0,119.0,165.0,214.0,217.0,272.0,291.0,302.0,393.0,424.0,439.0,483.0,493.0,496.0,503.0,
3.0,25.0,40.0,78.0,79.0,82.0,100.0,110.0,123.0,132.0,135.0,246.0,270.0,279.0,302.0,313.0,327.0,380.0,386.0,408.0,416.0,456.0,499.0,794.0,794.0,950.0,
56.0,118.0,130.0,138.0,143.0,145.0,146.0,148.0,152.0,186.0,201.0,203.0,364.0,390.0,462.0,492.0,508.0,556.0,600.0,602.0,619.0,623.0,629.0,668.0,675.0,682.0,688.0,699.0,716.0,737.0,739.0,742.0,842.0,871.0,902.0,939.0,959.0,962.0,965.0,
79.0,80.0,83.0,87.0,100.0,182.0,187.0,226.0,273.0,292.0,294.0,296.0,399.0,402.0,405.0,470.0,475.0,502.0,559.0,586.0,622.0,652.0,690.0,705.0,720.0,743.0,812.0,886.0,900.0,934.0,936.0,951.0,958.0,
4.0,23.0,26.0,45.0,51.0,71.0,98.0,108.0,127.0,134.0,178.0,299.0,398.0,400.0,414.0,428.0,470.0,489.0,504.0,710.0,718.0,754.0,783.0,910.0,929.0,934.0,
9.0,45.0,50.0,86.0,94.0,96.0,97.0,108.0,121.0,138.0,197.0,224.0,319.0,329.0,342.0,378.0,411.0,418.0,424.0,460.0,468.0,531.0,537.0,546.0,555.0,558.0,560.0,623.0,661.0,673.0,751.0,778.0,820.0,872.0,938.0,958.0,964.0,
50.0,56.0,76.0,112.0,126.0,127.0,144.0,166.0,191.0,205.0,225.0,244.0,269.0,305.0,349.0,355.0,374.0,393.0,463.0,490.0,527.0,599.0,628.0,642.0,662.0,672.0,687.0,691.0,711.0,728.0,738.0,749.0,775.0,777.0,800.0,806.0,825.0,831.0,847.0,854.0,870.0,881.0,956.0,978.0,979.0,
27.0,97.0,118.0,153.0,172.0,178.0,180.0,240.0,273.0,304.0,335.0,348.0,374.0,379.0,389.0,410.0,487.0,497.0,499.0,511.0,524.0,538.0,590.0,627.0,642.0,648.0,650.0,653.0,664.0,664.0,671.0,673.0,679.0,745.0,764.0,774.0,798.0,805.0,806.0,818.0,818.0,826.0,851.0,878.0,913.0,951.0,961.0,966.0,984.0,
36.0,57.0,62.0,85.0,88.0,90.0,166.0,272.0,321.0,329.0,345.0,350.0,365.0,415.0,423.0,427.0,430.0,514.0,563.0,594.0,603.0,680.0,710.0,722.0,725.0,774.0,775.0,789.0,811.0,842.0,887.0,905.0,918.0,939.0,961.0,975.0,992.0,997.0,
33.0,47.0,60.0,109.0,123.0,128.0,130.0,169.0,306.0,352.0,431.0,450.0,456.0,467.0,472.0,504.0,508.0,625.0,658.0,676.0,686.0,726.0,732.0,764.0,767.0,776.0,780.0,803.0,859.0,874.0,938.0,998.0,
44.0,62.0,130.0,163.0,166.0,203.0,204.0,301.0,303.0,313.0,329.0,402.0,405.0,445.0,465.0,475.0,619.0,632.0,666.0,668.0,709.0,738.0,756.0,778.0,810.0,813.0,883.0,886.0,896.0,900.0,903.0,919.0,930.0,952.0,964.0,992.0,
21.0,43.0,62.0,74.0,93.0,136.0,216.0,253.0,291.0,329.0,380.0,390.0,447.0,451.0,487.0,515.0,523.0,569.0,575.0,586.0,592.0,611.0,673.0,681.0,715.0,736.0,804.0,836.0,864.0,868.0,881.0,900.0,911.0,919.0,947.0,979.0,986.0,
15.0,46.0,48.0,72.0,96.0,172.0,295.0,301.0,356.0,356.0,401.0,429.0,450.0,468.0,489.0,490.0,552.0,560.0,562.0,568.0,606.0,619.0,639.0,673.0,682.0,695.0,697.0,723.0,732.0,742.0,743.0,781.0,788.0,867.0,936.0,943.0,944.0,977.0,981.0,983.0,996.0,
20.0,67.0,93.0,117.0,151.0,170.0,207.0,222.0,230.0,268.0,305.0,338.0,341.0,352.0,354.0,391.0,401.0,451.0,481.0,492.0,505.0,519.0,530.0,548.0,549.0,579.0,580.0,596.0,602.0,619.0,660.0,680.0,680.0,689.0,695.0,708.0,733.0,734.0,772.0,783.0,786.0,818.0,889.0,915.0,916.0,919.0,990.0,
