19.0,25.0,27.0,27.0,31.0,56.0,80.0,99.0,104.0,110.0,126.0,170.0,180.0,196.0,208.0,219.0,259.0,267.0,278.0,332.0,344.0,349.0,355.0,408.0,410.0,416.0,439.0,507.0,551.0,615.0,641.0,671.0,681.0,696.0,700.0,824.0,837.0,893.0,917.0,
31.0,141.0,148.0,207.0,216.0,244.0,246.0,259.0,273.0,301.0,305.0,318.0,344.0,379.0,386.0,402.0,452.0,468.0,605.0,617.0,650.0,667.0,779.0,807.0,831.0,861.0,887.0,907.0,917.0,918.0,956.0,983.0,987.0,
6.0,75.0,98.0,101.0,110.0,136.0,188.0,224.0,236.0,255.0,360.0,361.0,365.0,389.0,544.0,557.0,618.0,626.0,645.0,650.0,666.0,720.0,732.0,830.0,839.0,853.0,895.0,938.0,943.0,958.0,
85.0,93.0,168.0,226.0,267.0,329.0,331.0,333.0,351.0,417.0,425.0,426.0,434.0,484.0,492.0,519.0,576.0,582.0,588.0,613.0,660.0,666.0,780.0,781.0,785.0,899.0,917.0,917.0,918.0,937.0,949.0,966.0,969.0,986.0,996.0,
18.0,42.0,91.0,167.0,181.0,247.0,305.0,350.0,353.0,382.0,386.0,477.0,516.0,529.0,561.0,562.0,586.0,611.0,618.0,647.0,651.0,651.0,651.0,697.0,698.0,723.0,745.0,794.0,829.0,829.0,869.0,872.0,876.0,880.0,904.0,909.0,939.0,940.0,951.0,981.0,985.0,
83.0,86.0,93.0,109.0,119.0,140.0,146.0,219.0,238.0,354.0,358.0,363.0,378.0,400.0,412.0,437.0,444.0,518.0,528.0,565.0,584.0,621.0,624.0,650.0,665.0,675.0,713.0,725.0,727.0,764.0,796.0,871.0,875.0,919.0,923.0,934.0,947.0,960.0,993.0,996.0,
49.0,51.0,53.0,146.0,149.0,170.0,183.0,191.0,200.0,244.0,284.0,286.0,288.0,305.0,325.0,329.0,350.0,379.0,418.0,456.0,461.0,467.0,481.0,482.0,487.0,494.0,498.0,542.0,546.0,547.0,694.0,712.0,715.0,725.0,752.0,790.0,799.0,875.0,899.0,974.0,995.0,
4.0,112.0,141.0,149.0,194.0,212.0,216.0,304.0,403.0,450.0,555.0,568.0,620.0,632.0,647.0,656.0,669.0,712.0,752.0,758.0,767.0,771.0,789.0,816.0,869.0,878.0,915.0,927.0,927.0,941.0,957.0,999.0,
21.0,81.0,111.0,130.0,143.0,152.0,170.0,180.0,191.0,216.0,276.0,295.0,400.0,431.0,441.0,465.0,509.0,530.0,558.0,567.0,577.0,585.0,589.0,593.0,596.0,617.0,640.0,655.0,739.0,806.0,813.0,836.0,866.0,867.0,873.0,911.0,930.0,975.0,987.0,
38.0,128.0,225.0,229.0,237.0,302.0,327.0,370.0,428.0,484.0,537.0,542.0,594.0,603.0,632.0,681.0,691.0,745.0,748.0,756.0,788.0,818.0,829.0,849.0,891.0,914.0,916.0,975.0,
33.0,49.0,76.0,86.0,91.0,130.0,155.0,230.0,274.0,306.0,311.0,322.0,338.0,385.0,490.0,500.0,504.0,512.0,530.0,570.0,601.0,613.0,652.0,654.0,662.0,699.0,740.0,749.0,756.0,850.0,864.0,884.0,916.0,936.0,959.0,959.0,968.0,
54.0,111.0,116.0,137.0,177.0,191.0,208.0,219.0,219.0,221.0,252.0,254.0,264.0,273.0,332.0,370.0,376.0,509.0,534.0,558.0,567.0,582.0,590.0,603.0,640.0,655.0,736.0,742.0,753.0,761.0,776.0,836.0,864.0,879.0,938.0,941.0,949.0,974.0,985.0,
2.0,30.0,33.0,34.0,44.0,48.0,67.0,75.0,100.0,124.0,157.0,172.0,196.0,216.0,253.0,257.0,347.0,350.0,415.0,420.0,495.0,518.0,525.0,528.0,610.0,621.0,658.0,742.0,764.0,805.0,807.0,810.0,836.0,879.0,883.0,915.0,931.0,989.0,
16.0,16.0,180.0,232.0,253.0,255.0,263.0,327.0,331.0,333.0,354.0,356.0,398.0,399.0,401.0,450.0,462.0,474.0,476.0,484.0,613.0,632.0,641.0,673.0,693.0,784.0,786.0,824.0,873.0,921.0,963.0,973.0,979.0,
50.0,96.0,134.0,293.0,381.0,456.0,467.0,488.0,494.0,503.0,525.0,561.0,736.0,743.0,751.0,761.0,764.0,766.0,780.0,823.0,829.0,834.0,928.0,932.0,954.0,961.0,988.0,994.0,
41.0,41.0,90.0,98.0,110.0,128.0,167.0,183.0,219.0,224.0,238.0,260.0,300.0,321.0,371.0,409.0,412.0,452.0,526.0,533.0,613.0,686.0,694.0,769.0,778.0,785.0,814.0,823.0,826.0,845.0,877.0,924.0,982.0,
33.0,39.0,43.0,49.0,87.0,94.0,113.0,145.0,233.0,258.0,267.0,294.0,314.0,373.0,380.0,497.0,533.0,570.0,570.0,622.0,726.0,768.0,807.0,933.0,980.0,
31.0,41.0,113.0,121.0,142.0,155.0,177.0,180.0,239.0,251.0,254.0,260.0,279.0,281.0,284.0,323.0,356.0,453.0,502.0,524.0,551.0,562.0,582.0,585.0,598.0,702.0,734.0,752.0,760.0,879.0,903.0,969.0,970.0,
28.0,38.0,94.0,136.0,149.0,156.0,212.0,271.0,285.0,288.0,322.0,358.0,369.0,390.0,444.0,511.0,565.0,611.0,632.0,633.0,781.0,793.0,794.0,809.0,821.0,822.0,828.0,892.0,919.0,923.0,932.0,933.0,934.0,
20.0,45.0,54.0,70.0,153.0,190.0,190.0,208.0,221.0,226.0,243.0,246.0,280.0,283.0,315.0,392.0,418.0,454.0,479.0,511.0,516.0,533.0,562.0,572.0,580.0,581.0,596.0,603.0,640.0,658.0,674.0,731.0,739.0,740.0,761.0,762.0,784.0,797.0,819.0,862.0,863.0,916.0,956.0,964.0,986.0,
25.0,33.0,58.0,97.0,111.0,130.0,205.0,235.0,256.0,330.0,347.0,438.0,464.0,538.0,572.0,593.0,621.0,643.0,711.0,751.0,752.0,753.0,754.0,773.0,784.0,835.0,840.0,868.0,954.0,963.0,974.0,
9.0,11.0,15.0,49.0,59.0,71.0,81.0,89.0,118.0,118.0,153.0,176.0,230.0,242.0,294.0,300.0,304.0,352.0,381.0,399.0,428.0,433.0,481.0,511.0,539.0,564.0,589.0,626.0,651.0,662.0,664.0,689.0,761.0,791.0,819.0,833.0,835.0,859.0,882.0,884.0,928.0,962.0,969.0,984.0,987.0,
3.0,22.0,36.0,139.0,165.0,170.0,208.0,223.0,236.0,258.0,259.0,269.0,293.0,300.0,305.0,343.0,355.0,366.0,413.0,448.0,529.0,536.0,536.0,556.0,562.0,585.0,605.0,685.0,697.0,746.0,759.0,796.0,796.0,822.0,875.0,904.0,905.0,920.0,926.0,949.0,958.0,971.0,
6.0,13.0,19.0,51.0,55.0,69.0,220.0,222.0,271.0,290.0,294.0,342.0,365.0,425.0,457.0,469.0,506.0,554.0,600.0,634.0,682.0,750.0,806.0,826.0,844.0,879.0,910.0,911.0,920.0,
2.0,39.0,42.0,61.0,78.0,154.0,231.0,236.0,286.0,314.0,362.0,376.0,389.0,405.0,446.0,463.0,478.0,503.0,509.0,583.0,584.0,601.0,620.0,628.0,638.0,653.0,692.0,698.0,706.0,737.0,748.0,883.0,914.0,932.0,944.0,948.0,973.0,
9.0,68.0,85.0,89.0,103.0,119.0,159.0,160.0,178.0,212.0,239.0,243.0,271.0,297.0,305.0,322.0,371.0,404.0,414.0,447.0,469.0,487.0,601.0,632.0,716.0,749.0,757.0,822.0,839.0,851.0,871.0,872.0,940.0,962.0,971.0,
22.0,34.0,44.0,49.0,169.0,182.0,285.0,317.0,347.0,361.0,407.0,454.0,499.0,507.0,538.0,542.0,574.0,581.0,598.0,671.0,680.0,705.0,721.0,751.0,776.0,788.0,816.0,859.0,869.0,872.0,877.0,974.0,984.0,986.0,
2.0,16.0,63.0,77.0,150.0,216.0,284.0,387.0,404.0,408.0,552.0,620.0,636.0,637.0,644.0,661.0,695.0,705.0,708.0,722.0,740.0,745.0,757.0,774.0,774.0,800.0,811.0,827.0,832.0,864.0,892.0,895.0,916.0,939.0,963.0,983.0,
72.0,120.0,150.0,163.0,165.0,219.0,232.0,243.0,300.0,306.0,326.0,335.0,348.0,349.0,350.0,375.0,380.0,398.0,408.0,411.0,415.0,421.0,441.0,581.0,594.0,607.0,624.0,652.0,658.0,667.0,683.0,703.0,708.0,727.0,728.0,733.0,741.0,777.0,814.0,834.0,856.0,871.0,897.0,967.0,979.0,993.0,
4.0,31.0,50.0,85.0,90.0,160.0,185.0,210.0,222.0,279.0,288.0,425.0,468.0,521.0,571.0,595.0,597.0,653.0,656.0,692.0,693.0,919.0,974.0,982.0,
48.0,56.0,57.0,68.0,70.0,72.0,88.0,142.0,149.0,200.0,259.0,262.0,275.0,365.0,373.0,375.0,404.0,566.0,615.0,660.0,671.0,705.0,706.0,763.0,774.0,782.0,783.0,817.0,852.0,860.0,861.0,914.0,941.0,950.0,994.0,
54.0,67.0,112.0,118.0,149.0,184.0,193.0,204.0,233.0,244.0,304.0,341.0,353.0,369.0,401.0,420.0,426.0,481.0,531.0,570.0,627.0,671.0,677.0,752.0,782.0,884.0,
9.0,36.0,39.0,62.0,68.0,97.0,105.0,151.0,152.0,232.0,245.0,266.0,272.0,352.0,355.0,367.0,418.0,436.0,475.0,478.0,505.0,531.0,561.0,585.0,597.0,653.0,750.0,753.0,829.0,874.0,886.0,892.0,899.0,901.0,921.0,944.0,953.0,960.0,983.0,
52.0,72.0,73.0,138.0,183.0,213.0,244.0,358.0,402.0,453.0,477.0,480.0,486.0,497.0,504.0,517.0,529.0,543.0,597.0,662.0,744.0,779.0,841.0,858.0,868.0,888.0,926.0,952.0,
30.0,96.0,111.0,126.0,180.0,183.0,187.0,213.0,242.0,255.0,264.0,266.0,294.0,329.0,332.0,418.0,451.0,469.0,479.0,526.0,591.0,601.0,681.0,697.0,714.0,720.0,743.0,765.0,769.0,789.0,797.0,828.0,927.0,980.0,982.0,
10.0,16.0,47.0,64.0,161.0,187.0,240.0,300.0,301.0,398.0,429.0,465.0,476.0,484.0,488.0,502.0,508.0,526.0,542.0,584.0,592.0,594.0,598.0,610.0,685.0,730.0,778.0,791.0,807.0,833.0,847.0,943.0,950.0,971.0,
24.0,103.0,109.0,119.0,138.0,141.0,191.0,218.0,222.0,260.0,261.0,274.0,277.0,279.0,327.0,349.0,441.0,466.0,467.0,477.0,504.0,509.0,512.0,513.0,530.0,535.0,538.0,576.0,579.0,586.0,598.0,628.0,638.0,660.0,672.0,683.0,728.0,770.0,812.0,823.0,826.0,875.0,877.0,878.0,878.0,889.0,914.0,918.0,994.0,
20.0,21.0,28.0,37.0,51.0,55.0,72.0,97.0,117.0,128.0,170.0,172.0,215.0,224.0,233.0,277.0,284.0,291.0,310.0,319.0,342.0,456.0,458.0,468.0,472.0,542.0,549.0,560.0,586.0,591.0,646.0,653.0,656.0,691.0,692.0,730.0,745.0,746.0,789.0,853.0,866.0,878.0,921.0,963.0,969.0,
66.0,75.0,77.0,99.0,125.0,168.0,210.0,219.0,239.0,253.0,263.0,287.0,304.0,418.0,436.0,441.0,466.0,475.0,491.0,496.0,498.0,526.0,550.0,562.0,567.0,575.0,576.0,621.0,679.0,695.0,698.0,740.0,805.0,805.0,819.0,827.0,857.0,860.0,865.0,876.0,882.0,902.0,967.0,
12.0,17.0,27.0,41.0,46.0,84.0,102.0,112.0,143.0,234.0,248.0,275.0,292.0,314.0,315.0,318.0,341.0,343.0,363.0,380.0,386.0,393.0,450.0,460.0,508.0,519.0,539.0,553.0,562.0,570.0,606.0,679.0,720.0,724.0,859.0,901.0,916.0,970.0,972.0,981.0,985.0,987.0,
29.0,43.0,47.0,56.0,100.0,125.0,233.0,236.0,295.0,304.0,423.0,535.0,622.0,624.0,626.0,647.0,659.0,687.0,708.0,811.0,823.0,857.0,898.0,918.0,969.0,988.0,
48.0,75.0,77.0,156.0,178.0,233.0,245.0,284.0,298.0,353.0,357.0,380.0,392.0,401.0,430.0,452.0,464.0,470.0,489.0,520.0,552.0,565.0,571.0,592.0,598.0,625.0,653.0,655.0,720.0,750.0,756.0,813.0,864.0,907.0,932.0,980.0,981.0,
23.0,25.0,36.0,38.0,42.0,130.0,165.0,171.0,215.0,224.0,282.0,301.0,304.0,342.0,348.0,378.0,411.0,431.0,445.0,472.0,509.0,600.0,613.0,617.0,653.0,658.0,775.0,776.0,825.0,866.0,894.0,920.0,929.0,957.0,960.0,
4.0,20.0,86.0,101.0,110.0,116.0,154.0,189.0,210.0,251.0,362.0,399.0,416.0,424.0,447.0,471.0,478.0,484.0,587.0,605.0,616.0,620.0,642.0,670.0,678.0,678.0,686.0,693.0,745.0,747.0,761.0,784.0,792.0,799.0,820.0,876.0,905.0,916.0,920.0,949.0,953.0,953.0,993.0,
37.0,84.0,110.0,111.0,114.0,114.0,175.0,175.0,211.0,214.0,224.0,235.0,303.0,336.0,348.0,414.0,470.0,508.0,634.0,879.0,880.0,938.0,942.0,979.0,
34.0,65.0,68.0,88.0,129.0,143.0,150.0,157.0,168.0,168.0,195.0,195.0,221.0,227.0,237.0,292.0,295.0,303.0,304.0,305.0,314.0,402.0,420.0,486.0,507.0,
133.0,156.0,156.0,186.0,196.0,229.0,260.0,274.0,280.0,289.0,304.0,345.0,351.0,366.0,436.0,463.0,496.0,603.0,644.0,689.0,720.0,728.0,752.0,758.0,797.0,834.0,840.0,881.0,977.0,987.0,
10.0,30.0,44.0,61.0,75.0,78.0,89.0,101.0,102.0,142.0,172.0,191.0,265.0,268.0,297.0,318.0,383.0,458.0,471.0,480.0,490.0,552.0,565.0,587.0,628.0,636.0,641.0,645.0,660.0,678.0,686.0,706.0,707.0,711.0,799.0,808.0,828.0,829.0,852.0,864.0,895.0,938.0,953.0,957.0,983.0,
21.0,33.0,65.0,93.0,117.0,120.0,139.0,141.0,147.0,170.0,175.0,198.0,234.0,244.0,245.0,252.0,276.0,277.0,299.0,304.0,306.0,318.0,329.0,351.0,360.0,367.0,368.0,384.0,401.0,419.0,429.0,445.0,475.0,494.0,592.0,625.0,659.0,662.0,800.0,852.0,872.0,882.0,886.0,893.0,926.0,993.0,
41.0,70.0,79.0,114.0,121.0,164.0,179.0,206.0,208.0,259.0,266.0,267.0,281.0,287.0,299.0,303.0,323.0,366.0,383.0,473.0,491.0,507.0,523.0,569.0,571.0,627.0,715.0,749.0,789.0,797.0,815.0,837.0,864.0,869.0,893.0,897.0,973.0,991.0,
6.0,34.0,96.0,98.0,108.0,114.0,126.0,144.0,151.0,160.0,191.0,235.0,269.0,278.0,288.0,292.0,295.0,326.0,342.0,350.0,378.0,391.0,405.0,412.0,426.0,457.0,499.0,535.0,539.0,552.0,575.0,583.0,608.0,615.0,629.0,719.0,726.0,727.0,737.0,795.0,797.0,800.0,811.0,838.0,838.0,856.0,879.0,930.0,
35.0,69.0,178.0,186.0,227.0,235.0,239.0,246.0,308.0,344.0,360.0,436.0,456.0,459.0,517.0,532.0,535.0,559.0,564.0,648.0,659.0,687.0,691.0,710.0,737.0,739.0,774.0,783.0,788.0,801.0,808.0,813.0,821.0,830.0,888.0,890.0,
51.0,110.0,111.0,126.0,153.0,203.0,235.0,258.0,287.0,311.0,345.0,345.0,365.0,370.0,394.0,416.0,539.0,573.0,575.0,614.0,623.0,637.0,639.0,648.0,653.0,666.0,679.0,705.0,828.0,865.0,870.0,907.0,907.0,920.0,943.0,961.0,
5.0,48.0,73.0,79.0,100.0,137.0,155.0,163.0,170.0,228.0,311.0,313.0,326.0,330.0,386.0,391.0,439.0,466.0,477.0,565.0,584.0,644.0,661.0,720.0,727.0,747.0,794.0,815.0,823.0,861.0,876.0,888.0,934.0,936.0,958.0,
32.0,42.0,43.0,114.0,141.0,195.0,213.0,227.0,244.0,295.0,299.0,303.0,310.0,327.0,330.0,346.0,378.0,395.0,396.0,398.0,405.0,420.0,471.0,503.0,912.0,
32.0,51.0,55.0,63.0,82.0,154.0,204.0,212.0,217.0,234.0,302.0,357.0,398.0,415.0,416.0,437.0,458.0,463.0,
13.0,33.0,77.0,88.0,127.0,171.0,186.0,208.0,209.0,223.0,233.0,241.0,283.0,306.0,342.0,346.0,397.0,430.0,458.0,461.0,489.0,501.0,886.0,
2.0,7.0,10.0,33.0,61.0,73.0,129.0,132.0,143.0,166.0,193.0,209.0,235.0,274.0,322.0,350.0,374.0,376.0,424.0,433.0,505.0,569.0,655.0,659.0,667.0,679.0,701.0,708.0,732.0,751.0,769.0,781.0,786.0,801.0,816.0,824.0,833.0,842.0,857.0,862.0,876.0,914.0,933.0,959.0,961.0,1000.0,
20.0,56.0,71.0,89.0,95.0,111.0,124.0,131.0,134.0,175.0,178.0,253.0,287.0,310.0,396.0,441.0,476.0,516.0,520.0,556.0,562.0,565.0,662.0,675.0,683.0,725.0,753.0,766.0,834.0,853.0,862.0,965.0,
15.0,18.0,33.0,84.0,90.0,136.0,181.0,194.0,223.0,236.0,240.0,241.0,248.0,301.0,306.0,327.0,389.0,406.0,411.0,481.0,490.0,494.0,505.0,567.0,574.0,585.0,588.0,591.0,638.0,699.0,734.0,750.0,791.0,812.0,826.0,946.0,963.0,972.0,
2.0,9.0,15.0,42.0,71.0,218.0,230.0,235.0,304.0,340.0,343.0,633.0,636.0,637.0,645.0,650.0,655.0,688.0,742.0,743.0,754.0,760.0,801.0,832.0,834.0,906.0,919.0,924.0,984.0,991.0,
159.0,168.0,172.0,262.0,280.0,300.0,304.0,345.0,372.0,428.0,453.0,457.0,471.0,488.0,490.0,500.0,501.0,502.0,583.0,676.0,883.0,906.0,914.0,914.0,936.0,956.0,981.0,1000.0,
16.0,60.0,119.0,130.0,151.0,211.0,221.0,259.0,307.0,315.0,345.0,396.0,410.0,418.0,491.0,491.0,509.0,523.0,537.0,550.0,587.0,641.0,650.0,688.0,753.0,764.0,771.0,793.0,853.0,856.0,915.0,959.0,
2.0,66.0,155.0,195.0,201.0,267.0,291.0,322.0,328.0,337.0,373.0,387.0,427.0,458.0,501.0,614.0,629.0,634.0,644.0,658.0,662.0,676.0,679.0,687.0,700.0,700.0,706.0,718.0,722.0,761.0,774.0,777.0,796.0,875.0,877.0,958.0,978.0,997.0,
36.0,44.0,109.0,110.0,111.0,134.0,150.0,152.0,178.0,192.0,196.0,238.0,280.0,391.0,485.0,490.0,500.0,646.0,701.0,711.0,712.0,757.0,760.0,760.0,768.0,774.0,781.0,951.0,
13.0,63.0,73.0,113.0,118.0,212.0,215.0,241.0,292.0,346.0,414.0,422.0,423.0,432.0,452.0,467.0,486.0,493.0,
24.0,152.0,235.0,248.0,254.0,289.0,300.0,316.0,389.0,519.0,596.0,668.0,699.0,709.0,715.0,748.0,750.0,764.0,766.0,798.0,836.0,951.0,982.0,988.0,
48.0,71.0,84.0,104.0,160.0,161.0,175.0,187.0,211.0,226.0,237.0,246.0,273.0,294.0,367.0,387.0,412.0,490.0,517.0,538.0,579.0,596.0,613.0,619.0,679.0,752.0,758.0,777.0,797.0,807.0,808.0,839.0,853.0,892.0,900.0,903.0,937.0,947.0,970.0,989.0,999.0,
52.0,134.0,160.0,182.0,246.0,253.0,253.0,285.0,315.0,323.0,374.0,389.0,412.0,479.0,487.0,489.0,505.0,519.0,521.0,543.0,563.0,579.0,597.0,639.0,671.0,692.0,731.0,734.0,739.0,755.0,761.0,761.0,771.0,781.0,795.0,807.0,856.0,866.0,875.0,960.0,967.0,998.0,
5.0,36.0,85.0,171.0,229.0,277.0,283.0,303.0,330.0,337.0,351.0,390.0,461.0,521.0,601.0,629.0,668.0,673.0,680.0,708.0,757.0,791.0,906.0,929.0,929.0,977.0,982.0,995.0,
4.0,56.0,100.0,138.0,186.0,232.0,300.0,319.0,323.0,417.0,471.0,507.0,524.0,585.0,612.0,661.0,700.0,706.0,758.0,762.0,766.0,809.0,846.0,929.0,947.0,
9.0,58.0,83.0,86.0,119.0,179.0,188.0,195.0,201.0,247.0,279.0,418.0,482.0,496.0,515.0,532.0,549.0,553.0,600.0,602.0,603.0,640.0,677.0,700.0,782.0,883.0,903.0,945.0,987.0,990.0,
6.0,52.0,68.0,88.0,110.0,150.0,233.0,273.0,274.0,342.0,347.0,447.0,448.0,461.0,472.0,491.0,497.0,531.0,537.0,563.0,629.0,649.0,712.0,722.0,723.0,741.0,852.0,909.0,910.0,912.0,950.0,969.0,
45.0,49.0,75.0,79.0,98.0,120.0,224.0,232.0,241.0,390.0,392.0,404.0,410.0,469.0,473.0,488.0,510.0,541.0,584.0,613.0,617.0,623.0,640.0,643.0,682.0,705.0,719.0,733.0,742.0,755.0,763.0,782.0,923.0,924.0,966.0,972.0,
26.0,26.0,39.0,43.0,49.0,50.0,53.0,53.0,64.0,74.0,102.0,148.0,158.0,176.0,212.0,231.0,236.0,264.0,281.0,316.0,317.0,332.0,354.0,372.0,392.0,457.0,462.0,516.0,523.0,589.0,590.0,595.0,623.0,629.0,681.0,682.0,692.0,737.0,763.0,786.0,810.0,811.0,814.0,823.0,832.0,838.0,842.0,844.0,867.0,871.0,901.0,988.0,993.0,
13.0,19.0,22.0,97.0,98.0,176.0,192.0,199.0,199.0,239.0,276.0,290.0,302.0,302.0,311.0,340.0,358.0,397.0,409.0,432.0,435.0,454.0,458.0,470.0,473.0,510.0,534.0,564.0,569.0,582.0,593.0,602.0,607.0,613.0,619.0,622.0,628.0,649.0,651.0,679.0,687.0,700.0,701.0,721.0,726.0,774.0,800.0,902.0,917.0,920.0,944.0,949.0,958.0,967.0,970.0,974.0,982.0,1000.0,
30.0,64.0,65.0,68.0,73.0,77.0,85.0,184.0,204.0,229.0,244.0,263.0,266.0,275.0,280.0,302.0,314.0,335.0,336.0,338.0,346.0,540.0,584.0,593.0,593.0,602.0,628.0,635.0,639.0,641.0,690.0,752.0,753.0,758.0,762.0,776.0,807.0,843.0,858.0,870.0,879.0,932.0,967.0,981.0,984.0,990.0,1000.0,
24.0,114.0,120.0,188.0,277.0,312.0,317.0,330.0,331.0,355.0,429.0,432.0,485.0,493.0,501.0,528.0,554.0,570.0,631.0,648.0,655.0,711.0,724.0,745.0,772.0,801.0,829.0,845.0,852.0,893.0,896.0,909.0,
6.0,50.0,54.0,135.0,143.0,148.0,218.0,219.0,224.0,281.0,302.0,315.0,324.0,360.0,391.0,398.0,432.0,432.0,446.0,452.0,478.0,480.0,496.0,525.0,549.0,552.0,568.0,587.0,618.0,621.0,633.0,653.0,663.0,685.0,688.0,717.0,760.0,775.0,801.0,809.0,817.0,821.0,831.0,851.0,861.0,901.0,910.0,943.0,972.0,987.0,
11.0,31.0,39.0,46.0,77.0,117.0,139.0,180.0,229.0,267.0,334.0,335.0,373.0,378.0,526.0,577.0,599.0,621.0,650.0,657.0,658.0,836.0,849.0,850.0,919.0,922.0,988.0,993.0,999.0,1000.0,
32.0,47.0,56.0,71.0,94.0,120.0,161.0,238.0,287.0,292.0,324.0,358.0,378.0,404.0,411.0,458.0,483.0,512.0,520.0,522.0,532.0,562.0,613.0,628.0,637.0,642.0,651.0,659.0,661.0,714.0,751.0,786.0,897.0,912.0,921.0,931.0,970.0,985.0,
9.0,46.0,61.0,68.0,79.0,103.0,171.0,177.0,220.0,225.0,253.0,263.0,267.0,278.0,294.0,346.0,424.0,482.0,496.0,508.0,514.0,527.0,549.0,552.0,556.0,582.0,633.0,642.0,644.0,648.0,676.0,682.0,717.0,756.0,786.0,816.0,826.0,874.0,877.0,906.0,920.0,929.0,935.0,939.0,980.0,
45.0,54.0,62.0,76.0,76.0,77.0,92.0,107.0,111.0,130.0,173.0,191.0,193.0,239.0,265.0,289.0,293.0,349.0,389.0,412.0,439.0,466.0,476.0,512.0,551.0,571.0,625.0,675.0,678.0,715.0,753.0,782.0,787.0,820.0,857.0,871.0,929.0,946.0,955.0,958.0,984.0,
83.0,127.0,133.0,259.0,289.0,290.0,373.0,374.0,381.0,402.0,403.0,406.0,437.0,477.0,492.0,497.0,538.0,544.0,551.0,621.0,674.0,677.0,678.0,694.0,715.0,802.0,809.0,832.0,833.0,865.0,918.0,919.0,921.0,923.0,953.0,998.0,
53.0,79.0,86.0,124.0,137.0,149.0,164.0,195.0,234.0,249.0,249.0,285.0,296.0,352.0,439.0,443.0,444.0,457.0,486.0,538.0,555.0,609.0,611.0,615.0,709.0,713.0,764.0,785.0,788.0,837.0,847.0,850.0,886.0,909.0,917.0,922.0,937.0,
7.0,10.0,34.0,55.0,92.0,107.0,113.0,130.0,156.0,226.0,229.0,231.0,265.0,268.0,281.0,317.0,343.0,394.0,401.0,403.0,417.0,454.0,481.0,491.0,508.0,509.0,521.0,536.0,596.0,692.0,728.0,734.0,761.0,779.0,794.0,798.0,799.0,800.0,806.0,815.0,874.0,890.0,915.0,
77.0,119.0,120.0,201.0,245.0,249.0,260.0,265.0,306.0,330.0,338.0,350.0,378.0,392.0,404.0,409.0,429.0,441.0,594.0,599.0,606.0,613.0,638.0,653.0,730.0,789.0,792.0,840.0,875.0,907.0,924.0,932.0,985.0,
11.0,14.0,27.0,38.0,48.0,60.0,65.0,66.0,150.0,157.0,166.0,177.0,314.0,321.0,339.0,350.0,364.0,372.0,387.0,394.0,440.0,462.0,516.0,566.0,604.0,611.0,629.0,642.0,656.0,732.0,766.0,771.0,834.0,858.0,892.0,955.0,957.0,
3.0,62.0,67.0,238.0,261.0,265.0,266.0,269.0,297.0,329.0,387.0,392.0,398.0,454.0,540.0,556.0,732.0,736.0,753.0,754.0,830.0,845.0,925.0,983.0,989.0,
2.0,36.0,81.0,96.0,104.0,147.0,162.0,201.0,207.0,232.0,289.0,300.0,303.0,338.0,342.0,359.0,414.0,417.0,451.0,467.0,491.0,535.0,653.0,686.0,741.0,760.0,767.0,801.0,854.0,858.0,882.0,886.0,918.0,929.0,951.0,
2.0,31.0,120.0,159.0,177.0,226.0,229.0,248.0,288.0,312.0,321.0,334.0,371.0,416.0,433.0,453.0,458.0,461.0,466.0,482.0,541.0,569.0,573.0,658.0,661.0,701.0,701.0,722.0,863.0,868.0,881.0,885.0,890.0,893.0,942.0,
59.0,107.0,119.0,131.0,199.0,222.0,226.0,274.0,313.0,338.0,366.0,372.0,391.0,414.0,447.0,447.0,455.0,659.0,673.0,726.0,738.0,781.0,825.0,856.0,866.0,876.0,903.0,913.0,940.0,992.0,993.0,
10.0,48.0,59.0,63.0,120.0,151.0,157.0,185.0,234.0,254.0,288.0,292.0,316.0,320.0,334.0,364.0,414.0,444.0,485.0,487.0,490.0,490.0,508.0,627.0,637.0,654.0,708.0,783.0,789.0,863.0,886.0,894.0,940.0,963.0,986.0,990.0,
59.0,72.0,75.0,99.0,116.0,232.0,254.0,264.0,291.0,316.0,396.0,400.0,406.0,428.0,434.0,438.0,449.0,471.0,498.0,556.0,602.0,611.0,639.0,704.0,799.0,809.0,859.0,872.0,887.0,913.0,921.0,929.0,942.0,961.0,977.0,
7.0,60.0,81.0,102.0,119.0,121.0,161.0,190.0,223.0,242.0,253.0,300.0,327.0,344.0,358.0,378.0,403.0,446.0,451.0,517.0,524.0,601.0,650.0,713.0,714.0,715.0,732.0,733.0,734.0,742.0,758.0,817.0,817.0,823.0,843.0,866.0,881.0,948.0,961.0,
36.0,50.0,120.0,140.0,144.0,176.0,187.0,229.0,245.0,266.0,366.0,393.0,406.0,438.0,459.0,459.0,470.0,476.0,602.0,604.0,632.0,751.0,762.0,765.0,783.0,808.0,809.0,821.0,837.0,906.0,912.0,916.0,950.0,978.0,999.0,
20.0,34.0,36.0,51.0,53.0,117.0,122.0,123.0,134.0,162.0,164.0,179.0,312.0,332.0,366.0,373.0,376.0,380.0,396.0,397.0,403.0,423.0,471.0,474.0,496.0,529.0,540.0,626.0,644.0,647.0,660.0,661.0,671.0,682.0,688.0,691.0,715.0,721.0,737.0,742.0,784.0,857.0,903.0,907.0,968.0,986.0,
15.0,24.0,60.0,113.0,182.0,186.0,187.0,252.0,260.0,266.0,277.0,282.0,295.0,319.0,354.0,394.0,419.0,428.0,457.0,490.0,528.0,533.0,562.0,574.0,631.0,649.0,696.0,702.0,743.0,753.0,759.0,801.0,903.0,936.0,963.0,
23.0,154.0,170.0,171.0,187.0,230.0,242.0,286.0,319.0,346.0,352.0,358.0,360.0,372.0,386.0,387.0,435.0,469.0,474.0,497.0,558.0,565.0,578.0,580.0,597.0,604.0,627.0,632.0,710.0,763.0,765.0,767.0,789.0,794.0,837.0,837.0,845.0,913.0,918.0,923.0,936.0,939.0,944.0,997.0,1000.0,
51.0,70.0,90.0,106.0,113.0,160.0,163.0,170.0,177.0,223.0,228.0,233.0,237.0,260.0,304.0,379.0,406.0,503.0,577.0,591.0,594.0,611.0,621.0,673.0,681.0,696.0,762.0,769.0,779.0,784.0,804.0,867.0,889.0,897.0,910.0,943.0,
