2.0,58.0,115.0,128.0,134.0,145.0,151.0,205.0,263.0,318.0,353.0,379.0,444.0,448.0,549.0,559.0,603.0,612.0,637.0,656.0,657.0,704.0,713.0,721.0,747.0,748.0,770.0,828.0,849.0,869.0,937.0,962.0,993.0,997.0,
53.0,53.0,69.0,120.0,127.0,137.0,139.0,148.0,194.0,217.0,219.0,397.0,445.0,451.0,463.0,527.0,536.0,547.0,632.0,639.0,656.0,706.0,726.0,742.0,776.0,781.0,824.0,849.0,859.0,875.0,919.0,925.0,970.0,
5.0,115.0,124.0,211.0,216.0,234.0,262.0,299.0,299.0,372.0,426.0,434.0,448.0,454.0,461.0,498.0,519.0,521.0,531.0,609.0,631.0,698.0,698.0,702.0,706.0,773.0,881.0,933.0,970.0,
51.0,70.0,74.0,104.0,106.0,113.0,117.0,143.0,162.0,201.0,224.0,364.0,397.0,402.0,456.0,456.0,459.0,465.0,473.0,504.0,558.0,573.0,649.0,749.0,794.0,806.0,831.0,834.0,842.0,845.0,873.0,883.0,915.0,941.0,943.0,947.0,954.0,957.0,967.0,981.0,
115.0,121.0,153.0,251.0,253.0,287.0,299.0,318.0,346.0,372.0,395.0,433.0,434.0,436.0,486.0,490.0,490.0,536.0,546.0,556.0,588.0,640.0,653.0,656.0,690.0,719.0,754.0,855.0,913.0,922.0,937.0,938.0,952.0,
11.0,91.0,163.0,169.0,176.0,216.0,231.0,250.0,276.0,289.0,327.0,328.0,361.0,382.0,410.0,422.0,443.0,444.0,449.0,478.0,493.0,494.0,500.0,672.0,682.0,687.0,694.0,731.0,735.0,743.0,792.0,838.0,857.0,876.0,911.0,944.0,
32.0,92.0,121.0,158.0,170.0,177.0,181.0,181.0,198.0,263.0,270.0,278.0,281.0,284.0,325.0,328.0,341.0,363.0,395.0,478.0,492.0,513.0,557.0,588.0,591.0,621.0,642.0,648.0,686.0,765.0,776.0,786.0,786.0,798.0,852.0,864.0,916.0,976.0,
51.0,90.0,114.0,152.0,206.0,230.0,271.0,298.0,335.0,337.0,344.0,363.0,412.0,418.0,436.0,450.0,458.0,495.0,546.0,576.0,608.0,637.0,645.0,648.0,658.0,684.0,715.0,751.0,914.0,929.0,956.0,970.0,
25.0,41.0,60.0,117.0,125.0,134.0,175.0,194.0,198.0,228.0,231.0,268.0,293.0,332.0,437.0,575.0,593.0,675.0,723.0,733.0,764.0,806.0,835.0,873.0,911.0,930.0,941.0,952.0,957.0,
52.0,59.0,67.0,73.0,114.0,115.0,137.0,151.0,156.0,208.0,213.0,272.0,296.0,303.0,348.0,392.0,456.0,460.0,460.0,461.0,489.0,525.0,531.0,639.0,696.0,711.0,745.0,757.0,792.0,819.0,846.0,880.0,892.0,917.0,921.0,931.0,951.0,975.0,980.0,983.0,984.0,989.0,
14.0,31.0,50.0,117.0,158.0,192.0,208.0,281.0,286.0,330.0,378.0,397.0,414.0,469.0,473.0,488.0,502.0,543.0,555.0,571.0,610.0,617.0,618.0,625.0,635.0,658.0,699.0,732.0,744.0,812.0,844.0,932.0,946.0,
9.0,19.0,26.0,48.0,52.0,59.0,62.0,104.0,110.0,119.0,128.0,138.0,205.0,229.0,242.0,244.0,251.0,271.0,273.0,276.0,301.0,320.0,328.0,329.0,345.0,366.0,376.0,486.0,513.0,535.0,550.0,570.0,617.0,619.0,693.0,723.0,760.0,854.0,896.0,943.0,945.0,988.0,997.0,997.0,
3.0,73.0,111.0,129.0,135.0,201.0,286.0,287.0,368.0,384.0,411.0,413.0,415.0,419.0,441.0,522.0,528.0,542.0,613.0,667.0,870.0,890.0,910.0,961.0,
24.0,27.0,67.0,70.0,148.0,193.0,198.0,227.0,236.0,247.0,250.0,276.0,302.0,322.0,324.0,359.0,378.0,389.0,411.0,432.0,488.0,502.0,508.0,618.0,675.0,718.0,788.0,838.0,840.0,876.0,888.0,902.0,925.0,945.0,980.0,986.0,996.0,
6.0,20.0,57.0,96.0,117.0,122.0,129.0,137.0,143.0,149.0,152.0,169.0,199.0,203.0,207.0,260.0,270.0,275.0,309.0,385.0,417.0,421.0,453.0,491.0,510.0,511.0,550.0,592.0,613.0,684.0,767.0,790.0,861.0,864.0,868.0,876.0,890.0,895.0,910.0,911.0,911.0,925.0,926.0,935.0,957.0,965.0,969.0,
10.0,13.0,28.0,37.0,44.0,47.0,49.0,62.0,68.0,88.0,88.0,113.0,204.0,210.0,225.0,237.0,240.0,249.0,280.0,323.0,327.0,358.0,407.0,432.0,512.0,545.0,547.0,551.0,609.0,667.0,681.0,710.0,718.0,849.0,898.0,908.0,924.0,933.0,
101.0,170.0,174.0,224.0,245.0,251.0,275.0,332.0,340.0,372.0,386.0,388.0,400.0,419.0,436.0,447.0,496.0,531.0,550.0,704.0,727.0,759.0,771.0,837.0,838.0,841.0,893.0,913.0,915.0,937.0,938.0,941.0,958.0,960.0,985.0,
79.0,83.0,113.0,149.0,239.0,255.0,282.0,326.0,383.0,403.0,422.0,476.0,506.0,538.0,541.0,555.0,584.0,604.0,606.0,613.0,614.0,643.0,643.0,692.0,729.0,763.0,776.0,801.0,810.0,822.0,828.0,843.0,856.0,883.0,891.0,931.0,958.0,970.0,984.0,999.0,
75.0,116.0,124.0,137.0,186.0,246.0,260.0,312.0,325.0,353.0,378.0,385.0,407.0,426.0,473.0,477.0,482.0,484.0,519.0,571.0,686.0,717.0,724.0,749.0,784.0,803.0,890.0,898.0,900.0,909.0,920.0,996.0,
7.0,50.0,86.0,86.0,109.0,127.0,132.0,142.0,145.0,164.0,185.0,188.0,210.0,212.0,250.0,277.0,281.0,302.0,307.0,339.0,373.0,391.0,393.0,439.0,441.0,447.0,477.0,478.0,497.0,505.0,525.0,601.0,622.0,628.0,653.0,690.0,746.0,808.0,834.0,854.0,879.0,932.0,993.0,
31.0,104.0,137.0,149.0,154.0,256.0,262.0,272.0,295.0,298.0,393.0,395.0,458.0,489.0,535.0,559.0,564.0,567.0,581.0,586.0,610.0,640.0,749.0,777.0,790.0,819.0,850.0,852.0,938.0,949.0,963.0,988.0,
89.0,122.0,148.0,167.0,176.0,211.0,222.0,225.0,232.0,235.0,239.0,322.0,345.0,355.0,356.0,371.0,420.0,424.0,446.0,496.0,541.0,592.0,593.0,654.0,675.0,676.0,677.0,680.0,681.0,867.0,876.0,878.0,935.0,953.0,963.0,967.0,986.0,
36.0,38.0,73.0,83.0,92.0,92.0,133.0,145.0,153.0,176.0,311.0,319.0,380.0,428.0,480.0,493.0,524.0,547.0,563.0,582.0,584.0,593.0,602.0,635.0,660.0,721.0,724.0,739.0,815.0,819.0,822.0,837.0,847.0,857.0,870.0,881.0,882.0,890.0,910.0,918.0,986.0,
71.0,129.0,139.0,177.0,197.0,220.0,242.0,254.0,274.0,316.0,320.0,371.0,405.0,457.0,462.0,472.0,493.0,575.0,614.0,664.0,670.0,671.0,680.0,683.0,697.0,725.0,796.0,819.0,837.0,864.0,970.0,
13.0,14.0,37.0,42.0,51.0,52.0,66.0,67.0,84.0,94.0,113.0,252.0,291.0,327.0,328.0,367.0,387.0,418.0,463.0,519.0,522.0,561.0,566.0,575.0,614.0,629.0,677.0,739.0,746.0,813.0,889.0,891.0,891.0,933.0,950.0,963.0,969.0,972.0,982.0,
59.0,79.0,99.0,134.0,172.0,174.0,186.0,214.0,225.0,226.0,279.0,301.0,316.0,326.0,355.0,388.0,395.0,414.0,414.0,437.0,477.0,487.0,511.0,532.0,547.0,557.0,559.0,584.0,594.0,597.0,667.0,695.0,781.0,785.0,800.0,824.0,827.0,870.0,871.0,922.0,955.0,981.0,985.0,
23.0,26.0,68.0,146.0,174.0,205.0,215.0,254.0,302.0,306.0,404.0,553.0,604.0,613.0,633.0,675.0,691.0,710.0,763.0,766.0,824.0,861.0,916.0,937.0,993.0,
6.0,58.0,83.0,101.0,190.0,209.0,218.0,232.0,267.0,287.0,295.0,303.0,305.0,337.0,388.0,392.0,445.0,461.0,517.0,537.0,567.0,626.0,632.0,646.0,657.0,676.0,698.0,709.0,741.0,808.0,866.0,870.0,883.0,902.0,908.0,926.0,949.0,999.0,
31.0,47.0,64.0,140.0,142.0,153.0,179.0,204.0,206.0,241.0,299.0,350.0,382.0,389.0,416.0,425.0,538.0,568.0,574.0,585.0,639.0,664.0,702.0,706.0,739.0,754.0,772.0,783.0,817.0,824.0,845.0,845.0,861.0,910.0,947.0,976.0,977.0,979.0,
2.0,45.0,65.0,66.0,98.0,117.0,145.0,153.0,168.0,257.0,279.0,313.0,345.0,360.0,392.0,443.0,512.0,523.0,541.0,600.0,622.0,637.0,676.0,712.0,714.0,763.0,771.0,798.0,808.0,826.0,837.0,841.0,842.0,873.0,896.0,932.0,950.0,962.0,1000.0,
3.0,27.0,42.0,124.0,258.0,259.0,298.0,322.0,332.0,419.0,425.0,438.0,446.0,469.0,481.0,569.0,586.0,601.0,617.0,724.0,783.0,801.0,810.0,838.0,846.0,861.0,895.0,
65.0,67.0,129.0,139.0,158.0,165.0,177.0,207.0,213.0,317.0,321.0,325.0,330.0,332.0,340.0,369.0,417.0,437.0,454.0,483.0,516.0,541.0,555.0,571.0,574.0,671.0,690.0,714.0,752.0,757.0,773.0,783.0,792.0,799.0,855.0,870.0,888.0,904.0,933.0,986.0,
21.0,67.0,81.0,100.0,122.0,184.0,188.0,240.0,243.0,313.0,333.0,359.0,363.0,372.0,400.0,434.0,524.0,582.0,583.0,591.0,599.0,625.0,651.0,669.0,705.0,710.0,734.0,743.0,800.0,804.0,830.0,886.0,910.0,914.0,948.0,966.0,
25.0,35.0,73.0,177.0,184.0,206.0,279.0,300.0,302.0,337.0,381.0,405.0,415.0,416.0,421.0,426.0,440.0,462.0,476.0,498.0,512.0,530.0,575.0,629.0,680.0,779.0,799.0,805.0,806.0,820.0,860.0,872.0,915.0,923.0,929.0,940.0,984.0,989.0,
8.0,83.0,99.0,180.0,184.0,206.0,243.0,254.0,273.0,306.0,311.0,352.0,382.0,467.0,508.0,554.0,575.0,648.0,669.0,671.0,673.0,747.0,787.0,807.0,817.0,867.0,937.0,951.0,994.0,
11.0,47.0,105.0,122.0,155.0,191.0,239.0,266.0,272.0,273.0,308.0,355.0,376.0,442.0,450.0,453.0,496.0,511.0,566.0,570.0,577.0,577.0,618.0,621.0,651.0,652.0,681.0,726.0,764.0,787.0,792.0,797.0,823.0,843.0,910.0,926.0,946.0,947.0,950.0,963.0,973.0,981.0,
6.0,45.0,68.0,78.0,104.0,106.0,131.0,153.0,156.0,164.0,220.0,237.0,262.0,296.0,362.0,383.0,390.0,406.0,446.0,472.0,498.0,552.0,579.0,587.0,599.0,605.0,615.0,651.0,657.0,702.0,723.0,780.0,792.0,799.0,817.0,822.0,825.0,842.0,852.0,890.0,925.0,929.0,932.0,
3.0,39.0,46.0,67.0,88.0,107.0,125.0,135.0,166.0,183.0,195.0,197.0,222.0,241.0,334.0,350.0,366.0,368.0,387.0,416.0,460.0,509.0,576.0,606.0,612.0,620.0,737.0,796.0,875.0,880.0,882.0,889.0,890.0,899.0,905.0,918.0,932.0,942.0,959.0,987.0,992.0,996.0,
4.0,24.0,28.0,32.0,62.0,73.0,165.0,174.0,216.0,242.0,248.0,274.0,291.0,291.0,292.0,317.0,347.0,372.0,408.0,445.0,503.0,505.0,544.0,572.0,585.0,617.0,629.0,632.0,639.0,640.0,655.0,656.0,669.0,693.0,750.0,786.0,793.0,811.0,884.0,907.0,909.0,918.0,994.0,
32.0,56.0,166.0,195.0,196.0,222.0,248.0,254.0,297.0,311.0,405.0,408.0,455.0,539.0,583.0,603.0,629.0,645.0,650.0,659.0,666.0,668.0,715.0,779.0,838.0,878.0,885.0,886.0,923.0,965.0,
51.0,53.0,68.0,81.0,89.0,112.0,153.0,157.0,187.0,219.0,224.0,309.0,347.0,347.0,386.0,390.0,442.0,461.0,466.0,476.0,540.0,585.0,601.0,636.0,686.0,689.0,699.0,704.0,760.0,817.0,832.0,849.0,867.0,909.0,911.0,950.0,951.0,958.0,965.0,
35.0,51.0,61.0,66.0,82.0,122.0,133.0,164.0,199.0,211.0,227.0,228.0,266.0,273.0,286.0,300.0,311.0,330.0,383.0,393.0,396.0,405.0,410.0,428.0,437.0,512.0,514.0,516.0,555.0,609.0,657.0,672.0,676.0,685.0,745.0,751.0,751.0,756.0,774.0,776.0,787.0,791.0,801.0,803.0,830.0,840.0,842.0,875.0,931.0,944.0,984.0,
27.0,62.0,84.0,122.0,128.0,131.0,185.0,212.0,245.0,247.0,257.0,300.0,307.0,344.0,346.0,485.0,502.0,511.0,527.0,528.0,550.0,575.0,581.0,593.0,640.0,641.0,651.0,740.0,750.0,756.0,759.0,839.0,839.0,926.0,990.0,997.0,
24.0,31.0,36.0,53.0,86.0,87.0,126.0,146.0,148.0,166.0,215.0,269.0,277.0,285.0,317.0,326.0,345.0,353.0,532.0,534.0,538.0,605.0,609.0,614.0,718.0,721.0,727.0,752.0,777.0,780.0,828.0,971.0,
19.0,53.0,57.0,63.0,77.0,131.0,143.0,167.0,178.0,185.0,216.0,231.0,257.0,262.0,280.0,285.0,417.0,480.0,501.0,603.0,656.0,699.0,709.0,766.0,768.0,772.0,926.0,955.0,965.0,986.0,990.0,
3.0,3.0,51.0,64.0,102.0,119.0,123.0,124.0,142.0,147.0,195.0,236.0,238.0,239.0,270.0,307.0,345.0,357.0,478.0,484.0,500.0,
10.0,37.0,98.0,108.0,121.0,127.0,153.0,155.0,178.0,209.0,212.0,236.0,246.0,263.0,272.0,323.0,331.0,374.0,404.0,419.0,430.0,495.0,497.0,653.0,656.0,660.0,682.0,719.0,751.0,780.0,810.0,826.0,857.0,896.0,903.0,941.0,945.0,999.0,
13.0,18.0,49.0,54.0,119.0,119.0,156.0,175.0,179.0,188.0,202.0,227.0,237.0,241.0,249.0,296.0,312.0,319.0,356.0,357.0,358.0,362.0,388.0,393.0,436.0,456.0,458.0,473.0,506.0,527.0,527.0,527.0,550.0,586.0,611.0,614.0,690.0,698.0,709.0,768.0,831.0,857.0,861.0,872.0,880.0,897.0,966.0,980.0,
7.0,7.0,67.0,116.0,172.0,202.0,251.0,289.0,292.0,339.0,375.0,390.0,430.0,494.0,496.0,507.0,512.0,560.0,617.0,639.0,643.0,696.0,728.0,750.0,779.0,797.0,797.0,829.0,830.0,883.0,892.0,932.0,960.0,963.0,964.0,978.0,998.0,1000.0,
20.0,90.0,110.0,140.0,144.0,146.0,165.0,182.0,230.0,251.0,252.0,261.0,308.0,318.0,326.0,359.0,366.0,367.0,386.0,388.0,401.0,422.0,432.0,437.0,457.0,479.0,509.0,530.0,590.0,617.0,641.0,681.0,681.0,684.0,707.0,731.0,769.0,771.0,777.0,784.0,809.0,813.0,857.0,884.0,893.0,932.0,990.0,993.0,998.0,
40.0,68.0,71.0,101.0,124.0,150.0,191.0,200.0,224.0,237.0,358.0,366.0,406.0,416.0,437.0,484.0,509.0,525.0,533.0,536.0,608.0,615.0,640.0,664.0,687.0,691.0,724.0,729.0,756.0,757.0,780.0,820.0,855.0,880.0,887.0,890.0,936.0,949.0,950.0,985.0,991.0,
5.0,129.0,151.0,162.0,229.0,251.0,265.0,312.0,325.0,329.0,337.0,349.0,372.0,400.0,440.0,464.0,465.0,510.0,513.0,573.0,620.0,623.0,671.0,687.0,695.0,703.0,707.0,725.0,770.0,784.0,804.0,810.0,825.0,861.0,863.0,875.0,911.0,931.0,964.0,966.0,971.0,973.0,974.0,989.0,990.0,
4.0,6.0,65.0,65.0,84.0,87.0,95.0,135.0,176.0,192.0,204.0,206.0,226.0,251.0,252.0,273.0,277.0,277.0,280.0,376.0,394.0,410.0,418.0,455.0,461.0,489.0,542.0,547.0,593.0,608.0,609.0,617.0,708.0,736.0,751.0,777.0,783.0,812.0,822.0,833.0,889.0,937.0,998.0,
67.0,113.0,183.0,254.0,277.0,375.0,382.0,411.0,440.0,446.0,452.0,469.0,481.0,506.0,534.0,571.0,623.0,644.0,665.0,668.0,703.0,746.0,792.0,824.0,834.0,835.0,836.0,844.0,862.0,869.0,913.0,914.0,922.0,926.0,929.0,931.0,933.0,934.0,950.0,
49.0,54.0,92.0,109.0,122.0,160.0,239.0,297.0,301.0,304.0,326.0,358.0,415.0,490.0,503.0,
13.0,20.0,36.0,145.0,219.0,231.0,254.0,258.0,277.0,385.0,433.0,450.0,464.0,474.0,505.0,
27.0,46.0,48.0,53.0,70.0,86.0,124.0,146.0,159.0,175.0,197.0,355.0,361.0,369.0,381.0,417.0,418.0,426.0,475.0,508.0,
14.0,26.0,56.0,74.0,77.0,147.0,166.0,292.0,301.0,332.0,346.0,360.0,369.0,374.0,391.0,413.0,441.0,448.0,450.0,487.0,494.0,502.0,564.0,647.0,663.0,663.0,683.0,686.0,732.0,746.0,756.0,780.0,783.0,789.0,794.0,795.0,798.0,801.0,801.0,807.0,808.0,849.0,849.0,894.0,914.0,941.0,947.0,965.0,976.0,
37.0,265.0,282.0,301.0,351.0,365.0,381.0,382.0,393.0,396.0,399.0,411.0,424.0,448.0,462.0,470.0,481.0,604.0,619.0,639.0,646.0,661.0,714.0,727.0,747.0,768.0,786.0,813.0,826.0,895.0,900.0,924.0,931.0,939.0,962.0,967.0,969.0,972.0,972.0,996.0,
4.0,8.0,31.0,78.0,92.0,115.0,169.0,216.0,229.0,236.0,274.0,284.0,294.0,369.0,393.0,442.0,488.0,492.0,528.0,542.0,570.0,570.0,572.0,582.0,599.0,610.0,629.0,663.0,689.0,693.0,703.0,728.0,784.0,801.0,888.0,891.0,899.0,905.0,934.0,969.0,977.0,981.0,
18.0,26.0,38.0,65.0,66.0,81.0,105.0,123.0,134.0,183.0,193.0,228.0,308.0,355.0,379.0,441.0,516.0,527.0,530.0,562.0,603.0,675.0,712.0,756.0,759.0,788.0,819.0,856.0,900.0,907.0,912.0,917.0,920.0,930.0,958.0,998.0,
23.0,100.0,123.0,125.0,169.0,179.0,205.0,254.0,283.0,289.0,348.0,351.0,364.0,390.0,399.0,418.0,481.0,485.0,497.0,511.0,602.0,626.0,669.0,692.0,723.0,737.0,755.0,766.0,828.0,831.0,836.0,848.0,870.0,876.0,887.0,890.0,963.0,968.0,977.0,
77.0,107.0,160.0,247.0,247.0,300.0,322.0,327.0,356.0,460.0,507.0,537.0,569.0,609.0,615.0,620.0,630.0,717.0,732.0,817.0,844.0,850.0,860.0,932.0,972.0,986.0,995.0,
72.0,109.0,148.0,215.0,267.0,290.0,349.0,396.0,423.0,440.0,449.0,462.0,467.0,474.0,535.0,537.0,553.0,561.0,577.0,579.0,584.0,592.0,600.0,614.0,650.0,656.0,669.0,688.0,703.0,705.0,705.0,729.0,761.0,772.0,811.0,833.0,834.0,840.0,862.0,880.0,898.0,906.0,961.0,986.0,
2.0,48.0,74.0,87.0,97.0,114.0,152.0,242.0,248.0,257.0,265.0,303.0,337.0,342.0,365.0,371.0,386.0,417.0,433.0,438.0,472.0,492.0,512.0,612.0,691.0,694.0,696.0,713.0,807.0,867.0,871.0,892.0,928.0,936.0,989.0,
42.0,53.0,83.0,231.0,281.0,324.0,332.0,456.0,490.0,502.0,
16.0,32.0,35.0,45.0,60.0,75.0,76.0,83.0,94.0,100.0,130.0,145.0,155.0,204.0,215.0,218.0,254.0,264.0,365.0,397.0,414.0,439.0,477.0,489.0,503.0,585.0,614.0,635.0,716.0,736.0,819.0,826.0,832.0,844.0,874.0,892.0,897.0,945.0,960.0,987.0,
40.0,67.0,114.0,217.0,290.0,401.0,437.0,453.0,461.0,477.0,486.0,498.0,503.0,574.0,586.0,610.0,649.0,660.0,662.0,703.0,725.0,736.0,740.0,762.0,838.0,872.0,893.0,910.0,946.0,962.0,973.0,
3.0,31.0,36.0,45.0,61.0,88.0,119.0,129.0,151.0,218.0,262.0,296.0,323.0,350.0,398.0,408.0,444.0,478.0,489.0,535.0,584.0,588.0,604.0,709.0,718.0,743.0,831.0,831.0,859.0,875.0,902.0,914.0,916.0,998.0,
10.0,15.0,17.0,55.0,90.0,133.0,160.0,167.0,176.0,199.0,230.0,275.0,356.0,385.0,390.0,406.0,411.0,446.0,456.0,494.0,510.0,534.0,538.0,589.0,590.0,601.0,689.0,720.0,775.0,793.0,799.0,803.0,803.0,837.0,935.0,944.0,
16.0,57.0,79.0,153.0,156.0,190.0,255.0,284.0,286.0,299.0,300.0,380.0,383.0,384.0,401.0,453.0,459.0,462.0,471.0,491.0,560.0,581.0,630.0,734.0,776.0,789.0,797.0,822.0,837.0,894.0,906.0,950.0,
45.0,64.0,93.0,105.0,121.0,129.0,137.0,187.0,209.0,229.0,232.0,236.0,238.0,247.0,278.0,292.0,313.0,327.0,331.0,336.0,382.0,429.0,510.0,512.0,533.0,620.0,628.0,662.0,666.0,675.0,694.0,848.0,857.0,859.0,867.0,869.0,883.0,897.0,918.0,928.0,958.0,986.0,992.0,
52.0,74.0,123.0,144.0,162.0,163.0,171.0,185.0,188.0,190.0,247.0,261.0,303.0,308.0,334.0,351.0,352.0,352.0,385.0,388.0,394.0,475.0,497.0,541.0,549.0,654.0,671.0,695.0,701.0,706.0,725.0,750.0,795.0,878.0,917.0,926.0,972.0,976.0,992.0,
27.0,39.0,41.0,53.0,59.0,74.0,97.0,102.0,103.0,193.0,193.0,201.0,246.0,298.0,322.0,390.0,420.0,444.0,447.0,468.0,470.0,498.0,502.0,564.0,574.0,580.0,642.0,648.0,662.0,684.0,722.0,735.0,751.0,776.0,781.0,787.0,800.0,802.0,814.0,829.0,857.0,906.0,915.0,968.0,975.0,999.0,
4.0,10.0,15.0,89.0,198.0,216.0,242.0,269.0,284.0,296.0,321.0,359.0,382.0,389.0,476.0,490.0,492.0,524.0,538.0,584.0,602.0,689.0,736.0,782.0,809.0,823.0,828.0,830.0,866.0,887.0,907.0,951.0,958.0,960.0,
33.0,53.0,74.0,124.0,138.0,147.0,156.0,237.0,271.0,294.0,323.0,337.0,352.0,375.0,423.0,445.0,494.0,496.0,509.0,541.0,578.0,597.0,675.0,677.0,679.0,721.0,737.0,737.0,742.0,748.0,780.0,791.0,808.0,840.0,871.0,879.0,891.0,924.0,961.0,963.0,
27.0,35.0,45.0,45.0,91.0,113.0,117.0,131.0,221.0,266.0,272.0,275.0,276.0,313.0,325.0,348.0,349.0,384.0,403.0,444.0,470.0,473.0,556.0,642.0,662.0,682.0,694.0,727.0,747.0,749.0,769.0,810.0,810.0,828.0,848.0,992.0,
16.0,24.0,44.0,46.0,62.0,65.0,66.0,69.0,210.0,214.0,247.0,316.0,322.0,332.0,415.0,425.0,430.0,473.0,486.0,490.0,525.0,530.0,545.0,649.0,650.0,673.0,678.0,734.0,751.0,777.0,785.0,863.0,868.0,889.0,
158.0,180.0,244.0,288.0,291.0,321.0,325.0,337.0,349.0,351.0,387.0,406.0,411.0,435.0,458.0,473.0,531.0,540.0,587.0,631.0,695.0,697.0,753.0,763.0,773.0,775.0,786.0,815.0,820.0,821.0,821.0,848.0,873.0,882.0,897.0,904.0,918.0,918.0,949.0,962.0,970.0,999.0,
21.0,37.0,54.0,144.0,219.0,229.0,245.0,278.0,288.0,310.0,529.0,549.0,566.0,585.0,637.0,640.0,655.0,658.0,732.0,830.0,830.0,852.0,938.0,953.0,963.0,973.0,977.0,
32.0,40.0,74.0,82.0,123.0,140.0,144.0,179.0,185.0,187.0,190.0,231.0,234.0,242.0,261.0,279.0,287.0,296.0,388.0,394.0,394.0,398.0,400.0,493.0,546.0,572.0,605.0,616.0,650.0,656.0,660.0,688.0,720.0,796.0,852.0,897.0,955.0,959.0,988.0,1000.0,
4.0,13.0,22.0,42.0,61.0,106.0,110.0,183.0,184.0,194.0,248.0,257.0,297.0,299.0,307.0,344.0,358.0,368.0,413.0,453.0,508.0,521.0,523.0,620.0,627.0,645.0,666.0,727.0,749.0,757.0,773.0,781.0,833.0,862.0,939.0,972.0,
3.0,10.0,92.0,189.0,191.0,233.0,304.0,318.0,325.0,353.0,378.0,386.0,387.0,457.0,472.0,528.0,532.0,539.0,572.0,584.0,622.0,719.0,728.0,733.0,747.0,748.0,840.0,877.0,941.0,965.0,967.0,976.0,982.0,994.0,
61.0,135.0,141.0,159.0,175.0,191.0,228.0,257.0,263.0,284.0,322.0,338.0,338.0,369.0,383.0,417.0,456.0,533.0,576.0,583.0,621.0,621.0,651.0,681.0,691.0,714.0,762.0,777.0,794.0,836.0,840.0,883.0,948.0,
19.0,31.0,70.0,82.0,97.0,188.0,235.0,256.0,295.0,304.0,321.0,362.0,396.0,415.0,427.0,436.0,469.0,490.0,524.0,589.0,613.0,626.0,639.0,652.0,659.0,696.0,704.0,725.0,739.0,799.0,810.0,839.0,840.0,847.0,864.0,906.0,933.0,941.0,942.0,965.0,970.0,981.0,981.0,994.0,998.0,
22.0,28.0,124.0,160.0,219.0,358.0,362.0,397.0,413.0,433.0,450.0,452.0,460.0,468.0,513.0,521.0,554.0,559.0,589.0,604.0,644.0,670.0,674.0,679.0,719.0,722.0,785.0,808.0,815.0,818.0,870.0,877.0,885.0,898.0,946.0,955.0,
12.0,14.0,56.0,75.0,85.0,102.0,103.0,112.0,130.0,165.0,209.0,294.0,314.0,326.0,344.0,368.0,372.0,384.0,410.0,498.0,586.0,626.0,641.0,658.0,695.0,709.0,736.0,788.0,861.0,878.0,921.0,940.0,944.0,992.0,
48.0,78.0,97.0,151.0,162.0,180.0,184.0,229.0,234.0,241.0,311.0,315.0,325.0,325.0,330.0,387.0,407.0,473.0,487.0,505.0,512.0,526.0,549.0,597.0,622.0,627.0,678.0,699.0,701.0,746.0,751.0,803.0,822.0,826.0,852.0,874.0,878.0,892.0,923.0,959.0,985.0,
56.0,57.0,74.0,119.0,126.0,134.0,160.0,162.0,175.0,189.0,231.0,281.0,316.0,402.0,425.0,439.0,456.0,469.0,507.0,509.0,550.0,554.0,662.0,690.0,719.0,727.0,760.0,775.0,932.0,941.0,943.0,953.0,986.0,
13.0,186.0,192.0,210.0,239.0,241.0,257.0,269.0,278.0,306.0,361.0,452.0,452.0,465.0,467.0,473.0,544.0,578.0,681.0,697.0,708.0,821.0,845.0,871.0,877.0,937.0,958.0,
78.0,86.0,103.0,133.0,138.0,164.0,166.0,175.0,181.0,182.0,272.0,285.0,286.0,386.0,395.0,498.0,536.0,544.0,545.0,647.0,671.0,707.0,744.0,773.0,786.0,873.0,921.0,922.0,929.0,932.0,953.0,
68.0,73.0,74.0,82.0,99.0,104.0,111.0,118.0,141.0,159.0,255.0,273.0,275.0,284.0,371.0,386.0,403.0,417.0,427.0,433.0,456.0,471.0,482.0,498.0,505.0,509.0,513.0,530.0,543.0,549.0,560.0,612.0,613.0,641.0,719.0,798.0,803.0,847.0,850.0,869.0,876.0,909.0,928.0,968.0,995.0,
6.0,40.0,44.0,73.0,74.0,104.0,132.0,140.0,150.0,173.0,202.0,208.0,211.0,240.0,248.0,261.0,268.0,345.0,380.0,407.0,466.0,510.0,555.0,574.0,588.0,601.0,614.0,658.0,668.0,675.0,709.0,763.0,777.0,791.0,833.0,868.0,903.0,925.0,969.0,
15.0,24.0,70.0,86.0,92.0,182.0,192.0,210.0,215.0,227.0,249.0,249.0,393.0,393.0,415.0,443.0,451.0,455.0,490.0,504.0,514.0,545.0,550.0,581.0,600.0,601.0,613.0,618.0,639.0,640.0,642.0,669.0,676.0,819.0,840.0,849.0,867.0,869.0,910.0,998.0,
6.0,22.0,49.0,123.0,129.0,131.0,136.0,189.0,214.0,313.0,317.0,323.0,328.0,339.0,344.0,358.0,390.0,505.0,524.0,568.0,572.0,579.0,622.0,631.0,651.0,693.0,705.0,708.0,787.0,798.0,803.0,816.0,821.0,866.0,922.0,960.0,982.0,984.0,
4.0,13.0,21.0,64.0,76.0,152.0,155.0,173.0,178.0,226.0,244.0,264.0,290.0,310.0,358.0,385.0,415.0,470.0,486.0,534.0,565.0,602.0,685.0,694.0,769.0,802.0,824.0,842.0,848.0,868.0,876.0,896.0,902.0,906.0,920.0,932.0,950.0,953.0,988.0,
19.0,55.0,63.0,86.0,88.0,98.0,136.0,166.0,180.0,282.0,303.0,329.0,344.0,354.0,403.0,418.0,436.0,466.0,473.0,479.0,491.0,494.0,518.0,531.0,630.0,634.0,686.0,688.0,702.0,705.0,716.0,718.0,719.0,774.0,787.0,841.0,841.0,853.0,889.0,916.0,928.0,955.0,995.0,999.0,
33.0,49.0,52.0,85.0,94.0,147.0,156.0,203.0,231.0,244.0,250.0,252.0,275.0,286.0,287.0,350.0,389.0,395.0,400.0,405.0,419.0,440.0,495.0,631.0,639.0,645.0,674.0,720.0,814.0,823.0,830.0,837.0,855.0,881.0,945.0,948.0,958.0,992.0,
15.0,19.0,19.0,23.0,38.0,72.0,84.0,86.0,89.0,96.0,97.0,130.0,171.0,181.0,198.0,260.0,296.0,376.0,378.0,380.0,381.0,392.0,393.0,397.0,401.0,406.0,412.0,422.0,424.0,488.0,497.0,603.0,642.0,645.0,684.0,716.0,776.0,812.0,820.0,830.0,834.0,857.0,868.0,885.0,921.0,974.0,975.0,
17.0,49.0,76.0,113.0,118.0,140.0,141.0,160.0,204.0,246.0,267.0,312.0,323.0,328.0,362.0,381.0,387.0,432.0,455.0,465.0,495.0,510.0,519.0,570.0,629.0,632.0,651.0,675.0,679.0,738.0,749.0,753.0,772.0,806.0,817.0,880.0,923.0,935.0,985.0,
