5.0,60.0,80.0,81.0,155.0,178.0,213.0,253.0,255.0,276.0,294.0,302.0,306.0,349.0,356.0,374.0,386.0,458.0,468.0,515.0,540.0,586.0,590.0,623.0,635.0,658.0,658.0,671.0,671.0,705.0,715.0,746.0,767.0,791.0,801.0,826.0,854.0,878.0,879.0,891.0,897.0,942.0,983.0,
43.0,47.0,48.0,59.0,59.0,137.0,217.0,222.0,274.0,290.0,373.0,374.0,404.0,428.0,444.0,472.0,480.0,520.0,547.0,551.0,637.0,672.0,731.0,768.0,771.0,775.0,802.0,820.0,824.0,849.0,892.0,938.0,
68.0,124.0,177.0,206.0,233.0,239.0,271.0,274.0,299.0,326.0,329.0,339.0,352.0,355.0,363.0,370.0,379.0,394.0,417.0,427.0,479.0,538.0,547.0,591.0,606.0,627.0,637.0,682.0,717.0,717.0,731.0,750.0,760.0,791.0,819.0,840.0,878.0,922.0,943.0,943.0,984.0,985.0,
20.0,44.0,99.0,122.0,151.0,192.0,224.0,228.0,238.0,253.0,290.0,323.0,382.0,389.0,416.0,424.0,444.0,455.0,470.0,471.0,503.0,511.0,537.0,572.0,577.0,600.0,631.0,680.0,736.0,765.0,809.0,842.0,890.0,907.0,919.0,980.0,
83.0,133.0,151.0,184.0,203.0,245.0,255.0,268.0,284.0,293.0,295.0,296.0,308.0,343.0,357.0,406.0,425.0,451.0,452.0,533.0,604.0,610.0,625.0,664.0,817.0,845.0,845.0,858.0,899.0,921.0,954.0,976.0,
20.0,31.0,54.0,119.0,180.0,226.0,237.0,242.0,260.0,282.0,298.0,322.0,331.0,331.0,333.0,362.0,385.0,391.0,393.0,451.0,501.0,597.0,628.0,631.0,639.0,641.0,701.0,728.0,739.0,740.0,772.0,820.0,853.0,885.0,913.0,948.0,952.0,991.0,
60.0,86.0,131.0,186.0,252.0,319.0,334.0,354.0,421.0,455.0,465.0,487.0,576.0,648.0,655.0,662.0,689.0,690.0,705.0,722.0,761.0,799.0,813.0,823.0,828.0,883.0,888.0,894.0,901.0,917.0,950.0,953.0,962.0,974.0,
11.0,23.0,36.0,51.0,92.0,157.0,171.0,185.0,200.0,209.0,214.0,279.0,327.0,388.0,467.0,488.0,489.0,520.0,530.0,598.0,666.0,700.0,701.0,736.0,742.0,832.0,980.0,986.0,
102.0,112.0,127.0,166.0,171.0,182.0,255.0,296.0,325.0,327.0,332.0,361.0,378.0,424.0,466.0,487.0,512.0,542.0,554.0,603.0,663.0,676.0,700.0,701.0,708.0,718.0,722.0,863.0,873.0,874.0,874.0,900.0,951.0,956.0,971.0,979.0,
11.0,17.0,37.0,53.0,87.0,98.0,141.0,207.0,212.0,230.0,247.0,265.0,287.0,292.0,311.0,320.0,339.0,366.0,428.0,438.0,470.0,529.0,538.0,601.0,651.0,657.0,683.0,684.0,697.0,702.0,738.0,750.0,771.0,798.0,802.0,929.0,947.0,
10.0,42.0,103.0,124.0,132.0,167.0,227.0,235.0,239.0,298.0,330.0,338.0,369.0,382.0,382.0,427.0,441.0,455.0,479.0,566.0,580.0,620.0,620.0,630.0,664.0,674.0,701.0,726.0,747.0,750.0,756.0,766.0,777.0,799.0,801.0,822.0,837.0,856.0,886.0,900.0,927.0,930.0,932.0,942.0,952.0,959.0,965.0,974.0,981.0,
9.0,21.0,27.0,40.0,83.0,86.0,117.0,132.0,137.0,174.0,180.0,194.0,269.0,294.0,329.0,368.0,371.0,373.0,388.0,414.0,425.0,497.0,536.0,540.0,544.0,555.0,555.0,589.0,617.0,659.0,667.0,676.0,740.0,779.0,781.0,803.0,856.0,898.0,901.0,913.0,928.0,946.0,968.0,981.0,
13.0,86.0,91.0,134.0,178.0,195.0,258.0,268.0,379.0,384.0,488.0,495.0,515.0,568.0,655.0,683.0,695.0,734.0,748.0,792.0,834.0,859.0,910.0,929.0,954.0,954.0,960.0,997.0,
7.0,46.0,53.0,81.0,83.0,101.0,127.0,136.0,140.0,145.0,178.0,188.0,243.0,284.0,298.0,300.0,307.0,350.0,361.0,369.0,381.0,382.0,383.0,404.0,438.0,467.0,551.0,603.0,663.0,690.0,707.0,758.0,796.0,862.0,869.0,888.0,889.0,892.0,935.0,935.0,967.0,981.0,
4.0,16.0,27.0,67.0,84.0,108.0,148.0,174.0,180.0,187.0,229.0,231.0,242.0,267.0,276.0,284.0,321.0,338.0,344.0,360.0,376.0,416.0,430.0,439.0,446.0,463.0,487.0,500.0,510.0,511.0,563.0,565.0,597.0,614.0,630.0,706.0,706.0,707.0,738.0,809.0,847.0,861.0,863.0,927.0,968.0,976.0,
8.0,12.0,42.0,54.0,56.0,65.0,76.0,133.0,162.0,194.0,201.0,201.0,206.0,327.0,335.0,359.0,362.0,465.0,472.0,499.0,510.0,570.0,620.0,626.0,648.0,650.0,736.0,765.0,779.0,866.0,876.0,966.0,990.0,
58.0,83.0,85.0,85.0,88.0,114.0,139.0,147.0,165.0,226.0,226.0,246.0,266.0,294.0,301.0,332.0,335.0,428.0,431.0,444.0,450.0,450.0,515.0,534.0,600.0,696.0,796.0,883.0,886.0,914.0,937.0,
3.0,26.0,34.0,87.0,108.0,120.0,125.0,127.0,137.0,141.0,167.0,183.0,193.0,196.0,201.0,285.0,295.0,323.0,379.0,488.0,545.0,551.0,552.0,588.0,620.0,632.0,648.0,663.0,664.0,706.0,710.0,712.0,718.0,723.0,728.0,742.0,766.0,791.0,808.0,863.0,898.0,920.0,940.0,
9.0,29.0,32.0,34.0,62.0,210.0,304.0,348.0,377.0,384.0,392.0,429.0,432.0,440.0,510.0,544.0,549.0,633.0,639.0,759.0,763.0,779.0,781.0,790.0,801.0,893.0,947.0,950.0,987.0,
49.0,69.0,74.0,104.0,147.0,148.0,199.0,219.0,235.0,247.0,259.0,271.0,282.0,301.0,347.0,357.0,380.0,423.0,424.0,462.0,488.0,516.0,590.0,602.0,610.0,613.0,620.0,620.0,625.0,729.0,736.0,776.0,777.0,800.0,810.0,868.0,909.0,916.0,924.0,985.0,993.0,998.0,
31.0,43.0,65.0,92.0,107.0,156.0,157.0,171.0,199.0,219.0,227.0,233.0,285.0,293.0,326.0,329.0,353.0,377.0,469.0,507.0,588.0,676.0,684.0,700.0,740.0,765.0,792.0,811.0,821.0,857.0,893.0,897.0,922.0,943.0,
20.0,72.0,92.0,111.0,119.0,163.0,179.0,194.0,204.0,229.0,265.0,267.0,324.0,349.0,357.0,403.0,481.0,540.0,589.0,590.0,652.0,652.0,682.0,697.0,710.0,729.0,734.0,738.0,788.0,832.0,851.0,902.0,905.0,914.0,949.0,953.0,973.0,975.0,
12.0,26.0,29.0,31.0,82.0,195.0,219.0,265.0,286.0,297.0,360.0,405.0,408.0,437.0,466.0,467.0,492.0,498.0,541.0,544.0,559.0,594.0,594.0,624.0,699.0,704.0,711.0,713.0,780.0,804.0,805.0,829.0,879.0,892.0,895.0,907.0,937.0,948.0,
2.0,23.0,44.0,67.0,81.0,84.0,118.0,171.0,175.0,198.0,221.0,290.0,303.0,312.0,320.0,341.0,348.0,369.0,399.0,411.0,468.0,484.0,508.0,575.0,591.0,629.0,632.0,688.0,699.0,707.0,728.0,756.0,788.0,795.0,869.0,900.0,957.0,978.0,982.0,1000.0,
20.0,32.0,63.0,67.0,74.0,89.0,100.0,104.0,154.0,194.0,245.0,256.0,262.0,293.0,378.0,386.0,457.0,460.0,462.0,484.0,485.0,503.0,508.0,514.0,539.0,542.0,544.0,559.0,577.0,651.0,655.0,722.0,733.0,795.0,796.0,892.0,929.0,930.0,943.0,959.0,990.0,
38.0,79.0,102.0,178.0,182.0,207.0,215.0,219.0,235.0,245.0,307.0,321.0,419.0,423.0,471.0,612.0,645.0,653.0,673.0,707.0,721.0,757.0,804.0,824.0,837.0,891.0,899.0,954.0,962.0,997.0,
28.0,56.0,67.0,80.0,102.0,126.0,167.0,197.0,207.0,260.0,366.0,512.0,520.0,537.0,567.0,613.0,614.0,627.0,639.0,691.0,706.0,741.0,813.0,836.0,837.0,858.0,885.0,900.0,925.0,955.0,988.0,
61.0,64.0,94.0,99.0,130.0,136.0,159.0,230.0,232.0,262.0,264.0,289.0,440.0,453.0,465.0,479.0,488.0,505.0,515.0,538.0,545.0,553.0,586.0,596.0,631.0,644.0,649.0,688.0,714.0,755.0,755.0,869.0,
35.0,82.0,86.0,158.0,170.0,224.0,236.0,256.0,300.0,326.0,403.0,414.0,417.0,502.0,510.0,511.0,543.0,622.0,655.0,700.0,726.0,732.0,742.0,782.0,783.0,802.0,825.0,866.0,878.0,923.0,934.0,963.0,968.0,
3.0,17.0,24.0,27.0,39.0,62.0,99.0,122.0,180.0,193.0,198.0,216.0,344.0,415.0,451.0,493.0,509.0,514.0,526.0,529.0,537.0,563.0,643.0,671.0,673.0,686.0,692.0,699.0,737.0,754.0,758.0,780.0,799.0,811.0,934.0,952.0,972.0,
3.0,6.0,22.0,51.0,141.0,151.0,168.0,192.0,199.0,219.0,248.0,252.0,283.0,319.0,354.0,367.0,424.0,436.0,438.0,446.0,460.0,508.0,539.0,636.0,643.0,673.0,703.0,728.0,762.0,763.0,763.0,769.0,786.0,839.0,862.0,880.0,902.0,914.0,914.0,928.0,971.0,1000.0,
22.0,41.0,45.0,62.0,100.0,112.0,146.0,158.0,227.0,236.0,248.0,266.0,271.0,295.0,324.0,350.0,378.0,382.0,414.0,442.0,466.0,477.0,486.0,487.0,499.0,524.0,568.0,568.0,605.0,691.0,826.0,854.0,862.0,892.0,896.0,924.0,964.0,
9.0,73.0,106.0,108.0,224.0,227.0,237.0,276.0,278.0,292.0,354.0,381.0,395.0,418.0,432.0,468.0,484.0,501.0,505.0,591.0,599.0,651.0,675.0,731.0,751.0,754.0,782.0,793.0,804.0,843.0,846.0,877.0,884.0,920.0,932.0,935.0,948.0,953.0,969.0,973.0,973.0,985.0,
54.0,57.0,58.0,61.0,113.0,142.0,182.0,183.0,197.0,248.0,272.0,273.0,285.0,301.0,342.0,379.0,402.0,411.0,415.0,483.0,494.0,526.0,542.0,573.0,596.0,625.0,643.0,689.0,706.0,734.0,741.0,769.0,787.0,793.0,811.0,872.0,873.0,915.0,924.0,930.0,932.0,935.0,949.0,955.0,961.0,975.0,
4.0,11.0,66.0,80.0,113.0,201.0,215.0,248.0,292.0,381.0,400.0,469.0,475.0,560.0,575.0,581.0,599.0,606.0,608.0,608.0,612.0,620.0,627.0,717.0,737.0,752.0,753.0,777.0,814.0,831.0,856.0,877.0,922.0,949.0,959.0,960.0,970.0,993.0,994.0,
25.0,76.0,77.0,116.0,265.0,278.0,290.0,310.0,310.0,342.0,344.0,364.0,372.0,466.0,517.0,529.0,549.0,583.0,600.0,631.0,660.0,741.0,775.0,785.0,840.0,844.0,858.0,861.0,898.0,932.0,938.0,942.0,970.0,
20.0,145.0,182.0,222.0,291.0,293.0,399.0,481.0,485.0,567.0,585.0,606.0,627.0,643.0,648.0,669.0,694.0,713.0,726.0,748.0,781.0,805.0,835.0,844.0,850.0,853.0,858.0,865.0,908.0,914.0,915.0,953.0,
22.0,46.0,70.0,141.0,154.0,183.0,247.0,270.0,342.0,375.0,376.0,379.0,399.0,434.0,440.0,442.0,479.0,507.0,554.0,559.0,579.0,596.0,601.0,617.0,645.0,658.0,682.0,786.0,806.0,821.0,839.0,845.0,879.0,898.0,972.0,972.0,980.0,992.0,
2.0,8.0,18.0,20.0,62.0,64.0,78.0,91.0,117.0,127.0,148.0,149.0,151.0,211.0,226.0,248.0,282.0,295.0,334.0,378.0,396.0,414.0,418.0,438.0,469.0,486.0,491.0,512.0,515.0,526.0,566.0,595.0,607.0,648.0,661.0,792.0,835.0,916.0,962.0,995.0,997.0,
24.0,42.0,68.0,98.0,109.0,179.0,208.0,219.0,252.0,272.0,274.0,275.0,319.0,343.0,386.0,417.0,429.0,429.0,454.0,527.0,603.0,609.0,626.0,661.0,682.0,730.0,762.0,774.0,790.0,796.0,805.0,817.0,842.0,843.0,856.0,901.0,906.0,912.0,923.0,960.0,983.0,
18.0,34.0,53.0,64.0,86.0,87.0,145.0,233.0,236.0,246.0,279.0,292.0,320.0,330.0,350.0,438.0,510.0,513.0,556.0,619.0,628.0,633.0,669.0,690.0,726.0,789.0,854.0,874.0,904.0,906.0,919.0,977.0,992.0,999.0,
42.0,66.0,68.0,73.0,90.0,121.0,167.0,180.0,205.0,212.0,218.0,235.0,259.0,329.0,340.0,365.0,388.0,447.0,518.0,525.0,540.0,561.0,595.0,605.0,647.0,647.0,661.0,666.0,693.0,749.0,773.0,792.0,817.0,829.0,847.0,873.0,887.0,900.0,915.0,994.0,
18.0,41.0,44.0,53.0,62.0,63.0,82.0,87.0,93.0,107.0,116.0,126.0,202.0,234.0,267.0,301.0,370.0,380.0,394.0,401.0,402.0,444.0,447.0,459.0,487.0,494.0,506.0,530.0,619.0,623.0,627.0,655.0,666.0,682.0,699.0,702.0,812.0,834.0,841.0,851.0,854.0,892.0,974.0,976.0,
3.0,16.0,40.0,52.0,67.0,120.0,133.0,140.0,170.0,171.0,245.0,247.0,293.0,335.0,386.0,396.0,405.0,407.0,430.0,477.0,537.0,549.0,555.0,568.0,579.0,603.0,628.0,676.0,690.0,714.0,732.0,738.0,794.0,811.0,838.0,865.0,886.0,895.0,938.0,983.0,991.0,992.0,
21.0,30.0,66.0,115.0,135.0,195.0,230.0,230.0,284.0,314.0,326.0,350.0,350.0,373.0,380.0,406.0,422.0,434.0,468.0,483.0,486.0,583.0,722.0,755.0,760.0,775.0,788.0,843.0,863.0,934.0,991.0,
12.0,31.0,64.0,122.0,165.0,165.0,166.0,192.0,194.0,223.0,223.0,229.0,314.0,369.0,421.0,460.0,497.0,
20.0,45.0,49.0,83.0,85.0,333.0,344.0,373.0,417.0,455.0,469.0,514.0,515.0,637.0,638.0,642.0,647.0,695.0,699.0,773.0,862.0,
12.0,47.0,68.0,95.0,123.0,213.0,220.0,226.0,234.0,246.0,260.0,288.0,314.0,349.0,379.0,401.0,427.0,429.0,433.0,468.0,470.0,477.0,504.0,515.0,596.0,671.0,691.0,778.0,804.0,804.0,889.0,906.0,908.0,932.0,933.0,968.0,975.0,987.0,
2.0,10.0,17.0,23.0,77.0,148.0,178.0,186.0,197.0,198.0,272.0,288.0,294.0,297.0,307.0,320.0,323.0,341.0,348.0,367.0,383.0,397.0,397.0,416.0,543.0,556.0,562.0,626.0,659.0,664.0,686.0,727.0,774.0,785.0,793.0,821.0,893.0,908.0,922.0,926.0,949.0,950.0,954.0,967.0,
15.0,64.0,104.0,148.0,167.0,169.0,179.0,238.0,279.0,288.0,312.0,325.0,351.0,376.0,391.0,414.0,419.0,437.0,446.0,558.0,594.0,619.0,620.0,624.0,657.0,657.0,660.0,693.0,709.0,711.0,726.0,732.0,791.0,821.0,823.0,830.0,859.0,918.0,951.0,961.0,993.0,998.0,
3.0,16.0,21.0,94.0,100.0,106.0,125.0,135.0,183.0,235.0,270.0,276.0,320.0,365.0,382.0,393.0,402.0,433.0,542.0,587.0,628.0,646.0,677.0,698.0,707.0,806.0,822.0,864.0,880.0,888.0,888.0,894.0,921.0,953.0,
18.0,45.0,51.0,86.0,170.0,195.0,206.0,298.0,307.0,316.0,395.0,415.0,447.0,476.0,477.0,481.0,537.0,590.0,592.0,606.0,608.0,667.0,707.0,718.0,729.0,749.0,798.0,815.0,818.0,861.0,874.0,963.0,990.0,993.0,
38.0,54.0,76.0,116.0,148.0,191.0,192.0,218.0,228.0,322.0,327.0,365.0,404.0,418.0,457.0,459.0,461.0,468.0,523.0,554.0,576.0,588.0,599.0,641.0,647.0,678.0,682.0,697.0,704.0,716.0,731.0,753.0,792.0,806.0,842.0,869.0,880.0,884.0,895.0,924.0,929.0,962.0,981.0,
9.0,14.0,32.0,55.0,70.0,116.0,118.0,126.0,172.0,233.0,253.0,276.0,284.0,325.0,335.0,345.0,473.0,506.0,535.0,543.0,559.0,566.0,569.0,652.0,653.0,655.0,680.0,686.0,710.0,710.0,729.0,772.0,787.0,809.0,829.0,837.0,872.0,891.0,961.0,985.0,
4.0,6.0,35.0,83.0,111.0,175.0,198.0,228.0,268.0,280.0,296.0,314.0,317.0,341.0,414.0,426.0,433.0,453.0,457.0,481.0,499.0,953.0,
9.0,28.0,33.0,35.0,49.0,133.0,178.0,192.0,211.0,247.0,360.0,410.0,508.0,
12.0,22.0,82.0,182.0,218.0,228.0,270.0,273.0,279.0,289.0,333.0,339.0,352.0,380.0,448.0,455.0,460.0,499.0,
6.0,18.0,68.0,127.0,169.0,191.0,195.0,196.0,251.0,413.0,416.0,445.0,518.0,555.0,556.0,580.0,591.0,598.0,603.0,709.0,769.0,779.0,786.0,811.0,817.0,864.0,866.0,894.0,981.0,
20.0,29.0,54.0,59.0,63.0,129.0,130.0,171.0,237.0,255.0,273.0,279.0,302.0,313.0,351.0,367.0,368.0,446.0,448.0,453.0,467.0,482.0,511.0,525.0,558.0,562.0,657.0,677.0,689.0,710.0,727.0,747.0,780.0,862.0,899.0,954.0,967.0,989.0,
17.0,48.0,75.0,103.0,107.0,141.0,187.0,192.0,311.0,338.0,347.0,386.0,417.0,467.0,512.0,524.0,525.0,551.0,561.0,620.0,622.0,631.0,638.0,639.0,680.0,720.0,740.0,782.0,785.0,800.0,815.0,816.0,823.0,874.0,890.0,904.0,963.0,
29.0,62.0,123.0,162.0,174.0,250.0,292.0,295.0,346.0,347.0,353.0,363.0,394.0,439.0,448.0,494.0,512.0,604.0,625.0,688.0,706.0,744.0,795.0,801.0,822.0,837.0,881.0,891.0,896.0,907.0,912.0,
4.0,9.0,142.0,146.0,164.0,190.0,204.0,216.0,232.0,242.0,265.0,352.0,373.0,461.0,545.0,578.0,612.0,694.0,697.0,706.0,779.0,794.0,830.0,830.0,859.0,912.0,946.0,949.0,982.0,997.0,
25.0,32.0,36.0,70.0,191.0,212.0,224.0,235.0,284.0,325.0,329.0,339.0,382.0,423.0,440.0,480.0,482.0,487.0,523.0,528.0,532.0,571.0,579.0,619.0,621.0,637.0,643.0,664.0,713.0,747.0,748.0,776.0,819.0,903.0,931.0,950.0,971.0,
22.0,37.0,66.0,120.0,125.0,134.0,208.0,220.0,236.0,302.0,326.0,368.0,401.0,409.0,419.0,491.0,494.0,511.0,522.0,529.0,575.0,576.0,626.0,655.0,662.0,666.0,678.0,780.0,828.0,828.0,894.0,899.0,900.0,921.0,977.0,985.0,
10.0,16.0,40.0,63.0,78.0,82.0,109.0,227.0,250.0,268.0,270.0,286.0,305.0,369.0,393.0,406.0,423.0,439.0,451.0,465.0,471.0,603.0,612.0,630.0,650.0,697.0,715.0,748.0,815.0,851.0,881.0,908.0,944.0,967.0,971.0,
7.0,20.0,48.0,65.0,184.0,304.0,311.0,338.0,354.0,359.0,389.0,403.0,438.0,454.0,475.0,477.0,483.0,
9.0,37.0,78.0,123.0,164.0,199.0,238.0,267.0,275.0,317.0,319.0,319.0,337.0,352.0,462.0,497.0,606.0,712.0,779.0,828.0,832.0,863.0,959.0,960.0,
6.0,15.0,27.0,27.0,27.0,81.0,84.0,98.0,124.0,126.0,149.0,155.0,158.0,164.0,181.0,191.0,253.0,267.0,326.0,354.0,376.0,397.0,437.0,443.0,445.0,453.0,473.0,483.0,574.0,582.0,681.0,685.0,700.0,706.0,730.0,739.0,745.0,746.0,778.0,829.0,830.0,838.0,846.0,848.0,852.0,856.0,858.0,878.0,880.0,889.0,966.0,987.0,
7.0,38.0,57.0,165.0,168.0,206.0,228.0,371.0,383.0,383.0,403.0,423.0,456.0,476.0,500.0,539.0,543.0,606.0,610.0,667.0,802.0,806.0,822.0,880.0,905.0,978.0,
28.0,34.0,49.0,88.0,108.0,117.0,136.0,178.0,192.0,215.0,248.0,253.0,282.0,289.0,301.0,361.0,505.0,547.0,577.0,578.0,600.0,605.0,650.0,685.0,699.0,711.0,711.0,715.0,715.0,740.0,763.0,763.0,790.0,835.0,842.0,868.0,868.0,888.0,957.0,972.0,975.0,
26.0,59.0,92.0,94.0,99.0,119.0,153.0,190.0,276.0,282.0,286.0,290.0,292.0,293.0,299.0,318.0,341.0,363.0,436.0,493.0,503.0,530.0,562.0,605.0,696.0,720.0,740.0,817.0,817.0,867.0,870.0,891.0,914.0,949.0,969.0,970.0,
18.0,21.0,23.0,67.0,85.0,105.0,111.0,147.0,163.0,255.0,275.0,311.0,337.0,358.0,362.0,380.0,425.0,475.0,486.0,505.0,517.0,527.0,531.0,541.0,550.0,557.0,568.0,593.0,650.0,723.0,756.0,766.0,785.0,792.0,837.0,867.0,885.0,893.0,904.0,938.0,960.0,997.0,
118.0,125.0,146.0,171.0,260.0,331.0,355.0,377.0,446.0,448.0,483.0,532.0,570.0,590.0,630.0,657.0,668.0,676.0,722.0,742.0,758.0,760.0,777.0,792.0,824.0,851.0,902.0,905.0,934.0,937.0,
2.0,10.0,35.0,113.0,118.0,159.0,185.0,197.0,224.0,230.0,249.0,259.0,376.0,389.0,394.0,412.0,428.0,466.0,468.0,485.0,520.0,530.0,532.0,539.0,561.0,562.0,570.0,571.0,632.0,663.0,694.0,717.0,751.0,752.0,821.0,830.0,835.0,927.0,976.0,999.0,
106.0,114.0,123.0,132.0,141.0,145.0,153.0,194.0,212.0,253.0,291.0,297.0,323.0,376.0,382.0,577.0,586.0,624.0,690.0,714.0,758.0,865.0,890.0,937.0,956.0,975.0,993.0,
25.0,29.0,32.0,53.0,83.0,112.0,118.0,126.0,178.0,210.0,240.0,264.0,273.0,334.0,376.0,379.0,389.0,413.0,424.0,459.0,569.0,597.0,629.0,644.0,679.0,683.0,686.0,746.0,756.0,833.0,851.0,872.0,879.0,905.0,940.0,965.0,968.0,983.0,989.0,995.0,
46.0,47.0,89.0,142.0,180.0,200.0,221.0,232.0,338.0,359.0,386.0,386.0,441.0,452.0,454.0,512.0,519.0,565.0,615.0,680.0,737.0,737.0,746.0,750.0,787.0,851.0,892.0,925.0,935.0,946.0,964.0,975.0,978.0,998.0,
8.0,21.0,23.0,48.0,92.0,96.0,126.0,184.0,186.0,260.0,314.0,340.0,388.0,437.0,471.0,504.0,550.0,557.0,558.0,559.0,594.0,656.0,661.0,662.0,667.0,670.0,684.0,708.0,722.0,727.0,734.0,747.0,757.0,819.0,833.0,843.0,886.0,915.0,921.0,931.0,943.0,974.0,982.0,
12.0,137.0,167.0,247.0,288.0,297.0,318.0,325.0,339.0,360.0,417.0,477.0,506.0,510.0,583.0,661.0,661.0,663.0,672.0,706.0,728.0,787.0,815.0,825.0,835.0,848.0,966.0,978.0,991.0,
12.0,29.0,56.0,154.0,167.0,188.0,214.0,225.0,242.0,248.0,251.0,325.0,395.0,447.0,453.0,475.0,498.0,499.0,503.0,528.0,546.0,553.0,559.0,636.0,644.0,672.0,689.0,712.0,721.0,810.0,838.0,839.0,870.0,882.0,883.0,901.0,936.0,942.0,950.0,957.0,998.0,
57.0,141.0,160.0,165.0,167.0,205.0,210.0,236.0,244.0,258.0,297.0,308.0,319.0,352.0,389.0,447.0,449.0,464.0,478.0,518.0,576.0,630.0,657.0,680.0,762.0,780.0,786.0,810.0,839.0,919.0,938.0,976.0,
42.0,52.0,56.0,90.0,107.0,174.0,182.0,254.0,268.0,277.0,278.0,279.0,333.0,408.0,493.0,499.0,501.0,527.0,530.0,643.0,652.0,660.0,676.0,740.0,810.0,832.0,886.0,896.0,903.0,938.0,961.0,979.0,
15.0,15.0,17.0,23.0,70.0,136.0,152.0,155.0,161.0,161.0,176.0,198.0,237.0,254.0,273.0,274.0,327.0,331.0,332.0,340.0,346.0,357.0,448.0,462.0,465.0,544.0,558.0,598.0,607.0,617.0,655.0,688.0,735.0,761.0,785.0,871.0,953.0,965.0,992.0,
51.0,102.0,116.0,153.0,164.0,169.0,175.0,186.0,236.0,347.0,378.0,384.0,397.0,398.0,401.0,426.0,430.0,457.0,470.0,517.0,520.0,568.0,569.0,584.0,594.0,642.0,675.0,701.0,703.0,708.0,716.0,774.0,779.0,779.0,786.0,796.0,801.0,847.0,920.0,953.0,956.0,959.0,986.0,
25.0,26.0,42.0,51.0,69.0,77.0,111.0,120.0,146.0,165.0,193.0,222.0,235.0,256.0,296.0,301.0,302.0,362.0,398.0,409.0,413.0,507.0,522.0,543.0,553.0,633.0,641.0,671.0,701.0,709.0,718.0,728.0,751.0,761.0,793.0,837.0,844.0,846.0,850.0,901.0,963.0,987.0,
27.0,40.0,46.0,178.0,179.0,293.0,296.0,298.0,302.0,311.0,398.0,425.0,449.0,472.0,481.0,494.0,567.0,568.0,636.0,649.0,702.0,706.0,722.0,745.0,755.0,798.0,812.0,845.0,872.0,901.0,944.0,949.0,955.0,
6.0,47.0,71.0,81.0,144.0,157.0,159.0,189.0,222.0,237.0,247.0,316.0,317.0,333.0,355.0,387.0,440.0,451.0,457.0,489.0,503.0,508.0,541.0,541.0,544.0,582.0,589.0,617.0,628.0,655.0,693.0,708.0,773.0,786.0,792.0,820.0,829.0,836.0,937.0,953.0,960.0,
39.0,58.0,67.0,87.0,121.0,136.0,158.0,165.0,177.0,203.0,229.0,241.0,249.0,295.0,297.0,318.0,322.0,325.0,341.0,343.0,384.0,396.0,423.0,444.0,460.0,483.0,501.0,506.0,604.0,640.0,691.0,721.0,727.0,817.0,902.0,952.0,987.0,997.0,
5.0,19.0,25.0,26.0,52.0,58.0,83.0,90.0,96.0,193.0,211.0,283.0,309.0,326.0,354.0,358.0,384.0,389.0,395.0,402.0,415.0,484.0,600.0,618.0,618.0,679.0,741.0,818.0,918.0,936.0,967.0,995.0,
18.0,31.0,73.0,103.0,133.0,136.0,147.0,178.0,196.0,232.0,257.0,284.0,289.0,314.0,331.0,409.0,446.0,457.0,503.0,513.0,516.0,530.0,556.0,583.0,586.0,594.0,661.0,692.0,711.0,711.0,776.0,795.0,804.0,806.0,808.0,811.0,822.0,841.0,891.0,895.0,934.0,939.0,989.0,994.0,
25.0,29.0,64.0,71.0,96.0,100.0,113.0,144.0,188.0,198.0,215.0,223.0,229.0,246.0,276.0,285.0,325.0,340.0,340.0,365.0,372.0,405.0,411.0,420.0,458.0,475.0,496.0,539.0,560.0,593.0,595.0,636.0,662.0,728.0,758.0,813.0,866.0,872.0,873.0,950.0,952.0,970.0,987.0,988.0,1000.0,
8.0,9.0,167.0,202.0,226.0,242.0,260.0,289.0,340.0,349.0,381.0,388.0,400.0,494.0,498.0,640.0,670.0,693.0,700.0,710.0,758.0,767.0,890.0,918.0,959.0,
20.0,29.0,96.0,102.0,112.0,142.0,144.0,168.0,189.0,210.0,218.0,246.0,255.0,293.0,297.0,406.0,453.0,468.0,477.0,486.0,516.0,624.0,639.0,653.0,664.0,691.0,759.0,788.0,825.0,872.0,877.0,903.0,912.0,915.0,920.0,954.0,
71.0,115.0,125.0,245.0,274.0,278.0,308.0,311.0,407.0,428.0,456.0,466.0,533.0,540.0,581.0,599.0,637.0,702.0,759.0,816.0,880.0,912.0,925.0,929.0,944.0,948.0,981.0,
6.0,40.0,59.0,158.0,172.0,196.0,221.0,230.0,238.0,274.0,298.0,299.0,371.0,386.0,391.0,407.0,444.0,487.0,539.0,563.0,597.0,603.0,626.0,694.0,704.0,716.0,719.0,720.0,735.0,744.0,806.0,867.0,883.0,939.0,950.0,955.0,982.0,
18.0,44.0,47.0,102.0,116.0,152.0,162.0,198.0,198.0,204.0,212.0,237.0,256.0,269.0,290.0,339.0,422.0,427.0,439.0,494.0,507.0,531.0,543.0,593.0,621.0,634.0,650.0,701.0,758.0,788.0,848.0,869.0,879.0,903.0,905.0,910.0,927.0,
16.0,61.0,64.0,80.0,105.0,135.0,167.0,189.0,223.0,360.0,370.0,397.0,397.0,405.0,414.0,415.0,420.0,429.0,442.0,450.0,511.0,523.0,566.0,604.0,619.0,623.0,680.0,692.0,709.0,737.0,777.0,803.0,819.0,829.0,850.0,860.0,905.0,911.0,945.0,949.0,991.0,
118.0,151.0,198.0,213.0,216.0,261.0,326.0,327.0,416.0,416.0,437.0,458.0,495.0,515.0,547.0,556.0,619.0,623.0,632.0,662.0,664.0,676.0,676.0,690.0,695.0,725.0,766.0,775.0,836.0,854.0,856.0,892.0,896.0,921.0,938.0,946.0,
22.0,31.0,46.0,67.0,125.0,195.0,208.0,277.0,296.0,309.0,333.0,369.0,409.0,416.0,426.0,442.0,463.0,473.0,553.0,561.0,577.0,606.0,614.0,681.0,689.0,728.0,740.0,826.0,826.0,883.0,901.0,921.0,
40.0,75.0,91.0,217.0,283.0,294.0,315.0,318.0,324.0,340.0,342.0,355.0,380.0,390.0,433.0,435.0,470.0,479.0,485.0,506.0,513.0,533.0,553.0,588.0,592.0,692.0,710.0,750.0,836.0,852.0,857.0,869.0,869.0,870.0,885.0,903.0,967.0,995.0,
