2.0,27.0,46.0,63.0,113.0,185.0,203.0,210.0,268.0,308.0,395.0,395.0,399.0,449.0,468.0,475.0,528.0,529.0,537.0,580.0,652.0,673.0,703.0,802.0,822.0,828.0,905.0,940.0,964.0,975.0,975.0,982.0,985.0,
22.0,49.0,60.0,108.0,109.0,148.0,160.0,189.0,275.0,283.0,292.0,317.0,318.0,360.0,408.0,486.0,491.0,580.0,588.0,621.0,651.0,674.0,692.0,696.0,751.0,758.0,763.0,777.0,781.0,866.0,
2.0,15.0,29.0,35.0,70.0,93.0,109.0,138.0,190.0,212.0,221.0,267.0,283.0,294.0,307.0,318.0,349.0,375.0,376.0,376.0,381.0,408.0,425.0,487.0,528.0,533.0,534.0,578.0,588.0,621.0,644.0,704.0,718.0,742.0,804.0,850.0,855.0,859.0,904.0,935.0,944.0,965.0,
57.0,60.0,201.0,213.0,217.0,294.0,298.0,422.0,460.0,476.0,489.0,521.0,528.0,529.0,537.0,642.0,689.0,711.0,716.0,724.0,796.0,804.0,818.0,921.0,948.0,957.0,980.0,
44.0,102.0,109.0,248.0,261.0,311.0,337.0,350.0,374.0,377.0,502.0,518.0,529.0,552.0,557.0,607.0,624.0,645.0,769.0,777.0,783.0,790.0,799.0,855.0,910.0,910.0,927.0,931.0,971.0,990.0,
73.0,132.0,133.0,136.0,137.0,180.0,213.0,225.0,239.0,261.0,272.0,272.0,280.0,302.0,331.0,375.0,377.0,377.0,405.0,407.0,434.0,446.0,456.0,483.0,525.0,531.0,568.0,576.0,579.0,619.0,642.0,679.0,685.0,704.0,713.0,731.0,786.0,806.0,811.0,870.0,876.0,949.0,963.0,987.0,997.0,
76.0,77.0,95.0,98.0,107.0,225.0,258.0,279.0,299.0,317.0,362.0,364.0,379.0,477.0,495.0,529.0,558.0,587.0,606.0,672.0,739.0,783.0,785.0,788.0,829.0,857.0,859.0,866.0,888.0,926.0,
36.0,36.0,43.0,144.0,293.0,303.0,319.0,325.0,341.0,361.0,362.0,365.0,367.0,404.0,428.0,446.0,470.0,484.0,524.0,536.0,541.0,559.0,657.0,710.0,738.0,738.0,748.0,749.0,801.0,817.0,820.0,834.0,902.0,921.0,992.0,
5.0,19.0,28.0,66.0,124.0,174.0,193.0,291.0,297.0,331.0,364.0,413.0,418.0,439.0,445.0,461.0,467.0,524.0,574.0,574.0,628.0,629.0,647.0,695.0,713.0,744.0,745.0,754.0,829.0,882.0,905.0,928.0,951.0,991.0,991.0,
31.0,47.0,117.0,141.0,147.0,155.0,166.0,199.0,235.0,241.0,241.0,243.0,245.0,253.0,258.0,328.0,376.0,446.0,451.0,502.0,503.0,509.0,554.0,570.0,583.0,588.0,613.0,689.0,714.0,721.0,758.0,762.0,779.0,811.0,814.0,820.0,906.0,911.0,997.0,
59.0,64.0,89.0,112.0,161.0,206.0,248.0,265.0,266.0,285.0,314.0,333.0,336.0,366.0,386.0,390.0,405.0,410.0,452.0,469.0,472.0,473.0,498.0,558.0,561.0,571.0,596.0,627.0,650.0,659.0,660.0,711.0,715.0,723.0,745.0,795.0,884.0,913.0,950.0,971.0,971.0,
32.0,94.0,126.0,144.0,196.0,214.0,253.0,255.0,303.0,315.0,319.0,322.0,338.0,345.0,355.0,368.0,384.0,399.0,401.0,420.0,446.0,493.0,511.0,516.0,600.0,631.0,655.0,759.0,769.0,773.0,803.0,828.0,845.0,852.0,858.0,893.0,913.0,985.0,
21.0,52.0,55.0,139.0,147.0,162.0,199.0,206.0,213.0,219.0,226.0,240.0,303.0,391.0,416.0,440.0,457.0,473.0,547.0,552.0,577.0,590.0,602.0,622.0,641.0,643.0,650.0,666.0,777.0,830.0,845.0,863.0,892.0,979.0,
24.0,38.0,71.0,85.0,95.0,98.0,122.0,138.0,191.0,198.0,216.0,245.0,286.0,338.0,419.0,421.0,489.0,515.0,539.0,577.0,586.0,653.0,699.0,733.0,739.0,779.0,810.0,834.0,836.0,864.0,870.0,921.0,925.0,938.0,955.0,959.0,
95.0,102.0,119.0,147.0,179.0,192.0,204.0,208.0,231.0,232.0,276.0,289.0,338.0,380.0,403.0,421.0,422.0,434.0,437.0,463.0,473.0,489.0,516.0,545.0,556.0,571.0,586.0,608.0,647.0,657.0,670.0,689.0,690.0,712.0,723.0,735.0,769.0,780.0,872.0,876.0,876.0,877.0,
8.0,11.0,44.0,46.0,51.0,60.0,77.0,81.0,127.0,140.0,141.0,145.0,239.0,256.0,279.0,357.0,358.0,371.0,403.0,493.0,538.0,559.0,595.0,605.0,650.0,662.0,687.0,693.0,716.0,726.0,731.0,763.0,853.0,859.0,870.0,872.0,876.0,956.0,977.0,
29.0,80.0,108.0,185.0,216.0,218.0,230.0,322.0,343.0,367.0,402.0,410.0,411.0,517.0,556.0,557.0,564.0,587.0,623.0,635.0,646.0,667.0,753.0,771.0,789.0,798.0,814.0,845.0,850.0,858.0,926.0,
4.0,4.0,35.0,39.0,72.0,75.0,96.0,98.0,105.0,123.0,134.0,176.0,208.0,244.0,266.0,269.0,296.0,346.0,360.0,423.0,432.0,487.0,489.0,550.0,556.0,584.0,591.0,609.0,623.0,666.0,707.0,738.0,749.0,811.0,812.0,824.0,848.0,904.0,935.0,943.0,971.0,
28.0,31.0,57.0,70.0,72.0,89.0,159.0,161.0,175.0,210.0,236.0,242.0,286.0,291.0,292.0,331.0,362.0,374.0,420.0,464.0,532.0,663.0,693.0,793.0,797.0,841.0,843.0,858.0,863.0,871.0,872.0,900.0,919.0,947.0,
10.0,48.0,71.0,138.0,153.0,160.0,179.0,189.0,263.0,271.0,286.0,349.0,391.0,393.0,420.0,434.0,465.0,514.0,573.0,614.0,675.0,692.0,754.0,787.0,792.0,922.0,925.0,940.0,943.0,945.0,986.0,988.0,
140.0,184.0,223.0,240.0,343.0,352.0,369.0,405.0,407.0,423.0,446.0,522.0,590.0,625.0,632.0,647.0,677.0,687.0,688.0,699.0,704.0,730.0,737.0,762.0,792.0,863.0,878.0,912.0,923.0,935.0,
13.0,25.0,30.0,46.0,65.0,85.0,102.0,119.0,177.0,234.0,265.0,297.0,323.0,386.0,405.0,421.0,424.0,440.0,443.0,448.0,492.0,501.0,505.0,518.0,531.0,533.0,542.0,545.0,557.0,565.0,606.0,612.0,653.0,698.0,713.0,766.0,788.0,813.0,823.0,849.0,860.0,873.0,932.0,964.0,977.0,
75.0,79.0,149.0,185.0,188.0,200.0,234.0,239.0,262.0,273.0,322.0,332.0,412.0,423.0,425.0,430.0,433.0,435.0,447.0,451.0,458.0,513.0,535.0,540.0,543.0,573.0,589.0,627.0,714.0,845.0,867.0,869.0,887.0,895.0,908.0,1000.0,
15.0,27.0,37.0,38.0,120.0,130.0,153.0,172.0,185.0,217.0,234.0,270.0,270.0,286.0,334.0,372.0,462.0,505.0,542.0,556.0,568.0,585.0,593.0,619.0,620.0,687.0,706.0,707.0,741.0,742.0,745.0,758.0,761.0,782.0,807.0,837.0,845.0,851.0,854.0,864.0,874.0,878.0,886.0,911.0,915.0,920.0,952.0,953.0,962.0,984.0,
19.0,24.0,48.0,63.0,83.0,96.0,97.0,129.0,150.0,207.0,210.0,210.0,228.0,273.0,300.0,318.0,340.0,350.0,372.0,375.0,454.0,465.0,476.0,482.0,506.0,517.0,519.0,530.0,537.0,621.0,639.0,685.0,703.0,735.0,742.0,764.0,857.0,867.0,871.0,875.0,909.0,933.0,988.0,
50.0,93.0,97.0,101.0,101.0,132.0,144.0,191.0,224.0,231.0,241.0,278.0,314.0,321.0,379.0,492.0,493.0,586.0,590.0,599.0,611.0,644.0,842.0,
16.0,25.0,41.0,55.0,72.0,93.0,110.0,159.0,169.0,213.0,223.0,278.0,346.0,391.0,404.0,430.0,436.0,471.0,535.0,535.0,541.0,558.0,583.0,593.0,643.0,855.0,924.0,
6.0,40.0,40.0,99.0,112.0,118.0,121.0,123.0,160.0,215.0,223.0,235.0,268.0,271.0,271.0,280.0,287.0,358.0,371.0,394.0,479.0,497.0,595.0,595.0,637.0,654.0,654.0,674.0,687.0,714.0,744.0,780.0,880.0,914.0,945.0,981.0,1000.0,
4.0,11.0,56.0,61.0,63.0,126.0,206.0,207.0,220.0,238.0,254.0,301.0,302.0,333.0,343.0,345.0,392.0,475.0,475.0,493.0,494.0,503.0,608.0,707.0,740.0,753.0,880.0,900.0,907.0,948.0,986.0,
55.0,122.0,130.0,186.0,195.0,198.0,211.0,241.0,265.0,274.0,350.0,350.0,354.0,398.0,399.0,425.0,473.0,483.0,516.0,540.0,556.0,580.0,637.0,667.0,691.0,724.0,742.0,785.0,850.0,899.0,902.0,925.0,939.0,946.0,987.0,
56.0,131.0,144.0,175.0,184.0,236.0,291.0,341.0,359.0,362.0,384.0,423.0,449.0,450.0,457.0,545.0,546.0,580.0,592.0,630.0,631.0,646.0,659.0,705.0,707.0,736.0,745.0,765.0,789.0,799.0,814.0,859.0,885.0,898.0,926.0,955.0,964.0,968.0,
14.0,64.0,66.0,121.0,175.0,199.0,270.0,318.0,379.0,379.0,485.0,497.0,523.0,555.0,576.0,628.0,637.0,659.0,665.0,672.0,686.0,688.0,716.0,808.0,838.0,862.0,879.0,889.0,895.0,954.0,960.0,974.0,
13.0,74.0,75.0,77.0,88.0,147.0,161.0,182.0,209.0,294.0,295.0,377.0,384.0,384.0,425.0,450.0,473.0,487.0,515.0,538.0,574.0,583.0,643.0,673.0,681.0,725.0,802.0,827.0,827.0,858.0,868.0,880.0,984.0,
2.0,21.0,26.0,122.0,168.0,185.0,202.0,263.0,283.0,304.0,305.0,306.0,331.0,343.0,361.0,381.0,391.0,421.0,426.0,465.0,483.0,514.0,573.0,582.0,584.0,635.0,717.0,728.0,728.0,822.0,830.0,850.0,877.0,879.0,882.0,884.0,912.0,926.0,959.0,974.0,996.0,999.0,
8.0,39.0,58.0,117.0,125.0,134.0,169.0,207.0,232.0,288.0,357.0,357.0,375.0,413.0,432.0,477.0,531.0,539.0,572.0,634.0,637.0,678.0,699.0,729.0,764.0,811.0,820.0,820.0,830.0,831.0,831.0,832.0,872.0,900.0,934.0,
11.0,43.0,90.0,96.0,148.0,172.0,221.0,237.0,293.0,310.0,310.0,327.0,348.0,480.0,487.0,509.0,511.0,534.0,559.0,564.0,569.0,647.0,647.0,648.0,674.0,675.0,686.0,708.0,787.0,801.0,825.0,901.0,932.0,970.0,
16.0,20.0,70.0,103.0,118.0,218.0,231.0,287.0,294.0,345.0,382.0,388.0,388.0,405.0,460.0,461.0,478.0,509.0,536.0,568.0,571.0,633.0,650.0,674.0,696.0,701.0,704.0,709.0,711.0,726.0,727.0,735.0,759.0,772.0,792.0,796.0,837.0,892.0,893.0,901.0,922.0,946.0,954.0,961.0,997.0,
32.0,87.0,87.0,109.0,126.0,140.0,210.0,228.0,257.0,257.0,273.0,349.0,355.0,387.0,394.0,402.0,441.0,443.0,466.0,480.0,482.0,510.0,523.0,525.0,602.0,603.0,614.0,625.0,635.0,639.0,691.0,698.0,749.0,768.0,798.0,805.0,833.0,844.0,844.0,852.0,872.0,906.0,929.0,932.0,964.0,990.0,999.0,1000.0,
6.0,18.0,48.0,64.0,73.0,78.0,117.0,125.0,141.0,153.0,188.0,223.0,287.0,305.0,356.0,358.0,392.0,443.0,450.0,469.0,497.0,497.0,513.0,516.0,522.0,539.0,549.0,561.0,562.0,584.0,600.0,628.0,630.0,636.0,698.0,705.0,706.0,770.0,837.0,846.0,864.0,891.0,926.0,940.0,953.0,959.0,972.0,
13.0,26.0,32.0,66.0,103.0,111.0,116.0,138.0,148.0,161.0,167.0,185.0,234.0,266.0,293.0,408.0,409.0,415.0,439.0,444.0,485.0,521.0,546.0,575.0,579.0,613.0,619.0,637.0,642.0,691.0,769.0,828.0,836.0,874.0,892.0,896.0,904.0,919.0,961.0,962.0,969.0,988.0,998.0,
17.0,28.0,103.0,105.0,117.0,122.0,131.0,132.0,169.0,189.0,191.0,204.0,217.0,244.0,247.0,287.0,320.0,349.0,364.0,398.0,437.0,457.0,469.0,541.0,577.0,592.0,594.0,614.0,648.0,684.0,686.0,702.0,702.0,737.0,773.0,786.0,813.0,864.0,869.0,886.0,889.0,894.0,913.0,974.0,981.0,983.0,985.0,994.0,
26.0,47.0,62.0,80.0,142.0,168.0,184.0,215.0,262.0,364.0,391.0,470.0,565.0,608.0,612.0,666.0,716.0,767.0,780.0,814.0,828.0,848.0,868.0,879.0,890.0,907.0,989.0,
4.0,7.0,46.0,78.0,91.0,91.0,98.0,114.0,150.0,150.0,169.0,210.0,223.0,283.0,293.0,357.0,367.0,375.0,385.0,397.0,474.0,486.0,534.0,558.0,583.0,584.0,627.0,666.0,692.0,700.0,717.0,728.0,754.0,759.0,839.0,865.0,883.0,885.0,886.0,932.0,933.0,936.0,982.0,995.0,
9.0,17.0,27.0,83.0,100.0,132.0,134.0,159.0,173.0,185.0,269.0,288.0,297.0,350.0,372.0,403.0,418.0,449.0,455.0,463.0,476.0,500.0,501.0,538.0,652.0,654.0,660.0,668.0,695.0,717.0,720.0,729.0,807.0,881.0,885.0,971.0,975.0,
76.0,78.0,100.0,108.0,206.0,275.0,302.0,353.0,378.0,415.0,443.0,451.0,456.0,486.0,495.0,683.0,745.0,771.0,792.0,913.0,932.0,945.0,972.0,
38.0,60.0,108.0,121.0,134.0,142.0,148.0,179.0,193.0,203.0,276.0,288.0,291.0,315.0,325.0,368.0,373.0,381.0,401.0,446.0,450.0,496.0,
42.0,74.0,94.0,120.0,173.0,201.0,241.0,305.0,332.0,411.0,431.0,594.0,699.0,708.0,722.0,779.0,780.0,785.0,799.0,824.0,863.0,899.0,916.0,924.0,976.0,983.0,
32.0,70.0,171.0,175.0,185.0,210.0,238.0,246.0,403.0,451.0,455.0,500.0,505.0,558.0,566.0,593.0,640.0,652.0,653.0,653.0,675.0,696.0,710.0,717.0,749.0,816.0,823.0,838.0,846.0,901.0,919.0,975.0,
26.0,70.0,103.0,103.0,113.0,132.0,140.0,150.0,191.0,213.0,222.0,229.0,254.0,319.0,343.0,364.0,381.0,401.0,408.0,449.0,470.0,511.0,603.0,612.0,634.0,644.0,646.0,647.0,679.0,700.0,721.0,740.0,753.0,837.0,952.0,966.0,978.0,999.0,
21.0,102.0,111.0,181.0,187.0,302.0,323.0,414.0,418.0,438.0,443.0,443.0,461.0,491.0,515.0,558.0,587.0,602.0,606.0,639.0,641.0,675.0,728.0,746.0,790.0,805.0,810.0,871.0,924.0,947.0,955.0,
32.0,50.0,76.0,92.0,127.0,205.0,228.0,232.0,242.0,250.0,269.0,288.0,297.0,319.0,328.0,337.0,392.0,402.0,404.0,452.0,483.0,553.0,574.0,582.0,587.0,673.0,690.0,695.0,697.0,714.0,717.0,723.0,726.0,743.0,766.0,791.0,797.0,816.0,833.0,855.0,915.0,947.0,970.0,976.0,980.0,988.0,992.0,995.0,
15.0,22.0,48.0,77.0,77.0,124.0,135.0,146.0,166.0,195.0,256.0,297.0,321.0,351.0,364.0,377.0,406.0,444.0,499.0,527.0,575.0,594.0,595.0,617.0,624.0,645.0,677.0,706.0,707.0,708.0,724.0,725.0,785.0,796.0,800.0,823.0,832.0,902.0,906.0,906.0,948.0,
27.0,74.0,81.0,111.0,120.0,184.0,228.0,336.0,343.0,347.0,354.0,373.0,463.0,480.0,523.0,588.0,589.0,661.0,695.0,739.0,758.0,763.0,801.0,840.0,842.0,864.0,893.0,957.0,980.0,
6.0,16.0,52.0,66.0,81.0,94.0,253.0,253.0,317.0,381.0,394.0,414.0,454.0,488.0,491.0,539.0,602.0,675.0,680.0,681.0,732.0,733.0,796.0,827.0,852.0,858.0,862.0,866.0,886.0,919.0,929.0,997.0,
2.0,95.0,105.0,134.0,156.0,170.0,190.0,195.0,200.0,237.0,287.0,311.0,339.0,367.0,392.0,417.0,458.0,486.0,509.0,
6.0,66.0,75.0,103.0,130.0,136.0,155.0,176.0,267.0,318.0,383.0,402.0,420.0,422.0,443.0,444.0,463.0,485.0,
7.0,38.0,74.0,76.0,81.0,161.0,186.0,191.0,219.0,275.0,304.0,317.0,407.0,408.0,411.0,460.0,
14.0,17.0,18.0,25.0,44.0,71.0,84.0,94.0,146.0,151.0,172.0,229.0,334.0,361.0,401.0,410.0,451.0,492.0,543.0,548.0,577.0,629.0,645.0,670.0,719.0,728.0,729.0,739.0,760.0,770.0,789.0,793.0,796.0,841.0,876.0,877.0,878.0,883.0,886.0,894.0,922.0,929.0,956.0,968.0,969.0,990.0,994.0,
31.0,40.0,49.0,50.0,101.0,109.0,124.0,159.0,162.0,164.0,201.0,205.0,267.0,312.0,354.0,404.0,423.0,450.0,473.0,473.0,479.0,480.0,504.0,506.0,516.0,519.0,524.0,534.0,607.0,616.0,619.0,639.0,647.0,750.0,753.0,775.0,779.0,779.0,800.0,831.0,839.0,858.0,878.0,881.0,943.0,945.0,949.0,973.0,999.0,
10.0,67.0,75.0,133.0,142.0,170.0,177.0,216.0,219.0,244.0,286.0,289.0,316.0,326.0,368.0,369.0,377.0,380.0,398.0,398.0,418.0,442.0,450.0,488.0,565.0,693.0,719.0,734.0,758.0,771.0,797.0,844.0,941.0,975.0,977.0,983.0,985.0,987.0,997.0,
33.0,67.0,76.0,77.0,86.0,95.0,97.0,106.0,116.0,151.0,162.0,197.0,203.0,303.0,318.0,391.0,426.0,434.0,475.0,488.0,499.0,545.0,658.0,674.0,679.0,725.0,731.0,751.0,762.0,782.0,817.0,819.0,829.0,839.0,913.0,
4.0,14.0,16.0,50.0,57.0,62.0,80.0,96.0,166.0,221.0,233.0,283.0,289.0,293.0,316.0,340.0,351.0,402.0,404.0,406.0,409.0,414.0,426.0,456.0,518.0,521.0,526.0,540.0,551.0,553.0,582.0,614.0,636.0,641.0,664.0,675.0,699.0,725.0,745.0,752.0,759.0,760.0,809.0,809.0,846.0,858.0,864.0,940.0,
22.0,93.0,161.0,191.0,199.0,233.0,270.0,296.0,350.0,396.0,425.0,474.0,515.0,562.0,577.0,630.0,632.0,671.0,716.0,719.0,727.0,817.0,819.0,827.0,843.0,868.0,875.0,877.0,881.0,888.0,951.0,959.0,972.0,982.0,996.0,
21.0,38.0,52.0,54.0,83.0,109.0,142.0,146.0,161.0,192.0,200.0,274.0,327.0,338.0,350.0,358.0,376.0,433.0,465.0,477.0,520.0,524.0,536.0,633.0,662.0,685.0,687.0,713.0,730.0,776.0,776.0,827.0,853.0,906.0,941.0,973.0,983.0,995.0,
13.0,39.0,84.0,94.0,130.0,164.0,183.0,188.0,222.0,227.0,235.0,294.0,313.0,314.0,321.0,323.0,378.0,384.0,390.0,397.0,409.0,433.0,443.0,465.0,474.0,475.0,482.0,501.0,517.0,601.0,633.0,689.0,700.0,737.0,760.0,771.0,865.0,882.0,891.0,914.0,
36.0,139.0,164.0,177.0,180.0,186.0,214.0,222.0,258.0,302.0,394.0,421.0,424.0,500.0,
25.0,50.0,63.0,113.0,221.0,273.0,294.0,369.0,378.0,385.0,448.0,616.0,674.0,685.0,721.0,741.0,760.0,773.0,815.0,838.0,870.0,910.0,946.0,
52.0,69.0,76.0,122.0,136.0,152.0,216.0,224.0,358.0,369.0,369.0,381.0,382.0,397.0,397.0,399.0,405.0,410.0,431.0,492.0,502.0,502.0,511.0,519.0,519.0,526.0,536.0,571.0,586.0,596.0,664.0,688.0,719.0,737.0,754.0,760.0,844.0,914.0,925.0,936.0,957.0,
9.0,43.0,59.0,71.0,175.0,195.0,274.0,394.0,530.0,564.0,568.0,576.0,597.0,619.0,628.0,629.0,669.0,712.0,722.0,743.0,756.0,860.0,866.0,875.0,907.0,911.0,919.0,936.0,991.0,
105.0,192.0,194.0,204.0,232.0,302.0,335.0,335.0,356.0,366.0,419.0,515.0,520.0,535.0,539.0,544.0,582.0,592.0,654.0,677.0,682.0,695.0,696.0,709.0,717.0,752.0,770.0,786.0,796.0,802.0,813.0,823.0,879.0,893.0,895.0,919.0,923.0,928.0,936.0,965.0,972.0,
54.0,77.0,105.0,113.0,119.0,123.0,186.0,196.0,215.0,245.0,254.0,263.0,278.0,315.0,345.0,355.0,403.0,447.0,463.0,591.0,623.0,637.0,657.0,663.0,734.0,736.0,741.0,753.0,755.0,775.0,985.0,986.0,993.0,
11.0,47.0,50.0,67.0,96.0,199.0,220.0,221.0,272.0,284.0,303.0,304.0,319.0,323.0,384.0,390.0,441.0,446.0,570.0,574.0,588.0,610.0,627.0,654.0,666.0,667.0,674.0,712.0,723.0,789.0,808.0,809.0,836.0,841.0,854.0,867.0,917.0,970.0,981.0,
36.0,37.0,72.0,74.0,104.0,113.0,139.0,164.0,219.0,263.0,298.0,333.0,361.0,407.0,420.0,460.0,472.0,497.0,501.0,523.0,527.0,576.0,581.0,586.0,634.0,648.0,705.0,751.0,770.0,821.0,844.0,888.0,903.0,912.0,922.0,923.0,982.0,990.0,996.0,
37.0,43.0,119.0,120.0,136.0,202.0,202.0,206.0,235.0,252.0,286.0,415.0,422.0,456.0,474.0,476.0,513.0,514.0,587.0,596.0,612.0,616.0,624.0,648.0,756.0,760.0,769.0,787.0,799.0,807.0,822.0,853.0,855.0,896.0,902.0,935.0,936.0,973.0,987.0,994.0,998.0,
16.0,22.0,30.0,33.0,36.0,49.0,127.0,132.0,145.0,238.0,286.0,297.0,344.0,351.0,352.0,370.0,385.0,421.0,450.0,496.0,517.0,536.0,554.0,564.0,569.0,578.0,629.0,642.0,697.0,725.0,738.0,822.0,874.0,931.0,948.0,955.0,964.0,965.0,970.0,994.0,
11.0,62.0,77.0,83.0,118.0,128.0,141.0,183.0,225.0,264.0,281.0,331.0,337.0,347.0,364.0,387.0,443.0,464.0,498.0,501.0,544.0,547.0,564.0,641.0,680.0,702.0,753.0,788.0,817.0,826.0,835.0,857.0,863.0,871.0,894.0,936.0,936.0,939.0,964.0,968.0,970.0,998.0,
2.0,25.0,51.0,52.0,72.0,109.0,114.0,114.0,147.0,160.0,178.0,181.0,252.0,254.0,297.0,304.0,359.0,403.0,433.0,435.0,450.0,477.0,482.0,506.0,543.0,596.0,622.0,651.0,664.0,677.0,688.0,729.0,756.0,756.0,769.0,787.0,790.0,792.0,792.0,812.0,871.0,882.0,884.0,911.0,941.0,944.0,947.0,958.0,980.0,993.0,
14.0,33.0,76.0,98.0,120.0,141.0,142.0,153.0,157.0,208.0,221.0,228.0,269.0,311.0,320.0,352.0,360.0,393.0,416.0,474.0,547.0,560.0,588.0,624.0,700.0,708.0,715.0,726.0,786.0,801.0,837.0,865.0,915.0,919.0,919.0,967.0,
19.0,22.0,42.0,77.0,111.0,135.0,162.0,178.0,204.0,210.0,228.0,249.0,354.0,379.0,408.0,422.0,433.0,437.0,441.0,498.0,544.0,580.0,605.0,626.0,648.0,658.0,704.0,708.0,716.0,722.0,746.0,764.0,768.0,809.0,818.0,839.0,849.0,856.0,876.0,880.0,939.0,971.0,976.0,985.0,990.0,999.0,
55.0,56.0,58.0,208.0,233.0,252.0,304.0,324.0,342.0,369.0,372.0,404.0,432.0,433.0,484.0,517.0,550.0,553.0,590.0,619.0,623.0,628.0,629.0,639.0,639.0,670.0,692.0,699.0,770.0,801.0,805.0,815.0,848.0,869.0,894.0,933.0,934.0,943.0,952.0,953.0,965.0,965.0,973.0,
7.0,21.0,27.0,42.0,48.0,70.0,70.0,84.0,164.0,178.0,190.0,249.0,250.0,337.0,360.0,361.0,394.0,536.0,564.0,591.0,607.0,631.0,713.0,762.0,763.0,775.0,790.0,823.0,845.0,869.0,899.0,900.0,927.0,931.0,932.0,933.0,942.0,963.0,966.0,995.0,
53.0,64.0,87.0,93.0,133.0,148.0,164.0,200.0,203.0,321.0,334.0,362.0,407.0,411.0,448.0,449.0,470.0,605.0,607.0,621.0,652.0,692.0,708.0,725.0,735.0,757.0,763.0,806.0,824.0,831.0,853.0,863.0,892.0,898.0,910.0,929.0,993.0,
46.0,57.0,63.0,102.0,151.0,156.0,189.0,218.0,259.0,280.0,281.0,286.0,289.0,311.0,324.0,326.0,335.0,342.0,359.0,364.0,386.0,440.0,441.0,443.0,449.0,473.0,484.0,494.0,498.0,515.0,517.0,549.0,552.0,619.0,648.0,654.0,702.0,707.0,738.0,746.0,748.0,779.0,783.0,796.0,805.0,845.0,878.0,894.0,910.0,950.0,967.0,986.0,
47.0,48.0,59.0,78.0,86.0,89.0,102.0,104.0,105.0,111.0,153.0,179.0,212.0,239.0,269.0,270.0,273.0,394.0,426.0,430.0,496.0,511.0,528.0,590.0,623.0,661.0,696.0,745.0,770.0,781.0,786.0,803.0,807.0,811.0,814.0,889.0,906.0,
24.0,41.0,65.0,79.0,140.0,168.0,182.0,203.0,204.0,265.0,277.0,296.0,296.0,299.0,326.0,326.0,334.0,343.0,378.0,449.0,488.0,500.0,511.0,515.0,546.0,562.0,611.0,630.0,652.0,690.0,717.0,724.0,725.0,736.0,738.0,739.0,796.0,808.0,817.0,843.0,887.0,920.0,970.0,992.0,994.0,
27.0,54.0,101.0,113.0,163.0,171.0,204.0,244.0,263.0,281.0,323.0,364.0,366.0,391.0,425.0,440.0,452.0,480.0,507.0,539.0,572.0,631.0,642.0,679.0,778.0,780.0,793.0,814.0,816.0,821.0,828.0,833.0,834.0,836.0,871.0,882.0,901.0,941.0,
14.0,14.0,20.0,31.0,44.0,56.0,105.0,108.0,197.0,227.0,242.0,280.0,284.0,338.0,394.0,405.0,445.0,453.0,533.0,541.0,654.0,693.0,698.0,723.0,738.0,848.0,852.0,905.0,909.0,941.0,954.0,978.0,999.0,
77.0,167.0,253.0,262.0,293.0,351.0,370.0,376.0,393.0,470.0,477.0,524.0,559.0,572.0,573.0,575.0,643.0,652.0,655.0,673.0,684.0,793.0,796.0,800.0,834.0,835.0,857.0,871.0,931.0,946.0,946.0,996.0,
7.0,30.0,43.0,43.0,47.0,68.0,115.0,150.0,180.0,195.0,200.0,210.0,227.0,229.0,249.0,325.0,341.0,363.0,399.0,411.0,463.0,471.0,492.0,492.0,495.0,563.0,563.0,565.0,571.0,573.0,615.0,616.0,656.0,675.0,701.0,742.0,759.0,784.0,812.0,823.0,849.0,855.0,860.0,861.0,896.0,924.0,959.0,
5.0,15.0,20.0,107.0,112.0,113.0,138.0,172.0,177.0,202.0,202.0,255.0,277.0,277.0,320.0,346.0,357.0,386.0,440.0,454.0,507.0,539.0,554.0,558.0,573.0,609.0,615.0,628.0,630.0,816.0,850.0,858.0,870.0,875.0,893.0,895.0,919.0,973.0,988.0,
59.0,60.0,100.0,181.0,196.0,211.0,229.0,247.0,282.0,299.0,359.0,424.0,434.0,435.0,466.0,537.0,571.0,575.0,611.0,621.0,622.0,663.0,762.0,765.0,799.0,855.0,867.0,886.0,949.0,983.0,
99.0,144.0,155.0,159.0,180.0,238.0,253.0,302.0,328.0,360.0,370.0,402.0,432.0,460.0,495.0,593.0,594.0,613.0,651.0,667.0,673.0,700.0,702.0,713.0,723.0,735.0,762.0,763.0,780.0,822.0,847.0,848.0,851.0,861.0,885.0,899.0,952.0,962.0,988.0,
54.0,62.0,82.0,105.0,287.0,307.0,310.0,348.0,421.0,424.0,551.0,604.0,630.0,699.0,712.0,717.0,720.0,803.0,818.0,839.0,877.0,912.0,931.0,955.0,957.0,990.0,
35.0,41.0,45.0,95.0,100.0,103.0,129.0,133.0,163.0,181.0,207.0,250.0,291.0,342.0,348.0,351.0,371.0,402.0,428.0,447.0,490.0,528.0,535.0,559.0,566.0,575.0,617.0,620.0,656.0,667.0,700.0,714.0,721.0,727.0,727.0,728.0,738.0,739.0,759.0,775.0,803.0,803.0,808.0,819.0,824.0,842.0,847.0,877.0,903.0,940.0,972.0,
10.0,44.0,57.0,74.0,108.0,132.0,183.0,187.0,201.0,244.0,272.0,288.0,302.0,309.0,330.0,351.0,356.0,375.0,414.0,417.0,466.0,535.0,562.0,565.0,626.0,637.0,649.0,661.0,674.0,699.0,718.0,727.0,745.0,763.0,792.0,814.0,829.0,843.0,861.0,875.0,887.0,893.0,967.0,
20.0,47.0,78.0,112.0,195.0,224.0,245.0,282.0,327.0,328.0,349.0,366.0,420.0,435.0,462.0,487.0,489.0,504.0,509.0,522.0,531.0,547.0,577.0,581.0,617.0,631.0,674.0,683.0,718.0,733.0,739.0,750.0,780.0,844.0,943.0,
7.0,29.0,44.0,50.0,66.0,148.0,151.0,179.0,187.0,244.0,247.0,274.0,315.0,344.0,364.0,391.0,411.0,421.0,436.0,458.0,459.0,529.0,565.0,571.0,574.0,628.0,692.0,732.0,766.0,846.0,848.0,886.0,911.0,923.0,935.0,974.0,979.0,
10.0,59.0,110.0,145.0,146.0,149.0,168.0,168.0,179.0,183.0,235.0,239.0,254.0,258.0,293.0,313.0,361.0,369.0,370.0,375.0,391.0,407.0,469.0,476.0,499.0,590.0,674.0,800.0,819.0,822.0,825.0,858.0,896.0,936.0,969.0,973.0,
4.0,39.0,122.0,143.0,146.0,195.0,208.0,270.0,280.0,287.0,403.0,429.0,441.0,478.0,478.0,542.0,624.0,637.0,666.0,669.0,724.0,754.0,798.0,941.0,
34.0,45.0,50.0,88.0,134.0,186.0,200.0,218.0,223.0,226.0,239.0,263.0,298.0,357.0,384.0,398.0,419.0,454.0,469.0,486.0,525.0,541.0,557.0,576.0,609.0,657.0,683.0,697.0,726.0,748.0,773.0,789.0,790.0,792.0,862.0,871.0,915.0,978.0,978.0,
