74.0,79.0,108.0,119.0,130.0,135.0,136.0,192.0,209.0,240.0,252.0,275.0,301.0,349.0,438.0,446.0,458.0,459.0,474.0,506.0,525.0,557.0,591.0,602.0,667.0,679.0,686.0,742.0,787.0,788.0,820.0,832.0,887.0,980.0,
39.0,41.0,50.0,54.0,84.0,113.0,123.0,143.0,150.0,160.0,186.0,201.0,223.0,266.0,279.0,292.0,332.0,361.0,363.0,378.0,390.0,450.0,501.0,519.0,527.0,611.0,619.0,637.0,655.0,723.0,752.0,775.0,791.0,814.0,830.0,858.0,873.0,879.0,916.0,931.0,957.0,974.0,980.0,
7.0,16.0,22.0,41.0,54.0,58.0,90.0,124.0,131.0,201.0,243.0,273.0,290.0,340.0,404.0,485.0,548.0,556.0,588.0,634.0,647.0,675.0,701.0,754.0,773.0,812.0,834.0,904.0,
50.0,52.0,91.0,106.0,108.0,129.0,148.0,177.0,241.0,249.0,279.0,288.0,322.0,345.0,346.0,363.0,365.0,380.0,383.0,436.0,472.0,476.0,504.0,530.0,531.0,536.0,555.0,619.0,632.0,649.0,879.0,963.0,996.0,
7.0,68.0,78.0,84.0,91.0,94.0,100.0,117.0,170.0,237.0,259.0,285.0,301.0,319.0,358.0,401.0,406.0,434.0,434.0,451.0,501.0,515.0,542.0,558.0,570.0,587.0,590.0,595.0,652.0,685.0,690.0,694.0,726.0,730.0,736.0,740.0,750.0,769.0,816.0,826.0,833.0,840.0,863.0,882.0,929.0,941.0,956.0,993.0,
8.0,58.0,104.0,104.0,167.0,203.0,247.0,263.0,273.0,274.0,282.0,297.0,303.0,304.0,340.0,351.0,353.0,382.0,390.0,436.0,485.0,518.0,543.0,609.0,617.0,630.0,647.0,653.0,702.0,740.0,744.0,771.0,781.0,899.0,937.0,999.0,
2.0,4.0,45.0,51.0,116.0,122.0,122.0,124.0,130.0,155.0,163.0,181.0,206.0,234.0,266.0,315.0,344.0,373.0,397.0,459.0,478.0,486.0,600.0,617.0,645.0,653.0,661.0,678.0,687.0,723.0,750.0,778.0,804.0,836.0,849.0,893.0,928.0,956.0,
20.0,23.0,40.0,42.0,123.0,128.0,144.0,213.0,222.0,236.0,284.0,328.0,343.0,344.0,365.0,366.0,379.0,493.0,550.0,570.0,582.0,636.0,648.0,674.0,685.0,707.0,731.0,758.0,763.0,786.0,834.0,842.0,891.0,979.0,
18.0,36.0,48.0,81.0,108.0,112.0,128.0,184.0,211.0,219.0,248.0,272.0,304.0,345.0,383.0,390.0,418.0,486.0,511.0,520.0,697.0,713.0,727.0,743.0,785.0,816.0,821.0,840.0,878.0,899.0,921.0,955.0,963.0,968.0,990.0,
4.0,15.0,46.0,93.0,96.0,152.0,175.0,176.0,178.0,199.0,205.0,324.0,435.0,467.0,549.0,620.0,627.0,634.0,680.0,715.0,725.0,738.0,785.0,789.0,811.0,856.0,862.0,863.0,902.0,936.0,
3.0,57.0,59.0,66.0,74.0,95.0,97.0,164.0,173.0,178.0,209.0,220.0,243.0,284.0,295.0,325.0,343.0,358.0,439.0,445.0,452.0,467.0,507.0,558.0,595.0,596.0,604.0,625.0,658.0,716.0,785.0,795.0,837.0,858.0,863.0,904.0,955.0,972.0,976.0,989.0,
2.0,16.0,32.0,61.0,72.0,82.0,129.0,197.0,198.0,204.0,208.0,252.0,255.0,265.0,317.0,362.0,485.0,539.0,540.0,550.0,574.0,607.0,639.0,657.0,664.0,667.0,680.0,686.0,733.0,749.0,787.0,798.0,878.0,982.0,986.0,
44.0,68.0,72.0,104.0,108.0,122.0,132.0,143.0,165.0,169.0,223.0,258.0,270.0,292.0,294.0,310.0,320.0,329.0,370.0,371.0,385.0,393.0,436.0,439.0,444.0,456.0,501.0,580.0,638.0,642.0,670.0,688.0,699.0,699.0,706.0,713.0,806.0,808.0,830.0,836.0,837.0,841.0,854.0,942.0,948.0,952.0,964.0,992.0,999.0,
18.0,32.0,75.0,115.0,138.0,161.0,198.0,203.0,227.0,228.0,242.0,248.0,258.0,271.0,279.0,344.0,352.0,359.0,380.0,382.0,397.0,478.0,504.0,634.0,636.0,673.0,723.0,749.0,780.0,849.0,851.0,869.0,871.0,907.0,924.0,937.0,
14.0,17.0,22.0,45.0,152.0,154.0,202.0,204.0,221.0,223.0,227.0,259.0,285.0,321.0,395.0,398.0,413.0,470.0,472.0,483.0,498.0,510.0,537.0,545.0,559.0,646.0,732.0,758.0,791.0,905.0,958.0,960.0,989.0,
7.0,44.0,64.0,77.0,157.0,222.0,238.0,244.0,253.0,253.0,290.0,298.0,316.0,316.0,321.0,327.0,337.0,370.0,386.0,433.0,437.0,452.0,498.0,510.0,511.0,531.0,537.0,602.0,605.0,616.0,630.0,649.0,679.0,781.0,817.0,817.0,822.0,861.0,863.0,899.0,944.0,971.0,975.0,
42.0,181.0,201.0,241.0,246.0,249.0,279.0,297.0,357.0,402.0,409.0,425.0,460.0,469.0,587.0,588.0,610.0,618.0,652.0,672.0,704.0,750.0,758.0,759.0,786.0,800.0,826.0,850.0,860.0,937.0,945.0,960.0,
18.0,27.0,39.0,53.0,89.0,92.0,98.0,174.0,192.0,195.0,220.0,244.0,279.0,285.0,311.0,354.0,354.0,358.0,361.0,412.0,412.0,418.0,422.0,423.0,425.0,467.0,536.0,536.0,584.0,611.0,670.0,788.0,800.0,895.0,900.0,927.0,966.0,
11.0,11.0,19.0,31.0,44.0,144.0,158.0,181.0,223.0,231.0,232.0,253.0,335.0,343.0,362.0,387.0,414.0,490.0,523.0,594.0,597.0,604.0,611.0,626.0,701.0,718.0,746.0,781.0,812.0,847.0,891.0,928.0,931.0,
14.0,30.0,51.0,58.0,69.0,112.0,130.0,166.0,166.0,168.0,169.0,171.0,305.0,336.0,359.0,367.0,397.0,465.0,491.0,510.0,588.0,613.0,635.0,650.0,673.0,686.0,707.0,733.0,746.0,752.0,756.0,787.0,803.0,809.0,810.0,848.0,895.0,915.0,948.0,955.0,959.0,968.0,975.0,
10.0,21.0,58.0,92.0,120.0,122.0,133.0,143.0,177.0,193.0,280.0,291.0,304.0,307.0,342.0,344.0,348.0,356.0,361.0,373.0,405.0,507.0,507.0,549.0,566.0,619.0,631.0,696.0,731.0,771.0,775.0,790.0,803.0,816.0,824.0,851.0,857.0,877.0,897.0,929.0,943.0,957.0,1000.0,
9.0,21.0,28.0,39.0,87.0,104.0,167.0,226.0,230.0,244.0,277.0,287.0,288.0,319.0,346.0,358.0,384.0,410.0,446.0,454.0,463.0,480.0,529.0,544.0,546.0,592.0,631.0,652.0,673.0,681.0,687.0,783.0,823.0,848.0,869.0,884.0,917.0,931.0,961.0,964.0,996.0,999.0,
17.0,34.0,56.0,155.0,180.0,185.0,239.0,243.0,275.0,284.0,296.0,357.0,409.0,436.0,476.0,514.0,515.0,518.0,529.0,561.0,585.0,612.0,653.0,687.0,756.0,788.0,816.0,821.0,863.0,883.0,926.0,963.0,971.0,988.0,989.0,
8.0,42.0,43.0,72.0,96.0,108.0,140.0,175.0,175.0,201.0,201.0,207.0,244.0,268.0,304.0,314.0,320.0,344.0,355.0,378.0,388.0,409.0,410.0,451.0,452.0,474.0,484.0,486.0,625.0,633.0,657.0,659.0,677.0,685.0,701.0,703.0,757.0,771.0,785.0,815.0,860.0,870.0,875.0,880.0,913.0,949.0,
18.0,42.0,54.0,69.0,76.0,100.0,106.0,116.0,128.0,210.0,219.0,277.0,326.0,331.0,335.0,440.0,448.0,454.0,455.0,456.0,484.0,514.0,534.0,542.0,572.0,605.0,616.0,638.0,668.0,720.0,822.0,851.0,901.0,962.0,
11.0,38.0,59.0,78.0,78.0,161.0,163.0,173.0,302.0,330.0,341.0,376.0,382.0,398.0,411.0,479.0,484.0,498.0,517.0,524.0,531.0,535.0,559.0,648.0,669.0,683.0,687.0,688.0,689.0,707.0,751.0,849.0,870.0,900.0,908.0,909.0,927.0,946.0,980.0,
38.0,38.0,120.0,158.0,160.0,163.0,167.0,175.0,180.0,234.0,285.0,355.0,380.0,380.0,381.0,398.0,407.0,510.0,529.0,582.0,599.0,614.0,662.0,723.0,746.0,752.0,758.0,775.0,786.0,800.0,826.0,850.0,
11.0,56.0,88.0,88.0,134.0,169.0,179.0,190.0,213.0,217.0,300.0,307.0,359.0,368.0,386.0,388.0,390.0,447.0,495.0,502.0,534.0,558.0,563.0,563.0,564.0,634.0,727.0,760.0,766.0,795.0,826.0,896.0,939.0,
42.0,60.0,96.0,135.0,187.0,193.0,220.0,225.0,228.0,248.0,260.0,275.0,299.0,306.0,312.0,317.0,330.0,337.0,346.0,356.0,448.0,451.0,492.0,547.0,564.0,628.0,655.0,657.0,661.0,673.0,707.0,736.0,759.0,776.0,787.0,823.0,832.0,843.0,845.0,875.0,881.0,931.0,935.0,941.0,
62.0,112.0,122.0,147.0,231.0,253.0,262.0,287.0,291.0,296.0,304.0,450.0,501.0,552.0,626.0,643.0,687.0,730.0,736.0,769.0,793.0,813.0,899.0,928.0,931.0,942.0,951.0,953.0,963.0,
24.0,25.0,29.0,124.0,136.0,149.0,163.0,191.0,223.0,254.0,264.0,275.0,288.0,330.0,351.0,364.0,367.0,394.0,497.0,519.0,534.0,545.0,579.0,655.0,674.0,707.0,749.0,765.0,788.0,809.0,824.0,861.0,866.0,882.0,895.0,935.0,
26.0,57.0,95.0,98.0,120.0,161.0,186.0,206.0,223.0,237.0,240.0,253.0,264.0,290.0,323.0,371.0,433.0,458.0,478.0,533.0,637.0,639.0,705.0,707.0,715.0,719.0,777.0,806.0,841.0,868.0,888.0,922.0,933.0,946.0,960.0,970.0,
13.0,90.0,119.0,144.0,183.0,212.0,232.0,239.0,252.0,268.0,278.0,303.0,361.0,362.0,411.0,422.0,450.0,462.0,473.0,519.0,580.0,604.0,610.0,614.0,617.0,622.0,653.0,688.0,719.0,728.0,730.0,745.0,791.0,811.0,835.0,867.0,873.0,918.0,974.0,
10.0,13.0,33.0,40.0,115.0,118.0,121.0,150.0,154.0,165.0,190.0,219.0,247.0,258.0,264.0,287.0,353.0,400.0,478.0,534.0,538.0,562.0,585.0,601.0,613.0,617.0,619.0,668.0,678.0,714.0,730.0,863.0,877.0,912.0,915.0,923.0,970.0,982.0,982.0,1000.0,
86.0,115.0,134.0,151.0,201.0,231.0,262.0,269.0,288.0,329.0,351.0,355.0,378.0,438.0,443.0,518.0,522.0,524.0,524.0,533.0,535.0,535.0,541.0,551.0,555.0,558.0,565.0,572.0,575.0,578.0,579.0,585.0,586.0,589.0,592.0,601.0,605.0,618.0,619.0,619.0,624.0,630.0,656.0,683.0,697.0,700.0,709.0,710.0,739.0,750.0,758.0,760.0,768.0,776.0,779.0,786.0,848.0,861.0,887.0,897.0,909.0,923.0,940.0,949.0,
2.0,33.0,34.0,38.0,92.0,113.0,163.0,177.0,238.0,260.0,260.0,277.0,335.0,397.0,424.0,430.0,456.0,503.0,511.0,530.0,531.0,532.0,535.0,541.0,542.0,544.0,547.0,550.0,557.0,559.0,563.0,565.0,567.0,583.0,589.0,590.0,593.0,604.0,607.0,607.0,608.0,617.0,622.0,625.0,628.0,634.0,671.0,678.0,706.0,712.0,741.0,746.0,754.0,767.0,768.0,770.0,771.0,775.0,809.0,827.0,833.0,836.0,841.0,845.0,850.0,861.0,864.0,866.0,871.0,873.0,878.0,890.0,898.0,902.0,906.0,911.0,915.0,916.0,948.0,963.0,970.0,980.0,986.0,993.0,997.0,
38.0,128.0,179.0,197.0,219.0,225.0,237.0,296.0,320.0,372.0,380.0,383.0,388.0,389.0,392.0,429.0,438.0,511.0,525.0,527.0,530.0,535.0,536.0,538.0,542.0,547.0,550.0,554.0,555.0,558.0,565.0,566.0,570.0,570.0,581.0,598.0,605.0,608.0,610.0,616.0,639.0,647.0,673.0,674.0,715.0,723.0,741.0,745.0,779.0,798.0,799.0,807.0,807.0,808.0,811.0,834.0,841.0,898.0,923.0,981.0,995.0,
154.0,155.0,180.0,184.0,230.0,232.0,242.0,266.0,332.0,332.0,333.0,412.0,431.0,468.0,475.0,556.0,566.0,571.0,588.0,605.0,605.0,610.0,633.0,639.0,665.0,721.0,749.0,762.0,805.0,840.0,845.0,848.0,874.0,889.0,957.0,
28.0,40.0,49.0,54.0,121.0,146.0,162.0,197.0,210.0,343.0,369.0,464.0,467.0,478.0,487.0,500.0,540.0,576.0,597.0,606.0,658.0,737.0,765.0,804.0,826.0,926.0,950.0,
2.0,59.0,70.0,72.0,87.0,123.0,172.0,180.0,197.0,262.0,303.0,334.0,340.0,347.0,347.0,432.0,477.0,498.0,546.0,568.0,575.0,581.0,639.0,651.0,676.0,698.0,702.0,732.0,738.0,744.0,759.0,791.0,819.0,825.0,871.0,877.0,893.0,924.0,945.0,948.0,990.0,990.0,
82.0,105.0,168.0,183.0,204.0,206.0,265.0,296.0,302.0,304.0,306.0,306.0,480.0,482.0,563.0,583.0,646.0,693.0,709.0,771.0,801.0,803.0,806.0,811.0,823.0,882.0,892.0,910.0,999.0,
23.0,50.0,61.0,70.0,82.0,88.0,95.0,109.0,154.0,170.0,199.0,241.0,279.0,296.0,301.0,309.0,450.0,513.0,514.0,522.0,582.0,648.0,671.0,680.0,693.0,715.0,720.0,725.0,733.0,734.0,747.0,886.0,898.0,912.0,914.0,932.0,955.0,
18.0,24.0,26.0,43.0,52.0,89.0,98.0,138.0,194.0,203.0,208.0,229.0,231.0,245.0,247.0,254.0,293.0,299.0,300.0,304.0,312.0,379.0,406.0,432.0,442.0,509.0,512.0,515.0,519.0,521.0,547.0,551.0,555.0,598.0,663.0,698.0,807.0,840.0,842.0,847.0,858.0,920.0,924.0,925.0,968.0,987.0,
50.0,157.0,158.0,180.0,188.0,245.0,257.0,279.0,281.0,351.0,351.0,441.0,487.0,510.0,522.0,527.0,537.0,538.0,547.0,558.0,565.0,574.0,575.0,587.0,592.0,594.0,604.0,606.0,608.0,609.0,629.0,633.0,641.0,641.0,655.0,660.0,664.0,669.0,671.0,690.0,693.0,698.0,719.0,731.0,743.0,767.0,781.0,784.0,788.0,790.0,823.0,827.0,829.0,830.0,834.0,835.0,864.0,895.0,895.0,926.0,945.0,948.0,960.0,967.0,969.0,973.0,1000.0,
52.0,62.0,80.0,83.0,171.0,212.0,218.0,272.0,293.0,310.0,340.0,431.0,470.0,502.0,523.0,529.0,530.0,532.0,536.0,540.0,540.0,546.0,551.0,569.0,572.0,591.0,591.0,595.0,599.0,612.0,613.0,615.0,618.0,619.0,622.0,631.0,633.0,639.0,644.0,645.0,655.0,669.0,672.0,678.0,683.0,707.0,714.0,725.0,732.0,732.0,748.0,756.0,780.0,790.0,822.0,848.0,888.0,893.0,898.0,960.0,988.0,
23.0,25.0,42.0,49.0,141.0,191.0,228.0,234.0,237.0,242.0,242.0,242.0,261.0,273.0,294.0,301.0,349.0,422.0,424.0,431.0,439.0,476.0,480.0,513.0,531.0,532.0,533.0,539.0,539.0,541.0,544.0,546.0,552.0,558.0,562.0,566.0,583.0,583.0,588.0,589.0,590.0,596.0,603.0,608.0,631.0,640.0,682.0,683.0,684.0,691.0,698.0,715.0,717.0,722.0,732.0,740.0,742.0,773.0,872.0,874.0,922.0,941.0,961.0,971.0,976.0,987.0,999.0,
15.0,47.0,49.0,55.0,77.0,90.0,157.0,174.0,184.0,241.0,266.0,281.0,315.0,326.0,375.0,377.0,397.0,490.0,518.0,528.0,532.0,532.0,537.0,547.0,550.0,557.0,558.0,569.0,571.0,573.0,574.0,576.0,576.0,580.0,592.0,598.0,599.0,639.0,646.0,649.0,655.0,664.0,671.0,674.0,678.0,687.0,709.0,710.0,713.0,714.0,714.0,715.0,721.0,752.0,769.0,778.0,783.0,789.0,798.0,799.0,815.0,823.0,879.0,896.0,901.0,902.0,904.0,907.0,923.0,933.0,954.0,
60.0,87.0,98.0,129.0,135.0,137.0,164.0,202.0,259.0,284.0,316.0,317.0,327.0,336.0,341.0,438.0,451.0,474.0,480.0,483.0,484.0,512.0,520.0,526.0,528.0,535.0,540.0,542.0,543.0,543.0,545.0,551.0,561.0,565.0,566.0,566.0,577.0,578.0,584.0,600.0,625.0,627.0,633.0,640.0,652.0,655.0,661.0,671.0,679.0,681.0,681.0,685.0,687.0,687.0,689.0,692.0,695.0,697.0,707.0,718.0,725.0,733.0,737.0,747.0,762.0,771.0,783.0,784.0,785.0,796.0,809.0,848.0,852.0,856.0,898.0,924.0,928.0,974.0,974.0,990.0,
24.0,28.0,34.0,37.0,42.0,50.0,67.0,108.0,169.0,195.0,221.0,236.0,265.0,278.0,280.0,312.0,413.0,435.0,451.0,462.0,462.0,466.0,509.0,525.0,529.0,532.0,536.0,547.0,566.0,651.0,658.0,668.0,726.0,735.0,764.0,783.0,813.0,916.0,947.0,974.0,
6.0,31.0,53.0,107.0,115.0,134.0,138.0,154.0,166.0,178.0,193.0,218.0,262.0,334.0,341.0,351.0,438.0,446.0,447.0,459.0,470.0,557.0,620.0,642.0,670.0,709.0,742.0,750.0,791.0,793.0,800.0,825.0,829.0,832.0,833.0,860.0,885.0,894.0,921.0,971.0,
27.0,48.0,73.0,100.0,111.0,189.0,195.0,218.0,222.0,302.0,388.0,392.0,415.0,416.0,441.0,489.0,513.0,560.0,572.0,582.0,717.0,743.0,772.0,790.0,793.0,836.0,852.0,863.0,906.0,992.0,
50.0,51.0,61.0,63.0,76.0,87.0,108.0,110.0,187.0,208.0,246.0,250.0,279.0,291.0,300.0,309.0,327.0,332.0,367.0,379.0,392.0,398.0,401.0,407.0,493.0,505.0,525.0,548.0,587.0,601.0,609.0,681.0,685.0,716.0,726.0,739.0,875.0,924.0,979.0,
10.0,36.0,68.0,88.0,112.0,124.0,197.0,236.0,261.0,280.0,319.0,339.0,344.0,348.0,357.0,359.0,388.0,397.0,426.0,436.0,474.0,497.0,531.0,542.0,577.0,578.0,595.0,717.0,780.0,790.0,905.0,
11.0,27.0,52.0,62.0,72.0,79.0,80.0,89.0,118.0,162.0,220.0,233.0,253.0,280.0,284.0,331.0,341.0,359.0,527.0,530.0,532.0,534.0,547.0,556.0,556.0,572.0,575.0,587.0,593.0,606.0,612.0,626.0,648.0,648.0,652.0,653.0,654.0,654.0,658.0,670.0,675.0,692.0,694.0,724.0,748.0,764.0,783.0,791.0,821.0,861.0,864.0,881.0,881.0,937.0,956.0,972.0,
69.0,74.0,74.0,78.0,133.0,146.0,245.0,375.0,412.0,470.0,472.0,477.0,478.0,483.0,490.0,497.0,499.0,505.0,518.0,523.0,541.0,544.0,555.0,559.0,561.0,561.0,570.0,572.0,573.0,575.0,577.0,581.0,592.0,594.0,604.0,614.0,682.0,683.0,712.0,725.0,730.0,732.0,739.0,747.0,766.0,773.0,781.0,797.0,826.0,845.0,881.0,895.0,905.0,910.0,917.0,923.0,925.0,926.0,939.0,
18.0,50.0,66.0,98.0,138.0,153.0,173.0,188.0,218.0,302.0,355.0,427.0,434.0,456.0,465.0,477.0,483.0,495.0,499.0,513.0,516.0,522.0,529.0,530.0,531.0,534.0,535.0,539.0,546.0,550.0,557.0,560.0,561.0,562.0,563.0,572.0,576.0,578.0,587.0,594.0,598.0,611.0,614.0,616.0,624.0,639.0,642.0,653.0,657.0,669.0,679.0,697.0,711.0,743.0,751.0,760.0,787.0,820.0,820.0,821.0,852.0,869.0,936.0,943.0,959.0,963.0,982.0,996.0,998.0,
4.0,10.0,60.0,86.0,154.0,205.0,218.0,266.0,267.0,320.0,341.0,393.0,426.0,430.0,464.0,470.0,478.0,498.0,525.0,537.0,546.0,551.0,552.0,557.0,557.0,572.0,581.0,583.0,588.0,594.0,595.0,598.0,612.0,614.0,619.0,624.0,625.0,627.0,666.0,668.0,678.0,691.0,698.0,701.0,701.0,706.0,708.0,713.0,726.0,741.0,742.0,759.0,801.0,818.0,822.0,823.0,829.0,833.0,846.0,869.0,879.0,890.0,893.0,952.0,953.0,959.0,961.0,970.0,980.0,996.0,
73.0,113.0,124.0,222.0,250.0,254.0,264.0,276.0,325.0,333.0,341.0,386.0,396.0,421.0,459.0,482.0,502.0,520.0,521.0,522.0,526.0,545.0,554.0,554.0,555.0,566.0,567.0,571.0,575.0,594.0,596.0,620.0,629.0,640.0,650.0,656.0,657.0,666.0,669.0,671.0,676.0,680.0,686.0,686.0,692.0,697.0,703.0,712.0,734.0,740.0,761.0,765.0,771.0,774.0,806.0,810.0,816.0,849.0,855.0,864.0,884.0,888.0,901.0,912.0,927.0,953.0,958.0,988.0,991.0,996.0,996.0,
37.0,83.0,91.0,96.0,105.0,110.0,129.0,149.0,156.0,164.0,235.0,238.0,280.0,330.0,339.0,349.0,393.0,420.0,494.0,510.0,516.0,517.0,525.0,535.0,564.0,565.0,567.0,623.0,713.0,757.0,853.0,860.0,882.0,917.0,972.0,999.0,
33.0,48.0,81.0,95.0,118.0,140.0,163.0,186.0,304.0,308.0,357.0,380.0,404.0,415.0,417.0,452.0,458.0,519.0,521.0,557.0,676.0,709.0,741.0,757.0,775.0,848.0,896.0,899.0,934.0,966.0,992.0,
19.0,28.0,45.0,108.0,145.0,182.0,220.0,235.0,245.0,271.0,331.0,334.0,374.0,380.0,398.0,401.0,405.0,417.0,420.0,456.0,466.0,482.0,493.0,502.0,516.0,540.0,541.0,563.0,580.0,616.0,625.0,650.0,692.0,704.0,717.0,720.0,753.0,765.0,829.0,869.0,874.0,891.0,907.0,913.0,924.0,935.0,938.0,938.0,944.0,978.0,
2.0,9.0,89.0,137.0,157.0,255.0,274.0,325.0,337.0,371.0,374.0,391.0,396.0,405.0,419.0,441.0,446.0,454.0,457.0,496.0,587.0,628.0,791.0,797.0,829.0,886.0,965.0,
14.0,105.0,115.0,120.0,132.0,169.0,179.0,309.0,339.0,390.0,412.0,438.0,455.0,489.0,512.0,535.0,539.0,540.0,547.0,554.0,584.0,591.0,603.0,624.0,688.0,876.0,882.0,886.0,892.0,948.0,948.0,962.0,976.0,
62.0,159.0,186.0,215.0,228.0,239.0,243.0,250.0,255.0,298.0,301.0,305.0,398.0,438.0,465.0,480.0,508.0,511.0,522.0,523.0,530.0,534.0,535.0,545.0,548.0,555.0,557.0,563.0,565.0,568.0,589.0,589.0,592.0,596.0,598.0,611.0,619.0,634.0,657.0,660.0,674.0,678.0,679.0,708.0,717.0,722.0,731.0,740.0,749.0,772.0,792.0,797.0,810.0,843.0,877.0,920.0,925.0,988.0,991.0,996.0,
51.0,64.0,106.0,156.0,172.0,201.0,249.0,271.0,318.0,346.0,352.0,367.0,381.0,433.0,438.0,440.0,453.0,459.0,460.0,482.0,487.0,518.0,524.0,525.0,531.0,538.0,541.0,555.0,561.0,566.0,568.0,568.0,573.0,574.0,574.0,591.0,596.0,611.0,615.0,616.0,620.0,622.0,656.0,663.0,669.0,671.0,696.0,716.0,727.0,734.0,737.0,738.0,746.0,757.0,765.0,789.0,828.0,839.0,850.0,878.0,896.0,936.0,939.0,944.0,949.0,953.0,957.0,969.0,970.0,973.0,997.0,
2.0,29.0,84.0,86.0,101.0,154.0,166.0,207.0,241.0,276.0,278.0,311.0,363.0,395.0,401.0,420.0,436.0,466.0,507.0,525.0,537.0,546.0,552.0,563.0,570.0,574.0,581.0,583.0,592.0,592.0,594.0,603.0,607.0,608.0,610.0,614.0,617.0,643.0,645.0,651.0,654.0,685.0,703.0,719.0,721.0,721.0,738.0,762.0,763.0,779.0,780.0,794.0,800.0,813.0,861.0,881.0,912.0,942.0,944.0,949.0,972.0,979.0,985.0,1000.0,
75.0,82.0,201.0,237.0,245.0,248.0,394.0,403.0,421.0,429.0,450.0,456.0,487.0,512.0,523.0,525.0,526.0,532.0,534.0,537.0,537.0,540.0,540.0,545.0,546.0,548.0,550.0,555.0,556.0,560.0,566.0,571.0,576.0,581.0,585.0,585.0,600.0,607.0,607.0,615.0,635.0,645.0,646.0,649.0,658.0,668.0,683.0,688.0,705.0,713.0,727.0,737.0,747.0,748.0,766.0,775.0,784.0,785.0,803.0,825.0,862.0,876.0,884.0,897.0,915.0,916.0,941.0,945.0,964.0,965.0,
11.0,15.0,46.0,79.0,118.0,123.0,152.0,162.0,166.0,189.0,285.0,343.0,380.0,395.0,443.0,455.0,460.0,488.0,506.0,524.0,527.0,528.0,528.0,529.0,532.0,547.0,555.0,561.0,564.0,564.0,571.0,574.0,589.0,595.0,612.0,631.0,637.0,654.0,657.0,662.0,677.0,703.0,732.0,751.0,755.0,778.0,813.0,817.0,823.0,839.0,865.0,873.0,880.0,883.0,887.0,897.0,899.0,916.0,926.0,934.0,940.0,943.0,955.0,986.0,
66.0,92.0,98.0,137.0,149.0,217.0,219.0,233.0,266.0,266.0,273.0,281.0,284.0,304.0,317.0,339.0,343.0,356.0,363.0,398.0,435.0,442.0,443.0,444.0,455.0,479.0,480.0,505.0,508.0,527.0,528.0,557.0,595.0,597.0,615.0,623.0,670.0,685.0,709.0,710.0,710.0,807.0,841.0,842.0,890.0,906.0,914.0,925.0,
9.0,37.0,67.0,83.0,107.0,146.0,148.0,155.0,227.0,234.0,240.0,245.0,262.0,265.0,305.0,347.0,398.0,415.0,417.0,425.0,464.0,479.0,492.0,501.0,542.0,560.0,609.0,614.0,656.0,659.0,662.0,662.0,664.0,667.0,704.0,742.0,827.0,916.0,978.0,
2.0,39.0,55.0,60.0,94.0,113.0,145.0,150.0,165.0,174.0,227.0,247.0,258.0,297.0,305.0,368.0,406.0,412.0,421.0,423.0,437.0,519.0,519.0,577.0,583.0,585.0,591.0,684.0,685.0,686.0,703.0,745.0,799.0,807.0,829.0,932.0,935.0,981.0,
45.0,48.0,102.0,136.0,136.0,153.0,158.0,235.0,248.0,298.0,299.0,326.0,336.0,371.0,373.0,386.0,391.0,424.0,439.0,446.0,477.0,602.0,621.0,631.0,650.0,656.0,836.0,862.0,866.0,876.0,948.0,948.0,
5.0,54.0,71.0,74.0,133.0,167.0,189.0,207.0,209.0,227.0,238.0,239.0,349.0,407.0,436.0,441.0,441.0,449.0,490.0,490.0,497.0,510.0,523.0,551.0,566.0,571.0,638.0,728.0,733.0,797.0,808.0,904.0,904.0,923.0,
43.0,94.0,101.0,108.0,129.0,147.0,172.0,200.0,213.0,237.0,266.0,271.0,273.0,293.0,359.0,404.0,417.0,514.0,523.0,549.0,581.0,600.0,604.0,678.0,698.0,734.0,774.0,831.0,852.0,872.0,900.0,956.0,978.0,997.0,
16.0,17.0,32.0,55.0,121.0,145.0,177.0,198.0,240.0,265.0,266.0,296.0,318.0,334.0,388.0,396.0,426.0,469.0,510.0,512.0,539.0,542.0,547.0,550.0,558.0,561.0,565.0,578.0,579.0,585.0,593.0,620.0,639.0,639.0,644.0,662.0,688.0,708.0,738.0,756.0,761.0,762.0,770.0,771.0,771.0,782.0,785.0,786.0,878.0,892.0,899.0,904.0,910.0,926.0,931.0,947.0,956.0,980.0,
16.0,31.0,44.0,51.0,67.0,73.0,80.0,128.0,130.0,188.0,205.0,242.0,247.0,259.0,280.0,283.0,286.0,302.0,323.0,327.0,356.0,402.0,430.0,517.0,525.0,526.0,529.0,534.0,534.0,539.0,540.0,545.0,554.0,556.0,557.0,558.0,564.0,564.0,580.0,596.0,603.0,607.0,611.0,622.0,626.0,635.0,642.0,663.0,678.0,685.0,698.0,729.0,731.0,765.0,779.0,784.0,790.0,801.0,808.0,811.0,815.0,824.0,836.0,846.0,859.0,861.0,866.0,868.0,876.0,899.0,903.0,931.0,955.0,958.0,962.0,992.0,
4.0,4.0,16.0,27.0,38.0,39.0,41.0,70.0,89.0,139.0,146.0,196.0,210.0,240.0,254.0,262.0,274.0,291.0,309.0,319.0,327.0,340.0,349.0,361.0,364.0,370.0,400.0,409.0,418.0,438.0,449.0,491.0,515.0,515.0,521.0,535.0,538.0,543.0,552.0,555.0,556.0,557.0,558.0,559.0,575.0,576.0,580.0,588.0,589.0,604.0,635.0,648.0,661.0,674.0,674.0,683.0,683.0,690.0,708.0,712.0,747.0,751.0,751.0,761.0,762.0,762.0,763.0,806.0,814.0,833.0,836.0,842.0,842.0,843.0,861.0,862.0,872.0,885.0,913.0,926.0,932.0,957.0,991.0,992.0,999.0,1000.0,
59.0,80.0,83.0,84.0,99.0,127.0,129.0,161.0,175.0,333.0,354.0,418.0,428.0,456.0,476.0,480.0,514.0,542.0,544.0,545.0,548.0,549.0,565.0,569.0,586.0,587.0,601.0,648.0,648.0,666.0,677.0,695.0,743.0,756.0,807.0,828.0,835.0,837.0,841.0,842.0,853.0,854.0,920.0,957.0,957.0,
24.0,25.0,28.0,43.0,51.0,64.0,222.0,280.0,321.0,325.0,332.0,343.0,359.0,387.0,397.0,407.0,443.0,454.0,484.0,501.0,512.0,515.0,517.0,525.0,532.0,541.0,553.0,565.0,606.0,703.0,717.0,725.0,809.0,889.0,891.0,948.0,
80.0,81.0,89.0,118.0,198.0,226.0,239.0,294.0,352.0,357.0,382.0,388.0,417.0,445.0,475.0,506.0,521.0,535.0,601.0,628.0,656.0,705.0,727.0,739.0,747.0,747.0,748.0,802.0,813.0,833.0,850.0,859.0,861.0,880.0,928.0,931.0,932.0,967.0,970.0,990.0,
5.0,21.0,50.0,56.0,64.0,65.0,78.0,122.0,137.0,151.0,199.0,220.0,305.0,437.0,478.0,531.0,538.0,724.0,726.0,741.0,768.0,862.0,944.0,948.0,957.0,957.0,971.0,
34.0,66.0,81.0,100.0,103.0,114.0,136.0,179.0,224.0,255.0,272.0,329.0,339.0,370.0,373.0,387.0,392.0,392.0,401.0,468.0,487.0,521.0,532.0,603.0,610.0,636.0,796.0,828.0,841.0,860.0,917.0,923.0,926.0,
45.0,54.0,57.0,106.0,179.0,189.0,190.0,193.0,197.0,197.0,209.0,250.0,254.0,315.0,341.0,395.0,427.0,434.0,444.0,450.0,463.0,496.0,524.0,570.0,678.0,750.0,755.0,782.0,783.0,795.0,804.0,868.0,876.0,880.0,895.0,920.0,975.0,979.0,994.0,
21.0,69.0,124.0,162.0,185.0,259.0,299.0,336.0,338.0,385.0,463.0,474.0,585.0,599.0,666.0,667.0,688.0,778.0,799.0,831.0,893.0,938.0,994.0,
26.0,85.0,91.0,114.0,136.0,146.0,150.0,191.0,212.0,223.0,231.0,274.0,310.0,315.0,397.0,412.0,460.0,469.0,490.0,503.0,522.0,531.0,569.0,586.0,642.0,684.0,696.0,720.0,741.0,770.0,857.0,897.0,999.0,
6.0,8.0,89.0,111.0,127.0,154.0,161.0,162.0,166.0,177.0,198.0,217.0,231.0,245.0,307.0,308.0,341.0,344.0,356.0,365.0,390.0,424.0,440.0,444.0,474.0,490.0,548.0,563.0,568.0,573.0,579.0,580.0,607.0,615.0,647.0,651.0,653.0,661.0,693.0,741.0,761.0,807.0,822.0,846.0,877.0,884.0,906.0,911.0,956.0,958.0,
6.0,75.0,119.0,124.0,127.0,129.0,136.0,150.0,170.0,179.0,215.0,223.0,269.0,316.0,363.0,375.0,395.0,396.0,491.0,551.0,570.0,589.0,660.0,673.0,675.0,792.0,885.0,955.0,957.0,
4.0,13.0,43.0,79.0,80.0,166.0,209.0,214.0,263.0,273.0,351.0,367.0,395.0,404.0,424.0,435.0,448.0,527.0,558.0,563.0,580.0,581.0,615.0,649.0,651.0,731.0,799.0,816.0,824.0,840.0,873.0,920.0,
39.0,46.0,86.0,134.0,139.0,163.0,175.0,176.0,195.0,197.0,236.0,285.0,380.0,389.0,391.0,446.0,467.0,475.0,552.0,682.0,702.0,736.0,811.0,835.0,869.0,896.0,902.0,
8.0,38.0,52.0,55.0,156.0,222.0,245.0,268.0,317.0,326.0,428.0,448.0,452.0,461.0,472.0,477.0,530.0,572.0,596.0,608.0,621.0,649.0,692.0,718.0,745.0,748.0,791.0,828.0,849.0,871.0,900.0,936.0,955.0,957.0,992.0,998.0,
9.0,19.0,59.0,74.0,92.0,174.0,230.0,243.0,247.0,276.0,279.0,282.0,293.0,339.0,354.0,390.0,440.0,443.0,463.0,493.0,501.0,504.0,551.0,615.0,624.0,641.0,670.0,749.0,794.0,818.0,873.0,884.0,887.0,918.0,939.0,949.0,968.0,973.0,977.0,
9.0,9.0,106.0,163.0,168.0,256.0,259.0,271.0,294.0,493.0,497.0,601.0,621.0,670.0,680.0,722.0,745.0,746.0,753.0,753.0,753.0,754.0,764.0,800.0,804.0,851.0,870.0,906.0,922.0,938.0,952.0,991.0,
30.0,73.0,79.0,97.0,123.0,127.0,128.0,195.0,224.0,226.0,256.0,265.0,302.0,310.0,313.0,313.0,384.0,423.0,423.0,428.0,431.0,463.0,498.0,520.0,538.0,577.0,606.0,660.0,689.0,698.0,795.0,808.0,813.0,820.0,825.0,838.0,847.0,851.0,877.0,906.0,912.0,913.0,932.0,934.0,953.0,976.0,
23.0,32.0,63.0,71.0,88.0,99.0,100.0,134.0,147.0,159.0,171.0,183.0,208.0,210.0,214.0,225.0,389.0,429.0,449.0,468.0,487.0,493.0,495.0,507.0,526.0,537.0,558.0,574.0,576.0,603.0,675.0,747.0,750.0,755.0,781.0,789.0,846.0,859.0,863.0,875.0,884.0,893.0,919.0,953.0,982.0,997.0,
7.0,11.0,37.0,43.0,73.0,148.0,155.0,179.0,214.0,262.0,273.0,280.0,348.0,396.0,512.0,523.0,542.0,551.0,572.0,578.0,581.0,592.0,635.0,678.0,690.0,728.0,731.0,744.0,766.0,779.0,780.0,783.0,786.0,787.0,796.0,811.0,857.0,950.0,974.0,
2.0,118.0,123.0,133.0,158.0,213.0,245.0,247.0,248.0,286.0,310.0,379.0,415.0,423.0,449.0,543.0,570.0,593.0,604.0,647.0,657.0,693.0,770.0,846.0,857.0,914.0,929.0,976.0,978.0,
3.0,14.0,32.0,33.0,38.0,161.0,164.0,214.0,257.0,263.0,278.0,313.0,315.0,331.0,365.0,368.0,383.0,387.0,395.0,408.0,418.0,422.0,452.0,453.0,473.0,491.0,513.0,518.0,526.0,544.0,576.0,612.0,642.0,654.0,702.0,723.0,745.0,763.0,772.0,812.0,864.0,887.0,921.0,923.0,925.0,929.0,943.0,949.0,998.0,
96.0,107.0,132.0,156.0,184.0,217.0,250.0,269.0,276.0,360.0,366.0,405.0,417.0,481.0,531.0,535.0,579.0,584.0,598.0,658.0,674.0,699.0,767.0,816.0,850.0,853.0,863.0,916.0,
9.0,24.0,33.0,53.0,75.0,78.0,96.0,116.0,127.0,177.0,259.0,277.0,290.0,323.0,339.0,374.0,374.0,404.0,419.0,420.0,433.0,484.0,523.0,604.0,628.0,660.0,661.0,663.0,676.0,690.0,742.0,776.0,788.0,795.0,801.0,813.0,826.0,900.0,913.0,955.0,
38.0,50.0,85.0,93.0,101.0,144.0,165.0,173.0,181.0,183.0,221.0,259.0,307.0,314.0,323.0,341.0,342.0,360.0,462.0,465.0,562.0,603.0,608.0,636.0,636.0,644.0,663.0,705.0,707.0,719.0,723.0,723.0,743.0,747.0,756.0,769.0,790.0,810.0,826.0,841.0,889.0,934.0,970.0,1000.0,
