17.0,19.0,26.0,66.0,76.0,77.0,80.0,208.0,224.0,283.0,307.0,309.0,332.0,353.0,357.0,362.0,411.0,413.0,488.0,515.0,598.0,608.0,625.0,638.0,638.0,651.0,669.0,732.0,815.0,855.0,937.0,967.0,
8.0,22.0,24.0,114.0,119.0,163.0,210.0,214.0,215.0,274.0,281.0,311.0,314.0,321.0,326.0,371.0,374.0,384.0,386.0,387.0,395.0,485.0,488.0,598.0,644.0,803.0,804.0,835.0,837.0,879.0,892.0,978.0,981.0,
36.0,93.0,163.0,186.0,205.0,245.0,282.0,287.0,300.0,305.0,397.0,408.0,425.0,566.0,576.0,585.0,654.0,697.0,731.0,743.0,794.0,802.0,825.0,861.0,863.0,895.0,911.0,912.0,934.0,947.0,971.0,994.0,
13.0,61.0,66.0,83.0,110.0,213.0,217.0,221.0,223.0,251.0,265.0,272.0,294.0,305.0,395.0,419.0,455.0,573.0,578.0,583.0,601.0,623.0,625.0,638.0,767.0,780.0,824.0,845.0,902.0,964.0,
6.0,11.0,28.0,29.0,59.0,72.0,80.0,89.0,94.0,111.0,118.0,123.0,146.0,176.0,178.0,236.0,279.0,366.0,372.0,389.0,436.0,470.0,473.0,540.0,546.0,606.0,609.0,615.0,619.0,661.0,682.0,693.0,703.0,766.0,825.0,840.0,869.0,882.0,890.0,896.0,898.0,907.0,941.0,962.0,967.0,
5.0,43.0,52.0,96.0,110.0,264.0,298.0,406.0,417.0,470.0,486.0,542.0,547.0,561.0,586.0,593.0,610.0,665.0,699.0,756.0,761.0,856.0,875.0,888.0,889.0,894.0,918.0,933.0,938.0,960.0,969.0,
33.0,101.0,105.0,107.0,122.0,183.0,197.0,224.0,261.0,263.0,303.0,307.0,349.0,374.0,401.0,410.0,412.0,455.0,482.0,566.0,578.0,578.0,586.0,594.0,595.0,600.0,607.0,669.0,679.0,706.0,735.0,748.0,778.0,802.0,847.0,866.0,870.0,881.0,911.0,969.0,
27.0,58.0,60.0,100.0,101.0,137.0,160.0,225.0,233.0,237.0,244.0,276.0,296.0,334.0,347.0,350.0,353.0,357.0,365.0,367.0,403.0,415.0,466.0,502.0,515.0,526.0,530.0,551.0,592.0,651.0,653.0,713.0,719.0,754.0,770.0,781.0,840.0,888.0,926.0,990.0,
11.0,14.0,15.0,23.0,79.0,85.0,119.0,138.0,155.0,168.0,185.0,210.0,384.0,402.0,426.0,446.0,457.0,470.0,496.0,552.0,554.0,595.0,638.0,640.0,663.0,686.0,701.0,703.0,704.0,709.0,755.0,923.0,
16.0,18.0,45.0,95.0,122.0,122.0,127.0,181.0,238.0,350.0,386.0,389.0,400.0,408.0,409.0,422.0,426.0,455.0,475.0,496.0,515.0,540.0,610.0,661.0,689.0,693.0,738.0,774.0,814.0,857.0,885.0,887.0,896.0,899.0,998.0,
36.0,38.0,44.0,73.0,75.0,99.0,113.0,153.0,178.0,198.0,206.0,257.0,291.0,337.0,368.0,419.0,478.0,498.0,500.0,536.0,557.0,581.0,590.0,590.0,591.0,605.0,671.0,677.0,678.0,705.0,713.0,791.0,806.0,823.0,876.0,899.0,935.0,942.0,
29.0,45.0,54.0,67.0,152.0,161.0,167.0,183.0,187.0,236.0,307.0,316.0,366.0,406.0,409.0,424.0,502.0,511.0,520.0,521.0,541.0,543.0,560.0,564.0,585.0,627.0,637.0,659.0,723.0,763.0,871.0,888.0,952.0,971.0,
31.0,80.0,97.0,121.0,161.0,166.0,198.0,212.0,230.0,244.0,259.0,324.0,325.0,384.0,406.0,407.0,462.0,474.0,480.0,518.0,563.0,567.0,579.0,591.0,591.0,596.0,622.0,630.0,634.0,640.0,674.0,709.0,709.0,737.0,744.0,760.0,788.0,830.0,837.0,860.0,861.0,878.0,911.0,912.0,945.0,960.0,
7.0,39.0,71.0,92.0,103.0,117.0,129.0,161.0,173.0,183.0,193.0,247.0,259.0,266.0,267.0,282.0,287.0,310.0,326.0,348.0,379.0,389.0,396.0,401.0,403.0,405.0,419.0,443.0,446.0,447.0,451.0,454.0,471.0,473.0,475.0,477.0,494.0,514.0,579.0,595.0,627.0,632.0,639.0,662.0,723.0,793.0,795.0,808.0,854.0,918.0,927.0,949.0,950.0,979.0,
3.0,24.0,30.0,75.0,110.0,114.0,119.0,126.0,158.0,203.0,246.0,262.0,277.0,288.0,332.0,332.0,337.0,349.0,502.0,543.0,556.0,574.0,592.0,637.0,638.0,719.0,735.0,784.0,786.0,806.0,813.0,815.0,847.0,856.0,896.0,899.0,931.0,937.0,963.0,
61.0,99.0,108.0,121.0,146.0,147.0,170.0,301.0,414.0,415.0,416.0,438.0,468.0,486.0,516.0,541.0,551.0,561.0,567.0,580.0,625.0,709.0,712.0,719.0,786.0,787.0,791.0,860.0,946.0,961.0,983.0,
38.0,60.0,132.0,132.0,139.0,168.0,182.0,182.0,200.0,204.0,266.0,305.0,346.0,357.0,390.0,396.0,413.0,425.0,450.0,472.0,491.0,498.0,543.0,547.0,548.0,579.0,591.0,592.0,606.0,629.0,660.0,758.0,782.0,807.0,862.0,879.0,897.0,915.0,937.0,957.0,974.0,
53.0,68.0,82.0,151.0,158.0,160.0,177.0,189.0,199.0,230.0,235.0,238.0,275.0,302.0,340.0,348.0,370.0,437.0,502.0,511.0,550.0,589.0,592.0,601.0,609.0,622.0,648.0,675.0,686.0,700.0,793.0,811.0,844.0,902.0,944.0,944.0,979.0,983.0,
30.0,60.0,60.0,69.0,163.0,241.0,270.0,289.0,299.0,299.0,300.0,314.0,319.0,392.0,409.0,420.0,430.0,431.0,443.0,446.0,448.0,456.0,458.0,460.0,501.0,505.0,520.0,574.0,618.0,634.0,661.0,667.0,692.0,729.0,732.0,758.0,781.0,784.0,801.0,803.0,804.0,815.0,834.0,875.0,894.0,936.0,946.0,
14.0,78.0,159.0,239.0,242.0,257.0,289.0,308.0,327.0,333.0,338.0,347.0,351.0,396.0,431.0,450.0,504.0,506.0,516.0,540.0,583.0,592.0,627.0,633.0,665.0,668.0,747.0,758.0,776.0,804.0,873.0,898.0,966.0,991.0,
2.0,12.0,13.0,24.0,31.0,68.0,90.0,102.0,125.0,138.0,170.0,171.0,172.0,177.0,182.0,185.0,186.0,260.0,277.0,277.0,279.0,305.0,326.0,330.0,336.0,366.0,460.0,463.0,477.0,492.0,507.0,532.0,538.0,547.0,575.0,591.0,612.0,641.0,671.0,679.0,706.0,709.0,715.0,824.0,855.0,901.0,902.0,935.0,946.0,978.0,
21.0,73.0,87.0,101.0,103.0,130.0,143.0,155.0,185.0,223.0,246.0,265.0,307.0,401.0,435.0,468.0,490.0,524.0,527.0,538.0,570.0,610.0,633.0,655.0,693.0,736.0,767.0,779.0,787.0,836.0,863.0,875.0,884.0,935.0,
3.0,42.0,75.0,164.0,187.0,210.0,227.0,261.0,264.0,289.0,292.0,315.0,394.0,396.0,434.0,529.0,550.0,587.0,597.0,620.0,639.0,698.0,712.0,713.0,757.0,811.0,870.0,933.0,947.0,953.0,964.0,968.0,993.0,
7.0,9.0,108.0,119.0,119.0,126.0,186.0,190.0,206.0,211.0,211.0,268.0,274.0,276.0,317.0,332.0,342.0,377.0,381.0,443.0,448.0,466.0,470.0,577.0,601.0,627.0,636.0,638.0,640.0,714.0,735.0,749.0,768.0,768.0,810.0,828.0,911.0,925.0,943.0,969.0,
27.0,51.0,74.0,107.0,116.0,184.0,243.0,318.0,329.0,337.0,338.0,361.0,376.0,378.0,430.0,432.0,446.0,477.0,497.0,500.0,520.0,538.0,556.0,577.0,592.0,621.0,781.0,920.0,936.0,973.0,
122.0,168.0,177.0,187.0,196.0,197.0,198.0,198.0,199.0,213.0,237.0,256.0,273.0,279.0,316.0,364.0,398.0,425.0,467.0,474.0,493.0,525.0,529.0,530.0,537.0,552.0,557.0,624.0,674.0,678.0,711.0,729.0,731.0,776.0,782.0,785.0,830.0,875.0,910.0,921.0,975.0,977.0,978.0,979.0,
27.0,36.0,57.0,104.0,122.0,137.0,140.0,156.0,165.0,197.0,200.0,247.0,251.0,257.0,292.0,299.0,304.0,332.0,334.0,342.0,349.0,352.0,368.0,369.0,388.0,394.0,394.0,434.0,454.0,476.0,490.0,491.0,523.0,533.0,551.0,611.0,624.0,689.0,703.0,728.0,751.0,885.0,922.0,942.0,956.0,
5.0,34.0,50.0,117.0,133.0,175.0,183.0,193.0,193.0,216.0,219.0,262.0,283.0,304.0,308.0,318.0,320.0,322.0,331.0,375.0,440.0,488.0,499.0,503.0,520.0,556.0,576.0,621.0,637.0,639.0,645.0,652.0,698.0,706.0,719.0,735.0,820.0,836.0,956.0,995.0,
2.0,22.0,45.0,53.0,68.0,112.0,148.0,162.0,163.0,170.0,180.0,181.0,201.0,203.0,212.0,225.0,266.0,301.0,302.0,305.0,312.0,318.0,411.0,431.0,508.0,547.0,567.0,575.0,580.0,659.0,667.0,695.0,708.0,740.0,743.0,783.0,800.0,836.0,953.0,977.0,989.0,993.0,
28.0,61.0,85.0,103.0,113.0,139.0,175.0,177.0,260.0,273.0,300.0,305.0,333.0,419.0,498.0,511.0,531.0,546.0,570.0,581.0,595.0,603.0,604.0,642.0,685.0,687.0,721.0,724.0,728.0,738.0,738.0,740.0,754.0,769.0,784.0,793.0,825.0,834.0,986.0,
57.0,62.0,109.0,115.0,134.0,152.0,170.0,206.0,216.0,219.0,229.0,265.0,276.0,308.0,365.0,372.0,374.0,402.0,465.0,481.0,533.0,561.0,590.0,592.0,602.0,608.0,612.0,615.0,629.0,707.0,715.0,737.0,740.0,748.0,791.0,929.0,974.0,998.0,
15.0,16.0,41.0,144.0,162.0,164.0,213.0,268.0,271.0,273.0,329.0,371.0,380.0,408.0,420.0,452.0,463.0,476.0,493.0,515.0,527.0,565.0,580.0,690.0,754.0,767.0,810.0,814.0,869.0,912.0,946.0,990.0,
28.0,29.0,37.0,40.0,56.0,96.0,106.0,165.0,182.0,230.0,255.0,311.0,315.0,337.0,369.0,498.0,566.0,590.0,593.0,600.0,633.0,655.0,657.0,770.0,779.0,858.0,889.0,899.0,933.0,943.0,952.0,959.0,
13.0,104.0,145.0,168.0,196.0,232.0,243.0,248.0,269.0,273.0,285.0,308.0,319.0,354.0,384.0,398.0,403.0,447.0,476.0,518.0,528.0,535.0,538.0,544.0,550.0,616.0,628.0,640.0,664.0,676.0,690.0,734.0,756.0,784.0,827.0,836.0,843.0,936.0,940.0,964.0,998.0,1000.0,
4.0,39.0,101.0,120.0,163.0,185.0,232.0,342.0,355.0,403.0,497.0,507.0,536.0,538.0,539.0,541.0,554.0,558.0,571.0,587.0,632.0,650.0,652.0,658.0,659.0,667.0,670.0,674.0,677.0,689.0,703.0,713.0,722.0,724.0,736.0,753.0,753.0,761.0,768.0,776.0,801.0,807.0,821.0,867.0,901.0,908.0,918.0,922.0,976.0,986.0,991.0,995.0,
13.0,19.0,88.0,135.0,155.0,183.0,188.0,192.0,209.0,216.0,240.0,243.0,328.0,329.0,333.0,351.0,351.0,409.0,409.0,411.0,468.0,508.0,519.0,538.0,539.0,550.0,552.0,553.0,560.0,560.0,563.0,596.0,599.0,604.0,610.0,620.0,632.0,633.0,642.0,643.0,654.0,659.0,670.0,676.0,679.0,697.0,704.0,705.0,725.0,737.0,749.0,767.0,769.0,769.0,774.0,775.0,784.0,792.0,795.0,802.0,802.0,826.0,831.0,832.0,832.0,857.0,864.0,889.0,912.0,923.0,923.0,933.0,936.0,964.0,974.0,987.0,
68.0,74.0,83.0,130.0,183.0,210.0,239.0,268.0,326.0,350.0,380.0,410.0,460.0,471.0,482.0,513.0,516.0,520.0,524.0,529.0,539.0,540.0,543.0,550.0,551.0,556.0,558.0,569.0,573.0,583.0,584.0,586.0,604.0,612.0,622.0,643.0,658.0,686.0,700.0,726.0,733.0,739.0,763.0,783.0,797.0,803.0,807.0,817.0,821.0,822.0,823.0,827.0,875.0,878.0,883.0,921.0,936.0,938.0,943.0,955.0,982.0,
28.0,37.0,116.0,151.0,321.0,323.0,333.0,353.0,409.0,418.0,459.0,537.0,572.0,574.0,575.0,584.0,606.0,614.0,617.0,640.0,668.0,672.0,687.0,760.0,850.0,928.0,961.0,984.0,
36.0,79.0,175.0,241.0,271.0,304.0,335.0,398.0,464.0,493.0,532.0,536.0,630.0,633.0,725.0,735.0,742.0,754.0,837.0,847.0,985.0,988.0,
10.0,96.0,116.0,136.0,184.0,185.0,193.0,258.0,267.0,272.0,284.0,295.0,357.0,377.0,401.0,435.0,450.0,467.0,496.0,504.0,516.0,518.0,521.0,537.0,543.0,574.0,598.0,618.0,660.0,667.0,674.0,734.0,734.0,745.0,761.0,841.0,858.0,946.0,976.0,
19.0,22.0,61.0,72.0,208.0,223.0,288.0,351.0,356.0,372.0,393.0,398.0,431.0,465.0,505.0,521.0,522.0,527.0,552.0,608.0,610.0,636.0,661.0,699.0,709.0,724.0,735.0,775.0,807.0,838.0,842.0,846.0,849.0,882.0,931.0,956.0,990.0,992.0,
32.0,59.0,112.0,162.0,208.0,258.0,284.0,297.0,315.0,359.0,402.0,458.0,478.0,491.0,525.0,593.0,608.0,610.0,613.0,664.0,677.0,694.0,714.0,756.0,783.0,803.0,805.0,806.0,835.0,856.0,984.0,
9.0,12.0,86.0,90.0,166.0,187.0,207.0,209.0,214.0,216.0,216.0,268.0,275.0,275.0,281.0,286.0,292.0,299.0,316.0,387.0,399.0,423.0,429.0,486.0,506.0,549.0,567.0,576.0,580.0,666.0,694.0,713.0,749.0,750.0,751.0,769.0,813.0,818.0,855.0,902.0,982.0,
36.0,62.0,107.0,183.0,210.0,223.0,258.0,373.0,376.0,376.0,397.0,419.0,426.0,489.0,508.0,516.0,523.0,525.0,528.0,530.0,530.0,532.0,535.0,550.0,557.0,557.0,558.0,560.0,567.0,583.0,601.0,628.0,630.0,636.0,646.0,657.0,669.0,675.0,689.0,691.0,697.0,700.0,702.0,724.0,732.0,736.0,787.0,815.0,819.0,846.0,848.0,861.0,871.0,877.0,893.0,918.0,921.0,925.0,942.0,972.0,981.0,992.0,
7.0,8.0,12.0,18.0,30.0,32.0,51.0,52.0,65.0,66.0,125.0,137.0,242.0,250.0,292.0,330.0,421.0,446.0,459.0,484.0,509.0,518.0,530.0,530.0,536.0,537.0,540.0,547.0,548.0,552.0,553.0,557.0,563.0,571.0,574.0,582.0,583.0,584.0,584.0,587.0,597.0,620.0,624.0,638.0,711.0,715.0,723.0,726.0,746.0,756.0,760.0,765.0,779.0,802.0,803.0,830.0,831.0,833.0,860.0,905.0,910.0,953.0,960.0,977.0,987.0,990.0,
8.0,64.0,72.0,165.0,222.0,253.0,263.0,305.0,339.0,376.0,389.0,403.0,419.0,478.0,503.0,516.0,523.0,526.0,530.0,530.0,530.0,533.0,537.0,548.0,549.0,550.0,555.0,555.0,559.0,565.0,566.0,576.0,579.0,580.0,591.0,592.0,594.0,596.0,600.0,612.0,613.0,634.0,636.0,653.0,660.0,675.0,682.0,696.0,710.0,714.0,715.0,731.0,755.0,756.0,777.0,792.0,832.0,839.0,846.0,862.0,876.0,889.0,890.0,957.0,961.0,977.0,978.0,
62.0,73.0,132.0,146.0,149.0,206.0,269.0,363.0,378.0,392.0,444.0,447.0,459.0,524.0,533.0,533.0,534.0,534.0,544.0,549.0,549.0,552.0,559.0,567.0,572.0,576.0,587.0,592.0,594.0,599.0,601.0,605.0,625.0,625.0,637.0,662.0,674.0,684.0,737.0,761.0,773.0,777.0,797.0,807.0,847.0,869.0,876.0,890.0,898.0,924.0,938.0,942.0,963.0,965.0,968.0,991.0,
21.0,32.0,34.0,48.0,123.0,195.0,197.0,210.0,218.0,228.0,232.0,260.0,286.0,291.0,341.0,369.0,392.0,403.0,411.0,423.0,426.0,436.0,483.0,502.0,513.0,520.0,527.0,528.0,537.0,538.0,551.0,558.0,562.0,565.0,576.0,577.0,582.0,585.0,587.0,595.0,620.0,621.0,628.0,638.0,641.0,644.0,647.0,649.0,668.0,696.0,699.0,707.0,708.0,710.0,720.0,729.0,731.0,736.0,750.0,753.0,788.0,800.0,810.0,817.0,820.0,855.0,902.0,904.0,909.0,917.0,919.0,921.0,940.0,949.0,954.0,962.0,967.0,972.0,972.0,
40.0,99.0,167.0,203.0,205.0,224.0,296.0,300.0,326.0,353.0,354.0,360.0,365.0,403.0,416.0,422.0,451.0,478.0,483.0,486.0,525.0,547.0,572.0,599.0,743.0,828.0,840.0,933.0,
11.0,26.0,44.0,90.0,147.0,179.0,200.0,201.0,202.0,227.0,242.0,258.0,263.0,271.0,305.0,341.0,378.0,387.0,412.0,445.0,466.0,474.0,505.0,535.0,563.0,566.0,577.0,668.0,683.0,686.0,711.0,729.0,745.0,747.0,767.0,769.0,774.0,787.0,799.0,816.0,821.0,832.0,848.0,859.0,940.0,983.0,993.0,
29.0,137.0,146.0,199.0,208.0,293.0,350.0,381.0,409.0,477.0,497.0,539.0,542.0,548.0,567.0,583.0,678.0,686.0,726.0,728.0,745.0,759.0,807.0,809.0,863.0,909.0,923.0,933.0,981.0,984.0,
19.0,78.0,94.0,94.0,110.0,111.0,119.0,139.0,146.0,188.0,195.0,203.0,269.0,336.0,350.0,409.0,416.0,424.0,459.0,484.0,487.0,527.0,532.0,566.0,576.0,597.0,601.0,611.0,612.0,646.0,655.0,679.0,754.0,760.0,770.0,779.0,799.0,803.0,888.0,914.0,950.0,963.0,973.0,
27.0,54.0,55.0,141.0,151.0,214.0,251.0,261.0,275.0,283.0,337.0,344.0,421.0,460.0,471.0,475.0,498.0,504.0,530.0,547.0,551.0,556.0,576.0,589.0,596.0,605.0,609.0,622.0,623.0,630.0,649.0,666.0,675.0,677.0,757.0,857.0,928.0,977.0,991.0,
7.0,20.0,38.0,40.0,48.0,52.0,62.0,109.0,141.0,147.0,194.0,223.0,239.0,275.0,315.0,354.0,396.0,410.0,443.0,499.0,514.0,515.0,516.0,526.0,531.0,534.0,534.0,536.0,541.0,541.0,549.0,553.0,553.0,554.0,566.0,567.0,568.0,576.0,585.0,592.0,594.0,595.0,598.0,609.0,647.0,655.0,657.0,663.0,664.0,675.0,706.0,720.0,721.0,726.0,742.0,743.0,748.0,750.0,756.0,762.0,764.0,778.0,786.0,787.0,789.0,793.0,813.0,824.0,829.0,830.0,846.0,851.0,859.0,862.0,862.0,871.0,883.0,883.0,900.0,915.0,919.0,941.0,946.0,947.0,952.0,969.0,982.0,
24.0,114.0,118.0,157.0,159.0,161.0,198.0,205.0,255.0,265.0,267.0,274.0,321.0,350.0,407.0,421.0,423.0,450.0,460.0,461.0,464.0,508.0,515.0,521.0,521.0,522.0,526.0,528.0,530.0,535.0,539.0,541.0,547.0,547.0,553.0,560.0,571.0,575.0,578.0,589.0,598.0,611.0,620.0,633.0,646.0,651.0,655.0,668.0,670.0,692.0,721.0,743.0,747.0,752.0,775.0,785.0,786.0,793.0,793.0,818.0,823.0,841.0,861.0,910.0,919.0,921.0,923.0,937.0,978.0,998.0,
9.0,29.0,30.0,121.0,224.0,236.0,271.0,319.0,340.0,349.0,366.0,379.0,387.0,410.0,412.0,416.0,424.0,451.0,475.0,516.0,517.0,524.0,524.0,531.0,535.0,543.0,545.0,547.0,548.0,556.0,556.0,564.0,567.0,583.0,585.0,585.0,589.0,589.0,589.0,598.0,602.0,604.0,606.0,607.0,611.0,643.0,644.0,645.0,649.0,677.0,729.0,730.0,742.0,755.0,782.0,811.0,832.0,837.0,861.0,880.0,913.0,933.0,969.0,999.0,
32.0,46.0,70.0,75.0,112.0,142.0,145.0,147.0,175.0,183.0,224.0,240.0,302.0,330.0,347.0,389.0,456.0,464.0,530.0,531.0,532.0,533.0,535.0,535.0,543.0,543.0,543.0,549.0,561.0,562.0,562.0,566.0,574.0,579.0,582.0,586.0,586.0,597.0,609.0,610.0,627.0,635.0,637.0,651.0,660.0,675.0,712.0,713.0,713.0,742.0,749.0,780.0,817.0,817.0,844.0,890.0,893.0,904.0,924.0,928.0,934.0,935.0,939.0,953.0,961.0,962.0,
40.0,167.0,171.0,182.0,204.0,222.0,243.0,268.0,289.0,306.0,365.0,407.0,414.0,427.0,449.0,453.0,458.0,462.0,498.0,509.0,526.0,542.0,545.0,547.0,548.0,549.0,555.0,557.0,558.0,559.0,560.0,562.0,565.0,570.0,576.0,579.0,581.0,605.0,606.0,606.0,614.0,631.0,633.0,633.0,639.0,658.0,677.0,701.0,708.0,722.0,728.0,737.0,738.0,744.0,747.0,749.0,761.0,764.0,775.0,778.0,784.0,791.0,798.0,800.0,813.0,813.0,819.0,823.0,846.0,849.0,868.0,873.0,895.0,902.0,908.0,924.0,932.0,937.0,943.0,949.0,960.0,963.0,989.0,989.0,1000.0,
12.0,33.0,53.0,72.0,162.0,192.0,221.0,225.0,250.0,255.0,316.0,398.0,419.0,432.0,445.0,448.0,473.0,478.0,484.0,519.0,530.0,541.0,544.0,551.0,558.0,563.0,593.0,641.0,680.0,690.0,707.0,715.0,737.0,765.0,777.0,804.0,861.0,876.0,956.0,960.0,977.0,
40.0,51.0,116.0,177.0,216.0,328.0,340.0,408.0,412.0,415.0,434.0,435.0,506.0,522.0,532.0,542.0,570.0,619.0,623.0,753.0,771.0,785.0,820.0,825.0,835.0,873.0,889.0,902.0,920.0,972.0,
5.0,10.0,53.0,65.0,65.0,102.0,119.0,122.0,123.0,218.0,280.0,281.0,282.0,294.0,299.0,315.0,341.0,392.0,394.0,397.0,440.0,441.0,450.0,518.0,523.0,525.0,529.0,538.0,618.0,626.0,639.0,760.0,796.0,804.0,839.0,853.0,923.0,924.0,
84.0,144.0,187.0,245.0,288.0,307.0,350.0,383.0,386.0,402.0,440.0,462.0,462.0,493.0,511.0,514.0,526.0,563.0,576.0,622.0,639.0,650.0,687.0,758.0,787.0,843.0,929.0,948.0,965.0,967.0,996.0,998.0,
62.0,96.0,115.0,141.0,143.0,188.0,200.0,231.0,232.0,239.0,244.0,272.0,309.0,347.0,431.0,535.0,550.0,594.0,609.0,668.0,675.0,704.0,742.0,749.0,840.0,978.0,
28.0,83.0,312.0,356.0,372.0,389.0,401.0,435.0,438.0,482.0,497.0,516.0,528.0,529.0,533.0,538.0,538.0,542.0,543.0,545.0,554.0,560.0,562.0,565.0,566.0,578.0,589.0,590.0,592.0,594.0,598.0,600.0,612.0,629.0,630.0,632.0,644.0,649.0,656.0,683.0,699.0,711.0,786.0,808.0,810.0,813.0,815.0,818.0,828.0,865.0,870.0,904.0,907.0,924.0,934.0,938.0,939.0,951.0,971.0,987.0,
3.0,43.0,66.0,131.0,150.0,157.0,158.0,189.0,239.0,246.0,273.0,284.0,289.0,345.0,355.0,358.0,359.0,362.0,411.0,419.0,479.0,524.0,526.0,534.0,539.0,541.0,544.0,544.0,548.0,551.0,557.0,560.0,561.0,566.0,574.0,577.0,596.0,596.0,599.0,600.0,602.0,638.0,642.0,666.0,675.0,686.0,688.0,696.0,736.0,749.0,755.0,761.0,769.0,772.0,806.0,810.0,827.0,843.0,852.0,854.0,859.0,863.0,870.0,880.0,916.0,919.0,936.0,951.0,952.0,970.0,986.0,997.0,
25.0,36.0,42.0,64.0,86.0,117.0,178.0,217.0,220.0,266.0,275.0,286.0,287.0,311.0,327.0,394.0,411.0,423.0,434.0,454.0,522.0,525.0,532.0,535.0,541.0,542.0,547.0,549.0,551.0,557.0,563.0,585.0,592.0,594.0,602.0,606.0,610.0,621.0,623.0,632.0,646.0,664.0,676.0,684.0,685.0,688.0,703.0,704.0,709.0,731.0,757.0,771.0,809.0,824.0,827.0,833.0,868.0,871.0,878.0,882.0,950.0,951.0,964.0,973.0,981.0,991.0,996.0,1000.0,
48.0,52.0,80.0,124.0,129.0,175.0,216.0,251.0,258.0,268.0,294.0,316.0,337.0,342.0,435.0,448.0,460.0,467.0,510.0,516.0,520.0,523.0,523.0,580.0,582.0,583.0,593.0,600.0,601.0,602.0,609.0,622.0,624.0,624.0,635.0,674.0,712.0,715.0,724.0,727.0,728.0,746.0,752.0,756.0,757.0,766.0,774.0,782.0,786.0,802.0,803.0,805.0,823.0,827.0,836.0,845.0,861.0,876.0,891.0,905.0,925.0,927.0,928.0,945.0,949.0,970.0,981.0,985.0,999.0,
103.0,114.0,135.0,230.0,234.0,254.0,260.0,282.0,287.0,290.0,298.0,355.0,362.0,384.0,455.0,458.0,524.0,542.0,577.0,584.0,584.0,599.0,627.0,648.0,671.0,676.0,679.0,702.0,714.0,739.0,742.0,756.0,757.0,784.0,813.0,820.0,830.0,847.0,871.0,874.0,887.0,932.0,937.0,940.0,941.0,986.0,990.0,1000.0,
32.0,46.0,148.0,153.0,175.0,201.0,280.0,307.0,347.0,356.0,371.0,390.0,419.0,433.0,436.0,459.0,468.0,531.0,555.0,568.0,586.0,647.0,753.0,776.0,805.0,993.0,1000.0,
13.0,31.0,57.0,64.0,75.0,80.0,167.0,184.0,234.0,306.0,308.0,349.0,403.0,418.0,472.0,523.0,529.0,596.0,616.0,645.0,707.0,785.0,789.0,811.0,813.0,814.0,828.0,998.0,
19.0,20.0,33.0,38.0,49.0,61.0,83.0,100.0,114.0,118.0,208.0,254.0,375.0,436.0,438.0,443.0,451.0,597.0,602.0,625.0,656.0,667.0,688.0,699.0,712.0,727.0,727.0,727.0,743.0,748.0,750.0,777.0,793.0,800.0,800.0,813.0,822.0,824.0,876.0,906.0,932.0,941.0,947.0,961.0,966.0,992.0,994.0,
32.0,34.0,56.0,68.0,80.0,103.0,128.0,156.0,177.0,284.0,300.0,333.0,381.0,388.0,437.0,471.0,493.0,503.0,529.0,532.0,548.0,574.0,600.0,665.0,684.0,695.0,716.0,772.0,784.0,786.0,848.0,870.0,908.0,950.0,950.0,965.0,
28.0,35.0,47.0,51.0,84.0,99.0,101.0,130.0,151.0,184.0,187.0,201.0,218.0,229.0,248.0,249.0,262.0,270.0,310.0,346.0,388.0,391.0,504.0,506.0,510.0,524.0,548.0,634.0,836.0,850.0,851.0,898.0,910.0,941.0,969.0,988.0,
27.0,81.0,103.0,104.0,126.0,200.0,242.0,344.0,361.0,370.0,372.0,379.0,391.0,443.0,445.0,468.0,507.0,513.0,542.0,547.0,576.0,618.0,621.0,631.0,648.0,649.0,678.0,680.0,688.0,706.0,707.0,709.0,730.0,757.0,777.0,784.0,791.0,810.0,859.0,862.0,895.0,951.0,951.0,
28.0,42.0,63.0,68.0,96.0,99.0,136.0,173.0,231.0,250.0,259.0,260.0,267.0,346.0,355.0,377.0,382.0,402.0,421.0,444.0,456.0,476.0,517.0,535.0,541.0,546.0,553.0,554.0,555.0,558.0,560.0,576.0,592.0,595.0,599.0,602.0,605.0,614.0,623.0,626.0,642.0,680.0,680.0,680.0,682.0,696.0,707.0,709.0,714.0,721.0,722.0,724.0,733.0,748.0,752.0,757.0,757.0,798.0,803.0,806.0,807.0,832.0,857.0,858.0,868.0,900.0,934.0,936.0,962.0,968.0,973.0,
18.0,69.0,73.0,78.0,102.0,112.0,131.0,141.0,240.0,272.0,288.0,293.0,434.0,439.0,443.0,509.0,518.0,527.0,532.0,537.0,545.0,551.0,551.0,560.0,571.0,576.0,580.0,581.0,584.0,588.0,589.0,590.0,592.0,595.0,603.0,608.0,614.0,618.0,623.0,625.0,630.0,634.0,648.0,661.0,688.0,693.0,699.0,740.0,759.0,760.0,783.0,799.0,834.0,835.0,841.0,858.0,862.0,866.0,869.0,874.0,881.0,895.0,918.0,930.0,936.0,936.0,945.0,957.0,964.0,975.0,994.0,
8.0,26.0,59.0,74.0,82.0,84.0,134.0,237.0,238.0,244.0,255.0,275.0,281.0,328.0,329.0,329.0,336.0,356.0,357.0,365.0,372.0,386.0,401.0,440.0,440.0,473.0,485.0,521.0,527.0,530.0,532.0,553.0,565.0,568.0,569.0,570.0,573.0,578.0,587.0,590.0,594.0,611.0,637.0,638.0,642.0,643.0,652.0,656.0,686.0,687.0,689.0,706.0,724.0,746.0,758.0,764.0,791.0,816.0,841.0,850.0,886.0,889.0,896.0,902.0,914.0,930.0,948.0,968.0,980.0,993.0,999.0,
35.0,89.0,121.0,128.0,165.0,178.0,187.0,200.0,236.0,340.0,343.0,379.0,385.0,421.0,422.0,423.0,434.0,442.0,452.0,454.0,462.0,483.0,508.0,521.0,539.0,539.0,542.0,543.0,566.0,566.0,569.0,581.0,609.0,618.0,625.0,637.0,654.0,716.0,724.0,761.0,779.0,809.0,823.0,825.0,844.0,926.0,948.0,980.0,
2.0,3.0,54.0,66.0,74.0,77.0,81.0,92.0,139.0,140.0,177.0,202.0,213.0,226.0,233.0,235.0,240.0,281.0,281.0,288.0,353.0,380.0,382.0,385.0,423.0,437.0,450.0,455.0,466.0,497.0,518.0,520.0,538.0,539.0,576.0,604.0,626.0,634.0,713.0,736.0,736.0,737.0,813.0,823.0,844.0,872.0,883.0,912.0,976.0,
16.0,21.0,30.0,66.0,69.0,96.0,97.0,169.0,177.0,186.0,221.0,234.0,239.0,246.0,249.0,259.0,270.0,277.0,290.0,330.0,342.0,351.0,356.0,381.0,459.0,481.0,484.0,540.0,553.0,576.0,620.0,646.0,657.0,662.0,686.0,690.0,730.0,734.0,761.0,762.0,803.0,824.0,861.0,931.0,955.0,
2.0,3.0,15.0,72.0,96.0,119.0,130.0,140.0,154.0,180.0,218.0,222.0,238.0,267.0,299.0,302.0,302.0,321.0,334.0,376.0,400.0,402.0,447.0,451.0,552.0,674.0,692.0,709.0,720.0,755.0,771.0,800.0,838.0,850.0,903.0,
25.0,40.0,53.0,186.0,198.0,201.0,239.0,249.0,309.0,322.0,358.0,362.0,414.0,493.0,502.0,528.0,532.0,566.0,590.0,619.0,624.0,625.0,653.0,680.0,704.0,742.0,754.0,762.0,838.0,840.0,906.0,911.0,937.0,950.0,966.0,
7.0,24.0,74.0,77.0,95.0,118.0,125.0,147.0,292.0,292.0,304.0,312.0,314.0,348.0,352.0,381.0,404.0,498.0,523.0,538.0,542.0,543.0,546.0,563.0,627.0,638.0,644.0,655.0,687.0,699.0,740.0,780.0,804.0,834.0,946.0,963.0,978.0,
4.0,37.0,67.0,73.0,110.0,111.0,123.0,190.0,199.0,215.0,268.0,316.0,346.0,347.0,366.0,370.0,376.0,407.0,408.0,408.0,413.0,454.0,495.0,503.0,523.0,523.0,565.0,575.0,576.0,594.0,596.0,604.0,609.0,655.0,673.0,825.0,835.0,910.0,982.0,998.0,
19.0,27.0,62.0,134.0,141.0,153.0,177.0,191.0,210.0,272.0,276.0,280.0,378.0,418.0,493.0,494.0,520.0,535.0,564.0,598.0,609.0,635.0,686.0,706.0,718.0,746.0,808.0,817.0,856.0,858.0,893.0,898.0,934.0,979.0,
30.0,53.0,70.0,113.0,150.0,162.0,194.0,202.0,229.0,268.0,288.0,339.0,354.0,356.0,407.0,413.0,422.0,455.0,547.0,675.0,680.0,681.0,699.0,764.0,768.0,800.0,845.0,872.0,901.0,941.0,
28.0,30.0,53.0,114.0,151.0,176.0,201.0,217.0,320.0,320.0,345.0,384.0,469.0,491.0,518.0,518.0,538.0,573.0,590.0,594.0,661.0,894.0,
15.0,35.0,134.0,152.0,159.0,176.0,191.0,246.0,261.0,268.0,307.0,308.0,316.0,336.0,350.0,383.0,385.0,421.0,444.0,475.0,507.0,507.0,535.0,546.0,548.0,570.0,585.0,600.0,605.0,619.0,624.0,708.0,733.0,743.0,772.0,889.0,899.0,920.0,925.0,978.0,980.0,
24.0,53.0,67.0,125.0,145.0,166.0,192.0,307.0,346.0,429.0,450.0,451.0,461.0,531.0,542.0,552.0,572.0,573.0,579.0,596.0,770.0,796.0,812.0,813.0,872.0,919.0,
3.0,12.0,18.0,57.0,117.0,120.0,127.0,145.0,175.0,180.0,268.0,283.0,284.0,329.0,364.0,392.0,406.0,440.0,457.0,468.0,493.0,513.0,546.0,573.0,629.0,640.0,653.0,664.0,694.0,728.0,764.0,791.0,805.0,822.0,893.0,945.0,945.0,951.0,984.0,985.0,992.0,
84.0,152.0,160.0,193.0,199.0,205.0,251.0,284.0,357.0,382.0,395.0,404.0,414.0,480.0,501.0,581.0,620.0,635.0,685.0,695.0,726.0,735.0,736.0,737.0,783.0,798.0,811.0,822.0,910.0,916.0,950.0,951.0,992.0,
33.0,71.0,167.0,175.0,228.0,243.0,261.0,310.0,316.0,360.0,380.0,404.0,419.0,424.0,464.0,486.0,492.0,502.0,505.0,545.0,562.0,607.0,656.0,662.0,663.0,726.0,754.0,804.0,876.0,901.0,935.0,
53.0,100.0,101.0,129.0,165.0,182.0,187.0,188.0,247.0,253.0,256.0,268.0,324.0,353.0,360.0,396.0,461.0,461.0,495.0,533.0,544.0,545.0,561.0,630.0,656.0,659.0,714.0,726.0,759.0,802.0,808.0,845.0,869.0,869.0,873.0,969.0,983.0,
35.0,78.0,115.0,135.0,143.0,168.0,168.0,173.0,174.0,216.0,227.0,237.0,244.0,297.0,329.0,348.0,423.0,425.0,438.0,447.0,532.0,552.0,568.0,591.0,595.0,595.0,631.0,652.0,666.0,685.0,713.0,727.0,753.0,794.0,838.0,875.0,887.0,944.0,993.0,995.0,
53.0,98.0,112.0,144.0,167.0,177.0,185.0,197.0,202.0,225.0,294.0,303.0,355.0,358.0,367.0,386.0,446.0,467.0,480.0,490.0,495.0,499.0,499.0,528.0,528.0,560.0,614.0,632.0,694.0,758.0,812.0,846.0,862.0,942.0,947.0,969.0,974.0,993.0,
50.0,69.0,71.0,104.0,128.0,139.0,204.0,238.0,241.0,242.0,282.0,302.0,382.0,465.0,465.0,469.0,484.0,523.0,560.0,566.0,566.0,593.0,614.0,627.0,658.0,703.0,735.0,781.0,797.0,811.0,815.0,818.0,891.0,908.0,936.0,992.0,
34.0,41.0,59.0,67.0,74.0,84.0,92.0,100.0,103.0,150.0,154.0,169.0,173.0,177.0,198.0,206.0,243.0,255.0,312.0,319.0,343.0,346.0,382.0,387.0,390.0,400.0,401.0,434.0,436.0,497.0,506.0,515.0,620.0,623.0,670.0,743.0,804.0,807.0,813.0,855.0,983.0,984.0,
73.0,95.0,101.0,169.0,179.0,191.0,205.0,210.0,213.0,221.0,271.0,278.0,309.0,346.0,380.0,446.0,456.0,574.0,604.0,619.0,643.0,659.0,672.0,681.0,716.0,725.0,740.0,757.0,823.0,831.0,841.0,847.0,855.0,875.0,882.0,899.0,927.0,929.0,931.0,964.0,
62.0,62.0,65.0,128.0,178.0,189.0,207.0,218.0,232.0,251.0,252.0,252.0,265.0,358.0,426.0,463.0,467.0,471.0,509.0,528.0,537.0,538.0,548.0,562.0,591.0,650.0,667.0,690.0,700.0,708.0,711.0,800.0,803.0,827.0,877.0,895.0,916.0,933.0,945.0,996.0,
60.0,61.0,82.0,136.0,144.0,170.0,182.0,198.0,215.0,222.0,229.0,337.0,369.0,372.0,401.0,403.0,442.0,504.0,524.0,613.0,636.0,649.0,679.0,705.0,714.0,769.0,815.0,815.0,877.0,889.0,919.0,963.0,965.0,970.0,
