45.0,47.0,70.0,140.0,148.0,183.0,188.0,196.0,215.0,248.0,257.0,259.0,333.0,345.0,357.0,386.0,399.0,431.0,432.0,442.0,464.0,511.0,540.0,571.0,602.0,613.0,617.0,658.0,666.0,667.0,683.0,687.0,698.0,727.0,773.0,787.0,803.0,819.0,896.0,899.0,907.0,941.0,949.0,957.0,969.0,1000.0,
60.0,74.0,79.0,155.0,203.0,251.0,278.0,287.0,297.0,312.0,346.0,356.0,381.0,382.0,458.0,506.0,526.0,548.0,559.0,565.0,579.0,689.0,690.0,696.0,764.0,802.0,835.0,866.0,874.0,898.0,900.0,903.0,907.0,927.0,979.0,
13.0,36.0,40.0,49.0,79.0,85.0,92.0,95.0,118.0,158.0,170.0,198.0,216.0,303.0,326.0,345.0,358.0,374.0,382.0,405.0,471.0,480.0,489.0,492.0,536.0,570.0,590.0,597.0,600.0,672.0,676.0,706.0,726.0,776.0,789.0,797.0,800.0,816.0,832.0,875.0,893.0,906.0,922.0,942.0,956.0,988.0,
11.0,15.0,29.0,56.0,149.0,189.0,251.0,255.0,280.0,299.0,311.0,317.0,327.0,348.0,366.0,433.0,435.0,548.0,561.0,567.0,602.0,629.0,669.0,685.0,690.0,711.0,739.0,788.0,804.0,850.0,865.0,875.0,887.0,890.0,894.0,914.0,942.0,
43.0,53.0,54.0,63.0,106.0,142.0,161.0,222.0,264.0,303.0,305.0,313.0,353.0,356.0,363.0,363.0,370.0,403.0,449.0,466.0,471.0,477.0,486.0,490.0,493.0,517.0,580.0,581.0,599.0,600.0,636.0,657.0,672.0,693.0,764.0,822.0,838.0,877.0,891.0,893.0,911.0,912.0,937.0,993.0,
46.0,57.0,83.0,118.0,132.0,140.0,189.0,190.0,204.0,204.0,270.0,315.0,319.0,374.0,381.0,413.0,483.0,533.0,552.0,564.0,565.0,574.0,597.0,714.0,737.0,749.0,749.0,762.0,776.0,786.0,816.0,832.0,842.0,852.0,862.0,867.0,892.0,913.0,954.0,
4.0,11.0,24.0,141.0,155.0,235.0,356.0,364.0,373.0,500.0,671.0,676.0,706.0,745.0,786.0,811.0,817.0,833.0,871.0,916.0,976.0,985.0,991.0,993.0,997.0,1000.0,
17.0,17.0,30.0,48.0,69.0,79.0,131.0,147.0,156.0,166.0,205.0,210.0,240.0,281.0,285.0,335.0,362.0,365.0,394.0,439.0,455.0,517.0,517.0,518.0,528.0,545.0,608.0,623.0,646.0,672.0,712.0,731.0,735.0,748.0,776.0,822.0,869.0,874.0,876.0,971.0,974.0,
2.0,31.0,50.0,69.0,80.0,133.0,136.0,177.0,188.0,240.0,277.0,331.0,381.0,436.0,451.0,456.0,458.0,509.0,510.0,517.0,524.0,525.0,555.0,556.0,592.0,599.0,601.0,608.0,610.0,617.0,618.0,660.0,661.0,718.0,730.0,741.0,756.0,770.0,776.0,872.0,917.0,939.0,974.0,982.0,995.0,
26.0,32.0,90.0,105.0,113.0,146.0,153.0,168.0,188.0,223.0,235.0,235.0,237.0,315.0,328.0,364.0,384.0,425.0,433.0,561.0,599.0,614.0,626.0,651.0,692.0,692.0,708.0,814.0,818.0,880.0,945.0,981.0,
27.0,50.0,61.0,63.0,66.0,72.0,102.0,132.0,158.0,254.0,298.0,321.0,322.0,357.0,385.0,391.0,393.0,400.0,428.0,428.0,448.0,493.0,518.0,521.0,523.0,603.0,641.0,688.0,790.0,796.0,852.0,858.0,885.0,921.0,930.0,937.0,940.0,944.0,977.0,978.0,
97.0,181.0,201.0,248.0,318.0,321.0,324.0,348.0,463.0,477.0,503.0,518.0,526.0,532.0,541.0,559.0,567.0,582.0,589.0,589.0,598.0,606.0,641.0,709.0,718.0,731.0,743.0,747.0,761.0,774.0,785.0,787.0,824.0,828.0,861.0,866.0,877.0,923.0,
19.0,82.0,103.0,171.0,181.0,204.0,220.0,238.0,243.0,263.0,273.0,281.0,342.0,353.0,384.0,398.0,451.0,474.0,526.0,529.0,562.0,576.0,601.0,611.0,650.0,699.0,711.0,715.0,744.0,835.0,852.0,854.0,919.0,
11.0,48.0,50.0,51.0,123.0,203.0,272.0,272.0,276.0,277.0,290.0,312.0,373.0,385.0,399.0,414.0,463.0,547.0,631.0,652.0,719.0,777.0,816.0,835.0,882.0,889.0,912.0,926.0,930.0,934.0,999.0,
21.0,48.0,58.0,96.0,104.0,105.0,119.0,152.0,183.0,184.0,188.0,214.0,238.0,287.0,331.0,368.0,412.0,414.0,454.0,491.0,537.0,558.0,562.0,574.0,613.0,653.0,668.0,676.0,712.0,724.0,741.0,744.0,749.0,765.0,775.0,791.0,795.0,853.0,859.0,939.0,964.0,
5.0,12.0,15.0,26.0,36.0,51.0,73.0,110.0,133.0,144.0,173.0,182.0,211.0,296.0,317.0,319.0,399.0,406.0,456.0,461.0,468.0,470.0,473.0,535.0,545.0,577.0,581.0,675.0,675.0,686.0,694.0,810.0,813.0,847.0,858.0,858.0,860.0,867.0,876.0,885.0,907.0,918.0,941.0,947.0,954.0,974.0,981.0,994.0,
9.0,9.0,63.0,65.0,73.0,127.0,133.0,163.0,163.0,167.0,185.0,193.0,217.0,231.0,244.0,256.0,301.0,361.0,369.0,381.0,403.0,505.0,575.0,589.0,654.0,727.0,760.0,772.0,800.0,830.0,862.0,880.0,887.0,976.0,
34.0,68.0,108.0,134.0,198.0,221.0,262.0,336.0,353.0,357.0,382.0,441.0,447.0,488.0,517.0,552.0,553.0,580.0,608.0,722.0,746.0,763.0,777.0,782.0,831.0,852.0,872.0,917.0,927.0,934.0,992.0,998.0,
4.0,102.0,127.0,136.0,167.0,169.0,283.0,379.0,417.0,421.0,423.0,472.0,485.0,529.0,544.0,586.0,614.0,648.0,663.0,705.0,736.0,770.0,788.0,800.0,844.0,877.0,902.0,911.0,982.0,
26.0,47.0,48.0,195.0,220.0,240.0,244.0,269.0,269.0,277.0,288.0,295.0,295.0,306.0,329.0,515.0,527.0,621.0,629.0,650.0,702.0,723.0,724.0,740.0,747.0,754.0,818.0,844.0,872.0,881.0,893.0,926.0,931.0,954.0,
22.0,22.0,52.0,157.0,167.0,168.0,182.0,206.0,207.0,213.0,227.0,233.0,275.0,281.0,316.0,329.0,346.0,376.0,439.0,442.0,481.0,489.0,537.0,547.0,554.0,568.0,575.0,584.0,599.0,608.0,610.0,643.0,686.0,734.0,828.0,855.0,858.0,887.0,906.0,922.0,924.0,945.0,950.0,953.0,967.0,982.0,
5.0,21.0,27.0,57.0,60.0,109.0,128.0,131.0,206.0,227.0,242.0,297.0,350.0,384.0,405.0,422.0,427.0,434.0,452.0,469.0,537.0,623.0,673.0,687.0,817.0,860.0,895.0,896.0,928.0,936.0,944.0,
48.0,62.0,105.0,134.0,142.0,150.0,156.0,194.0,212.0,248.0,273.0,318.0,343.0,364.0,403.0,425.0,431.0,431.0,434.0,467.0,557.0,568.0,577.0,619.0,629.0,632.0,663.0,713.0,715.0,765.0,775.0,776.0,831.0,858.0,863.0,941.0,950.0,976.0,988.0,
6.0,44.0,53.0,53.0,90.0,101.0,109.0,122.0,131.0,139.0,156.0,213.0,218.0,218.0,277.0,283.0,316.0,336.0,353.0,353.0,385.0,408.0,438.0,452.0,489.0,547.0,548.0,550.0,567.0,611.0,615.0,655.0,665.0,679.0,690.0,719.0,771.0,862.0,904.0,936.0,958.0,962.0,
43.0,44.0,60.0,97.0,107.0,108.0,167.0,169.0,179.0,181.0,211.0,227.0,236.0,256.0,259.0,311.0,319.0,438.0,442.0,446.0,475.0,549.0,570.0,611.0,619.0,688.0,695.0,706.0,721.0,774.0,805.0,821.0,872.0,899.0,904.0,919.0,956.0,985.0,988.0,
52.0,152.0,162.0,166.0,194.0,200.0,213.0,261.0,277.0,301.0,308.0,337.0,341.0,343.0,359.0,449.0,453.0,512.0,532.0,533.0,562.0,567.0,623.0,769.0,808.0,835.0,871.0,921.0,972.0,978.0,
22.0,27.0,69.0,150.0,169.0,174.0,205.0,246.0,276.0,296.0,344.0,351.0,397.0,404.0,438.0,441.0,478.0,503.0,509.0,521.0,527.0,555.0,583.0,669.0,854.0,891.0,894.0,996.0,
8.0,24.0,83.0,103.0,104.0,122.0,127.0,178.0,222.0,232.0,246.0,264.0,272.0,337.0,368.0,381.0,382.0,398.0,421.0,430.0,444.0,444.0,469.0,510.0,532.0,697.0,770.0,813.0,894.0,915.0,940.0,975.0,997.0,
72.0,119.0,178.0,215.0,242.0,257.0,289.0,316.0,356.0,369.0,384.0,413.0,418.0,480.0,511.0,516.0,548.0,555.0,563.0,565.0,603.0,607.0,610.0,618.0,632.0,645.0,646.0,675.0,680.0,698.0,746.0,774.0,780.0,815.0,819.0,887.0,896.0,904.0,935.0,943.0,
66.0,138.0,180.0,352.0,412.0,416.0,441.0,442.0,447.0,464.0,501.0,525.0,552.0,578.0,584.0,594.0,629.0,666.0,715.0,723.0,762.0,770.0,853.0,913.0,
9.0,42.0,52.0,91.0,130.0,138.0,148.0,172.0,193.0,220.0,285.0,295.0,394.0,394.0,414.0,427.0,430.0,457.0,470.0,478.0,550.0,578.0,615.0,616.0,639.0,649.0,687.0,693.0,714.0,733.0,760.0,834.0,860.0,904.0,925.0,969.0,988.0,991.0,
12.0,26.0,70.0,133.0,235.0,247.0,252.0,312.0,312.0,319.0,322.0,343.0,380.0,539.0,569.0,571.0,640.0,645.0,697.0,736.0,754.0,762.0,789.0,790.0,807.0,826.0,859.0,887.0,895.0,965.0,992.0,993.0,
20.0,27.0,44.0,46.0,217.0,235.0,286.0,295.0,337.0,355.0,366.0,392.0,402.0,427.0,450.0,454.0,458.0,464.0,534.0,539.0,542.0,543.0,571.0,597.0,607.0,652.0,692.0,699.0,766.0,804.0,805.0,811.0,886.0,936.0,955.0,977.0,
105.0,115.0,235.0,274.0,337.0,360.0,380.0,465.0,476.0,489.0,490.0,511.0,516.0,534.0,539.0,543.0,553.0,560.0,562.0,583.0,586.0,587.0,601.0,621.0,632.0,757.0,774.0,787.0,808.0,829.0,844.0,866.0,877.0,892.0,928.0,944.0,
35.0,59.0,113.0,141.0,152.0,203.0,343.0,370.0,446.0,461.0,519.0,520.0,523.0,524.0,536.0,544.0,565.0,565.0,568.0,569.0,583.0,583.0,584.0,597.0,599.0,620.0,621.0,627.0,651.0,659.0,666.0,670.0,674.0,675.0,679.0,690.0,703.0,709.0,722.0,723.0,736.0,742.0,755.0,774.0,822.0,849.0,851.0,856.0,859.0,867.0,875.0,888.0,892.0,910.0,916.0,926.0,964.0,
53.0,143.0,163.0,170.0,184.0,198.0,218.0,268.0,275.0,279.0,341.0,369.0,388.0,414.0,421.0,424.0,427.0,429.0,457.0,457.0,464.0,465.0,478.0,515.0,519.0,522.0,526.0,529.0,530.0,530.0,532.0,534.0,539.0,548.0,551.0,552.0,557.0,557.0,561.0,564.0,567.0,585.0,590.0,597.0,597.0,612.0,615.0,646.0,654.0,659.0,672.0,682.0,716.0,729.0,739.0,766.0,782.0,793.0,821.0,824.0,834.0,855.0,857.0,871.0,879.0,892.0,923.0,930.0,962.0,969.0,971.0,
20.0,25.0,26.0,34.0,45.0,69.0,159.0,223.0,252.0,284.0,284.0,298.0,318.0,320.0,352.0,383.0,387.0,432.0,527.0,527.0,541.0,542.0,547.0,552.0,556.0,561.0,564.0,570.0,570.0,577.0,591.0,594.0,597.0,599.0,610.0,611.0,646.0,659.0,668.0,674.0,674.0,694.0,700.0,708.0,712.0,731.0,731.0,740.0,749.0,762.0,785.0,787.0,810.0,842.0,854.0,866.0,867.0,871.0,885.0,896.0,902.0,906.0,930.0,934.0,937.0,947.0,969.0,977.0,980.0,992.0,992.0,997.0,1000.0,
186.0,189.0,201.0,254.0,319.0,325.0,329.0,337.0,383.0,442.0,445.0,497.0,530.0,540.0,544.0,551.0,558.0,568.0,578.0,636.0,660.0,679.0,690.0,701.0,744.0,837.0,854.0,877.0,905.0,944.0,945.0,954.0,959.0,968.0,1000.0,
30.0,82.0,87.0,102.0,114.0,130.0,158.0,160.0,176.0,197.0,263.0,291.0,295.0,341.0,363.0,369.0,370.0,376.0,378.0,422.0,456.0,507.0,533.0,534.0,559.0,682.0,702.0,713.0,751.0,793.0,803.0,888.0,
8.0,38.0,108.0,128.0,130.0,221.0,238.0,294.0,329.0,336.0,352.0,390.0,434.0,439.0,498.0,552.0,557.0,564.0,611.0,658.0,659.0,749.0,776.0,823.0,834.0,878.0,890.0,904.0,
6.0,28.0,29.0,48.0,107.0,143.0,152.0,204.0,263.0,278.0,281.0,337.0,363.0,388.0,443.0,444.0,505.0,526.0,634.0,646.0,663.0,668.0,669.0,686.0,689.0,738.0,763.0,788.0,792.0,814.0,847.0,884.0,926.0,930.0,958.0,961.0,984.0,
18.0,32.0,47.0,56.0,57.0,74.0,83.0,103.0,126.0,171.0,193.0,193.0,282.0,311.0,523.0,549.0,653.0,726.0,738.0,738.0,743.0,802.0,838.0,845.0,890.0,903.0,912.0,925.0,932.0,
25.0,71.0,86.0,98.0,104.0,110.0,129.0,152.0,153.0,169.0,207.0,209.0,214.0,246.0,356.0,386.0,394.0,475.0,488.0,510.0,518.0,573.0,608.0,635.0,659.0,717.0,754.0,787.0,795.0,824.0,892.0,927.0,998.0,
78.0,117.0,127.0,219.0,246.0,275.0,315.0,354.0,366.0,399.0,462.0,467.0,513.0,525.0,534.0,540.0,542.0,544.0,554.0,560.0,562.0,590.0,592.0,593.0,598.0,605.0,632.0,634.0,637.0,648.0,654.0,660.0,661.0,667.0,674.0,684.0,723.0,725.0,747.0,748.0,786.0,789.0,806.0,819.0,850.0,873.0,887.0,901.0,903.0,908.0,982.0,982.0,
40.0,216.0,233.0,239.0,246.0,281.0,293.0,311.0,340.0,409.0,426.0,459.0,472.0,497.0,526.0,526.0,533.0,534.0,536.0,539.0,547.0,548.0,571.0,576.0,577.0,578.0,584.0,585.0,620.0,622.0,623.0,632.0,640.0,640.0,649.0,655.0,657.0,662.0,672.0,685.0,689.0,689.0,703.0,722.0,727.0,728.0,740.0,746.0,753.0,764.0,772.0,781.0,785.0,788.0,804.0,805.0,805.0,818.0,824.0,829.0,833.0,835.0,840.0,878.0,908.0,915.0,917.0,921.0,941.0,965.0,967.0,974.0,998.0,999.0,
25.0,34.0,36.0,36.0,68.0,101.0,108.0,196.0,235.0,258.0,285.0,344.0,398.0,402.0,418.0,449.0,449.0,459.0,466.0,475.0,497.0,512.0,513.0,533.0,544.0,545.0,551.0,553.0,556.0,561.0,562.0,569.0,572.0,578.0,579.0,580.0,583.0,608.0,612.0,613.0,617.0,621.0,624.0,644.0,653.0,654.0,671.0,685.0,690.0,692.0,697.0,716.0,721.0,742.0,766.0,814.0,818.0,823.0,825.0,846.0,854.0,875.0,879.0,890.0,906.0,934.0,951.0,967.0,
25.0,48.0,85.0,111.0,132.0,156.0,211.0,219.0,233.0,295.0,299.0,332.0,342.0,373.0,389.0,410.0,425.0,461.0,514.0,514.0,523.0,529.0,543.0,543.0,552.0,556.0,560.0,569.0,570.0,578.0,605.0,612.0,646.0,664.0,677.0,684.0,688.0,697.0,702.0,709.0,753.0,757.0,764.0,766.0,792.0,793.0,813.0,815.0,819.0,823.0,839.0,844.0,872.0,883.0,912.0,914.0,921.0,923.0,954.0,997.0,
27.0,35.0,62.0,75.0,154.0,178.0,183.0,274.0,307.0,338.0,343.0,376.0,397.0,435.0,453.0,527.0,531.0,546.0,547.0,560.0,561.0,564.0,569.0,573.0,575.0,581.0,581.0,603.0,609.0,626.0,628.0,640.0,648.0,649.0,650.0,653.0,656.0,662.0,673.0,682.0,686.0,698.0,699.0,718.0,776.0,780.0,805.0,820.0,835.0,853.0,869.0,869.0,870.0,887.0,891.0,899.0,902.0,910.0,913.0,922.0,923.0,939.0,944.0,947.0,978.0,979.0,
41.0,52.0,80.0,115.0,125.0,166.0,178.0,180.0,260.0,330.0,332.0,348.0,363.0,368.0,466.0,468.0,496.0,497.0,505.0,520.0,530.0,533.0,579.0,599.0,631.0,635.0,739.0,849.0,907.0,
27.0,36.0,57.0,108.0,217.0,245.0,313.0,328.0,343.0,394.0,420.0,479.0,486.0,486.0,494.0,553.0,570.0,605.0,645.0,647.0,689.0,693.0,754.0,755.0,856.0,867.0,869.0,894.0,994.0,
40.0,42.0,50.0,86.0,99.0,136.0,154.0,179.0,180.0,203.0,224.0,225.0,246.0,253.0,275.0,367.0,378.0,411.0,505.0,512.0,523.0,542.0,613.0,647.0,663.0,710.0,734.0,752.0,759.0,760.0,794.0,858.0,877.0,883.0,903.0,914.0,915.0,917.0,935.0,942.0,969.0,
22.0,27.0,37.0,143.0,154.0,157.0,180.0,217.0,255.0,258.0,266.0,287.0,304.0,315.0,349.0,376.0,411.0,413.0,424.0,430.0,450.0,534.0,535.0,701.0,710.0,730.0,751.0,777.0,837.0,867.0,880.0,932.0,950.0,
24.0,53.0,80.0,106.0,117.0,251.0,258.0,265.0,276.0,313.0,324.0,328.0,413.0,428.0,444.0,451.0,454.0,471.0,521.0,542.0,549.0,551.0,553.0,571.0,572.0,595.0,637.0,739.0,935.0,
56.0,88.0,103.0,103.0,133.0,154.0,197.0,235.0,253.0,369.0,385.0,385.0,427.0,431.0,465.0,501.0,511.0,513.0,527.0,535.0,536.0,537.0,540.0,546.0,548.0,554.0,558.0,560.0,562.0,573.0,576.0,579.0,583.0,592.0,596.0,604.0,609.0,610.0,618.0,618.0,618.0,644.0,650.0,669.0,673.0,700.0,702.0,705.0,706.0,711.0,711.0,727.0,733.0,737.0,746.0,771.0,778.0,795.0,829.0,845.0,879.0,894.0,930.0,939.0,943.0,949.0,953.0,956.0,959.0,962.0,964.0,988.0,
86.0,97.0,130.0,142.0,145.0,180.0,197.0,213.0,242.0,246.0,264.0,281.0,323.0,326.0,393.0,405.0,413.0,443.0,470.0,527.0,530.0,534.0,535.0,535.0,537.0,541.0,542.0,545.0,546.0,555.0,575.0,575.0,583.0,586.0,591.0,598.0,620.0,626.0,635.0,641.0,643.0,645.0,646.0,659.0,692.0,695.0,702.0,715.0,722.0,752.0,757.0,772.0,780.0,780.0,786.0,786.0,788.0,790.0,803.0,809.0,809.0,830.0,837.0,845.0,850.0,852.0,855.0,874.0,880.0,884.0,884.0,887.0,890.0,915.0,930.0,
12.0,92.0,95.0,145.0,197.0,218.0,240.0,247.0,282.0,292.0,296.0,320.0,351.0,383.0,415.0,438.0,440.0,461.0,489.0,521.0,527.0,529.0,531.0,545.0,545.0,550.0,552.0,557.0,562.0,569.0,570.0,577.0,584.0,587.0,588.0,655.0,657.0,664.0,668.0,672.0,674.0,687.0,694.0,697.0,700.0,702.0,746.0,765.0,767.0,779.0,782.0,786.0,789.0,791.0,809.0,818.0,847.0,886.0,959.0,990.0,
57.0,84.0,105.0,124.0,153.0,227.0,262.0,333.0,352.0,369.0,384.0,430.0,447.0,473.0,494.0,514.0,516.0,517.0,527.0,532.0,533.0,541.0,543.0,547.0,557.0,559.0,560.0,561.0,572.0,573.0,576.0,583.0,587.0,593.0,601.0,605.0,608.0,614.0,618.0,619.0,619.0,621.0,647.0,676.0,690.0,692.0,725.0,730.0,744.0,751.0,778.0,780.0,787.0,856.0,857.0,875.0,879.0,881.0,900.0,962.0,968.0,985.0,986.0,994.0,
21.0,27.0,69.0,74.0,76.0,92.0,117.0,135.0,151.0,166.0,181.0,196.0,222.0,326.0,351.0,362.0,395.0,414.0,425.0,453.0,497.0,520.0,526.0,527.0,534.0,535.0,541.0,552.0,557.0,561.0,564.0,569.0,569.0,600.0,622.0,625.0,633.0,644.0,645.0,655.0,664.0,664.0,683.0,693.0,711.0,746.0,767.0,770.0,780.0,795.0,810.0,833.0,844.0,849.0,866.0,877.0,896.0,896.0,907.0,929.0,930.0,938.0,964.0,969.0,974.0,976.0,
35.0,46.0,64.0,74.0,83.0,112.0,159.0,187.0,301.0,372.0,389.0,407.0,430.0,433.0,452.0,455.0,503.0,510.0,511.0,530.0,556.0,576.0,579.0,606.0,672.0,678.0,679.0,685.0,758.0,760.0,766.0,802.0,843.0,846.0,908.0,914.0,
12.0,31.0,58.0,78.0,92.0,118.0,150.0,191.0,240.0,250.0,269.0,335.0,349.0,357.0,367.0,393.0,461.0,467.0,491.0,496.0,515.0,540.0,546.0,641.0,646.0,697.0,700.0,749.0,895.0,896.0,911.0,930.0,937.0,968.0,988.0,
7.0,31.0,54.0,70.0,79.0,92.0,163.0,230.0,240.0,241.0,257.0,323.0,405.0,445.0,451.0,471.0,515.0,522.0,541.0,569.0,578.0,614.0,627.0,649.0,655.0,730.0,740.0,759.0,766.0,787.0,803.0,834.0,887.0,902.0,938.0,993.0,
16.0,44.0,54.0,70.0,91.0,97.0,107.0,151.0,160.0,160.0,175.0,198.0,250.0,273.0,291.0,293.0,319.0,364.0,380.0,454.0,460.0,487.0,521.0,563.0,577.0,580.0,588.0,695.0,709.0,736.0,754.0,805.0,836.0,873.0,884.0,902.0,903.0,903.0,909.0,914.0,930.0,999.0,
42.0,45.0,113.0,145.0,156.0,206.0,268.0,279.0,332.0,341.0,381.0,404.0,424.0,437.0,459.0,475.0,478.0,489.0,564.0,656.0,666.0,752.0,754.0,772.0,795.0,833.0,865.0,909.0,
39.0,86.0,86.0,104.0,108.0,126.0,159.0,174.0,181.0,206.0,240.0,248.0,266.0,267.0,272.0,281.0,344.0,363.0,409.0,416.0,417.0,423.0,476.0,489.0,518.0,520.0,522.0,531.0,539.0,541.0,543.0,549.0,550.0,560.0,568.0,568.0,572.0,577.0,578.0,583.0,584.0,588.0,600.0,614.0,625.0,629.0,629.0,633.0,673.0,690.0,742.0,749.0,754.0,760.0,768.0,782.0,783.0,792.0,845.0,847.0,884.0,905.0,916.0,922.0,926.0,943.0,955.0,966.0,999.0,
11.0,22.0,104.0,128.0,131.0,131.0,165.0,293.0,314.0,322.0,334.0,337.0,420.0,439.0,513.0,522.0,525.0,526.0,540.0,546.0,558.0,577.0,579.0,583.0,583.0,585.0,585.0,586.0,603.0,606.0,615.0,618.0,620.0,621.0,622.0,641.0,644.0,661.0,669.0,693.0,699.0,700.0,701.0,740.0,743.0,765.0,793.0,793.0,808.0,842.0,864.0,870.0,872.0,874.0,881.0,919.0,927.0,958.0,961.0,992.0,
15.0,75.0,79.0,114.0,164.0,218.0,229.0,242.0,256.0,260.0,370.0,370.0,389.0,425.0,431.0,451.0,465.0,508.0,510.0,520.0,523.0,524.0,527.0,534.0,544.0,550.0,551.0,555.0,555.0,557.0,559.0,573.0,599.0,602.0,602.0,607.0,616.0,626.0,630.0,686.0,690.0,714.0,737.0,750.0,782.0,802.0,823.0,827.0,828.0,841.0,861.0,864.0,866.0,866.0,879.0,895.0,949.0,955.0,972.0,987.0,992.0,
3.0,14.0,33.0,66.0,128.0,148.0,188.0,257.0,282.0,322.0,365.0,368.0,382.0,383.0,383.0,397.0,403.0,408.0,497.0,532.0,547.0,553.0,554.0,554.0,556.0,558.0,562.0,584.0,586.0,588.0,594.0,612.0,619.0,620.0,621.0,632.0,639.0,650.0,661.0,680.0,711.0,715.0,725.0,752.0,757.0,769.0,775.0,809.0,818.0,827.0,830.0,837.0,846.0,853.0,855.0,874.0,895.0,898.0,923.0,932.0,948.0,959.0,972.0,975.0,1000.0,
7.0,28.0,67.0,76.0,82.0,94.0,119.0,155.0,159.0,173.0,186.0,193.0,240.0,257.0,291.0,326.0,357.0,364.0,389.0,401.0,458.0,495.0,506.0,513.0,521.0,528.0,538.0,548.0,550.0,553.0,554.0,554.0,557.0,563.0,567.0,567.0,569.0,572.0,585.0,589.0,593.0,599.0,622.0,625.0,632.0,633.0,658.0,678.0,683.0,686.0,703.0,716.0,761.0,790.0,791.0,806.0,806.0,816.0,816.0,825.0,833.0,861.0,869.0,872.0,876.0,883.0,903.0,922.0,933.0,937.0,941.0,971.0,974.0,988.0,990.0,995.0,
87.0,123.0,145.0,156.0,164.0,174.0,179.0,201.0,216.0,258.0,293.0,296.0,302.0,303.0,323.0,352.0,353.0,357.0,397.0,428.0,461.0,470.0,471.0,513.0,529.0,552.0,554.0,581.0,629.0,715.0,716.0,717.0,725.0,750.0,772.0,793.0,931.0,
10.0,21.0,68.0,99.0,141.0,156.0,231.0,260.0,284.0,294.0,427.0,477.0,505.0,538.0,540.0,551.0,646.0,655.0,667.0,687.0,811.0,854.0,857.0,911.0,924.0,
80.0,90.0,107.0,115.0,144.0,214.0,215.0,219.0,314.0,380.0,411.0,480.0,489.0,493.0,494.0,503.0,524.0,535.0,535.0,633.0,638.0,664.0,670.0,676.0,703.0,735.0,744.0,809.0,958.0,974.0,
10.0,17.0,26.0,34.0,121.0,149.0,171.0,206.0,231.0,246.0,251.0,315.0,371.0,372.0,465.0,484.0,506.0,568.0,583.0,649.0,666.0,701.0,703.0,715.0,755.0,777.0,805.0,843.0,867.0,921.0,922.0,929.0,977.0,
19.0,111.0,149.0,167.0,173.0,209.0,245.0,265.0,277.0,327.0,348.0,360.0,426.0,429.0,437.0,464.0,484.0,486.0,487.0,493.0,526.0,536.0,621.0,650.0,657.0,669.0,680.0,697.0,701.0,834.0,847.0,995.0,
41.0,48.0,56.0,60.0,62.0,106.0,175.0,261.0,271.0,278.0,292.0,315.0,328.0,369.0,438.0,439.0,455.0,515.0,517.0,531.0,534.0,536.0,539.0,541.0,577.0,581.0,606.0,607.0,610.0,620.0,633.0,660.0,662.0,747.0,759.0,829.0,830.0,897.0,913.0,917.0,951.0,955.0,969.0,
6.0,8.0,20.0,48.0,69.0,197.0,244.0,266.0,267.0,315.0,317.0,331.0,353.0,358.0,382.0,396.0,418.0,422.0,439.0,467.0,474.0,492.0,534.0,536.0,544.0,544.0,546.0,549.0,560.0,560.0,576.0,588.0,596.0,604.0,617.0,622.0,631.0,631.0,635.0,636.0,640.0,646.0,651.0,662.0,669.0,683.0,703.0,703.0,743.0,751.0,754.0,758.0,776.0,816.0,817.0,831.0,901.0,921.0,928.0,941.0,985.0,985.0,
4.0,6.0,36.0,62.0,75.0,185.0,201.0,269.0,300.0,429.0,434.0,483.0,512.0,528.0,529.0,531.0,532.0,536.0,541.0,542.0,556.0,565.0,568.0,569.0,576.0,580.0,583.0,584.0,587.0,589.0,595.0,595.0,601.0,612.0,614.0,620.0,627.0,628.0,629.0,637.0,652.0,661.0,663.0,667.0,667.0,711.0,720.0,721.0,729.0,730.0,756.0,765.0,771.0,792.0,811.0,813.0,814.0,828.0,844.0,852.0,876.0,880.0,893.0,904.0,917.0,940.0,945.0,946.0,962.0,974.0,983.0,995.0,
18.0,19.0,84.0,97.0,104.0,105.0,140.0,168.0,189.0,236.0,244.0,269.0,287.0,308.0,322.0,323.0,420.0,494.0,510.0,510.0,520.0,536.0,538.0,539.0,546.0,550.0,551.0,557.0,559.0,560.0,560.0,560.0,571.0,572.0,582.0,589.0,591.0,603.0,605.0,606.0,618.0,621.0,635.0,639.0,644.0,644.0,658.0,673.0,673.0,675.0,702.0,752.0,756.0,767.0,772.0,796.0,808.0,828.0,835.0,851.0,857.0,870.0,871.0,880.0,902.0,910.0,927.0,947.0,947.0,968.0,
36.0,74.0,95.0,109.0,120.0,219.0,231.0,234.0,292.0,300.0,373.0,385.0,424.0,435.0,475.0,481.0,508.0,511.0,527.0,534.0,554.0,565.0,617.0,644.0,648.0,653.0,703.0,714.0,761.0,781.0,787.0,832.0,860.0,933.0,935.0,960.0,978.0,
38.0,97.0,100.0,119.0,181.0,244.0,292.0,295.0,354.0,374.0,387.0,493.0,508.0,512.0,518.0,578.0,586.0,614.0,624.0,671.0,681.0,706.0,762.0,813.0,819.0,871.0,880.0,905.0,912.0,999.0,
37.0,65.0,66.0,78.0,88.0,91.0,100.0,132.0,189.0,198.0,232.0,232.0,278.0,381.0,401.0,410.0,447.0,454.0,481.0,481.0,482.0,514.0,541.0,567.0,573.0,576.0,584.0,630.0,633.0,659.0,677.0,689.0,742.0,843.0,878.0,881.0,886.0,930.0,965.0,983.0,995.0,
24.0,55.0,76.0,110.0,120.0,137.0,147.0,176.0,240.0,242.0,248.0,258.0,268.0,343.0,360.0,383.0,387.0,403.0,413.0,416.0,419.0,451.0,454.0,474.0,505.0,567.0,574.0,586.0,641.0,697.0,702.0,722.0,731.0,731.0,735.0,741.0,800.0,809.0,817.0,858.0,907.0,922.0,924.0,932.0,991.0,
15.0,29.0,60.0,92.0,114.0,136.0,161.0,193.0,229.0,252.0,264.0,297.0,324.0,354.0,380.0,388.0,418.0,434.0,483.0,619.0,621.0,625.0,652.0,698.0,725.0,752.0,773.0,776.0,795.0,851.0,883.0,955.0,973.0,997.0,
31.0,48.0,59.0,71.0,75.0,91.0,150.0,161.0,177.0,186.0,214.0,258.0,285.0,293.0,381.0,435.0,466.0,516.0,576.0,607.0,610.0,644.0,645.0,672.0,688.0,710.0,716.0,782.0,819.0,954.0,963.0,964.0,983.0,
37.0,63.0,71.0,74.0,76.0,114.0,133.0,181.0,246.0,249.0,250.0,260.0,316.0,357.0,369.0,385.0,500.0,525.0,562.0,581.0,594.0,702.0,704.0,730.0,786.0,808.0,841.0,846.0,917.0,977.0,
25.0,44.0,86.0,135.0,149.0,160.0,254.0,260.0,276.0,277.0,363.0,394.0,473.0,502.0,515.0,564.0,591.0,649.0,652.0,674.0,681.0,704.0,755.0,772.0,831.0,877.0,892.0,988.0,
11.0,53.0,102.0,138.0,151.0,182.0,183.0,244.0,301.0,348.0,350.0,357.0,361.0,431.0,441.0,482.0,494.0,501.0,506.0,575.0,597.0,601.0,664.0,688.0,765.0,766.0,782.0,793.0,818.0,860.0,931.0,977.0,1000.0,
14.0,35.0,44.0,62.0,98.0,156.0,169.0,169.0,181.0,236.0,289.0,292.0,397.0,428.0,447.0,470.0,484.0,485.0,494.0,520.0,525.0,528.0,531.0,534.0,555.0,568.0,570.0,576.0,638.0,705.0,713.0,732.0,805.0,809.0,813.0,849.0,871.0,974.0,
21.0,82.0,92.0,116.0,154.0,161.0,193.0,208.0,370.0,375.0,379.0,387.0,422.0,448.0,478.0,674.0,703.0,719.0,741.0,751.0,917.0,923.0,925.0,961.0,982.0,
60.0,66.0,76.0,79.0,105.0,132.0,140.0,167.0,218.0,230.0,269.0,291.0,317.0,348.0,352.0,352.0,362.0,395.0,405.0,438.0,460.0,514.0,538.0,547.0,567.0,596.0,626.0,747.0,757.0,766.0,776.0,786.0,787.0,835.0,891.0,919.0,937.0,952.0,974.0,980.0,
71.0,122.0,124.0,151.0,172.0,173.0,206.0,256.0,319.0,333.0,379.0,383.0,394.0,451.0,470.0,513.0,519.0,574.0,608.0,628.0,716.0,740.0,823.0,842.0,853.0,871.0,911.0,948.0,948.0,959.0,982.0,983.0,994.0,
24.0,58.0,88.0,131.0,141.0,141.0,154.0,190.0,200.0,235.0,249.0,265.0,277.0,313.0,319.0,323.0,396.0,403.0,429.0,505.0,513.0,520.0,550.0,559.0,582.0,614.0,637.0,754.0,772.0,823.0,848.0,961.0,971.0,
8.0,11.0,30.0,62.0,70.0,149.0,151.0,163.0,196.0,210.0,222.0,257.0,362.0,372.0,399.0,404.0,430.0,445.0,457.0,507.0,517.0,542.0,545.0,562.0,566.0,592.0,597.0,706.0,784.0,798.0,833.0,892.0,920.0,944.0,
41.0,42.0,51.0,52.0,70.0,178.0,305.0,308.0,400.0,527.0,528.0,532.0,555.0,572.0,598.0,632.0,643.0,682.0,758.0,775.0,776.0,826.0,885.0,902.0,908.0,910.0,914.0,922.0,932.0,957.0,966.0,
148.0,155.0,159.0,168.0,199.0,274.0,277.0,399.0,404.0,475.0,478.0,512.0,544.0,558.0,558.0,583.0,588.0,597.0,604.0,613.0,682.0,687.0,708.0,713.0,720.0,733.0,774.0,862.0,917.0,932.0,997.0,
15.0,39.0,85.0,100.0,105.0,132.0,145.0,151.0,154.0,169.0,191.0,280.0,288.0,308.0,314.0,321.0,329.0,477.0,496.0,626.0,631.0,639.0,671.0,688.0,711.0,727.0,729.0,764.0,818.0,849.0,857.0,858.0,901.0,995.0,
12.0,19.0,23.0,24.0,55.0,59.0,88.0,101.0,146.0,204.0,205.0,225.0,245.0,284.0,337.0,351.0,356.0,394.0,440.0,460.0,524.0,631.0,633.0,700.0,703.0,709.0,926.0,946.0,
32.0,38.0,159.0,163.0,264.0,328.0,332.0,346.0,426.0,442.0,455.0,534.0,539.0,554.0,577.0,594.0,595.0,610.0,659.0,666.0,691.0,695.0,711.0,719.0,749.0,766.0,767.0,812.0,836.0,857.0,864.0,866.0,909.0,916.0,925.0,942.0,964.0,999.0,
2.0,10.0,24.0,38.0,42.0,60.0,97.0,121.0,150.0,156.0,199.0,211.0,212.0,225.0,225.0,275.0,310.0,339.0,364.0,365.0,458.0,490.0,523.0,537.0,587.0,603.0,609.0,623.0,679.0,681.0,687.0,694.0,717.0,830.0,839.0,849.0,862.0,893.0,911.0,928.0,945.0,955.0,977.0,985.0,
113.0,138.0,269.0,324.0,338.0,351.0,355.0,372.0,379.0,424.0,453.0,471.0,479.0,481.0,535.0,544.0,559.0,572.0,572.0,580.0,585.0,588.0,657.0,685.0,766.0,780.0,887.0,890.0,960.0,
27.0,59.0,64.0,103.0,209.0,233.0,283.0,285.0,359.0,420.0,431.0,462.0,479.0,540.0,565.0,627.0,634.0,658.0,723.0,740.0,788.0,797.0,808.0,847.0,959.0,976.0,990.0,
