16.0,127.0,142.0,152.0,165.0,216.0,289.0,300.0,311.0,313.0,336.0,419.0,483.0,496.0,525.0,533.0,541.0,546.0,546.0,552.0,604.0,629.0,634.0,635.0,687.0,756.0,758.0,761.0,816.0,835.0,842.0,851.0,854.0,854.0,903.0,915.0,945.0,962.0,991.0,
9.0,25.0,61.0,107.0,193.0,202.0,207.0,218.0,222.0,266.0,277.0,292.0,300.0,301.0,379.0,494.0,551.0,645.0,669.0,726.0,730.0,741.0,752.0,798.0,811.0,815.0,825.0,890.0,906.0,
93.0,182.0,201.0,215.0,242.0,304.0,327.0,336.0,450.0,585.0,598.0,609.0,618.0,627.0,659.0,665.0,710.0,752.0,753.0,787.0,795.0,842.0,869.0,965.0,
14.0,43.0,52.0,80.0,81.0,98.0,144.0,146.0,156.0,157.0,161.0,193.0,196.0,199.0,241.0,326.0,327.0,356.0,367.0,401.0,421.0,455.0,468.0,516.0,578.0,593.0,597.0,598.0,605.0,634.0,662.0,669.0,674.0,716.0,721.0,774.0,817.0,822.0,833.0,836.0,853.0,888.0,965.0,990.0,
23.0,24.0,27.0,43.0,60.0,65.0,66.0,103.0,108.0,220.0,247.0,302.0,303.0,332.0,349.0,425.0,433.0,525.0,537.0,544.0,565.0,576.0,591.0,612.0,692.0,743.0,761.0,775.0,797.0,835.0,835.0,850.0,867.0,871.0,936.0,
47.0,59.0,71.0,83.0,135.0,146.0,148.0,149.0,171.0,205.0,242.0,262.0,281.0,335.0,350.0,359.0,399.0,408.0,425.0,426.0,453.0,509.0,518.0,533.0,549.0,566.0,571.0,597.0,618.0,635.0,661.0,674.0,773.0,855.0,895.0,921.0,971.0,
3.0,66.0,137.0,145.0,232.0,241.0,251.0,253.0,303.0,383.0,398.0,401.0,415.0,415.0,416.0,429.0,454.0,462.0,496.0,500.0,524.0,525.0,533.0,610.0,638.0,658.0,675.0,688.0,702.0,717.0,777.0,865.0,883.0,902.0,934.0,943.0,963.0,983.0,990.0,
46.0,66.0,113.0,114.0,116.0,129.0,151.0,157.0,187.0,223.0,226.0,235.0,289.0,320.0,341.0,364.0,368.0,430.0,461.0,480.0,545.0,574.0,591.0,593.0,594.0,613.0,631.0,778.0,798.0,865.0,902.0,965.0,998.0,
6.0,29.0,50.0,58.0,70.0,102.0,105.0,121.0,124.0,128.0,129.0,173.0,189.0,208.0,210.0,234.0,303.0,319.0,382.0,394.0,428.0,460.0,540.0,552.0,564.0,592.0,628.0,635.0,647.0,668.0,687.0,729.0,739.0,747.0,756.0,765.0,811.0,827.0,832.0,898.0,929.0,981.0,
36.0,101.0,144.0,187.0,236.0,250.0,293.0,298.0,345.0,355.0,501.0,548.0,553.0,599.0,622.0,700.0,729.0,819.0,863.0,904.0,944.0,960.0,982.0,982.0,987.0,992.0,992.0,
55.0,64.0,82.0,115.0,117.0,157.0,158.0,202.0,203.0,204.0,210.0,224.0,235.0,243.0,244.0,252.0,264.0,334.0,382.0,384.0,392.0,422.0,467.0,475.0,572.0,573.0,578.0,640.0,729.0,731.0,743.0,770.0,789.0,806.0,825.0,868.0,872.0,874.0,936.0,970.0,970.0,972.0,
36.0,74.0,83.0,92.0,107.0,118.0,120.0,147.0,156.0,157.0,209.0,232.0,316.0,333.0,386.0,479.0,494.0,508.0,534.0,581.0,595.0,668.0,728.0,731.0,734.0,769.0,783.0,787.0,805.0,831.0,869.0,951.0,962.0,
9.0,13.0,27.0,39.0,54.0,56.0,63.0,115.0,144.0,218.0,262.0,273.0,278.0,281.0,307.0,406.0,415.0,423.0,448.0,458.0,486.0,490.0,527.0,528.0,544.0,584.0,631.0,649.0,674.0,752.0,759.0,836.0,862.0,931.0,963.0,965.0,971.0,973.0,
59.0,68.0,73.0,86.0,94.0,111.0,135.0,176.0,177.0,261.0,262.0,301.0,315.0,386.0,420.0,446.0,473.0,498.0,499.0,514.0,543.0,551.0,552.0,581.0,585.0,651.0,662.0,667.0,705.0,733.0,734.0,754.0,859.0,887.0,924.0,958.0,
2.0,2.0,11.0,30.0,31.0,88.0,99.0,107.0,113.0,113.0,129.0,193.0,250.0,331.0,392.0,404.0,406.0,417.0,438.0,446.0,500.0,500.0,502.0,520.0,525.0,562.0,578.0,585.0,638.0,668.0,728.0,748.0,756.0,806.0,833.0,848.0,857.0,858.0,919.0,952.0,984.0,985.0,
6.0,19.0,44.0,66.0,81.0,113.0,147.0,147.0,210.0,214.0,224.0,231.0,250.0,303.0,318.0,320.0,323.0,365.0,375.0,392.0,396.0,433.0,439.0,467.0,483.0,485.0,561.0,568.0,574.0,615.0,624.0,645.0,655.0,674.0,680.0,689.0,690.0,728.0,733.0,761.0,782.0,834.0,840.0,858.0,875.0,918.0,957.0,994.0,
21.0,21.0,23.0,57.0,139.0,160.0,186.0,212.0,249.0,348.0,396.0,412.0,416.0,494.0,558.0,568.0,597.0,643.0,645.0,648.0,667.0,678.0,725.0,728.0,755.0,782.0,794.0,814.0,817.0,861.0,864.0,867.0,879.0,886.0,946.0,998.0,
58.0,163.0,195.0,216.0,275.0,315.0,340.0,426.0,431.0,432.0,449.0,484.0,504.0,561.0,597.0,656.0,677.0,693.0,696.0,714.0,778.0,793.0,884.0,926.0,931.0,942.0,
37.0,161.0,178.0,242.0,260.0,287.0,292.0,303.0,350.0,365.0,374.0,376.0,384.0,391.0,400.0,445.0,453.0,463.0,511.0,524.0,544.0,546.0,564.0,597.0,607.0,670.0,678.0,720.0,721.0,756.0,770.0,790.0,809.0,842.0,862.0,943.0,944.0,944.0,955.0,
10.0,56.0,91.0,93.0,99.0,153.0,158.0,263.0,269.0,273.0,296.0,392.0,394.0,400.0,413.0,415.0,489.0,494.0,503.0,503.0,538.0,571.0,600.0,629.0,630.0,665.0,676.0,678.0,680.0,704.0,726.0,730.0,730.0,731.0,733.0,741.0,787.0,794.0,809.0,814.0,884.0,952.0,970.0,
2.0,15.0,27.0,29.0,53.0,72.0,94.0,95.0,132.0,169.0,271.0,272.0,309.0,316.0,389.0,406.0,472.0,500.0,596.0,621.0,624.0,639.0,664.0,708.0,710.0,722.0,733.0,746.0,759.0,778.0,811.0,828.0,905.0,909.0,911.0,915.0,921.0,921.0,
13.0,44.0,128.0,130.0,155.0,171.0,270.0,284.0,287.0,292.0,325.0,334.0,345.0,453.0,502.0,583.0,641.0,725.0,757.0,762.0,792.0,800.0,800.0,825.0,825.0,827.0,829.0,864.0,914.0,959.0,
4.0,19.0,20.0,54.0,148.0,199.0,238.0,253.0,279.0,296.0,357.0,393.0,412.0,413.0,419.0,462.0,521.0,537.0,539.0,593.0,607.0,632.0,689.0,709.0,741.0,774.0,797.0,805.0,919.0,934.0,
20.0,44.0,58.0,101.0,147.0,231.0,325.0,329.0,390.0,409.0,414.0,434.0,444.0,448.0,504.0,505.0,562.0,562.0,586.0,600.0,647.0,684.0,690.0,702.0,705.0,712.0,712.0,742.0,784.0,787.0,832.0,847.0,850.0,854.0,887.0,903.0,910.0,926.0,938.0,
77.0,94.0,120.0,125.0,155.0,192.0,194.0,195.0,217.0,229.0,232.0,259.0,267.0,289.0,304.0,305.0,333.0,339.0,415.0,416.0,437.0,564.0,574.0,628.0,628.0,632.0,666.0,671.0,845.0,864.0,930.0,942.0,954.0,960.0,
18.0,121.0,165.0,167.0,197.0,210.0,382.0,465.0,515.0,535.0,559.0,635.0,650.0,651.0,733.0,768.0,777.0,839.0,858.0,858.0,862.0,870.0,978.0,991.0,993.0,
10.0,13.0,53.0,90.0,99.0,155.0,269.0,269.0,352.0,384.0,433.0,445.0,535.0,536.0,547.0,630.0,650.0,657.0,664.0,680.0,686.0,687.0,801.0,807.0,813.0,850.0,857.0,859.0,988.0,
24.0,51.0,65.0,82.0,138.0,140.0,159.0,169.0,187.0,208.0,228.0,229.0,281.0,301.0,315.0,331.0,332.0,360.0,383.0,392.0,426.0,480.0,480.0,515.0,575.0,631.0,636.0,675.0,699.0,732.0,745.0,747.0,752.0,765.0,791.0,796.0,811.0,824.0,840.0,845.0,849.0,851.0,866.0,891.0,906.0,926.0,
85.0,86.0,182.0,191.0,198.0,235.0,290.0,320.0,322.0,322.0,334.0,347.0,396.0,416.0,445.0,518.0,615.0,616.0,618.0,670.0,681.0,721.0,763.0,806.0,818.0,864.0,904.0,916.0,944.0,966.0,987.0,988.0,
55.0,138.0,163.0,234.0,237.0,342.0,365.0,416.0,469.0,470.0,471.0,566.0,588.0,594.0,600.0,614.0,636.0,727.0,781.0,851.0,853.0,923.0,968.0,996.0,
53.0,87.0,126.0,181.0,222.0,256.0,272.0,273.0,300.0,322.0,343.0,360.0,361.0,419.0,420.0,447.0,454.0,467.0,498.0,501.0,558.0,577.0,617.0,630.0,729.0,730.0,810.0,822.0,825.0,858.0,871.0,927.0,945.0,956.0,978.0,
14.0,21.0,35.0,36.0,49.0,130.0,134.0,236.0,248.0,258.0,266.0,302.0,368.0,381.0,442.0,464.0,467.0,482.0,506.0,510.0,545.0,595.0,636.0,655.0,752.0,765.0,791.0,793.0,860.0,861.0,885.0,896.0,905.0,917.0,935.0,954.0,976.0,
21.0,29.0,65.0,76.0,87.0,89.0,115.0,137.0,210.0,242.0,321.0,339.0,360.0,378.0,384.0,390.0,437.0,471.0,472.0,513.0,531.0,566.0,586.0,591.0,602.0,640.0,653.0,657.0,669.0,693.0,740.0,757.0,797.0,802.0,854.0,940.0,973.0,992.0,
24.0,35.0,43.0,65.0,72.0,88.0,90.0,95.0,236.0,318.0,323.0,346.0,380.0,411.0,432.0,445.0,459.0,496.0,519.0,552.0,564.0,628.0,630.0,649.0,674.0,693.0,707.0,724.0,726.0,772.0,779.0,783.0,796.0,831.0,842.0,843.0,882.0,889.0,904.0,909.0,980.0,983.0,
51.0,52.0,96.0,160.0,170.0,184.0,189.0,209.0,236.0,249.0,314.0,329.0,352.0,377.0,388.0,400.0,424.0,464.0,490.0,502.0,527.0,555.0,580.0,592.0,636.0,699.0,709.0,729.0,753.0,786.0,787.0,817.0,856.0,905.0,906.0,913.0,933.0,952.0,984.0,
37.0,48.0,60.0,111.0,132.0,197.0,199.0,225.0,226.0,229.0,247.0,273.0,285.0,323.0,355.0,393.0,490.0,497.0,512.0,534.0,538.0,541.0,543.0,572.0,627.0,632.0,670.0,701.0,741.0,759.0,764.0,801.0,850.0,858.0,859.0,860.0,865.0,906.0,916.0,939.0,988.0,
26.0,33.0,99.0,168.0,170.0,196.0,197.0,227.0,234.0,250.0,293.0,312.0,365.0,376.0,385.0,398.0,401.0,405.0,419.0,423.0,442.0,454.0,551.0,588.0,588.0,621.0,644.0,660.0,673.0,680.0,683.0,684.0,770.0,854.0,883.0,977.0,
17.0,51.0,64.0,105.0,162.0,181.0,207.0,213.0,297.0,303.0,306.0,334.0,338.0,375.0,387.0,411.0,439.0,480.0,567.0,596.0,639.0,689.0,757.0,800.0,831.0,852.0,865.0,945.0,957.0,983.0,983.0,985.0,
12.0,21.0,34.0,63.0,100.0,105.0,111.0,126.0,244.0,358.0,368.0,385.0,387.0,438.0,448.0,505.0,553.0,554.0,569.0,572.0,601.0,615.0,679.0,732.0,739.0,772.0,823.0,823.0,840.0,889.0,889.0,936.0,967.0,986.0,991.0,
8.0,87.0,100.0,175.0,217.0,230.0,232.0,282.0,287.0,393.0,394.0,399.0,400.0,468.0,485.0,497.0,592.0,658.0,672.0,712.0,718.0,744.0,748.0,749.0,762.0,770.0,780.0,822.0,859.0,862.0,893.0,925.0,937.0,948.0,993.0,
39.0,69.0,142.0,148.0,155.0,189.0,206.0,260.0,277.0,281.0,312.0,312.0,481.0,508.0,519.0,548.0,572.0,585.0,588.0,594.0,598.0,654.0,688.0,754.0,783.0,793.0,817.0,817.0,830.0,933.0,983.0,
5.0,28.0,60.0,208.0,240.0,240.0,241.0,244.0,324.0,418.0,467.0,555.0,564.0,599.0,614.0,624.0,649.0,669.0,696.0,792.0,807.0,807.0,830.0,838.0,845.0,849.0,870.0,937.0,981.0,
2.0,12.0,13.0,49.0,63.0,130.0,137.0,146.0,175.0,275.0,290.0,305.0,309.0,325.0,348.0,375.0,428.0,465.0,480.0,580.0,695.0,736.0,780.0,840.0,850.0,882.0,885.0,894.0,926.0,937.0,949.0,957.0,
36.0,54.0,71.0,77.0,99.0,198.0,233.0,240.0,259.0,269.0,308.0,355.0,415.0,428.0,442.0,464.0,473.0,511.0,524.0,544.0,576.0,589.0,648.0,688.0,702.0,703.0,734.0,739.0,752.0,798.0,866.0,870.0,879.0,890.0,911.0,919.0,977.0,
64.0,87.0,109.0,144.0,173.0,246.0,255.0,272.0,344.0,357.0,426.0,438.0,517.0,528.0,545.0,575.0,588.0,592.0,592.0,598.0,618.0,643.0,662.0,677.0,698.0,717.0,740.0,741.0,758.0,760.0,767.0,786.0,880.0,883.0,889.0,898.0,946.0,977.0,999.0,
9.0,65.0,149.0,156.0,242.0,264.0,329.0,359.0,376.0,425.0,430.0,468.0,480.0,502.0,567.0,568.0,633.0,668.0,675.0,733.0,748.0,758.0,763.0,790.0,810.0,838.0,860.0,863.0,952.0,964.0,965.0,966.0,
52.0,77.0,97.0,112.0,128.0,159.0,161.0,166.0,167.0,237.0,314.0,331.0,363.0,373.0,390.0,416.0,459.0,462.0,521.0,554.0,586.0,611.0,635.0,689.0,780.0,823.0,847.0,893.0,919.0,944.0,950.0,954.0,
25.0,26.0,28.0,54.0,113.0,201.0,206.0,207.0,215.0,239.0,254.0,277.0,391.0,426.0,436.0,436.0,440.0,461.0,496.0,520.0,539.0,562.0,580.0,585.0,598.0,610.0,637.0,664.0,731.0,755.0,777.0,788.0,792.0,801.0,804.0,833.0,868.0,880.0,893.0,942.0,952.0,985.0,
11.0,67.0,70.0,77.0,129.0,177.0,201.0,229.0,234.0,250.0,295.0,379.0,386.0,414.0,460.0,589.0,609.0,643.0,664.0,688.0,692.0,796.0,803.0,817.0,852.0,854.0,856.0,860.0,866.0,871.0,877.0,926.0,942.0,950.0,994.0,
45.0,57.0,63.0,147.0,221.0,374.0,441.0,444.0,459.0,480.0,519.0,574.0,599.0,603.0,619.0,656.0,658.0,694.0,704.0,725.0,749.0,766.0,777.0,795.0,843.0,859.0,866.0,885.0,919.0,927.0,933.0,959.0,963.0,971.0,1000.0,
11.0,53.0,64.0,81.0,100.0,105.0,136.0,187.0,211.0,321.0,367.0,391.0,412.0,448.0,483.0,527.0,536.0,545.0,554.0,564.0,625.0,636.0,788.0,801.0,861.0,880.0,925.0,930.0,938.0,956.0,964.0,
20.0,53.0,53.0,82.0,102.0,130.0,152.0,192.0,203.0,224.0,258.0,259.0,262.0,306.0,360.0,398.0,402.0,406.0,431.0,458.0,462.0,479.0,529.0,535.0,599.0,602.0,620.0,641.0,659.0,666.0,711.0,715.0,730.0,788.0,791.0,844.0,918.0,925.0,936.0,950.0,954.0,
6.0,7.0,14.0,51.0,64.0,87.0,101.0,140.0,149.0,163.0,173.0,181.0,195.0,219.0,226.0,250.0,282.0,336.0,375.0,415.0,494.0,499.0,515.0,545.0,572.0,581.0,624.0,639.0,640.0,696.0,710.0,715.0,717.0,834.0,868.0,890.0,950.0,950.0,958.0,
28.0,64.0,73.0,119.0,146.0,151.0,182.0,221.0,281.0,356.0,356.0,369.0,392.0,425.0,451.0,454.0,510.0,529.0,534.0,547.0,631.0,646.0,669.0,701.0,727.0,756.0,759.0,805.0,849.0,852.0,866.0,867.0,885.0,921.0,944.0,
13.0,16.0,20.0,40.0,46.0,237.0,252.0,315.0,330.0,337.0,369.0,387.0,395.0,436.0,438.0,463.0,496.0,578.0,599.0,603.0,641.0,673.0,737.0,764.0,808.0,833.0,898.0,972.0,
28.0,36.0,40.0,118.0,128.0,128.0,143.0,179.0,235.0,239.0,252.0,284.0,307.0,324.0,353.0,437.0,458.0,
18.0,56.0,68.0,94.0,99.0,121.0,146.0,153.0,163.0,194.0,205.0,257.0,299.0,324.0,336.0,337.0,337.0,352.0,376.0,407.0,415.0,429.0,447.0,492.0,500.0,510.0,557.0,574.0,580.0,585.0,621.0,637.0,638.0,649.0,672.0,683.0,768.0,775.0,790.0,836.0,853.0,886.0,903.0,920.0,946.0,947.0,962.0,972.0,993.0,
73.0,110.0,118.0,119.0,190.0,217.0,236.0,246.0,274.0,291.0,301.0,339.0,466.0,511.0,521.0,526.0,544.0,587.0,609.0,611.0,647.0,671.0,696.0,703.0,715.0,823.0,843.0,878.0,898.0,918.0,972.0,
6.0,17.0,59.0,67.0,85.0,86.0,189.0,205.0,208.0,211.0,214.0,221.0,244.0,331.0,341.0,350.0,383.0,385.0,429.0,471.0,485.0,490.0,500.0,567.0,604.0,642.0,646.0,684.0,733.0,734.0,746.0,750.0,764.0,836.0,892.0,965.0,
16.0,120.0,123.0,127.0,127.0,130.0,177.0,235.0,262.0,303.0,359.0,372.0,373.0,374.0,379.0,404.0,433.0,452.0,471.0,491.0,532.0,542.0,544.0,550.0,551.0,574.0,583.0,620.0,682.0,694.0,709.0,733.0,828.0,845.0,846.0,854.0,855.0,938.0,995.0,
2.0,49.0,58.0,120.0,218.0,229.0,241.0,284.0,298.0,306.0,339.0,353.0,426.0,448.0,494.0,517.0,544.0,570.0,588.0,642.0,647.0,691.0,730.0,759.0,765.0,784.0,831.0,831.0,841.0,849.0,865.0,907.0,934.0,
40.0,118.0,119.0,137.0,157.0,162.0,242.0,311.0,347.0,359.0,389.0,414.0,478.0,491.0,492.0,628.0,640.0,666.0,690.0,724.0,743.0,752.0,766.0,831.0,843.0,858.0,863.0,868.0,872.0,876.0,954.0,990.0,
6.0,11.0,30.0,78.0,78.0,92.0,95.0,104.0,120.0,138.0,151.0,189.0,243.0,261.0,261.0,271.0,288.0,340.0,342.0,373.0,426.0,462.0,466.0,517.0,547.0,637.0,646.0,656.0,719.0,751.0,822.0,846.0,847.0,901.0,909.0,953.0,989.0,
50.0,162.0,224.0,241.0,262.0,272.0,335.0,361.0,374.0,473.0,480.0,544.0,585.0,586.0,602.0,605.0,607.0,677.0,689.0,693.0,700.0,733.0,738.0,759.0,764.0,870.0,913.0,917.0,993.0,994.0,
60.0,100.0,125.0,134.0,176.0,182.0,189.0,212.0,234.0,244.0,245.0,307.0,348.0,355.0,407.0,417.0,470.0,474.0,477.0,495.0,508.0,512.0,540.0,640.0,673.0,681.0,708.0,722.0,762.0,771.0,854.0,865.0,919.0,929.0,963.0,964.0,975.0,
26.0,46.0,47.0,47.0,84.0,105.0,157.0,178.0,180.0,233.0,237.0,250.0,267.0,273.0,444.0,454.0,456.0,469.0,484.0,497.0,502.0,507.0,511.0,560.0,601.0,638.0,652.0,705.0,730.0,757.0,757.0,762.0,777.0,814.0,886.0,916.0,935.0,956.0,977.0,984.0,
58.0,65.0,100.0,115.0,128.0,131.0,245.0,294.0,306.0,316.0,324.0,357.0,365.0,370.0,372.0,379.0,433.0,441.0,504.0,506.0,551.0,552.0,577.0,596.0,606.0,633.0,654.0,657.0,677.0,694.0,734.0,755.0,780.0,785.0,834.0,861.0,875.0,910.0,917.0,928.0,930.0,978.0,994.0,
27.0,58.0,94.0,98.0,166.0,168.0,192.0,259.0,264.0,268.0,286.0,289.0,291.0,329.0,360.0,361.0,393.0,446.0,473.0,496.0,509.0,510.0,534.0,561.0,570.0,589.0,623.0,624.0,626.0,632.0,721.0,779.0,794.0,875.0,903.0,914.0,914.0,954.0,994.0,
3.0,13.0,13.0,31.0,49.0,57.0,58.0,72.0,80.0,86.0,97.0,143.0,148.0,150.0,160.0,224.0,230.0,264.0,296.0,306.0,317.0,320.0,357.0,366.0,382.0,516.0,549.0,555.0,556.0,579.0,623.0,624.0,682.0,697.0,714.0,750.0,751.0,763.0,837.0,866.0,888.0,917.0,
75.0,94.0,96.0,96.0,107.0,109.0,127.0,184.0,193.0,231.0,239.0,265.0,276.0,317.0,319.0,331.0,339.0,361.0,369.0,387.0,444.0,460.0,477.0,497.0,515.0,517.0,549.0,555.0,582.0,639.0,640.0,673.0,757.0,794.0,802.0,820.0,848.0,900.0,
16.0,38.0,52.0,58.0,105.0,136.0,173.0,176.0,178.0,207.0,220.0,242.0,246.0,249.0,252.0,317.0,330.0,332.0,369.0,371.0,377.0,384.0,392.0,392.0,413.0,420.0,436.0,452.0,466.0,469.0,507.0,534.0,603.0,646.0,651.0,701.0,706.0,719.0,761.0,769.0,805.0,816.0,887.0,913.0,946.0,970.0,975.0,977.0,
7.0,60.0,81.0,92.0,102.0,121.0,182.0,221.0,309.0,348.0,355.0,366.0,418.0,441.0,498.0,577.0,612.0,638.0,646.0,684.0,796.0,825.0,886.0,892.0,923.0,952.0,955.0,983.0,
10.0,21.0,37.0,194.0,195.0,222.0,231.0,271.0,279.0,288.0,288.0,299.0,307.0,313.0,324.0,328.0,379.0,383.0,461.0,479.0,485.0,667.0,722.0,750.0,781.0,862.0,874.0,946.0,949.0,951.0,
77.0,105.0,116.0,122.0,174.0,188.0,188.0,191.0,192.0,235.0,251.0,419.0,460.0,474.0,548.0,552.0,644.0,668.0,699.0,717.0,837.0,862.0,888.0,897.0,908.0,910.0,911.0,927.0,976.0,
2.0,30.0,123.0,212.0,218.0,235.0,237.0,257.0,292.0,301.0,334.0,346.0,372.0,387.0,421.0,423.0,460.0,466.0,503.0,527.0,545.0,571.0,599.0,631.0,676.0,699.0,749.0,755.0,799.0,802.0,819.0,891.0,908.0,966.0,966.0,
2.0,31.0,36.0,148.0,188.0,209.0,223.0,256.0,318.0,369.0,369.0,404.0,404.0,409.0,449.0,477.0,486.0,524.0,577.0,580.0,588.0,590.0,683.0,692.0,725.0,737.0,752.0,773.0,774.0,780.0,804.0,831.0,857.0,869.0,886.0,892.0,972.0,982.0,991.0,
62.0,72.0,93.0,112.0,120.0,135.0,160.0,184.0,195.0,242.0,264.0,286.0,295.0,318.0,436.0,441.0,494.0,499.0,502.0,538.0,549.0,582.0,606.0,621.0,637.0,663.0,696.0,730.0,732.0,743.0,791.0,801.0,806.0,820.0,827.0,851.0,860.0,872.0,879.0,882.0,897.0,900.0,901.0,910.0,921.0,936.0,953.0,963.0,
24.0,77.0,141.0,148.0,163.0,170.0,210.0,235.0,237.0,286.0,287.0,308.0,333.0,336.0,361.0,378.0,395.0,428.0,568.0,606.0,645.0,645.0,649.0,653.0,658.0,691.0,695.0,706.0,710.0,713.0,732.0,782.0,819.0,821.0,902.0,926.0,988.0,
3.0,5.0,13.0,20.0,20.0,45.0,61.0,68.0,115.0,138.0,209.0,263.0,375.0,376.0,393.0,521.0,548.0,549.0,550.0,576.0,606.0,611.0,652.0,668.0,680.0,794.0,796.0,826.0,830.0,848.0,905.0,934.0,984.0,993.0,997.0,998.0,
29.0,58.0,71.0,124.0,132.0,138.0,141.0,157.0,199.0,206.0,262.0,282.0,315.0,352.0,415.0,434.0,445.0,474.0,498.0,507.0,515.0,534.0,571.0,586.0,593.0,599.0,623.0,646.0,648.0,659.0,672.0,689.0,740.0,791.0,804.0,821.0,839.0,882.0,929.0,949.0,980.0,
20.0,70.0,125.0,173.0,208.0,218.0,286.0,286.0,290.0,323.0,397.0,399.0,446.0,455.0,480.0,544.0,545.0,560.0,561.0,573.0,580.0,584.0,602.0,606.0,635.0,730.0,771.0,807.0,835.0,847.0,867.0,880.0,941.0,995.0,
8.0,135.0,185.0,239.0,295.0,383.0,442.0,467.0,471.0,480.0,490.0,495.0,522.0,523.0,524.0,573.0,588.0,622.0,637.0,663.0,720.0,728.0,746.0,802.0,802.0,835.0,863.0,879.0,889.0,895.0,908.0,964.0,
32.0,39.0,53.0,68.0,89.0,93.0,110.0,113.0,149.0,155.0,279.0,293.0,313.0,329.0,333.0,337.0,364.0,369.0,494.0,560.0,632.0,714.0,723.0,739.0,755.0,908.0,939.0,944.0,951.0,962.0,973.0,981.0,
11.0,58.0,60.0,96.0,116.0,170.0,214.0,252.0,256.0,325.0,355.0,375.0,390.0,409.0,412.0,449.0,467.0,474.0,508.0,513.0,534.0,555.0,604.0,634.0,648.0,731.0,757.0,759.0,822.0,983.0,988.0,993.0,
18.0,46.0,55.0,67.0,141.0,265.0,325.0,345.0,362.0,411.0,426.0,451.0,475.0,520.0,550.0,561.0,583.0,615.0,639.0,663.0,685.0,730.0,751.0,765.0,821.0,836.0,859.0,892.0,896.0,949.0,950.0,977.0,982.0,999.0,
14.0,15.0,67.0,78.0,92.0,127.0,147.0,214.0,227.0,248.0,281.0,283.0,283.0,504.0,525.0,541.0,568.0,715.0,716.0,761.0,807.0,824.0,830.0,917.0,942.0,950.0,956.0,964.0,977.0,978.0,
26.0,59.0,76.0,79.0,93.0,113.0,121.0,143.0,148.0,203.0,230.0,270.0,293.0,318.0,331.0,344.0,380.0,383.0,386.0,429.0,486.0,494.0,501.0,633.0,665.0,675.0,699.0,700.0,725.0,743.0,749.0,761.0,773.0,793.0,859.0,861.0,927.0,952.0,959.0,
23.0,30.0,122.0,222.0,272.0,275.0,294.0,321.0,346.0,358.0,364.0,364.0,378.0,399.0,400.0,412.0,465.0,495.0,528.0,570.0,650.0,708.0,711.0,780.0,800.0,814.0,847.0,851.0,919.0,944.0,946.0,949.0,966.0,1000.0,
16.0,29.0,32.0,50.0,56.0,62.0,63.0,156.0,188.0,251.0,325.0,326.0,345.0,367.0,515.0,540.0,549.0,576.0,605.0,608.0,621.0,664.0,669.0,818.0,871.0,888.0,896.0,923.0,962.0,
17.0,51.0,64.0,73.0,128.0,132.0,155.0,184.0,269.0,310.0,324.0,356.0,360.0,361.0,374.0,375.0,388.0,394.0,448.0,487.0,496.0,539.0,605.0,702.0,704.0,729.0,741.0,759.0,782.0,790.0,799.0,822.0,831.0,841.0,844.0,866.0,868.0,920.0,926.0,971.0,986.0,
5.0,12.0,38.0,77.0,83.0,102.0,114.0,134.0,159.0,167.0,177.0,193.0,237.0,381.0,415.0,435.0,478.0,480.0,488.0,533.0,553.0,555.0,597.0,666.0,667.0,678.0,682.0,696.0,904.0,927.0,936.0,
3.0,7.0,54.0,55.0,72.0,81.0,84.0,96.0,99.0,160.0,178.0,180.0,181.0,190.0,192.0,211.0,213.0,268.0,350.0,364.0,365.0,379.0,386.0,398.0,426.0,439.0,469.0,479.0,505.0,518.0,570.0,579.0,622.0,628.0,670.0,754.0,802.0,842.0,853.0,875.0,930.0,933.0,993.0,
6.0,32.0,91.0,109.0,113.0,199.0,214.0,234.0,249.0,252.0,265.0,267.0,323.0,353.0,386.0,396.0,407.0,478.0,588.0,599.0,616.0,628.0,660.0,718.0,725.0,738.0,754.0,756.0,759.0,774.0,793.0,829.0,853.0,884.0,898.0,950.0,992.0,
50.0,70.0,76.0,93.0,148.0,163.0,171.0,223.0,268.0,290.0,428.0,443.0,498.0,509.0,512.0,513.0,564.0,591.0,609.0,654.0,680.0,699.0,753.0,810.0,817.0,821.0,826.0,841.0,852.0,892.0,934.0,984.0,985.0,987.0,988.0,
2.0,50.0,51.0,181.0,195.0,196.0,200.0,216.0,233.0,264.0,324.0,328.0,387.0,392.0,422.0,438.0,455.0,505.0,565.0,573.0,580.0,587.0,610.0,632.0,681.0,704.0,734.0,756.0,807.0,812.0,839.0,840.0,850.0,856.0,881.0,915.0,939.0,943.0,987.0,
63.0,91.0,115.0,158.0,211.0,256.0,272.0,301.0,305.0,316.0,331.0,399.0,401.0,444.0,496.0,505.0,508.0,525.0,603.0,617.0,639.0,705.0,709.0,715.0,735.0,747.0,768.0,777.0,797.0,812.0,821.0,900.0,907.0,961.0,974.0,
5.0,81.0,127.0,156.0,172.0,220.0,250.0,259.0,319.0,368.0,368.0,379.0,412.0,422.0,435.0,441.0,452.0,472.0,539.0,543.0,580.0,684.0,690.0,750.0,800.0,815.0,836.0,838.0,883.0,925.0,929.0,952.0,960.0,979.0,
5.0,52.0,68.0,114.0,136.0,136.0,138.0,149.0,166.0,243.0,315.0,321.0,326.0,330.0,361.0,391.0,427.0,444.0,498.0,577.0,580.0,580.0,583.0,606.0,717.0,723.0,792.0,816.0,855.0,906.0,985.0,
7.0,87.0,105.0,118.0,127.0,146.0,178.0,204.0,218.0,253.0,272.0,280.0,282.0,299.0,307.0,309.0,380.0,395.0,399.0,407.0,410.0,423.0,466.0,468.0,483.0,509.0,550.0,553.0,555.0,758.0,764.0,776.0,842.0,861.0,888.0,939.0,973.0,987.0,988.0,
70.0,142.0,163.0,205.0,239.0,250.0,250.0,256.0,258.0,316.0,323.0,327.0,335.0,343.0,347.0,364.0,368.0,383.0,393.0,486.0,576.0,620.0,695.0,701.0,709.0,723.0,726.0,758.0,760.0,785.0,786.0,844.0,954.0,
