40.0,40.0,87.0,111.0,113.0,139.0,142.0,145.0,193.0,194.0,197.0,204.0,209.0,273.0,293.0,303.0,307.0,345.0,352.0,364.0,440.0,476.0,488.0,506.0,512.0,515.0,528.0,528.0,574.0,638.0,670.0,699.0,720.0,745.0,757.0,816.0,851.0,918.0,969.0,
12.0,23.0,42.0,54.0,61.0,80.0,155.0,178.0,188.0,294.0,301.0,317.0,321.0,345.0,379.0,383.0,408.0,434.0,454.0,491.0,500.0,545.0,610.0,624.0,657.0,665.0,667.0,677.0,683.0,725.0,737.0,766.0,792.0,824.0,855.0,886.0,908.0,920.0,921.0,947.0,974.0,981.0,982.0,
5.0,13.0,53.0,103.0,108.0,111.0,155.0,157.0,161.0,165.0,175.0,175.0,198.0,225.0,254.0,272.0,284.0,284.0,298.0,317.0,332.0,387.0,395.0,456.0,493.0,512.0,519.0,527.0,532.0,533.0,534.0,541.0,588.0,589.0,615.0,636.0,640.0,770.0,781.0,787.0,802.0,807.0,818.0,826.0,920.0,985.0,
29.0,51.0,77.0,125.0,170.0,190.0,207.0,226.0,235.0,256.0,277.0,291.0,292.0,299.0,325.0,327.0,327.0,357.0,368.0,433.0,515.0,595.0,623.0,629.0,655.0,698.0,746.0,797.0,803.0,818.0,839.0,884.0,899.0,908.0,967.0,986.0,995.0,999.0,
6.0,25.0,46.0,63.0,84.0,88.0,105.0,107.0,156.0,163.0,176.0,177.0,178.0,220.0,245.0,245.0,283.0,353.0,379.0,400.0,446.0,473.0,477.0,483.0,501.0,511.0,574.0,590.0,651.0,677.0,850.0,873.0,896.0,896.0,901.0,903.0,904.0,907.0,926.0,932.0,
19.0,36.0,39.0,134.0,186.0,189.0,190.0,194.0,201.0,206.0,229.0,259.0,261.0,293.0,332.0,378.0,391.0,428.0,460.0,460.0,475.0,505.0,523.0,553.0,625.0,640.0,652.0,680.0,713.0,723.0,763.0,779.0,798.0,802.0,894.0,895.0,958.0,995.0,
26.0,36.0,59.0,110.0,150.0,214.0,282.0,291.0,294.0,294.0,370.0,432.0,445.0,457.0,499.0,514.0,514.0,600.0,615.0,711.0,739.0,764.0,764.0,783.0,829.0,830.0,841.0,877.0,906.0,925.0,
8.0,13.0,39.0,42.0,48.0,53.0,151.0,156.0,177.0,266.0,340.0,360.0,401.0,487.0,487.0,501.0,515.0,551.0,579.0,580.0,614.0,638.0,648.0,689.0,768.0,777.0,805.0,832.0,899.0,968.0,974.0,991.0,
6.0,100.0,110.0,130.0,132.0,174.0,178.0,278.0,293.0,330.0,332.0,412.0,425.0,550.0,554.0,601.0,632.0,725.0,786.0,864.0,899.0,911.0,947.0,954.0,
9.0,15.0,45.0,55.0,79.0,127.0,149.0,175.0,273.0,291.0,354.0,365.0,381.0,391.0,396.0,398.0,401.0,446.0,460.0,468.0,475.0,503.0,512.0,537.0,554.0,559.0,571.0,575.0,591.0,647.0,684.0,697.0,698.0,735.0,759.0,781.0,859.0,875.0,886.0,892.0,896.0,920.0,957.0,963.0,
2.0,14.0,15.0,88.0,90.0,115.0,143.0,170.0,175.0,177.0,191.0,194.0,279.0,295.0,330.0,359.0,386.0,445.0,450.0,505.0,511.0,514.0,519.0,559.0,579.0,596.0,601.0,634.0,642.0,658.0,665.0,680.0,715.0,725.0,731.0,753.0,881.0,908.0,912.0,943.0,980.0,991.0,
29.0,45.0,90.0,103.0,123.0,161.0,172.0,252.0,316.0,451.0,452.0,483.0,579.0,610.0,631.0,658.0,662.0,668.0,677.0,693.0,714.0,720.0,744.0,760.0,761.0,799.0,832.0,839.0,842.0,868.0,872.0,900.0,904.0,925.0,939.0,992.0,
9.0,88.0,128.0,130.0,287.0,293.0,301.0,332.0,338.0,365.0,396.0,443.0,506.0,511.0,521.0,529.0,546.0,561.0,567.0,638.0,640.0,672.0,679.0,706.0,737.0,769.0,779.0,795.0,818.0,843.0,851.0,869.0,913.0,936.0,957.0,984.0,993.0,998.0,
6.0,43.0,60.0,80.0,108.0,128.0,146.0,156.0,197.0,246.0,248.0,312.0,339.0,479.0,517.0,558.0,560.0,596.0,603.0,612.0,696.0,732.0,745.0,755.0,789.0,808.0,856.0,859.0,885.0,929.0,938.0,943.0,944.0,989.0,990.0,996.0,
44.0,55.0,81.0,90.0,128.0,131.0,157.0,188.0,222.0,247.0,250.0,310.0,311.0,323.0,332.0,337.0,351.0,387.0,396.0,417.0,457.0,462.0,487.0,522.0,536.0,576.0,595.0,606.0,716.0,745.0,766.0,814.0,860.0,876.0,895.0,925.0,936.0,955.0,958.0,976.0,
46.0,80.0,86.0,89.0,115.0,176.0,294.0,297.0,299.0,326.0,370.0,372.0,400.0,404.0,439.0,471.0,498.0,517.0,528.0,546.0,587.0,613.0,623.0,678.0,709.0,891.0,914.0,941.0,
9.0,29.0,73.0,92.0,116.0,125.0,148.0,227.0,247.0,283.0,353.0,375.0,376.0,409.0,412.0,415.0,447.0,464.0,469.0,483.0,530.0,552.0,597.0,626.0,677.0,702.0,774.0,803.0,832.0,833.0,867.0,874.0,900.0,907.0,915.0,966.0,967.0,980.0,997.0,
3.0,26.0,39.0,50.0,116.0,130.0,170.0,196.0,242.0,245.0,269.0,287.0,312.0,331.0,361.0,410.0,420.0,428.0,428.0,461.0,516.0,593.0,641.0,695.0,727.0,778.0,778.0,809.0,815.0,840.0,849.0,857.0,860.0,951.0,
27.0,28.0,63.0,78.0,92.0,93.0,100.0,108.0,144.0,155.0,186.0,186.0,197.0,246.0,269.0,273.0,291.0,294.0,329.0,335.0,337.0,385.0,393.0,405.0,433.0,467.0,507.0,526.0,553.0,582.0,602.0,618.0,664.0,686.0,724.0,801.0,836.0,876.0,953.0,966.0,990.0,
42.0,155.0,157.0,272.0,315.0,328.0,328.0,381.0,422.0,442.0,501.0,544.0,576.0,594.0,604.0,623.0,646.0,735.0,737.0,752.0,757.0,766.0,784.0,797.0,814.0,842.0,883.0,913.0,914.0,920.0,928.0,987.0,
5.0,8.0,14.0,63.0,90.0,179.0,198.0,203.0,239.0,258.0,259.0,304.0,311.0,315.0,333.0,334.0,347.0,359.0,377.0,445.0,445.0,458.0,485.0,491.0,493.0,518.0,563.0,632.0,636.0,687.0,697.0,740.0,745.0,825.0,831.0,859.0,907.0,922.0,928.0,985.0,989.0,999.0,
34.0,62.0,62.0,120.0,133.0,198.0,216.0,228.0,257.0,258.0,270.0,294.0,338.0,343.0,348.0,388.0,427.0,432.0,437.0,443.0,492.0,562.0,569.0,605.0,616.0,631.0,677.0,702.0,742.0,746.0,773.0,785.0,876.0,958.0,982.0,
39.0,56.0,61.0,122.0,146.0,179.0,195.0,199.0,210.0,213.0,226.0,248.0,258.0,258.0,294.0,303.0,316.0,320.0,320.0,329.0,364.0,382.0,394.0,455.0,474.0,493.0,515.0,516.0,596.0,599.0,612.0,613.0,617.0,704.0,712.0,714.0,725.0,788.0,791.0,869.0,879.0,882.0,895.0,930.0,944.0,957.0,989.0,
21.0,40.0,42.0,57.0,86.0,179.0,192.0,201.0,245.0,279.0,418.0,461.0,475.0,477.0,484.0,536.0,555.0,558.0,563.0,602.0,688.0,706.0,709.0,746.0,801.0,804.0,838.0,900.0,911.0,914.0,944.0,
7.0,14.0,86.0,115.0,124.0,218.0,311.0,343.0,454.0,478.0,538.0,554.0,598.0,642.0,691.0,691.0,709.0,777.0,787.0,868.0,884.0,901.0,912.0,924.0,927.0,956.0,982.0,
23.0,29.0,46.0,93.0,166.0,172.0,176.0,195.0,206.0,235.0,261.0,271.0,334.0,350.0,364.0,436.0,445.0,465.0,479.0,490.0,492.0,520.0,563.0,599.0,616.0,679.0,739.0,791.0,825.0,845.0,909.0,912.0,926.0,927.0,954.0,980.0,981.0,997.0,
22.0,75.0,91.0,105.0,121.0,158.0,166.0,243.0,258.0,295.0,310.0,315.0,340.0,356.0,370.0,410.0,420.0,469.0,485.0,506.0,524.0,545.0,565.0,599.0,605.0,610.0,810.0,823.0,909.0,931.0,931.0,999.0,
21.0,29.0,63.0,79.0,94.0,98.0,123.0,126.0,131.0,183.0,194.0,245.0,258.0,332.0,335.0,336.0,340.0,370.0,394.0,394.0,413.0,477.0,483.0,489.0,518.0,541.0,563.0,566.0,587.0,621.0,631.0,636.0,649.0,657.0,679.0,700.0,703.0,732.0,750.0,752.0,853.0,854.0,885.0,895.0,898.0,935.0,974.0,
36.0,53.0,87.0,100.0,101.0,118.0,139.0,144.0,148.0,156.0,168.0,243.0,275.0,298.0,307.0,349.0,434.0,467.0,470.0,489.0,496.0,506.0,529.0,561.0,660.0,698.0,712.0,750.0,797.0,801.0,806.0,825.0,909.0,914.0,
23.0,30.0,71.0,80.0,102.0,118.0,146.0,202.0,214.0,219.0,231.0,236.0,258.0,261.0,273.0,283.0,327.0,330.0,344.0,374.0,377.0,413.0,426.0,476.0,555.0,630.0,630.0,648.0,707.0,735.0,761.0,790.0,807.0,808.0,915.0,
4.0,19.0,68.0,127.0,168.0,250.0,267.0,303.0,340.0,349.0,375.0,376.0,387.0,394.0,395.0,412.0,426.0,439.0,473.0,474.0,492.0,513.0,593.0,697.0,700.0,706.0,707.0,719.0,941.0,942.0,963.0,
6.0,44.0,79.0,105.0,158.0,162.0,171.0,180.0,200.0,231.0,237.0,249.0,306.0,359.0,369.0,387.0,399.0,403.0,408.0,425.0,473.0,483.0,525.0,530.0,549.0,554.0,724.0,745.0,749.0,825.0,885.0,909.0,
2.0,120.0,144.0,150.0,178.0,193.0,216.0,230.0,378.0,382.0,414.0,431.0,457.0,490.0,529.0,576.0,661.0,662.0,723.0,772.0,799.0,802.0,807.0,843.0,847.0,868.0,885.0,926.0,938.0,957.0,
11.0,29.0,37.0,60.0,63.0,104.0,110.0,122.0,126.0,165.0,185.0,227.0,250.0,261.0,299.0,355.0,446.0,479.0,485.0,500.0,532.0,535.0,584.0,659.0,671.0,686.0,695.0,700.0,730.0,739.0,748.0,769.0,781.0,787.0,819.0,819.0,821.0,828.0,837.0,876.0,901.0,913.0,981.0,
3.0,14.0,67.0,210.0,229.0,245.0,280.0,309.0,312.0,314.0,372.0,427.0,427.0,450.0,460.0,466.0,544.0,639.0,672.0,732.0,732.0,770.0,816.0,827.0,847.0,872.0,893.0,911.0,925.0,974.0,
33.0,47.0,49.0,111.0,125.0,183.0,223.0,244.0,298.0,349.0,360.0,363.0,424.0,436.0,456.0,478.0,483.0,493.0,493.0,540.0,542.0,574.0,575.0,582.0,646.0,738.0,781.0,888.0,921.0,950.0,973.0,
19.0,20.0,69.0,121.0,168.0,175.0,245.0,270.0,298.0,300.0,339.0,368.0,373.0,406.0,447.0,477.0,539.0,546.0,559.0,571.0,587.0,592.0,617.0,634.0,646.0,646.0,687.0,700.0,707.0,715.0,717.0,763.0,764.0,794.0,807.0,871.0,875.0,880.0,899.0,926.0,
61.0,64.0,109.0,120.0,132.0,176.0,176.0,225.0,244.0,255.0,256.0,344.0,415.0,418.0,429.0,441.0,450.0,505.0,514.0,558.0,614.0,625.0,714.0,747.0,787.0,824.0,863.0,873.0,988.0,996.0,
25.0,53.0,88.0,93.0,119.0,141.0,143.0,145.0,146.0,213.0,302.0,311.0,326.0,345.0,381.0,447.0,534.0,547.0,561.0,612.0,671.0,675.0,745.0,815.0,823.0,897.0,925.0,950.0,987.0,
71.0,89.0,93.0,127.0,137.0,142.0,169.0,193.0,214.0,252.0,272.0,283.0,307.0,352.0,390.0,412.0,484.0,502.0,506.0,509.0,510.0,517.0,565.0,587.0,648.0,652.0,652.0,665.0,698.0,719.0,722.0,735.0,812.0,818.0,836.0,901.0,921.0,953.0,968.0,
5.0,13.0,38.0,52.0,114.0,117.0,126.0,133.0,245.0,251.0,258.0,266.0,274.0,325.0,337.0,339.0,361.0,394.0,432.0,436.0,440.0,442.0,467.0,499.0,593.0,626.0,638.0,649.0,655.0,786.0,879.0,892.0,899.0,924.0,975.0,
79.0,94.0,105.0,113.0,163.0,165.0,186.0,199.0,233.0,241.0,272.0,277.0,278.0,356.0,360.0,419.0,467.0,476.0,478.0,544.0,629.0,642.0,687.0,704.0,773.0,827.0,862.0,936.0,
40.0,41.0,108.0,125.0,209.0,210.0,230.0,265.0,334.0,435.0,454.0,455.0,460.0,500.0,521.0,628.0,634.0,652.0,652.0,673.0,701.0,710.0,713.0,714.0,728.0,752.0,780.0,792.0,809.0,827.0,888.0,906.0,911.0,959.0,986.0,
16.0,23.0,156.0,201.0,229.0,233.0,258.0,280.0,292.0,319.0,460.0,506.0,536.0,633.0,636.0,744.0,783.0,834.0,879.0,910.0,918.0,926.0,956.0,967.0,
8.0,13.0,24.0,27.0,92.0,157.0,157.0,213.0,220.0,237.0,253.0,314.0,327.0,354.0,354.0,377.0,378.0,443.0,467.0,539.0,578.0,612.0,691.0,792.0,803.0,805.0,904.0,928.0,973.0,983.0,996.0,
35.0,54.0,67.0,83.0,174.0,187.0,257.0,316.0,333.0,337.0,369.0,381.0,385.0,418.0,434.0,467.0,479.0,495.0,514.0,533.0,545.0,550.0,574.0,595.0,634.0,649.0,709.0,730.0,806.0,824.0,825.0,837.0,845.0,846.0,856.0,950.0,956.0,981.0,
18.0,33.0,83.0,91.0,99.0,128.0,136.0,173.0,227.0,234.0,254.0,256.0,292.0,326.0,341.0,352.0,379.0,423.0,432.0,470.0,488.0,499.0,520.0,522.0,538.0,547.0,547.0,578.0,578.0,582.0,593.0,607.0,655.0,666.0,675.0,687.0,723.0,751.0,793.0,805.0,829.0,867.0,901.0,906.0,922.0,993.0,
29.0,46.0,49.0,100.0,127.0,130.0,149.0,161.0,167.0,218.0,242.0,256.0,269.0,307.0,310.0,320.0,328.0,349.0,377.0,381.0,422.0,566.0,601.0,610.0,625.0,629.0,672.0,698.0,718.0,722.0,736.0,737.0,739.0,780.0,825.0,843.0,847.0,860.0,908.0,933.0,972.0,
23.0,41.0,68.0,93.0,165.0,167.0,176.0,354.0,425.0,428.0,435.0,523.0,527.0,547.0,559.0,576.0,581.0,591.0,609.0,681.0,713.0,750.0,753.0,781.0,793.0,835.0,873.0,941.0,997.0,
11.0,23.0,45.0,45.0,47.0,57.0,62.0,105.0,197.0,207.0,217.0,243.0,350.0,409.0,410.0,426.0,541.0,582.0,598.0,613.0,619.0,659.0,671.0,679.0,682.0,726.0,730.0,736.0,743.0,746.0,760.0,779.0,813.0,826.0,844.0,865.0,900.0,903.0,918.0,942.0,979.0,983.0,987.0,
11.0,47.0,77.0,85.0,93.0,113.0,117.0,136.0,162.0,182.0,197.0,204.0,239.0,243.0,264.0,290.0,302.0,328.0,345.0,360.0,370.0,384.0,479.0,514.0,535.0,549.0,622.0,686.0,693.0,727.0,763.0,769.0,808.0,834.0,841.0,893.0,894.0,902.0,914.0,927.0,953.0,974.0,979.0,980.0,994.0,
13.0,39.0,101.0,123.0,135.0,139.0,158.0,160.0,174.0,201.0,228.0,251.0,256.0,296.0,310.0,322.0,323.0,327.0,343.0,357.0,377.0,380.0,380.0,410.0,423.0,447.0,554.0,568.0,576.0,581.0,662.0,663.0,676.0,706.0,710.0,719.0,749.0,754.0,777.0,812.0,854.0,877.0,898.0,
19.0,78.0,80.0,128.0,130.0,149.0,150.0,171.0,181.0,255.0,265.0,284.0,301.0,391.0,417.0,458.0,482.0,502.0,521.0,533.0,593.0,599.0,623.0,644.0,644.0,690.0,705.0,764.0,786.0,830.0,850.0,877.0,913.0,919.0,940.0,948.0,984.0,988.0,998.0,
4.0,42.0,90.0,92.0,137.0,191.0,212.0,284.0,297.0,326.0,349.0,353.0,355.0,378.0,420.0,468.0,491.0,510.0,510.0,535.0,540.0,548.0,604.0,616.0,620.0,641.0,672.0,696.0,709.0,710.0,719.0,725.0,738.0,749.0,829.0,853.0,871.0,919.0,920.0,921.0,926.0,938.0,952.0,992.0,
27.0,39.0,43.0,48.0,98.0,145.0,203.0,216.0,223.0,242.0,267.0,336.0,348.0,359.0,377.0,424.0,426.0,467.0,584.0,585.0,613.0,665.0,667.0,675.0,684.0,687.0,742.0,783.0,829.0,869.0,879.0,885.0,904.0,929.0,932.0,935.0,952.0,
53.0,56.0,84.0,98.0,111.0,149.0,160.0,178.0,181.0,192.0,202.0,271.0,327.0,360.0,388.0,453.0,496.0,
3.0,21.0,74.0,84.0,85.0,124.0,133.0,134.0,139.0,142.0,172.0,195.0,242.0,249.0,287.0,327.0,330.0,410.0,517.0,539.0,629.0,686.0,711.0,751.0,826.0,829.0,833.0,854.0,859.0,891.0,909.0,940.0,956.0,957.0,977.0,
32.0,62.0,70.0,85.0,97.0,140.0,169.0,231.0,239.0,240.0,250.0,319.0,330.0,342.0,384.0,421.0,436.0,469.0,475.0,539.0,548.0,553.0,577.0,579.0,589.0,684.0,716.0,836.0,859.0,864.0,891.0,897.0,905.0,911.0,913.0,920.0,943.0,971.0,990.0,
17.0,47.0,54.0,58.0,69.0,74.0,91.0,104.0,155.0,189.0,195.0,196.0,198.0,204.0,211.0,226.0,235.0,245.0,275.0,362.0,376.0,379.0,420.0,429.0,505.0,505.0,505.0,525.0,587.0,598.0,622.0,660.0,729.0,731.0,794.0,824.0,825.0,841.0,877.0,957.0,967.0,
16.0,20.0,51.0,80.0,101.0,119.0,126.0,136.0,213.0,217.0,232.0,239.0,275.0,282.0,367.0,386.0,391.0,458.0,470.0,475.0,500.0,503.0,533.0,535.0,545.0,554.0,612.0,640.0,657.0,666.0,739.0,767.0,779.0,797.0,824.0,965.0,997.0,998.0,
24.0,26.0,71.0,80.0,91.0,124.0,208.0,216.0,217.0,261.0,263.0,278.0,329.0,365.0,367.0,382.0,401.0,432.0,522.0,550.0,554.0,617.0,639.0,685.0,687.0,766.0,774.0,782.0,856.0,896.0,938.0,938.0,955.0,999.0,
3.0,60.0,71.0,104.0,130.0,154.0,178.0,237.0,270.0,278.0,279.0,309.0,324.0,333.0,341.0,352.0,362.0,479.0,512.0,531.0,605.0,639.0,646.0,655.0,657.0,660.0,662.0,694.0,748.0,765.0,786.0,834.0,861.0,889.0,889.0,892.0,914.0,943.0,958.0,
7.0,142.0,151.0,190.0,194.0,195.0,264.0,277.0,304.0,315.0,322.0,348.0,352.0,368.0,390.0,409.0,424.0,435.0,478.0,497.0,512.0,518.0,518.0,532.0,540.0,548.0,548.0,560.0,567.0,629.0,644.0,670.0,712.0,758.0,885.0,
35.0,54.0,60.0,67.0,107.0,108.0,179.0,227.0,263.0,296.0,300.0,320.0,339.0,421.0,541.0,547.0,574.0,596.0,601.0,609.0,613.0,733.0,754.0,781.0,782.0,803.0,853.0,866.0,879.0,894.0,894.0,915.0,991.0,
28.0,36.0,142.0,225.0,259.0,277.0,396.0,399.0,426.0,432.0,438.0,449.0,451.0,511.0,526.0,533.0,545.0,600.0,630.0,679.0,703.0,715.0,769.0,779.0,782.0,810.0,855.0,878.0,928.0,940.0,955.0,
21.0,34.0,74.0,85.0,106.0,118.0,132.0,136.0,150.0,159.0,162.0,193.0,243.0,254.0,262.0,275.0,280.0,281.0,364.0,408.0,408.0,410.0,442.0,448.0,477.0,502.0,565.0,577.0,585.0,586.0,605.0,614.0,638.0,663.0,696.0,725.0,727.0,751.0,802.0,803.0,814.0,814.0,816.0,825.0,887.0,923.0,929.0,933.0,959.0,973.0,
42.0,63.0,113.0,116.0,121.0,240.0,295.0,298.0,317.0,352.0,374.0,431.0,523.0,525.0,545.0,550.0,580.0,588.0,650.0,696.0,740.0,770.0,777.0,785.0,786.0,793.0,797.0,815.0,819.0,828.0,848.0,863.0,919.0,964.0,987.0,988.0,
52.0,107.0,114.0,142.0,160.0,185.0,267.0,302.0,390.0,405.0,428.0,462.0,465.0,471.0,502.0,525.0,557.0,580.0,585.0,605.0,611.0,640.0,669.0,673.0,676.0,767.0,772.0,799.0,812.0,827.0,849.0,885.0,900.0,910.0,968.0,
27.0,110.0,156.0,159.0,172.0,174.0,176.0,178.0,191.0,235.0,258.0,272.0,321.0,346.0,411.0,436.0,531.0,535.0,555.0,562.0,590.0,637.0,730.0,790.0,791.0,807.0,824.0,834.0,897.0,945.0,966.0,
44.0,50.0,53.0,62.0,73.0,100.0,125.0,136.0,156.0,159.0,191.0,206.0,266.0,274.0,276.0,279.0,326.0,362.0,392.0,430.0,447.0,453.0,468.0,469.0,503.0,517.0,538.0,573.0,611.0,644.0,662.0,673.0,682.0,692.0,795.0,816.0,849.0,856.0,905.0,914.0,917.0,972.0,1000.0,
166.0,197.0,202.0,213.0,224.0,232.0,242.0,248.0,285.0,311.0,331.0,338.0,349.0,385.0,388.0,415.0,444.0,454.0,546.0,597.0,612.0,620.0,623.0,657.0,717.0,732.0,737.0,762.0,815.0,819.0,820.0,821.0,829.0,911.0,934.0,939.0,953.0,982.0,
28.0,35.0,38.0,44.0,53.0,135.0,142.0,150.0,166.0,181.0,206.0,213.0,230.0,300.0,366.0,394.0,448.0,540.0,560.0,628.0,629.0,644.0,663.0,668.0,682.0,696.0,699.0,705.0,723.0,727.0,809.0,826.0,852.0,884.0,899.0,942.0,993.0,
10.0,14.0,81.0,86.0,96.0,114.0,141.0,205.0,206.0,254.0,326.0,345.0,346.0,364.0,376.0,417.0,425.0,437.0,504.0,514.0,552.0,561.0,579.0,627.0,712.0,758.0,828.0,852.0,866.0,868.0,893.0,897.0,904.0,928.0,985.0,993.0,
36.0,42.0,46.0,52.0,55.0,64.0,83.0,141.0,148.0,152.0,208.0,226.0,251.0,359.0,389.0,391.0,430.0,439.0,474.0,523.0,532.0,538.0,569.0,644.0,656.0,708.0,719.0,731.0,784.0,794.0,802.0,833.0,836.0,856.0,887.0,903.0,906.0,921.0,941.0,947.0,994.0,
3.0,25.0,33.0,107.0,107.0,118.0,120.0,128.0,159.0,204.0,215.0,224.0,226.0,236.0,276.0,279.0,281.0,310.0,319.0,339.0,353.0,355.0,355.0,387.0,429.0,454.0,498.0,519.0,548.0,558.0,560.0,571.0,578.0,588.0,608.0,615.0,626.0,638.0,655.0,692.0,704.0,735.0,791.0,807.0,823.0,824.0,844.0,849.0,875.0,894.0,914.0,924.0,943.0,988.0,
6.0,11.0,15.0,26.0,31.0,52.0,134.0,134.0,137.0,164.0,165.0,170.0,189.0,212.0,306.0,315.0,350.0,395.0,413.0,417.0,425.0,428.0,462.0,530.0,553.0,606.0,610.0,678.0,691.0,714.0,728.0,891.0,899.0,927.0,930.0,956.0,999.0,
94.0,101.0,195.0,208.0,227.0,241.0,332.0,344.0,369.0,377.0,403.0,416.0,450.0,468.0,551.0,555.0,562.0,612.0,633.0,634.0,635.0,649.0,669.0,670.0,676.0,695.0,743.0,821.0,850.0,867.0,952.0,953.0,
4.0,58.0,72.0,122.0,138.0,170.0,230.0,254.0,261.0,262.0,276.0,282.0,297.0,311.0,370.0,433.0,503.0,516.0,534.0,559.0,580.0,605.0,684.0,751.0,802.0,974.0,984.0,
21.0,22.0,46.0,53.0,65.0,72.0,152.0,204.0,227.0,289.0,309.0,365.0,369.0,406.0,407.0,442.0,456.0,492.0,513.0,528.0,559.0,614.0,640.0,750.0,764.0,771.0,773.0,850.0,854.0,860.0,861.0,879.0,906.0,945.0,
27.0,43.0,52.0,111.0,152.0,265.0,315.0,322.0,343.0,353.0,355.0,362.0,367.0,367.0,427.0,436.0,437.0,439.0,506.0,528.0,542.0,546.0,790.0,845.0,856.0,873.0,888.0,923.0,974.0,979.0,991.0,
15.0,53.0,69.0,75.0,141.0,143.0,150.0,224.0,236.0,261.0,262.0,268.0,310.0,361.0,441.0,447.0,450.0,468.0,478.0,538.0,548.0,575.0,600.0,627.0,645.0,683.0,705.0,737.0,834.0,902.0,924.0,957.0,965.0,996.0,
6.0,23.0,31.0,42.0,66.0,67.0,70.0,145.0,223.0,256.0,284.0,307.0,340.0,345.0,357.0,394.0,450.0,474.0,510.0,511.0,523.0,594.0,634.0,653.0,694.0,705.0,729.0,795.0,824.0,868.0,885.0,
10.0,79.0,99.0,138.0,161.0,166.0,170.0,172.0,179.0,184.0,192.0,248.0,304.0,320.0,482.0,485.0,510.0,512.0,545.0,563.0,596.0,619.0,669.0,702.0,711.0,801.0,830.0,866.0,920.0,950.0,950.0,954.0,981.0,984.0,985.0,999.0,
35.0,52.0,70.0,83.0,83.0,196.0,203.0,224.0,237.0,261.0,333.0,337.0,409.0,471.0,482.0,498.0,508.0,527.0,541.0,614.0,639.0,687.0,728.0,731.0,775.0,787.0,961.0,966.0,996.0,
2.0,16.0,20.0,22.0,113.0,125.0,135.0,155.0,174.0,174.0,176.0,194.0,198.0,242.0,256.0,269.0,280.0,328.0,450.0,457.0,522.0,559.0,565.0,588.0,595.0,602.0,609.0,619.0,621.0,646.0,648.0,691.0,722.0,777.0,871.0,875.0,918.0,985.0,989.0,995.0,
100.0,146.0,171.0,219.0,247.0,283.0,293.0,303.0,312.0,336.0,387.0,437.0,472.0,483.0,488.0,527.0,537.0,555.0,556.0,606.0,622.0,662.0,682.0,714.0,719.0,736.0,810.0,852.0,924.0,941.0,942.0,954.0,958.0,997.0,
10.0,27.0,34.0,43.0,52.0,53.0,117.0,128.0,130.0,202.0,253.0,264.0,306.0,316.0,378.0,396.0,453.0,489.0,519.0,546.0,546.0,592.0,598.0,615.0,667.0,713.0,738.0,747.0,775.0,847.0,894.0,912.0,928.0,935.0,961.0,
37.0,131.0,227.0,234.0,387.0,398.0,417.0,456.0,456.0,478.0,496.0,541.0,546.0,569.0,644.0,654.0,687.0,736.0,754.0,759.0,765.0,767.0,866.0,876.0,981.0,986.0,996.0,
120.0,122.0,183.0,226.0,228.0,303.0,315.0,352.0,381.0,388.0,403.0,409.0,411.0,465.0,472.0,550.0,567.0,572.0,574.0,631.0,640.0,650.0,754.0,811.0,861.0,917.0,925.0,939.0,958.0,970.0,
6.0,59.0,84.0,88.0,119.0,150.0,178.0,209.0,211.0,225.0,350.0,405.0,418.0,428.0,491.0,494.0,498.0,509.0,551.0,574.0,601.0,619.0,635.0,663.0,695.0,810.0,820.0,830.0,837.0,880.0,930.0,939.0,988.0,
82.0,119.0,211.0,286.0,294.0,305.0,381.0,391.0,402.0,412.0,429.0,449.0,466.0,473.0,476.0,496.0,501.0,514.0,525.0,736.0,746.0,790.0,878.0,884.0,887.0,893.0,906.0,915.0,928.0,934.0,974.0,
21.0,55.0,80.0,90.0,178.0,197.0,229.0,241.0,261.0,273.0,328.0,346.0,361.0,387.0,390.0,406.0,406.0,422.0,426.0,439.0,446.0,468.0,509.0,553.0,586.0,643.0,672.0,673.0,735.0,743.0,800.0,812.0,833.0,960.0,964.0,
30.0,54.0,64.0,70.0,98.0,163.0,165.0,194.0,218.0,218.0,238.0,246.0,300.0,315.0,323.0,352.0,353.0,356.0,396.0,431.0,437.0,485.0,529.0,531.0,618.0,640.0,645.0,697.0,734.0,814.0,825.0,829.0,856.0,930.0,951.0,960.0,961.0,978.0,979.0,
2.0,17.0,28.0,67.0,82.0,96.0,111.0,153.0,418.0,426.0,444.0,470.0,470.0,483.0,511.0,572.0,588.0,589.0,672.0,738.0,744.0,756.0,765.0,791.0,845.0,990.0,1000.0,
51.0,141.0,170.0,191.0,194.0,199.0,202.0,216.0,233.0,242.0,310.0,321.0,381.0,398.0,413.0,472.0,486.0,507.0,523.0,544.0,550.0,561.0,570.0,646.0,647.0,728.0,742.0,758.0,763.0,768.0,777.0,791.0,831.0,837.0,860.0,873.0,875.0,949.0,961.0,990.0,
21.0,60.0,67.0,70.0,123.0,146.0,217.0,234.0,268.0,284.0,288.0,290.0,325.0,339.0,398.0,446.0,620.0,699.0,703.0,729.0,750.0,801.0,853.0,872.0,878.0,972.0,997.0,
13.0,86.0,98.0,143.0,177.0,181.0,190.0,243.0,243.0,249.0,276.0,287.0,358.0,446.0,452.0,455.0,473.0,485.0,510.0,518.0,523.0,527.0,575.0,587.0,589.0,613.0,663.0,670.0,672.0,680.0,683.0,692.0,770.0,799.0,817.0,823.0,862.0,887.0,889.0,921.0,922.0,931.0,938.0,
16.0,40.0,124.0,129.0,141.0,221.0,253.0,300.0,365.0,382.0,413.0,460.0,519.0,558.0,560.0,567.0,611.0,663.0,663.0,672.0,691.0,736.0,815.0,829.0,852.0,874.0,882.0,890.0,890.0,909.0,919.0,957.0,
19.0,34.0,55.0,118.0,132.0,136.0,157.0,181.0,193.0,220.0,223.0,266.0,312.0,316.0,330.0,332.0,363.0,379.0,403.0,471.0,474.0,494.0,545.0,577.0,598.0,624.0,637.0,658.0,686.0,712.0,721.0,721.0,737.0,782.0,838.0,877.0,880.0,999.0,
25.0,71.0,99.0,120.0,126.0,154.0,166.0,175.0,181.0,267.0,341.0,389.0,393.0,478.0,520.0,534.0,539.0,547.0,578.0,639.0,688.0,690.0,757.0,787.0,801.0,849.0,914.0,929.0,962.0,988.0,992.0,
