45.0,74.0,199.0,243.0,325.0,335.0,388.0,447.0,475.0,483.0,486.0,570.0,575.0,601.0,617.0,647.0,669.0,691.0,694.0,698.0,720.0,725.0,735.0,752.0,764.0,765.0,783.0,788.0,791.0,795.0,845.0,987.0,
25.0,35.0,42.0,74.0,95.0,162.0,172.0,208.0,247.0,253.0,295.0,305.0,312.0,327.0,359.0,362.0,533.0,578.0,583.0,607.0,610.0,655.0,660.0,683.0,721.0,727.0,781.0,800.0,806.0,811.0,886.0,946.0,
53.0,61.0,70.0,104.0,113.0,121.0,128.0,171.0,183.0,185.0,304.0,308.0,308.0,321.0,339.0,343.0,361.0,365.0,373.0,387.0,396.0,420.0,421.0,424.0,476.0,485.0,485.0,492.0,516.0,582.0,585.0,648.0,697.0,712.0,798.0,804.0,841.0,850.0,885.0,890.0,928.0,929.0,961.0,
6.0,24.0,47.0,89.0,145.0,157.0,160.0,201.0,205.0,251.0,253.0,269.0,309.0,332.0,336.0,465.0,490.0,545.0,545.0,597.0,720.0,730.0,790.0,871.0,872.0,888.0,942.0,942.0,950.0,962.0,
4.0,31.0,47.0,79.0,138.0,138.0,153.0,194.0,200.0,219.0,247.0,265.0,296.0,306.0,314.0,393.0,396.0,502.0,519.0,557.0,560.0,577.0,586.0,594.0,607.0,613.0,639.0,649.0,670.0,711.0,719.0,724.0,817.0,845.0,852.0,873.0,880.0,936.0,944.0,962.0,998.0,
2.0,14.0,49.0,65.0,79.0,105.0,162.0,184.0,240.0,244.0,259.0,282.0,313.0,348.0,369.0,389.0,400.0,405.0,449.0,482.0,520.0,553.0,557.0,567.0,586.0,587.0,608.0,640.0,647.0,688.0,695.0,743.0,755.0,763.0,769.0,781.0,805.0,889.0,893.0,969.0,
21.0,121.0,130.0,154.0,167.0,190.0,223.0,246.0,295.0,331.0,344.0,366.0,378.0,400.0,447.0,498.0,506.0,521.0,528.0,544.0,548.0,554.0,567.0,584.0,637.0,709.0,769.0,773.0,814.0,835.0,960.0,
29.0,41.0,65.0,94.0,107.0,114.0,134.0,182.0,183.0,215.0,264.0,264.0,325.0,336.0,349.0,387.0,395.0,438.0,442.0,468.0,472.0,484.0,491.0,500.0,503.0,506.0,515.0,524.0,535.0,544.0,554.0,580.0,615.0,630.0,683.0,739.0,912.0,939.0,954.0,1000.0,
22.0,81.0,105.0,122.0,206.0,249.0,288.0,339.0,359.0,368.0,370.0,466.0,469.0,511.0,526.0,526.0,566.0,576.0,593.0,723.0,751.0,829.0,829.0,831.0,846.0,938.0,948.0,993.0,
19.0,47.0,66.0,134.0,145.0,154.0,173.0,205.0,233.0,248.0,279.0,333.0,344.0,418.0,422.0,435.0,463.0,467.0,499.0,517.0,527.0,527.0,551.0,554.0,554.0,569.0,620.0,700.0,728.0,757.0,758.0,802.0,812.0,867.0,887.0,906.0,932.0,962.0,983.0,
15.0,22.0,36.0,39.0,54.0,70.0,89.0,106.0,138.0,150.0,163.0,189.0,205.0,231.0,282.0,292.0,303.0,317.0,375.0,386.0,388.0,448.0,459.0,544.0,588.0,596.0,597.0,612.0,632.0,634.0,647.0,682.0,705.0,712.0,713.0,721.0,845.0,870.0,891.0,944.0,948.0,956.0,975.0,984.0,985.0,988.0,
15.0,26.0,52.0,59.0,63.0,72.0,105.0,114.0,153.0,177.0,193.0,201.0,221.0,250.0,257.0,269.0,294.0,358.0,367.0,375.0,492.0,514.0,533.0,544.0,550.0,554.0,615.0,643.0,740.0,742.0,771.0,801.0,860.0,869.0,880.0,896.0,983.0,
33.0,121.0,126.0,158.0,175.0,238.0,256.0,278.0,294.0,318.0,419.0,453.0,495.0,511.0,512.0,514.0,517.0,538.0,555.0,557.0,561.0,571.0,607.0,610.0,617.0,639.0,644.0,649.0,699.0,753.0,762.0,801.0,814.0,838.0,841.0,857.0,871.0,978.0,981.0,984.0,996.0,
26.0,26.0,26.0,44.0,97.0,98.0,99.0,137.0,192.0,192.0,230.0,274.0,295.0,357.0,364.0,375.0,407.0,429.0,453.0,488.0,512.0,522.0,547.0,547.0,552.0,554.0,559.0,571.0,581.0,584.0,588.0,592.0,593.0,598.0,601.0,601.0,617.0,618.0,624.0,628.0,648.0,651.0,676.0,686.0,687.0,688.0,704.0,733.0,747.0,779.0,781.0,795.0,805.0,809.0,810.0,810.0,811.0,814.0,814.0,826.0,835.0,848.0,860.0,875.0,889.0,903.0,964.0,982.0,985.0,989.0,990.0,998.0,
34.0,43.0,181.0,232.0,309.0,335.0,433.0,457.0,461.0,469.0,478.0,515.0,515.0,523.0,524.0,526.0,531.0,534.0,534.0,535.0,538.0,542.0,543.0,548.0,555.0,559.0,560.0,575.0,583.0,587.0,593.0,617.0,624.0,628.0,629.0,630.0,631.0,634.0,637.0,637.0,649.0,652.0,653.0,656.0,670.0,694.0,699.0,701.0,717.0,724.0,727.0,740.0,741.0,765.0,824.0,844.0,847.0,852.0,856.0,866.0,878.0,890.0,892.0,927.0,936.0,944.0,
13.0,15.0,69.0,77.0,120.0,147.0,166.0,225.0,272.0,302.0,304.0,517.0,518.0,525.0,530.0,531.0,538.0,538.0,544.0,552.0,554.0,557.0,560.0,564.0,567.0,568.0,568.0,574.0,575.0,576.0,590.0,590.0,596.0,603.0,614.0,619.0,624.0,624.0,626.0,650.0,654.0,657.0,660.0,698.0,701.0,720.0,729.0,820.0,844.0,851.0,856.0,861.0,865.0,872.0,875.0,877.0,882.0,911.0,948.0,955.0,999.0,
3.0,37.0,47.0,60.0,95.0,120.0,131.0,187.0,301.0,358.0,374.0,400.0,415.0,479.0,526.0,527.0,528.0,530.0,530.0,531.0,533.0,533.0,539.0,541.0,546.0,558.0,565.0,578.0,578.0,578.0,583.0,583.0,586.0,594.0,595.0,597.0,601.0,602.0,603.0,613.0,615.0,621.0,623.0,646.0,646.0,666.0,667.0,683.0,687.0,699.0,703.0,717.0,718.0,718.0,720.0,769.0,792.0,806.0,807.0,817.0,843.0,856.0,860.0,881.0,894.0,915.0,952.0,955.0,
18.0,82.0,151.0,173.0,199.0,220.0,220.0,331.0,335.0,374.0,401.0,427.0,451.0,463.0,464.0,521.0,526.0,539.0,543.0,549.0,554.0,554.0,559.0,563.0,570.0,570.0,577.0,585.0,594.0,606.0,608.0,617.0,625.0,627.0,659.0,661.0,662.0,665.0,669.0,675.0,675.0,684.0,685.0,699.0,711.0,715.0,716.0,720.0,729.0,740.0,764.0,771.0,776.0,787.0,788.0,793.0,797.0,805.0,864.0,867.0,886.0,908.0,924.0,952.0,992.0,
35.0,57.0,84.0,156.0,175.0,192.0,224.0,264.0,299.0,485.0,513.0,513.0,524.0,532.0,551.0,568.0,586.0,592.0,687.0,691.0,709.0,757.0,823.0,825.0,840.0,868.0,877.0,877.0,930.0,965.0,982.0,992.0,998.0,
11.0,70.0,105.0,145.0,151.0,188.0,245.0,247.0,274.0,291.0,294.0,338.0,353.0,378.0,419.0,432.0,436.0,486.0,524.0,595.0,605.0,679.0,859.0,868.0,907.0,942.0,971.0,988.0,
21.0,40.0,55.0,88.0,89.0,118.0,172.0,172.0,192.0,197.0,205.0,234.0,271.0,312.0,330.0,333.0,337.0,338.0,379.0,385.0,396.0,415.0,442.0,491.0,503.0,511.0,530.0,532.0,533.0,579.0,580.0,586.0,737.0,751.0,784.0,829.0,854.0,881.0,886.0,888.0,892.0,943.0,
29.0,121.0,129.0,132.0,144.0,155.0,167.0,172.0,238.0,389.0,401.0,413.0,434.0,493.0,500.0,527.0,530.0,539.0,543.0,547.0,571.0,584.0,594.0,631.0,659.0,668.0,669.0,670.0,676.0,691.0,737.0,741.0,754.0,788.0,794.0,849.0,850.0,862.0,888.0,911.0,994.0,999.0,
2.0,82.0,89.0,139.0,167.0,185.0,201.0,209.0,313.0,347.0,356.0,363.0,363.0,376.0,389.0,436.0,496.0,508.0,511.0,515.0,529.0,532.0,532.0,534.0,535.0,536.0,542.0,553.0,565.0,566.0,568.0,575.0,576.0,591.0,595.0,600.0,635.0,636.0,651.0,661.0,666.0,699.0,726.0,726.0,733.0,735.0,739.0,741.0,753.0,788.0,793.0,800.0,801.0,802.0,806.0,841.0,843.0,855.0,887.0,888.0,909.0,915.0,929.0,951.0,963.0,972.0,976.0,981.0,984.0,988.0,
3.0,4.0,27.0,95.0,114.0,123.0,206.0,218.0,235.0,243.0,257.0,350.0,352.0,360.0,401.0,438.0,459.0,500.0,518.0,521.0,527.0,528.0,530.0,535.0,536.0,542.0,548.0,552.0,553.0,557.0,558.0,565.0,565.0,570.0,584.0,586.0,594.0,596.0,600.0,602.0,602.0,603.0,613.0,619.0,619.0,636.0,644.0,650.0,650.0,676.0,686.0,688.0,691.0,694.0,695.0,728.0,729.0,734.0,743.0,743.0,757.0,759.0,764.0,770.0,776.0,800.0,809.0,829.0,831.0,833.0,856.0,857.0,877.0,878.0,883.0,891.0,893.0,908.0,913.0,925.0,951.0,960.0,
21.0,107.0,117.0,134.0,136.0,195.0,199.0,228.0,255.0,260.0,279.0,301.0,332.0,342.0,393.0,428.0,434.0,440.0,468.0,499.0,508.0,515.0,517.0,522.0,531.0,534.0,538.0,539.0,547.0,547.0,547.0,550.0,550.0,557.0,573.0,574.0,580.0,581.0,593.0,594.0,600.0,619.0,621.0,634.0,641.0,643.0,675.0,703.0,707.0,736.0,740.0,742.0,748.0,751.0,755.0,768.0,783.0,787.0,790.0,833.0,840.0,848.0,917.0,921.0,934.0,936.0,940.0,942.0,962.0,967.0,983.0,
2.0,109.0,132.0,148.0,204.0,220.0,224.0,238.0,330.0,344.0,354.0,355.0,378.0,381.0,416.0,496.0,527.0,541.0,541.0,545.0,548.0,548.0,553.0,557.0,567.0,568.0,569.0,570.0,571.0,579.0,581.0,582.0,585.0,592.0,610.0,616.0,635.0,639.0,657.0,691.0,735.0,738.0,768.0,810.0,813.0,813.0,842.0,844.0,845.0,864.0,868.0,876.0,903.0,940.0,952.0,960.0,967.0,987.0,
19.0,123.0,156.0,158.0,177.0,206.0,344.0,376.0,378.0,387.0,434.0,509.0,518.0,524.0,539.0,542.0,546.0,547.0,549.0,550.0,550.0,562.0,567.0,568.0,579.0,580.0,580.0,583.0,584.0,593.0,595.0,614.0,617.0,620.0,620.0,623.0,656.0,657.0,659.0,660.0,668.0,668.0,669.0,669.0,676.0,691.0,701.0,709.0,717.0,720.0,720.0,728.0,736.0,739.0,741.0,766.0,777.0,799.0,800.0,801.0,815.0,838.0,873.0,911.0,943.0,944.0,970.0,974.0,977.0,982.0,
14.0,18.0,120.0,137.0,147.0,190.0,230.0,310.0,366.0,374.0,488.0,524.0,536.0,543.0,548.0,552.0,571.0,585.0,585.0,604.0,606.0,615.0,619.0,621.0,625.0,641.0,651.0,670.0,678.0,680.0,692.0,699.0,723.0,746.0,748.0,763.0,781.0,807.0,808.0,827.0,834.0,847.0,849.0,867.0,873.0,893.0,893.0,937.0,950.0,968.0,980.0,993.0,
46.0,79.0,122.0,149.0,150.0,166.0,175.0,178.0,229.0,259.0,275.0,299.0,311.0,335.0,350.0,385.0,395.0,417.0,462.0,485.0,499.0,517.0,519.0,530.0,530.0,534.0,537.0,545.0,559.0,559.0,565.0,570.0,573.0,575.0,579.0,582.0,583.0,588.0,588.0,593.0,596.0,621.0,645.0,646.0,656.0,698.0,701.0,707.0,708.0,723.0,748.0,756.0,759.0,764.0,764.0,779.0,795.0,808.0,826.0,833.0,855.0,867.0,871.0,880.0,897.0,906.0,969.0,970.0,983.0,991.0,
31.0,47.0,87.0,114.0,146.0,166.0,172.0,179.0,206.0,330.0,350.0,371.0,425.0,485.0,521.0,524.0,543.0,544.0,546.0,550.0,553.0,556.0,557.0,557.0,572.0,581.0,585.0,586.0,593.0,599.0,609.0,615.0,621.0,641.0,715.0,727.0,728.0,729.0,771.0,777.0,781.0,782.0,805.0,806.0,888.0,913.0,927.0,938.0,980.0,982.0,
4.0,25.0,45.0,45.0,57.0,69.0,93.0,108.0,143.0,159.0,168.0,174.0,252.0,253.0,282.0,315.0,322.0,332.0,343.0,346.0,367.0,388.0,427.0,486.0,513.0,564.0,574.0,601.0,622.0,646.0,716.0,796.0,839.0,845.0,846.0,970.0,
6.0,28.0,31.0,63.0,68.0,155.0,172.0,199.0,213.0,226.0,279.0,378.0,432.0,450.0,452.0,456.0,458.0,502.0,503.0,512.0,526.0,541.0,546.0,547.0,551.0,574.0,584.0,586.0,593.0,594.0,596.0,607.0,622.0,630.0,637.0,652.0,662.0,662.0,664.0,668.0,683.0,688.0,692.0,704.0,710.0,713.0,719.0,723.0,726.0,740.0,747.0,766.0,777.0,797.0,802.0,812.0,816.0,820.0,825.0,840.0,849.0,888.0,898.0,901.0,929.0,962.0,972.0,
29.0,49.0,95.0,116.0,121.0,128.0,159.0,177.0,191.0,224.0,248.0,253.0,283.0,295.0,313.0,315.0,337.0,347.0,359.0,440.0,482.0,498.0,530.0,533.0,537.0,543.0,544.0,544.0,545.0,546.0,549.0,557.0,558.0,563.0,563.0,566.0,569.0,573.0,580.0,595.0,598.0,599.0,612.0,624.0,625.0,642.0,643.0,644.0,661.0,680.0,701.0,716.0,725.0,726.0,729.0,730.0,737.0,740.0,763.0,785.0,809.0,824.0,860.0,876.0,879.0,885.0,921.0,921.0,941.0,945.0,953.0,970.0,980.0,986.0,
4.0,22.0,48.0,90.0,99.0,102.0,116.0,134.0,135.0,144.0,170.0,171.0,197.0,208.0,270.0,289.0,295.0,305.0,314.0,324.0,325.0,347.0,356.0,375.0,412.0,453.0,471.0,505.0,520.0,537.0,542.0,548.0,551.0,552.0,555.0,566.0,567.0,576.0,582.0,585.0,586.0,595.0,597.0,625.0,635.0,653.0,664.0,664.0,689.0,712.0,728.0,748.0,753.0,755.0,757.0,761.0,761.0,762.0,779.0,781.0,785.0,785.0,790.0,796.0,825.0,841.0,843.0,884.0,887.0,906.0,934.0,938.0,974.0,
8.0,81.0,139.0,183.0,204.0,318.0,329.0,361.0,375.0,396.0,427.0,434.0,471.0,471.0,488.0,506.0,509.0,519.0,523.0,526.0,529.0,536.0,536.0,538.0,538.0,539.0,540.0,547.0,561.0,562.0,573.0,578.0,579.0,588.0,618.0,629.0,630.0,635.0,663.0,671.0,673.0,676.0,679.0,708.0,720.0,739.0,785.0,793.0,824.0,856.0,909.0,915.0,956.0,978.0,
17.0,27.0,32.0,81.0,112.0,114.0,123.0,132.0,267.0,271.0,311.0,328.0,331.0,400.0,403.0,422.0,512.0,514.0,519.0,520.0,523.0,529.0,529.0,536.0,539.0,539.0,541.0,544.0,545.0,546.0,557.0,560.0,568.0,570.0,570.0,578.0,581.0,588.0,589.0,594.0,596.0,599.0,632.0,634.0,634.0,652.0,653.0,654.0,666.0,670.0,680.0,685.0,724.0,753.0,778.0,780.0,789.0,813.0,814.0,838.0,840.0,841.0,856.0,886.0,917.0,927.0,940.0,942.0,967.0,970.0,972.0,983.0,
38.0,100.0,116.0,117.0,130.0,136.0,229.0,237.0,294.0,301.0,322.0,364.0,365.0,407.0,432.0,436.0,511.0,519.0,522.0,526.0,534.0,543.0,545.0,545.0,570.0,572.0,580.0,588.0,603.0,613.0,615.0,626.0,628.0,630.0,639.0,640.0,640.0,644.0,655.0,663.0,664.0,668.0,671.0,677.0,682.0,683.0,692.0,717.0,734.0,739.0,740.0,767.0,779.0,791.0,793.0,796.0,797.0,798.0,798.0,809.0,846.0,924.0,1000.0,
22.0,26.0,36.0,57.0,130.0,149.0,185.0,238.0,283.0,288.0,290.0,324.0,395.0,401.0,428.0,428.0,429.0,490.0,523.0,527.0,538.0,541.0,550.0,562.0,563.0,564.0,565.0,577.0,586.0,602.0,604.0,607.0,642.0,647.0,651.0,652.0,653.0,659.0,672.0,697.0,750.0,763.0,767.0,792.0,802.0,816.0,823.0,844.0,868.0,885.0,891.0,901.0,908.0,932.0,955.0,992.0,
6.0,37.0,42.0,52.0,61.0,83.0,158.0,205.0,262.0,295.0,327.0,337.0,340.0,368.0,419.0,458.0,479.0,490.0,495.0,514.0,517.0,517.0,519.0,528.0,530.0,532.0,533.0,535.0,536.0,536.0,540.0,541.0,543.0,548.0,554.0,556.0,561.0,567.0,578.0,604.0,623.0,631.0,637.0,638.0,640.0,655.0,666.0,672.0,673.0,688.0,696.0,721.0,738.0,749.0,769.0,770.0,775.0,778.0,795.0,796.0,806.0,821.0,829.0,840.0,902.0,905.0,905.0,938.0,953.0,958.0,975.0,985.0,985.0,997.0,
12.0,65.0,109.0,121.0,125.0,257.0,310.0,336.0,394.0,401.0,402.0,432.0,466.0,472.0,480.0,507.0,510.0,516.0,516.0,518.0,522.0,526.0,532.0,535.0,541.0,543.0,547.0,554.0,555.0,555.0,556.0,575.0,578.0,581.0,604.0,605.0,607.0,610.0,614.0,625.0,632.0,638.0,640.0,648.0,651.0,654.0,655.0,678.0,678.0,685.0,710.0,714.0,720.0,720.0,723.0,730.0,743.0,752.0,763.0,770.0,775.0,791.0,803.0,806.0,819.0,878.0,892.0,895.0,957.0,959.0,963.0,986.0,998.0,1000.0,
4.0,65.0,97.0,128.0,134.0,143.0,157.0,164.0,179.0,190.0,212.0,217.0,230.0,250.0,267.0,274.0,282.0,312.0,320.0,323.0,372.0,396.0,452.0,461.0,525.0,578.0,627.0,636.0,637.0,646.0,657.0,665.0,665.0,702.0,718.0,727.0,757.0,758.0,822.0,840.0,843.0,904.0,930.0,931.0,944.0,963.0,987.0,991.0,
24.0,28.0,49.0,54.0,71.0,79.0,109.0,125.0,129.0,146.0,189.0,214.0,223.0,225.0,234.0,305.0,346.0,357.0,429.0,485.0,498.0,501.0,518.0,521.0,522.0,528.0,530.0,532.0,539.0,541.0,546.0,552.0,554.0,555.0,555.0,556.0,556.0,565.0,565.0,569.0,595.0,597.0,599.0,605.0,605.0,616.0,617.0,629.0,630.0,632.0,643.0,644.0,648.0,653.0,701.0,706.0,709.0,715.0,718.0,762.0,772.0,788.0,792.0,797.0,805.0,832.0,861.0,891.0,903.0,930.0,930.0,986.0,
29.0,39.0,66.0,75.0,75.0,99.0,129.0,137.0,289.0,304.0,310.0,359.0,359.0,364.0,416.0,423.0,426.0,440.0,444.0,460.0,474.0,494.0,538.0,546.0,549.0,554.0,554.0,555.0,557.0,563.0,563.0,577.0,584.0,595.0,596.0,604.0,616.0,629.0,629.0,641.0,644.0,674.0,675.0,675.0,719.0,722.0,723.0,727.0,732.0,790.0,837.0,851.0,869.0,879.0,882.0,891.0,903.0,913.0,982.0,
112.0,119.0,148.0,192.0,193.0,261.0,306.0,335.0,343.0,372.0,433.0,435.0,436.0,454.0,492.0,508.0,511.0,511.0,513.0,516.0,540.0,550.0,563.0,567.0,569.0,575.0,579.0,589.0,589.0,598.0,605.0,605.0,610.0,629.0,648.0,652.0,663.0,665.0,714.0,721.0,724.0,725.0,731.0,739.0,761.0,767.0,793.0,806.0,856.0,858.0,873.0,875.0,900.0,918.0,931.0,952.0,954.0,965.0,982.0,987.0,
32.0,44.0,104.0,111.0,117.0,137.0,144.0,155.0,181.0,183.0,198.0,208.0,219.0,248.0,250.0,251.0,300.0,304.0,334.0,338.0,365.0,377.0,382.0,403.0,422.0,427.0,444.0,448.0,455.0,491.0,522.0,526.0,527.0,532.0,536.0,540.0,541.0,542.0,559.0,562.0,563.0,571.0,577.0,585.0,600.0,603.0,609.0,614.0,617.0,622.0,627.0,627.0,629.0,631.0,645.0,662.0,662.0,668.0,679.0,700.0,701.0,703.0,704.0,717.0,730.0,734.0,740.0,747.0,753.0,776.0,783.0,797.0,804.0,826.0,849.0,861.0,862.0,885.0,890.0,901.0,937.0,958.0,996.0,999.0,
21.0,110.0,171.0,172.0,204.0,227.0,248.0,258.0,276.0,317.0,317.0,391.0,476.0,529.0,531.0,536.0,541.0,544.0,545.0,553.0,568.0,571.0,574.0,584.0,601.0,602.0,605.0,646.0,658.0,677.0,708.0,723.0,729.0,767.0,834.0,835.0,851.0,862.0,863.0,880.0,920.0,927.0,930.0,955.0,971.0,994.0,
10.0,15.0,22.0,43.0,59.0,126.0,146.0,150.0,176.0,227.0,239.0,324.0,365.0,441.0,441.0,467.0,492.0,524.0,525.0,530.0,534.0,536.0,537.0,548.0,553.0,562.0,562.0,582.0,582.0,592.0,597.0,600.0,604.0,608.0,610.0,655.0,664.0,676.0,677.0,712.0,717.0,732.0,742.0,814.0,836.0,836.0,842.0,848.0,882.0,883.0,886.0,896.0,904.0,912.0,935.0,949.0,965.0,993.0,
5.0,18.0,31.0,68.0,112.0,141.0,147.0,152.0,157.0,191.0,201.0,206.0,231.0,314.0,317.0,320.0,336.0,361.0,372.0,373.0,386.0,394.0,423.0,426.0,459.0,487.0,518.0,520.0,523.0,534.0,538.0,545.0,559.0,560.0,573.0,577.0,583.0,594.0,606.0,625.0,631.0,646.0,651.0,658.0,661.0,673.0,679.0,732.0,769.0,771.0,780.0,786.0,806.0,832.0,855.0,884.0,899.0,949.0,949.0,962.0,965.0,977.0,989.0,
21.0,84.0,100.0,129.0,150.0,154.0,172.0,180.0,185.0,298.0,308.0,357.0,402.0,424.0,440.0,471.0,484.0,520.0,529.0,531.0,531.0,532.0,542.0,549.0,553.0,556.0,557.0,558.0,569.0,576.0,579.0,579.0,582.0,583.0,604.0,606.0,612.0,617.0,621.0,624.0,627.0,636.0,670.0,677.0,684.0,697.0,735.0,765.0,789.0,846.0,872.0,874.0,883.0,887.0,905.0,916.0,924.0,942.0,987.0,
26.0,85.0,96.0,114.0,119.0,126.0,170.0,198.0,209.0,218.0,226.0,264.0,272.0,279.0,402.0,451.0,507.0,515.0,524.0,532.0,534.0,546.0,547.0,553.0,555.0,555.0,562.0,568.0,569.0,574.0,574.0,575.0,579.0,579.0,583.0,585.0,595.0,603.0,636.0,645.0,701.0,713.0,722.0,725.0,727.0,733.0,738.0,738.0,742.0,743.0,750.0,751.0,764.0,793.0,797.0,824.0,831.0,834.0,855.0,866.0,881.0,888.0,919.0,921.0,934.0,935.0,939.0,951.0,955.0,967.0,967.0,
102.0,123.0,153.0,210.0,211.0,264.0,346.0,415.0,424.0,434.0,437.0,470.0,513.0,538.0,538.0,538.0,539.0,542.0,546.0,558.0,558.0,561.0,575.0,580.0,580.0,613.0,628.0,629.0,649.0,667.0,712.0,713.0,719.0,726.0,742.0,795.0,811.0,825.0,860.0,918.0,925.0,934.0,958.0,960.0,963.0,969.0,
43.0,116.0,159.0,170.0,183.0,189.0,190.0,198.0,268.0,271.0,291.0,296.0,360.0,378.0,388.0,390.0,398.0,411.0,484.0,527.0,528.0,530.0,534.0,534.0,543.0,561.0,574.0,576.0,577.0,582.0,588.0,591.0,603.0,607.0,607.0,614.0,621.0,628.0,633.0,637.0,637.0,644.0,657.0,664.0,681.0,716.0,725.0,728.0,739.0,748.0,761.0,764.0,769.0,772.0,784.0,786.0,797.0,804.0,820.0,821.0,841.0,842.0,852.0,872.0,881.0,886.0,908.0,911.0,916.0,918.0,925.0,935.0,938.0,949.0,950.0,954.0,980.0,983.0,986.0,998.0,
6.0,35.0,49.0,76.0,101.0,192.0,205.0,234.0,260.0,280.0,350.0,364.0,364.0,369.0,424.0,436.0,444.0,446.0,507.0,519.0,521.0,529.0,530.0,531.0,543.0,544.0,546.0,548.0,548.0,548.0,550.0,563.0,566.0,580.0,580.0,582.0,589.0,589.0,606.0,619.0,630.0,637.0,638.0,698.0,715.0,722.0,728.0,734.0,743.0,755.0,771.0,817.0,850.0,866.0,867.0,878.0,879.0,879.0,932.0,937.0,949.0,
30.0,88.0,132.0,149.0,178.0,184.0,224.0,229.0,259.0,301.0,305.0,438.0,454.0,482.0,489.0,506.0,525.0,526.0,529.0,532.0,538.0,539.0,544.0,544.0,552.0,556.0,578.0,592.0,596.0,606.0,622.0,625.0,627.0,643.0,672.0,675.0,676.0,685.0,685.0,698.0,701.0,726.0,792.0,827.0,828.0,840.0,845.0,849.0,856.0,885.0,931.0,935.0,977.0,
17.0,77.0,130.0,134.0,135.0,149.0,163.0,285.0,307.0,332.0,339.0,351.0,357.0,398.0,415.0,417.0,491.0,512.0,516.0,524.0,532.0,537.0,544.0,545.0,546.0,550.0,553.0,557.0,572.0,574.0,575.0,577.0,578.0,586.0,589.0,589.0,597.0,601.0,601.0,608.0,617.0,621.0,670.0,671.0,680.0,698.0,729.0,750.0,753.0,801.0,840.0,855.0,884.0,888.0,909.0,910.0,920.0,954.0,968.0,969.0,987.0,999.0,
118.0,158.0,206.0,280.0,285.0,365.0,376.0,390.0,401.0,405.0,413.0,417.0,425.0,449.0,450.0,485.0,494.0,499.0,510.0,523.0,526.0,530.0,534.0,534.0,544.0,548.0,557.0,564.0,583.0,595.0,605.0,607.0,638.0,649.0,660.0,665.0,682.0,690.0,695.0,739.0,749.0,784.0,788.0,800.0,817.0,820.0,846.0,887.0,911.0,911.0,933.0,960.0,
3.0,7.0,23.0,56.0,58.0,58.0,67.0,76.0,124.0,133.0,133.0,193.0,206.0,238.0,248.0,274.0,276.0,329.0,337.0,364.0,406.0,420.0,431.0,445.0,517.0,533.0,533.0,543.0,550.0,551.0,552.0,552.0,556.0,556.0,561.0,571.0,583.0,586.0,612.0,612.0,618.0,623.0,656.0,663.0,664.0,673.0,674.0,680.0,682.0,693.0,702.0,718.0,726.0,727.0,759.0,763.0,771.0,781.0,781.0,801.0,828.0,831.0,839.0,844.0,885.0,979.0,996.0,
2.0,6.0,121.0,161.0,234.0,248.0,253.0,290.0,302.0,327.0,330.0,335.0,363.0,418.0,451.0,490.0,494.0,502.0,519.0,522.0,533.0,543.0,544.0,545.0,555.0,555.0,557.0,559.0,564.0,579.0,580.0,585.0,608.0,618.0,623.0,633.0,642.0,646.0,654.0,659.0,659.0,666.0,676.0,678.0,687.0,691.0,693.0,701.0,715.0,738.0,738.0,747.0,749.0,751.0,753.0,777.0,783.0,783.0,815.0,823.0,823.0,835.0,840.0,863.0,918.0,940.0,964.0,991.0,
5.0,101.0,116.0,125.0,157.0,211.0,211.0,229.0,231.0,291.0,329.0,334.0,337.0,339.0,397.0,500.0,517.0,523.0,527.0,529.0,531.0,537.0,548.0,550.0,551.0,551.0,551.0,569.0,575.0,577.0,578.0,581.0,590.0,591.0,596.0,612.0,623.0,642.0,644.0,665.0,687.0,693.0,694.0,699.0,742.0,790.0,796.0,805.0,807.0,812.0,839.0,873.0,901.0,917.0,922.0,923.0,923.0,924.0,957.0,966.0,989.0,
72.0,78.0,119.0,130.0,155.0,162.0,186.0,218.0,218.0,306.0,307.0,330.0,338.0,341.0,408.0,470.0,472.0,472.0,480.0,493.0,501.0,522.0,526.0,533.0,534.0,537.0,537.0,542.0,544.0,545.0,547.0,548.0,553.0,556.0,561.0,562.0,562.0,562.0,564.0,581.0,582.0,583.0,589.0,602.0,602.0,602.0,603.0,603.0,613.0,620.0,633.0,636.0,637.0,640.0,647.0,652.0,667.0,670.0,720.0,725.0,728.0,739.0,745.0,754.0,775.0,794.0,799.0,807.0,809.0,810.0,817.0,819.0,819.0,828.0,848.0,854.0,879.0,879.0,904.0,909.0,913.0,927.0,945.0,956.0,958.0,980.0,980.0,997.0,
44.0,64.0,113.0,156.0,294.0,300.0,326.0,331.0,336.0,366.0,377.0,452.0,493.0,502.0,523.0,541.0,542.0,543.0,574.0,578.0,608.0,635.0,660.0,678.0,747.0,752.0,796.0,796.0,815.0,876.0,900.0,926.0,992.0,
56.0,70.0,89.0,100.0,127.0,137.0,209.0,239.0,257.0,332.0,334.0,378.0,388.0,398.0,414.0,417.0,491.0,536.0,552.0,555.0,561.0,571.0,572.0,574.0,590.0,591.0,594.0,594.0,595.0,599.0,600.0,605.0,607.0,610.0,638.0,650.0,654.0,663.0,674.0,677.0,682.0,682.0,715.0,722.0,731.0,742.0,750.0,750.0,778.0,801.0,823.0,838.0,844.0,864.0,899.0,904.0,922.0,931.0,934.0,950.0,950.0,957.0,973.0,985.0,989.0,993.0,
144.0,173.0,179.0,187.0,200.0,214.0,237.0,250.0,276.0,328.0,417.0,427.0,431.0,432.0,447.0,473.0,494.0,527.0,533.0,538.0,539.0,548.0,552.0,555.0,568.0,569.0,570.0,578.0,579.0,596.0,599.0,609.0,613.0,618.0,676.0,680.0,684.0,693.0,706.0,719.0,745.0,751.0,765.0,768.0,772.0,784.0,807.0,820.0,841.0,847.0,973.0,984.0,
21.0,23.0,56.0,61.0,72.0,75.0,81.0,133.0,146.0,163.0,174.0,206.0,220.0,240.0,260.0,289.0,356.0,362.0,374.0,455.0,488.0,527.0,532.0,533.0,535.0,539.0,543.0,552.0,552.0,553.0,554.0,555.0,564.0,573.0,596.0,620.0,633.0,638.0,643.0,666.0,676.0,682.0,687.0,690.0,707.0,750.0,758.0,764.0,832.0,842.0,849.0,899.0,930.0,950.0,984.0,
28.0,29.0,32.0,83.0,93.0,100.0,117.0,142.0,153.0,154.0,175.0,207.0,251.0,312.0,322.0,339.0,342.0,370.0,377.0,390.0,463.0,468.0,479.0,480.0,496.0,498.0,504.0,512.0,514.0,521.0,528.0,529.0,534.0,534.0,535.0,536.0,537.0,542.0,548.0,552.0,561.0,562.0,570.0,570.0,581.0,585.0,593.0,599.0,604.0,653.0,677.0,685.0,688.0,709.0,718.0,750.0,758.0,763.0,768.0,777.0,796.0,809.0,817.0,818.0,831.0,834.0,839.0,874.0,874.0,879.0,881.0,884.0,924.0,942.0,954.0,956.0,976.0,986.0,991.0,999.0,
94.0,140.0,161.0,186.0,210.0,223.0,224.0,252.0,305.0,327.0,351.0,364.0,373.0,431.0,438.0,475.0,489.0,495.0,520.0,529.0,530.0,532.0,541.0,544.0,546.0,549.0,549.0,552.0,553.0,555.0,560.0,560.0,562.0,566.0,578.0,582.0,591.0,593.0,601.0,607.0,612.0,615.0,647.0,660.0,682.0,685.0,686.0,686.0,692.0,699.0,720.0,722.0,730.0,735.0,736.0,745.0,749.0,775.0,841.0,875.0,897.0,930.0,937.0,947.0,956.0,966.0,
47.0,65.0,98.0,110.0,138.0,150.0,165.0,169.0,179.0,188.0,220.0,242.0,243.0,259.0,265.0,284.0,286.0,345.0,362.0,403.0,455.0,462.0,483.0,518.0,521.0,534.0,538.0,538.0,539.0,543.0,548.0,548.0,553.0,562.0,567.0,569.0,570.0,571.0,578.0,580.0,599.0,601.0,603.0,608.0,608.0,613.0,617.0,624.0,635.0,644.0,645.0,647.0,663.0,689.0,721.0,749.0,791.0,793.0,805.0,809.0,820.0,837.0,851.0,855.0,867.0,905.0,955.0,
12.0,40.0,48.0,55.0,55.0,127.0,149.0,199.0,253.0,317.0,346.0,362.0,363.0,381.0,464.0,520.0,527.0,534.0,535.0,537.0,538.0,542.0,544.0,548.0,552.0,553.0,557.0,559.0,562.0,565.0,570.0,575.0,579.0,589.0,594.0,597.0,598.0,604.0,616.0,617.0,617.0,617.0,619.0,621.0,626.0,627.0,632.0,637.0,670.0,702.0,720.0,733.0,740.0,746.0,756.0,757.0,762.0,772.0,772.0,774.0,781.0,796.0,865.0,866.0,890.0,912.0,915.0,966.0,979.0,995.0,995.0,
15.0,27.0,32.0,49.0,77.0,89.0,130.0,215.0,260.0,302.0,339.0,342.0,365.0,390.0,391.0,393.0,411.0,413.0,457.0,495.0,518.0,522.0,523.0,533.0,534.0,539.0,544.0,544.0,545.0,567.0,579.0,583.0,586.0,595.0,597.0,600.0,612.0,617.0,674.0,706.0,710.0,714.0,719.0,734.0,745.0,781.0,823.0,825.0,832.0,849.0,852.0,864.0,876.0,881.0,887.0,907.0,923.0,939.0,945.0,972.0,995.0,
15.0,40.0,51.0,53.0,56.0,84.0,158.0,164.0,183.0,188.0,190.0,203.0,224.0,229.0,237.0,267.0,301.0,309.0,349.0,356.0,384.0,408.0,432.0,447.0,467.0,477.0,522.0,523.0,528.0,530.0,532.0,532.0,532.0,544.0,545.0,547.0,548.0,550.0,552.0,553.0,554.0,556.0,565.0,572.0,576.0,579.0,587.0,593.0,598.0,601.0,617.0,619.0,621.0,625.0,643.0,643.0,649.0,663.0,673.0,673.0,675.0,680.0,682.0,697.0,697.0,699.0,708.0,713.0,718.0,726.0,737.0,751.0,751.0,758.0,774.0,778.0,781.0,790.0,804.0,823.0,827.0,835.0,842.0,852.0,857.0,871.0,872.0,872.0,873.0,874.0,898.0,927.0,939.0,979.0,990.0,
23.0,86.0,222.0,337.0,352.0,383.0,387.0,418.0,449.0,464.0,489.0,504.0,513.0,518.0,535.0,638.0,651.0,835.0,857.0,895.0,953.0,986.0,991.0,
35.0,139.0,154.0,164.0,215.0,259.0,298.0,339.0,360.0,399.0,412.0,419.0,481.0,511.0,534.0,547.0,559.0,566.0,568.0,574.0,577.0,578.0,585.0,593.0,593.0,598.0,601.0,607.0,625.0,634.0,635.0,650.0,653.0,678.0,691.0,712.0,713.0,722.0,766.0,792.0,795.0,805.0,806.0,810.0,813.0,836.0,843.0,872.0,874.0,914.0,918.0,921.0,943.0,948.0,959.0,967.0,995.0,995.0,
23.0,62.0,66.0,92.0,108.0,110.0,131.0,180.0,201.0,227.0,234.0,249.0,321.0,394.0,466.0,511.0,523.0,525.0,527.0,532.0,535.0,541.0,545.0,553.0,553.0,554.0,555.0,557.0,596.0,602.0,609.0,611.0,620.0,620.0,630.0,636.0,648.0,659.0,674.0,679.0,723.0,726.0,747.0,787.0,797.0,835.0,858.0,881.0,885.0,892.0,898.0,953.0,982.0,983.0,
4.0,45.0,46.0,94.0,97.0,121.0,121.0,139.0,174.0,197.0,210.0,222.0,279.0,408.0,423.0,444.0,466.0,473.0,485.0,507.0,532.0,540.0,548.0,550.0,556.0,557.0,557.0,565.0,573.0,578.0,580.0,586.0,586.0,589.0,591.0,596.0,605.0,620.0,630.0,633.0,692.0,701.0,703.0,726.0,741.0,763.0,772.0,808.0,810.0,812.0,851.0,854.0,856.0,881.0,882.0,922.0,938.0,957.0,
2.0,17.0,50.0,50.0,77.0,100.0,130.0,132.0,134.0,162.0,162.0,202.0,335.0,349.0,377.0,418.0,450.0,512.0,521.0,522.0,528.0,532.0,534.0,535.0,540.0,542.0,543.0,545.0,549.0,550.0,553.0,554.0,554.0,554.0,563.0,570.0,570.0,575.0,595.0,600.0,604.0,607.0,608.0,623.0,626.0,646.0,652.0,655.0,658.0,660.0,677.0,686.0,689.0,691.0,694.0,719.0,750.0,752.0,755.0,763.0,812.0,813.0,815.0,817.0,841.0,841.0,952.0,991.0,
12.0,14.0,50.0,68.0,71.0,82.0,114.0,121.0,155.0,167.0,170.0,240.0,280.0,285.0,311.0,321.0,362.0,440.0,476.0,528.0,530.0,533.0,539.0,544.0,547.0,550.0,562.0,565.0,580.0,582.0,585.0,602.0,609.0,617.0,624.0,628.0,635.0,643.0,648.0,650.0,658.0,659.0,665.0,666.0,673.0,685.0,702.0,702.0,784.0,809.0,831.0,840.0,853.0,870.0,871.0,880.0,898.0,901.0,914.0,918.0,961.0,969.0,983.0,
15.0,52.0,74.0,84.0,130.0,142.0,143.0,206.0,223.0,234.0,364.0,369.0,402.0,444.0,474.0,482.0,516.0,523.0,532.0,533.0,534.0,538.0,549.0,555.0,557.0,558.0,559.0,561.0,564.0,576.0,578.0,582.0,588.0,595.0,619.0,625.0,651.0,671.0,673.0,696.0,722.0,737.0,742.0,748.0,749.0,770.0,772.0,775.0,797.0,827.0,845.0,858.0,862.0,948.0,958.0,991.0,994.0,
60.0,94.0,113.0,133.0,138.0,154.0,181.0,220.0,224.0,226.0,226.0,239.0,266.0,279.0,282.0,297.0,307.0,334.0,339.0,342.0,380.0,385.0,398.0,441.0,525.0,540.0,546.0,549.0,557.0,576.0,583.0,597.0,598.0,603.0,615.0,629.0,630.0,631.0,638.0,658.0,669.0,675.0,678.0,678.0,714.0,728.0,745.0,778.0,788.0,790.0,802.0,833.0,844.0,846.0,867.0,870.0,872.0,881.0,902.0,905.0,911.0,918.0,924.0,937.0,961.0,970.0,972.0,977.0,
39.0,57.0,99.0,107.0,134.0,159.0,164.0,217.0,344.0,356.0,362.0,366.0,387.0,429.0,441.0,454.0,477.0,521.0,523.0,533.0,534.0,537.0,540.0,541.0,543.0,544.0,545.0,557.0,558.0,577.0,583.0,591.0,601.0,603.0,610.0,616.0,621.0,624.0,633.0,633.0,645.0,661.0,665.0,693.0,708.0,791.0,808.0,808.0,810.0,814.0,825.0,837.0,838.0,840.0,859.0,871.0,909.0,922.0,943.0,944.0,948.0,985.0,1000.0,
132.0,216.0,300.0,331.0,347.0,360.0,400.0,420.0,440.0,442.0,451.0,515.0,523.0,528.0,531.0,534.0,534.0,535.0,541.0,548.0,553.0,565.0,570.0,570.0,581.0,581.0,584.0,584.0,587.0,601.0,606.0,609.0,615.0,626.0,629.0,652.0,656.0,659.0,666.0,671.0,673.0,693.0,713.0,719.0,734.0,740.0,798.0,802.0,804.0,820.0,827.0,842.0,874.0,890.0,893.0,898.0,899.0,918.0,930.0,934.0,938.0,990.0,
4.0,26.0,33.0,62.0,63.0,71.0,101.0,143.0,168.0,190.0,199.0,203.0,232.0,257.0,271.0,275.0,279.0,323.0,482.0,518.0,524.0,541.0,625.0,640.0,659.0,660.0,740.0,762.0,784.0,806.0,834.0,944.0,968.0,980.0,
20.0,95.0,98.0,142.0,159.0,178.0,310.0,355.0,367.0,380.0,430.0,432.0,474.0,503.0,535.0,541.0,559.0,567.0,571.0,589.0,614.0,616.0,639.0,649.0,690.0,700.0,728.0,728.0,735.0,760.0,769.0,818.0,851.0,853.0,871.0,909.0,951.0,962.0,964.0,970.0,
7.0,16.0,20.0,37.0,40.0,62.0,80.0,96.0,99.0,133.0,223.0,265.0,272.0,281.0,292.0,302.0,307.0,345.0,414.0,510.0,528.0,535.0,537.0,543.0,548.0,550.0,557.0,560.0,569.0,575.0,575.0,577.0,585.0,586.0,587.0,590.0,593.0,597.0,602.0,606.0,608.0,608.0,644.0,645.0,646.0,652.0,655.0,655.0,677.0,685.0,692.0,703.0,706.0,726.0,748.0,750.0,781.0,789.0,795.0,797.0,808.0,825.0,865.0,897.0,916.0,920.0,954.0,954.0,962.0,967.0,979.0,
39.0,83.0,102.0,109.0,111.0,160.0,205.0,301.0,306.0,337.0,343.0,374.0,423.0,442.0,515.0,520.0,521.0,525.0,526.0,529.0,532.0,539.0,541.0,542.0,543.0,543.0,547.0,554.0,557.0,558.0,561.0,561.0,562.0,581.0,587.0,590.0,591.0,603.0,606.0,610.0,612.0,624.0,637.0,649.0,668.0,670.0,679.0,699.0,708.0,726.0,729.0,736.0,744.0,749.0,755.0,763.0,777.0,787.0,800.0,819.0,838.0,846.0,852.0,908.0,917.0,930.0,945.0,976.0,997.0,
47.0,57.0,60.0,115.0,139.0,151.0,157.0,205.0,248.0,261.0,298.0,299.0,320.0,378.0,379.0,396.0,464.0,469.0,505.0,529.0,529.0,537.0,540.0,540.0,544.0,546.0,552.0,552.0,554.0,556.0,565.0,568.0,570.0,584.0,589.0,592.0,594.0,596.0,599.0,609.0,627.0,633.0,634.0,640.0,646.0,668.0,679.0,691.0,691.0,694.0,702.0,706.0,722.0,727.0,741.0,752.0,771.0,789.0,792.0,800.0,809.0,823.0,845.0,853.0,855.0,881.0,882.0,897.0,914.0,926.0,939.0,943.0,947.0,948.0,968.0,970.0,979.0,997.0,
18.0,31.0,39.0,46.0,68.0,112.0,148.0,198.0,221.0,293.0,313.0,325.0,384.0,386.0,424.0,435.0,448.0,457.0,487.0,501.0,511.0,514.0,520.0,520.0,520.0,522.0,542.0,543.0,544.0,549.0,550.0,551.0,554.0,575.0,575.0,576.0,580.0,582.0,601.0,608.0,619.0,622.0,624.0,625.0,637.0,642.0,647.0,653.0,701.0,704.0,708.0,711.0,714.0,719.0,729.0,737.0,742.0,764.0,786.0,795.0,796.0,800.0,807.0,813.0,827.0,847.0,849.0,870.0,873.0,910.0,943.0,969.0,
21.0,24.0,25.0,55.0,69.0,79.0,126.0,171.0,206.0,210.0,235.0,237.0,238.0,283.0,300.0,348.0,365.0,370.0,373.0,413.0,417.0,421.0,444.0,471.0,473.0,489.0,514.0,518.0,519.0,523.0,523.0,528.0,530.0,534.0,538.0,544.0,549.0,554.0,555.0,567.0,573.0,589.0,605.0,606.0,608.0,610.0,614.0,614.0,646.0,648.0,649.0,673.0,707.0,736.0,740.0,770.0,770.0,773.0,804.0,825.0,846.0,869.0,928.0,938.0,950.0,962.0,979.0,
60.0,142.0,152.0,180.0,212.0,249.0,250.0,260.0,308.0,348.0,442.0,455.0,459.0,470.0,487.0,511.0,514.0,527.0,528.0,539.0,542.0,544.0,553.0,557.0,571.0,590.0,590.0,593.0,603.0,620.0,655.0,661.0,687.0,690.0,692.0,696.0,700.0,701.0,701.0,707.0,712.0,714.0,723.0,736.0,752.0,789.0,794.0,826.0,841.0,848.0,936.0,943.0,956.0,970.0,980.0,981.0,
46.0,71.0,93.0,170.0,173.0,173.0,192.0,211.0,275.0,282.0,296.0,359.0,401.0,426.0,454.0,460.0,468.0,518.0,518.0,526.0,530.0,530.0,534.0,541.0,543.0,544.0,554.0,556.0,559.0,562.0,579.0,587.0,598.0,606.0,608.0,621.0,624.0,629.0,639.0,644.0,656.0,664.0,673.0,677.0,683.0,684.0,694.0,696.0,699.0,732.0,752.0,753.0,761.0,771.0,789.0,793.0,820.0,823.0,828.0,829.0,834.0,842.0,848.0,852.0,857.0,866.0,890.0,914.0,918.0,930.0,936.0,959.0,984.0,985.0,997.0,1000.0,
23.0,50.0,73.0,112.0,134.0,204.0,252.0,258.0,261.0,265.0,268.0,289.0,294.0,314.0,316.0,316.0,321.0,370.0,371.0,413.0,444.0,484.0,516.0,519.0,521.0,528.0,541.0,553.0,555.0,559.0,560.0,574.0,626.0,641.0,646.0,654.0,705.0,710.0,750.0,758.0,765.0,785.0,792.0,805.0,811.0,863.0,941.0,979.0,
18.0,38.0,76.0,77.0,88.0,90.0,91.0,96.0,112.0,127.0,191.0,225.0,269.0,299.0,335.0,395.0,421.0,456.0,512.0,559.0,560.0,562.0,570.0,577.0,609.0,615.0,651.0,679.0,730.0,733.0,734.0,748.0,800.0,806.0,857.0,928.0,979.0,994.0,
107.0,119.0,129.0,146.0,168.0,187.0,188.0,220.0,268.0,270.0,274.0,277.0,305.0,360.0,364.0,378.0,444.0,456.0,519.0,532.0,567.0,578.0,638.0,640.0,771.0,973.0,
31.0,35.0,50.0,94.0,161.0,210.0,213.0,230.0,267.0,279.0,286.0,342.0,387.0,393.0,418.0,421.0,461.0,476.0,495.0,510.0,510.0,516.0,538.0,542.0,543.0,554.0,559.0,578.0,584.0,598.0,599.0,603.0,621.0,661.0,665.0,681.0,696.0,728.0,752.0,783.0,810.0,810.0,827.0,841.0,881.0,898.0,907.0,932.0,941.0,942.0,977.0,978.0,
15.0,31.0,34.0,93.0,111.0,143.0,177.0,189.0,265.0,274.0,395.0,454.0,460.0,488.0,517.0,526.0,528.0,530.0,530.0,535.0,549.0,554.0,565.0,571.0,576.0,593.0,599.0,600.0,607.0,614.0,617.0,617.0,663.0,666.0,677.0,717.0,720.0,731.0,739.0,766.0,776.0,804.0,810.0,881.0,888.0,926.0,952.0,958.0,977.0,
94.0,129.0,159.0,181.0,204.0,261.0,262.0,281.0,283.0,302.0,328.0,356.0,358.0,454.0,464.0,486.0,522.0,528.0,533.0,534.0,541.0,543.0,545.0,547.0,549.0,556.0,559.0,560.0,571.0,572.0,579.0,586.0,597.0,600.0,607.0,608.0,620.0,624.0,627.0,630.0,638.0,658.0,674.0,678.0,679.0,681.0,711.0,723.0,735.0,741.0,746.0,748.0,759.0,785.0,792.0,803.0,808.0,818.0,818.0,824.0,844.0,860.0,861.0,875.0,889.0,894.0,897.0,899.0,913.0,918.0,925.0,951.0,990.0,997.0,999.0,
36.0,38.0,46.0,64.0,73.0,80.0,84.0,85.0,92.0,123.0,131.0,131.0,189.0,198.0,204.0,238.0,314.0,367.0,400.0,436.0,458.0,462.0,472.0,489.0,533.0,539.0,540.0,540.0,542.0,542.0,544.0,554.0,560.0,560.0,560.0,560.0,561.0,565.0,572.0,577.0,583.0,584.0,590.0,592.0,621.0,627.0,637.0,639.0,661.0,687.0,698.0,700.0,728.0,732.0,753.0,777.0,787.0,814.0,876.0,884.0,896.0,899.0,899.0,908.0,931.0,946.0,953.0,992.0,
19.0,22.0,23.0,26.0,38.0,45.0,46.0,78.0,91.0,113.0,137.0,149.0,163.0,175.0,180.0,184.0,209.0,233.0,266.0,277.0,308.0,313.0,368.0,382.0,420.0,445.0,488.0,490.0,498.0,509.0,525.0,531.0,542.0,546.0,548.0,550.0,551.0,551.0,553.0,563.0,565.0,580.0,590.0,592.0,600.0,600.0,601.0,608.0,621.0,622.0,650.0,680.0,686.0,701.0,703.0,719.0,721.0,729.0,729.0,743.0,756.0,760.0,776.0,780.0,803.0,805.0,820.0,821.0,863.0,870.0,885.0,899.0,901.0,919.0,941.0,950.0,975.0,982.0,
32.0,46.0,70.0,87.0,101.0,219.0,228.0,237.0,238.0,249.0,323.0,352.0,388.0,410.0,420.0,423.0,453.0,477.0,518.0,523.0,529.0,530.0,540.0,544.0,550.0,552.0,556.0,561.0,568.0,569.0,572.0,582.0,583.0,589.0,590.0,607.0,642.0,680.0,727.0,729.0,749.0,773.0,775.0,797.0,831.0,850.0,851.0,868.0,880.0,894.0,905.0,930.0,949.0,967.0,995.0,
27.0,42.0,45.0,49.0,58.0,76.0,96.0,126.0,141.0,227.0,284.0,292.0,311.0,328.0,410.0,535.0,558.0,566.0,571.0,572.0,591.0,598.0,635.0,650.0,665.0,677.0,690.0,754.0,767.0,770.0,799.0,827.0,872.0,897.0,902.0,929.0,958.0,
30.0,119.0,176.0,191.0,268.0,293.0,324.0,341.0,368.0,392.0,409.0,421.0,422.0,423.0,448.0,479.0,493.0,509.0,518.0,528.0,554.0,586.0,616.0,617.0,626.0,643.0,689.0,752.0,827.0,828.0,903.0,959.0,
