27.0,55.0,58.0,71.0,84.0,115.0,119.0,163.0,188.0,216.0,232.0,248.0,344.0,384.0,391.0,398.0,398.0,407.0,417.0,433.0,434.0,441.0,485.0,542.0,568.0,625.0,640.0,754.0,759.0,759.0,763.0,763.0,765.0,783.0,798.0,799.0,817.0,845.0,855.0,915.0,920.0,
12.0,57.0,86.0,101.0,118.0,135.0,144.0,155.0,184.0,217.0,255.0,261.0,328.0,354.0,359.0,389.0,407.0,408.0,414.0,501.0,503.0,540.0,542.0,597.0,695.0,698.0,729.0,735.0,781.0,800.0,825.0,904.0,934.0,938.0,952.0,956.0,959.0,961.0,966.0,
47.0,48.0,68.0,78.0,81.0,88.0,103.0,124.0,136.0,167.0,172.0,219.0,227.0,259.0,268.0,291.0,306.0,325.0,341.0,356.0,371.0,441.0,454.0,455.0,473.0,500.0,514.0,515.0,558.0,570.0,575.0,577.0,674.0,682.0,715.0,738.0,781.0,865.0,870.0,880.0,937.0,949.0,959.0,960.0,
12.0,14.0,24.0,52.0,53.0,56.0,105.0,111.0,136.0,154.0,158.0,164.0,197.0,199.0,219.0,235.0,244.0,250.0,276.0,293.0,369.0,387.0,387.0,417.0,429.0,443.0,519.0,533.0,548.0,557.0,622.0,639.0,639.0,657.0,717.0,796.0,839.0,844.0,878.0,965.0,986.0,
55.0,79.0,85.0,98.0,106.0,108.0,132.0,159.0,185.0,297.0,340.0,347.0,353.0,403.0,407.0,410.0,431.0,432.0,470.0,475.0,494.0,505.0,520.0,535.0,545.0,564.0,594.0,597.0,617.0,623.0,655.0,680.0,683.0,727.0,747.0,754.0,785.0,799.0,861.0,865.0,867.0,922.0,927.0,
33.0,57.0,147.0,180.0,243.0,258.0,261.0,263.0,289.0,338.0,344.0,389.0,425.0,427.0,436.0,440.0,470.0,507.0,530.0,532.0,540.0,554.0,563.0,576.0,587.0,587.0,588.0,597.0,664.0,708.0,708.0,713.0,740.0,754.0,783.0,834.0,883.0,908.0,909.0,971.0,
56.0,121.0,129.0,131.0,169.0,172.0,184.0,241.0,252.0,295.0,309.0,324.0,370.0,378.0,391.0,426.0,428.0,431.0,441.0,458.0,519.0,524.0,525.0,525.0,534.0,559.0,570.0,571.0,576.0,589.0,613.0,618.0,619.0,626.0,636.0,670.0,690.0,724.0,772.0,774.0,792.0,804.0,823.0,829.0,830.0,968.0,978.0,
66.0,149.0,182.0,190.0,218.0,259.0,280.0,318.0,361.0,362.0,438.0,459.0,475.0,481.0,488.0,522.0,549.0,585.0,630.0,648.0,648.0,667.0,683.0,704.0,798.0,808.0,826.0,853.0,879.0,956.0,960.0,
18.0,22.0,25.0,37.0,44.0,60.0,71.0,151.0,156.0,167.0,168.0,195.0,202.0,208.0,290.0,291.0,314.0,331.0,353.0,364.0,377.0,407.0,416.0,424.0,440.0,531.0,566.0,580.0,586.0,602.0,606.0,665.0,710.0,713.0,831.0,876.0,891.0,921.0,928.0,957.0,960.0,
41.0,56.0,81.0,98.0,107.0,113.0,131.0,143.0,156.0,161.0,176.0,184.0,194.0,202.0,210.0,212.0,219.0,224.0,227.0,243.0,265.0,300.0,305.0,320.0,352.0,363.0,385.0,394.0,414.0,443.0,460.0,525.0,563.0,594.0,596.0,626.0,644.0,663.0,683.0,728.0,744.0,750.0,756.0,785.0,792.0,800.0,834.0,840.0,844.0,885.0,918.0,928.0,928.0,930.0,974.0,994.0,
17.0,49.0,77.0,79.0,134.0,182.0,202.0,218.0,228.0,229.0,237.0,334.0,346.0,383.0,390.0,447.0,453.0,532.0,563.0,745.0,749.0,773.0,778.0,797.0,863.0,874.0,890.0,891.0,899.0,905.0,932.0,
6.0,53.0,57.0,81.0,83.0,127.0,138.0,160.0,170.0,181.0,268.0,286.0,287.0,322.0,344.0,354.0,364.0,407.0,407.0,437.0,460.0,495.0,519.0,551.0,575.0,643.0,777.0,802.0,825.0,856.0,897.0,914.0,925.0,970.0,978.0,
19.0,34.0,67.0,163.0,214.0,227.0,246.0,268.0,284.0,287.0,366.0,371.0,450.0,481.0,486.0,501.0,522.0,528.0,538.0,546.0,557.0,561.0,562.0,614.0,622.0,631.0,677.0,686.0,720.0,731.0,779.0,791.0,792.0,797.0,884.0,884.0,927.0,994.0,995.0,
63.0,74.0,92.0,106.0,114.0,120.0,125.0,168.0,179.0,199.0,264.0,273.0,296.0,311.0,317.0,323.0,328.0,340.0,356.0,367.0,373.0,374.0,410.0,445.0,509.0,516.0,522.0,532.0,534.0,538.0,544.0,547.0,551.0,566.0,566.0,576.0,586.0,598.0,611.0,615.0,642.0,643.0,649.0,649.0,651.0,655.0,670.0,675.0,687.0,688.0,692.0,719.0,720.0,721.0,739.0,751.0,756.0,774.0,774.0,810.0,816.0,823.0,829.0,857.0,863.0,874.0,879.0,889.0,897.0,934.0,937.0,947.0,955.0,982.0,984.0,988.0,995.0,
2.0,50.0,53.0,59.0,61.0,97.0,135.0,146.0,203.0,220.0,236.0,238.0,308.0,383.0,391.0,475.0,488.0,493.0,520.0,524.0,525.0,526.0,532.0,534.0,541.0,543.0,547.0,550.0,551.0,552.0,571.0,576.0,583.0,585.0,608.0,610.0,612.0,613.0,619.0,624.0,632.0,637.0,654.0,671.0,676.0,679.0,708.0,709.0,720.0,721.0,722.0,725.0,749.0,751.0,752.0,776.0,776.0,779.0,783.0,793.0,844.0,856.0,856.0,861.0,866.0,887.0,954.0,954.0,957.0,988.0,
3.0,91.0,94.0,95.0,104.0,123.0,131.0,175.0,190.0,210.0,222.0,226.0,234.0,349.0,355.0,360.0,401.0,417.0,422.0,459.0,478.0,532.0,534.0,536.0,540.0,542.0,542.0,553.0,560.0,569.0,579.0,581.0,584.0,585.0,588.0,627.0,627.0,649.0,658.0,674.0,694.0,696.0,700.0,704.0,718.0,732.0,751.0,752.0,758.0,761.0,763.0,775.0,807.0,824.0,848.0,854.0,854.0,859.0,859.0,870.0,907.0,915.0,958.0,963.0,
2.0,9.0,55.0,106.0,159.0,186.0,188.0,225.0,260.0,313.0,342.0,356.0,368.0,402.0,419.0,477.0,487.0,491.0,500.0,525.0,543.0,553.0,564.0,564.0,564.0,575.0,582.0,586.0,586.0,587.0,594.0,613.0,613.0,614.0,616.0,616.0,618.0,626.0,627.0,628.0,635.0,636.0,659.0,663.0,677.0,680.0,690.0,690.0,695.0,712.0,717.0,720.0,750.0,757.0,770.0,785.0,789.0,806.0,811.0,826.0,875.0,878.0,898.0,905.0,910.0,919.0,953.0,970.0,981.0,1000.0,
14.0,20.0,28.0,42.0,70.0,71.0,124.0,172.0,190.0,233.0,267.0,288.0,334.0,339.0,354.0,364.0,448.0,470.0,486.0,510.0,513.0,520.0,521.0,527.0,535.0,539.0,541.0,541.0,543.0,551.0,556.0,556.0,558.0,563.0,564.0,571.0,573.0,574.0,583.0,586.0,591.0,598.0,604.0,608.0,612.0,624.0,635.0,658.0,676.0,684.0,685.0,688.0,691.0,696.0,700.0,703.0,761.0,764.0,769.0,783.0,788.0,816.0,821.0,824.0,826.0,837.0,840.0,859.0,888.0,911.0,917.0,928.0,928.0,929.0,962.0,981.0,982.0,984.0,996.0,
11.0,15.0,17.0,19.0,22.0,26.0,28.0,59.0,142.0,144.0,176.0,187.0,188.0,205.0,207.0,213.0,247.0,307.0,307.0,331.0,364.0,381.0,453.0,456.0,463.0,465.0,478.0,503.0,507.0,508.0,513.0,534.0,536.0,538.0,568.0,570.0,585.0,590.0,591.0,596.0,655.0,675.0,679.0,680.0,685.0,719.0,740.0,771.0,775.0,796.0,802.0,808.0,813.0,875.0,902.0,923.0,960.0,998.0,
9.0,16.0,20.0,30.0,66.0,87.0,107.0,133.0,174.0,187.0,190.0,195.0,215.0,222.0,233.0,238.0,293.0,314.0,370.0,379.0,381.0,383.0,414.0,459.0,460.0,507.0,581.0,589.0,625.0,640.0,655.0,664.0,706.0,739.0,739.0,793.0,870.0,880.0,923.0,989.0,989.0,
26.0,88.0,119.0,121.0,154.0,155.0,164.0,204.0,276.0,277.0,303.0,309.0,344.0,414.0,421.0,506.0,543.0,577.0,584.0,623.0,634.0,655.0,779.0,
2.0,4.0,36.0,151.0,181.0,184.0,204.0,225.0,254.0,258.0,294.0,299.0,314.0,347.0,364.0,392.0,431.0,435.0,438.0,461.0,497.0,530.0,540.0,540.0,548.0,549.0,556.0,558.0,563.0,567.0,569.0,597.0,602.0,606.0,612.0,746.0,777.0,797.0,857.0,878.0,896.0,904.0,911.0,914.0,970.0,993.0,
28.0,80.0,109.0,148.0,177.0,199.0,228.0,229.0,241.0,243.0,328.0,336.0,347.0,396.0,400.0,482.0,494.0,515.0,529.0,533.0,537.0,546.0,555.0,557.0,563.0,567.0,570.0,571.0,571.0,575.0,576.0,580.0,586.0,596.0,596.0,606.0,619.0,623.0,630.0,644.0,647.0,648.0,659.0,660.0,661.0,673.0,673.0,686.0,690.0,723.0,744.0,748.0,765.0,766.0,783.0,785.0,830.0,842.0,849.0,852.0,852.0,865.0,872.0,891.0,927.0,951.0,961.0,966.0,974.0,975.0,975.0,975.0,988.0,997.0,
10.0,18.0,22.0,22.0,31.0,64.0,74.0,78.0,82.0,86.0,94.0,155.0,214.0,217.0,225.0,231.0,253.0,280.0,325.0,358.0,380.0,394.0,406.0,435.0,449.0,480.0,516.0,528.0,528.0,530.0,540.0,543.0,550.0,557.0,557.0,558.0,567.0,570.0,583.0,586.0,605.0,607.0,628.0,628.0,632.0,652.0,663.0,670.0,672.0,684.0,689.0,712.0,717.0,718.0,775.0,781.0,806.0,819.0,868.0,871.0,893.0,910.0,916.0,917.0,952.0,975.0,1000.0,
6.0,52.0,56.0,83.0,88.0,97.0,100.0,113.0,118.0,128.0,145.0,146.0,160.0,175.0,176.0,261.0,285.0,298.0,340.0,377.0,381.0,395.0,410.0,434.0,451.0,472.0,498.0,520.0,524.0,529.0,534.0,537.0,541.0,541.0,542.0,547.0,548.0,553.0,555.0,568.0,570.0,576.0,578.0,586.0,591.0,594.0,599.0,600.0,602.0,603.0,645.0,647.0,667.0,668.0,674.0,679.0,691.0,696.0,698.0,703.0,707.0,726.0,736.0,737.0,758.0,774.0,776.0,794.0,798.0,806.0,816.0,847.0,864.0,882.0,941.0,955.0,961.0,969.0,976.0,978.0,995.0,
3.0,46.0,102.0,117.0,165.0,298.0,306.0,317.0,332.0,335.0,339.0,350.0,368.0,454.0,462.0,468.0,484.0,503.0,509.0,521.0,528.0,540.0,555.0,580.0,591.0,593.0,596.0,604.0,618.0,619.0,620.0,630.0,650.0,654.0,667.0,673.0,698.0,720.0,724.0,757.0,783.0,788.0,856.0,880.0,888.0,911.0,930.0,936.0,972.0,983.0,988.0,995.0,999.0,
52.0,55.0,56.0,59.0,81.0,84.0,120.0,127.0,129.0,141.0,179.0,184.0,196.0,306.0,308.0,316.0,355.0,369.0,385.0,402.0,461.0,468.0,513.0,528.0,528.0,529.0,538.0,541.0,550.0,554.0,558.0,558.0,558.0,559.0,563.0,563.0,591.0,594.0,604.0,611.0,622.0,625.0,627.0,639.0,648.0,657.0,666.0,708.0,715.0,727.0,728.0,730.0,734.0,735.0,775.0,790.0,825.0,870.0,906.0,936.0,950.0,957.0,962.0,970.0,979.0,983.0,
43.0,47.0,142.0,152.0,166.0,180.0,183.0,199.0,232.0,406.0,428.0,457.0,458.0,482.0,496.0,518.0,522.0,540.0,549.0,550.0,551.0,557.0,559.0,571.0,574.0,576.0,583.0,584.0,585.0,600.0,600.0,620.0,629.0,631.0,646.0,649.0,654.0,655.0,669.0,676.0,680.0,706.0,725.0,727.0,770.0,775.0,787.0,788.0,803.0,832.0,852.0,868.0,900.0,901.0,905.0,907.0,916.0,917.0,925.0,937.0,939.0,952.0,956.0,960.0,961.0,991.0,
9.0,36.0,131.0,154.0,169.0,181.0,212.0,237.0,246.0,262.0,313.0,316.0,321.0,345.0,380.0,411.0,503.0,516.0,525.0,534.0,538.0,540.0,540.0,544.0,544.0,551.0,553.0,561.0,564.0,566.0,567.0,570.0,570.0,576.0,576.0,577.0,588.0,588.0,609.0,613.0,626.0,626.0,636.0,658.0,671.0,682.0,703.0,704.0,708.0,709.0,718.0,720.0,722.0,723.0,730.0,737.0,762.0,777.0,782.0,783.0,791.0,794.0,819.0,824.0,838.0,864.0,879.0,882.0,899.0,916.0,931.0,942.0,945.0,946.0,957.0,972.0,989.0,999.0,
100.0,100.0,149.0,185.0,229.0,237.0,254.0,288.0,290.0,291.0,297.0,368.0,439.0,440.0,458.0,503.0,518.0,536.0,546.0,549.0,569.0,578.0,582.0,591.0,594.0,599.0,609.0,622.0,626.0,636.0,662.0,665.0,670.0,677.0,678.0,707.0,725.0,727.0,731.0,757.0,772.0,774.0,786.0,802.0,844.0,848.0,866.0,872.0,891.0,892.0,906.0,909.0,910.0,944.0,967.0,977.0,
73.0,96.0,107.0,113.0,171.0,187.0,196.0,211.0,215.0,228.0,235.0,312.0,334.0,338.0,369.0,378.0,389.0,450.0,468.0,481.0,489.0,525.0,555.0,670.0,741.0,788.0,805.0,809.0,834.0,851.0,928.0,929.0,966.0,
33.0,69.0,77.0,124.0,160.0,205.0,298.0,302.0,319.0,320.0,414.0,446.0,449.0,461.0,498.0,500.0,518.0,518.0,521.0,525.0,529.0,529.0,532.0,533.0,534.0,551.0,552.0,555.0,565.0,569.0,572.0,574.0,578.0,590.0,599.0,606.0,608.0,611.0,640.0,645.0,653.0,654.0,661.0,678.0,680.0,685.0,691.0,698.0,714.0,726.0,727.0,772.0,782.0,785.0,794.0,803.0,817.0,824.0,847.0,852.0,860.0,869.0,872.0,912.0,918.0,924.0,938.0,941.0,980.0,980.0,995.0,996.0,997.0,
98.0,101.0,149.0,176.0,176.0,197.0,201.0,211.0,234.0,252.0,265.0,285.0,291.0,308.0,323.0,327.0,402.0,449.0,470.0,487.0,509.0,513.0,528.0,539.0,542.0,542.0,549.0,551.0,560.0,563.0,565.0,567.0,568.0,569.0,569.0,582.0,593.0,595.0,599.0,601.0,629.0,649.0,667.0,667.0,676.0,680.0,680.0,747.0,752.0,758.0,758.0,776.0,788.0,828.0,831.0,834.0,835.0,838.0,841.0,865.0,901.0,916.0,919.0,929.0,947.0,972.0,994.0,998.0,
6.0,6.0,11.0,17.0,25.0,98.0,131.0,139.0,153.0,188.0,202.0,221.0,225.0,251.0,324.0,343.0,401.0,406.0,430.0,475.0,521.0,521.0,523.0,525.0,532.0,536.0,538.0,540.0,540.0,542.0,543.0,549.0,551.0,557.0,559.0,560.0,583.0,586.0,586.0,593.0,594.0,594.0,599.0,615.0,621.0,625.0,630.0,634.0,648.0,661.0,673.0,689.0,719.0,719.0,733.0,735.0,735.0,745.0,774.0,831.0,836.0,866.0,891.0,899.0,901.0,904.0,909.0,932.0,943.0,958.0,963.0,966.0,967.0,970.0,974.0,982.0,990.0,
42.0,86.0,106.0,192.0,217.0,220.0,223.0,268.0,305.0,307.0,310.0,330.0,342.0,364.0,398.0,418.0,426.0,472.0,475.0,481.0,512.0,520.0,536.0,543.0,545.0,547.0,551.0,551.0,555.0,558.0,574.0,574.0,587.0,589.0,590.0,609.0,610.0,626.0,640.0,640.0,642.0,665.0,667.0,676.0,678.0,720.0,722.0,740.0,754.0,775.0,776.0,784.0,788.0,794.0,797.0,806.0,838.0,839.0,893.0,908.0,925.0,929.0,940.0,948.0,985.0,
54.0,100.0,133.0,137.0,218.0,221.0,251.0,297.0,313.0,320.0,341.0,424.0,467.0,468.0,473.0,496.0,509.0,513.0,515.0,524.0,531.0,543.0,543.0,544.0,561.0,562.0,563.0,567.0,569.0,569.0,570.0,571.0,572.0,576.0,581.0,586.0,588.0,602.0,629.0,640.0,672.0,675.0,684.0,701.0,733.0,737.0,748.0,750.0,768.0,774.0,835.0,848.0,859.0,871.0,872.0,883.0,886.0,897.0,924.0,933.0,939.0,986.0,
34.0,77.0,120.0,122.0,124.0,130.0,135.0,164.0,193.0,202.0,231.0,253.0,295.0,412.0,419.0,441.0,448.0,524.0,542.0,544.0,544.0,546.0,547.0,554.0,554.0,557.0,570.0,571.0,575.0,582.0,583.0,592.0,631.0,633.0,637.0,642.0,653.0,660.0,674.0,674.0,676.0,679.0,687.0,693.0,696.0,747.0,797.0,803.0,838.0,893.0,897.0,972.0,972.0,976.0,986.0,
29.0,37.0,73.0,134.0,139.0,224.0,292.0,301.0,309.0,358.0,422.0,424.0,461.0,461.0,466.0,503.0,505.0,520.0,522.0,528.0,531.0,532.0,535.0,538.0,540.0,540.0,545.0,546.0,548.0,549.0,551.0,552.0,554.0,555.0,562.0,562.0,569.0,569.0,570.0,602.0,611.0,613.0,624.0,636.0,640.0,642.0,676.0,679.0,693.0,710.0,711.0,711.0,713.0,715.0,736.0,774.0,781.0,798.0,799.0,848.0,904.0,932.0,938.0,967.0,968.0,
63.0,64.0,96.0,112.0,114.0,138.0,140.0,148.0,181.0,199.0,233.0,267.0,291.0,317.0,322.0,350.0,404.0,420.0,440.0,462.0,490.0,503.0,514.0,515.0,519.0,521.0,532.0,535.0,538.0,540.0,556.0,560.0,564.0,576.0,580.0,604.0,622.0,700.0,703.0,705.0,710.0,736.0,760.0,760.0,760.0,773.0,777.0,801.0,810.0,825.0,830.0,834.0,834.0,863.0,887.0,904.0,963.0,963.0,970.0,977.0,998.0,
7.0,12.0,81.0,103.0,108.0,121.0,203.0,327.0,344.0,368.0,382.0,389.0,442.0,468.0,501.0,503.0,503.0,541.0,545.0,548.0,553.0,560.0,563.0,572.0,577.0,584.0,594.0,595.0,605.0,616.0,622.0,677.0,684.0,685.0,686.0,690.0,706.0,721.0,722.0,723.0,767.0,783.0,817.0,826.0,826.0,829.0,829.0,834.0,842.0,864.0,893.0,897.0,919.0,940.0,961.0,974.0,996.0,997.0,
49.0,62.0,65.0,78.0,93.0,139.0,179.0,214.0,233.0,286.0,295.0,333.0,378.0,381.0,423.0,433.0,435.0,505.0,555.0,622.0,647.0,667.0,669.0,688.0,739.0,758.0,766.0,767.0,837.0,915.0,930.0,940.0,
64.0,72.0,130.0,179.0,180.0,184.0,188.0,243.0,293.0,320.0,326.0,327.0,356.0,356.0,363.0,390.0,404.0,479.0,483.0,509.0,517.0,524.0,529.0,529.0,532.0,534.0,537.0,541.0,542.0,542.0,544.0,548.0,550.0,558.0,567.0,567.0,577.0,586.0,592.0,597.0,599.0,606.0,622.0,624.0,631.0,633.0,634.0,642.0,642.0,645.0,670.0,673.0,682.0,685.0,693.0,696.0,702.0,707.0,723.0,737.0,767.0,789.0,799.0,801.0,804.0,819.0,824.0,846.0,880.0,925.0,955.0,962.0,965.0,969.0,976.0,979.0,984.0,995.0,997.0,
15.0,19.0,40.0,59.0,59.0,220.0,331.0,466.0,512.0,525.0,528.0,528.0,528.0,528.0,532.0,540.0,542.0,543.0,576.0,580.0,620.0,632.0,634.0,635.0,646.0,670.0,670.0,680.0,689.0,699.0,705.0,709.0,728.0,739.0,740.0,763.0,763.0,771.0,777.0,803.0,823.0,832.0,844.0,882.0,897.0,905.0,911.0,917.0,921.0,928.0,935.0,947.0,951.0,977.0,987.0,990.0,
2.0,2.0,15.0,65.0,72.0,90.0,145.0,178.0,182.0,201.0,210.0,261.0,279.0,284.0,307.0,314.0,333.0,346.0,355.0,469.0,493.0,521.0,524.0,525.0,529.0,535.0,539.0,540.0,542.0,543.0,559.0,563.0,564.0,567.0,574.0,574.0,583.0,586.0,587.0,592.0,599.0,599.0,603.0,613.0,622.0,629.0,646.0,651.0,653.0,681.0,724.0,762.0,767.0,824.0,832.0,840.0,848.0,874.0,889.0,890.0,897.0,899.0,915.0,930.0,990.0,994.0,
8.0,64.0,76.0,114.0,159.0,196.0,199.0,213.0,226.0,292.0,294.0,296.0,358.0,377.0,394.0,395.0,435.0,498.0,504.0,516.0,520.0,524.0,524.0,539.0,555.0,555.0,564.0,568.0,572.0,576.0,586.0,598.0,613.0,615.0,615.0,616.0,644.0,670.0,692.0,696.0,758.0,762.0,802.0,807.0,877.0,895.0,899.0,901.0,937.0,941.0,942.0,956.0,1000.0,
12.0,14.0,23.0,80.0,95.0,101.0,116.0,117.0,139.0,165.0,177.0,186.0,193.0,205.0,223.0,225.0,237.0,277.0,283.0,300.0,308.0,334.0,369.0,489.0,495.0,499.0,511.0,513.0,517.0,519.0,524.0,528.0,534.0,538.0,547.0,549.0,550.0,559.0,563.0,565.0,565.0,566.0,566.0,572.0,581.0,584.0,591.0,611.0,611.0,618.0,619.0,629.0,654.0,655.0,655.0,689.0,728.0,742.0,746.0,776.0,778.0,786.0,791.0,805.0,843.0,881.0,907.0,942.0,970.0,992.0,
15.0,19.0,36.0,44.0,54.0,58.0,85.0,89.0,122.0,168.0,188.0,194.0,262.0,311.0,312.0,318.0,348.0,423.0,509.0,514.0,525.0,534.0,539.0,541.0,557.0,562.0,565.0,566.0,568.0,572.0,594.0,597.0,599.0,609.0,610.0,621.0,628.0,633.0,637.0,643.0,649.0,692.0,735.0,738.0,740.0,750.0,755.0,764.0,768.0,775.0,792.0,802.0,812.0,814.0,834.0,845.0,853.0,874.0,901.0,901.0,908.0,920.0,946.0,956.0,959.0,959.0,979.0,
2.0,9.0,25.0,81.0,85.0,103.0,139.0,147.0,238.0,247.0,251.0,271.0,287.0,292.0,366.0,374.0,387.0,432.0,456.0,486.0,506.0,517.0,525.0,526.0,531.0,532.0,543.0,544.0,547.0,556.0,557.0,560.0,561.0,569.0,570.0,577.0,581.0,614.0,616.0,617.0,618.0,637.0,645.0,647.0,653.0,656.0,657.0,658.0,687.0,702.0,706.0,726.0,727.0,728.0,732.0,739.0,743.0,750.0,766.0,800.0,817.0,826.0,841.0,859.0,873.0,874.0,903.0,917.0,926.0,928.0,936.0,941.0,954.0,982.0,
38.0,55.0,69.0,93.0,115.0,116.0,217.0,247.0,252.0,353.0,385.0,412.0,423.0,462.0,463.0,464.0,483.0,491.0,502.0,510.0,510.0,513.0,514.0,525.0,534.0,541.0,542.0,547.0,560.0,567.0,576.0,576.0,585.0,593.0,594.0,597.0,600.0,611.0,613.0,642.0,646.0,670.0,676.0,681.0,707.0,733.0,766.0,776.0,788.0,797.0,811.0,815.0,818.0,873.0,874.0,892.0,924.0,990.0,
4.0,49.0,55.0,85.0,139.0,170.0,187.0,211.0,228.0,249.0,282.0,288.0,307.0,333.0,388.0,388.0,453.0,460.0,465.0,470.0,532.0,535.0,541.0,551.0,555.0,572.0,573.0,593.0,594.0,599.0,608.0,635.0,642.0,643.0,650.0,653.0,665.0,696.0,706.0,706.0,726.0,732.0,748.0,753.0,758.0,766.0,799.0,843.0,848.0,851.0,871.0,877.0,884.0,925.0,988.0,
14.0,19.0,52.0,58.0,194.0,232.0,254.0,276.0,289.0,309.0,344.0,356.0,411.0,451.0,498.0,500.0,504.0,519.0,536.0,541.0,547.0,558.0,563.0,575.0,584.0,588.0,596.0,618.0,644.0,645.0,648.0,662.0,667.0,675.0,704.0,705.0,741.0,749.0,771.0,773.0,795.0,799.0,883.0,894.0,915.0,923.0,
40.0,127.0,141.0,148.0,160.0,188.0,206.0,222.0,245.0,276.0,340.0,360.0,380.0,487.0,520.0,530.0,533.0,556.0,556.0,559.0,560.0,564.0,570.0,577.0,597.0,604.0,605.0,609.0,615.0,623.0,625.0,634.0,654.0,661.0,664.0,675.0,679.0,680.0,692.0,693.0,702.0,704.0,710.0,721.0,734.0,739.0,745.0,753.0,780.0,803.0,822.0,824.0,833.0,861.0,867.0,872.0,879.0,879.0,889.0,918.0,953.0,956.0,961.0,977.0,984.0,993.0,
5.0,24.0,100.0,114.0,123.0,158.0,164.0,186.0,187.0,206.0,237.0,342.0,363.0,379.0,394.0,416.0,421.0,514.0,514.0,518.0,523.0,527.0,530.0,538.0,542.0,542.0,543.0,546.0,548.0,558.0,559.0,560.0,561.0,565.0,572.0,573.0,579.0,593.0,605.0,609.0,610.0,634.0,667.0,674.0,710.0,711.0,713.0,739.0,778.0,780.0,782.0,794.0,809.0,812.0,813.0,841.0,867.0,907.0,911.0,918.0,942.0,952.0,988.0,
37.0,75.0,92.0,97.0,150.0,229.0,244.0,265.0,283.0,342.0,374.0,380.0,399.0,401.0,439.0,439.0,457.0,466.0,472.0,512.0,519.0,531.0,532.0,532.0,535.0,538.0,542.0,554.0,559.0,563.0,568.0,571.0,575.0,578.0,584.0,588.0,592.0,597.0,602.0,605.0,611.0,626.0,632.0,643.0,651.0,683.0,692.0,693.0,697.0,697.0,699.0,708.0,715.0,715.0,733.0,754.0,773.0,854.0,863.0,888.0,898.0,909.0,960.0,969.0,972.0,
7.0,12.0,37.0,81.0,102.0,110.0,129.0,152.0,176.0,218.0,239.0,264.0,324.0,341.0,351.0,378.0,484.0,514.0,520.0,524.0,526.0,526.0,528.0,532.0,534.0,537.0,537.0,542.0,544.0,545.0,550.0,555.0,557.0,561.0,562.0,575.0,598.0,603.0,615.0,617.0,624.0,643.0,665.0,672.0,696.0,709.0,716.0,722.0,728.0,731.0,739.0,754.0,757.0,760.0,776.0,801.0,801.0,810.0,812.0,821.0,824.0,827.0,834.0,849.0,871.0,873.0,877.0,911.0,914.0,923.0,985.0,997.0,
89.0,151.0,175.0,199.0,207.0,227.0,297.0,363.0,416.0,437.0,477.0,487.0,527.0,528.0,531.0,537.0,544.0,546.0,547.0,548.0,548.0,550.0,551.0,555.0,559.0,565.0,566.0,568.0,568.0,574.0,587.0,594.0,603.0,606.0,608.0,611.0,639.0,657.0,674.0,698.0,701.0,727.0,768.0,781.0,787.0,797.0,803.0,812.0,819.0,822.0,834.0,855.0,866.0,869.0,872.0,882.0,889.0,915.0,928.0,942.0,955.0,958.0,962.0,971.0,983.0,
8.0,10.0,33.0,37.0,62.0,81.0,101.0,117.0,142.0,175.0,177.0,199.0,266.0,276.0,300.0,323.0,330.0,398.0,428.0,436.0,436.0,442.0,446.0,461.0,510.0,518.0,524.0,528.0,533.0,538.0,539.0,545.0,546.0,547.0,548.0,549.0,551.0,553.0,561.0,562.0,574.0,576.0,580.0,597.0,599.0,602.0,604.0,626.0,638.0,647.0,648.0,667.0,675.0,677.0,696.0,700.0,724.0,731.0,745.0,806.0,819.0,824.0,842.0,868.0,900.0,939.0,939.0,992.0,992.0,
25.0,77.0,94.0,150.0,158.0,172.0,197.0,213.0,220.0,240.0,279.0,313.0,338.0,370.0,382.0,437.0,446.0,495.0,519.0,524.0,525.0,535.0,538.0,546.0,548.0,550.0,551.0,557.0,564.0,569.0,570.0,573.0,574.0,576.0,578.0,581.0,581.0,591.0,596.0,599.0,611.0,615.0,626.0,636.0,642.0,648.0,679.0,698.0,712.0,714.0,741.0,745.0,752.0,780.0,790.0,815.0,827.0,851.0,855.0,867.0,880.0,886.0,910.0,939.0,949.0,995.0,
5.0,15.0,52.0,96.0,106.0,119.0,133.0,139.0,191.0,231.0,235.0,260.0,338.0,353.0,354.0,414.0,426.0,448.0,478.0,495.0,512.0,530.0,534.0,535.0,536.0,537.0,538.0,544.0,550.0,553.0,554.0,565.0,586.0,586.0,588.0,589.0,589.0,594.0,597.0,608.0,618.0,623.0,642.0,655.0,661.0,664.0,668.0,686.0,700.0,704.0,723.0,728.0,743.0,765.0,769.0,783.0,852.0,857.0,872.0,876.0,879.0,893.0,908.0,938.0,939.0,954.0,978.0,999.0,999.0,
35.0,72.0,76.0,93.0,98.0,131.0,166.0,168.0,205.0,213.0,229.0,229.0,232.0,328.0,331.0,334.0,341.0,364.0,392.0,407.0,425.0,465.0,503.0,507.0,542.0,560.0,565.0,572.0,573.0,595.0,628.0,646.0,652.0,661.0,662.0,669.0,714.0,724.0,726.0,731.0,733.0,746.0,746.0,752.0,764.0,774.0,798.0,807.0,823.0,843.0,844.0,859.0,882.0,896.0,898.0,898.0,904.0,905.0,916.0,923.0,933.0,942.0,942.0,964.0,980.0,
25.0,35.0,40.0,93.0,122.0,126.0,162.0,176.0,197.0,201.0,271.0,302.0,323.0,339.0,346.0,357.0,377.0,422.0,436.0,449.0,451.0,476.0,479.0,480.0,516.0,516.0,517.0,520.0,528.0,533.0,535.0,564.0,566.0,590.0,593.0,593.0,593.0,606.0,717.0,730.0,807.0,813.0,891.0,965.0,982.0,
11.0,69.0,113.0,205.0,214.0,222.0,229.0,243.0,260.0,271.0,309.0,309.0,317.0,325.0,369.0,400.0,427.0,460.0,468.0,516.0,522.0,525.0,525.0,530.0,530.0,537.0,539.0,555.0,555.0,558.0,572.0,581.0,581.0,582.0,591.0,593.0,603.0,603.0,604.0,616.0,618.0,630.0,639.0,650.0,660.0,661.0,673.0,686.0,703.0,718.0,726.0,729.0,748.0,773.0,778.0,797.0,801.0,814.0,837.0,859.0,860.0,923.0,951.0,958.0,958.0,965.0,
94.0,137.0,138.0,161.0,181.0,189.0,229.0,246.0,287.0,298.0,307.0,380.0,389.0,477.0,483.0,512.0,519.0,521.0,526.0,536.0,536.0,539.0,540.0,549.0,551.0,563.0,586.0,593.0,596.0,597.0,609.0,616.0,620.0,629.0,632.0,632.0,644.0,674.0,694.0,699.0,713.0,739.0,760.0,779.0,790.0,795.0,812.0,817.0,820.0,837.0,840.0,867.0,918.0,919.0,919.0,961.0,986.0,986.0,988.0,990.0,997.0,
53.0,95.0,130.0,202.0,203.0,238.0,239.0,239.0,249.0,251.0,326.0,350.0,355.0,369.0,400.0,411.0,430.0,443.0,460.0,475.0,490.0,518.0,520.0,543.0,546.0,549.0,552.0,553.0,563.0,565.0,568.0,576.0,581.0,584.0,597.0,598.0,603.0,614.0,617.0,630.0,658.0,665.0,672.0,688.0,689.0,692.0,699.0,740.0,749.0,762.0,777.0,781.0,786.0,792.0,795.0,851.0,926.0,952.0,958.0,964.0,996.0,
7.0,12.0,17.0,24.0,28.0,73.0,130.0,134.0,172.0,175.0,189.0,195.0,202.0,249.0,311.0,338.0,443.0,469.0,477.0,510.0,514.0,535.0,549.0,550.0,557.0,563.0,580.0,616.0,619.0,631.0,639.0,651.0,651.0,663.0,683.0,686.0,690.0,693.0,695.0,701.0,751.0,762.0,770.0,777.0,780.0,788.0,789.0,865.0,877.0,882.0,899.0,900.0,906.0,934.0,935.0,945.0,954.0,978.0,988.0,
76.0,76.0,165.0,169.0,281.0,318.0,359.0,374.0,416.0,458.0,494.0,510.0,523.0,524.0,527.0,530.0,534.0,541.0,564.0,565.0,571.0,577.0,583.0,594.0,606.0,607.0,610.0,628.0,636.0,640.0,643.0,646.0,650.0,651.0,653.0,664.0,686.0,703.0,704.0,727.0,745.0,785.0,795.0,846.0,857.0,862.0,891.0,894.0,896.0,898.0,933.0,955.0,959.0,966.0,971.0,
39.0,105.0,111.0,117.0,133.0,203.0,230.0,294.0,316.0,323.0,358.0,374.0,378.0,397.0,403.0,429.0,431.0,491.0,521.0,529.0,533.0,549.0,554.0,556.0,560.0,562.0,565.0,576.0,576.0,577.0,586.0,587.0,589.0,592.0,596.0,599.0,600.0,618.0,621.0,622.0,624.0,627.0,640.0,646.0,664.0,710.0,716.0,724.0,725.0,730.0,739.0,758.0,790.0,844.0,857.0,858.0,879.0,879.0,892.0,898.0,901.0,926.0,933.0,973.0,992.0,
9.0,56.0,66.0,94.0,100.0,101.0,161.0,176.0,203.0,219.0,233.0,239.0,249.0,278.0,287.0,316.0,333.0,334.0,363.0,387.0,450.0,478.0,513.0,514.0,517.0,518.0,522.0,522.0,531.0,537.0,537.0,540.0,554.0,558.0,560.0,561.0,564.0,564.0,565.0,565.0,573.0,585.0,596.0,608.0,611.0,611.0,626.0,638.0,680.0,681.0,689.0,709.0,759.0,773.0,773.0,785.0,798.0,818.0,826.0,837.0,842.0,878.0,916.0,946.0,986.0,992.0,997.0,
7.0,16.0,29.0,35.0,43.0,65.0,97.0,116.0,156.0,164.0,174.0,178.0,201.0,213.0,286.0,319.0,329.0,331.0,342.0,418.0,431.0,443.0,445.0,486.0,510.0,531.0,535.0,549.0,552.0,565.0,565.0,573.0,578.0,579.0,581.0,590.0,593.0,594.0,607.0,611.0,612.0,622.0,632.0,633.0,638.0,639.0,655.0,683.0,684.0,696.0,736.0,738.0,763.0,775.0,777.0,777.0,807.0,812.0,813.0,824.0,839.0,854.0,877.0,884.0,926.0,966.0,967.0,973.0,
4.0,107.0,155.0,165.0,219.0,246.0,254.0,280.0,285.0,297.0,307.0,373.0,383.0,412.0,448.0,460.0,508.0,527.0,530.0,535.0,536.0,537.0,554.0,555.0,566.0,568.0,571.0,576.0,576.0,578.0,579.0,587.0,600.0,606.0,623.0,631.0,632.0,662.0,667.0,668.0,673.0,678.0,680.0,681.0,691.0,691.0,702.0,703.0,718.0,718.0,727.0,727.0,732.0,755.0,757.0,760.0,761.0,768.0,768.0,823.0,823.0,830.0,832.0,865.0,872.0,896.0,908.0,910.0,915.0,936.0,939.0,951.0,973.0,978.0,978.0,
21.0,91.0,161.0,165.0,190.0,209.0,283.0,297.0,307.0,318.0,376.0,380.0,391.0,471.0,494.0,502.0,511.0,517.0,557.0,582.0,602.0,678.0,684.0,789.0,793.0,826.0,840.0,909.0,930.0,942.0,947.0,976.0,
19.0,40.0,52.0,62.0,76.0,146.0,158.0,170.0,188.0,190.0,227.0,235.0,269.0,299.0,306.0,335.0,352.0,359.0,389.0,410.0,420.0,429.0,454.0,479.0,510.0,519.0,531.0,531.0,533.0,534.0,540.0,541.0,543.0,546.0,555.0,568.0,577.0,580.0,586.0,589.0,598.0,606.0,610.0,611.0,641.0,648.0,652.0,653.0,654.0,655.0,660.0,660.0,683.0,690.0,704.0,706.0,710.0,729.0,743.0,753.0,762.0,784.0,789.0,815.0,827.0,838.0,844.0,849.0,852.0,868.0,894.0,895.0,900.0,900.0,902.0,903.0,905.0,930.0,946.0,952.0,962.0,971.0,989.0,
6.0,25.0,37.0,100.0,122.0,174.0,179.0,184.0,211.0,254.0,257.0,287.0,322.0,331.0,333.0,366.0,385.0,392.0,404.0,432.0,434.0,475.0,542.0,549.0,550.0,560.0,564.0,568.0,577.0,585.0,585.0,593.0,598.0,599.0,611.0,612.0,617.0,621.0,627.0,629.0,645.0,650.0,664.0,670.0,675.0,677.0,681.0,709.0,712.0,717.0,723.0,730.0,739.0,770.0,771.0,771.0,781.0,803.0,821.0,843.0,850.0,866.0,866.0,875.0,881.0,881.0,881.0,908.0,917.0,948.0,962.0,967.0,974.0,
22.0,87.0,139.0,165.0,326.0,344.0,346.0,411.0,428.0,438.0,438.0,479.0,480.0,510.0,522.0,528.0,536.0,536.0,536.0,541.0,553.0,574.0,575.0,579.0,580.0,585.0,589.0,595.0,599.0,608.0,622.0,638.0,641.0,654.0,684.0,710.0,732.0,747.0,769.0,802.0,817.0,855.0,884.0,887.0,941.0,950.0,951.0,970.0,982.0,987.0,
8.0,15.0,20.0,52.0,70.0,81.0,102.0,136.0,173.0,183.0,205.0,224.0,227.0,316.0,328.0,334.0,340.0,357.0,359.0,417.0,454.0,454.0,506.0,516.0,527.0,528.0,530.0,541.0,541.0,542.0,543.0,552.0,569.0,571.0,582.0,585.0,602.0,606.0,618.0,625.0,637.0,640.0,649.0,654.0,672.0,677.0,690.0,704.0,719.0,720.0,722.0,734.0,740.0,814.0,826.0,837.0,842.0,857.0,902.0,927.0,977.0,984.0,987.0,
2.0,8.0,9.0,17.0,37.0,93.0,102.0,136.0,141.0,153.0,258.0,261.0,295.0,340.0,371.0,372.0,421.0,480.0,480.0,513.0,522.0,530.0,535.0,538.0,556.0,556.0,557.0,559.0,560.0,569.0,571.0,578.0,582.0,587.0,591.0,592.0,592.0,595.0,595.0,607.0,617.0,624.0,635.0,649.0,661.0,672.0,679.0,713.0,728.0,739.0,752.0,752.0,758.0,824.0,840.0,847.0,855.0,855.0,873.0,880.0,887.0,952.0,959.0,979.0,
19.0,32.0,33.0,57.0,86.0,169.0,214.0,266.0,308.0,319.0,374.0,396.0,399.0,476.0,481.0,488.0,517.0,518.0,524.0,524.0,535.0,539.0,544.0,548.0,550.0,560.0,565.0,575.0,583.0,585.0,590.0,590.0,593.0,595.0,600.0,602.0,602.0,620.0,650.0,652.0,657.0,673.0,687.0,691.0,693.0,737.0,748.0,754.0,759.0,767.0,802.0,835.0,844.0,879.0,891.0,913.0,925.0,940.0,976.0,
58.0,87.0,232.0,269.0,296.0,319.0,322.0,335.0,337.0,387.0,456.0,485.0,504.0,512.0,515.0,517.0,532.0,540.0,541.0,543.0,543.0,551.0,555.0,560.0,577.0,580.0,587.0,588.0,613.0,628.0,637.0,643.0,646.0,649.0,653.0,653.0,663.0,667.0,668.0,668.0,673.0,676.0,685.0,690.0,699.0,711.0,712.0,744.0,762.0,770.0,772.0,774.0,807.0,817.0,819.0,832.0,887.0,889.0,910.0,963.0,
27.0,79.0,85.0,98.0,113.0,117.0,119.0,121.0,249.0,252.0,285.0,364.0,376.0,394.0,411.0,426.0,454.0,482.0,492.0,505.0,509.0,513.0,516.0,531.0,531.0,532.0,533.0,534.0,539.0,547.0,548.0,550.0,554.0,555.0,557.0,560.0,563.0,565.0,574.0,578.0,585.0,624.0,626.0,626.0,637.0,642.0,665.0,677.0,704.0,709.0,713.0,736.0,746.0,752.0,754.0,756.0,774.0,777.0,784.0,789.0,825.0,831.0,831.0,846.0,859.0,869.0,873.0,886.0,890.0,899.0,901.0,905.0,926.0,944.0,949.0,969.0,994.0,
23.0,38.0,39.0,49.0,51.0,54.0,68.0,69.0,147.0,227.0,228.0,257.0,260.0,311.0,325.0,376.0,399.0,410.0,462.0,468.0,505.0,522.0,522.0,523.0,527.0,540.0,550.0,562.0,563.0,596.0,598.0,602.0,607.0,628.0,641.0,650.0,655.0,667.0,676.0,681.0,699.0,703.0,724.0,727.0,730.0,733.0,745.0,748.0,768.0,773.0,778.0,779.0,801.0,804.0,817.0,821.0,825.0,827.0,830.0,856.0,864.0,870.0,884.0,906.0,934.0,970.0,979.0,980.0,983.0,983.0,996.0,
2.0,45.0,57.0,68.0,69.0,105.0,117.0,136.0,167.0,193.0,194.0,296.0,321.0,377.0,407.0,416.0,416.0,502.0,503.0,516.0,641.0,647.0,675.0,706.0,805.0,813.0,816.0,837.0,838.0,870.0,897.0,951.0,962.0,
43.0,71.0,72.0,73.0,111.0,120.0,177.0,190.0,192.0,197.0,248.0,299.0,302.0,307.0,424.0,446.0,462.0,489.0,515.0,515.0,519.0,528.0,531.0,535.0,549.0,560.0,577.0,590.0,594.0,688.0,756.0,761.0,791.0,794.0,856.0,872.0,964.0,997.0,
35.0,53.0,82.0,134.0,135.0,154.0,156.0,176.0,188.0,189.0,196.0,221.0,238.0,267.0,274.0,317.0,352.0,364.0,376.0,462.0,492.0,503.0,514.0,538.0,538.0,550.0,555.0,562.0,563.0,563.0,567.0,568.0,569.0,573.0,573.0,578.0,584.0,621.0,629.0,638.0,643.0,659.0,668.0,697.0,701.0,709.0,710.0,822.0,824.0,862.0,874.0,881.0,882.0,883.0,889.0,903.0,912.0,915.0,932.0,944.0,962.0,963.0,965.0,976.0,983.0,987.0,
56.0,71.0,202.0,271.0,406.0,424.0,483.0,526.0,532.0,533.0,534.0,557.0,557.0,565.0,566.0,576.0,585.0,590.0,628.0,646.0,647.0,651.0,663.0,669.0,683.0,694.0,694.0,700.0,701.0,705.0,720.0,739.0,742.0,743.0,769.0,796.0,832.0,849.0,873.0,887.0,890.0,891.0,912.0,918.0,923.0,931.0,
54.0,57.0,58.0,88.0,147.0,218.0,238.0,244.0,264.0,292.0,300.0,310.0,330.0,330.0,345.0,372.0,386.0,394.0,417.0,419.0,451.0,473.0,518.0,529.0,530.0,539.0,539.0,545.0,546.0,549.0,552.0,560.0,561.0,564.0,575.0,581.0,586.0,599.0,601.0,602.0,607.0,616.0,625.0,650.0,650.0,651.0,654.0,674.0,688.0,701.0,708.0,733.0,738.0,752.0,755.0,776.0,818.0,874.0,894.0,910.0,913.0,925.0,996.0,
136.0,178.0,182.0,312.0,321.0,358.0,359.0,383.0,421.0,421.0,475.0,496.0,500.0,505.0,516.0,517.0,530.0,533.0,536.0,541.0,544.0,549.0,558.0,570.0,574.0,576.0,591.0,600.0,615.0,621.0,622.0,640.0,640.0,657.0,663.0,674.0,682.0,728.0,733.0,744.0,780.0,814.0,817.0,846.0,879.0,887.0,935.0,948.0,949.0,974.0,977.0,977.0,
58.0,74.0,122.0,172.0,258.0,304.0,317.0,332.0,353.0,420.0,420.0,443.0,453.0,483.0,522.0,531.0,532.0,537.0,540.0,542.0,543.0,545.0,547.0,551.0,554.0,569.0,596.0,599.0,606.0,615.0,618.0,619.0,632.0,636.0,637.0,644.0,689.0,690.0,695.0,703.0,707.0,751.0,769.0,775.0,789.0,790.0,803.0,847.0,863.0,884.0,884.0,921.0,952.0,966.0,980.0,995.0,
66.0,74.0,132.0,159.0,161.0,245.0,281.0,285.0,301.0,366.0,386.0,395.0,443.0,462.0,465.0,474.0,482.0,531.0,532.0,533.0,533.0,541.0,544.0,548.0,561.0,564.0,569.0,569.0,571.0,581.0,585.0,599.0,601.0,621.0,639.0,646.0,646.0,660.0,661.0,661.0,662.0,664.0,673.0,675.0,680.0,686.0,710.0,728.0,763.0,769.0,771.0,812.0,865.0,891.0,892.0,906.0,920.0,937.0,951.0,952.0,957.0,958.0,965.0,986.0,990.0,
24.0,35.0,96.0,136.0,173.0,201.0,203.0,241.0,242.0,251.0,273.0,290.0,295.0,313.0,346.0,354.0,416.0,416.0,482.0,515.0,522.0,524.0,528.0,529.0,531.0,540.0,545.0,549.0,560.0,564.0,565.0,565.0,574.0,576.0,576.0,579.0,586.0,593.0,595.0,597.0,624.0,642.0,643.0,645.0,647.0,650.0,654.0,658.0,681.0,708.0,730.0,736.0,755.0,756.0,783.0,807.0,809.0,828.0,833.0,835.0,838.0,845.0,867.0,875.0,890.0,897.0,902.0,908.0,912.0,918.0,925.0,933.0,963.0,965.0,969.0,976.0,998.0,
2.0,45.0,61.0,65.0,67.0,117.0,123.0,161.0,205.0,225.0,288.0,384.0,385.0,388.0,390.0,411.0,512.0,517.0,537.0,568.0,571.0,571.0,574.0,581.0,593.0,617.0,618.0,631.0,655.0,690.0,763.0,775.0,801.0,815.0,822.0,882.0,891.0,905.0,908.0,931.0,951.0,954.0,993.0,
43.0,46.0,63.0,148.0,174.0,183.0,187.0,207.0,231.0,241.0,385.0,407.0,413.0,472.0,495.0,525.0,554.0,571.0,584.0,584.0,613.0,754.0,777.0,810.0,816.0,826.0,910.0,992.0,
37.0,47.0,78.0,133.0,164.0,173.0,175.0,186.0,260.0,265.0,270.0,282.0,294.0,309.0,309.0,318.0,339.0,362.0,373.0,379.0,419.0,488.0,490.0,492.0,509.0,533.0,552.0,558.0,639.0,678.0,685.0,707.0,746.0,773.0,782.0,815.0,905.0,909.0,910.0,954.0,
60.0,167.0,168.0,214.0,238.0,246.0,282.0,295.0,353.0,434.0,464.0,469.0,481.0,483.0,521.0,525.0,526.0,534.0,547.0,556.0,559.0,566.0,571.0,586.0,587.0,634.0,637.0,649.0,656.0,711.0,749.0,760.0,767.0,816.0,859.0,899.0,907.0,918.0,
70.0,92.0,99.0,130.0,231.0,245.0,264.0,295.0,306.0,317.0,337.0,420.0,430.0,450.0,463.0,517.0,524.0,525.0,527.0,528.0,536.0,549.0,550.0,554.0,556.0,563.0,564.0,565.0,570.0,579.0,582.0,584.0,588.0,594.0,596.0,597.0,601.0,613.0,618.0,629.0,634.0,639.0,682.0,754.0,757.0,758.0,761.0,798.0,823.0,826.0,830.0,832.0,872.0,878.0,882.0,884.0,894.0,905.0,921.0,931.0,956.0,965.0,979.0,987.0,993.0,995.0,
22.0,50.0,80.0,129.0,189.0,197.0,199.0,218.0,223.0,301.0,314.0,315.0,323.0,377.0,457.0,458.0,462.0,469.0,497.0,511.0,515.0,521.0,532.0,536.0,539.0,551.0,555.0,556.0,560.0,564.0,565.0,578.0,585.0,586.0,605.0,607.0,609.0,611.0,613.0,620.0,622.0,626.0,627.0,629.0,638.0,639.0,644.0,649.0,665.0,669.0,689.0,698.0,725.0,727.0,737.0,770.0,776.0,786.0,799.0,824.0,837.0,849.0,849.0,855.0,863.0,879.0,881.0,912.0,914.0,926.0,934.0,966.0,993.0,
25.0,47.0,54.0,67.0,124.0,146.0,247.0,252.0,298.0,330.0,341.0,379.0,408.0,415.0,418.0,421.0,432.0,434.0,447.0,474.0,519.0,526.0,529.0,529.0,533.0,535.0,539.0,550.0,552.0,553.0,556.0,571.0,572.0,572.0,578.0,579.0,588.0,598.0,599.0,601.0,610.0,623.0,631.0,636.0,640.0,649.0,653.0,666.0,668.0,674.0,678.0,680.0,705.0,712.0,717.0,761.0,807.0,828.0,847.0,855.0,857.0,869.0,877.0,879.0,880.0,891.0,914.0,916.0,945.0,961.0,995.0,
29.0,93.0,100.0,106.0,153.0,153.0,157.0,183.0,224.0,245.0,262.0,274.0,302.0,310.0,321.0,347.0,361.0,394.0,418.0,421.0,452.0,488.0,523.0,537.0,537.0,548.0,559.0,570.0,570.0,572.0,603.0,607.0,612.0,615.0,619.0,623.0,632.0,635.0,641.0,644.0,648.0,659.0,661.0,662.0,663.0,672.0,691.0,703.0,709.0,718.0,725.0,734.0,763.0,767.0,775.0,784.0,784.0,786.0,788.0,791.0,804.0,829.0,836.0,839.0,846.0,872.0,872.0,879.0,886.0,967.0,973.0,977.0,
2.0,10.0,92.0,136.0,152.0,159.0,200.0,215.0,228.0,262.0,276.0,293.0,296.0,309.0,316.0,327.0,347.0,352.0,393.0,428.0,444.0,459.0,467.0,502.0,517.0,519.0,527.0,528.0,541.0,545.0,554.0,559.0,560.0,565.0,569.0,575.0,578.0,581.0,601.0,618.0,626.0,633.0,642.0,653.0,658.0,661.0,672.0,678.0,690.0,714.0,726.0,730.0,733.0,745.0,747.0,754.0,755.0,768.0,785.0,787.0,787.0,796.0,811.0,818.0,826.0,843.0,852.0,864.0,866.0,879.0,884.0,891.0,897.0,908.0,909.0,913.0,914.0,922.0,926.0,933.0,953.0,962.0,966.0,968.0,986.0,997.0,
8.0,104.0,163.0,172.0,262.0,272.0,279.0,286.0,290.0,317.0,326.0,338.0,430.0,468.0,503.0,506.0,514.0,536.0,536.0,551.0,557.0,567.0,577.0,617.0,673.0,712.0,758.0,770.0,806.0,810.0,829.0,836.0,836.0,837.0,840.0,863.0,886.0,894.0,907.0,956.0,959.0,965.0,970.0,978.0,988.0,993.0,
15.0,36.0,90.0,144.0,154.0,199.0,220.0,223.0,255.0,281.0,324.0,343.0,389.0,396.0,515.0,518.0,569.0,590.0,591.0,662.0,670.0,691.0,746.0,748.0,756.0,829.0,851.0,872.0,885.0,990.0,
