33.0,71.0,72.0,219.0,220.0,235.0,255.0,302.0,330.0,336.0,353.0,391.0,395.0,403.0,407.0,495.0,518.0,540.0,542.0,543.0,553.0,576.0,583.0,604.0,627.0,671.0,693.0,695.0,697.0,699.0,717.0,739.0,740.0,753.0,808.0,838.0,859.0,868.0,868.0,905.0,910.0,910.0,985.0,995.0,
49.0,72.0,126.0,148.0,183.0,209.0,253.0,253.0,261.0,278.0,320.0,341.0,352.0,356.0,365.0,393.0,422.0,458.0,469.0,475.0,481.0,524.0,634.0,674.0,685.0,692.0,726.0,750.0,753.0,767.0,782.0,831.0,839.0,861.0,890.0,910.0,914.0,946.0,960.0,
14.0,25.0,109.0,113.0,140.0,142.0,142.0,161.0,171.0,183.0,216.0,300.0,306.0,324.0,346.0,363.0,378.0,392.0,478.0,519.0,552.0,590.0,591.0,779.0,779.0,784.0,786.0,818.0,846.0,850.0,851.0,877.0,877.0,914.0,932.0,945.0,
53.0,100.0,140.0,187.0,218.0,304.0,305.0,341.0,366.0,445.0,503.0,554.0,574.0,637.0,638.0,649.0,658.0,664.0,745.0,788.0,831.0,841.0,871.0,876.0,886.0,906.0,928.0,956.0,961.0,970.0,
42.0,105.0,117.0,123.0,126.0,129.0,172.0,210.0,288.0,329.0,371.0,388.0,391.0,434.0,463.0,467.0,472.0,472.0,484.0,486.0,487.0,502.0,538.0,551.0,674.0,749.0,756.0,784.0,817.0,842.0,857.0,866.0,930.0,939.0,941.0,
48.0,57.0,94.0,127.0,158.0,165.0,216.0,221.0,224.0,256.0,261.0,288.0,289.0,314.0,349.0,373.0,395.0,418.0,474.0,479.0,492.0,588.0,609.0,623.0,682.0,698.0,721.0,725.0,734.0,738.0,755.0,767.0,778.0,788.0,803.0,804.0,812.0,834.0,849.0,858.0,907.0,916.0,946.0,982.0,986.0,
3.0,4.0,25.0,164.0,178.0,275.0,292.0,381.0,437.0,483.0,617.0,668.0,687.0,707.0,737.0,747.0,777.0,785.0,833.0,896.0,918.0,956.0,996.0,
90.0,92.0,107.0,108.0,110.0,153.0,213.0,218.0,255.0,261.0,261.0,274.0,331.0,377.0,409.0,433.0,511.0,541.0,589.0,606.0,628.0,635.0,638.0,645.0,659.0,686.0,697.0,700.0,726.0,736.0,757.0,790.0,793.0,794.0,844.0,888.0,888.0,891.0,939.0,944.0,945.0,952.0,960.0,961.0,961.0,983.0,994.0,
21.0,30.0,62.0,72.0,82.0,104.0,105.0,125.0,148.0,171.0,209.0,217.0,229.0,230.0,266.0,312.0,335.0,379.0,402.0,435.0,468.0,472.0,493.0,493.0,527.0,541.0,575.0,607.0,703.0,728.0,769.0,791.0,827.0,853.0,
4.0,58.0,66.0,67.0,83.0,108.0,110.0,237.0,253.0,269.0,288.0,293.0,298.0,359.0,385.0,492.0,503.0,515.0,527.0,558.0,565.0,574.0,584.0,609.0,622.0,679.0,693.0,700.0,703.0,734.0,735.0,742.0,803.0,891.0,902.0,
11.0,19.0,59.0,82.0,110.0,166.0,175.0,189.0,298.0,337.0,395.0,428.0,446.0,478.0,524.0,604.0,604.0,619.0,634.0,652.0,660.0,686.0,734.0,738.0,746.0,794.0,794.0,840.0,846.0,851.0,857.0,871.0,876.0,
53.0,164.0,212.0,231.0,265.0,265.0,311.0,387.0,436.0,473.0,484.0,493.0,535.0,569.0,585.0,594.0,622.0,630.0,702.0,704.0,749.0,759.0,773.0,781.0,804.0,882.0,925.0,939.0,
36.0,42.0,47.0,59.0,131.0,137.0,170.0,210.0,238.0,239.0,265.0,273.0,323.0,325.0,387.0,395.0,413.0,429.0,435.0,443.0,462.0,467.0,468.0,487.0,541.0,573.0,622.0,639.0,640.0,644.0,660.0,702.0,738.0,739.0,749.0,751.0,767.0,777.0,786.0,793.0,807.0,854.0,866.0,895.0,963.0,979.0,982.0,992.0,
13.0,29.0,53.0,95.0,145.0,150.0,269.0,282.0,283.0,323.0,330.0,339.0,348.0,383.0,389.0,428.0,457.0,508.0,602.0,658.0,670.0,678.0,685.0,758.0,841.0,907.0,917.0,999.0,
17.0,56.0,89.0,90.0,111.0,130.0,132.0,136.0,214.0,238.0,245.0,269.0,316.0,327.0,343.0,343.0,360.0,399.0,410.0,421.0,491.0,559.0,560.0,579.0,603.0,639.0,659.0,676.0,700.0,726.0,729.0,785.0,798.0,827.0,930.0,
39.0,44.0,86.0,119.0,131.0,166.0,214.0,261.0,326.0,370.0,405.0,432.0,467.0,489.0,521.0,546.0,553.0,589.0,616.0,656.0,685.0,694.0,696.0,728.0,733.0,739.0,820.0,829.0,881.0,966.0,970.0,975.0,
18.0,21.0,48.0,65.0,76.0,111.0,111.0,150.0,156.0,214.0,224.0,224.0,257.0,261.0,280.0,285.0,312.0,316.0,322.0,355.0,410.0,459.0,459.0,466.0,535.0,541.0,580.0,582.0,621.0,647.0,658.0,659.0,684.0,720.0,766.0,793.0,835.0,846.0,872.0,872.0,881.0,902.0,913.0,917.0,922.0,934.0,941.0,946.0,954.0,963.0,1000.0,
60.0,64.0,74.0,78.0,100.0,116.0,148.0,159.0,172.0,225.0,242.0,247.0,277.0,306.0,321.0,329.0,331.0,351.0,356.0,367.0,385.0,411.0,436.0,461.0,507.0,523.0,562.0,595.0,640.0,651.0,657.0,690.0,712.0,725.0,756.0,812.0,825.0,855.0,901.0,
8.0,110.0,115.0,123.0,145.0,167.0,186.0,263.0,274.0,339.0,357.0,393.0,437.0,474.0,489.0,514.0,518.0,547.0,550.0,589.0,627.0,635.0,724.0,783.0,803.0,812.0,816.0,822.0,826.0,873.0,895.0,973.0,
73.0,97.0,102.0,145.0,186.0,190.0,190.0,290.0,295.0,317.0,322.0,459.0,470.0,473.0,483.0,508.0,555.0,610.0,664.0,688.0,754.0,778.0,799.0,808.0,874.0,896.0,927.0,946.0,951.0,
24.0,140.0,155.0,169.0,176.0,188.0,191.0,232.0,259.0,277.0,280.0,300.0,326.0,370.0,407.0,520.0,523.0,571.0,633.0,653.0,696.0,709.0,722.0,732.0,751.0,757.0,758.0,761.0,804.0,886.0,931.0,945.0,948.0,950.0,960.0,984.0,989.0,999.0,
15.0,85.0,112.0,146.0,155.0,159.0,160.0,189.0,190.0,201.0,203.0,286.0,346.0,378.0,385.0,429.0,435.0,463.0,479.0,501.0,509.0,553.0,615.0,624.0,625.0,635.0,655.0,668.0,766.0,809.0,813.0,940.0,982.0,
37.0,123.0,149.0,154.0,157.0,179.0,221.0,232.0,402.0,405.0,413.0,416.0,419.0,420.0,528.0,546.0,550.0,570.0,570.0,587.0,593.0,626.0,662.0,670.0,742.0,745.0,813.0,814.0,819.0,825.0,840.0,896.0,898.0,
21.0,62.0,116.0,127.0,146.0,163.0,204.0,212.0,221.0,223.0,223.0,290.0,364.0,380.0,384.0,394.0,417.0,435.0,465.0,465.0,487.0,492.0,574.0,589.0,607.0,615.0,626.0,665.0,672.0,697.0,741.0,744.0,750.0,771.0,782.0,811.0,929.0,
10.0,18.0,40.0,43.0,45.0,45.0,53.0,57.0,62.0,67.0,119.0,159.0,167.0,184.0,195.0,220.0,237.0,259.0,288.0,325.0,344.0,371.0,390.0,464.0,469.0,517.0,519.0,526.0,584.0,588.0,589.0,592.0,662.0,703.0,736.0,736.0,745.0,758.0,773.0,817.0,847.0,870.0,883.0,905.0,941.0,944.0,977.0,998.0,
2.0,50.0,68.0,73.0,121.0,128.0,138.0,192.0,207.0,208.0,222.0,237.0,237.0,264.0,323.0,354.0,378.0,400.0,438.0,501.0,508.0,545.0,595.0,637.0,660.0,662.0,675.0,688.0,696.0,726.0,783.0,885.0,901.0,906.0,910.0,
67.0,67.0,107.0,157.0,165.0,173.0,192.0,202.0,219.0,258.0,287.0,341.0,369.0,395.0,410.0,424.0,428.0,515.0,535.0,549.0,581.0,773.0,792.0,806.0,916.0,935.0,998.0,
4.0,24.0,71.0,288.0,290.0,294.0,317.0,326.0,351.0,368.0,372.0,534.0,590.0,619.0,629.0,633.0,642.0,681.0,683.0,713.0,724.0,812.0,829.0,927.0,928.0,941.0,962.0,977.0,986.0,999.0,
109.0,328.0,328.0,345.0,359.0,373.0,384.0,395.0,412.0,424.0,458.0,464.0,490.0,506.0,549.0,567.0,599.0,655.0,668.0,745.0,748.0,776.0,811.0,846.0,869.0,944.0,989.0,
11.0,12.0,14.0,24.0,40.0,47.0,47.0,85.0,111.0,143.0,181.0,224.0,230.0,263.0,363.0,422.0,435.0,482.0,482.0,484.0,487.0,503.0,656.0,679.0,703.0,710.0,743.0,822.0,830.0,885.0,914.0,915.0,985.0,
4.0,41.0,63.0,65.0,93.0,143.0,153.0,178.0,231.0,266.0,285.0,292.0,292.0,321.0,345.0,368.0,409.0,417.0,436.0,570.0,575.0,595.0,613.0,642.0,645.0,680.0,681.0,687.0,699.0,711.0,725.0,747.0,748.0,790.0,797.0,848.0,852.0,893.0,893.0,942.0,975.0,979.0,980.0,
27.0,53.0,58.0,69.0,142.0,208.0,223.0,250.0,303.0,311.0,344.0,350.0,384.0,391.0,413.0,418.0,423.0,472.0,491.0,498.0,511.0,539.0,577.0,601.0,632.0,643.0,676.0,745.0,805.0,821.0,874.0,958.0,966.0,
21.0,29.0,29.0,64.0,64.0,79.0,96.0,98.0,99.0,185.0,211.0,212.0,231.0,254.0,268.0,365.0,388.0,441.0,485.0,566.0,591.0,593.0,619.0,701.0,739.0,765.0,803.0,810.0,848.0,924.0,949.0,977.0,
26.0,32.0,58.0,104.0,106.0,117.0,126.0,130.0,146.0,186.0,207.0,220.0,225.0,242.0,248.0,280.0,285.0,300.0,348.0,377.0,419.0,425.0,432.0,442.0,445.0,495.0,529.0,602.0,641.0,659.0,675.0,712.0,729.0,731.0,769.0,772.0,819.0,855.0,927.0,941.0,
2.0,10.0,41.0,106.0,110.0,127.0,132.0,169.0,198.0,212.0,222.0,252.0,291.0,329.0,331.0,334.0,336.0,345.0,360.0,417.0,418.0,423.0,468.0,471.0,518.0,524.0,549.0,566.0,583.0,603.0,625.0,628.0,652.0,799.0,833.0,849.0,961.0,
100.0,114.0,121.0,124.0,143.0,144.0,181.0,192.0,198.0,205.0,206.0,206.0,231.0,231.0,247.0,259.0,262.0,286.0,328.0,329.0,402.0,519.0,526.0,542.0,552.0,555.0,589.0,623.0,623.0,657.0,675.0,677.0,679.0,710.0,714.0,794.0,802.0,818.0,876.0,877.0,943.0,954.0,972.0,
3.0,23.0,75.0,90.0,117.0,158.0,162.0,190.0,197.0,213.0,227.0,240.0,292.0,355.0,474.0,475.0,495.0,505.0,569.0,607.0,686.0,723.0,738.0,843.0,870.0,898.0,906.0,907.0,947.0,997.0,998.0,
81.0,83.0,87.0,103.0,107.0,113.0,121.0,129.0,224.0,233.0,262.0,290.0,311.0,315.0,361.0,371.0,374.0,385.0,386.0,391.0,420.0,426.0,470.0,477.0,494.0,519.0,533.0,537.0,539.0,563.0,569.0,598.0,609.0,609.0,613.0,713.0,733.0,750.0,751.0,754.0,765.0,799.0,799.0,803.0,823.0,823.0,840.0,851.0,879.0,891.0,906.0,958.0,970.0,
44.0,57.0,73.0,92.0,107.0,172.0,178.0,244.0,264.0,301.0,304.0,358.0,453.0,484.0,522.0,529.0,561.0,583.0,591.0,630.0,655.0,676.0,790.0,800.0,835.0,853.0,917.0,955.0,964.0,992.0,1000.0,
32.0,99.0,100.0,146.0,186.0,259.0,268.0,277.0,307.0,320.0,374.0,388.0,401.0,413.0,444.0,447.0,451.0,470.0,480.0,485.0,527.0,596.0,621.0,632.0,678.0,725.0,752.0,793.0,800.0,814.0,825.0,830.0,862.0,882.0,926.0,970.0,
44.0,56.0,135.0,168.0,180.0,185.0,242.0,264.0,312.0,315.0,329.0,336.0,490.0,564.0,580.0,594.0,642.0,663.0,664.0,678.0,682.0,694.0,730.0,745.0,749.0,751.0,794.0,828.0,904.0,915.0,933.0,939.0,956.0,958.0,984.0,998.0,
37.0,43.0,108.0,121.0,177.0,198.0,247.0,268.0,322.0,341.0,342.0,355.0,376.0,416.0,428.0,446.0,448.0,462.0,471.0,483.0,507.0,518.0,532.0,536.0,542.0,561.0,589.0,611.0,616.0,629.0,638.0,670.0,678.0,678.0,738.0,754.0,767.0,807.0,825.0,831.0,848.0,876.0,929.0,933.0,940.0,990.0,993.0,
4.0,20.0,40.0,42.0,110.0,116.0,150.0,155.0,189.0,202.0,246.0,330.0,359.0,392.0,414.0,425.0,448.0,516.0,557.0,677.0,692.0,700.0,706.0,744.0,747.0,792.0,819.0,869.0,939.0,947.0,954.0,
10.0,70.0,94.0,111.0,132.0,136.0,155.0,179.0,196.0,201.0,226.0,251.0,291.0,306.0,347.0,435.0,450.0,476.0,527.0,535.0,541.0,543.0,590.0,643.0,717.0,733.0,869.0,926.0,941.0,998.0,1000.0,
10.0,13.0,96.0,146.0,194.0,257.0,292.0,356.0,367.0,371.0,380.0,451.0,451.0,509.0,509.0,516.0,521.0,526.0,528.0,536.0,538.0,545.0,563.0,569.0,577.0,582.0,590.0,592.0,597.0,605.0,622.0,642.0,673.0,682.0,683.0,703.0,713.0,733.0,766.0,770.0,786.0,786.0,815.0,880.0,887.0,902.0,907.0,933.0,948.0,973.0,985.0,985.0,995.0,
95.0,143.0,280.0,280.0,321.0,352.0,353.0,375.0,389.0,400.0,418.0,520.0,521.0,521.0,540.0,546.0,549.0,554.0,557.0,567.0,582.0,592.0,598.0,614.0,625.0,643.0,649.0,654.0,655.0,662.0,668.0,686.0,698.0,700.0,752.0,762.0,768.0,792.0,796.0,815.0,823.0,838.0,849.0,863.0,876.0,884.0,900.0,923.0,929.0,940.0,950.0,983.0,
87.0,96.0,107.0,116.0,147.0,172.0,176.0,206.0,243.0,245.0,269.0,321.0,332.0,377.0,385.0,390.0,481.0,501.0,518.0,522.0,526.0,528.0,539.0,556.0,571.0,574.0,575.0,578.0,579.0,580.0,593.0,619.0,621.0,626.0,629.0,642.0,648.0,657.0,680.0,702.0,750.0,769.0,815.0,830.0,830.0,831.0,835.0,838.0,838.0,878.0,881.0,898.0,905.0,938.0,948.0,978.0,
8.0,12.0,85.0,88.0,90.0,100.0,138.0,158.0,163.0,188.0,208.0,211.0,281.0,313.0,318.0,362.0,402.0,410.0,433.0,451.0,566.0,569.0,591.0,659.0,686.0,765.0,901.0,903.0,
81.0,124.0,155.0,195.0,205.0,206.0,233.0,277.0,284.0,290.0,344.0,357.0,384.0,426.0,429.0,441.0,444.0,477.0,549.0,557.0,573.0,619.0,667.0,698.0,726.0,726.0,733.0,737.0,752.0,782.0,784.0,787.0,861.0,895.0,904.0,963.0,983.0,996.0,998.0,
50.0,61.0,141.0,171.0,184.0,200.0,215.0,228.0,272.0,290.0,317.0,343.0,370.0,402.0,446.0,460.0,479.0,502.0,617.0,618.0,663.0,673.0,677.0,703.0,721.0,730.0,741.0,757.0,760.0,775.0,776.0,795.0,869.0,899.0,934.0,953.0,981.0,990.0,996.0,
3.0,22.0,22.0,44.0,64.0,169.0,266.0,273.0,282.0,310.0,312.0,374.0,418.0,453.0,550.0,603.0,607.0,639.0,667.0,671.0,698.0,702.0,718.0,728.0,758.0,804.0,830.0,847.0,848.0,927.0,959.0,959.0,980.0,
27.0,46.0,59.0,66.0,250.0,261.0,273.0,281.0,336.0,357.0,360.0,416.0,447.0,464.0,480.0,483.0,584.0,599.0,608.0,628.0,655.0,667.0,698.0,739.0,809.0,822.0,843.0,917.0,920.0,937.0,948.0,973.0,
87.0,104.0,114.0,127.0,170.0,170.0,212.0,234.0,255.0,267.0,291.0,306.0,319.0,322.0,417.0,433.0,450.0,525.0,571.0,618.0,664.0,705.0,726.0,769.0,807.0,823.0,977.0,
11.0,67.0,106.0,113.0,181.0,196.0,213.0,222.0,238.0,238.0,241.0,285.0,333.0,358.0,397.0,445.0,476.0,477.0,481.0,522.0,544.0,546.0,601.0,611.0,643.0,646.0,651.0,688.0,786.0,933.0,
28.0,46.0,83.0,85.0,85.0,150.0,230.0,258.0,299.0,305.0,456.0,464.0,474.0,481.0,517.0,526.0,534.0,539.0,544.0,549.0,560.0,561.0,572.0,575.0,580.0,585.0,586.0,590.0,601.0,604.0,646.0,668.0,669.0,678.0,690.0,699.0,704.0,711.0,712.0,732.0,744.0,751.0,755.0,759.0,798.0,800.0,801.0,823.0,826.0,827.0,845.0,848.0,849.0,858.0,867.0,869.0,873.0,878.0,878.0,892.0,908.0,917.0,924.0,926.0,933.0,950.0,952.0,968.0,975.0,999.0,
15.0,41.0,60.0,61.0,77.0,91.0,112.0,138.0,177.0,194.0,200.0,201.0,221.0,228.0,245.0,277.0,288.0,315.0,318.0,325.0,331.0,342.0,352.0,357.0,362.0,365.0,367.0,371.0,372.0,386.0,402.0,477.0,488.0,491.0,517.0,518.0,532.0,541.0,541.0,542.0,548.0,552.0,583.0,588.0,594.0,612.0,619.0,639.0,641.0,671.0,683.0,684.0,688.0,741.0,747.0,785.0,791.0,792.0,800.0,802.0,811.0,822.0,824.0,831.0,840.0,847.0,867.0,870.0,876.0,892.0,893.0,894.0,895.0,900.0,904.0,918.0,919.0,938.0,940.0,965.0,982.0,982.0,986.0,991.0,996.0,999.0,
7.0,11.0,55.0,237.0,242.0,285.0,382.0,438.0,448.0,494.0,503.0,525.0,546.0,547.0,554.0,558.0,560.0,560.0,565.0,566.0,567.0,567.0,570.0,572.0,573.0,574.0,577.0,582.0,585.0,591.0,618.0,627.0,643.0,655.0,681.0,682.0,685.0,735.0,752.0,758.0,820.0,830.0,862.0,867.0,882.0,884.0,886.0,892.0,898.0,910.0,947.0,955.0,961.0,975.0,982.0,990.0,
100.0,112.0,172.0,175.0,200.0,212.0,239.0,258.0,303.0,321.0,336.0,414.0,467.0,516.0,542.0,555.0,565.0,577.0,587.0,594.0,643.0,665.0,747.0,765.0,771.0,953.0,
9.0,52.0,56.0,66.0,70.0,73.0,100.0,140.0,144.0,158.0,195.0,257.0,262.0,262.0,281.0,333.0,399.0,476.0,520.0,538.0,540.0,589.0,594.0,606.0,648.0,689.0,711.0,731.0,756.0,794.0,848.0,852.0,872.0,878.0,887.0,939.0,
23.0,119.0,144.0,186.0,223.0,236.0,247.0,259.0,259.0,277.0,307.0,335.0,338.0,363.0,378.0,451.0,470.0,495.0,501.0,579.0,608.0,610.0,657.0,681.0,691.0,708.0,708.0,720.0,726.0,814.0,869.0,869.0,888.0,955.0,989.0,
50.0,57.0,86.0,109.0,121.0,273.0,331.0,343.0,351.0,362.0,369.0,370.0,385.0,498.0,550.0,566.0,654.0,665.0,691.0,713.0,716.0,725.0,727.0,733.0,742.0,763.0,822.0,930.0,
49.0,61.0,72.0,99.0,116.0,118.0,237.0,244.0,282.0,335.0,336.0,387.0,401.0,422.0,426.0,433.0,433.0,455.0,473.0,512.0,527.0,541.0,586.0,592.0,612.0,633.0,648.0,668.0,680.0,690.0,739.0,770.0,802.0,825.0,849.0,852.0,889.0,891.0,925.0,934.0,947.0,980.0,
39.0,39.0,65.0,117.0,120.0,165.0,188.0,220.0,239.0,268.0,287.0,287.0,289.0,321.0,368.0,369.0,411.0,415.0,435.0,445.0,515.0,539.0,543.0,558.0,566.0,573.0,612.0,643.0,655.0,703.0,744.0,800.0,815.0,829.0,845.0,874.0,893.0,897.0,908.0,946.0,949.0,980.0,
5.0,7.0,10.0,27.0,113.0,197.0,213.0,217.0,231.0,232.0,237.0,260.0,322.0,366.0,382.0,435.0,439.0,455.0,462.0,478.0,479.0,497.0,505.0,506.0,533.0,544.0,639.0,646.0,669.0,670.0,726.0,735.0,750.0,782.0,808.0,827.0,857.0,884.0,886.0,891.0,893.0,935.0,957.0,988.0,
79.0,90.0,92.0,96.0,97.0,102.0,137.0,149.0,151.0,161.0,174.0,180.0,183.0,227.0,248.0,386.0,397.0,407.0,411.0,509.0,511.0,522.0,550.0,552.0,558.0,586.0,588.0,603.0,612.0,613.0,614.0,617.0,625.0,630.0,634.0,636.0,649.0,653.0,662.0,681.0,683.0,700.0,706.0,749.0,753.0,759.0,762.0,766.0,767.0,793.0,828.0,877.0,886.0,904.0,924.0,963.0,970.0,
98.0,120.0,121.0,132.0,239.0,263.0,275.0,278.0,284.0,292.0,294.0,304.0,305.0,330.0,393.0,399.0,432.0,433.0,443.0,470.0,490.0,529.0,531.0,532.0,534.0,537.0,540.0,540.0,542.0,544.0,548.0,548.0,555.0,558.0,578.0,580.0,581.0,600.0,607.0,608.0,609.0,623.0,633.0,643.0,648.0,650.0,657.0,660.0,664.0,706.0,711.0,754.0,757.0,758.0,761.0,779.0,799.0,817.0,829.0,858.0,860.0,867.0,878.0,906.0,919.0,931.0,939.0,950.0,954.0,956.0,963.0,981.0,990.0,994.0,
5.0,171.0,242.0,254.0,256.0,262.0,294.0,296.0,303.0,347.0,369.0,400.0,437.0,440.0,445.0,446.0,456.0,515.0,524.0,535.0,536.0,550.0,552.0,554.0,554.0,595.0,657.0,659.0,676.0,688.0,695.0,703.0,706.0,714.0,767.0,773.0,835.0,859.0,869.0,897.0,913.0,937.0,980.0,985.0,
24.0,76.0,105.0,122.0,148.0,164.0,197.0,222.0,229.0,239.0,283.0,294.0,303.0,309.0,311.0,317.0,374.0,395.0,405.0,418.0,421.0,543.0,547.0,628.0,677.0,678.0,697.0,706.0,727.0,867.0,872.0,966.0,
31.0,68.0,74.0,83.0,93.0,110.0,111.0,134.0,137.0,138.0,166.0,225.0,249.0,260.0,289.0,290.0,321.0,321.0,355.0,416.0,455.0,476.0,507.0,530.0,548.0,557.0,571.0,585.0,593.0,646.0,679.0,691.0,731.0,745.0,812.0,855.0,858.0,909.0,949.0,966.0,976.0,979.0,996.0,998.0,
12.0,37.0,64.0,122.0,128.0,132.0,147.0,221.0,223.0,230.0,245.0,261.0,269.0,289.0,347.0,369.0,373.0,396.0,409.0,529.0,570.0,629.0,634.0,668.0,672.0,678.0,706.0,813.0,813.0,817.0,827.0,900.0,906.0,921.0,945.0,947.0,
5.0,22.0,65.0,76.0,110.0,125.0,138.0,157.0,185.0,186.0,202.0,265.0,296.0,329.0,437.0,437.0,467.0,469.0,469.0,498.0,507.0,511.0,537.0,548.0,646.0,652.0,674.0,740.0,745.0,772.0,874.0,882.0,898.0,901.0,965.0,998.0,
8.0,37.0,44.0,56.0,56.0,89.0,97.0,100.0,101.0,122.0,143.0,176.0,223.0,234.0,234.0,263.0,298.0,324.0,341.0,345.0,356.0,357.0,415.0,428.0,459.0,495.0,501.0,509.0,512.0,605.0,728.0,732.0,788.0,820.0,839.0,841.0,842.0,882.0,912.0,927.0,932.0,981.0,
2.0,3.0,7.0,9.0,125.0,222.0,234.0,274.0,281.0,310.0,342.0,344.0,346.0,350.0,368.0,401.0,408.0,410.0,435.0,491.0,573.0,587.0,609.0,646.0,690.0,694.0,732.0,792.0,797.0,800.0,807.0,855.0,860.0,896.0,916.0,948.0,
35.0,37.0,60.0,80.0,80.0,91.0,106.0,116.0,127.0,138.0,159.0,180.0,190.0,211.0,224.0,308.0,312.0,315.0,327.0,334.0,362.0,376.0,408.0,408.0,412.0,428.0,475.0,499.0,506.0,518.0,580.0,625.0,690.0,706.0,709.0,727.0,730.0,760.0,777.0,779.0,781.0,782.0,806.0,807.0,821.0,841.0,881.0,882.0,895.0,950.0,981.0,982.0,
7.0,11.0,51.0,80.0,83.0,94.0,97.0,133.0,176.0,183.0,188.0,218.0,259.0,328.0,340.0,403.0,403.0,405.0,418.0,448.0,474.0,510.0,512.0,547.0,552.0,638.0,740.0,765.0,792.0,849.0,897.0,913.0,938.0,956.0,989.0,997.0,
26.0,28.0,44.0,46.0,55.0,79.0,88.0,98.0,118.0,147.0,154.0,155.0,185.0,193.0,221.0,221.0,304.0,383.0,424.0,441.0,456.0,498.0,528.0,537.0,565.0,608.0,614.0,633.0,646.0,650.0,753.0,839.0,894.0,910.0,
5.0,27.0,35.0,77.0,90.0,123.0,144.0,243.0,256.0,500.0,602.0,609.0,616.0,645.0,654.0,675.0,781.0,887.0,894.0,939.0,969.0,970.0,
63.0,161.0,164.0,171.0,207.0,256.0,289.0,296.0,319.0,399.0,418.0,430.0,437.0,444.0,460.0,462.0,521.0,528.0,569.0,588.0,632.0,662.0,722.0,735.0,750.0,764.0,790.0,876.0,879.0,900.0,915.0,936.0,966.0,967.0,
22.0,59.0,63.0,122.0,125.0,132.0,135.0,159.0,175.0,235.0,259.0,268.0,270.0,292.0,301.0,305.0,324.0,327.0,343.0,350.0,353.0,384.0,393.0,432.0,452.0,516.0,523.0,529.0,576.0,592.0,602.0,645.0,670.0,677.0,689.0,712.0,760.0,790.0,797.0,814.0,821.0,834.0,850.0,888.0,933.0,977.0,982.0,
7.0,183.0,206.0,224.0,254.0,287.0,349.0,368.0,381.0,382.0,396.0,398.0,440.0,483.0,496.0,497.0,532.0,554.0,583.0,598.0,644.0,651.0,654.0,659.0,661.0,673.0,676.0,705.0,759.0,768.0,796.0,841.0,858.0,871.0,952.0,977.0,
77.0,100.0,123.0,132.0,144.0,171.0,173.0,179.0,201.0,268.0,271.0,282.0,318.0,323.0,430.0,495.0,516.0,540.0,571.0,578.0,632.0,666.0,703.0,812.0,829.0,900.0,938.0,975.0,983.0,
19.0,34.0,98.0,103.0,121.0,141.0,152.0,157.0,172.0,194.0,222.0,240.0,266.0,267.0,293.0,329.0,331.0,359.0,360.0,393.0,471.0,517.0,546.0,557.0,572.0,612.0,646.0,661.0,699.0,756.0,797.0,804.0,842.0,976.0,983.0,998.0,
3.0,30.0,82.0,86.0,87.0,94.0,100.0,181.0,183.0,202.0,241.0,253.0,305.0,322.0,335.0,350.0,380.0,396.0,411.0,413.0,420.0,432.0,454.0,466.0,490.0,499.0,510.0,524.0,542.0,562.0,703.0,739.0,766.0,832.0,837.0,850.0,851.0,859.0,899.0,918.0,943.0,952.0,953.0,1000.0,
44.0,54.0,59.0,102.0,115.0,146.0,159.0,193.0,242.0,243.0,253.0,257.0,302.0,307.0,310.0,392.0,402.0,473.0,481.0,500.0,525.0,552.0,567.0,574.0,610.0,632.0,654.0,661.0,663.0,673.0,707.0,729.0,740.0,787.0,827.0,842.0,844.0,883.0,963.0,973.0,984.0,
15.0,36.0,61.0,76.0,81.0,140.0,176.0,207.0,215.0,320.0,332.0,345.0,368.0,476.0,525.0,592.0,663.0,692.0,705.0,731.0,785.0,822.0,836.0,838.0,908.0,956.0,999.0,
25.0,40.0,50.0,65.0,82.0,221.0,272.0,295.0,309.0,320.0,325.0,334.0,367.0,377.0,487.0,533.0,559.0,608.0,612.0,720.0,800.0,815.0,839.0,846.0,861.0,887.0,946.0,952.0,983.0,988.0,
12.0,34.0,58.0,67.0,133.0,218.0,229.0,270.0,295.0,344.0,364.0,436.0,447.0,463.0,498.0,609.0,663.0,729.0,731.0,733.0,810.0,840.0,879.0,886.0,949.0,
4.0,20.0,86.0,87.0,96.0,100.0,102.0,135.0,152.0,211.0,212.0,225.0,232.0,245.0,262.0,289.0,297.0,309.0,319.0,396.0,454.0,459.0,598.0,640.0,649.0,692.0,733.0,844.0,867.0,868.0,874.0,882.0,
40.0,57.0,95.0,136.0,146.0,184.0,196.0,207.0,219.0,280.0,313.0,321.0,328.0,355.0,358.0,393.0,419.0,424.0,459.0,476.0,505.0,511.0,555.0,566.0,599.0,656.0,659.0,683.0,702.0,791.0,807.0,835.0,837.0,863.0,871.0,877.0,897.0,899.0,931.0,932.0,933.0,967.0,
14.0,142.0,148.0,153.0,178.0,179.0,183.0,246.0,278.0,307.0,364.0,384.0,405.0,409.0,424.0,472.0,501.0,570.0,655.0,672.0,686.0,721.0,723.0,776.0,784.0,790.0,807.0,838.0,886.0,889.0,892.0,896.0,901.0,915.0,926.0,969.0,975.0,992.0,
5.0,75.0,88.0,181.0,220.0,227.0,232.0,247.0,280.0,284.0,290.0,412.0,428.0,436.0,458.0,554.0,603.0,607.0,628.0,670.0,672.0,685.0,710.0,761.0,776.0,778.0,780.0,873.0,906.0,917.0,926.0,938.0,966.0,
75.0,85.0,100.0,134.0,145.0,280.0,338.0,363.0,399.0,418.0,422.0,459.0,538.0,540.0,541.0,561.0,562.0,617.0,628.0,661.0,683.0,772.0,847.0,915.0,933.0,967.0,995.0,
15.0,60.0,66.0,89.0,175.0,218.0,225.0,237.0,304.0,372.0,377.0,437.0,487.0,526.0,546.0,572.0,581.0,599.0,660.0,676.0,677.0,741.0,747.0,760.0,804.0,810.0,815.0,836.0,855.0,871.0,930.0,932.0,942.0,960.0,964.0,
20.0,154.0,174.0,185.0,211.0,232.0,259.0,299.0,309.0,325.0,365.0,403.0,412.0,472.0,497.0,511.0,524.0,539.0,547.0,603.0,609.0,660.0,684.0,695.0,696.0,706.0,741.0,762.0,790.0,814.0,902.0,942.0,991.0,
29.0,65.0,164.0,191.0,208.0,245.0,251.0,258.0,306.0,353.0,365.0,402.0,416.0,452.0,454.0,468.0,491.0,493.0,560.0,569.0,604.0,651.0,681.0,755.0,806.0,813.0,819.0,886.0,928.0,930.0,960.0,969.0,
93.0,95.0,122.0,143.0,174.0,175.0,192.0,213.0,269.0,292.0,300.0,337.0,379.0,399.0,405.0,411.0,476.0,508.0,534.0,541.0,562.0,637.0,682.0,709.0,757.0,761.0,813.0,889.0,908.0,912.0,961.0,985.0,
4.0,12.0,12.0,16.0,53.0,75.0,81.0,99.0,107.0,113.0,197.0,211.0,295.0,300.0,327.0,353.0,361.0,412.0,452.0,481.0,494.0,534.0,596.0,656.0,684.0,717.0,749.0,764.0,789.0,834.0,849.0,870.0,870.0,879.0,880.0,890.0,932.0,932.0,956.0,
46.0,54.0,67.0,79.0,87.0,114.0,132.0,141.0,144.0,175.0,201.0,223.0,253.0,263.0,292.0,336.0,343.0,345.0,377.0,393.0,407.0,417.0,441.0,483.0,486.0,494.0,683.0,695.0,726.0,745.0,757.0,766.0,827.0,844.0,855.0,866.0,882.0,897.0,924.0,947.0,960.0,966.0,
33.0,68.0,101.0,122.0,126.0,136.0,137.0,137.0,160.0,330.0,350.0,352.0,364.0,381.0,400.0,404.0,409.0,433.0,434.0,473.0,480.0,524.0,526.0,532.0,546.0,586.0,603.0,686.0,730.0,740.0,749.0,759.0,840.0,895.0,908.0,916.0,923.0,925.0,932.0,957.0,
6.0,16.0,18.0,45.0,67.0,150.0,155.0,155.0,200.0,232.0,288.0,291.0,337.0,340.0,410.0,446.0,464.0,490.0,532.0,584.0,668.0,677.0,683.0,692.0,708.0,716.0,778.0,795.0,821.0,826.0,840.0,853.0,953.0,980.0,
