7.0,81.0,211.0,264.0,292.0,375.0,407.0,418.0,473.0,494.0,497.0,573.0,596.0,598.0,612.0,652.0,655.0,668.0,684.0,700.0,763.0,780.0,834.0,835.0,838.0,891.0,941.0,977.0,
11.0,23.0,75.0,125.0,129.0,131.0,198.0,239.0,247.0,264.0,287.0,330.0,361.0,371.0,375.0,383.0,460.0,463.0,488.0,492.0,511.0,544.0,550.0,551.0,568.0,592.0,653.0,665.0,686.0,720.0,724.0,763.0,764.0,774.0,776.0,785.0,800.0,803.0,852.0,852.0,864.0,865.0,873.0,890.0,934.0,949.0,988.0,999.0,
56.0,61.0,80.0,119.0,204.0,207.0,223.0,224.0,232.0,238.0,266.0,272.0,282.0,339.0,342.0,344.0,366.0,381.0,414.0,464.0,508.0,516.0,539.0,553.0,554.0,569.0,572.0,648.0,679.0,731.0,802.0,804.0,863.0,867.0,887.0,960.0,985.0,986.0,998.0,
17.0,84.0,89.0,105.0,125.0,143.0,145.0,146.0,179.0,218.0,286.0,312.0,320.0,325.0,339.0,356.0,397.0,424.0,443.0,487.0,495.0,496.0,611.0,612.0,618.0,619.0,647.0,699.0,745.0,757.0,760.0,766.0,789.0,791.0,793.0,795.0,827.0,854.0,878.0,888.0,924.0,990.0,
117.0,130.0,142.0,171.0,195.0,227.0,311.0,328.0,360.0,366.0,393.0,443.0,456.0,506.0,565.0,589.0,590.0,609.0,611.0,625.0,626.0,659.0,684.0,750.0,851.0,857.0,890.0,900.0,930.0,940.0,986.0,
20.0,68.0,169.0,197.0,227.0,246.0,246.0,396.0,418.0,432.0,495.0,505.0,529.0,535.0,545.0,554.0,564.0,581.0,661.0,679.0,681.0,691.0,694.0,735.0,774.0,880.0,964.0,1000.0,
66.0,122.0,166.0,190.0,204.0,235.0,289.0,304.0,368.0,370.0,378.0,407.0,446.0,467.0,475.0,482.0,546.0,614.0,636.0,670.0,695.0,707.0,712.0,720.0,755.0,775.0,783.0,812.0,838.0,850.0,888.0,898.0,906.0,923.0,937.0,
18.0,50.0,56.0,80.0,211.0,244.0,250.0,287.0,323.0,365.0,377.0,431.0,446.0,466.0,486.0,488.0,560.0,567.0,572.0,627.0,647.0,661.0,663.0,699.0,706.0,758.0,774.0,802.0,839.0,844.0,859.0,997.0,
48.0,71.0,152.0,158.0,160.0,165.0,185.0,199.0,217.0,233.0,256.0,257.0,316.0,326.0,368.0,501.0,594.0,603.0,613.0,626.0,637.0,650.0,686.0,802.0,813.0,820.0,851.0,901.0,920.0,921.0,960.0,
49.0,82.0,107.0,153.0,176.0,259.0,269.0,276.0,340.0,346.0,381.0,381.0,386.0,426.0,454.0,459.0,472.0,477.0,502.0,530.0,545.0,614.0,626.0,663.0,664.0,668.0,672.0,685.0,712.0,716.0,720.0,824.0,845.0,845.0,886.0,892.0,
17.0,26.0,40.0,64.0,69.0,125.0,130.0,148.0,196.0,237.0,261.0,310.0,326.0,344.0,386.0,390.0,450.0,501.0,542.0,569.0,582.0,648.0,672.0,685.0,751.0,783.0,799.0,836.0,858.0,860.0,905.0,915.0,916.0,917.0,981.0,991.0,
23.0,27.0,28.0,145.0,146.0,178.0,189.0,222.0,237.0,276.0,335.0,349.0,383.0,401.0,431.0,451.0,454.0,456.0,475.0,485.0,489.0,491.0,575.0,596.0,659.0,677.0,704.0,704.0,705.0,764.0,770.0,777.0,855.0,906.0,937.0,999.0,
9.0,90.0,91.0,96.0,176.0,178.0,234.0,284.0,317.0,358.0,406.0,407.0,437.0,486.0,497.0,517.0,529.0,541.0,600.0,705.0,717.0,740.0,743.0,905.0,931.0,952.0,
11.0,19.0,23.0,69.0,124.0,149.0,181.0,191.0,215.0,228.0,255.0,263.0,299.0,410.0,416.0,436.0,476.0,495.0,527.0,549.0,553.0,573.0,585.0,594.0,624.0,634.0,648.0,695.0,697.0,728.0,738.0,741.0,836.0,842.0,848.0,855.0,912.0,967.0,
93.0,182.0,192.0,278.0,307.0,311.0,312.0,322.0,333.0,334.0,335.0,435.0,439.0,471.0,541.0,560.0,563.0,566.0,578.0,664.0,671.0,701.0,705.0,726.0,729.0,730.0,778.0,800.0,841.0,858.0,967.0,
9.0,14.0,33.0,55.0,82.0,91.0,125.0,154.0,181.0,212.0,213.0,233.0,289.0,354.0,362.0,386.0,410.0,425.0,452.0,482.0,525.0,542.0,554.0,556.0,570.0,579.0,589.0,602.0,621.0,648.0,650.0,670.0,683.0,709.0,743.0,769.0,788.0,810.0,851.0,865.0,876.0,897.0,933.0,975.0,978.0,981.0,
7.0,12.0,23.0,91.0,177.0,224.0,239.0,278.0,361.0,379.0,412.0,413.0,478.0,531.0,538.0,562.0,582.0,590.0,617.0,617.0,628.0,670.0,684.0,722.0,827.0,866.0,867.0,894.0,989.0,
15.0,122.0,157.0,158.0,225.0,257.0,263.0,286.0,301.0,335.0,518.0,540.0,605.0,652.0,662.0,729.0,851.0,879.0,910.0,931.0,932.0,986.0,
8.0,85.0,89.0,160.0,168.0,190.0,239.0,245.0,274.0,287.0,306.0,317.0,343.0,346.0,366.0,425.0,431.0,499.0,504.0,540.0,636.0,669.0,812.0,833.0,899.0,905.0,935.0,948.0,950.0,955.0,965.0,969.0,986.0,
20.0,43.0,50.0,68.0,74.0,143.0,147.0,226.0,259.0,355.0,357.0,380.0,383.0,396.0,447.0,465.0,478.0,520.0,525.0,548.0,558.0,582.0,597.0,611.0,669.0,680.0,684.0,693.0,698.0,703.0,731.0,743.0,789.0,826.0,834.0,836.0,848.0,866.0,867.0,896.0,944.0,948.0,965.0,
56.0,87.0,117.0,124.0,150.0,152.0,181.0,202.0,206.0,218.0,231.0,254.0,264.0,319.0,322.0,324.0,327.0,356.0,401.0,414.0,436.0,447.0,458.0,459.0,461.0,468.0,511.0,544.0,550.0,560.0,600.0,615.0,686.0,715.0,721.0,733.0,745.0,762.0,766.0,803.0,851.0,864.0,913.0,917.0,927.0,956.0,970.0,
10.0,22.0,68.0,72.0,98.0,134.0,158.0,221.0,238.0,252.0,274.0,304.0,310.0,315.0,360.0,395.0,408.0,432.0,466.0,497.0,502.0,513.0,520.0,546.0,557.0,570.0,597.0,607.0,630.0,642.0,651.0,672.0,723.0,726.0,791.0,801.0,843.0,852.0,867.0,873.0,877.0,891.0,903.0,957.0,
84.0,115.0,117.0,123.0,126.0,147.0,176.0,184.0,196.0,215.0,221.0,315.0,333.0,351.0,352.0,371.0,417.0,436.0,444.0,461.0,472.0,479.0,481.0,496.0,539.0,543.0,587.0,687.0,784.0,791.0,797.0,844.0,899.0,925.0,996.0,
8.0,11.0,38.0,39.0,46.0,47.0,87.0,96.0,102.0,128.0,130.0,146.0,149.0,161.0,202.0,222.0,267.0,271.0,291.0,296.0,321.0,322.0,343.0,436.0,472.0,485.0,500.0,560.0,594.0,612.0,664.0,722.0,770.0,793.0,826.0,834.0,837.0,846.0,883.0,902.0,911.0,971.0,
4.0,5.0,38.0,64.0,112.0,134.0,138.0,148.0,156.0,168.0,186.0,193.0,277.0,314.0,317.0,378.0,479.0,482.0,542.0,556.0,568.0,570.0,588.0,614.0,627.0,682.0,691.0,696.0,750.0,768.0,796.0,811.0,933.0,950.0,960.0,1000.0,
17.0,26.0,47.0,75.0,84.0,113.0,159.0,169.0,182.0,222.0,268.0,275.0,291.0,318.0,396.0,415.0,455.0,460.0,464.0,481.0,535.0,561.0,591.0,683.0,708.0,752.0,838.0,848.0,874.0,878.0,911.0,966.0,982.0,
60.0,83.0,99.0,107.0,158.0,161.0,190.0,203.0,214.0,218.0,221.0,228.0,283.0,284.0,296.0,307.0,339.0,395.0,414.0,463.0,479.0,482.0,490.0,493.0,495.0,579.0,580.0,590.0,605.0,609.0,691.0,721.0,751.0,784.0,801.0,812.0,832.0,838.0,893.0,899.0,920.0,921.0,947.0,949.0,959.0,
52.0,68.0,163.0,180.0,184.0,211.0,216.0,264.0,300.0,371.0,379.0,384.0,398.0,403.0,435.0,583.0,638.0,643.0,705.0,711.0,722.0,734.0,743.0,778.0,789.0,793.0,819.0,899.0,909.0,957.0,976.0,982.0,985.0,992.0,
36.0,40.0,64.0,80.0,158.0,192.0,208.0,245.0,253.0,269.0,353.0,359.0,371.0,376.0,413.0,425.0,477.0,522.0,557.0,565.0,577.0,620.0,623.0,634.0,636.0,679.0,742.0,775.0,797.0,827.0,827.0,835.0,849.0,942.0,
25.0,64.0,71.0,79.0,89.0,90.0,110.0,114.0,118.0,135.0,196.0,212.0,237.0,257.0,278.0,281.0,283.0,315.0,372.0,424.0,434.0,438.0,440.0,463.0,469.0,485.0,528.0,532.0,532.0,584.0,586.0,588.0,658.0,659.0,661.0,666.0,694.0,694.0,701.0,762.0,771.0,782.0,817.0,835.0,844.0,893.0,
6.0,13.0,89.0,255.0,272.0,288.0,288.0,301.0,309.0,310.0,324.0,375.0,501.0,558.0,578.0,666.0,808.0,848.0,935.0,949.0,961.0,977.0,979.0,
21.0,56.0,56.0,59.0,65.0,99.0,137.0,140.0,172.0,201.0,228.0,264.0,299.0,309.0,341.0,343.0,349.0,388.0,395.0,407.0,434.0,439.0,454.0,455.0,465.0,471.0,519.0,529.0,530.0,535.0,627.0,629.0,636.0,636.0,638.0,646.0,661.0,672.0,715.0,847.0,862.0,891.0,986.0,
2.0,22.0,80.0,80.0,200.0,220.0,223.0,224.0,225.0,258.0,268.0,273.0,334.0,388.0,420.0,434.0,442.0,469.0,493.0,505.0,547.0,567.0,644.0,648.0,662.0,685.0,718.0,722.0,812.0,825.0,901.0,987.0,996.0,
28.0,75.0,95.0,123.0,130.0,176.0,216.0,319.0,334.0,454.0,488.0,501.0,502.0,546.0,571.0,598.0,603.0,617.0,618.0,665.0,670.0,695.0,712.0,772.0,783.0,845.0,900.0,901.0,921.0,959.0,979.0,
40.0,54.0,62.0,76.0,79.0,82.0,100.0,155.0,192.0,266.0,275.0,292.0,294.0,304.0,351.0,373.0,393.0,435.0,472.0,480.0,501.0,537.0,586.0,596.0,611.0,618.0,662.0,668.0,726.0,732.0,742.0,764.0,788.0,839.0,848.0,878.0,988.0,
2.0,43.0,51.0,65.0,67.0,103.0,115.0,158.0,171.0,188.0,192.0,197.0,248.0,258.0,290.0,300.0,312.0,315.0,329.0,360.0,383.0,387.0,486.0,526.0,535.0,540.0,647.0,703.0,713.0,744.0,755.0,762.0,769.0,791.0,793.0,888.0,904.0,964.0,
66.0,81.0,90.0,225.0,256.0,284.0,288.0,294.0,321.0,331.0,346.0,377.0,432.0,435.0,443.0,463.0,470.0,476.0,495.0,506.0,512.0,521.0,536.0,550.0,553.0,584.0,605.0,606.0,617.0,665.0,731.0,749.0,750.0,756.0,917.0,939.0,997.0,
52.0,79.0,80.0,152.0,152.0,180.0,208.0,213.0,231.0,306.0,312.0,317.0,352.0,384.0,411.0,433.0,442.0,451.0,462.0,462.0,464.0,468.0,543.0,616.0,628.0,638.0,655.0,695.0,721.0,749.0,755.0,777.0,796.0,822.0,828.0,834.0,842.0,858.0,907.0,944.0,
102.0,168.0,170.0,189.0,205.0,210.0,224.0,234.0,235.0,235.0,253.0,265.0,271.0,336.0,363.0,388.0,398.0,448.0,457.0,465.0,519.0,561.0,584.0,590.0,691.0,737.0,762.0,776.0,830.0,844.0,847.0,866.0,927.0,929.0,984.0,986.0,
17.0,19.0,22.0,25.0,44.0,93.0,117.0,130.0,153.0,186.0,208.0,209.0,247.0,285.0,365.0,392.0,396.0,405.0,470.0,483.0,499.0,529.0,542.0,617.0,639.0,691.0,745.0,789.0,816.0,828.0,851.0,864.0,872.0,901.0,927.0,964.0,965.0,966.0,
6.0,28.0,53.0,101.0,116.0,123.0,126.0,139.0,150.0,156.0,186.0,192.0,193.0,210.0,223.0,302.0,304.0,397.0,408.0,408.0,423.0,441.0,512.0,536.0,572.0,575.0,632.0,634.0,638.0,689.0,705.0,725.0,732.0,783.0,793.0,832.0,836.0,920.0,937.0,943.0,948.0,948.0,992.0,
5.0,51.0,172.0,216.0,231.0,233.0,254.0,256.0,279.0,296.0,305.0,312.0,324.0,351.0,351.0,386.0,405.0,406.0,421.0,441.0,457.0,476.0,500.0,504.0,547.0,639.0,716.0,743.0,866.0,899.0,901.0,903.0,926.0,937.0,940.0,972.0,
9.0,106.0,116.0,117.0,129.0,145.0,147.0,160.0,161.0,180.0,245.0,246.0,269.0,304.0,315.0,366.0,456.0,474.0,514.0,557.0,563.0,576.0,592.0,613.0,649.0,693.0,695.0,719.0,720.0,738.0,752.0,860.0,910.0,915.0,935.0,946.0,
69.0,81.0,91.0,103.0,110.0,158.0,215.0,303.0,320.0,356.0,396.0,399.0,410.0,411.0,485.0,521.0,570.0,582.0,702.0,749.0,753.0,760.0,827.0,830.0,910.0,912.0,937.0,969.0,990.0,
5.0,10.0,23.0,42.0,51.0,70.0,89.0,93.0,104.0,106.0,121.0,126.0,131.0,164.0,213.0,250.0,260.0,267.0,270.0,307.0,315.0,364.0,429.0,472.0,475.0,484.0,533.0,535.0,554.0,557.0,566.0,579.0,621.0,669.0,681.0,682.0,700.0,705.0,709.0,720.0,726.0,738.0,759.0,761.0,776.0,790.0,804.0,829.0,846.0,874.0,908.0,944.0,962.0,969.0,
23.0,29.0,87.0,99.0,122.0,135.0,140.0,182.0,216.0,217.0,220.0,244.0,297.0,352.0,357.0,394.0,407.0,468.0,470.0,495.0,501.0,518.0,530.0,534.0,540.0,544.0,548.0,549.0,569.0,572.0,574.0,582.0,586.0,597.0,603.0,606.0,608.0,609.0,614.0,636.0,646.0,660.0,667.0,672.0,676.0,677.0,680.0,694.0,702.0,710.0,721.0,725.0,733.0,738.0,785.0,822.0,849.0,850.0,855.0,861.0,870.0,886.0,921.0,947.0,957.0,967.0,986.0,986.0,997.0,
3.0,9.0,29.0,42.0,131.0,132.0,140.0,147.0,160.0,165.0,189.0,191.0,197.0,234.0,289.0,312.0,397.0,407.0,427.0,459.0,483.0,485.0,524.0,531.0,531.0,539.0,542.0,546.0,564.0,564.0,569.0,597.0,626.0,627.0,658.0,673.0,708.0,740.0,786.0,792.0,823.0,847.0,894.0,943.0,958.0,967.0,974.0,999.0,
44.0,53.0,54.0,68.0,109.0,118.0,150.0,158.0,173.0,213.0,215.0,248.0,254.0,266.0,266.0,305.0,341.0,350.0,385.0,429.0,430.0,490.0,526.0,526.0,572.0,576.0,649.0,732.0,771.0,772.0,776.0,781.0,787.0,804.0,858.0,934.0,983.0,
6.0,97.0,103.0,123.0,185.0,204.0,232.0,244.0,244.0,248.0,270.0,279.0,405.0,422.0,443.0,446.0,486.0,529.0,625.0,631.0,667.0,676.0,678.0,695.0,774.0,811.0,826.0,853.0,875.0,899.0,
9.0,28.0,28.0,41.0,131.0,173.0,278.0,340.0,366.0,388.0,402.0,417.0,474.0,492.0,506.0,558.0,627.0,631.0,688.0,743.0,784.0,786.0,800.0,811.0,816.0,838.0,858.0,863.0,904.0,920.0,963.0,974.0,991.0,
5.0,37.0,56.0,72.0,89.0,112.0,120.0,143.0,163.0,195.0,230.0,273.0,293.0,299.0,341.0,452.0,489.0,501.0,527.0,538.0,548.0,559.0,615.0,619.0,621.0,758.0,759.0,781.0,787.0,803.0,815.0,906.0,920.0,928.0,972.0,996.0,
10.0,61.0,74.0,140.0,140.0,152.0,168.0,186.0,226.0,248.0,271.0,351.0,384.0,401.0,402.0,417.0,421.0,496.0,522.0,532.0,544.0,592.0,596.0,634.0,638.0,654.0,720.0,797.0,823.0,869.0,875.0,900.0,947.0,948.0,962.0,982.0,
18.0,45.0,88.0,88.0,113.0,156.0,282.0,335.0,348.0,383.0,385.0,456.0,467.0,515.0,545.0,551.0,586.0,615.0,628.0,628.0,630.0,645.0,685.0,702.0,878.0,880.0,882.0,936.0,936.0,964.0,974.0,977.0,998.0,
105.0,107.0,114.0,132.0,145.0,152.0,175.0,207.0,222.0,256.0,268.0,287.0,297.0,300.0,301.0,438.0,441.0,452.0,476.0,520.0,526.0,594.0,597.0,625.0,689.0,692.0,702.0,730.0,758.0,858.0,945.0,987.0,
2.0,3.0,36.0,43.0,82.0,83.0,103.0,115.0,116.0,126.0,157.0,234.0,380.0,392.0,455.0,466.0,474.0,519.0,541.0,543.0,556.0,559.0,560.0,578.0,582.0,583.0,586.0,587.0,588.0,605.0,619.0,630.0,645.0,653.0,681.0,685.0,685.0,687.0,688.0,691.0,693.0,695.0,713.0,740.0,766.0,818.0,821.0,822.0,836.0,865.0,871.0,897.0,904.0,925.0,926.0,926.0,938.0,948.0,956.0,988.0,996.0,997.0,
2.0,11.0,12.0,29.0,41.0,62.0,90.0,91.0,103.0,149.0,207.0,233.0,297.0,345.0,367.0,369.0,384.0,478.0,515.0,529.0,531.0,532.0,533.0,535.0,540.0,546.0,555.0,559.0,563.0,564.0,572.0,576.0,579.0,580.0,594.0,595.0,602.0,608.0,624.0,629.0,644.0,651.0,668.0,671.0,675.0,704.0,716.0,718.0,742.0,750.0,751.0,760.0,763.0,767.0,777.0,804.0,806.0,808.0,825.0,832.0,833.0,854.0,861.0,872.0,878.0,908.0,937.0,941.0,952.0,968.0,969.0,981.0,981.0,995.0,
16.0,57.0,63.0,79.0,175.0,215.0,215.0,258.0,289.0,306.0,325.0,343.0,386.0,401.0,412.0,414.0,414.0,442.0,487.0,491.0,524.0,525.0,532.0,544.0,555.0,564.0,593.0,597.0,605.0,605.0,606.0,614.0,620.0,623.0,623.0,630.0,631.0,661.0,664.0,672.0,676.0,676.0,679.0,694.0,708.0,712.0,719.0,735.0,769.0,772.0,809.0,823.0,836.0,848.0,864.0,868.0,872.0,890.0,915.0,924.0,927.0,932.0,936.0,958.0,959.0,960.0,972.0,997.0,998.0,
38.0,53.0,154.0,167.0,182.0,262.0,338.0,344.0,423.0,424.0,425.0,429.0,459.0,508.0,527.0,536.0,558.0,587.0,596.0,599.0,647.0,670.0,677.0,753.0,772.0,799.0,810.0,840.0,854.0,900.0,927.0,
14.0,65.0,237.0,271.0,301.0,311.0,319.0,340.0,359.0,366.0,422.0,423.0,423.0,444.0,449.0,452.0,456.0,549.0,557.0,578.0,608.0,609.0,610.0,621.0,625.0,629.0,636.0,636.0,637.0,662.0,669.0,682.0,701.0,748.0,786.0,801.0,818.0,887.0,902.0,904.0,1000.0,1000.0,
31.0,60.0,121.0,229.0,260.0,274.0,278.0,289.0,345.0,394.0,447.0,449.0,545.0,559.0,561.0,562.0,573.0,609.0,711.0,717.0,718.0,790.0,802.0,813.0,845.0,850.0,872.0,877.0,893.0,897.0,948.0,971.0,993.0,
3.0,68.0,110.0,169.0,230.0,378.0,384.0,465.0,481.0,497.0,546.0,578.0,667.0,668.0,671.0,688.0,697.0,711.0,737.0,791.0,792.0,810.0,819.0,829.0,857.0,865.0,873.0,911.0,919.0,940.0,960.0,965.0,983.0,987.0,992.0,
32.0,37.0,66.0,97.0,104.0,156.0,159.0,210.0,219.0,259.0,299.0,356.0,358.0,382.0,473.0,474.0,479.0,490.0,503.0,534.0,556.0,565.0,566.0,580.0,582.0,603.0,608.0,619.0,664.0,743.0,766.0,774.0,824.0,829.0,845.0,847.0,854.0,865.0,869.0,883.0,943.0,
26.0,29.0,51.0,94.0,103.0,114.0,166.0,209.0,224.0,225.0,226.0,343.0,373.0,380.0,399.0,400.0,408.0,429.0,435.0,454.0,460.0,481.0,524.0,533.0,566.0,684.0,697.0,702.0,736.0,760.0,787.0,803.0,829.0,856.0,860.0,870.0,887.0,913.0,917.0,922.0,
12.0,44.0,69.0,104.0,150.0,159.0,175.0,185.0,210.0,218.0,254.0,276.0,283.0,289.0,292.0,296.0,304.0,325.0,337.0,447.0,503.0,514.0,542.0,549.0,609.0,612.0,643.0,645.0,685.0,710.0,846.0,857.0,864.0,885.0,889.0,999.0,
9.0,10.0,26.0,73.0,91.0,104.0,138.0,139.0,186.0,235.0,265.0,372.0,437.0,476.0,495.0,517.0,523.0,541.0,552.0,556.0,581.0,586.0,603.0,604.0,622.0,644.0,658.0,664.0,678.0,685.0,692.0,718.0,723.0,738.0,759.0,777.0,810.0,823.0,865.0,870.0,935.0,947.0,953.0,954.0,969.0,
16.0,55.0,65.0,104.0,115.0,132.0,182.0,242.0,247.0,252.0,321.0,341.0,344.0,349.0,423.0,498.0,519.0,519.0,533.0,544.0,553.0,580.0,589.0,592.0,595.0,596.0,606.0,619.0,622.0,623.0,633.0,636.0,637.0,637.0,661.0,675.0,683.0,701.0,706.0,707.0,726.0,750.0,761.0,765.0,768.0,780.0,794.0,799.0,820.0,823.0,846.0,853.0,875.0,902.0,931.0,932.0,946.0,954.0,997.0,
39.0,44.0,156.0,233.0,236.0,265.0,275.0,279.0,304.0,310.0,331.0,349.0,402.0,421.0,434.0,457.0,524.0,554.0,557.0,564.0,570.0,575.0,588.0,588.0,594.0,595.0,610.0,614.0,626.0,633.0,636.0,646.0,651.0,657.0,682.0,684.0,697.0,700.0,745.0,754.0,773.0,782.0,814.0,817.0,844.0,879.0,934.0,973.0,995.0,997.0,
12.0,17.0,37.0,48.0,105.0,144.0,179.0,181.0,213.0,218.0,319.0,336.0,483.0,528.0,645.0,646.0,759.0,772.0,789.0,825.0,872.0,936.0,943.0,982.0,
45.0,93.0,109.0,160.0,341.0,364.0,424.0,460.0,471.0,478.0,489.0,578.0,605.0,634.0,700.0,709.0,726.0,869.0,892.0,911.0,970.0,
11.0,30.0,71.0,116.0,152.0,166.0,203.0,240.0,248.0,291.0,317.0,335.0,346.0,394.0,395.0,407.0,462.0,469.0,557.0,561.0,593.0,605.0,620.0,640.0,714.0,829.0,840.0,941.0,997.0,
84.0,112.0,121.0,122.0,130.0,142.0,157.0,169.0,203.0,233.0,257.0,259.0,261.0,262.0,275.0,290.0,321.0,368.0,376.0,434.0,460.0,465.0,470.0,509.0,522.0,530.0,546.0,593.0,608.0,618.0,622.0,625.0,673.0,703.0,714.0,746.0,777.0,807.0,919.0,942.0,945.0,971.0,991.0,
17.0,17.0,37.0,58.0,72.0,79.0,87.0,168.0,225.0,240.0,328.0,350.0,414.0,465.0,482.0,487.0,502.0,545.0,547.0,557.0,573.0,616.0,643.0,696.0,697.0,715.0,785.0,804.0,806.0,826.0,828.0,878.0,928.0,930.0,962.0,986.0,
16.0,30.0,42.0,89.0,121.0,122.0,144.0,185.0,270.0,276.0,309.0,332.0,336.0,369.0,410.0,415.0,475.0,483.0,577.0,584.0,651.0,711.0,773.0,776.0,777.0,888.0,895.0,902.0,945.0,964.0,974.0,983.0,
28.0,50.0,63.0,71.0,88.0,127.0,144.0,148.0,171.0,184.0,204.0,237.0,268.0,329.0,369.0,396.0,421.0,455.0,485.0,486.0,494.0,506.0,509.0,511.0,541.0,550.0,559.0,570.0,578.0,581.0,592.0,598.0,604.0,679.0,680.0,680.0,732.0,765.0,803.0,823.0,832.0,833.0,834.0,866.0,892.0,902.0,978.0,
6.0,21.0,108.0,121.0,127.0,171.0,200.0,215.0,264.0,333.0,335.0,348.0,355.0,386.0,399.0,403.0,430.0,432.0,443.0,450.0,480.0,505.0,576.0,583.0,597.0,603.0,638.0,656.0,663.0,685.0,700.0,701.0,719.0,757.0,757.0,844.0,907.0,914.0,941.0,966.0,
44.0,98.0,107.0,117.0,141.0,153.0,187.0,204.0,240.0,258.0,359.0,370.0,371.0,395.0,402.0,406.0,422.0,453.0,463.0,516.0,606.0,672.0,692.0,692.0,795.0,803.0,824.0,832.0,886.0,949.0,
10.0,36.0,146.0,162.0,227.0,235.0,245.0,247.0,271.0,304.0,324.0,341.0,368.0,372.0,379.0,402.0,426.0,436.0,445.0,451.0,517.0,566.0,571.0,601.0,699.0,741.0,752.0,838.0,861.0,882.0,901.0,997.0,
61.0,79.0,99.0,131.0,141.0,156.0,165.0,229.0,246.0,252.0,283.0,327.0,335.0,350.0,362.0,366.0,368.0,401.0,429.0,441.0,447.0,450.0,459.0,466.0,521.0,551.0,579.0,618.0,622.0,635.0,674.0,694.0,705.0,757.0,762.0,772.0,843.0,848.0,881.0,916.0,918.0,930.0,974.0,981.0,992.0,
26.0,32.0,147.0,162.0,165.0,181.0,196.0,201.0,226.0,265.0,290.0,311.0,337.0,352.0,394.0,422.0,431.0,445.0,453.0,556.0,562.0,577.0,580.0,589.0,612.0,643.0,680.0,778.0,785.0,786.0,795.0,822.0,838.0,862.0,897.0,905.0,907.0,949.0,963.0,
33.0,55.0,68.0,73.0,143.0,193.0,216.0,258.0,287.0,302.0,310.0,313.0,365.0,368.0,414.0,454.0,462.0,463.0,475.0,552.0,613.0,620.0,626.0,684.0,694.0,695.0,708.0,755.0,782.0,801.0,835.0,886.0,907.0,911.0,922.0,953.0,958.0,967.0,
9.0,40.0,152.0,157.0,159.0,192.0,206.0,211.0,230.0,246.0,249.0,257.0,311.0,334.0,338.0,376.0,387.0,448.0,457.0,469.0,509.0,522.0,536.0,536.0,557.0,625.0,660.0,672.0,689.0,726.0,780.0,875.0,904.0,909.0,916.0,
15.0,47.0,111.0,119.0,133.0,172.0,180.0,186.0,187.0,210.0,221.0,256.0,257.0,300.0,330.0,351.0,379.0,401.0,412.0,438.0,446.0,474.0,524.0,556.0,560.0,631.0,657.0,689.0,699.0,711.0,731.0,741.0,778.0,806.0,840.0,891.0,961.0,993.0,
50.0,109.0,113.0,114.0,120.0,129.0,132.0,161.0,200.0,297.0,299.0,389.0,403.0,421.0,476.0,480.0,485.0,501.0,512.0,527.0,529.0,536.0,558.0,573.0,589.0,648.0,698.0,725.0,749.0,777.0,825.0,828.0,836.0,894.0,937.0,946.0,960.0,
12.0,14.0,14.0,30.0,83.0,95.0,169.0,170.0,227.0,262.0,283.0,292.0,338.0,354.0,365.0,372.0,372.0,387.0,392.0,423.0,450.0,557.0,607.0,743.0,786.0,787.0,790.0,838.0,850.0,853.0,858.0,892.0,949.0,951.0,953.0,980.0,999.0,
15.0,18.0,27.0,33.0,55.0,94.0,98.0,104.0,145.0,154.0,166.0,190.0,224.0,334.0,357.0,374.0,375.0,375.0,412.0,413.0,419.0,428.0,433.0,441.0,476.0,547.0,575.0,580.0,586.0,593.0,676.0,734.0,736.0,780.0,803.0,830.0,840.0,845.0,847.0,881.0,908.0,935.0,
66.0,93.0,141.0,180.0,227.0,249.0,269.0,278.0,322.0,345.0,370.0,383.0,395.0,397.0,414.0,440.0,518.0,527.0,546.0,547.0,631.0,631.0,672.0,736.0,846.0,850.0,875.0,952.0,
34.0,128.0,146.0,159.0,175.0,190.0,212.0,284.0,295.0,313.0,347.0,404.0,444.0,449.0,507.0,555.0,591.0,627.0,679.0,684.0,724.0,733.0,753.0,791.0,799.0,805.0,809.0,818.0,837.0,884.0,886.0,897.0,941.0,
53.0,122.0,161.0,165.0,234.0,298.0,316.0,343.0,346.0,365.0,366.0,382.0,402.0,403.0,421.0,422.0,501.0,521.0,541.0,579.0,582.0,612.0,652.0,666.0,730.0,748.0,835.0,881.0,912.0,926.0,931.0,944.0,962.0,
7.0,8.0,116.0,147.0,157.0,190.0,232.0,262.0,265.0,273.0,345.0,441.0,465.0,473.0,480.0,494.0,497.0,499.0,499.0,549.0,554.0,555.0,564.0,600.0,624.0,675.0,680.0,733.0,776.0,798.0,878.0,905.0,908.0,911.0,924.0,979.0,
3.0,43.0,54.0,74.0,95.0,99.0,186.0,194.0,263.0,264.0,337.0,390.0,442.0,484.0,491.0,493.0,524.0,534.0,535.0,553.0,560.0,592.0,594.0,612.0,615.0,624.0,734.0,755.0,755.0,790.0,834.0,851.0,868.0,890.0,895.0,899.0,909.0,930.0,958.0,995.0,
57.0,75.0,86.0,110.0,115.0,117.0,196.0,202.0,202.0,213.0,232.0,278.0,320.0,340.0,364.0,395.0,407.0,414.0,445.0,516.0,542.0,645.0,652.0,689.0,818.0,903.0,926.0,928.0,928.0,933.0,986.0,
10.0,17.0,24.0,100.0,118.0,144.0,179.0,181.0,194.0,289.0,308.0,353.0,374.0,386.0,402.0,406.0,418.0,425.0,447.0,471.0,503.0,524.0,591.0,645.0,665.0,667.0,667.0,693.0,702.0,717.0,736.0,747.0,758.0,764.0,887.0,920.0,934.0,977.0,999.0,
23.0,85.0,87.0,184.0,197.0,223.0,225.0,226.0,290.0,293.0,315.0,355.0,397.0,431.0,432.0,455.0,467.0,477.0,485.0,529.0,530.0,561.0,567.0,573.0,592.0,629.0,631.0,685.0,726.0,739.0,775.0,777.0,779.0,783.0,832.0,846.0,858.0,888.0,906.0,940.0,944.0,946.0,954.0,963.0,978.0,981.0,
2.0,25.0,44.0,65.0,92.0,129.0,145.0,165.0,236.0,249.0,272.0,305.0,313.0,331.0,341.0,342.0,358.0,363.0,424.0,433.0,466.0,480.0,488.0,490.0,511.0,755.0,784.0,845.0,847.0,878.0,942.0,945.0,966.0,985.0,
28.0,49.0,49.0,81.0,110.0,120.0,122.0,126.0,189.0,213.0,218.0,219.0,264.0,270.0,284.0,290.0,299.0,311.0,334.0,342.0,346.0,350.0,366.0,393.0,418.0,424.0,466.0,484.0,512.0,526.0,544.0,571.0,597.0,636.0,638.0,657.0,658.0,674.0,696.0,706.0,725.0,756.0,830.0,838.0,844.0,896.0,897.0,919.0,998.0,1000.0,
6.0,35.0,39.0,72.0,99.0,126.0,131.0,145.0,178.0,188.0,199.0,220.0,226.0,235.0,250.0,275.0,317.0,318.0,341.0,343.0,365.0,429.0,441.0,483.0,483.0,530.0,533.0,537.0,539.0,584.0,586.0,607.0,657.0,695.0,697.0,700.0,766.0,
41.0,47.0,56.0,132.0,146.0,155.0,168.0,185.0,195.0,302.0,304.0,305.0,371.0,413.0,426.0,427.0,454.0,497.0,540.0,589.0,597.0,615.0,708.0,742.0,756.0,770.0,776.0,822.0,870.0,891.0,936.0,985.0,987.0,999.0,
11.0,114.0,117.0,167.0,194.0,266.0,285.0,360.0,371.0,449.0,514.0,608.0,639.0,745.0,748.0,835.0,844.0,849.0,947.0,982.0,
23.0,33.0,124.0,154.0,166.0,171.0,172.0,202.0,237.0,247.0,263.0,280.0,296.0,320.0,361.0,367.0,367.0,393.0,398.0,403.0,421.0,425.0,457.0,490.0,558.0,611.0,691.0,748.0,751.0,751.0,774.0,798.0,888.0,944.0,953.0,994.0,
19.0,22.0,50.0,88.0,110.0,121.0,141.0,187.0,213.0,217.0,288.0,290.0,347.0,378.0,385.0,397.0,450.0,481.0,516.0,519.0,568.0,623.0,644.0,649.0,676.0,678.0,715.0,716.0,716.0,720.0,739.0,741.0,781.0,819.0,829.0,839.0,839.0,874.0,907.0,937.0,979.0,979.0,
