24.0,89.0,94.0,99.0,116.0,123.0,166.0,235.0,279.0,303.0,315.0,375.0,417.0,466.0,530.0,549.0,568.0,591.0,593.0,642.0,654.0,657.0,724.0,744.0,844.0,845.0,849.0,866.0,867.0,881.0,886.0,890.0,912.0,916.0,918.0,919.0,963.0,970.0,
10.0,19.0,89.0,113.0,142.0,187.0,189.0,196.0,230.0,240.0,253.0,375.0,390.0,442.0,496.0,526.0,539.0,540.0,571.0,599.0,634.0,638.0,735.0,766.0,804.0,810.0,817.0,836.0,850.0,874.0,892.0,
20.0,60.0,101.0,114.0,115.0,185.0,194.0,198.0,204.0,263.0,275.0,315.0,317.0,354.0,443.0,457.0,488.0,516.0,538.0,569.0,638.0,653.0,712.0,766.0,780.0,804.0,864.0,928.0,944.0,962.0,982.0,998.0,
77.0,97.0,136.0,172.0,212.0,217.0,251.0,253.0,262.0,301.0,302.0,304.0,361.0,384.0,393.0,394.0,417.0,502.0,543.0,586.0,623.0,636.0,652.0,671.0,683.0,689.0,744.0,759.0,815.0,841.0,842.0,881.0,889.0,909.0,940.0,970.0,971.0,
27.0,40.0,66.0,84.0,118.0,127.0,132.0,142.0,152.0,154.0,157.0,159.0,166.0,217.0,260.0,272.0,302.0,314.0,321.0,322.0,361.0,433.0,435.0,523.0,558.0,571.0,620.0,625.0,683.0,699.0,723.0,761.0,772.0,772.0,814.0,817.0,824.0,826.0,995.0,
2.0,31.0,34.0,46.0,59.0,81.0,98.0,104.0,146.0,231.0,237.0,267.0,312.0,316.0,343.0,377.0,381.0,412.0,458.0,503.0,509.0,517.0,529.0,547.0,571.0,583.0,605.0,609.0,657.0,680.0,715.0,718.0,780.0,780.0,783.0,797.0,798.0,838.0,841.0,888.0,944.0,958.0,960.0,972.0,988.0,
6.0,15.0,81.0,89.0,113.0,126.0,141.0,142.0,152.0,186.0,256.0,295.0,309.0,332.0,392.0,403.0,419.0,422.0,451.0,517.0,577.0,635.0,636.0,639.0,648.0,745.0,763.0,769.0,853.0,865.0,869.0,902.0,989.0,
46.0,75.0,85.0,156.0,165.0,168.0,175.0,191.0,193.0,233.0,236.0,248.0,264.0,288.0,300.0,306.0,333.0,347.0,387.0,427.0,448.0,477.0,542.0,580.0,599.0,646.0,681.0,751.0,760.0,773.0,782.0,814.0,855.0,871.0,896.0,932.0,932.0,987.0,989.0,993.0,
20.0,40.0,80.0,81.0,123.0,130.0,141.0,161.0,165.0,176.0,179.0,238.0,267.0,325.0,330.0,346.0,384.0,445.0,569.0,572.0,591.0,650.0,654.0,690.0,754.0,787.0,814.0,815.0,923.0,931.0,934.0,985.0,
10.0,18.0,33.0,34.0,41.0,49.0,84.0,106.0,110.0,318.0,322.0,346.0,430.0,431.0,462.0,481.0,490.0,512.0,521.0,601.0,639.0,661.0,672.0,717.0,723.0,742.0,829.0,890.0,911.0,913.0,949.0,977.0,981.0,984.0,
125.0,136.0,147.0,148.0,201.0,233.0,280.0,332.0,337.0,346.0,423.0,431.0,449.0,455.0,456.0,473.0,620.0,628.0,640.0,679.0,764.0,787.0,830.0,839.0,948.0,972.0,976.0,985.0,986.0,990.0,993.0,
18.0,23.0,62.0,64.0,96.0,113.0,115.0,124.0,148.0,168.0,188.0,231.0,233.0,259.0,264.0,323.0,325.0,334.0,344.0,368.0,375.0,378.0,403.0,408.0,457.0,501.0,505.0,571.0,571.0,574.0,592.0,610.0,634.0,746.0,750.0,821.0,894.0,906.0,964.0,985.0,994.0,
6.0,15.0,54.0,55.0,60.0,106.0,111.0,148.0,153.0,159.0,229.0,252.0,315.0,332.0,342.0,367.0,369.0,386.0,388.0,448.0,451.0,452.0,477.0,484.0,517.0,570.0,576.0,582.0,591.0,593.0,599.0,619.0,627.0,639.0,652.0,675.0,686.0,711.0,734.0,749.0,763.0,785.0,786.0,844.0,878.0,881.0,912.0,924.0,926.0,969.0,
18.0,77.0,130.0,135.0,139.0,223.0,273.0,284.0,286.0,311.0,352.0,353.0,359.0,408.0,410.0,418.0,443.0,459.0,476.0,535.0,547.0,557.0,568.0,577.0,584.0,586.0,712.0,754.0,769.0,852.0,855.0,858.0,858.0,886.0,895.0,909.0,920.0,943.0,949.0,968.0,
30.0,35.0,55.0,58.0,91.0,118.0,121.0,142.0,191.0,244.0,259.0,281.0,380.0,384.0,409.0,410.0,448.0,455.0,459.0,482.0,512.0,515.0,521.0,544.0,548.0,612.0,655.0,665.0,695.0,701.0,735.0,742.0,761.0,783.0,837.0,865.0,890.0,897.0,907.0,910.0,929.0,
15.0,126.0,194.0,204.0,222.0,261.0,329.0,339.0,370.0,384.0,454.0,469.0,480.0,497.0,511.0,523.0,541.0,605.0,626.0,642.0,696.0,730.0,738.0,743.0,800.0,802.0,820.0,841.0,849.0,894.0,898.0,911.0,920.0,940.0,947.0,975.0,
10.0,19.0,35.0,49.0,63.0,115.0,152.0,191.0,244.0,257.0,266.0,290.0,303.0,329.0,337.0,411.0,439.0,440.0,457.0,466.0,493.0,498.0,547.0,556.0,640.0,655.0,658.0,663.0,669.0,708.0,720.0,724.0,729.0,740.0,781.0,818.0,821.0,845.0,847.0,869.0,877.0,882.0,898.0,969.0,
42.0,64.0,111.0,115.0,135.0,148.0,197.0,263.0,310.0,335.0,362.0,368.0,403.0,403.0,464.0,470.0,477.0,519.0,558.0,590.0,594.0,600.0,635.0,684.0,711.0,715.0,755.0,782.0,811.0,827.0,850.0,871.0,943.0,994.0,998.0,
28.0,77.0,86.0,107.0,126.0,143.0,158.0,171.0,173.0,175.0,190.0,277.0,316.0,318.0,358.0,444.0,467.0,472.0,520.0,521.0,522.0,543.0,545.0,658.0,665.0,683.0,691.0,706.0,709.0,724.0,729.0,736.0,790.0,801.0,829.0,855.0,857.0,924.0,944.0,
36.0,41.0,52.0,59.0,98.0,105.0,164.0,168.0,216.0,223.0,253.0,260.0,285.0,351.0,354.0,380.0,396.0,407.0,415.0,433.0,472.0,485.0,528.0,531.0,532.0,533.0,538.0,585.0,606.0,612.0,661.0,687.0,721.0,817.0,847.0,880.0,900.0,922.0,928.0,992.0,998.0,
115.0,135.0,137.0,140.0,204.0,213.0,226.0,229.0,301.0,304.0,347.0,347.0,370.0,377.0,471.0,510.0,527.0,613.0,623.0,703.0,724.0,755.0,782.0,827.0,859.0,868.0,901.0,930.0,977.0,987.0,
32.0,49.0,67.0,111.0,122.0,128.0,175.0,214.0,260.0,281.0,292.0,299.0,318.0,371.0,390.0,399.0,443.0,447.0,546.0,551.0,631.0,631.0,642.0,649.0,651.0,723.0,773.0,801.0,863.0,881.0,929.0,932.0,
11.0,81.0,85.0,121.0,126.0,221.0,270.0,356.0,380.0,383.0,391.0,400.0,410.0,438.0,502.0,547.0,597.0,607.0,711.0,730.0,740.0,824.0,834.0,855.0,869.0,885.0,927.0,967.0,979.0,997.0,
8.0,16.0,29.0,45.0,65.0,97.0,103.0,118.0,123.0,183.0,187.0,245.0,252.0,264.0,281.0,386.0,394.0,407.0,434.0,439.0,456.0,568.0,574.0,716.0,720.0,732.0,752.0,752.0,769.0,783.0,789.0,815.0,914.0,952.0,960.0,983.0,985.0,989.0,990.0,
23.0,35.0,46.0,65.0,73.0,95.0,102.0,107.0,204.0,205.0,213.0,216.0,230.0,271.0,297.0,314.0,341.0,385.0,386.0,431.0,445.0,462.0,488.0,497.0,508.0,529.0,532.0,543.0,548.0,572.0,625.0,655.0,659.0,706.0,715.0,753.0,791.0,820.0,843.0,862.0,869.0,888.0,889.0,925.0,944.0,985.0,
8.0,13.0,96.0,116.0,244.0,273.0,297.0,311.0,336.0,366.0,379.0,385.0,450.0,478.0,486.0,486.0,538.0,634.0,656.0,674.0,683.0,694.0,776.0,808.0,828.0,832.0,908.0,922.0,955.0,
11.0,15.0,17.0,22.0,41.0,43.0,47.0,67.0,76.0,258.0,272.0,342.0,351.0,352.0,356.0,361.0,364.0,382.0,384.0,388.0,396.0,421.0,424.0,426.0,437.0,439.0,453.0,517.0,581.0,592.0,604.0,628.0,695.0,705.0,716.0,728.0,785.0,915.0,933.0,950.0,956.0,978.0,985.0,
35.0,155.0,162.0,183.0,201.0,241.0,243.0,249.0,331.0,354.0,383.0,456.0,465.0,482.0,530.0,542.0,595.0,647.0,653.0,662.0,698.0,715.0,809.0,896.0,937.0,942.0,999.0,
7.0,15.0,25.0,31.0,161.0,241.0,252.0,286.0,299.0,317.0,350.0,383.0,426.0,443.0,468.0,501.0,510.0,528.0,562.0,604.0,626.0,626.0,643.0,679.0,719.0,721.0,727.0,732.0,759.0,781.0,796.0,811.0,831.0,858.0,866.0,880.0,892.0,989.0,
43.0,56.0,78.0,109.0,173.0,176.0,188.0,192.0,217.0,228.0,230.0,241.0,262.0,397.0,422.0,423.0,433.0,437.0,457.0,487.0,517.0,565.0,576.0,618.0,623.0,626.0,645.0,678.0,686.0,691.0,739.0,749.0,780.0,804.0,888.0,889.0,899.0,901.0,901.0,943.0,
25.0,31.0,66.0,153.0,272.0,294.0,299.0,317.0,325.0,399.0,428.0,449.0,455.0,482.0,484.0,525.0,532.0,534.0,599.0,711.0,716.0,753.0,770.0,771.0,775.0,823.0,831.0,838.0,928.0,943.0,944.0,952.0,971.0,998.0,
21.0,35.0,35.0,69.0,93.0,96.0,115.0,123.0,131.0,154.0,168.0,185.0,193.0,196.0,206.0,236.0,239.0,278.0,351.0,395.0,460.0,483.0,485.0,532.0,633.0,673.0,700.0,724.0,736.0,805.0,870.0,877.0,920.0,
6.0,26.0,200.0,215.0,230.0,306.0,385.0,408.0,447.0,472.0,498.0,499.0,525.0,530.0,547.0,568.0,631.0,638.0,643.0,645.0,672.0,691.0,699.0,709.0,771.0,788.0,792.0,796.0,853.0,872.0,885.0,889.0,913.0,984.0,987.0,997.0,
60.0,91.0,139.0,191.0,224.0,276.0,298.0,358.0,388.0,439.0,470.0,485.0,577.0,592.0,600.0,601.0,619.0,637.0,670.0,705.0,724.0,765.0,788.0,802.0,830.0,849.0,859.0,891.0,898.0,
17.0,27.0,46.0,94.0,99.0,121.0,159.0,183.0,209.0,228.0,246.0,263.0,287.0,288.0,358.0,432.0,458.0,483.0,498.0,536.0,586.0,664.0,716.0,720.0,802.0,862.0,867.0,905.0,907.0,956.0,
24.0,75.0,92.0,96.0,195.0,250.0,262.0,270.0,302.0,329.0,377.0,389.0,407.0,419.0,461.0,479.0,519.0,605.0,721.0,738.0,744.0,746.0,752.0,754.0,780.0,818.0,847.0,866.0,877.0,877.0,
14.0,20.0,66.0,70.0,92.0,95.0,129.0,182.0,193.0,257.0,272.0,294.0,301.0,343.0,356.0,427.0,427.0,440.0,462.0,483.0,501.0,552.0,686.0,714.0,737.0,747.0,770.0,824.0,841.0,967.0,
89.0,97.0,105.0,107.0,134.0,144.0,158.0,177.0,184.0,186.0,230.0,247.0,300.0,301.0,305.0,324.0,383.0,393.0,484.0,494.0,535.0,539.0,541.0,551.0,552.0,579.0,582.0,591.0,593.0,620.0,662.0,688.0,742.0,775.0,852.0,855.0,874.0,896.0,
19.0,33.0,37.0,75.0,112.0,162.0,172.0,188.0,199.0,209.0,351.0,370.0,396.0,427.0,442.0,451.0,451.0,467.0,473.0,569.0,584.0,588.0,597.0,597.0,620.0,633.0,640.0,691.0,702.0,721.0,730.0,732.0,738.0,752.0,766.0,776.0,804.0,806.0,831.0,865.0,942.0,948.0,956.0,986.0,
44.0,132.0,138.0,148.0,154.0,189.0,202.0,235.0,258.0,267.0,282.0,300.0,303.0,333.0,342.0,347.0,348.0,396.0,402.0,411.0,432.0,478.0,494.0,502.0,519.0,520.0,525.0,559.0,622.0,650.0,692.0,729.0,735.0,753.0,824.0,831.0,851.0,861.0,922.0,963.0,
8.0,44.0,46.0,51.0,83.0,144.0,149.0,208.0,226.0,274.0,309.0,321.0,351.0,366.0,383.0,399.0,412.0,432.0,466.0,494.0,495.0,525.0,531.0,559.0,573.0,591.0,633.0,644.0,709.0,783.0,834.0,847.0,851.0,856.0,860.0,869.0,869.0,873.0,890.0,892.0,912.0,959.0,989.0,
9.0,49.0,60.0,117.0,126.0,214.0,238.0,275.0,280.0,296.0,302.0,305.0,361.0,370.0,376.0,401.0,419.0,450.0,452.0,495.0,525.0,530.0,537.0,547.0,618.0,658.0,785.0,794.0,830.0,881.0,912.0,915.0,965.0,
9.0,25.0,36.0,82.0,101.0,104.0,157.0,161.0,210.0,255.0,299.0,319.0,319.0,324.0,340.0,352.0,388.0,405.0,423.0,431.0,433.0,446.0,483.0,515.0,591.0,625.0,635.0,638.0,644.0,723.0,733.0,733.0,771.0,801.0,857.0,910.0,939.0,
143.0,245.0,255.0,330.0,352.0,377.0,403.0,450.0,452.0,536.0,598.0,603.0,633.0,637.0,642.0,683.0,750.0,798.0,857.0,919.0,954.0,956.0,960.0,
28.0,47.0,98.0,106.0,182.0,258.0,305.0,354.0,356.0,419.0,430.0,522.0,527.0,551.0,566.0,597.0,650.0,652.0,678.0,683.0,698.0,716.0,729.0,765.0,767.0,788.0,793.0,798.0,812.0,839.0,845.0,847.0,873.0,886.0,896.0,909.0,929.0,963.0,973.0,980.0,
4.0,16.0,33.0,58.0,148.0,154.0,190.0,222.0,235.0,238.0,264.0,336.0,401.0,419.0,424.0,435.0,495.0,519.0,527.0,535.0,544.0,549.0,550.0,551.0,552.0,566.0,567.0,574.0,577.0,578.0,594.0,601.0,604.0,612.0,642.0,650.0,676.0,701.0,714.0,717.0,734.0,751.0,753.0,756.0,766.0,792.0,814.0,832.0,851.0,861.0,864.0,873.0,879.0,889.0,897.0,913.0,939.0,951.0,957.0,961.0,
35.0,50.0,161.0,193.0,235.0,356.0,368.0,386.0,391.0,397.0,439.0,474.0,482.0,496.0,504.0,509.0,509.0,511.0,524.0,535.0,553.0,558.0,562.0,563.0,575.0,581.0,589.0,589.0,593.0,616.0,649.0,656.0,668.0,687.0,705.0,708.0,743.0,775.0,783.0,809.0,873.0,888.0,891.0,892.0,925.0,927.0,944.0,954.0,955.0,972.0,979.0,
3.0,33.0,43.0,165.0,212.0,231.0,290.0,300.0,405.0,466.0,483.0,486.0,537.0,611.0,701.0,738.0,760.0,775.0,780.0,828.0,935.0,938.0,988.0,
58.0,71.0,95.0,140.0,163.0,168.0,178.0,186.0,195.0,201.0,223.0,263.0,274.0,315.0,378.0,405.0,414.0,451.0,470.0,498.0,501.0,508.0,510.0,573.0,581.0,602.0,630.0,689.0,704.0,709.0,712.0,713.0,747.0,772.0,784.0,795.0,801.0,801.0,804.0,807.0,977.0,
17.0,33.0,63.0,127.0,136.0,226.0,273.0,295.0,344.0,345.0,368.0,386.0,398.0,467.0,533.0,535.0,559.0,569.0,628.0,678.0,695.0,699.0,781.0,781.0,811.0,830.0,843.0,858.0,867.0,918.0,920.0,924.0,927.0,942.0,975.0,983.0,995.0,
42.0,92.0,120.0,127.0,146.0,167.0,182.0,220.0,222.0,223.0,319.0,347.0,356.0,383.0,424.0,455.0,547.0,564.0,581.0,596.0,632.0,665.0,673.0,684.0,716.0,719.0,728.0,768.0,783.0,805.0,884.0,893.0,913.0,939.0,950.0,974.0,
43.0,53.0,120.0,149.0,162.0,186.0,222.0,225.0,231.0,254.0,260.0,274.0,302.0,322.0,334.0,350.0,355.0,369.0,371.0,403.0,415.0,436.0,468.0,561.0,568.0,617.0,632.0,667.0,714.0,737.0,753.0,878.0,945.0,967.0,971.0,
33.0,65.0,103.0,121.0,121.0,122.0,161.0,172.0,203.0,326.0,341.0,344.0,352.0,381.0,413.0,414.0,467.0,510.0,532.0,538.0,556.0,602.0,616.0,639.0,653.0,662.0,665.0,710.0,755.0,767.0,775.0,778.0,796.0,835.0,839.0,844.0,883.0,945.0,974.0,
50.0,65.0,70.0,71.0,109.0,110.0,151.0,157.0,235.0,275.0,281.0,288.0,294.0,295.0,316.0,372.0,419.0,421.0,464.0,495.0,522.0,555.0,571.0,599.0,618.0,651.0,658.0,659.0,714.0,715.0,803.0,804.0,812.0,812.0,815.0,830.0,851.0,898.0,901.0,911.0,919.0,919.0,936.0,950.0,968.0,
5.0,46.0,200.0,230.0,270.0,349.0,366.0,372.0,421.0,433.0,466.0,515.0,528.0,529.0,538.0,542.0,542.0,549.0,557.0,561.0,570.0,572.0,572.0,584.0,587.0,588.0,588.0,590.0,597.0,597.0,599.0,614.0,617.0,626.0,632.0,638.0,641.0,659.0,660.0,668.0,675.0,685.0,689.0,705.0,709.0,753.0,758.0,787.0,799.0,814.0,819.0,826.0,845.0,846.0,854.0,857.0,861.0,896.0,902.0,907.0,913.0,925.0,926.0,936.0,962.0,967.0,969.0,
37.0,104.0,117.0,140.0,156.0,162.0,163.0,234.0,238.0,313.0,368.0,385.0,463.0,484.0,528.0,529.0,533.0,534.0,536.0,536.0,538.0,542.0,543.0,548.0,551.0,562.0,566.0,569.0,571.0,574.0,576.0,580.0,586.0,590.0,601.0,602.0,638.0,646.0,657.0,670.0,670.0,674.0,687.0,692.0,692.0,696.0,731.0,732.0,733.0,760.0,787.0,793.0,800.0,811.0,820.0,827.0,834.0,838.0,848.0,861.0,870.0,904.0,911.0,919.0,935.0,939.0,968.0,969.0,982.0,997.0,
28.0,55.0,59.0,64.0,68.0,71.0,81.0,207.0,236.0,240.0,262.0,280.0,309.0,339.0,350.0,361.0,426.0,429.0,518.0,526.0,530.0,530.0,532.0,533.0,534.0,536.0,543.0,554.0,557.0,562.0,565.0,576.0,584.0,591.0,593.0,600.0,603.0,613.0,618.0,620.0,624.0,627.0,643.0,690.0,711.0,712.0,719.0,726.0,727.0,748.0,750.0,751.0,757.0,783.0,802.0,814.0,825.0,844.0,852.0,896.0,921.0,923.0,925.0,925.0,926.0,926.0,949.0,957.0,961.0,961.0,985.0,998.0,
38.0,63.0,86.0,91.0,99.0,110.0,136.0,171.0,207.0,215.0,222.0,243.0,254.0,316.0,344.0,362.0,365.0,386.0,396.0,435.0,493.0,499.0,499.0,512.0,562.0,577.0,585.0,690.0,736.0,752.0,833.0,840.0,848.0,851.0,876.0,912.0,940.0,
10.0,29.0,121.0,136.0,174.0,191.0,264.0,267.0,316.0,328.0,369.0,470.0,484.0,526.0,563.0,570.0,572.0,594.0,612.0,639.0,645.0,654.0,681.0,705.0,710.0,758.0,788.0,816.0,892.0,899.0,908.0,912.0,923.0,
3.0,20.0,51.0,60.0,151.0,210.0,270.0,290.0,293.0,299.0,305.0,308.0,373.0,398.0,414.0,466.0,470.0,477.0,478.0,493.0,519.0,537.0,576.0,605.0,617.0,672.0,678.0,728.0,804.0,852.0,893.0,897.0,956.0,987.0,997.0,
27.0,36.0,38.0,63.0,77.0,88.0,110.0,119.0,122.0,136.0,184.0,186.0,212.0,254.0,255.0,294.0,298.0,353.0,444.0,481.0,494.0,530.0,553.0,556.0,563.0,574.0,618.0,630.0,660.0,681.0,788.0,889.0,929.0,945.0,959.0,995.0,995.0,
5.0,14.0,126.0,254.0,269.0,281.0,301.0,317.0,353.0,373.0,375.0,432.0,489.0,491.0,546.0,549.0,554.0,564.0,597.0,621.0,652.0,664.0,701.0,726.0,730.0,735.0,766.0,779.0,799.0,917.0,923.0,928.0,932.0,947.0,947.0,982.0,983.0,989.0,999.0,
21.0,84.0,89.0,93.0,96.0,104.0,122.0,123.0,126.0,138.0,143.0,163.0,189.0,204.0,221.0,235.0,249.0,273.0,288.0,301.0,324.0,411.0,415.0,417.0,431.0,431.0,443.0,477.0,488.0,519.0,542.0,547.0,552.0,556.0,583.0,594.0,692.0,744.0,757.0,793.0,802.0,817.0,946.0,
32.0,79.0,131.0,150.0,188.0,202.0,215.0,217.0,229.0,299.0,347.0,348.0,494.0,499.0,539.0,585.0,649.0,678.0,723.0,766.0,911.0,915.0,
9.0,26.0,55.0,82.0,83.0,98.0,124.0,129.0,136.0,165.0,186.0,191.0,216.0,265.0,266.0,293.0,359.0,391.0,401.0,403.0,468.0,501.0,507.0,515.0,536.0,565.0,566.0,572.0,582.0,583.0,597.0,609.0,630.0,635.0,637.0,656.0,666.0,685.0,686.0,690.0,716.0,717.0,729.0,738.0,752.0,778.0,812.0,813.0,857.0,861.0,878.0,883.0,886.0,903.0,905.0,955.0,964.0,975.0,980.0,982.0,
30.0,31.0,34.0,59.0,60.0,62.0,70.0,75.0,123.0,158.0,168.0,173.0,231.0,236.0,242.0,253.0,285.0,355.0,364.0,406.0,413.0,470.0,487.0,492.0,508.0,508.0,513.0,517.0,528.0,532.0,536.0,538.0,546.0,561.0,563.0,564.0,575.0,578.0,582.0,587.0,588.0,598.0,606.0,613.0,623.0,623.0,626.0,629.0,640.0,644.0,649.0,653.0,657.0,662.0,662.0,669.0,708.0,713.0,718.0,722.0,767.0,775.0,776.0,778.0,798.0,800.0,808.0,812.0,819.0,846.0,859.0,864.0,873.0,876.0,908.0,925.0,942.0,942.0,963.0,974.0,988.0,
38.0,39.0,39.0,149.0,165.0,167.0,179.0,193.0,333.0,345.0,353.0,360.0,420.0,447.0,476.0,490.0,517.0,520.0,538.0,541.0,544.0,544.0,548.0,567.0,574.0,614.0,620.0,640.0,677.0,695.0,728.0,756.0,766.0,772.0,785.0,804.0,818.0,819.0,831.0,849.0,858.0,926.0,985.0,995.0,997.0,998.0,
21.0,29.0,69.0,80.0,92.0,114.0,115.0,200.0,215.0,219.0,251.0,269.0,269.0,358.0,366.0,368.0,411.0,416.0,436.0,474.0,526.0,632.0,675.0,675.0,701.0,706.0,708.0,859.0,886.0,908.0,963.0,997.0,997.0,
44.0,68.0,86.0,87.0,114.0,114.0,167.0,226.0,227.0,242.0,295.0,342.0,378.0,394.0,411.0,441.0,466.0,480.0,486.0,486.0,497.0,509.0,536.0,581.0,661.0,711.0,731.0,750.0,758.0,801.0,832.0,833.0,838.0,922.0,931.0,
14.0,14.0,35.0,37.0,125.0,164.0,298.0,309.0,318.0,341.0,353.0,420.0,424.0,426.0,443.0,445.0,486.0,537.0,543.0,544.0,545.0,605.0,610.0,646.0,652.0,657.0,685.0,687.0,728.0,731.0,786.0,794.0,799.0,801.0,836.0,874.0,897.0,898.0,906.0,954.0,965.0,
40.0,41.0,52.0,74.0,209.0,230.0,230.0,265.0,274.0,291.0,295.0,298.0,363.0,372.0,377.0,396.0,413.0,413.0,420.0,490.0,491.0,493.0,511.0,513.0,514.0,529.0,540.0,548.0,563.0,584.0,590.0,599.0,615.0,643.0,670.0,723.0,742.0,841.0,880.0,899.0,921.0,929.0,948.0,975.0,995.0,
27.0,37.0,63.0,124.0,181.0,216.0,247.0,254.0,263.0,292.0,359.0,403.0,407.0,432.0,458.0,489.0,510.0,552.0,573.0,635.0,683.0,708.0,755.0,755.0,778.0,807.0,808.0,861.0,910.0,915.0,977.0,
16.0,33.0,89.0,120.0,206.0,220.0,244.0,256.0,281.0,327.0,330.0,330.0,334.0,441.0,469.0,548.0,576.0,605.0,619.0,625.0,628.0,641.0,683.0,687.0,809.0,813.0,876.0,890.0,923.0,969.0,996.0,
93.0,112.0,133.0,156.0,170.0,187.0,235.0,268.0,302.0,306.0,311.0,339.0,345.0,353.0,371.0,405.0,426.0,471.0,521.0,521.0,524.0,525.0,562.0,569.0,583.0,701.0,719.0,765.0,807.0,823.0,848.0,852.0,854.0,989.0,989.0,
2.0,14.0,33.0,65.0,87.0,104.0,147.0,148.0,179.0,220.0,277.0,286.0,302.0,313.0,320.0,320.0,332.0,361.0,390.0,404.0,413.0,423.0,445.0,555.0,570.0,597.0,669.0,720.0,723.0,736.0,737.0,804.0,810.0,833.0,858.0,861.0,869.0,881.0,
5.0,7.0,53.0,63.0,70.0,72.0,122.0,150.0,167.0,235.0,238.0,266.0,295.0,313.0,323.0,332.0,382.0,383.0,404.0,457.0,491.0,512.0,513.0,514.0,531.0,535.0,538.0,539.0,539.0,639.0,655.0,717.0,728.0,746.0,763.0,852.0,869.0,882.0,882.0,918.0,929.0,966.0,991.0,
14.0,37.0,43.0,49.0,86.0,96.0,115.0,118.0,126.0,139.0,141.0,151.0,247.0,272.0,335.0,404.0,430.0,455.0,571.0,572.0,604.0,605.0,610.0,622.0,625.0,637.0,685.0,744.0,840.0,844.0,846.0,873.0,906.0,913.0,917.0,939.0,942.0,952.0,
62.0,71.0,94.0,119.0,120.0,170.0,171.0,234.0,256.0,257.0,260.0,271.0,308.0,315.0,326.0,349.0,361.0,378.0,399.0,435.0,437.0,445.0,449.0,459.0,459.0,579.0,627.0,632.0,677.0,690.0,702.0,775.0,966.0,988.0,994.0,998.0,
9.0,32.0,36.0,109.0,127.0,226.0,295.0,398.0,510.0,551.0,633.0,637.0,657.0,745.0,763.0,768.0,802.0,900.0,916.0,931.0,960.0,
8.0,20.0,52.0,64.0,79.0,96.0,109.0,119.0,120.0,124.0,128.0,128.0,136.0,232.0,297.0,304.0,308.0,342.0,359.0,390.0,456.0,537.0,596.0,613.0,645.0,665.0,678.0,719.0,767.0,799.0,858.0,887.0,897.0,918.0,986.0,
32.0,44.0,45.0,50.0,88.0,91.0,96.0,99.0,114.0,137.0,157.0,181.0,184.0,265.0,304.0,321.0,355.0,356.0,390.0,391.0,400.0,434.0,454.0,457.0,476.0,552.0,557.0,589.0,596.0,608.0,613.0,635.0,713.0,735.0,740.0,773.0,799.0,848.0,858.0,876.0,879.0,885.0,895.0,925.0,951.0,951.0,961.0,977.0,
50.0,115.0,123.0,169.0,216.0,235.0,277.0,286.0,309.0,321.0,361.0,387.0,413.0,429.0,429.0,481.0,521.0,556.0,584.0,622.0,666.0,746.0,798.0,811.0,817.0,869.0,875.0,947.0,961.0,999.0,1000.0,
20.0,102.0,148.0,155.0,165.0,211.0,222.0,246.0,337.0,348.0,349.0,355.0,373.0,379.0,385.0,408.0,457.0,467.0,487.0,489.0,530.0,532.0,572.0,580.0,580.0,665.0,680.0,710.0,717.0,729.0,800.0,829.0,840.0,843.0,846.0,856.0,869.0,870.0,918.0,920.0,960.0,976.0,
105.0,106.0,159.0,160.0,189.0,217.0,315.0,335.0,395.0,522.0,609.0,648.0,685.0,698.0,728.0,742.0,758.0,780.0,858.0,874.0,922.0,924.0,938.0,948.0,959.0,972.0,998.0,
14.0,24.0,55.0,65.0,78.0,103.0,113.0,128.0,134.0,152.0,169.0,190.0,225.0,241.0,280.0,319.0,364.0,367.0,391.0,411.0,421.0,423.0,436.0,439.0,451.0,456.0,477.0,505.0,525.0,637.0,678.0,686.0,714.0,718.0,719.0,754.0,776.0,781.0,789.0,790.0,851.0,882.0,895.0,957.0,970.0,985.0,997.0,
17.0,43.0,120.0,184.0,196.0,214.0,218.0,285.0,306.0,360.0,376.0,389.0,395.0,409.0,412.0,478.0,480.0,482.0,507.0,765.0,856.0,891.0,928.0,943.0,
81.0,93.0,159.0,172.0,176.0,217.0,229.0,250.0,288.0,294.0,331.0,361.0,379.0,390.0,405.0,410.0,429.0,489.0,492.0,522.0,539.0,563.0,591.0,618.0,654.0,684.0,759.0,834.0,838.0,840.0,875.0,891.0,892.0,903.0,926.0,973.0,974.0,974.0,
10.0,17.0,19.0,84.0,107.0,175.0,189.0,227.0,230.0,269.0,352.0,367.0,379.0,382.0,397.0,426.0,428.0,467.0,485.0,500.0,512.0,583.0,592.0,690.0,749.0,812.0,820.0,829.0,842.0,850.0,860.0,956.0,961.0,994.0,
28.0,50.0,61.0,62.0,72.0,73.0,95.0,133.0,243.0,264.0,295.0,337.0,375.0,397.0,449.0,471.0,529.0,576.0,601.0,625.0,651.0,674.0,679.0,684.0,729.0,734.0,734.0,747.0,785.0,899.0,959.0,976.0,977.0,979.0,
13.0,31.0,57.0,66.0,75.0,78.0,95.0,113.0,122.0,126.0,175.0,195.0,245.0,324.0,336.0,375.0,382.0,419.0,446.0,473.0,544.0,547.0,567.0,655.0,660.0,718.0,718.0,727.0,728.0,759.0,766.0,795.0,826.0,852.0,864.0,877.0,878.0,907.0,961.0,980.0,988.0,
6.0,45.0,50.0,149.0,151.0,197.0,257.0,300.0,334.0,355.0,365.0,427.0,501.0,528.0,617.0,620.0,755.0,826.0,882.0,909.0,
18.0,101.0,114.0,124.0,135.0,148.0,205.0,218.0,224.0,278.0,280.0,283.0,316.0,345.0,346.0,404.0,472.0,482.0,506.0,513.0,566.0,568.0,581.0,585.0,631.0,668.0,690.0,699.0,779.0,820.0,822.0,826.0,846.0,859.0,868.0,930.0,931.0,967.0,973.0,985.0,
26.0,68.0,97.0,113.0,166.0,171.0,176.0,218.0,218.0,225.0,253.0,282.0,284.0,364.0,367.0,435.0,436.0,520.0,580.0,588.0,616.0,645.0,656.0,666.0,691.0,694.0,696.0,720.0,735.0,774.0,786.0,797.0,797.0,800.0,881.0,891.0,910.0,926.0,939.0,978.0,
61.0,63.0,118.0,120.0,124.0,198.0,200.0,240.0,248.0,317.0,365.0,391.0,394.0,452.0,466.0,566.0,577.0,637.0,639.0,677.0,814.0,835.0,857.0,932.0,994.0,
6.0,23.0,36.0,42.0,55.0,74.0,140.0,175.0,243.0,294.0,335.0,336.0,353.0,359.0,484.0,514.0,577.0,645.0,647.0,741.0,784.0,786.0,802.0,819.0,865.0,874.0,893.0,919.0,926.0,946.0,978.0,
16.0,88.0,95.0,189.0,195.0,226.0,307.0,311.0,330.0,345.0,367.0,410.0,437.0,443.0,445.0,447.0,476.0,497.0,506.0,525.0,544.0,574.0,657.0,669.0,682.0,696.0,713.0,727.0,749.0,760.0,762.0,766.0,781.0,805.0,823.0,844.0,848.0,874.0,899.0,919.0,926.0,948.0,951.0,971.0,985.0,986.0,
4.0,32.0,103.0,147.0,148.0,203.0,220.0,232.0,245.0,314.0,335.0,356.0,366.0,374.0,468.0,473.0,491.0,516.0,536.0,548.0,572.0,580.0,582.0,590.0,603.0,656.0,697.0,758.0,783.0,838.0,890.0,926.0,928.0,929.0,986.0,
33.0,51.0,65.0,91.0,168.0,171.0,227.0,234.0,236.0,265.0,285.0,307.0,320.0,321.0,354.0,384.0,400.0,401.0,502.0,558.0,559.0,612.0,624.0,648.0,683.0,704.0,708.0,708.0,871.0,874.0,891.0,926.0,942.0,950.0,981.0,
21.0,29.0,37.0,61.0,83.0,114.0,156.0,186.0,188.0,205.0,334.0,349.0,353.0,379.0,505.0,679.0,704.0,734.0,749.0,780.0,798.0,859.0,867.0,915.0,
33.0,66.0,79.0,91.0,105.0,159.0,170.0,178.0,200.0,204.0,208.0,247.0,259.0,282.0,288.0,335.0,379.0,395.0,414.0,487.0,516.0,530.0,559.0,569.0,595.0,704.0,705.0,742.0,751.0,830.0,835.0,960.0,990.0,
