2.0,44.0,52.0,117.0,201.0,211.0,221.0,237.0,267.0,269.0,300.0,331.0,360.0,368.0,418.0,432.0,462.0,496.0,578.0,614.0,658.0,662.0,698.0,741.0,741.0,742.0,826.0,876.0,888.0,910.0,922.0,961.0,
7.0,59.0,86.0,121.0,132.0,173.0,232.0,245.0,267.0,333.0,346.0,350.0,383.0,407.0,462.0,586.0,623.0,637.0,696.0,701.0,716.0,771.0,833.0,835.0,952.0,961.0,
42.0,59.0,87.0,159.0,172.0,202.0,224.0,237.0,245.0,279.0,301.0,302.0,308.0,320.0,334.0,353.0,361.0,374.0,382.0,415.0,419.0,433.0,445.0,469.0,490.0,500.0,535.0,540.0,563.0,592.0,592.0,677.0,680.0,734.0,737.0,739.0,796.0,842.0,921.0,922.0,928.0,996.0,
20.0,76.0,102.0,115.0,122.0,127.0,198.0,208.0,219.0,243.0,267.0,292.0,296.0,304.0,357.0,441.0,471.0,489.0,513.0,525.0,583.0,722.0,738.0,870.0,967.0,1000.0,
6.0,16.0,20.0,63.0,77.0,91.0,137.0,179.0,210.0,285.0,297.0,318.0,360.0,363.0,441.0,462.0,480.0,492.0,551.0,573.0,576.0,621.0,642.0,700.0,756.0,759.0,774.0,785.0,864.0,873.0,897.0,958.0,967.0,
7.0,66.0,72.0,79.0,82.0,117.0,132.0,137.0,199.0,208.0,246.0,270.0,283.0,293.0,295.0,298.0,318.0,358.0,427.0,449.0,450.0,452.0,455.0,497.0,506.0,530.0,553.0,614.0,622.0,703.0,709.0,787.0,791.0,811.0,825.0,875.0,890.0,908.0,917.0,963.0,
11.0,32.0,68.0,68.0,81.0,105.0,204.0,210.0,221.0,236.0,290.0,378.0,401.0,465.0,513.0,594.0,617.0,627.0,652.0,653.0,669.0,679.0,687.0,690.0,694.0,701.0,706.0,712.0,748.0,753.0,760.0,834.0,842.0,864.0,892.0,896.0,918.0,966.0,971.0,974.0,
4.0,12.0,15.0,22.0,65.0,97.0,119.0,194.0,204.0,250.0,271.0,282.0,283.0,366.0,376.0,407.0,422.0,459.0,495.0,547.0,584.0,603.0,603.0,606.0,613.0,621.0,635.0,675.0,735.0,759.0,787.0,804.0,806.0,841.0,845.0,852.0,904.0,919.0,923.0,954.0,977.0,977.0,996.0,
28.0,40.0,62.0,119.0,188.0,245.0,259.0,271.0,286.0,307.0,320.0,325.0,388.0,400.0,409.0,418.0,424.0,439.0,452.0,489.0,490.0,625.0,640.0,648.0,653.0,680.0,765.0,770.0,772.0,825.0,870.0,873.0,892.0,900.0,911.0,928.0,
31.0,39.0,67.0,75.0,120.0,151.0,180.0,225.0,240.0,338.0,346.0,382.0,397.0,398.0,434.0,458.0,470.0,484.0,496.0,512.0,601.0,602.0,642.0,680.0,683.0,695.0,718.0,724.0,743.0,745.0,818.0,823.0,876.0,896.0,989.0,
20.0,49.0,136.0,141.0,143.0,159.0,171.0,196.0,231.0,258.0,273.0,294.0,313.0,387.0,399.0,489.0,492.0,510.0,512.0,530.0,530.0,532.0,551.0,567.0,584.0,648.0,656.0,682.0,742.0,806.0,810.0,843.0,844.0,927.0,935.0,980.0,
24.0,27.0,29.0,54.0,58.0,60.0,92.0,176.0,202.0,226.0,245.0,309.0,340.0,356.0,384.0,388.0,400.0,494.0,524.0,535.0,566.0,571.0,603.0,621.0,647.0,740.0,751.0,767.0,810.0,815.0,862.0,867.0,887.0,905.0,
13.0,31.0,54.0,61.0,86.0,96.0,156.0,164.0,198.0,278.0,280.0,351.0,356.0,369.0,403.0,500.0,519.0,528.0,548.0,580.0,601.0,616.0,632.0,660.0,734.0,745.0,746.0,749.0,767.0,792.0,822.0,852.0,903.0,915.0,920.0,928.0,974.0,
14.0,29.0,82.0,161.0,204.0,207.0,249.0,257.0,283.0,310.0,334.0,340.0,391.0,406.0,418.0,447.0,475.0,475.0,477.0,502.0,539.0,622.0,646.0,647.0,653.0,665.0,725.0,742.0,809.0,855.0,858.0,884.0,893.0,904.0,920.0,921.0,929.0,941.0,962.0,
54.0,141.0,144.0,151.0,156.0,161.0,171.0,173.0,259.0,271.0,274.0,296.0,298.0,308.0,359.0,381.0,475.0,500.0,512.0,564.0,581.0,630.0,636.0,646.0,655.0,657.0,679.0,684.0,696.0,728.0,797.0,798.0,806.0,834.0,841.0,874.0,901.0,926.0,965.0,979.0,984.0,998.0,
43.0,58.0,58.0,128.0,164.0,165.0,173.0,208.0,227.0,230.0,251.0,270.0,332.0,349.0,400.0,422.0,440.0,544.0,546.0,553.0,553.0,562.0,575.0,591.0,594.0,613.0,615.0,637.0,642.0,667.0,726.0,784.0,787.0,789.0,821.0,878.0,922.0,939.0,953.0,973.0,975.0,980.0,
8.0,34.0,207.0,249.0,255.0,268.0,270.0,289.0,321.0,336.0,339.0,398.0,404.0,404.0,419.0,428.0,435.0,503.0,538.0,603.0,625.0,658.0,659.0,669.0,674.0,675.0,690.0,711.0,716.0,723.0,771.0,788.0,875.0,918.0,938.0,953.0,980.0,
23.0,25.0,59.0,70.0,223.0,277.0,278.0,336.0,373.0,374.0,400.0,417.0,431.0,435.0,442.0,446.0,462.0,470.0,506.0,510.0,518.0,558.0,567.0,611.0,634.0,701.0,705.0,730.0,794.0,795.0,802.0,807.0,817.0,826.0,828.0,871.0,876.0,895.0,898.0,910.0,912.0,946.0,962.0,979.0,
4.0,10.0,48.0,76.0,79.0,128.0,131.0,166.0,172.0,177.0,197.0,242.0,274.0,305.0,337.0,382.0,391.0,419.0,475.0,518.0,571.0,575.0,583.0,601.0,611.0,641.0,645.0,647.0,667.0,668.0,678.0,699.0,733.0,757.0,762.0,769.0,793.0,799.0,810.0,812.0,862.0,918.0,923.0,988.0,999.0,
58.0,58.0,116.0,154.0,225.0,272.0,306.0,357.0,364.0,395.0,430.0,441.0,511.0,513.0,517.0,518.0,533.0,575.0,584.0,607.0,615.0,620.0,622.0,636.0,647.0,671.0,684.0,693.0,707.0,722.0,736.0,738.0,754.0,782.0,828.0,867.0,873.0,885.0,906.0,916.0,968.0,1000.0,
15.0,22.0,75.0,90.0,97.0,138.0,156.0,167.0,246.0,257.0,302.0,390.0,409.0,435.0,464.0,472.0,483.0,535.0,540.0,548.0,556.0,609.0,667.0,672.0,673.0,673.0,685.0,797.0,799.0,842.0,874.0,951.0,954.0,984.0,
71.0,76.0,77.0,113.0,116.0,159.0,160.0,177.0,238.0,253.0,269.0,295.0,322.0,359.0,414.0,429.0,501.0,551.0,556.0,568.0,582.0,590.0,610.0,612.0,679.0,693.0,728.0,739.0,753.0,757.0,758.0,814.0,840.0,844.0,886.0,946.0,949.0,951.0,955.0,994.0,
3.0,10.0,97.0,133.0,135.0,156.0,157.0,189.0,231.0,274.0,274.0,281.0,288.0,300.0,383.0,388.0,406.0,462.0,524.0,526.0,563.0,563.0,619.0,623.0,624.0,644.0,651.0,652.0,666.0,687.0,717.0,729.0,733.0,733.0,735.0,735.0,740.0,774.0,785.0,791.0,793.0,803.0,826.0,923.0,935.0,942.0,
28.0,31.0,68.0,68.0,77.0,137.0,157.0,294.0,327.0,330.0,375.0,387.0,444.0,447.0,451.0,453.0,455.0,461.0,693.0,752.0,759.0,778.0,819.0,844.0,912.0,914.0,984.0,
18.0,51.0,60.0,61.0,104.0,120.0,127.0,175.0,183.0,193.0,210.0,215.0,216.0,238.0,246.0,246.0,258.0,280.0,287.0,305.0,372.0,382.0,402.0,436.0,485.0,492.0,826.0,
2.0,20.0,22.0,35.0,106.0,118.0,119.0,132.0,138.0,164.0,242.0,282.0,283.0,297.0,305.0,311.0,351.0,363.0,415.0,419.0,422.0,
44.0,60.0,112.0,127.0,129.0,159.0,181.0,184.0,234.0,250.0,261.0,263.0,330.0,356.0,366.0,385.0,400.0,450.0,457.0,780.0,908.0,
35.0,100.0,148.0,226.0,240.0,283.0,313.0,314.0,357.0,401.0,428.0,444.0,445.0,468.0,587.0,643.0,657.0,710.0,743.0,759.0,785.0,792.0,798.0,800.0,834.0,849.0,866.0,886.0,946.0,977.0,977.0,
4.0,75.0,98.0,115.0,123.0,173.0,176.0,237.0,256.0,377.0,408.0,431.0,458.0,475.0,533.0,552.0,576.0,581.0,588.0,630.0,694.0,724.0,730.0,731.0,750.0,773.0,782.0,811.0,813.0,831.0,843.0,857.0,923.0,984.0,
18.0,22.0,27.0,56.0,76.0,128.0,132.0,143.0,157.0,160.0,163.0,170.0,194.0,299.0,349.0,351.0,354.0,358.0,363.0,415.0,580.0,616.0,722.0,787.0,831.0,900.0,913.0,919.0,956.0,
24.0,59.0,87.0,119.0,128.0,129.0,137.0,142.0,209.0,248.0,285.0,294.0,350.0,361.0,364.0,382.0,386.0,387.0,419.0,421.0,487.0,519.0,548.0,561.0,591.0,602.0,627.0,722.0,750.0,844.0,884.0,906.0,946.0,980.0,
62.0,92.0,96.0,100.0,260.0,270.0,286.0,325.0,343.0,352.0,357.0,358.0,444.0,444.0,473.0,497.0,500.0,522.0,547.0,556.0,573.0,594.0,597.0,603.0,681.0,740.0,774.0,792.0,845.0,881.0,895.0,897.0,906.0,933.0,934.0,944.0,956.0,966.0,970.0,989.0,999.0,
27.0,44.0,54.0,90.0,110.0,117.0,136.0,139.0,146.0,175.0,180.0,230.0,238.0,241.0,256.0,285.0,295.0,308.0,332.0,355.0,367.0,417.0,450.0,451.0,452.0,470.0,485.0,498.0,509.0,512.0,513.0,604.0,670.0,671.0,703.0,714.0,748.0,749.0,769.0,874.0,883.0,912.0,973.0,
21.0,31.0,111.0,117.0,121.0,150.0,155.0,173.0,175.0,197.0,262.0,298.0,358.0,372.0,408.0,492.0,505.0,
44.0,66.0,118.0,118.0,126.0,150.0,176.0,216.0,235.0,243.0,247.0,251.0,258.0,289.0,301.0,314.0,316.0,325.0,340.0,369.0,375.0,394.0,398.0,425.0,457.0,480.0,482.0,501.0,506.0,
8.0,81.0,83.0,88.0,129.0,138.0,163.0,168.0,171.0,196.0,212.0,264.0,274.0,283.0,291.0,292.0,300.0,306.0,318.0,372.0,374.0,378.0,412.0,418.0,454.0,457.0,466.0,491.0,503.0,923.0,981.0,
23.0,36.0,46.0,51.0,74.0,130.0,131.0,136.0,187.0,191.0,223.0,239.0,246.0,254.0,266.0,284.0,350.0,354.0,385.0,461.0,852.0,
23.0,24.0,40.0,82.0,145.0,243.0,246.0,248.0,297.0,306.0,361.0,391.0,426.0,458.0,495.0,
19.0,20.0,43.0,49.0,52.0,79.0,103.0,120.0,124.0,125.0,132.0,157.0,175.0,214.0,263.0,273.0,301.0,312.0,322.0,322.0,333.0,391.0,396.0,451.0,477.0,482.0,509.0,682.0,695.0,697.0,702.0,760.0,795.0,871.0,878.0,893.0,900.0,908.0,927.0,966.0,991.0,
34.0,61.0,76.0,100.0,110.0,142.0,168.0,187.0,206.0,252.0,273.0,274.0,306.0,349.0,380.0,411.0,420.0,425.0,444.0,468.0,471.0,500.0,553.0,575.0,610.0,616.0,661.0,667.0,672.0,675.0,696.0,726.0,757.0,769.0,840.0,850.0,856.0,867.0,898.0,928.0,928.0,931.0,935.0,983.0,990.0,
80.0,103.0,113.0,150.0,161.0,168.0,180.0,229.0,231.0,236.0,281.0,319.0,329.0,344.0,404.0,432.0,477.0,478.0,491.0,526.0,531.0,570.0,597.0,602.0,648.0,658.0,684.0,708.0,717.0,731.0,739.0,807.0,819.0,820.0,824.0,838.0,844.0,855.0,874.0,899.0,936.0,938.0,956.0,967.0,980.0,998.0,
89.0,130.0,141.0,150.0,201.0,225.0,251.0,273.0,284.0,305.0,352.0,375.0,379.0,400.0,401.0,412.0,414.0,418.0,445.0,557.0,585.0,587.0,597.0,607.0,616.0,691.0,718.0,756.0,759.0,765.0,767.0,793.0,804.0,866.0,871.0,893.0,901.0,966.0,
3.0,28.0,46.0,61.0,152.0,162.0,206.0,220.0,228.0,242.0,266.0,269.0,281.0,306.0,325.0,355.0,362.0,382.0,412.0,441.0,444.0,508.0,756.0,972.0,
63.0,68.0,102.0,141.0,143.0,147.0,162.0,182.0,192.0,249.0,285.0,383.0,407.0,460.0,467.0,478.0,498.0,502.0,
11.0,52.0,70.0,74.0,83.0,111.0,129.0,265.0,313.0,324.0,365.0,387.0,392.0,395.0,424.0,502.0,865.0,952.0,
7.0,42.0,149.0,168.0,186.0,379.0,382.0,426.0,485.0,503.0,858.0,926.0,952.0,958.0,977.0,
23.0,40.0,47.0,92.0,99.0,104.0,107.0,148.0,192.0,216.0,264.0,319.0,341.0,450.0,460.0,497.0,502.0,503.0,829.0,846.0,884.0,920.0,
76.0,102.0,107.0,109.0,178.0,203.0,218.0,218.0,242.0,284.0,363.0,393.0,409.0,410.0,
32.0,45.0,80.0,106.0,112.0,119.0,211.0,227.0,243.0,273.0,327.0,342.0,357.0,463.0,503.0,507.0,749.0,974.0,
22.0,43.0,45.0,95.0,142.0,179.0,219.0,225.0,242.0,302.0,304.0,305.0,315.0,317.0,341.0,358.0,376.0,377.0,448.0,461.0,478.0,605.0,641.0,668.0,669.0,702.0,708.0,725.0,733.0,736.0,790.0,829.0,860.0,872.0,873.0,879.0,895.0,895.0,920.0,941.0,
7.0,35.0,58.0,83.0,123.0,133.0,179.0,200.0,256.0,326.0,369.0,370.0,392.0,428.0,487.0,496.0,543.0,564.0,626.0,640.0,697.0,701.0,716.0,724.0,757.0,762.0,797.0,806.0,827.0,876.0,877.0,890.0,899.0,917.0,929.0,939.0,972.0,
63.0,107.0,107.0,177.0,179.0,211.0,235.0,277.0,354.0,392.0,442.0,448.0,510.0,552.0,573.0,589.0,591.0,603.0,631.0,639.0,699.0,775.0,854.0,891.0,899.0,905.0,999.0,
12.0,37.0,91.0,94.0,105.0,118.0,125.0,190.0,203.0,204.0,205.0,211.0,248.0,291.0,304.0,307.0,311.0,326.0,327.0,454.0,466.0,477.0,497.0,
30.0,51.0,93.0,107.0,113.0,119.0,134.0,267.0,290.0,291.0,317.0,377.0,423.0,445.0,473.0,834.0,898.0,905.0,952.0,965.0,
54.0,67.0,96.0,111.0,123.0,132.0,288.0,315.0,318.0,327.0,328.0,334.0,366.0,377.0,387.0,427.0,451.0,460.0,723.0,751.0,766.0,843.0,856.0,935.0,964.0,966.0,
65.0,94.0,135.0,164.0,188.0,204.0,212.0,251.0,256.0,264.0,289.0,312.0,330.0,357.0,360.0,388.0,390.0,390.0,399.0,424.0,439.0,450.0,780.0,814.0,1000.0,
78.0,125.0,160.0,168.0,188.0,221.0,231.0,249.0,277.0,296.0,314.0,405.0,424.0,437.0,469.0,478.0,494.0,501.0,504.0,728.0,784.0,816.0,817.0,826.0,850.0,885.0,
24.0,29.0,155.0,173.0,237.0,289.0,290.0,301.0,317.0,368.0,375.0,401.0,448.0,472.0,485.0,912.0,966.0,
13.0,34.0,100.0,105.0,118.0,145.0,218.0,225.0,227.0,239.0,298.0,375.0,419.0,457.0,
49.0,76.0,104.0,105.0,164.0,173.0,180.0,186.0,201.0,220.0,226.0,253.0,287.0,352.0,357.0,391.0,392.0,393.0,398.0,498.0,563.0,581.0,622.0,636.0,657.0,659.0,676.0,682.0,687.0,707.0,714.0,721.0,729.0,739.0,743.0,776.0,806.0,809.0,830.0,857.0,873.0,882.0,909.0,910.0,924.0,956.0,
26.0,61.0,99.0,104.0,121.0,126.0,133.0,162.0,220.0,244.0,245.0,281.0,296.0,375.0,406.0,412.0,417.0,420.0,503.0,506.0,516.0,524.0,558.0,603.0,604.0,607.0,665.0,666.0,667.0,671.0,682.0,694.0,704.0,718.0,725.0,751.0,757.0,772.0,801.0,821.0,871.0,892.0,934.0,936.0,947.0,972.0,979.0,996.0,
7.0,111.0,138.0,156.0,158.0,159.0,162.0,204.0,205.0,242.0,248.0,272.0,274.0,284.0,301.0,306.0,408.0,428.0,440.0,443.0,453.0,468.0,495.0,583.0,607.0,677.0,702.0,705.0,738.0,747.0,763.0,769.0,772.0,795.0,796.0,812.0,822.0,832.0,836.0,853.0,858.0,873.0,910.0,939.0,980.0,999.0,
47.0,96.0,98.0,153.0,169.0,187.0,188.0,208.0,245.0,250.0,253.0,325.0,326.0,360.0,403.0,460.0,464.0,470.0,483.0,488.0,502.0,737.0,793.0,938.0,
22.0,122.0,147.0,148.0,156.0,160.0,195.0,207.0,208.0,212.0,241.0,249.0,270.0,270.0,287.0,302.0,398.0,408.0,458.0,476.0,504.0,864.0,
57.0,66.0,96.0,98.0,146.0,205.0,214.0,224.0,249.0,294.0,327.0,345.0,367.0,434.0,485.0,486.0,782.0,884.0,976.0,
27.0,61.0,81.0,82.0,160.0,164.0,178.0,185.0,207.0,209.0,217.0,222.0,242.0,247.0,260.0,270.0,297.0,318.0,319.0,347.0,366.0,384.0,459.0,463.0,746.0,
7.0,70.0,134.0,153.0,157.0,215.0,228.0,248.0,251.0,258.0,303.0,315.0,350.0,394.0,429.0,447.0,448.0,464.0,946.0,948.0,969.0,
55.0,101.0,145.0,209.0,236.0,247.0,264.0,316.0,359.0,408.0,460.0,498.0,502.0,
5.0,7.0,20.0,32.0,81.0,99.0,147.0,187.0,190.0,249.0,249.0,336.0,356.0,386.0,396.0,401.0,402.0,404.0,408.0,419.0,445.0,465.0,466.0,470.0,495.0,960.0,
14.0,86.0,95.0,128.0,130.0,150.0,199.0,200.0,257.0,259.0,290.0,295.0,338.0,342.0,385.0,408.0,418.0,426.0,436.0,452.0,461.0,519.0,533.0,550.0,602.0,624.0,641.0,647.0,652.0,685.0,700.0,714.0,730.0,739.0,741.0,743.0,759.0,778.0,835.0,839.0,883.0,906.0,924.0,954.0,978.0,
26.0,142.0,178.0,196.0,211.0,238.0,317.0,328.0,341.0,359.0,359.0,360.0,421.0,438.0,487.0,512.0,528.0,563.0,577.0,619.0,635.0,664.0,821.0,944.0,955.0,
8.0,9.0,22.0,89.0,92.0,109.0,124.0,124.0,136.0,187.0,190.0,195.0,203.0,242.0,265.0,286.0,305.0,329.0,345.0,349.0,392.0,415.0,418.0,450.0,475.0,502.0,592.0,611.0,649.0,657.0,693.0,747.0,747.0,781.0,807.0,835.0,884.0,946.0,968.0,994.0,
55.0,55.0,79.0,127.0,166.0,175.0,194.0,233.0,257.0,284.0,320.0,321.0,337.0,353.0,490.0,494.0,511.0,614.0,623.0,729.0,741.0,814.0,825.0,883.0,916.0,923.0,944.0,946.0,986.0,
56.0,129.0,155.0,179.0,226.0,231.0,242.0,294.0,340.0,352.0,391.0,410.0,415.0,477.0,478.0,483.0,486.0,
64.0,72.0,159.0,174.0,338.0,366.0,372.0,409.0,419.0,429.0,972.0,
61.0,76.0,79.0,79.0,82.0,173.0,179.0,213.0,230.0,231.0,295.0,346.0,376.0,400.0,474.0,488.0,883.0,
4.0,91.0,159.0,166.0,201.0,239.0,239.0,296.0,321.0,341.0,400.0,454.0,893.0,943.0,944.0,
114.0,134.0,150.0,170.0,181.0,191.0,202.0,209.0,352.0,381.0,446.0,468.0,483.0,500.0,
29.0,60.0,64.0,97.0,130.0,137.0,140.0,148.0,151.0,156.0,159.0,188.0,188.0,194.0,214.0,238.0,282.0,289.0,296.0,383.0,471.0,583.0,670.0,679.0,689.0,741.0,762.0,777.0,780.0,805.0,806.0,808.0,893.0,913.0,934.0,949.0,
143.0,163.0,188.0,240.0,257.0,312.0,336.0,347.0,374.0,378.0,387.0,395.0,405.0,412.0,413.0,420.0,442.0,461.0,463.0,504.0,522.0,534.0,561.0,619.0,642.0,657.0,675.0,725.0,738.0,758.0,766.0,769.0,771.0,785.0,786.0,801.0,834.0,843.0,896.0,929.0,934.0,938.0,955.0,970.0,978.0,
52.0,116.0,141.0,159.0,188.0,219.0,256.0,283.0,373.0,380.0,389.0,418.0,426.0,459.0,479.0,494.0,495.0,527.0,556.0,582.0,582.0,597.0,614.0,632.0,679.0,688.0,742.0,774.0,779.0,820.0,821.0,840.0,873.0,920.0,932.0,937.0,962.0,998.0,1000.0,
13.0,34.0,55.0,91.0,99.0,104.0,124.0,161.0,174.0,178.0,202.0,231.0,269.0,279.0,291.0,326.0,340.0,371.0,388.0,446.0,468.0,598.0,603.0,604.0,610.0,612.0,675.0,689.0,689.0,752.0,770.0,784.0,820.0,825.0,858.0,901.0,906.0,914.0,934.0,976.0,
27.0,83.0,105.0,111.0,113.0,169.0,173.0,284.0,285.0,290.0,291.0,321.0,322.0,344.0,356.0,362.0,366.0,425.0,469.0,485.0,510.0,549.0,560.0,566.0,596.0,597.0,617.0,630.0,638.0,654.0,654.0,699.0,700.0,707.0,740.0,750.0,770.0,787.0,795.0,816.0,869.0,871.0,906.0,923.0,958.0,971.0,977.0,978.0,984.0,999.0,
105.0,107.0,123.0,151.0,176.0,198.0,198.0,206.0,237.0,277.0,280.0,282.0,356.0,368.0,454.0,471.0,650.0,679.0,700.0,702.0,704.0,740.0,744.0,753.0,790.0,792.0,793.0,816.0,862.0,876.0,888.0,944.0,997.0,
31.0,50.0,120.0,185.0,185.0,244.0,282.0,374.0,393.0,431.0,789.0,836.0,896.0,
23.0,92.0,128.0,134.0,140.0,169.0,179.0,199.0,210.0,230.0,237.0,244.0,268.0,286.0,287.0,316.0,323.0,331.0,335.0,339.0,354.0,357.0,361.0,397.0,402.0,426.0,456.0,473.0,
38.0,45.0,97.0,148.0,165.0,166.0,171.0,194.0,204.0,222.0,321.0,326.0,333.0,428.0,465.0,468.0,482.0,490.0,
104.0,126.0,135.0,138.0,139.0,140.0,188.0,189.0,190.0,196.0,203.0,208.0,245.0,250.0,263.0,297.0,351.0,357.0,412.0,414.0,459.0,478.0,613.0,654.0,694.0,696.0,722.0,763.0,841.0,877.0,888.0,906.0,916.0,943.0,1000.0,
18.0,29.0,34.0,62.0,66.0,69.0,85.0,85.0,96.0,101.0,107.0,125.0,225.0,329.0,342.0,351.0,360.0,383.0,389.0,415.0,428.0,454.0,462.0,468.0,475.0,533.0,535.0,555.0,669.0,678.0,723.0,741.0,771.0,788.0,837.0,872.0,877.0,884.0,886.0,890.0,894.0,915.0,926.0,934.0,945.0,955.0,998.0,
99.0,105.0,165.0,167.0,262.0,301.0,306.0,418.0,419.0,448.0,519.0,527.0,530.0,548.0,625.0,638.0,654.0,664.0,673.0,681.0,707.0,756.0,772.0,810.0,833.0,880.0,885.0,891.0,935.0,959.0,963.0,971.0,
27.0,36.0,51.0,60.0,102.0,127.0,132.0,149.0,161.0,162.0,171.0,225.0,291.0,330.0,355.0,367.0,421.0,422.0,442.0,553.0,600.0,627.0,641.0,651.0,689.0,695.0,707.0,734.0,743.0,775.0,780.0,787.0,824.0,889.0,895.0,918.0,934.0,964.0,980.0,999.0,
24.0,32.0,39.0,39.0,91.0,103.0,118.0,125.0,192.0,274.0,341.0,354.0,418.0,496.0,510.0,543.0,548.0,552.0,591.0,595.0,613.0,646.0,661.0,664.0,703.0,719.0,724.0,726.0,743.0,744.0,751.0,807.0,865.0,877.0,900.0,926.0,978.0,1000.0,
16.0,135.0,235.0,244.0,259.0,304.0,328.0,395.0,398.0,413.0,463.0,512.0,544.0,552.0,621.0,688.0,769.0,776.0,785.0,850.0,858.0,869.0,878.0,887.0,902.0,971.0,973.0,
6.0,54.0,57.0,112.0,137.0,158.0,178.0,183.0,252.0,292.0,294.0,328.0,344.0,352.0,371.0,393.0,407.0,439.0,456.0,488.0,504.0,522.0,542.0,549.0,561.0,571.0,603.0,613.0,643.0,689.0,699.0,705.0,707.0,728.0,729.0,752.0,831.0,852.0,868.0,941.0,948.0,969.0,972.0,974.0,975.0,980.0,984.0,
13.0,80.0,82.0,132.0,141.0,187.0,189.0,246.0,264.0,272.0,273.0,326.0,335.0,352.0,356.0,420.0,470.0,500.0,511.0,524.0,529.0,574.0,653.0,668.0,713.0,721.0,727.0,728.0,733.0,733.0,764.0,803.0,812.0,829.0,830.0,842.0,866.0,878.0,896.0,905.0,907.0,912.0,920.0,947.0,968.0,983.0,997.0,
5.0,12.0,49.0,84.0,108.0,159.0,197.0,201.0,235.0,253.0,259.0,291.0,307.0,308.0,308.0,319.0,437.0,481.0,482.0,495.0,538.0,550.0,557.0,603.0,622.0,636.0,672.0,681.0,683.0,701.0,726.0,738.0,782.0,820.0,824.0,847.0,872.0,918.0,923.0,943.0,994.0,
6.0,10.0,46.0,67.0,93.0,103.0,116.0,117.0,137.0,149.0,157.0,181.0,240.0,241.0,241.0,250.0,325.0,328.0,426.0,487.0,489.0,508.0,544.0,549.0,550.0,582.0,602.0,612.0,623.0,650.0,660.0,675.0,745.0,753.0,759.0,811.0,817.0,848.0,881.0,902.0,908.0,911.0,919.0,975.0,975.0,983.0,
6.0,49.0,50.0,67.0,94.0,104.0,153.0,162.0,175.0,219.0,301.0,325.0,330.0,365.0,399.0,412.0,440.0,454.0,458.0,469.0,501.0,513.0,516.0,576.0,583.0,626.0,634.0,649.0,666.0,713.0,741.0,746.0,759.0,784.0,826.0,827.0,847.0,867.0,879.0,892.0,958.0,994.0,
21.0,33.0,48.0,51.0,57.0,98.0,103.0,108.0,142.0,157.0,186.0,235.0,260.0,281.0,288.0,338.0,338.0,349.0,355.0,364.0,399.0,468.0,489.0,554.0,556.0,567.0,593.0,602.0,626.0,632.0,650.0,668.0,688.0,744.0,757.0,825.0,850.0,857.0,909.0,924.0,991.0,
2.0,26.0,103.0,127.0,160.0,165.0,183.0,184.0,194.0,296.0,306.0,313.0,378.0,448.0,468.0,511.0,549.0,551.0,569.0,634.0,653.0,711.0,717.0,741.0,793.0,815.0,817.0,844.0,943.0,
