3.0,63.0,83.0,105.0,115.0,127.0,171.0,263.0,318.0,330.0,332.0,470.0,499.0,514.0,535.0,579.0,594.0,683.0,690.0,751.0,759.0,787.0,819.0,824.0,831.0,863.0,868.0,872.0,881.0,896.0,936.0,979.0,995.0,
17.0,33.0,63.0,70.0,88.0,99.0,102.0,145.0,212.0,233.0,251.0,285.0,291.0,343.0,347.0,353.0,359.0,422.0,426.0,430.0,440.0,445.0,459.0,460.0,485.0,526.0,549.0,644.0,660.0,689.0,693.0,780.0,819.0,825.0,851.0,854.0,866.0,867.0,869.0,880.0,927.0,930.0,941.0,988.0,992.0,
17.0,72.0,150.0,160.0,216.0,218.0,310.0,317.0,333.0,366.0,439.0,465.0,488.0,490.0,491.0,497.0,561.0,572.0,577.0,585.0,614.0,631.0,698.0,737.0,754.0,768.0,792.0,799.0,865.0,899.0,919.0,927.0,929.0,934.0,942.0,987.0,993.0,997.0,
67.0,238.0,285.0,334.0,352.0,400.0,443.0,488.0,517.0,519.0,521.0,581.0,608.0,626.0,652.0,692.0,703.0,719.0,734.0,734.0,755.0,781.0,848.0,871.0,878.0,896.0,907.0,946.0,955.0,957.0,972.0,974.0,978.0,1000.0,1000.0,
5.0,38.0,56.0,77.0,79.0,86.0,95.0,131.0,273.0,336.0,363.0,390.0,397.0,424.0,428.0,432.0,435.0,463.0,597.0,612.0,724.0,753.0,777.0,829.0,851.0,860.0,879.0,911.0,918.0,928.0,962.0,972.0,987.0,
38.0,54.0,80.0,209.0,220.0,302.0,319.0,323.0,338.0,357.0,360.0,424.0,475.0,485.0,522.0,570.0,642.0,645.0,646.0,665.0,666.0,739.0,793.0,797.0,829.0,834.0,841.0,866.0,882.0,930.0,958.0,961.0,
46.0,58.0,99.0,135.0,197.0,214.0,277.0,293.0,305.0,360.0,447.0,517.0,586.0,655.0,661.0,662.0,711.0,746.0,763.0,792.0,936.0,946.0,987.0,
4.0,36.0,66.0,88.0,96.0,101.0,183.0,189.0,193.0,201.0,205.0,215.0,241.0,259.0,280.0,303.0,326.0,358.0,360.0,374.0,391.0,403.0,404.0,446.0,523.0,525.0,537.0,562.0,577.0,582.0,623.0,649.0,762.0,797.0,812.0,849.0,862.0,887.0,896.0,939.0,953.0,972.0,
33.0,73.0,86.0,144.0,153.0,201.0,259.0,270.0,313.0,357.0,403.0,430.0,445.0,450.0,579.0,582.0,592.0,604.0,614.0,630.0,685.0,698.0,730.0,744.0,770.0,773.0,773.0,777.0,787.0,804.0,815.0,886.0,960.0,966.0,
21.0,28.0,75.0,79.0,98.0,138.0,180.0,215.0,220.0,282.0,287.0,319.0,352.0,376.0,376.0,404.0,411.0,439.0,448.0,449.0,449.0,477.0,505.0,520.0,548.0,550.0,586.0,592.0,717.0,724.0,786.0,786.0,791.0,793.0,806.0,819.0,821.0,834.0,838.0,857.0,878.0,879.0,896.0,978.0,980.0,982.0,992.0,993.0,
30.0,31.0,37.0,69.0,72.0,81.0,81.0,147.0,199.0,207.0,245.0,258.0,275.0,307.0,329.0,356.0,362.0,391.0,392.0,409.0,415.0,423.0,428.0,441.0,443.0,478.0,507.0,576.0,610.0,629.0,640.0,649.0,657.0,662.0,683.0,758.0,811.0,831.0,847.0,867.0,897.0,918.0,921.0,937.0,949.0,962.0,
8.0,24.0,38.0,65.0,79.0,143.0,186.0,206.0,211.0,226.0,227.0,256.0,257.0,264.0,294.0,331.0,333.0,394.0,450.0,481.0,482.0,497.0,534.0,540.0,549.0,561.0,592.0,594.0,615.0,620.0,622.0,624.0,635.0,644.0,653.0,658.0,691.0,703.0,708.0,790.0,842.0,846.0,857.0,884.0,910.0,914.0,997.0,
38.0,69.0,159.0,216.0,228.0,240.0,260.0,274.0,291.0,296.0,298.0,366.0,367.0,392.0,405.0,418.0,425.0,434.0,439.0,479.0,483.0,494.0,497.0,572.0,589.0,606.0,619.0,623.0,688.0,695.0,737.0,742.0,756.0,759.0,799.0,822.0,827.0,837.0,838.0,866.0,892.0,937.0,968.0,975.0,983.0,987.0,995.0,
24.0,43.0,45.0,49.0,115.0,190.0,196.0,271.0,323.0,365.0,381.0,388.0,445.0,461.0,538.0,552.0,612.0,621.0,623.0,631.0,647.0,663.0,674.0,700.0,706.0,715.0,717.0,748.0,790.0,827.0,845.0,870.0,946.0,
36.0,43.0,108.0,125.0,157.0,178.0,187.0,252.0,316.0,347.0,411.0,412.0,423.0,455.0,492.0,492.0,533.0,560.0,570.0,574.0,632.0,637.0,638.0,654.0,657.0,669.0,670.0,697.0,708.0,723.0,745.0,763.0,771.0,782.0,809.0,826.0,846.0,945.0,945.0,996.0,
2.0,41.0,153.0,186.0,227.0,290.0,302.0,338.0,406.0,447.0,472.0,475.0,518.0,564.0,582.0,583.0,596.0,607.0,621.0,630.0,649.0,683.0,719.0,760.0,772.0,799.0,831.0,839.0,845.0,857.0,864.0,894.0,911.0,928.0,932.0,943.0,962.0,969.0,980.0,998.0,1000.0,
24.0,98.0,109.0,117.0,206.0,230.0,250.0,265.0,422.0,444.0,485.0,486.0,523.0,542.0,561.0,633.0,637.0,666.0,670.0,671.0,706.0,719.0,780.0,799.0,808.0,820.0,864.0,891.0,902.0,910.0,990.0,
4.0,19.0,25.0,128.0,136.0,154.0,158.0,162.0,164.0,167.0,192.0,196.0,236.0,256.0,256.0,289.0,297.0,378.0,427.0,449.0,459.0,466.0,510.0,517.0,517.0,569.0,584.0,591.0,598.0,648.0,680.0,684.0,684.0,726.0,730.0,732.0,733.0,735.0,752.0,815.0,844.0,861.0,897.0,962.0,972.0,
61.0,74.0,74.0,79.0,107.0,120.0,127.0,169.0,196.0,210.0,211.0,227.0,293.0,356.0,359.0,362.0,373.0,379.0,382.0,403.0,410.0,425.0,466.0,530.0,604.0,626.0,641.0,643.0,791.0,809.0,812.0,845.0,847.0,858.0,893.0,914.0,931.0,983.0,987.0,
18.0,27.0,30.0,38.0,40.0,54.0,64.0,92.0,95.0,111.0,118.0,145.0,157.0,166.0,201.0,211.0,213.0,325.0,337.0,345.0,365.0,386.0,451.0,471.0,524.0,532.0,620.0,638.0,753.0,768.0,817.0,823.0,842.0,855.0,887.0,897.0,916.0,938.0,976.0,
39.0,141.0,175.0,233.0,274.0,277.0,296.0,433.0,437.0,491.0,511.0,531.0,552.0,559.0,575.0,618.0,623.0,651.0,691.0,699.0,761.0,793.0,889.0,902.0,917.0,926.0,974.0,
8.0,14.0,31.0,42.0,50.0,83.0,90.0,125.0,175.0,198.0,223.0,242.0,251.0,272.0,289.0,373.0,466.0,602.0,613.0,622.0,630.0,642.0,660.0,740.0,754.0,795.0,810.0,857.0,905.0,906.0,919.0,933.0,945.0,947.0,988.0,
15.0,34.0,57.0,76.0,79.0,117.0,123.0,129.0,151.0,167.0,183.0,214.0,217.0,224.0,263.0,271.0,271.0,301.0,366.0,373.0,378.0,385.0,423.0,426.0,440.0,466.0,511.0,624.0,652.0,660.0,724.0,757.0,775.0,780.0,788.0,798.0,813.0,885.0,919.0,940.0,958.0,980.0,990.0,
19.0,22.0,32.0,47.0,106.0,107.0,169.0,221.0,226.0,239.0,257.0,286.0,297.0,321.0,338.0,348.0,364.0,378.0,412.0,434.0,456.0,480.0,484.0,497.0,655.0,704.0,737.0,745.0,797.0,798.0,823.0,825.0,891.0,897.0,903.0,963.0,985.0,997.0,
3.0,43.0,113.0,131.0,171.0,173.0,206.0,214.0,221.0,233.0,283.0,292.0,352.0,359.0,387.0,392.0,399.0,420.0,479.0,490.0,500.0,835.0,
7.0,47.0,59.0,143.0,183.0,199.0,260.0,324.0,348.0,373.0,405.0,412.0,438.0,466.0,491.0,492.0,503.0,
20.0,41.0,45.0,50.0,237.0,273.0,297.0,308.0,335.0,338.0,341.0,343.0,362.0,400.0,411.0,429.0,446.0,451.0,471.0,504.0,795.0,813.0,856.0,863.0,975.0,983.0,
106.0,126.0,144.0,211.0,327.0,338.0,342.0,356.0,361.0,391.0,393.0,401.0,489.0,750.0,760.0,761.0,773.0,782.0,785.0,830.0,864.0,866.0,915.0,915.0,936.0,
40.0,40.0,43.0,89.0,92.0,124.0,125.0,208.0,249.0,251.0,255.0,259.0,285.0,320.0,334.0,342.0,375.0,378.0,412.0,446.0,552.0,552.0,564.0,586.0,594.0,613.0,622.0,652.0,719.0,733.0,748.0,794.0,802.0,819.0,881.0,933.0,972.0,
32.0,35.0,53.0,103.0,175.0,224.0,231.0,239.0,253.0,257.0,282.0,321.0,328.0,413.0,447.0,452.0,489.0,546.0,560.0,570.0,643.0,644.0,670.0,721.0,765.0,773.0,810.0,829.0,845.0,855.0,858.0,912.0,935.0,947.0,951.0,958.0,969.0,976.0,977.0,
20.0,28.0,45.0,65.0,133.0,159.0,176.0,259.0,269.0,286.0,305.0,312.0,315.0,320.0,383.0,411.0,422.0,426.0,458.0,470.0,472.0,512.0,521.0,588.0,621.0,634.0,685.0,704.0,755.0,761.0,788.0,803.0,820.0,909.0,932.0,963.0,966.0,980.0,982.0,
9.0,9.0,29.0,52.0,54.0,64.0,68.0,122.0,153.0,161.0,180.0,203.0,246.0,247.0,248.0,261.0,267.0,289.0,305.0,318.0,386.0,405.0,414.0,430.0,444.0,461.0,489.0,556.0,568.0,572.0,574.0,589.0,590.0,631.0,631.0,650.0,666.0,780.0,784.0,790.0,803.0,815.0,822.0,824.0,838.0,942.0,965.0,969.0,978.0,
10.0,33.0,39.0,90.0,92.0,112.0,238.0,250.0,277.0,303.0,305.0,315.0,390.0,394.0,404.0,405.0,419.0,422.0,441.0,463.0,620.0,664.0,669.0,736.0,740.0,743.0,766.0,785.0,785.0,831.0,838.0,863.0,902.0,903.0,
28.0,35.0,128.0,145.0,148.0,155.0,232.0,261.0,283.0,286.0,306.0,311.0,320.0,321.0,346.0,355.0,362.0,363.0,368.0,406.0,423.0,435.0,439.0,445.0,456.0,459.0,468.0,483.0,488.0,501.0,506.0,507.0,
40.0,45.0,65.0,76.0,100.0,198.0,210.0,210.0,219.0,220.0,266.0,298.0,328.0,341.0,354.0,498.0,503.0,
10.0,48.0,60.0,114.0,190.0,304.0,308.0,308.0,321.0,404.0,405.0,422.0,424.0,457.0,790.0,891.0,
47.0,51.0,146.0,166.0,200.0,208.0,327.0,379.0,390.0,397.0,414.0,433.0,441.0,472.0,479.0,496.0,500.0,
5.0,6.0,10.0,38.0,39.0,40.0,48.0,55.0,75.0,78.0,147.0,215.0,277.0,309.0,322.0,346.0,358.0,363.0,421.0,441.0,450.0,470.0,473.0,495.0,
2.0,57.0,124.0,190.0,261.0,316.0,325.0,372.0,388.0,397.0,400.0,404.0,407.0,432.0,442.0,447.0,451.0,483.0,622.0,626.0,642.0,685.0,715.0,766.0,796.0,809.0,809.0,821.0,923.0,965.0,981.0,983.0,999.0,
5.0,6.0,39.0,80.0,92.0,97.0,112.0,151.0,155.0,160.0,166.0,188.0,219.0,278.0,286.0,298.0,311.0,355.0,408.0,434.0,466.0,474.0,505.0,569.0,574.0,597.0,630.0,665.0,680.0,689.0,718.0,726.0,732.0,747.0,759.0,826.0,857.0,866.0,901.0,912.0,931.0,949.0,976.0,984.0,992.0,
23.0,58.0,72.0,87.0,96.0,99.0,142.0,166.0,169.0,189.0,228.0,270.0,289.0,321.0,338.0,340.0,395.0,454.0,460.0,523.0,551.0,565.0,593.0,631.0,633.0,673.0,701.0,746.0,747.0,775.0,785.0,800.0,811.0,812.0,834.0,903.0,925.0,940.0,992.0,
3.0,10.0,15.0,29.0,43.0,52.0,76.0,98.0,104.0,116.0,126.0,129.0,262.0,266.0,276.0,311.0,337.0,356.0,369.0,393.0,394.0,444.0,449.0,470.0,476.0,486.0,498.0,500.0,516.0,542.0,567.0,600.0,613.0,649.0,656.0,656.0,658.0,677.0,678.0,743.0,772.0,844.0,865.0,881.0,893.0,901.0,911.0,938.0,950.0,954.0,969.0,970.0,979.0,990.0,994.0,
48.0,99.0,167.0,186.0,224.0,234.0,281.0,314.0,327.0,383.0,387.0,415.0,446.0,454.0,491.0,799.0,
5.0,34.0,36.0,89.0,107.0,112.0,146.0,162.0,170.0,226.0,231.0,247.0,282.0,284.0,293.0,321.0,332.0,363.0,423.0,442.0,449.0,487.0,509.0,
13.0,51.0,54.0,60.0,127.0,144.0,171.0,178.0,202.0,254.0,256.0,279.0,295.0,307.0,316.0,328.0,385.0,431.0,445.0,464.0,465.0,506.0,836.0,898.0,913.0,969.0,
30.0,38.0,40.0,48.0,57.0,66.0,91.0,165.0,179.0,247.0,337.0,373.0,373.0,428.0,442.0,498.0,786.0,843.0,935.0,977.0,
2.0,22.0,31.0,46.0,71.0,105.0,106.0,129.0,142.0,144.0,158.0,215.0,215.0,223.0,275.0,319.0,345.0,353.0,376.0,417.0,442.0,866.0,
9.0,20.0,30.0,101.0,107.0,116.0,123.0,165.0,177.0,186.0,186.0,204.0,216.0,253.0,264.0,272.0,280.0,297.0,314.0,338.0,420.0,424.0,434.0,443.0,480.0,506.0,
61.0,67.0,73.0,74.0,159.0,170.0,180.0,223.0,232.0,288.0,317.0,320.0,366.0,390.0,459.0,470.0,858.0,981.0,
46.0,106.0,160.0,180.0,198.0,199.0,294.0,296.0,318.0,326.0,381.0,402.0,407.0,415.0,420.0,421.0,437.0,444.0,464.0,477.0,500.0,544.0,564.0,602.0,633.0,654.0,720.0,759.0,762.0,833.0,846.0,879.0,881.0,934.0,938.0,951.0,973.0,
34.0,38.0,94.0,189.0,338.0,409.0,487.0,501.0,520.0,528.0,546.0,552.0,561.0,658.0,663.0,673.0,684.0,722.0,750.0,765.0,766.0,788.0,867.0,886.0,892.0,932.0,944.0,
61.0,89.0,95.0,119.0,134.0,136.0,140.0,161.0,164.0,183.0,192.0,222.0,225.0,262.0,314.0,416.0,425.0,440.0,452.0,486.0,489.0,499.0,597.0,629.0,633.0,677.0,690.0,753.0,791.0,856.0,871.0,871.0,917.0,930.0,945.0,963.0,976.0,983.0,998.0,
63.0,64.0,139.0,148.0,160.0,185.0,208.0,233.0,246.0,299.0,333.0,343.0,380.0,409.0,450.0,
92.0,107.0,108.0,170.0,190.0,229.0,229.0,254.0,283.0,413.0,414.0,988.0,
9.0,21.0,73.0,79.0,97.0,134.0,140.0,162.0,171.0,175.0,193.0,242.0,246.0,279.0,309.0,348.0,405.0,408.0,426.0,446.0,448.0,455.0,480.0,910.0,
17.0,21.0,29.0,41.0,73.0,123.0,129.0,181.0,194.0,248.0,292.0,337.0,406.0,416.0,428.0,445.0,495.0,
3.0,12.0,13.0,25.0,42.0,57.0,102.0,136.0,139.0,179.0,189.0,211.0,338.0,364.0,369.0,374.0,415.0,455.0,472.0,723.0,764.0,779.0,836.0,854.0,
60.0,67.0,84.0,120.0,151.0,191.0,202.0,203.0,222.0,251.0,264.0,421.0,444.0,450.0,475.0,845.0,858.0,912.0,964.0,983.0,
29.0,35.0,52.0,67.0,84.0,89.0,99.0,105.0,108.0,117.0,123.0,128.0,155.0,165.0,242.0,252.0,313.0,337.0,383.0,447.0,449.0,468.0,508.0,
7.0,9.0,17.0,37.0,70.0,72.0,76.0,84.0,93.0,119.0,128.0,160.0,164.0,164.0,181.0,296.0,311.0,517.0,542.0,574.0,590.0,612.0,613.0,613.0,710.0,725.0,746.0,767.0,799.0,826.0,832.0,836.0,867.0,899.0,937.0,944.0,986.0,
4.0,8.0,33.0,45.0,58.0,132.0,132.0,140.0,203.0,221.0,256.0,260.0,268.0,278.0,343.0,369.0,412.0,426.0,504.0,505.0,511.0,555.0,563.0,640.0,644.0,698.0,728.0,845.0,846.0,925.0,937.0,942.0,
27.0,59.0,71.0,116.0,120.0,173.0,212.0,257.0,262.0,272.0,278.0,334.0,337.0,338.0,346.0,351.0,385.0,405.0,437.0,467.0,475.0,495.0,555.0,576.0,593.0,595.0,611.0,625.0,653.0,697.0,709.0,724.0,734.0,738.0,743.0,758.0,791.0,808.0,842.0,859.0,878.0,894.0,900.0,904.0,905.0,920.0,924.0,940.0,950.0,954.0,999.0,
23.0,24.0,70.0,71.0,73.0,102.0,152.0,153.0,169.0,205.0,212.0,217.0,217.0,254.0,256.0,258.0,262.0,338.0,376.0,416.0,422.0,504.0,833.0,939.0,980.0,
39.0,44.0,170.0,233.0,241.0,246.0,254.0,267.0,481.0,
64.0,125.0,145.0,145.0,168.0,197.0,225.0,228.0,231.0,275.0,276.0,301.0,309.0,368.0,425.0,427.0,461.0,502.0,958.0,
29.0,55.0,80.0,94.0,150.0,202.0,224.0,284.0,291.0,296.0,302.0,317.0,342.0,368.0,407.0,463.0,492.0,497.0,498.0,960.0,962.0,
3.0,4.0,13.0,15.0,50.0,97.0,100.0,119.0,125.0,175.0,205.0,215.0,218.0,275.0,289.0,297.0,323.0,325.0,331.0,334.0,432.0,473.0,493.0,495.0,804.0,849.0,871.0,953.0,972.0,
48.0,65.0,81.0,99.0,121.0,150.0,247.0,258.0,272.0,278.0,335.0,409.0,505.0,883.0,891.0,
30.0,38.0,41.0,95.0,115.0,137.0,157.0,188.0,255.0,284.0,319.0,388.0,453.0,494.0,503.0,826.0,837.0,
3.0,24.0,51.0,81.0,109.0,158.0,184.0,211.0,249.0,280.0,321.0,335.0,350.0,376.0,377.0,386.0,391.0,404.0,431.0,520.0,609.0,611.0,621.0,646.0,663.0,677.0,736.0,740.0,748.0,773.0,857.0,875.0,909.0,944.0,1000.0,
15.0,17.0,70.0,106.0,121.0,162.0,163.0,196.0,233.0,284.0,334.0,348.0,428.0,436.0,459.0,466.0,473.0,496.0,548.0,564.0,608.0,657.0,661.0,679.0,683.0,718.0,747.0,752.0,812.0,967.0,988.0,
29.0,51.0,108.0,115.0,132.0,171.0,193.0,204.0,307.0,349.0,361.0,368.0,393.0,398.0,414.0,431.0,458.0,473.0,520.0,520.0,521.0,557.0,614.0,646.0,694.0,697.0,729.0,731.0,734.0,742.0,750.0,762.0,846.0,849.0,855.0,892.0,922.0,979.0,982.0,
25.0,34.0,43.0,79.0,102.0,134.0,144.0,168.0,196.0,229.0,292.0,305.0,312.0,328.0,459.0,484.0,510.0,741.0,742.0,767.0,785.0,830.0,897.0,922.0,967.0,
46.0,47.0,82.0,86.0,88.0,90.0,96.0,96.0,103.0,128.0,177.0,204.0,211.0,231.0,252.0,282.0,290.0,390.0,390.0,448.0,475.0,478.0,483.0,
20.0,25.0,81.0,85.0,126.0,158.0,235.0,284.0,303.0,348.0,370.0,431.0,456.0,491.0,844.0,934.0,955.0,
25.0,111.0,127.0,151.0,171.0,184.0,207.0,219.0,246.0,249.0,265.0,268.0,271.0,367.0,436.0,456.0,478.0,486.0,
25.0,55.0,77.0,143.0,148.0,189.0,194.0,224.0,242.0,340.0,354.0,372.0,385.0,423.0,437.0,450.0,470.0,484.0,
4.0,99.0,117.0,157.0,200.0,308.0,355.0,368.0,440.0,464.0,
36.0,57.0,78.0,84.0,94.0,115.0,131.0,183.0,186.0,200.0,219.0,251.0,285.0,290.0,309.0,319.0,343.0,350.0,353.0,357.0,405.0,409.0,416.0,450.0,485.0,695.0,699.0,841.0,877.0,928.0,942.0,994.0,
5.0,47.0,119.0,187.0,212.0,223.0,248.0,273.0,326.0,362.0,382.0,409.0,439.0,455.0,457.0,480.0,504.0,543.0,558.0,611.0,618.0,626.0,631.0,631.0,638.0,680.0,683.0,717.0,728.0,748.0,825.0,826.0,830.0,852.0,900.0,906.0,909.0,959.0,961.0,963.0,972.0,984.0,
33.0,40.0,63.0,130.0,131.0,189.0,209.0,293.0,296.0,331.0,353.0,406.0,429.0,443.0,469.0,472.0,524.0,576.0,638.0,641.0,642.0,662.0,696.0,792.0,794.0,810.0,837.0,848.0,861.0,885.0,889.0,897.0,927.0,927.0,946.0,985.0,
41.0,64.0,107.0,108.0,118.0,124.0,133.0,140.0,159.0,211.0,280.0,298.0,300.0,302.0,352.0,358.0,371.0,443.0,482.0,537.0,542.0,560.0,607.0,608.0,621.0,634.0,661.0,671.0,679.0,705.0,726.0,733.0,741.0,758.0,760.0,763.0,830.0,898.0,
12.0,71.0,89.0,127.0,144.0,192.0,193.0,219.0,255.0,267.0,314.0,371.0,423.0,457.0,463.0,506.0,541.0,560.0,576.0,577.0,599.0,678.0,685.0,723.0,763.0,809.0,824.0,876.0,886.0,911.0,924.0,946.0,946.0,992.0,996.0,999.0,
4.0,17.0,36.0,71.0,161.0,179.0,199.0,271.0,299.0,327.0,330.0,340.0,381.0,422.0,432.0,451.0,487.0,497.0,517.0,667.0,713.0,720.0,735.0,753.0,779.0,786.0,802.0,806.0,810.0,830.0,853.0,858.0,877.0,889.0,902.0,917.0,945.0,959.0,959.0,
18.0,31.0,39.0,57.0,63.0,76.0,99.0,105.0,116.0,117.0,120.0,205.0,291.0,332.0,411.0,416.0,433.0,440.0,460.0,487.0,488.0,489.0,879.0,
41.0,52.0,89.0,101.0,105.0,116.0,137.0,140.0,160.0,175.0,182.0,192.0,203.0,205.0,208.0,213.0,215.0,237.0,254.0,272.0,322.0,393.0,398.0,472.0,
11.0,33.0,48.0,87.0,103.0,121.0,131.0,181.0,221.0,226.0,291.0,333.0,340.0,407.0,470.0,766.0,822.0,933.0,
6.0,142.0,157.0,217.0,278.0,370.0,390.0,424.0,432.0,432.0,440.0,456.0,470.0,476.0,493.0,494.0,624.0,643.0,729.0,730.0,742.0,746.0,783.0,799.0,822.0,839.0,852.0,895.0,908.0,933.0,942.0,959.0,959.0,
33.0,44.0,101.0,152.0,228.0,229.0,235.0,241.0,270.0,285.0,292.0,293.0,328.0,344.0,356.0,406.0,449.0,450.0,477.0,557.0,613.0,618.0,625.0,630.0,638.0,661.0,685.0,700.0,744.0,769.0,829.0,846.0,848.0,850.0,851.0,865.0,876.0,890.0,894.0,976.0,995.0,996.0,
10.0,50.0,52.0,62.0,151.0,180.0,184.0,195.0,223.0,225.0,242.0,263.0,330.0,366.0,386.0,436.0,509.0,597.0,602.0,606.0,607.0,636.0,640.0,653.0,658.0,673.0,732.0,739.0,746.0,756.0,763.0,824.0,857.0,942.0,976.0,985.0,990.0,
24.0,28.0,40.0,72.0,74.0,75.0,95.0,147.0,162.0,227.0,246.0,281.0,281.0,299.0,319.0,340.0,349.0,392.0,396.0,398.0,429.0,434.0,454.0,478.0,498.0,504.0,520.0,530.0,531.0,561.0,599.0,605.0,612.0,617.0,622.0,625.0,634.0,658.0,659.0,659.0,734.0,747.0,761.0,764.0,795.0,810.0,864.0,914.0,954.0,956.0,990.0,
38.0,70.0,93.0,115.0,126.0,160.0,179.0,183.0,204.0,216.0,240.0,249.0,262.0,303.0,347.0,371.0,389.0,398.0,430.0,447.0,464.0,477.0,514.0,517.0,540.0,551.0,579.0,597.0,626.0,672.0,679.0,689.0,689.0,773.0,802.0,863.0,894.0,993.0,994.0,
23.0,52.0,61.0,64.0,87.0,108.0,116.0,158.0,162.0,174.0,180.0,267.0,271.0,306.0,313.0,348.0,373.0,380.0,386.0,409.0,468.0,649.0,660.0,666.0,683.0,754.0,784.0,811.0,820.0,836.0,902.0,964.0,970.0,974.0,
2.0,10.0,16.0,57.0,78.0,117.0,151.0,165.0,181.0,208.0,212.0,253.0,287.0,314.0,328.0,341.0,351.0,355.0,418.0,425.0,451.0,478.0,543.0,558.0,565.0,598.0,620.0,644.0,701.0,724.0,772.0,843.0,860.0,899.0,899.0,901.0,902.0,918.0,927.0,998.0,
20.0,54.0,103.0,134.0,157.0,159.0,161.0,183.0,218.0,222.0,270.0,290.0,315.0,320.0,321.0,328.0,352.0,359.0,360.0,373.0,475.0,479.0,507.0,537.0,559.0,611.0,634.0,731.0,781.0,782.0,797.0,819.0,842.0,848.0,851.0,865.0,886.0,903.0,933.0,935.0,
9.0,16.0,31.0,63.0,68.0,80.0,90.0,118.0,161.0,181.0,184.0,189.0,219.0,240.0,248.0,312.0,324.0,354.0,411.0,506.0,575.0,576.0,585.0,640.0,658.0,667.0,684.0,698.0,708.0,710.0,742.0,767.0,807.0,855.0,863.0,877.0,879.0,905.0,917.0,919.0,
10.0,60.0,65.0,97.0,118.0,160.0,183.0,196.0,281.0,297.0,317.0,325.0,347.0,486.0,488.0,505.0,525.0,627.0,635.0,644.0,686.0,697.0,709.0,738.0,739.0,761.0,816.0,821.0,864.0,866.0,910.0,924.0,
3.0,15.0,49.0,65.0,174.0,198.0,231.0,255.0,263.0,415.0,427.0,444.0,514.0,533.0,561.0,567.0,611.0,612.0,630.0,700.0,703.0,703.0,724.0,794.0,844.0,859.0,888.0,917.0,926.0,930.0,943.0,980.0,
4.0,32.0,41.0,101.0,110.0,124.0,191.0,217.0,238.0,259.0,267.0,267.0,273.0,310.0,313.0,326.0,349.0,353.0,355.0,375.0,485.0,532.0,537.0,614.0,664.0,665.0,728.0,745.0,761.0,800.0,816.0,834.0,870.0,905.0,918.0,918.0,941.0,992.0,993.0,
4.0,36.0,83.0,89.0,96.0,112.0,115.0,281.0,282.0,288.0,299.0,323.0,327.0,352.0,357.0,384.0,393.0,417.0,427.0,451.0,503.0,510.0,527.0,555.0,585.0,591.0,607.0,619.0,630.0,642.0,651.0,740.0,771.0,793.0,821.0,828.0,842.0,894.0,911.0,970.0,978.0,981.0,
