5.0,10.0,47.0,83.0,154.0,163.0,177.0,186.0,189.0,214.0,241.0,242.0,253.0,356.0,398.0,408.0,433.0,473.0,492.0,588.0,616.0,619.0,627.0,648.0,668.0,736.0,737.0,751.0,792.0,805.0,836.0,849.0,874.0,890.0,919.0,949.0,974.0,
21.0,40.0,73.0,89.0,134.0,137.0,194.0,212.0,267.0,319.0,382.0,384.0,393.0,413.0,450.0,471.0,518.0,537.0,568.0,626.0,656.0,719.0,782.0,834.0,843.0,870.0,900.0,937.0,951.0,978.0,986.0,
27.0,39.0,39.0,94.0,243.0,306.0,358.0,369.0,389.0,436.0,474.0,494.0,524.0,525.0,538.0,596.0,613.0,625.0,625.0,633.0,661.0,719.0,745.0,798.0,883.0,889.0,921.0,964.0,974.0,977.0,
66.0,75.0,90.0,104.0,109.0,146.0,170.0,176.0,181.0,183.0,218.0,227.0,243.0,292.0,296.0,296.0,300.0,301.0,304.0,310.0,313.0,315.0,369.0,393.0,400.0,410.0,422.0,422.0,450.0,462.0,462.0,463.0,534.0,551.0,562.0,615.0,623.0,626.0,637.0,638.0,657.0,660.0,681.0,702.0,755.0,757.0,760.0,788.0,794.0,847.0,848.0,890.0,
78.0,90.0,92.0,112.0,136.0,147.0,171.0,220.0,261.0,263.0,275.0,281.0,337.0,396.0,434.0,445.0,462.0,471.0,481.0,507.0,541.0,557.0,558.0,569.0,573.0,613.0,623.0,635.0,680.0,811.0,819.0,844.0,863.0,912.0,933.0,934.0,943.0,984.0,988.0,
22.0,33.0,48.0,157.0,258.0,274.0,285.0,292.0,336.0,378.0,389.0,426.0,445.0,449.0,522.0,546.0,569.0,572.0,623.0,637.0,651.0,705.0,737.0,759.0,766.0,781.0,864.0,865.0,866.0,887.0,990.0,996.0,
78.0,94.0,152.0,176.0,245.0,258.0,304.0,311.0,315.0,316.0,402.0,439.0,440.0,473.0,536.0,610.0,643.0,692.0,700.0,745.0,782.0,823.0,886.0,934.0,962.0,968.0,997.0,1000.0,
2.0,39.0,42.0,63.0,93.0,200.0,261.0,262.0,336.0,337.0,345.0,362.0,362.0,378.0,380.0,395.0,433.0,450.0,451.0,487.0,514.0,547.0,552.0,556.0,570.0,571.0,585.0,593.0,606.0,674.0,743.0,820.0,840.0,855.0,913.0,940.0,941.0,952.0,958.0,991.0,
24.0,31.0,36.0,49.0,53.0,65.0,84.0,141.0,170.0,191.0,231.0,232.0,235.0,244.0,304.0,345.0,362.0,363.0,367.0,369.0,403.0,465.0,480.0,490.0,502.0,510.0,510.0,515.0,526.0,645.0,669.0,673.0,687.0,693.0,699.0,714.0,776.0,791.0,794.0,800.0,822.0,838.0,840.0,879.0,893.0,939.0,987.0,
25.0,26.0,75.0,81.0,128.0,158.0,236.0,248.0,254.0,297.0,324.0,325.0,373.0,398.0,489.0,529.0,575.0,588.0,605.0,622.0,624.0,629.0,653.0,751.0,759.0,764.0,794.0,798.0,803.0,835.0,855.0,921.0,927.0,927.0,939.0,977.0,979.0,979.0,
2.0,9.0,152.0,153.0,179.0,190.0,191.0,218.0,224.0,231.0,242.0,257.0,265.0,275.0,435.0,542.0,577.0,596.0,616.0,633.0,650.0,668.0,673.0,675.0,740.0,773.0,846.0,852.0,877.0,945.0,959.0,968.0,984.0,
23.0,40.0,53.0,69.0,70.0,78.0,85.0,120.0,128.0,135.0,157.0,182.0,218.0,232.0,246.0,248.0,312.0,329.0,355.0,371.0,389.0,433.0,434.0,448.0,519.0,529.0,539.0,541.0,553.0,585.0,587.0,589.0,603.0,625.0,642.0,676.0,689.0,709.0,718.0,725.0,737.0,752.0,775.0,842.0,852.0,866.0,888.0,901.0,1000.0,
6.0,15.0,27.0,41.0,72.0,106.0,148.0,170.0,183.0,213.0,229.0,240.0,279.0,283.0,289.0,297.0,310.0,357.0,381.0,386.0,400.0,412.0,486.0,501.0,536.0,572.0,585.0,600.0,652.0,684.0,716.0,764.0,832.0,834.0,870.0,918.0,978.0,981.0,
19.0,77.0,100.0,153.0,154.0,157.0,165.0,172.0,289.0,291.0,302.0,329.0,329.0,335.0,346.0,354.0,360.0,414.0,459.0,491.0,532.0,564.0,619.0,636.0,654.0,658.0,731.0,772.0,784.0,837.0,914.0,954.0,970.0,995.0,
22.0,29.0,35.0,79.0,130.0,145.0,168.0,238.0,290.0,298.0,318.0,325.0,350.0,378.0,416.0,432.0,448.0,458.0,465.0,481.0,502.0,527.0,532.0,541.0,605.0,666.0,685.0,688.0,697.0,821.0,852.0,897.0,
7.0,36.0,51.0,73.0,95.0,104.0,223.0,234.0,250.0,327.0,341.0,351.0,357.0,366.0,381.0,386.0,403.0,574.0,580.0,582.0,600.0,610.0,613.0,615.0,626.0,629.0,634.0,679.0,706.0,712.0,719.0,774.0,777.0,792.0,795.0,818.0,865.0,897.0,904.0,905.0,910.0,917.0,934.0,971.0,
25.0,26.0,61.0,97.0,106.0,107.0,191.0,217.0,351.0,354.0,360.0,385.0,407.0,425.0,444.0,467.0,496.0,605.0,644.0,655.0,661.0,662.0,690.0,702.0,807.0,830.0,832.0,837.0,839.0,862.0,868.0,874.0,920.0,923.0,982.0,987.0,
11.0,17.0,35.0,77.0,81.0,92.0,95.0,130.0,136.0,149.0,185.0,221.0,227.0,259.0,275.0,279.0,287.0,298.0,359.0,368.0,384.0,393.0,417.0,427.0,438.0,486.0,509.0,586.0,616.0,617.0,623.0,627.0,673.0,689.0,704.0,719.0,802.0,830.0,857.0,873.0,902.0,928.0,986.0,
17.0,32.0,76.0,85.0,103.0,129.0,145.0,149.0,180.0,193.0,288.0,371.0,400.0,408.0,420.0,456.0,469.0,470.0,495.0,659.0,720.0,738.0,750.0,770.0,815.0,828.0,878.0,909.0,925.0,939.0,953.0,988.0,
15.0,17.0,64.0,139.0,143.0,146.0,172.0,191.0,215.0,261.0,268.0,278.0,306.0,321.0,324.0,344.0,345.0,391.0,425.0,436.0,450.0,514.0,542.0,585.0,593.0,620.0,640.0,648.0,661.0,682.0,718.0,764.0,778.0,784.0,787.0,849.0,883.0,885.0,886.0,943.0,
28.0,35.0,62.0,71.0,76.0,105.0,154.0,165.0,226.0,252.0,299.0,347.0,370.0,379.0,412.0,421.0,424.0,457.0,483.0,500.0,503.0,512.0,524.0,562.0,586.0,586.0,606.0,640.0,661.0,665.0,667.0,678.0,680.0,720.0,752.0,757.0,788.0,792.0,817.0,836.0,911.0,920.0,933.0,971.0,994.0,
73.0,86.0,143.0,256.0,270.0,295.0,297.0,318.0,434.0,441.0,461.0,481.0,524.0,558.0,573.0,597.0,614.0,622.0,630.0,667.0,667.0,674.0,676.0,696.0,699.0,750.0,809.0,838.0,866.0,891.0,986.0,997.0,998.0,
7.0,95.0,134.0,192.0,199.0,308.0,321.0,426.0,483.0,555.0,605.0,710.0,737.0,742.0,745.0,775.0,789.0,835.0,845.0,912.0,916.0,922.0,941.0,952.0,958.0,964.0,986.0,
2.0,75.0,92.0,130.0,155.0,195.0,195.0,223.0,230.0,272.0,277.0,299.0,303.0,308.0,363.0,398.0,405.0,412.0,489.0,505.0,518.0,549.0,568.0,582.0,645.0,652.0,742.0,776.0,804.0,819.0,823.0,918.0,933.0,935.0,953.0,969.0,969.0,
38.0,56.0,59.0,137.0,141.0,155.0,174.0,186.0,229.0,251.0,259.0,259.0,314.0,326.0,347.0,368.0,380.0,388.0,393.0,439.0,453.0,455.0,472.0,481.0,491.0,507.0,512.0,580.0,584.0,589.0,615.0,640.0,666.0,671.0,695.0,697.0,699.0,727.0,730.0,756.0,786.0,811.0,871.0,880.0,902.0,907.0,909.0,917.0,924.0,989.0,
10.0,13.0,72.0,97.0,104.0,144.0,146.0,167.0,179.0,192.0,266.0,381.0,440.0,448.0,460.0,489.0,502.0,575.0,580.0,599.0,619.0,641.0,668.0,671.0,679.0,689.0,702.0,704.0,741.0,836.0,884.0,889.0,941.0,941.0,953.0,964.0,
2.0,22.0,23.0,68.0,125.0,142.0,168.0,172.0,183.0,198.0,244.0,311.0,329.0,425.0,528.0,548.0,560.0,563.0,585.0,620.0,650.0,682.0,684.0,712.0,720.0,727.0,746.0,774.0,781.0,782.0,846.0,875.0,928.0,944.0,956.0,965.0,
18.0,28.0,91.0,97.0,109.0,139.0,175.0,198.0,223.0,238.0,279.0,304.0,304.0,336.0,336.0,383.0,408.0,432.0,462.0,469.0,527.0,532.0,561.0,607.0,627.0,637.0,646.0,651.0,759.0,804.0,826.0,883.0,918.0,932.0,971.0,990.0,
7.0,46.0,50.0,58.0,77.0,81.0,93.0,102.0,120.0,124.0,137.0,159.0,195.0,223.0,255.0,269.0,306.0,317.0,348.0,388.0,419.0,440.0,440.0,442.0,444.0,461.0,498.0,674.0,710.0,775.0,780.0,794.0,817.0,838.0,840.0,866.0,905.0,943.0,
26.0,28.0,53.0,75.0,97.0,109.0,179.0,205.0,255.0,266.0,268.0,283.0,297.0,353.0,370.0,431.0,472.0,494.0,539.0,556.0,601.0,611.0,661.0,734.0,739.0,741.0,762.0,842.0,851.0,885.0,905.0,966.0,978.0,980.0,
30.0,45.0,85.0,111.0,146.0,190.0,279.0,314.0,339.0,420.0,441.0,446.0,472.0,533.0,605.0,629.0,672.0,716.0,729.0,745.0,786.0,789.0,815.0,865.0,891.0,893.0,919.0,961.0,
30.0,41.0,60.0,83.0,145.0,155.0,182.0,195.0,202.0,238.0,263.0,283.0,310.0,336.0,338.0,419.0,462.0,497.0,591.0,593.0,637.0,639.0,647.0,683.0,686.0,707.0,744.0,746.0,805.0,846.0,893.0,899.0,919.0,960.0,967.0,972.0,979.0,
32.0,57.0,83.0,104.0,124.0,186.0,208.0,211.0,245.0,333.0,357.0,381.0,389.0,414.0,481.0,496.0,543.0,582.0,592.0,600.0,619.0,652.0,656.0,658.0,681.0,690.0,730.0,765.0,780.0,789.0,811.0,837.0,923.0,936.0,956.0,975.0,
106.0,112.0,120.0,132.0,153.0,155.0,198.0,265.0,291.0,324.0,346.0,347.0,358.0,373.0,472.0,577.0,584.0,655.0,659.0,712.0,737.0,764.0,824.0,833.0,860.0,872.0,890.0,1000.0,
41.0,45.0,61.0,72.0,77.0,157.0,211.0,247.0,247.0,278.0,308.0,361.0,367.0,376.0,419.0,446.0,469.0,854.0,
32.0,33.0,48.0,52.0,96.0,97.0,98.0,100.0,113.0,136.0,185.0,211.0,219.0,300.0,310.0,322.0,355.0,365.0,368.0,385.0,409.0,434.0,435.0,482.0,505.0,
17.0,27.0,39.0,54.0,64.0,83.0,92.0,106.0,111.0,123.0,183.0,209.0,234.0,276.0,283.0,286.0,314.0,337.0,345.0,365.0,370.0,424.0,428.0,453.0,869.0,873.0,944.0,
77.0,131.0,184.0,223.0,228.0,247.0,247.0,259.0,338.0,356.0,383.0,396.0,416.0,428.0,428.0,468.0,472.0,497.0,601.0,637.0,639.0,654.0,656.0,670.0,686.0,702.0,781.0,783.0,799.0,813.0,873.0,899.0,905.0,956.0,996.0,999.0,
51.0,74.0,245.0,279.0,311.0,323.0,330.0,338.0,350.0,394.0,447.0,456.0,465.0,502.0,540.0,598.0,715.0,716.0,725.0,730.0,736.0,738.0,743.0,767.0,793.0,854.0,869.0,905.0,931.0,932.0,957.0,961.0,968.0,989.0,997.0,
28.0,83.0,88.0,125.0,156.0,166.0,194.0,196.0,209.0,226.0,229.0,261.0,308.0,314.0,443.0,495.0,509.0,523.0,586.0,600.0,631.0,639.0,640.0,644.0,648.0,667.0,706.0,882.0,888.0,948.0,968.0,982.0,985.0,997.0,
79.0,88.0,103.0,104.0,138.0,157.0,168.0,193.0,201.0,212.0,215.0,240.0,245.0,293.0,338.0,546.0,567.0,590.0,602.0,604.0,685.0,698.0,729.0,744.0,828.0,869.0,891.0,
5.0,40.0,52.0,66.0,115.0,133.0,146.0,166.0,209.0,222.0,270.0,333.0,374.0,378.0,384.0,416.0,424.0,435.0,457.0,457.0,467.0,470.0,529.0,538.0,554.0,556.0,561.0,589.0,604.0,607.0,633.0,635.0,648.0,655.0,671.0,677.0,680.0,727.0,758.0,763.0,776.0,796.0,810.0,813.0,908.0,930.0,944.0,963.0,966.0,968.0,973.0,996.0,
18.0,32.0,35.0,41.0,108.0,126.0,137.0,156.0,170.0,320.0,327.0,344.0,377.0,399.0,427.0,449.0,466.0,470.0,554.0,565.0,585.0,593.0,637.0,650.0,707.0,727.0,733.0,737.0,740.0,768.0,791.0,815.0,826.0,865.0,865.0,883.0,901.0,921.0,922.0,957.0,967.0,970.0,972.0,985.0,
15.0,24.0,30.0,109.0,136.0,152.0,152.0,154.0,161.0,187.0,191.0,262.0,263.0,299.0,357.0,386.0,395.0,404.0,415.0,503.0,784.0,
8.0,53.0,55.0,96.0,136.0,162.0,265.0,291.0,300.0,309.0,322.0,324.0,400.0,409.0,428.0,
2.0,2.0,52.0,68.0,164.0,174.0,174.0,189.0,227.0,278.0,284.0,292.0,306.0,333.0,358.0,367.0,398.0,469.0,480.0,487.0,995.0,
33.0,98.0,101.0,105.0,114.0,117.0,133.0,213.0,253.0,254.0,259.0,271.0,300.0,381.0,444.0,478.0,
26.0,56.0,82.0,82.0,120.0,155.0,181.0,215.0,223.0,232.0,258.0,278.0,306.0,307.0,340.0,350.0,358.0,414.0,428.0,784.0,862.0,985.0,
12.0,51.0,98.0,116.0,117.0,122.0,166.0,174.0,182.0,193.0,208.0,223.0,250.0,260.0,284.0,297.0,311.0,350.0,356.0,388.0,407.0,419.0,421.0,427.0,458.0,475.0,480.0,485.0,495.0,536.0,558.0,565.0,574.0,585.0,588.0,633.0,643.0,650.0,653.0,664.0,712.0,717.0,722.0,739.0,785.0,785.0,869.0,893.0,896.0,993.0,
61.0,94.0,101.0,130.0,323.0,349.0,368.0,445.0,547.0,553.0,561.0,563.0,628.0,654.0,659.0,669.0,677.0,686.0,733.0,750.0,781.0,810.0,833.0,897.0,914.0,922.0,924.0,964.0,
10.0,14.0,33.0,58.0,60.0,73.0,84.0,103.0,104.0,109.0,126.0,239.0,284.0,288.0,384.0,387.0,406.0,472.0,499.0,519.0,614.0,664.0,684.0,728.0,742.0,755.0,802.0,818.0,847.0,865.0,870.0,966.0,995.0,
2.0,8.0,9.0,31.0,72.0,127.0,157.0,268.0,273.0,297.0,304.0,319.0,332.0,407.0,455.0,498.0,546.0,618.0,624.0,628.0,634.0,660.0,661.0,691.0,696.0,707.0,744.0,769.0,773.0,792.0,823.0,831.0,869.0,888.0,891.0,893.0,927.0,948.0,
11.0,43.0,51.0,82.0,177.0,198.0,231.0,237.0,266.0,276.0,300.0,417.0,429.0,477.0,579.0,581.0,587.0,608.0,613.0,628.0,639.0,708.0,744.0,753.0,759.0,773.0,800.0,800.0,808.0,809.0,822.0,860.0,863.0,865.0,915.0,921.0,923.0,927.0,954.0,966.0,967.0,997.0,
10.0,43.0,83.0,125.0,169.0,219.0,245.0,259.0,269.0,312.0,323.0,326.0,404.0,420.0,441.0,461.0,468.0,477.0,495.0,497.0,
10.0,105.0,148.0,183.0,184.0,199.0,216.0,224.0,237.0,274.0,280.0,288.0,304.0,313.0,360.0,363.0,389.0,419.0,430.0,448.0,456.0,502.0,503.0,863.0,929.0,929.0,
12.0,15.0,18.0,69.0,85.0,106.0,121.0,154.0,254.0,270.0,281.0,284.0,319.0,362.0,410.0,490.0,759.0,825.0,982.0,
20.0,57.0,61.0,71.0,84.0,128.0,182.0,192.0,217.0,228.0,269.0,328.0,344.0,374.0,388.0,412.0,
45.0,82.0,120.0,195.0,195.0,211.0,211.0,237.0,274.0,295.0,350.0,376.0,400.0,424.0,452.0,464.0,467.0,478.0,481.0,
6.0,79.0,80.0,94.0,96.0,117.0,152.0,156.0,157.0,159.0,162.0,163.0,170.0,269.0,314.0,341.0,357.0,394.0,405.0,408.0,437.0,439.0,441.0,460.0,474.0,514.0,546.0,551.0,608.0,696.0,722.0,748.0,756.0,758.0,766.0,794.0,818.0,880.0,894.0,900.0,926.0,944.0,949.0,950.0,
41.0,57.0,76.0,102.0,172.0,226.0,227.0,266.0,270.0,277.0,342.0,378.0,403.0,419.0,444.0,505.0,514.0,609.0,609.0,646.0,651.0,657.0,669.0,724.0,737.0,746.0,782.0,817.0,849.0,878.0,879.0,892.0,915.0,925.0,964.0,965.0,977.0,993.0,
48.0,102.0,103.0,160.0,164.0,204.0,212.0,235.0,254.0,262.0,267.0,285.0,310.0,331.0,353.0,402.0,442.0,458.0,541.0,553.0,563.0,586.0,617.0,655.0,657.0,658.0,663.0,712.0,779.0,805.0,836.0,912.0,915.0,917.0,955.0,969.0,985.0,
37.0,67.0,77.0,90.0,118.0,137.0,151.0,167.0,179.0,182.0,183.0,208.0,224.0,278.0,321.0,463.0,467.0,477.0,502.0,534.0,593.0,622.0,630.0,676.0,710.0,721.0,722.0,812.0,873.0,919.0,932.0,956.0,958.0,963.0,966.0,998.0,
8.0,34.0,52.0,57.0,64.0,81.0,92.0,101.0,137.0,195.0,289.0,293.0,320.0,326.0,345.0,405.0,438.0,463.0,583.0,611.0,636.0,666.0,672.0,686.0,687.0,730.0,754.0,756.0,770.0,780.0,781.0,784.0,824.0,825.0,826.0,870.0,879.0,883.0,912.0,929.0,945.0,945.0,948.0,982.0,
8.0,32.0,60.0,76.0,79.0,82.0,109.0,141.0,165.0,208.0,213.0,270.0,303.0,311.0,325.0,355.0,360.0,388.0,433.0,448.0,476.0,496.0,793.0,948.0,
63.0,69.0,99.0,150.0,153.0,188.0,239.0,285.0,291.0,296.0,313.0,324.0,354.0,401.0,418.0,439.0,469.0,475.0,
4.0,16.0,40.0,44.0,120.0,143.0,144.0,156.0,173.0,203.0,207.0,210.0,244.0,331.0,345.0,389.0,400.0,449.0,470.0,486.0,845.0,
9.0,10.0,66.0,96.0,148.0,168.0,207.0,321.0,342.0,365.0,373.0,382.0,431.0,433.0,451.0,457.0,478.0,
39.0,39.0,95.0,115.0,162.0,206.0,252.0,279.0,306.0,318.0,320.0,398.0,430.0,454.0,492.0,499.0,510.0,
11.0,25.0,61.0,118.0,168.0,204.0,241.0,261.0,382.0,397.0,398.0,405.0,409.0,520.0,524.0,556.0,581.0,586.0,589.0,607.0,619.0,634.0,662.0,681.0,695.0,701.0,709.0,732.0,775.0,794.0,823.0,827.0,834.0,835.0,872.0,875.0,934.0,950.0,
8.0,37.0,41.0,47.0,77.0,94.0,190.0,291.0,361.0,436.0,442.0,471.0,523.0,524.0,531.0,570.0,634.0,647.0,676.0,719.0,734.0,775.0,785.0,817.0,818.0,855.0,879.0,947.0,950.0,953.0,
131.0,138.0,161.0,222.0,247.0,250.0,284.0,288.0,326.0,361.0,377.0,379.0,380.0,395.0,472.0,473.0,478.0,482.0,504.0,547.0,555.0,616.0,636.0,638.0,650.0,735.0,768.0,801.0,818.0,827.0,884.0,892.0,895.0,956.0,978.0,992.0,992.0,
18.0,29.0,99.0,160.0,252.0,293.0,314.0,330.0,343.0,375.0,458.0,548.0,582.0,585.0,585.0,602.0,620.0,632.0,654.0,678.0,695.0,728.0,751.0,768.0,799.0,818.0,820.0,844.0,883.0,897.0,939.0,961.0,981.0,997.0,
25.0,29.0,96.0,123.0,126.0,140.0,154.0,164.0,198.0,201.0,217.0,225.0,229.0,230.0,245.0,248.0,266.0,305.0,306.0,394.0,435.0,459.0,482.0,573.0,581.0,610.0,693.0,721.0,730.0,733.0,746.0,783.0,805.0,815.0,815.0,815.0,845.0,882.0,937.0,959.0,993.0,
10.0,32.0,32.0,80.0,139.0,177.0,189.0,192.0,230.0,244.0,259.0,308.0,332.0,421.0,432.0,475.0,631.0,659.0,717.0,719.0,736.0,760.0,791.0,802.0,811.0,834.0,845.0,860.0,888.0,891.0,912.0,916.0,995.0,
10.0,50.0,65.0,84.0,96.0,107.0,111.0,142.0,166.0,206.0,225.0,256.0,263.0,269.0,280.0,330.0,344.0,367.0,392.0,401.0,413.0,424.0,471.0,493.0,857.0,919.0,984.0,
64.0,164.0,170.0,174.0,180.0,204.0,242.0,306.0,312.0,326.0,375.0,403.0,405.0,418.0,453.0,504.0,509.0,
6.0,26.0,30.0,145.0,159.0,169.0,173.0,198.0,216.0,234.0,236.0,320.0,343.0,346.0,363.0,386.0,401.0,411.0,444.0,454.0,471.0,
19.0,25.0,44.0,45.0,50.0,69.0,96.0,97.0,136.0,138.0,164.0,186.0,200.0,211.0,215.0,225.0,227.0,271.0,326.0,334.0,344.0,368.0,373.0,389.0,410.0,410.0,420.0,428.0,428.0,442.0,480.0,480.0,594.0,619.0,739.0,758.0,761.0,772.0,773.0,777.0,781.0,813.0,829.0,843.0,865.0,897.0,909.0,912.0,941.0,991.0,
3.0,9.0,55.0,70.0,99.0,122.0,143.0,226.0,277.0,366.0,403.0,439.0,446.0,455.0,459.0,474.0,477.0,485.0,519.0,582.0,654.0,728.0,738.0,743.0,745.0,751.0,781.0,815.0,950.0,959.0,973.0,
32.0,36.0,57.0,85.0,149.0,168.0,193.0,196.0,201.0,242.0,244.0,258.0,269.0,304.0,387.0,391.0,417.0,432.0,440.0,460.0,498.0,568.0,572.0,600.0,610.0,711.0,718.0,789.0,852.0,857.0,895.0,921.0,933.0,999.0,
4.0,58.0,60.0,74.0,145.0,172.0,188.0,257.0,373.0,384.0,408.0,415.0,458.0,483.0,505.0,546.0,560.0,567.0,567.0,571.0,579.0,616.0,664.0,683.0,721.0,743.0,764.0,769.0,795.0,824.0,834.0,850.0,852.0,870.0,875.0,884.0,913.0,997.0,
120.0,133.0,151.0,163.0,165.0,179.0,291.0,305.0,323.0,397.0,434.0,457.0,490.0,497.0,505.0,521.0,619.0,643.0,665.0,667.0,667.0,693.0,705.0,736.0,781.0,792.0,801.0,804.0,807.0,864.0,868.0,870.0,918.0,978.0,988.0,
6.0,43.0,44.0,50.0,162.0,185.0,241.0,246.0,264.0,287.0,314.0,320.0,333.0,342.0,345.0,373.0,398.0,402.0,438.0,477.0,503.0,526.0,576.0,592.0,678.0,708.0,709.0,731.0,736.0,749.0,770.0,771.0,782.0,803.0,805.0,809.0,850.0,850.0,859.0,876.0,881.0,884.0,895.0,918.0,949.0,970.0,
19.0,32.0,170.0,183.0,186.0,239.0,253.0,323.0,378.0,380.0,392.0,392.0,417.0,424.0,442.0,451.0,466.0,481.0,570.0,601.0,630.0,636.0,682.0,792.0,793.0,793.0,832.0,867.0,881.0,885.0,891.0,892.0,902.0,913.0,921.0,936.0,967.0,982.0,986.0,996.0,
8.0,23.0,46.0,66.0,131.0,176.0,185.0,204.0,211.0,234.0,259.0,274.0,275.0,305.0,316.0,384.0,391.0,398.0,405.0,414.0,450.0,459.0,485.0,504.0,519.0,528.0,537.0,603.0,619.0,623.0,720.0,729.0,759.0,842.0,846.0,879.0,919.0,926.0,946.0,961.0,975.0,986.0,
11.0,25.0,59.0,71.0,76.0,96.0,99.0,105.0,109.0,148.0,221.0,232.0,248.0,318.0,322.0,387.0,505.0,586.0,608.0,613.0,616.0,627.0,664.0,681.0,697.0,703.0,716.0,718.0,719.0,738.0,760.0,767.0,826.0,852.0,874.0,901.0,913.0,915.0,933.0,942.0,966.0,971.0,973.0,976.0,997.0,998.0,1000.0,
36.0,83.0,119.0,127.0,129.0,150.0,178.0,208.0,246.0,274.0,378.0,419.0,429.0,445.0,463.0,531.0,535.0,536.0,594.0,606.0,609.0,622.0,636.0,657.0,675.0,682.0,694.0,722.0,725.0,741.0,741.0,751.0,759.0,777.0,781.0,792.0,801.0,823.0,828.0,834.0,837.0,842.0,889.0,890.0,901.0,918.0,963.0,984.0,987.0,
15.0,16.0,31.0,52.0,154.0,188.0,248.0,268.0,277.0,324.0,327.0,349.0,478.0,524.0,540.0,556.0,590.0,620.0,626.0,627.0,673.0,690.0,740.0,796.0,804.0,811.0,874.0,909.0,924.0,936.0,964.0,989.0,
27.0,29.0,40.0,97.0,106.0,119.0,133.0,262.0,269.0,280.0,290.0,338.0,404.0,416.0,443.0,449.0,538.0,547.0,570.0,584.0,589.0,599.0,611.0,630.0,642.0,666.0,673.0,684.0,694.0,706.0,749.0,818.0,877.0,878.0,893.0,913.0,922.0,931.0,937.0,968.0,994.0,
20.0,47.0,54.0,112.0,115.0,127.0,188.0,353.0,363.0,429.0,478.0,532.0,608.0,639.0,640.0,651.0,651.0,666.0,683.0,702.0,726.0,769.0,784.0,795.0,822.0,895.0,
14.0,63.0,72.0,106.0,114.0,116.0,121.0,168.0,178.0,195.0,203.0,212.0,264.0,293.0,302.0,326.0,345.0,348.0,368.0,394.0,431.0,441.0,457.0,462.0,479.0,512.0,576.0,616.0,655.0,659.0,677.0,689.0,705.0,709.0,725.0,766.0,817.0,904.0,914.0,919.0,935.0,993.0,
21.0,40.0,57.0,69.0,83.0,91.0,103.0,106.0,136.0,196.0,210.0,255.0,268.0,284.0,287.0,293.0,296.0,335.0,380.0,400.0,409.0,455.0,474.0,538.0,542.0,546.0,558.0,561.0,574.0,586.0,588.0,603.0,717.0,725.0,740.0,742.0,844.0,854.0,855.0,927.0,974.0,
26.0,101.0,159.0,218.0,342.0,382.0,452.0,478.0,478.0,529.0,538.0,575.0,589.0,610.0,729.0,729.0,793.0,798.0,848.0,856.0,866.0,872.0,877.0,917.0,947.0,949.0,966.0,978.0,
51.0,61.0,72.0,93.0,108.0,114.0,145.0,206.0,206.0,236.0,245.0,262.0,285.0,316.0,335.0,400.0,435.0,548.0,548.0,553.0,572.0,607.0,618.0,621.0,641.0,654.0,691.0,700.0,708.0,720.0,728.0,751.0,766.0,810.0,816.0,827.0,829.0,857.0,861.0,867.0,885.0,897.0,910.0,918.0,970.0,989.0,
24.0,50.0,64.0,65.0,192.0,237.0,237.0,250.0,255.0,281.0,302.0,308.0,467.0,468.0,501.0,536.0,538.0,548.0,568.0,580.0,585.0,592.0,611.0,613.0,622.0,644.0,667.0,682.0,688.0,692.0,698.0,745.0,783.0,811.0,861.0,866.0,875.0,883.0,990.0,
27.0,32.0,36.0,106.0,123.0,154.0,157.0,213.0,272.0,350.0,385.0,472.0,477.0,502.0,539.0,568.0,585.0,588.0,594.0,626.0,660.0,660.0,765.0,796.0,809.0,839.0,851.0,889.0,893.0,902.0,951.0,
7.0,12.0,17.0,45.0,145.0,164.0,182.0,217.0,263.0,285.0,355.0,356.0,365.0,378.0,444.0,473.0,477.0,502.0,540.0,550.0,575.0,599.0,612.0,630.0,649.0,695.0,712.0,750.0,767.0,831.0,832.0,881.0,890.0,895.0,929.0,990.0,993.0,
20.0,46.0,55.0,62.0,89.0,147.0,155.0,164.0,203.0,208.0,222.0,243.0,246.0,262.0,276.0,294.0,305.0,307.0,309.0,333.0,373.0,392.0,419.0,421.0,482.0,536.0,537.0,571.0,582.0,589.0,610.0,633.0,661.0,718.0,733.0,759.0,769.0,799.0,801.0,801.0,843.0,860.0,867.0,875.0,876.0,959.0,965.0,968.0,997.0,
4.0,10.0,120.0,121.0,142.0,192.0,201.0,264.0,268.0,328.0,331.0,426.0,450.0,468.0,481.0,488.0,490.0,505.0,518.0,559.0,611.0,612.0,622.0,676.0,709.0,718.0,735.0,744.0,783.0,796.0,895.0,934.0,940.0,
20.0,26.0,60.0,117.0,170.0,215.0,234.0,247.0,274.0,305.0,305.0,311.0,340.0,348.0,357.0,388.0,404.0,447.0,453.0,486.0,497.0,554.0,599.0,600.0,602.0,625.0,704.0,812.0,846.0,870.0,882.0,887.0,905.0,963.0,991.0,992.0,998.0,
