12.0,30.0,35.0,114.0,151.0,169.0,200.0,223.0,227.0,274.0,284.0,285.0,305.0,321.0,332.0,354.0,375.0,375.0,380.0,382.0,408.0,446.0,477.0,512.0,530.0,583.0,629.0,641.0,643.0,646.0,680.0,689.0,738.0,753.0,786.0,846.0,886.0,892.0,914.0,935.0,948.0,990.0,
6.0,49.0,85.0,96.0,167.0,175.0,204.0,215.0,254.0,289.0,315.0,374.0,433.0,481.0,493.0,516.0,531.0,589.0,604.0,630.0,633.0,647.0,652.0,714.0,803.0,869.0,871.0,871.0,874.0,883.0,886.0,913.0,916.0,999.0,
7.0,56.0,110.0,135.0,208.0,242.0,268.0,273.0,334.0,393.0,400.0,465.0,571.0,576.0,600.0,604.0,641.0,728.0,769.0,831.0,870.0,944.0,
4.0,113.0,131.0,153.0,185.0,218.0,232.0,298.0,360.0,405.0,425.0,522.0,594.0,664.0,664.0,699.0,708.0,709.0,719.0,743.0,744.0,747.0,754.0,773.0,780.0,791.0,797.0,816.0,892.0,896.0,961.0,967.0,981.0,
36.0,38.0,41.0,56.0,111.0,140.0,177.0,178.0,193.0,226.0,259.0,270.0,369.0,376.0,433.0,435.0,454.0,477.0,523.0,539.0,583.0,583.0,590.0,638.0,655.0,697.0,721.0,793.0,804.0,805.0,816.0,867.0,875.0,904.0,934.0,946.0,961.0,
52.0,58.0,61.0,109.0,114.0,180.0,256.0,257.0,278.0,283.0,339.0,347.0,386.0,448.0,479.0,512.0,533.0,540.0,610.0,655.0,682.0,700.0,709.0,730.0,731.0,761.0,780.0,799.0,800.0,829.0,840.0,865.0,936.0,947.0,967.0,
29.0,36.0,41.0,59.0,67.0,74.0,83.0,148.0,173.0,213.0,216.0,222.0,246.0,258.0,258.0,317.0,354.0,383.0,397.0,408.0,423.0,443.0,515.0,516.0,555.0,611.0,696.0,738.0,778.0,835.0,882.0,899.0,900.0,907.0,968.0,
2.0,19.0,47.0,60.0,73.0,113.0,115.0,117.0,180.0,244.0,272.0,279.0,358.0,382.0,401.0,404.0,484.0,529.0,540.0,556.0,558.0,592.0,593.0,624.0,667.0,728.0,758.0,762.0,773.0,784.0,831.0,860.0,883.0,894.0,911.0,960.0,962.0,977.0,990.0,1000.0,
70.0,81.0,106.0,110.0,127.0,160.0,163.0,175.0,187.0,193.0,195.0,219.0,262.0,295.0,301.0,414.0,456.0,468.0,549.0,572.0,666.0,780.0,804.0,885.0,889.0,930.0,938.0,944.0,950.0,962.0,966.0,991.0,
9.0,14.0,73.0,88.0,103.0,131.0,150.0,163.0,197.0,278.0,282.0,317.0,329.0,341.0,355.0,372.0,403.0,436.0,516.0,570.0,578.0,610.0,641.0,661.0,687.0,693.0,701.0,706.0,735.0,777.0,821.0,824.0,883.0,936.0,992.0,
15.0,21.0,24.0,45.0,58.0,89.0,93.0,101.0,134.0,148.0,174.0,187.0,191.0,198.0,266.0,273.0,275.0,353.0,369.0,377.0,377.0,387.0,390.0,440.0,446.0,463.0,498.0,517.0,520.0,526.0,544.0,584.0,603.0,630.0,650.0,658.0,756.0,785.0,789.0,833.0,844.0,860.0,874.0,891.0,895.0,907.0,907.0,
39.0,60.0,118.0,121.0,205.0,206.0,227.0,249.0,276.0,327.0,338.0,455.0,535.0,557.0,557.0,558.0,569.0,576.0,627.0,649.0,652.0,660.0,768.0,770.0,781.0,823.0,898.0,906.0,918.0,939.0,943.0,948.0,972.0,
62.0,134.0,134.0,169.0,171.0,184.0,204.0,221.0,221.0,225.0,227.0,258.0,274.0,356.0,360.0,366.0,367.0,369.0,390.0,438.0,482.0,496.0,504.0,539.0,573.0,599.0,615.0,650.0,691.0,694.0,738.0,751.0,767.0,844.0,865.0,876.0,889.0,925.0,953.0,998.0,
10.0,56.0,58.0,58.0,66.0,73.0,80.0,117.0,131.0,160.0,206.0,218.0,233.0,288.0,289.0,304.0,316.0,320.0,340.0,371.0,382.0,399.0,443.0,471.0,478.0,481.0,488.0,516.0,536.0,537.0,542.0,551.0,565.0,585.0,599.0,602.0,633.0,676.0,727.0,842.0,853.0,920.0,952.0,960.0,965.0,982.0,
3.0,34.0,40.0,85.0,92.0,126.0,151.0,224.0,252.0,327.0,363.0,372.0,392.0,410.0,433.0,466.0,475.0,480.0,518.0,540.0,545.0,556.0,572.0,602.0,620.0,625.0,628.0,631.0,677.0,686.0,705.0,790.0,805.0,828.0,912.0,967.0,971.0,977.0,991.0,
12.0,18.0,27.0,30.0,40.0,58.0,78.0,80.0,110.0,122.0,145.0,149.0,219.0,244.0,282.0,296.0,301.0,338.0,396.0,401.0,422.0,525.0,607.0,615.0,622.0,651.0,663.0,689.0,705.0,725.0,729.0,732.0,763.0,774.0,824.0,948.0,
48.0,57.0,78.0,132.0,183.0,211.0,219.0,226.0,280.0,297.0,372.0,394.0,470.0,470.0,481.0,537.0,559.0,585.0,604.0,633.0,687.0,690.0,731.0,749.0,819.0,829.0,958.0,964.0,966.0,
56.0,65.0,85.0,98.0,129.0,248.0,266.0,319.0,320.0,358.0,362.0,365.0,397.0,406.0,419.0,437.0,443.0,450.0,464.0,478.0,503.0,523.0,568.0,572.0,574.0,583.0,603.0,608.0,633.0,650.0,671.0,718.0,742.0,877.0,886.0,920.0,948.0,956.0,968.0,
123.0,147.0,185.0,211.0,235.0,265.0,282.0,285.0,301.0,306.0,353.0,374.0,393.0,409.0,437.0,440.0,453.0,464.0,482.0,533.0,560.0,562.0,576.0,584.0,612.0,630.0,647.0,654.0,680.0,681.0,713.0,715.0,770.0,785.0,797.0,832.0,840.0,844.0,850.0,862.0,888.0,917.0,924.0,
33.0,41.0,60.0,61.0,81.0,163.0,164.0,201.0,210.0,236.0,237.0,239.0,278.0,309.0,337.0,338.0,462.0,482.0,511.0,523.0,596.0,608.0,624.0,655.0,737.0,760.0,761.0,766.0,771.0,772.0,805.0,828.0,868.0,913.0,916.0,972.0,978.0,992.0,
6.0,63.0,82.0,103.0,128.0,136.0,152.0,158.0,182.0,216.0,282.0,360.0,364.0,378.0,436.0,476.0,502.0,508.0,535.0,543.0,583.0,610.0,653.0,690.0,718.0,863.0,890.0,908.0,910.0,918.0,921.0,
46.0,51.0,56.0,71.0,71.0,97.0,139.0,174.0,208.0,245.0,259.0,294.0,318.0,338.0,343.0,345.0,381.0,461.0,479.0,492.0,505.0,505.0,629.0,655.0,679.0,683.0,710.0,722.0,733.0,810.0,812.0,819.0,842.0,863.0,887.0,903.0,903.0,962.0,963.0,991.0,
9.0,56.0,63.0,76.0,86.0,143.0,147.0,204.0,211.0,215.0,218.0,228.0,244.0,265.0,284.0,327.0,334.0,395.0,443.0,484.0,498.0,517.0,541.0,581.0,620.0,647.0,659.0,667.0,675.0,691.0,781.0,798.0,802.0,881.0,894.0,915.0,946.0,985.0,998.0,
27.0,32.0,90.0,113.0,143.0,164.0,169.0,173.0,249.0,265.0,267.0,307.0,310.0,330.0,407.0,426.0,431.0,464.0,473.0,504.0,529.0,556.0,557.0,620.0,647.0,689.0,695.0,710.0,727.0,765.0,787.0,798.0,814.0,888.0,897.0,905.0,954.0,991.0,
42.0,56.0,62.0,130.0,164.0,167.0,184.0,219.0,252.0,260.0,299.0,302.0,324.0,338.0,343.0,369.0,444.0,532.0,576.0,622.0,631.0,636.0,644.0,655.0,689.0,722.0,767.0,776.0,778.0,791.0,822.0,842.0,851.0,871.0,878.0,881.0,885.0,895.0,905.0,925.0,939.0,971.0,984.0,987.0,992.0,
71.0,83.0,97.0,112.0,160.0,173.0,181.0,183.0,189.0,235.0,253.0,269.0,273.0,349.0,353.0,362.0,362.0,384.0,421.0,448.0,501.0,587.0,634.0,651.0,776.0,796.0,810.0,816.0,842.0,843.0,853.0,859.0,883.0,900.0,976.0,
45.0,169.0,208.0,208.0,210.0,215.0,265.0,300.0,331.0,391.0,408.0,454.0,501.0,542.0,601.0,610.0,610.0,671.0,692.0,702.0,763.0,766.0,769.0,832.0,894.0,924.0,926.0,929.0,982.0,988.0,
37.0,90.0,191.0,256.0,279.0,288.0,323.0,362.0,378.0,416.0,419.0,453.0,467.0,557.0,565.0,596.0,605.0,679.0,689.0,714.0,736.0,745.0,795.0,820.0,878.0,924.0,950.0,968.0,997.0,
40.0,44.0,125.0,125.0,306.0,337.0,351.0,353.0,411.0,428.0,448.0,538.0,569.0,603.0,610.0,613.0,678.0,691.0,727.0,749.0,905.0,911.0,917.0,922.0,955.0,959.0,
7.0,57.0,131.0,132.0,244.0,252.0,285.0,307.0,329.0,330.0,338.0,408.0,508.0,540.0,552.0,634.0,656.0,703.0,707.0,768.0,786.0,792.0,831.0,845.0,869.0,893.0,904.0,909.0,994.0,
8.0,18.0,81.0,95.0,172.0,191.0,223.0,269.0,324.0,360.0,375.0,389.0,415.0,485.0,485.0,486.0,509.0,515.0,556.0,605.0,631.0,654.0,708.0,724.0,810.0,819.0,861.0,887.0,897.0,990.0,999.0,
14.0,59.0,96.0,98.0,136.0,137.0,165.0,170.0,194.0,266.0,279.0,292.0,299.0,299.0,316.0,326.0,376.0,378.0,428.0,456.0,467.0,479.0,516.0,527.0,577.0,587.0,592.0,600.0,656.0,689.0,700.0,704.0,736.0,750.0,791.0,821.0,895.0,897.0,971.0,977.0,981.0,996.0,
73.0,171.0,179.0,192.0,234.0,251.0,303.0,305.0,316.0,317.0,329.0,343.0,357.0,360.0,420.0,456.0,465.0,500.0,536.0,548.0,549.0,550.0,572.0,638.0,640.0,688.0,703.0,710.0,763.0,782.0,830.0,856.0,883.0,887.0,895.0,928.0,936.0,990.0,
53.0,221.0,242.0,252.0,295.0,306.0,314.0,319.0,360.0,402.0,419.0,427.0,430.0,501.0,507.0,586.0,661.0,670.0,754.0,760.0,762.0,784.0,794.0,820.0,830.0,832.0,855.0,860.0,947.0,955.0,981.0,996.0,
57.0,160.0,170.0,262.0,317.0,335.0,340.0,346.0,374.0,378.0,386.0,387.0,425.0,434.0,440.0,451.0,454.0,475.0,897.0,922.0,937.0,
46.0,124.0,145.0,146.0,188.0,201.0,248.0,273.0,293.0,318.0,329.0,361.0,430.0,471.0,479.0,496.0,507.0,
22.0,27.0,33.0,62.0,96.0,107.0,136.0,159.0,169.0,171.0,213.0,255.0,268.0,299.0,303.0,319.0,324.0,365.0,396.0,483.0,511.0,937.0,944.0,
33.0,89.0,108.0,135.0,152.0,184.0,194.0,195.0,203.0,216.0,258.0,307.0,340.0,373.0,389.0,400.0,404.0,494.0,575.0,581.0,701.0,739.0,745.0,852.0,853.0,865.0,869.0,874.0,908.0,914.0,943.0,973.0,984.0,992.0,
19.0,47.0,50.0,89.0,100.0,103.0,134.0,171.0,197.0,198.0,265.0,335.0,359.0,452.0,460.0,545.0,577.0,596.0,632.0,679.0,686.0,705.0,709.0,735.0,745.0,747.0,767.0,778.0,785.0,793.0,800.0,827.0,883.0,907.0,
34.0,71.0,119.0,130.0,142.0,161.0,175.0,190.0,231.0,251.0,269.0,303.0,414.0,418.0,435.0,441.0,445.0,498.0,520.0,525.0,537.0,566.0,678.0,715.0,821.0,851.0,852.0,859.0,882.0,893.0,896.0,898.0,917.0,935.0,945.0,
6.0,28.0,41.0,41.0,41.0,50.0,83.0,93.0,167.0,181.0,198.0,233.0,237.0,251.0,275.0,305.0,323.0,330.0,356.0,369.0,393.0,473.0,507.0,522.0,543.0,556.0,568.0,636.0,655.0,659.0,679.0,754.0,756.0,792.0,835.0,861.0,885.0,928.0,
2.0,44.0,44.0,60.0,72.0,139.0,170.0,204.0,214.0,233.0,233.0,234.0,306.0,308.0,309.0,344.0,352.0,391.0,401.0,476.0,504.0,528.0,572.0,643.0,656.0,666.0,753.0,795.0,816.0,843.0,852.0,870.0,918.0,934.0,957.0,964.0,970.0,976.0,985.0,996.0,
34.0,45.0,76.0,113.0,129.0,211.0,291.0,300.0,320.0,405.0,416.0,534.0,536.0,666.0,689.0,698.0,718.0,729.0,744.0,745.0,748.0,753.0,758.0,776.0,836.0,843.0,846.0,847.0,912.0,917.0,980.0,997.0,
23.0,79.0,138.0,174.0,218.0,241.0,271.0,308.0,331.0,362.0,371.0,400.0,409.0,459.0,463.0,469.0,469.0,506.0,813.0,846.0,878.0,971.0,
9.0,22.0,28.0,54.0,69.0,84.0,92.0,110.0,131.0,173.0,203.0,210.0,213.0,265.0,274.0,333.0,387.0,405.0,475.0,504.0,
34.0,91.0,135.0,197.0,228.0,251.0,254.0,257.0,352.0,378.0,382.0,459.0,466.0,470.0,491.0,849.0,
27.0,59.0,67.0,102.0,142.0,167.0,193.0,194.0,263.0,264.0,296.0,304.0,330.0,367.0,403.0,470.0,482.0,
47.0,99.0,111.0,134.0,191.0,193.0,203.0,207.0,226.0,238.0,252.0,340.0,372.0,384.0,414.0,444.0,502.0,
36.0,40.0,45.0,51.0,104.0,111.0,118.0,154.0,173.0,178.0,218.0,254.0,288.0,327.0,333.0,363.0,429.0,451.0,480.0,492.0,561.0,575.0,584.0,598.0,628.0,648.0,648.0,664.0,689.0,703.0,706.0,747.0,754.0,760.0,776.0,795.0,823.0,832.0,860.0,949.0,959.0,966.0,
39.0,41.0,41.0,135.0,136.0,144.0,149.0,156.0,161.0,190.0,223.0,224.0,269.0,278.0,293.0,304.0,364.0,369.0,407.0,441.0,493.0,495.0,556.0,560.0,567.0,574.0,679.0,681.0,727.0,745.0,769.0,804.0,838.0,850.0,897.0,924.0,930.0,949.0,961.0,982.0,990.0,
11.0,72.0,131.0,137.0,139.0,145.0,196.0,196.0,220.0,289.0,360.0,365.0,367.0,370.0,428.0,441.0,471.0,542.0,628.0,631.0,648.0,653.0,692.0,715.0,739.0,776.0,779.0,794.0,859.0,863.0,879.0,940.0,959.0,965.0,981.0,
32.0,53.0,62.0,65.0,109.0,135.0,153.0,177.0,199.0,244.0,251.0,251.0,285.0,295.0,343.0,426.0,430.0,432.0,466.0,479.0,489.0,524.0,552.0,555.0,578.0,639.0,648.0,663.0,686.0,706.0,709.0,720.0,731.0,805.0,830.0,833.0,838.0,840.0,859.0,863.0,866.0,867.0,885.0,900.0,909.0,914.0,915.0,945.0,
67.0,77.0,97.0,121.0,128.0,145.0,164.0,260.0,307.0,406.0,446.0,476.0,509.0,564.0,572.0,627.0,641.0,643.0,649.0,666.0,668.0,707.0,738.0,747.0,766.0,772.0,787.0,832.0,851.0,866.0,883.0,883.0,939.0,990.0,992.0,
40.0,94.0,130.0,153.0,255.0,256.0,266.0,277.0,298.0,424.0,441.0,479.0,
10.0,89.0,101.0,207.0,227.0,269.0,279.0,287.0,376.0,466.0,484.0,497.0,933.0,
23.0,72.0,119.0,127.0,167.0,197.0,211.0,231.0,322.0,379.0,394.0,470.0,484.0,793.0,825.0,828.0,845.0,857.0,860.0,989.0,992.0,
12.0,24.0,66.0,69.0,75.0,83.0,116.0,143.0,161.0,180.0,193.0,241.0,260.0,310.0,332.0,391.0,406.0,426.0,456.0,500.0,996.0,
13.0,21.0,26.0,40.0,40.0,73.0,79.0,93.0,146.0,224.0,227.0,247.0,266.0,279.0,316.0,328.0,451.0,455.0,455.0,462.0,467.0,468.0,471.0,494.0,
32.0,153.0,212.0,267.0,284.0,300.0,305.0,320.0,388.0,494.0,496.0,579.0,621.0,636.0,656.0,669.0,670.0,723.0,732.0,735.0,747.0,762.0,763.0,769.0,773.0,800.0,813.0,839.0,845.0,867.0,870.0,937.0,937.0,938.0,939.0,946.0,988.0,997.0,998.0,
16.0,45.0,59.0,68.0,96.0,104.0,108.0,112.0,116.0,122.0,186.0,188.0,196.0,318.0,332.0,371.0,411.0,448.0,450.0,475.0,479.0,525.0,580.0,583.0,602.0,619.0,631.0,641.0,659.0,698.0,706.0,712.0,747.0,829.0,857.0,874.0,925.0,950.0,961.0,968.0,979.0,996.0,
36.0,109.0,119.0,134.0,150.0,160.0,180.0,204.0,227.0,242.0,314.0,322.0,332.0,456.0,473.0,519.0,604.0,662.0,672.0,675.0,676.0,679.0,690.0,692.0,693.0,754.0,827.0,885.0,958.0,985.0,
23.0,37.0,38.0,44.0,96.0,114.0,119.0,135.0,140.0,200.0,201.0,214.0,215.0,235.0,245.0,280.0,307.0,318.0,366.0,370.0,413.0,422.0,425.0,448.0,466.0,484.0,522.0,527.0,532.0,560.0,585.0,633.0,663.0,675.0,709.0,749.0,750.0,771.0,796.0,798.0,841.0,863.0,871.0,
58.0,92.0,214.0,219.0,242.0,245.0,255.0,315.0,339.0,375.0,453.0,480.0,559.0,566.0,577.0,627.0,641.0,652.0,793.0,820.0,836.0,838.0,843.0,850.0,859.0,946.0,951.0,971.0,977.0,983.0,989.0,
3.0,72.0,128.0,134.0,140.0,165.0,183.0,238.0,255.0,262.0,274.0,334.0,342.0,398.0,399.0,425.0,509.0,900.0,
5.0,18.0,43.0,69.0,70.0,133.0,170.0,170.0,172.0,224.0,244.0,298.0,344.0,389.0,454.0,
72.0,77.0,100.0,104.0,119.0,136.0,145.0,155.0,160.0,160.0,195.0,208.0,216.0,219.0,234.0,248.0,252.0,269.0,283.0,309.0,323.0,339.0,342.0,349.0,499.0,902.0,
13.0,21.0,65.0,135.0,158.0,174.0,218.0,249.0,266.0,387.0,391.0,391.0,453.0,
52.0,84.0,155.0,165.0,249.0,311.0,358.0,412.0,418.0,451.0,508.0,
21.0,41.0,42.0,115.0,135.0,135.0,140.0,176.0,186.0,192.0,211.0,212.0,220.0,256.0,261.0,263.0,275.0,309.0,386.0,389.0,429.0,464.0,469.0,572.0,578.0,581.0,603.0,627.0,654.0,728.0,740.0,744.0,764.0,769.0,787.0,796.0,829.0,829.0,861.0,923.0,926.0,941.0,950.0,955.0,983.0,996.0,
17.0,39.0,80.0,213.0,216.0,218.0,267.0,308.0,350.0,384.0,420.0,457.0,472.0,496.0,510.0,513.0,562.0,606.0,623.0,659.0,679.0,706.0,713.0,718.0,764.0,811.0,835.0,842.0,877.0,878.0,924.0,972.0,972.0,977.0,
9.0,36.0,80.0,93.0,121.0,121.0,122.0,126.0,139.0,159.0,216.0,268.0,289.0,295.0,304.0,313.0,403.0,429.0,430.0,441.0,454.0,532.0,532.0,560.0,563.0,576.0,617.0,653.0,703.0,705.0,739.0,783.0,836.0,860.0,873.0,889.0,917.0,922.0,
2.0,5.0,14.0,68.0,119.0,181.0,207.0,238.0,246.0,264.0,264.0,266.0,320.0,344.0,352.0,363.0,379.0,445.0,446.0,491.0,576.0,577.0,648.0,653.0,657.0,675.0,691.0,804.0,860.0,864.0,891.0,891.0,901.0,989.0,989.0,
37.0,98.0,183.0,216.0,244.0,340.0,362.0,368.0,386.0,457.0,481.0,492.0,503.0,511.0,533.0,548.0,555.0,560.0,575.0,607.0,611.0,632.0,672.0,677.0,693.0,715.0,737.0,796.0,797.0,895.0,901.0,912.0,914.0,996.0,1000.0,
11.0,11.0,55.0,115.0,146.0,219.0,234.0,242.0,246.0,266.0,296.0,331.0,340.0,353.0,358.0,378.0,406.0,452.0,458.0,511.0,514.0,591.0,596.0,600.0,624.0,639.0,657.0,690.0,696.0,748.0,790.0,794.0,810.0,811.0,826.0,864.0,904.0,917.0,998.0,
70.0,161.0,213.0,217.0,224.0,257.0,260.0,261.0,302.0,315.0,318.0,322.0,352.0,374.0,376.0,385.0,392.0,510.0,
3.0,9.0,44.0,101.0,127.0,171.0,174.0,238.0,252.0,380.0,396.0,475.0,488.0,
8.0,21.0,32.0,100.0,116.0,171.0,201.0,263.0,286.0,294.0,316.0,357.0,367.0,401.0,434.0,452.0,467.0,469.0,481.0,800.0,871.0,939.0,
58.0,98.0,135.0,214.0,239.0,277.0,280.0,280.0,326.0,327.0,353.0,432.0,481.0,486.0,514.0,577.0,601.0,683.0,686.0,819.0,821.0,842.0,881.0,932.0,960.0,962.0,972.0,
18.0,55.0,63.0,71.0,91.0,105.0,177.0,236.0,252.0,271.0,313.0,369.0,414.0,450.0,515.0,575.0,579.0,622.0,629.0,680.0,705.0,718.0,737.0,772.0,827.0,841.0,857.0,876.0,947.0,956.0,987.0,989.0,
33.0,66.0,80.0,90.0,93.0,138.0,225.0,304.0,336.0,339.0,350.0,392.0,397.0,450.0,482.0,509.0,511.0,562.0,599.0,604.0,637.0,640.0,649.0,720.0,749.0,804.0,814.0,858.0,864.0,881.0,910.0,922.0,977.0,
16.0,55.0,74.0,194.0,213.0,219.0,247.0,267.0,394.0,431.0,438.0,496.0,510.0,552.0,592.0,715.0,776.0,790.0,812.0,841.0,848.0,866.0,878.0,964.0,
59.0,106.0,176.0,195.0,204.0,245.0,286.0,286.0,361.0,386.0,400.0,402.0,419.0,422.0,443.0,449.0,457.0,479.0,489.0,516.0,522.0,558.0,581.0,725.0,735.0,748.0,888.0,916.0,922.0,927.0,935.0,
22.0,26.0,31.0,119.0,148.0,168.0,181.0,205.0,247.0,248.0,294.0,304.0,335.0,337.0,344.0,351.0,384.0,412.0,476.0,518.0,531.0,549.0,551.0,627.0,637.0,646.0,654.0,662.0,681.0,804.0,805.0,818.0,826.0,879.0,900.0,915.0,979.0,982.0,
7.0,75.0,120.0,128.0,131.0,131.0,153.0,153.0,239.0,252.0,295.0,332.0,371.0,376.0,400.0,405.0,411.0,416.0,420.0,493.0,508.0,518.0,532.0,570.0,571.0,591.0,597.0,656.0,698.0,746.0,804.0,852.0,857.0,867.0,887.0,896.0,921.0,945.0,962.0,978.0,
14.0,35.0,49.0,128.0,133.0,153.0,181.0,186.0,222.0,263.0,267.0,274.0,279.0,303.0,311.0,325.0,345.0,347.0,386.0,393.0,444.0,448.0,512.0,556.0,560.0,575.0,612.0,639.0,646.0,650.0,682.0,690.0,745.0,776.0,868.0,900.0,940.0,952.0,953.0,963.0,967.0,972.0,987.0,995.0,
37.0,62.0,69.0,102.0,125.0,183.0,188.0,198.0,231.0,238.0,243.0,262.0,290.0,318.0,368.0,429.0,475.0,481.0,519.0,550.0,567.0,596.0,634.0,640.0,670.0,671.0,673.0,694.0,739.0,744.0,751.0,861.0,874.0,889.0,890.0,899.0,904.0,946.0,974.0,981.0,
15.0,40.0,47.0,61.0,78.0,78.0,92.0,98.0,126.0,141.0,152.0,223.0,250.0,255.0,276.0,280.0,298.0,301.0,382.0,406.0,465.0,499.0,510.0,533.0,650.0,662.0,668.0,739.0,752.0,768.0,810.0,818.0,843.0,858.0,872.0,880.0,911.0,925.0,958.0,962.0,986.0,
96.0,115.0,119.0,173.0,205.0,216.0,223.0,262.0,293.0,324.0,344.0,359.0,366.0,412.0,443.0,477.0,582.0,604.0,623.0,623.0,641.0,681.0,696.0,698.0,703.0,718.0,725.0,744.0,752.0,765.0,767.0,797.0,807.0,810.0,812.0,841.0,881.0,894.0,911.0,912.0,927.0,935.0,945.0,957.0,
24.0,89.0,144.0,154.0,199.0,210.0,230.0,268.0,268.0,288.0,316.0,328.0,328.0,362.0,382.0,432.0,459.0,462.0,491.0,517.0,526.0,579.0,600.0,613.0,623.0,646.0,668.0,689.0,748.0,770.0,777.0,795.0,846.0,882.0,897.0,928.0,936.0,944.0,975.0,
6.0,11.0,50.0,67.0,143.0,158.0,162.0,163.0,171.0,204.0,230.0,292.0,312.0,328.0,328.0,381.0,396.0,424.0,432.0,457.0,473.0,518.0,555.0,573.0,574.0,661.0,705.0,716.0,729.0,753.0,757.0,796.0,806.0,856.0,870.0,893.0,938.0,
51.0,67.0,88.0,89.0,106.0,121.0,132.0,161.0,169.0,175.0,179.0,190.0,218.0,366.0,373.0,423.0,452.0,470.0,498.0,534.0,562.0,608.0,668.0,697.0,698.0,707.0,717.0,725.0,730.0,742.0,744.0,747.0,794.0,915.0,972.0,979.0,995.0,
15.0,31.0,68.0,109.0,136.0,146.0,200.0,215.0,225.0,246.0,284.0,294.0,322.0,356.0,387.0,413.0,435.0,442.0,465.0,479.0,485.0,502.0,561.0,562.0,580.0,626.0,643.0,655.0,660.0,664.0,694.0,700.0,754.0,761.0,814.0,832.0,882.0,901.0,916.0,942.0,945.0,996.0,
20.0,84.0,104.0,113.0,118.0,132.0,137.0,179.0,199.0,215.0,240.0,293.0,297.0,300.0,304.0,305.0,315.0,332.0,352.0,380.0,390.0,416.0,461.0,489.0,527.0,560.0,589.0,596.0,633.0,676.0,686.0,846.0,861.0,882.0,889.0,933.0,947.0,972.0,
35.0,51.0,66.0,86.0,88.0,162.0,167.0,167.0,173.0,246.0,262.0,308.0,310.0,340.0,343.0,347.0,387.0,417.0,513.0,515.0,547.0,553.0,605.0,627.0,629.0,644.0,682.0,689.0,739.0,765.0,767.0,779.0,809.0,848.0,860.0,999.0,
23.0,29.0,106.0,117.0,166.0,232.0,267.0,278.0,308.0,318.0,437.0,484.0,540.0,548.0,567.0,567.0,597.0,605.0,634.0,665.0,671.0,722.0,734.0,763.0,784.0,791.0,823.0,852.0,931.0,963.0,990.0,
6.0,12.0,26.0,65.0,129.0,148.0,152.0,165.0,221.0,222.0,253.0,291.0,302.0,350.0,371.0,436.0,451.0,458.0,465.0,470.0,482.0,494.0,510.0,518.0,557.0,585.0,601.0,627.0,674.0,681.0,702.0,744.0,764.0,766.0,773.0,781.0,806.0,810.0,822.0,860.0,872.0,942.0,961.0,966.0,983.0,
18.0,39.0,48.0,57.0,69.0,99.0,139.0,150.0,156.0,171.0,193.0,193.0,206.0,275.0,293.0,306.0,313.0,410.0,426.0,452.0,499.0,508.0,522.0,552.0,561.0,569.0,572.0,574.0,598.0,613.0,627.0,639.0,644.0,645.0,687.0,698.0,760.0,785.0,808.0,865.0,877.0,884.0,912.0,942.0,967.0,967.0,981.0,988.0,
21.0,41.0,67.0,87.0,170.0,219.0,281.0,293.0,391.0,508.0,511.0,544.0,597.0,604.0,633.0,665.0,668.0,750.0,758.0,792.0,809.0,834.0,836.0,870.0,922.0,931.0,933.0,951.0,952.0,952.0,964.0,988.0,
74.0,82.0,93.0,94.0,136.0,176.0,192.0,218.0,273.0,299.0,312.0,363.0,425.0,430.0,521.0,533.0,570.0,575.0,580.0,652.0,659.0,699.0,714.0,729.0,805.0,863.0,936.0,
76.0,81.0,112.0,188.0,371.0,374.0,379.0,383.0,392.0,415.0,425.0,465.0,505.0,507.0,514.0,529.0,533.0,550.0,555.0,583.0,607.0,652.0,665.0,706.0,745.0,801.0,862.0,863.0,881.0,959.0,961.0,
