6.0,14.0,31.0,47.0,81.0,123.0,131.0,135.0,149.0,165.0,196.0,209.0,346.0,365.0,386.0,439.0,440.0,468.0,478.0,501.0,532.0,542.0,599.0,662.0,682.0,696.0,733.0,783.0,800.0,872.0,879.0,950.0,996.0,
59.0,86.0,96.0,99.0,108.0,130.0,130.0,174.0,208.0,228.0,244.0,271.0,326.0,327.0,330.0,342.0,387.0,435.0,450.0,500.0,539.0,547.0,553.0,577.0,580.0,581.0,602.0,661.0,746.0,752.0,813.0,857.0,863.0,882.0,888.0,924.0,929.0,976.0,985.0,
5.0,106.0,114.0,223.0,248.0,252.0,279.0,300.0,364.0,464.0,468.0,528.0,551.0,554.0,572.0,575.0,606.0,633.0,651.0,728.0,729.0,748.0,817.0,819.0,899.0,917.0,940.0,942.0,947.0,
33.0,46.0,55.0,91.0,98.0,119.0,145.0,152.0,155.0,158.0,201.0,201.0,225.0,275.0,278.0,292.0,316.0,321.0,333.0,352.0,402.0,408.0,423.0,478.0,478.0,481.0,508.0,552.0,580.0,605.0,612.0,616.0,637.0,680.0,687.0,688.0,718.0,768.0,820.0,852.0,873.0,873.0,915.0,953.0,956.0,964.0,975.0,994.0,1000.0,
35.0,62.0,73.0,94.0,105.0,137.0,173.0,229.0,236.0,275.0,286.0,292.0,330.0,392.0,402.0,407.0,418.0,420.0,429.0,451.0,462.0,466.0,573.0,589.0,599.0,599.0,617.0,716.0,792.0,804.0,869.0,882.0,926.0,936.0,988.0,
24.0,41.0,69.0,81.0,128.0,129.0,145.0,151.0,159.0,166.0,216.0,230.0,241.0,289.0,296.0,376.0,395.0,477.0,496.0,519.0,529.0,536.0,666.0,687.0,709.0,735.0,779.0,809.0,813.0,842.0,842.0,872.0,921.0,933.0,946.0,962.0,971.0,977.0,980.0,
10.0,26.0,29.0,45.0,56.0,67.0,69.0,70.0,82.0,114.0,136.0,180.0,195.0,253.0,272.0,277.0,301.0,354.0,370.0,387.0,414.0,438.0,496.0,497.0,504.0,562.0,577.0,586.0,588.0,599.0,632.0,646.0,667.0,671.0,682.0,714.0,718.0,725.0,781.0,808.0,808.0,866.0,899.0,936.0,962.0,994.0,
27.0,46.0,55.0,64.0,65.0,103.0,106.0,119.0,129.0,230.0,275.0,283.0,314.0,326.0,401.0,414.0,423.0,431.0,447.0,464.0,516.0,521.0,542.0,542.0,548.0,572.0,581.0,607.0,670.0,671.0,699.0,703.0,738.0,743.0,745.0,785.0,848.0,859.0,968.0,
18.0,28.0,33.0,64.0,87.0,94.0,98.0,132.0,145.0,181.0,205.0,222.0,223.0,232.0,246.0,256.0,297.0,429.0,480.0,484.0,559.0,594.0,610.0,711.0,724.0,738.0,768.0,786.0,796.0,828.0,853.0,864.0,899.0,915.0,919.0,971.0,973.0,974.0,
2.0,8.0,36.0,47.0,59.0,113.0,185.0,201.0,202.0,282.0,320.0,325.0,334.0,346.0,356.0,452.0,455.0,532.0,664.0,677.0,683.0,685.0,852.0,853.0,854.0,909.0,919.0,947.0,950.0,960.0,965.0,989.0,999.0,
147.0,147.0,160.0,179.0,191.0,200.0,202.0,220.0,333.0,377.0,400.0,413.0,428.0,488.0,490.0,511.0,512.0,540.0,552.0,570.0,593.0,597.0,638.0,672.0,703.0,778.0,805.0,830.0,841.0,850.0,885.0,905.0,907.0,983.0,994.0,
32.0,60.0,73.0,101.0,168.0,191.0,193.0,203.0,206.0,256.0,287.0,294.0,304.0,335.0,371.0,429.0,432.0,434.0,496.0,497.0,572.0,602.0,661.0,663.0,664.0,708.0,714.0,717.0,779.0,780.0,811.0,885.0,886.0,888.0,901.0,922.0,937.0,1000.0,
19.0,26.0,84.0,114.0,143.0,143.0,155.0,156.0,265.0,291.0,411.0,425.0,426.0,431.0,461.0,496.0,513.0,522.0,543.0,593.0,630.0,634.0,636.0,690.0,747.0,776.0,795.0,841.0,867.0,896.0,947.0,953.0,
4.0,47.0,61.0,75.0,92.0,100.0,113.0,183.0,190.0,328.0,359.0,361.0,363.0,396.0,407.0,417.0,472.0,481.0,510.0,530.0,535.0,562.0,566.0,569.0,585.0,645.0,652.0,666.0,737.0,875.0,880.0,890.0,969.0,
47.0,75.0,78.0,86.0,137.0,239.0,284.0,286.0,308.0,311.0,325.0,343.0,349.0,376.0,409.0,431.0,432.0,450.0,469.0,481.0,482.0,494.0,528.0,530.0,566.0,630.0,654.0,677.0,681.0,690.0,700.0,717.0,734.0,750.0,755.0,768.0,769.0,784.0,799.0,821.0,827.0,834.0,863.0,883.0,950.0,966.0,987.0,
19.0,21.0,32.0,79.0,93.0,141.0,169.0,200.0,233.0,262.0,303.0,305.0,384.0,392.0,434.0,455.0,520.0,528.0,536.0,584.0,605.0,608.0,625.0,710.0,745.0,749.0,772.0,778.0,857.0,871.0,898.0,921.0,944.0,
20.0,35.0,83.0,152.0,154.0,192.0,211.0,253.0,301.0,305.0,312.0,366.0,384.0,426.0,469.0,486.0,503.0,574.0,575.0,584.0,593.0,631.0,646.0,666.0,680.0,681.0,682.0,712.0,746.0,754.0,766.0,802.0,858.0,868.0,870.0,875.0,881.0,892.0,956.0,
29.0,44.0,68.0,81.0,91.0,97.0,100.0,124.0,203.0,252.0,291.0,312.0,399.0,424.0,429.0,440.0,480.0,506.0,524.0,534.0,562.0,602.0,644.0,645.0,652.0,655.0,659.0,675.0,710.0,728.0,732.0,737.0,749.0,884.0,977.0,997.0,
41.0,114.0,173.0,181.0,233.0,243.0,249.0,267.0,284.0,411.0,455.0,495.0,501.0,517.0,537.0,572.0,589.0,599.0,623.0,629.0,640.0,672.0,722.0,741.0,789.0,822.0,825.0,828.0,834.0,847.0,896.0,929.0,960.0,
9.0,12.0,85.0,145.0,166.0,214.0,235.0,236.0,243.0,289.0,326.0,361.0,364.0,365.0,368.0,381.0,394.0,422.0,450.0,469.0,591.0,610.0,664.0,719.0,731.0,751.0,787.0,852.0,861.0,875.0,894.0,924.0,928.0,965.0,
19.0,27.0,29.0,34.0,42.0,47.0,74.0,77.0,111.0,113.0,123.0,167.0,219.0,235.0,239.0,280.0,313.0,314.0,352.0,385.0,401.0,418.0,431.0,493.0,496.0,581.0,601.0,669.0,671.0,747.0,766.0,767.0,768.0,797.0,845.0,876.0,881.0,902.0,969.0,987.0,989.0,
3.0,13.0,30.0,109.0,129.0,138.0,160.0,172.0,202.0,227.0,229.0,261.0,342.0,381.0,424.0,425.0,437.0,455.0,492.0,543.0,572.0,594.0,695.0,724.0,732.0,737.0,773.0,778.0,881.0,883.0,946.0,975.0,978.0,
4.0,27.0,31.0,92.0,140.0,145.0,152.0,168.0,169.0,230.0,268.0,275.0,374.0,375.0,382.0,407.0,513.0,528.0,555.0,559.0,595.0,673.0,721.0,725.0,764.0,812.0,813.0,814.0,916.0,919.0,927.0,942.0,992.0,
9.0,80.0,105.0,105.0,120.0,138.0,165.0,189.0,243.0,290.0,310.0,383.0,405.0,446.0,449.0,503.0,507.0,520.0,542.0,578.0,616.0,627.0,629.0,745.0,763.0,784.0,788.0,796.0,850.0,850.0,890.0,898.0,916.0,917.0,965.0,999.0,
16.0,16.0,33.0,46.0,74.0,82.0,117.0,138.0,176.0,250.0,263.0,278.0,283.0,390.0,391.0,392.0,423.0,427.0,432.0,457.0,465.0,482.0,610.0,650.0,699.0,701.0,794.0,797.0,799.0,812.0,812.0,854.0,855.0,861.0,867.0,875.0,885.0,889.0,906.0,911.0,922.0,924.0,997.0,
37.0,110.0,166.0,180.0,194.0,220.0,248.0,258.0,289.0,325.0,370.0,393.0,400.0,403.0,423.0,454.0,459.0,480.0,547.0,632.0,642.0,698.0,707.0,799.0,806.0,892.0,905.0,938.0,940.0,943.0,953.0,969.0,981.0,996.0,
50.0,74.0,117.0,162.0,163.0,205.0,206.0,224.0,242.0,271.0,277.0,282.0,291.0,312.0,322.0,413.0,437.0,507.0,527.0,547.0,553.0,561.0,585.0,661.0,675.0,676.0,681.0,719.0,730.0,761.0,764.0,787.0,853.0,885.0,912.0,915.0,918.0,995.0,997.0,1000.0,
30.0,45.0,77.0,94.0,113.0,185.0,227.0,236.0,278.0,307.0,308.0,328.0,398.0,416.0,420.0,444.0,481.0,534.0,551.0,551.0,699.0,706.0,724.0,752.0,797.0,797.0,884.0,909.0,922.0,951.0,980.0,984.0,
55.0,118.0,171.0,182.0,216.0,254.0,263.0,410.0,442.0,443.0,453.0,470.0,479.0,491.0,520.0,556.0,568.0,569.0,584.0,627.0,660.0,731.0,758.0,774.0,789.0,790.0,798.0,857.0,866.0,880.0,951.0,962.0,984.0,
20.0,81.0,107.0,122.0,170.0,173.0,235.0,266.0,303.0,322.0,323.0,330.0,441.0,595.0,611.0,657.0,743.0,764.0,794.0,806.0,888.0,915.0,950.0,953.0,970.0,991.0,998.0,
13.0,98.0,101.0,111.0,118.0,151.0,171.0,175.0,207.0,233.0,272.0,318.0,387.0,387.0,423.0,462.0,529.0,549.0,581.0,601.0,608.0,622.0,624.0,625.0,648.0,735.0,831.0,874.0,896.0,908.0,917.0,961.0,978.0,
3.0,30.0,47.0,82.0,104.0,105.0,143.0,144.0,149.0,167.0,176.0,211.0,253.0,262.0,276.0,298.0,336.0,345.0,398.0,420.0,449.0,465.0,537.0,564.0,590.0,632.0,709.0,734.0,790.0,808.0,810.0,834.0,834.0,879.0,891.0,919.0,956.0,977.0,981.0,985.0,999.0,
16.0,24.0,24.0,71.0,208.0,246.0,253.0,295.0,304.0,324.0,337.0,427.0,510.0,532.0,575.0,578.0,587.0,599.0,602.0,624.0,646.0,686.0,727.0,740.0,743.0,752.0,769.0,777.0,791.0,863.0,916.0,917.0,946.0,959.0,960.0,998.0,
17.0,29.0,43.0,76.0,102.0,109.0,121.0,143.0,177.0,177.0,229.0,250.0,307.0,327.0,405.0,409.0,444.0,454.0,483.0,496.0,626.0,634.0,694.0,716.0,779.0,799.0,806.0,850.0,854.0,889.0,902.0,921.0,980.0,997.0,
10.0,14.0,17.0,53.0,60.0,66.0,91.0,124.0,224.0,247.0,271.0,295.0,339.0,341.0,443.0,446.0,461.0,
26.0,70.0,191.0,225.0,244.0,312.0,327.0,366.0,378.0,383.0,386.0,403.0,443.0,464.0,475.0,485.0,485.0,
11.0,22.0,23.0,32.0,76.0,138.0,147.0,184.0,196.0,218.0,226.0,280.0,288.0,306.0,323.0,326.0,332.0,337.0,341.0,365.0,414.0,425.0,491.0,491.0,833.0,
41.0,80.0,143.0,145.0,147.0,154.0,202.0,250.0,303.0,310.0,342.0,344.0,346.0,363.0,363.0,413.0,426.0,445.0,447.0,565.0,588.0,652.0,658.0,670.0,675.0,687.0,718.0,740.0,765.0,767.0,776.0,804.0,822.0,888.0,893.0,918.0,974.0,975.0,
11.0,29.0,130.0,143.0,148.0,159.0,167.0,199.0,228.0,299.0,354.0,366.0,417.0,472.0,487.0,489.0,515.0,563.0,579.0,582.0,612.0,637.0,643.0,727.0,729.0,771.0,784.0,816.0,836.0,862.0,871.0,877.0,946.0,973.0,
7.0,56.0,74.0,93.0,128.0,210.0,217.0,257.0,270.0,303.0,306.0,321.0,336.0,392.0,415.0,423.0,428.0,454.0,465.0,506.0,553.0,573.0,599.0,611.0,620.0,624.0,643.0,644.0,651.0,688.0,805.0,825.0,840.0,842.0,859.0,881.0,883.0,892.0,903.0,947.0,979.0,989.0,
40.0,54.0,64.0,109.0,120.0,126.0,175.0,241.0,259.0,259.0,307.0,324.0,330.0,416.0,416.0,434.0,446.0,460.0,464.0,486.0,488.0,505.0,523.0,529.0,546.0,591.0,630.0,669.0,684.0,738.0,739.0,799.0,814.0,824.0,851.0,856.0,902.0,904.0,990.0,993.0,
25.0,51.0,182.0,187.0,208.0,243.0,296.0,298.0,303.0,326.0,341.0,368.0,403.0,417.0,462.0,485.0,525.0,531.0,547.0,646.0,660.0,668.0,683.0,699.0,699.0,719.0,731.0,777.0,795.0,834.0,840.0,863.0,898.0,899.0,905.0,920.0,958.0,995.0,
23.0,83.0,95.0,150.0,151.0,151.0,163.0,163.0,190.0,220.0,246.0,259.0,276.0,299.0,311.0,351.0,397.0,420.0,463.0,464.0,464.0,475.0,491.0,514.0,536.0,591.0,596.0,598.0,688.0,714.0,721.0,732.0,734.0,736.0,739.0,745.0,745.0,767.0,797.0,812.0,823.0,855.0,871.0,887.0,975.0,983.0,984.0,995.0,
45.0,53.0,84.0,100.0,104.0,129.0,147.0,223.0,228.0,232.0,299.0,317.0,334.0,347.0,355.0,360.0,367.0,429.0,473.0,508.0,903.0,
90.0,119.0,158.0,169.0,244.0,278.0,349.0,375.0,403.0,450.0,496.0,
42.0,87.0,100.0,128.0,132.0,145.0,194.0,205.0,209.0,227.0,249.0,259.0,265.0,268.0,273.0,331.0,417.0,973.0,
13.0,35.0,47.0,49.0,84.0,91.0,186.0,195.0,224.0,245.0,245.0,271.0,292.0,417.0,457.0,468.0,493.0,497.0,
8.0,14.0,32.0,48.0,53.0,67.0,69.0,114.0,133.0,229.0,269.0,306.0,324.0,350.0,365.0,393.0,397.0,420.0,432.0,438.0,448.0,448.0,488.0,908.0,994.0,
6.0,42.0,52.0,63.0,63.0,82.0,88.0,128.0,159.0,168.0,183.0,196.0,207.0,231.0,271.0,283.0,319.0,359.0,371.0,406.0,410.0,445.0,446.0,450.0,466.0,548.0,585.0,605.0,614.0,617.0,619.0,643.0,687.0,694.0,694.0,752.0,757.0,770.0,789.0,793.0,853.0,861.0,886.0,926.0,929.0,956.0,962.0,
30.0,43.0,101.0,116.0,133.0,162.0,166.0,173.0,207.0,280.0,292.0,349.0,472.0,477.0,508.0,598.0,690.0,702.0,712.0,716.0,755.0,768.0,835.0,865.0,901.0,949.0,968.0,
4.0,6.0,34.0,37.0,39.0,42.0,87.0,114.0,119.0,123.0,126.0,181.0,288.0,312.0,340.0,369.0,382.0,408.0,441.0,533.0,560.0,574.0,633.0,650.0,670.0,675.0,730.0,759.0,760.0,816.0,826.0,826.0,849.0,902.0,913.0,974.0,
15.0,39.0,60.0,99.0,122.0,193.0,195.0,258.0,289.0,300.0,309.0,318.0,452.0,495.0,540.0,550.0,552.0,572.0,574.0,583.0,634.0,641.0,660.0,683.0,690.0,709.0,766.0,779.0,784.0,811.0,814.0,820.0,841.0,872.0,888.0,948.0,994.0,
63.0,126.0,250.0,285.0,301.0,334.0,342.0,350.0,411.0,458.0,465.0,473.0,483.0,500.0,579.0,590.0,598.0,673.0,766.0,766.0,781.0,802.0,821.0,835.0,843.0,852.0,869.0,876.0,893.0,925.0,929.0,959.0,963.0,966.0,970.0,988.0,994.0,
48.0,52.0,72.0,82.0,139.0,159.0,164.0,243.0,271.0,311.0,343.0,372.0,374.0,376.0,416.0,
8.0,9.0,31.0,56.0,172.0,188.0,192.0,249.0,276.0,277.0,299.0,301.0,308.0,337.0,396.0,398.0,405.0,423.0,433.0,450.0,459.0,463.0,488.0,773.0,826.0,984.0,
80.0,157.0,194.0,200.0,214.0,243.0,246.0,285.0,315.0,326.0,347.0,496.0,500.0,507.0,508.0,509.0,806.0,843.0,887.0,
44.0,59.0,108.0,153.0,169.0,175.0,244.0,275.0,347.0,378.0,380.0,506.0,850.0,961.0,
209.0,236.0,246.0,261.0,280.0,304.0,322.0,338.0,355.0,437.0,450.0,485.0,506.0,
37.0,75.0,151.0,167.0,183.0,209.0,217.0,236.0,247.0,258.0,291.0,295.0,359.0,368.0,390.0,499.0,514.0,515.0,564.0,569.0,570.0,587.0,640.0,658.0,721.0,734.0,756.0,785.0,797.0,866.0,873.0,887.0,917.0,939.0,945.0,965.0,981.0,
4.0,21.0,38.0,57.0,68.0,104.0,113.0,146.0,156.0,263.0,309.0,391.0,396.0,413.0,417.0,419.0,453.0,455.0,487.0,503.0,526.0,561.0,632.0,641.0,645.0,698.0,708.0,724.0,844.0,855.0,862.0,871.0,903.0,940.0,960.0,982.0,996.0,
69.0,173.0,263.0,275.0,279.0,410.0,421.0,497.0,564.0,577.0,584.0,592.0,620.0,634.0,655.0,741.0,748.0,889.0,906.0,915.0,929.0,943.0,
71.0,97.0,107.0,125.0,126.0,127.0,131.0,138.0,142.0,195.0,304.0,353.0,429.0,443.0,444.0,466.0,512.0,537.0,539.0,543.0,556.0,576.0,602.0,631.0,675.0,697.0,711.0,718.0,719.0,757.0,760.0,822.0,862.0,916.0,951.0,963.0,
5.0,13.0,38.0,58.0,83.0,98.0,109.0,111.0,128.0,130.0,180.0,181.0,185.0,223.0,225.0,256.0,299.0,302.0,367.0,408.0,417.0,457.0,461.0,490.0,500.0,514.0,564.0,575.0,584.0,665.0,674.0,689.0,700.0,730.0,741.0,746.0,758.0,801.0,833.0,833.0,855.0,858.0,863.0,869.0,917.0,948.0,952.0,994.0,
48.0,54.0,70.0,75.0,90.0,95.0,122.0,141.0,165.0,177.0,190.0,214.0,227.0,231.0,239.0,289.0,334.0,359.0,369.0,383.0,393.0,799.0,941.0,
8.0,18.0,83.0,102.0,166.0,228.0,239.0,286.0,307.0,317.0,326.0,336.0,404.0,412.0,460.0,460.0,477.0,481.0,483.0,
41.0,42.0,89.0,95.0,107.0,127.0,261.0,274.0,297.0,320.0,324.0,350.0,402.0,435.0,451.0,487.0,489.0,996.0,
28.0,39.0,43.0,75.0,106.0,109.0,155.0,157.0,166.0,174.0,229.0,234.0,305.0,388.0,413.0,424.0,485.0,500.0,
17.0,69.0,83.0,137.0,200.0,221.0,273.0,298.0,344.0,509.0,
17.0,44.0,81.0,83.0,93.0,129.0,224.0,239.0,325.0,332.0,343.0,355.0,514.0,549.0,557.0,567.0,611.0,647.0,703.0,711.0,733.0,754.0,765.0,779.0,809.0,827.0,854.0,867.0,872.0,888.0,916.0,959.0,980.0,981.0,991.0,996.0,
7.0,29.0,68.0,125.0,152.0,200.0,229.0,287.0,292.0,408.0,418.0,468.0,479.0,480.0,504.0,540.0,580.0,658.0,664.0,680.0,687.0,702.0,714.0,740.0,770.0,772.0,812.0,822.0,827.0,875.0,884.0,890.0,904.0,934.0,973.0,
18.0,30.0,42.0,49.0,54.0,92.0,115.0,122.0,144.0,195.0,215.0,248.0,277.0,291.0,298.0,318.0,334.0,337.0,364.0,396.0,417.0,429.0,432.0,452.0,467.0,538.0,604.0,615.0,677.0,712.0,771.0,821.0,826.0,827.0,829.0,848.0,909.0,909.0,912.0,939.0,969.0,
6.0,11.0,36.0,51.0,71.0,102.0,110.0,140.0,170.0,226.0,256.0,285.0,289.0,343.0,349.0,362.0,402.0,445.0,447.0,451.0,452.0,517.0,568.0,610.0,621.0,650.0,687.0,713.0,803.0,807.0,813.0,827.0,895.0,
4.0,42.0,46.0,101.0,103.0,142.0,220.0,262.0,323.0,329.0,381.0,434.0,442.0,456.0,475.0,481.0,505.0,514.0,526.0,553.0,556.0,589.0,617.0,659.0,665.0,697.0,704.0,740.0,790.0,803.0,817.0,871.0,908.0,911.0,991.0,
4.0,50.0,59.0,85.0,114.0,145.0,152.0,254.0,298.0,306.0,325.0,359.0,425.0,482.0,494.0,497.0,504.0,515.0,579.0,629.0,648.0,650.0,677.0,709.0,738.0,751.0,769.0,777.0,816.0,821.0,836.0,837.0,853.0,891.0,908.0,984.0,
2.0,72.0,84.0,88.0,98.0,117.0,167.0,179.0,193.0,305.0,326.0,391.0,409.0,414.0,426.0,500.0,790.0,803.0,957.0,
16.0,44.0,89.0,124.0,127.0,146.0,153.0,164.0,214.0,273.0,277.0,318.0,327.0,327.0,349.0,364.0,383.0,403.0,408.0,470.0,487.0,494.0,496.0,
8.0,70.0,95.0,99.0,104.0,135.0,193.0,213.0,219.0,254.0,267.0,298.0,312.0,314.0,330.0,365.0,372.0,392.0,404.0,406.0,411.0,430.0,802.0,947.0,
7.0,91.0,105.0,130.0,228.0,251.0,252.0,254.0,269.0,358.0,417.0,430.0,443.0,445.0,447.0,462.0,501.0,584.0,602.0,608.0,627.0,656.0,659.0,661.0,663.0,722.0,760.0,767.0,859.0,881.0,896.0,900.0,918.0,919.0,928.0,955.0,978.0,983.0,990.0,
57.0,60.0,81.0,95.0,96.0,221.0,263.0,303.0,304.0,355.0,355.0,408.0,415.0,475.0,481.0,509.0,562.0,587.0,592.0,604.0,649.0,658.0,683.0,692.0,701.0,710.0,753.0,784.0,788.0,801.0,836.0,892.0,902.0,942.0,954.0,982.0,987.0,992.0,
36.0,87.0,96.0,215.0,216.0,222.0,223.0,299.0,300.0,305.0,338.0,356.0,414.0,418.0,419.0,462.0,466.0,499.0,664.0,666.0,692.0,704.0,726.0,736.0,795.0,823.0,827.0,948.0,952.0,955.0,965.0,967.0,
39.0,48.0,71.0,72.0,74.0,77.0,86.0,89.0,112.0,121.0,128.0,136.0,138.0,159.0,176.0,202.0,319.0,322.0,346.0,368.0,378.0,389.0,514.0,514.0,517.0,569.0,601.0,616.0,640.0,676.0,684.0,713.0,737.0,769.0,813.0,828.0,868.0,881.0,892.0,925.0,933.0,944.0,947.0,987.0,997.0,
15.0,23.0,36.0,61.0,77.0,86.0,114.0,243.0,269.0,291.0,299.0,302.0,354.0,358.0,528.0,543.0,596.0,601.0,622.0,639.0,648.0,653.0,669.0,732.0,761.0,803.0,812.0,835.0,879.0,883.0,885.0,888.0,903.0,920.0,965.0,
23.0,27.0,35.0,58.0,101.0,149.0,150.0,155.0,168.0,174.0,196.0,223.0,281.0,286.0,297.0,358.0,367.0,523.0,584.0,591.0,593.0,627.0,636.0,647.0,669.0,686.0,768.0,777.0,781.0,877.0,900.0,904.0,940.0,957.0,997.0,
21.0,31.0,31.0,66.0,129.0,214.0,242.0,276.0,315.0,345.0,348.0,366.0,419.0,441.0,463.0,472.0,490.0,512.0,520.0,551.0,590.0,614.0,618.0,642.0,674.0,745.0,754.0,757.0,789.0,792.0,808.0,834.0,930.0,936.0,948.0,956.0,995.0,
75.0,91.0,117.0,124.0,159.0,190.0,245.0,246.0,252.0,261.0,315.0,344.0,349.0,396.0,401.0,420.0,420.0,423.0,429.0,476.0,496.0,506.0,514.0,563.0,582.0,712.0,715.0,716.0,848.0,859.0,878.0,903.0,950.0,970.0,979.0,981.0,
7.0,10.0,44.0,131.0,172.0,247.0,267.0,339.0,350.0,404.0,416.0,559.0,574.0,591.0,639.0,714.0,744.0,744.0,847.0,865.0,881.0,934.0,936.0,940.0,957.0,958.0,977.0,989.0,
85.0,99.0,100.0,100.0,116.0,118.0,140.0,190.0,212.0,225.0,253.0,396.0,419.0,430.0,441.0,461.0,465.0,465.0,478.0,497.0,512.0,550.0,557.0,562.0,603.0,617.0,674.0,686.0,694.0,720.0,760.0,781.0,781.0,787.0,799.0,817.0,818.0,879.0,885.0,896.0,902.0,915.0,921.0,930.0,935.0,952.0,953.0,955.0,959.0,962.0,978.0,996.0,
14.0,104.0,167.0,243.0,262.0,307.0,308.0,320.0,328.0,374.0,406.0,423.0,435.0,496.0,545.0,570.0,608.0,666.0,682.0,696.0,787.0,789.0,804.0,822.0,833.0,858.0,918.0,941.0,960.0,998.0,
19.0,27.0,55.0,63.0,98.0,196.0,201.0,230.0,231.0,234.0,264.0,306.0,311.0,387.0,405.0,418.0,434.0,459.0,459.0,465.0,469.0,482.0,513.0,517.0,517.0,530.0,626.0,640.0,653.0,658.0,663.0,664.0,670.0,677.0,687.0,726.0,730.0,767.0,774.0,819.0,824.0,829.0,909.0,924.0,942.0,965.0,
49.0,135.0,154.0,159.0,159.0,185.0,215.0,226.0,244.0,246.0,249.0,330.0,334.0,367.0,381.0,387.0,450.0,457.0,462.0,487.0,529.0,539.0,610.0,716.0,785.0,864.0,879.0,935.0,
29.0,43.0,85.0,87.0,143.0,177.0,196.0,200.0,236.0,267.0,281.0,293.0,302.0,307.0,328.0,359.0,418.0,434.0,470.0,488.0,499.0,531.0,542.0,556.0,622.0,626.0,659.0,685.0,698.0,740.0,776.0,789.0,805.0,826.0,850.0,852.0,928.0,934.0,956.0,982.0,998.0,
20.0,48.0,53.0,64.0,71.0,94.0,116.0,146.0,148.0,153.0,203.0,245.0,274.0,277.0,294.0,309.0,325.0,367.0,392.0,394.0,398.0,443.0,502.0,522.0,526.0,635.0,638.0,653.0,665.0,698.0,711.0,735.0,737.0,772.0,794.0,830.0,900.0,994.0,
63.0,67.0,78.0,89.0,117.0,118.0,178.0,185.0,187.0,203.0,253.0,271.0,293.0,333.0,428.0,432.0,441.0,457.0,485.0,533.0,568.0,590.0,611.0,618.0,629.0,653.0,655.0,691.0,781.0,822.0,858.0,864.0,877.0,902.0,956.0,987.0,992.0,
3.0,72.0,113.0,129.0,198.0,213.0,235.0,242.0,297.0,330.0,343.0,344.0,354.0,366.0,374.0,386.0,387.0,463.0,465.0,472.0,491.0,501.0,520.0,540.0,584.0,616.0,674.0,729.0,764.0,767.0,780.0,831.0,845.0,867.0,883.0,924.0,928.0,962.0,972.0,983.0,998.0,
6.0,78.0,87.0,108.0,120.0,224.0,242.0,272.0,324.0,381.0,422.0,445.0,489.0,492.0,512.0,522.0,522.0,573.0,588.0,619.0,641.0,648.0,657.0,676.0,681.0,738.0,759.0,809.0,821.0,822.0,832.0,859.0,881.0,897.0,905.0,916.0,918.0,924.0,942.0,979.0,
8.0,56.0,91.0,127.0,133.0,138.0,192.0,206.0,215.0,226.0,349.0,355.0,369.0,376.0,376.0,397.0,406.0,413.0,416.0,443.0,517.0,524.0,558.0,589.0,590.0,596.0,597.0,655.0,717.0,718.0,720.0,727.0,765.0,766.0,776.0,797.0,866.0,869.0,936.0,943.0,965.0,988.0,
10.0,31.0,54.0,101.0,116.0,166.0,188.0,215.0,260.0,357.0,430.0,556.0,569.0,594.0,601.0,622.0,650.0,682.0,695.0,734.0,740.0,771.0,779.0,782.0,794.0,797.0,886.0,895.0,901.0,917.0,935.0,966.0,
14.0,74.0,163.0,235.0,239.0,259.0,275.0,277.0,293.0,306.0,307.0,313.0,319.0,408.0,410.0,424.0,428.0,489.0,491.0,575.0,594.0,626.0,637.0,648.0,662.0,703.0,720.0,727.0,728.0,738.0,767.0,843.0,857.0,879.0,882.0,895.0,937.0,984.0,
23.0,24.0,38.0,77.0,90.0,143.0,147.0,165.0,173.0,190.0,221.0,251.0,260.0,273.0,306.0,306.0,324.0,343.0,360.0,374.0,384.0,429.0,493.0,531.0,596.0,689.0,694.0,740.0,780.0,803.0,889.0,922.0,937.0,
35.0,66.0,72.0,73.0,79.0,86.0,144.0,167.0,191.0,247.0,259.0,268.0,372.0,377.0,401.0,452.0,454.0,485.0,499.0,508.0,533.0,551.0,589.0,622.0,632.0,639.0,648.0,655.0,672.0,687.0,706.0,732.0,767.0,797.0,797.0,818.0,844.0,888.0,
