39.0,40.0,52.0,65.0,112.0,115.0,127.0,185.0,193.0,203.0,208.0,226.0,281.0,285.0,320.0,375.0,402.0,403.0,451.0,465.0,465.0,468.0,506.0,515.0,516.0,533.0,563.0,628.0,639.0,681.0,683.0,699.0,715.0,716.0,720.0,724.0,763.0,768.0,801.0,802.0,803.0,825.0,835.0,
17.0,19.0,28.0,56.0,65.0,122.0,179.0,215.0,231.0,243.0,275.0,275.0,332.0,349.0,390.0,391.0,398.0,405.0,418.0,481.0,558.0,565.0,581.0,610.0,624.0,683.0,703.0,713.0,714.0,721.0,729.0,729.0,745.0,789.0,802.0,830.0,832.0,838.0,888.0,942.0,967.0,976.0,983.0,
6.0,55.0,83.0,101.0,106.0,126.0,167.0,248.0,254.0,272.0,275.0,291.0,304.0,319.0,365.0,368.0,383.0,396.0,398.0,401.0,411.0,513.0,536.0,540.0,560.0,571.0,572.0,646.0,713.0,727.0,755.0,788.0,836.0,895.0,898.0,969.0,971.0,998.0,
17.0,30.0,57.0,67.0,112.0,126.0,157.0,211.0,220.0,258.0,266.0,268.0,320.0,329.0,404.0,412.0,412.0,418.0,447.0,523.0,532.0,576.0,604.0,648.0,663.0,767.0,776.0,796.0,816.0,819.0,902.0,932.0,941.0,946.0,967.0,975.0,981.0,
65.0,100.0,160.0,188.0,192.0,216.0,239.0,263.0,274.0,287.0,353.0,366.0,367.0,395.0,405.0,516.0,516.0,521.0,531.0,550.0,552.0,554.0,612.0,640.0,648.0,664.0,666.0,682.0,696.0,696.0,757.0,773.0,777.0,803.0,808.0,814.0,827.0,884.0,921.0,949.0,961.0,
82.0,83.0,128.0,151.0,191.0,194.0,294.0,302.0,334.0,345.0,353.0,370.0,389.0,396.0,403.0,406.0,448.0,448.0,479.0,631.0,653.0,671.0,767.0,775.0,811.0,824.0,839.0,892.0,894.0,897.0,899.0,916.0,931.0,990.0,
19.0,44.0,60.0,84.0,103.0,137.0,213.0,313.0,325.0,356.0,431.0,452.0,477.0,482.0,485.0,498.0,532.0,546.0,560.0,566.0,622.0,645.0,653.0,654.0,683.0,697.0,717.0,740.0,741.0,744.0,822.0,824.0,827.0,852.0,925.0,
17.0,25.0,33.0,73.0,91.0,135.0,136.0,140.0,189.0,216.0,327.0,340.0,353.0,388.0,399.0,417.0,431.0,503.0,517.0,532.0,545.0,564.0,658.0,687.0,688.0,731.0,751.0,772.0,795.0,811.0,813.0,842.0,846.0,857.0,874.0,887.0,891.0,909.0,931.0,957.0,978.0,984.0,
26.0,34.0,36.0,91.0,97.0,98.0,106.0,148.0,169.0,193.0,246.0,247.0,292.0,303.0,335.0,343.0,390.0,445.0,446.0,451.0,454.0,460.0,570.0,597.0,606.0,637.0,663.0,675.0,717.0,746.0,754.0,832.0,855.0,871.0,893.0,931.0,996.0,
90.0,190.0,205.0,213.0,222.0,248.0,251.0,306.0,309.0,317.0,401.0,402.0,431.0,435.0,510.0,546.0,550.0,559.0,658.0,714.0,718.0,721.0,742.0,748.0,753.0,803.0,837.0,846.0,861.0,913.0,
7.0,15.0,26.0,51.0,102.0,128.0,139.0,154.0,208.0,233.0,262.0,269.0,312.0,332.0,363.0,363.0,372.0,387.0,468.0,512.0,522.0,566.0,575.0,585.0,589.0,617.0,627.0,631.0,670.0,756.0,803.0,817.0,852.0,866.0,969.0,972.0,981.0,984.0,
30.0,122.0,163.0,201.0,225.0,270.0,279.0,299.0,301.0,303.0,306.0,311.0,324.0,340.0,379.0,443.0,536.0,556.0,586.0,648.0,725.0,770.0,783.0,796.0,891.0,944.0,962.0,993.0,
33.0,42.0,53.0,114.0,126.0,128.0,142.0,159.0,162.0,201.0,217.0,234.0,295.0,328.0,355.0,366.0,399.0,473.0,491.0,496.0,527.0,529.0,552.0,555.0,566.0,585.0,637.0,650.0,676.0,752.0,851.0,854.0,895.0,895.0,914.0,945.0,956.0,984.0,
28.0,83.0,157.0,285.0,299.0,310.0,335.0,347.0,383.0,399.0,401.0,426.0,436.0,487.0,561.0,569.0,605.0,632.0,746.0,777.0,807.0,884.0,890.0,924.0,
35.0,66.0,122.0,152.0,232.0,246.0,262.0,310.0,320.0,348.0,386.0,390.0,451.0,467.0,482.0,488.0,511.0,517.0,532.0,622.0,643.0,698.0,707.0,709.0,749.0,775.0,792.0,814.0,825.0,833.0,941.0,953.0,969.0,
6.0,14.0,39.0,77.0,82.0,89.0,97.0,100.0,207.0,213.0,219.0,239.0,311.0,331.0,389.0,509.0,510.0,528.0,530.0,532.0,609.0,628.0,634.0,758.0,777.0,821.0,835.0,842.0,870.0,890.0,944.0,976.0,977.0,991.0,
19.0,43.0,97.0,99.0,117.0,123.0,149.0,166.0,273.0,289.0,290.0,297.0,303.0,320.0,350.0,354.0,363.0,423.0,479.0,570.0,656.0,751.0,758.0,766.0,810.0,827.0,829.0,840.0,884.0,938.0,942.0,970.0,982.0,999.0,
44.0,124.0,142.0,197.0,213.0,244.0,280.0,288.0,291.0,328.0,378.0,402.0,422.0,457.0,501.0,506.0,527.0,540.0,551.0,566.0,587.0,607.0,660.0,747.0,778.0,787.0,796.0,829.0,829.0,869.0,898.0,903.0,941.0,949.0,950.0,969.0,978.0,
14.0,16.0,59.0,82.0,86.0,101.0,105.0,143.0,195.0,296.0,298.0,315.0,414.0,443.0,487.0,495.0,521.0,557.0,649.0,661.0,666.0,741.0,816.0,870.0,917.0,959.0,995.0,
17.0,26.0,29.0,39.0,43.0,45.0,59.0,77.0,117.0,119.0,128.0,177.0,233.0,261.0,265.0,370.0,383.0,423.0,465.0,469.0,501.0,531.0,533.0,553.0,567.0,601.0,625.0,628.0,642.0,668.0,680.0,689.0,706.0,725.0,731.0,746.0,781.0,803.0,832.0,911.0,974.0,
13.0,15.0,34.0,51.0,52.0,78.0,118.0,133.0,220.0,220.0,255.0,295.0,299.0,306.0,325.0,346.0,385.0,462.0,478.0,488.0,590.0,660.0,690.0,724.0,726.0,751.0,837.0,848.0,905.0,933.0,966.0,
7.0,48.0,54.0,79.0,92.0,134.0,153.0,176.0,223.0,228.0,268.0,286.0,338.0,400.0,407.0,418.0,430.0,461.0,486.0,585.0,602.0,614.0,634.0,672.0,692.0,704.0,722.0,751.0,773.0,815.0,841.0,852.0,867.0,892.0,894.0,913.0,936.0,948.0,948.0,959.0,999.0,
25.0,69.0,83.0,109.0,115.0,147.0,150.0,171.0,219.0,263.0,302.0,304.0,312.0,329.0,356.0,364.0,410.0,412.0,452.0,455.0,460.0,472.0,613.0,632.0,706.0,769.0,810.0,856.0,881.0,888.0,889.0,891.0,931.0,943.0,948.0,984.0,992.0,
67.0,91.0,98.0,111.0,148.0,194.0,207.0,225.0,234.0,237.0,327.0,335.0,423.0,519.0,534.0,575.0,600.0,607.0,617.0,696.0,737.0,782.0,791.0,792.0,795.0,811.0,812.0,825.0,856.0,908.0,932.0,944.0,946.0,978.0,990.0,
113.0,202.0,272.0,311.0,337.0,340.0,351.0,364.0,384.0,401.0,464.0,468.0,511.0,512.0,522.0,552.0,557.0,579.0,581.0,597.0,607.0,631.0,646.0,668.0,683.0,734.0,751.0,793.0,830.0,835.0,895.0,964.0,987.0,992.0,
19.0,46.0,79.0,83.0,97.0,117.0,214.0,215.0,228.0,253.0,280.0,282.0,320.0,339.0,352.0,358.0,371.0,377.0,398.0,407.0,445.0,462.0,466.0,475.0,503.0,514.0,527.0,535.0,547.0,557.0,594.0,597.0,598.0,612.0,620.0,626.0,647.0,675.0,701.0,727.0,759.0,809.0,818.0,837.0,858.0,906.0,915.0,960.0,961.0,974.0,
121.0,136.0,186.0,197.0,226.0,284.0,293.0,303.0,325.0,342.0,373.0,386.0,428.0,430.0,477.0,517.0,530.0,539.0,567.0,610.0,618.0,636.0,708.0,806.0,857.0,864.0,879.0,908.0,924.0,956.0,996.0,
4.0,12.0,23.0,29.0,54.0,109.0,122.0,132.0,208.0,222.0,236.0,249.0,249.0,268.0,277.0,283.0,302.0,409.0,427.0,479.0,511.0,527.0,559.0,606.0,646.0,647.0,650.0,725.0,730.0,735.0,743.0,748.0,773.0,817.0,862.0,867.0,875.0,884.0,931.0,941.0,946.0,960.0,964.0,996.0,998.0,
23.0,138.0,143.0,145.0,175.0,176.0,177.0,259.0,286.0,300.0,388.0,490.0,510.0,564.0,596.0,657.0,683.0,693.0,724.0,744.0,818.0,840.0,842.0,874.0,910.0,914.0,953.0,954.0,
22.0,26.0,84.0,91.0,130.0,133.0,179.0,208.0,242.0,366.0,386.0,391.0,430.0,451.0,478.0,486.0,487.0,517.0,525.0,589.0,597.0,607.0,614.0,619.0,620.0,630.0,630.0,713.0,721.0,721.0,722.0,762.0,772.0,799.0,829.0,859.0,882.0,897.0,898.0,908.0,968.0,
168.0,171.0,211.0,231.0,251.0,338.0,370.0,387.0,433.0,433.0,461.0,466.0,520.0,529.0,548.0,549.0,557.0,619.0,621.0,636.0,637.0,692.0,714.0,743.0,871.0,882.0,883.0,884.0,892.0,926.0,947.0,
15.0,96.0,130.0,136.0,141.0,159.0,219.0,226.0,255.0,402.0,404.0,470.0,523.0,524.0,570.0,610.0,611.0,651.0,691.0,720.0,759.0,879.0,885.0,979.0,
143.0,153.0,191.0,204.0,231.0,268.0,271.0,355.0,386.0,536.0,541.0,590.0,613.0,618.0,637.0,656.0,675.0,679.0,709.0,773.0,831.0,873.0,884.0,905.0,918.0,943.0,961.0,967.0,969.0,983.0,
34.0,57.0,64.0,112.0,115.0,149.0,150.0,209.0,212.0,213.0,254.0,258.0,275.0,286.0,307.0,328.0,343.0,344.0,355.0,376.0,387.0,479.0,481.0,545.0,591.0,606.0,644.0,645.0,710.0,762.0,769.0,782.0,784.0,810.0,838.0,891.0,908.0,921.0,952.0,998.0,
19.0,24.0,54.0,86.0,104.0,131.0,136.0,174.0,203.0,304.0,305.0,307.0,331.0,351.0,396.0,400.0,405.0,423.0,465.0,476.0,487.0,492.0,511.0,512.0,555.0,573.0,605.0,612.0,697.0,703.0,707.0,711.0,745.0,832.0,846.0,854.0,868.0,912.0,941.0,942.0,972.0,990.0,
27.0,57.0,60.0,61.0,130.0,143.0,146.0,171.0,173.0,223.0,241.0,251.0,266.0,291.0,333.0,352.0,355.0,359.0,398.0,406.0,416.0,488.0,493.0,497.0,595.0,611.0,613.0,661.0,688.0,690.0,720.0,728.0,733.0,753.0,781.0,787.0,805.0,834.0,877.0,878.0,902.0,905.0,915.0,935.0,952.0,953.0,956.0,958.0,991.0,992.0,996.0,
4.0,8.0,58.0,102.0,106.0,130.0,148.0,150.0,173.0,213.0,233.0,238.0,242.0,268.0,283.0,310.0,334.0,377.0,401.0,414.0,422.0,429.0,431.0,432.0,492.0,537.0,560.0,573.0,575.0,608.0,665.0,667.0,684.0,686.0,697.0,708.0,718.0,765.0,801.0,866.0,870.0,885.0,946.0,975.0,979.0,993.0,
79.0,160.0,216.0,222.0,238.0,245.0,249.0,275.0,287.0,304.0,335.0,371.0,378.0,383.0,406.0,424.0,432.0,456.0,464.0,506.0,513.0,536.0,562.0,588.0,617.0,630.0,637.0,643.0,699.0,724.0,737.0,739.0,790.0,794.0,795.0,871.0,872.0,911.0,916.0,919.0,939.0,960.0,966.0,988.0,
21.0,25.0,54.0,60.0,64.0,65.0,68.0,158.0,173.0,260.0,263.0,273.0,292.0,327.0,330.0,357.0,360.0,386.0,517.0,581.0,592.0,631.0,636.0,637.0,750.0,753.0,802.0,821.0,889.0,903.0,908.0,953.0,
6.0,18.0,55.0,62.0,76.0,78.0,205.0,209.0,253.0,282.0,318.0,352.0,355.0,395.0,403.0,417.0,446.0,468.0,470.0,497.0,512.0,515.0,558.0,609.0,682.0,685.0,724.0,728.0,729.0,747.0,753.0,763.0,789.0,802.0,818.0,836.0,856.0,881.0,887.0,909.0,940.0,959.0,960.0,965.0,969.0,
15.0,62.0,80.0,129.0,140.0,145.0,169.0,204.0,207.0,211.0,230.0,234.0,257.0,266.0,322.0,324.0,329.0,357.0,387.0,458.0,462.0,484.0,509.0,531.0,543.0,575.0,646.0,665.0,707.0,740.0,771.0,806.0,879.0,922.0,924.0,934.0,938.0,939.0,981.0,
23.0,61.0,61.0,106.0,109.0,130.0,158.0,242.0,266.0,276.0,298.0,340.0,389.0,418.0,480.0,533.0,553.0,592.0,666.0,681.0,683.0,685.0,690.0,752.0,777.0,802.0,809.0,818.0,820.0,855.0,869.0,909.0,917.0,951.0,962.0,962.0,973.0,995.0,
9.0,35.0,40.0,53.0,54.0,61.0,66.0,73.0,108.0,109.0,238.0,250.0,262.0,277.0,292.0,317.0,329.0,345.0,347.0,359.0,370.0,441.0,473.0,483.0,625.0,674.0,701.0,849.0,974.0,
18.0,44.0,54.0,63.0,78.0,98.0,137.0,202.0,247.0,268.0,305.0,307.0,311.0,319.0,330.0,341.0,354.0,363.0,375.0,396.0,418.0,427.0,458.0,499.0,545.0,566.0,603.0,609.0,639.0,648.0,659.0,660.0,691.0,699.0,714.0,782.0,816.0,836.0,839.0,885.0,953.0,967.0,
2.0,10.0,13.0,22.0,44.0,47.0,81.0,90.0,95.0,98.0,139.0,143.0,273.0,285.0,336.0,447.0,452.0,551.0,600.0,632.0,680.0,682.0,721.0,728.0,755.0,812.0,849.0,857.0,860.0,885.0,897.0,901.0,925.0,931.0,970.0,985.0,
40.0,126.0,138.0,146.0,165.0,170.0,207.0,277.0,316.0,390.0,403.0,481.0,507.0,532.0,576.0,577.0,589.0,623.0,625.0,711.0,766.0,783.0,826.0,850.0,872.0,882.0,903.0,908.0,942.0,969.0,
9.0,59.0,76.0,85.0,91.0,101.0,105.0,130.0,151.0,217.0,227.0,241.0,258.0,264.0,279.0,281.0,282.0,294.0,337.0,380.0,410.0,416.0,435.0,482.0,494.0,522.0,528.0,563.0,597.0,599.0,631.0,656.0,666.0,704.0,717.0,756.0,770.0,801.0,805.0,833.0,869.0,875.0,885.0,943.0,995.0,1000.0,
3.0,20.0,48.0,62.0,63.0,86.0,102.0,142.0,180.0,206.0,206.0,216.0,259.0,266.0,267.0,282.0,365.0,425.0,438.0,463.0,491.0,581.0,653.0,670.0,687.0,738.0,749.0,750.0,758.0,762.0,821.0,883.0,890.0,894.0,910.0,931.0,958.0,994.0,
19.0,41.0,48.0,56.0,60.0,123.0,155.0,164.0,205.0,242.0,273.0,305.0,338.0,376.0,383.0,393.0,475.0,480.0,481.0,571.0,593.0,618.0,635.0,700.0,722.0,740.0,749.0,785.0,857.0,863.0,972.0,
49.0,51.0,78.0,135.0,147.0,152.0,158.0,164.0,168.0,175.0,175.0,316.0,369.0,437.0,439.0,473.0,528.0,537.0,565.0,581.0,588.0,602.0,648.0,676.0,691.0,738.0,790.0,833.0,835.0,839.0,865.0,892.0,920.0,934.0,952.0,955.0,
5.0,30.0,40.0,69.0,89.0,115.0,125.0,134.0,153.0,317.0,349.0,352.0,357.0,440.0,483.0,486.0,500.0,503.0,507.0,542.0,545.0,547.0,649.0,666.0,690.0,701.0,713.0,737.0,756.0,774.0,789.0,796.0,805.0,808.0,848.0,943.0,944.0,951.0,951.0,966.0,966.0,
16.0,18.0,26.0,41.0,45.0,60.0,61.0,160.0,163.0,182.0,341.0,349.0,401.0,425.0,444.0,446.0,588.0,647.0,696.0,710.0,741.0,744.0,744.0,747.0,770.0,868.0,886.0,910.0,915.0,921.0,923.0,979.0,983.0,987.0,993.0,
49.0,95.0,118.0,166.0,167.0,172.0,202.0,236.0,242.0,273.0,294.0,320.0,334.0,356.0,383.0,384.0,410.0,483.0,488.0,524.0,553.0,573.0,728.0,749.0,770.0,778.0,864.0,883.0,886.0,898.0,920.0,924.0,945.0,996.0,
27.0,152.0,176.0,220.0,260.0,292.0,332.0,342.0,347.0,442.0,446.0,466.0,490.0,517.0,569.0,582.0,620.0,631.0,657.0,668.0,679.0,718.0,729.0,748.0,752.0,759.0,773.0,829.0,836.0,839.0,867.0,893.0,916.0,939.0,
58.0,104.0,110.0,117.0,123.0,233.0,285.0,293.0,344.0,355.0,405.0,544.0,552.0,588.0,603.0,605.0,649.0,687.0,711.0,765.0,774.0,779.0,799.0,801.0,808.0,854.0,867.0,880.0,881.0,892.0,919.0,953.0,994.0,
22.0,37.0,116.0,137.0,140.0,159.0,162.0,187.0,196.0,205.0,213.0,251.0,269.0,306.0,314.0,354.0,357.0,395.0,401.0,413.0,476.0,486.0,514.0,517.0,517.0,524.0,539.0,564.0,566.0,566.0,568.0,575.0,577.0,581.0,583.0,587.0,588.0,596.0,597.0,609.0,615.0,616.0,630.0,645.0,661.0,662.0,664.0,673.0,685.0,689.0,701.0,712.0,729.0,746.0,748.0,764.0,767.0,777.0,783.0,791.0,817.0,821.0,859.0,859.0,870.0,873.0,890.0,896.0,909.0,913.0,925.0,930.0,956.0,961.0,962.0,966.0,977.0,
26.0,38.0,42.0,102.0,118.0,134.0,142.0,156.0,181.0,220.0,226.0,233.0,256.0,256.0,288.0,317.0,327.0,359.0,439.0,476.0,504.0,523.0,528.0,543.0,545.0,549.0,550.0,556.0,559.0,568.0,580.0,581.0,587.0,622.0,678.0,693.0,726.0,759.0,771.0,817.0,831.0,838.0,850.0,854.0,946.0,956.0,971.0,
20.0,37.0,56.0,56.0,107.0,169.0,218.0,291.0,309.0,322.0,337.0,352.0,354.0,368.0,424.0,443.0,491.0,509.0,575.0,609.0,619.0,622.0,636.0,667.0,699.0,700.0,712.0,726.0,737.0,762.0,815.0,823.0,835.0,836.0,862.0,879.0,912.0,949.0,966.0,
87.0,89.0,118.0,164.0,299.0,307.0,308.0,394.0,397.0,399.0,408.0,457.0,461.0,478.0,511.0,557.0,652.0,699.0,711.0,716.0,728.0,755.0,863.0,877.0,916.0,971.0,974.0,979.0,980.0,
16.0,25.0,30.0,33.0,53.0,111.0,119.0,124.0,144.0,169.0,255.0,297.0,304.0,304.0,341.0,351.0,362.0,401.0,461.0,480.0,511.0,514.0,540.0,547.0,552.0,554.0,559.0,578.0,590.0,638.0,726.0,736.0,776.0,822.0,894.0,907.0,917.0,931.0,950.0,953.0,961.0,
13.0,34.0,162.0,164.0,212.0,227.0,242.0,265.0,285.0,302.0,328.0,400.0,405.0,506.0,540.0,680.0,707.0,708.0,719.0,742.0,759.0,770.0,837.0,847.0,889.0,896.0,981.0,
15.0,19.0,27.0,84.0,109.0,125.0,126.0,151.0,164.0,207.0,215.0,223.0,224.0,233.0,265.0,300.0,353.0,397.0,402.0,418.0,418.0,458.0,484.0,538.0,552.0,563.0,648.0,675.0,711.0,715.0,747.0,753.0,781.0,799.0,904.0,908.0,909.0,934.0,977.0,978.0,986.0,
33.0,37.0,40.0,45.0,68.0,115.0,121.0,146.0,210.0,220.0,250.0,250.0,273.0,306.0,337.0,338.0,345.0,373.0,385.0,385.0,389.0,393.0,396.0,412.0,421.0,467.0,488.0,501.0,502.0,509.0,558.0,566.0,576.0,635.0,644.0,658.0,668.0,672.0,676.0,679.0,690.0,705.0,760.0,790.0,807.0,831.0,845.0,877.0,891.0,897.0,919.0,985.0,989.0,
101.0,104.0,150.0,163.0,194.0,205.0,235.0,346.0,364.0,365.0,372.0,391.0,496.0,517.0,550.0,556.0,559.0,575.0,577.0,610.0,635.0,659.0,663.0,672.0,689.0,713.0,717.0,729.0,768.0,851.0,892.0,942.0,976.0,984.0,
35.0,49.0,85.0,104.0,114.0,142.0,175.0,242.0,291.0,297.0,299.0,305.0,316.0,329.0,379.0,412.0,421.0,487.0,502.0,538.0,553.0,557.0,622.0,667.0,744.0,787.0,803.0,812.0,878.0,929.0,934.0,942.0,
4.0,76.0,76.0,126.0,161.0,225.0,230.0,280.0,281.0,289.0,468.0,471.0,483.0,500.0,517.0,535.0,544.0,554.0,561.0,566.0,616.0,617.0,625.0,643.0,650.0,659.0,678.0,685.0,749.0,750.0,800.0,806.0,819.0,853.0,871.0,877.0,894.0,909.0,915.0,933.0,948.0,958.0,997.0,
49.0,76.0,105.0,106.0,119.0,141.0,186.0,190.0,192.0,273.0,289.0,320.0,328.0,375.0,376.0,378.0,389.0,407.0,427.0,470.0,518.0,524.0,548.0,580.0,593.0,620.0,621.0,693.0,745.0,771.0,772.0,798.0,810.0,811.0,814.0,844.0,861.0,882.0,897.0,904.0,909.0,943.0,962.0,968.0,987.0,
12.0,28.0,29.0,71.0,74.0,102.0,150.0,159.0,164.0,223.0,279.0,311.0,328.0,355.0,359.0,375.0,416.0,420.0,421.0,421.0,444.0,466.0,498.0,519.0,523.0,594.0,595.0,597.0,598.0,681.0,693.0,694.0,714.0,756.0,791.0,838.0,903.0,911.0,918.0,946.0,952.0,956.0,963.0,984.0,
11.0,11.0,75.0,147.0,155.0,166.0,237.0,320.0,440.0,458.0,498.0,509.0,520.0,574.0,588.0,622.0,652.0,653.0,666.0,704.0,727.0,738.0,799.0,818.0,853.0,870.0,931.0,938.0,964.0,966.0,
5.0,53.0,76.0,77.0,145.0,196.0,205.0,234.0,256.0,261.0,376.0,390.0,497.0,505.0,728.0,732.0,745.0,762.0,777.0,794.0,904.0,905.0,933.0,
24.0,35.0,77.0,83.0,175.0,177.0,180.0,205.0,213.0,244.0,280.0,284.0,285.0,301.0,311.0,315.0,335.0,397.0,411.0,416.0,440.0,475.0,502.0,549.0,551.0,557.0,562.0,563.0,568.0,573.0,593.0,655.0,655.0,676.0,700.0,781.0,787.0,788.0,794.0,805.0,824.0,850.0,851.0,862.0,919.0,921.0,949.0,964.0,985.0,
57.0,86.0,97.0,103.0,121.0,155.0,205.0,206.0,244.0,266.0,337.0,338.0,347.0,364.0,402.0,445.0,450.0,468.0,477.0,506.0,526.0,587.0,624.0,624.0,635.0,647.0,678.0,717.0,755.0,758.0,762.0,778.0,798.0,809.0,831.0,838.0,901.0,922.0,979.0,984.0,993.0,
18.0,40.0,169.0,172.0,172.0,236.0,244.0,259.0,273.0,287.0,294.0,327.0,341.0,348.0,453.0,457.0,486.0,508.0,589.0,591.0,595.0,620.0,657.0,676.0,734.0,754.0,765.0,767.0,769.0,769.0,808.0,820.0,876.0,894.0,942.0,953.0,969.0,988.0,999.0,
21.0,45.0,91.0,120.0,143.0,186.0,219.0,254.0,255.0,269.0,279.0,310.0,310.0,316.0,341.0,345.0,375.0,385.0,393.0,432.0,434.0,500.0,514.0,621.0,664.0,725.0,727.0,773.0,783.0,795.0,811.0,817.0,851.0,884.0,913.0,934.0,947.0,950.0,996.0,
9.0,75.0,76.0,84.0,132.0,133.0,201.0,217.0,269.0,303.0,303.0,361.0,387.0,398.0,411.0,418.0,428.0,523.0,524.0,527.0,530.0,548.0,566.0,588.0,642.0,645.0,726.0,750.0,822.0,872.0,900.0,932.0,967.0,989.0,993.0,
21.0,46.0,58.0,66.0,108.0,136.0,187.0,227.0,227.0,247.0,262.0,263.0,264.0,295.0,304.0,356.0,407.0,447.0,511.0,545.0,573.0,618.0,645.0,650.0,702.0,741.0,748.0,780.0,794.0,822.0,852.0,883.0,911.0,912.0,930.0,974.0,977.0,
3.0,10.0,20.0,27.0,74.0,80.0,189.0,203.0,206.0,267.0,276.0,314.0,321.0,350.0,368.0,476.0,497.0,504.0,515.0,517.0,541.0,542.0,546.0,549.0,598.0,637.0,637.0,669.0,685.0,708.0,733.0,859.0,871.0,891.0,906.0,908.0,980.0,
16.0,19.0,48.0,64.0,87.0,95.0,156.0,219.0,292.0,297.0,320.0,321.0,387.0,393.0,442.0,457.0,457.0,468.0,493.0,579.0,585.0,592.0,595.0,630.0,631.0,679.0,695.0,697.0,730.0,754.0,784.0,791.0,797.0,799.0,808.0,821.0,827.0,830.0,844.0,866.0,950.0,979.0,984.0,
31.0,40.0,61.0,85.0,100.0,105.0,126.0,203.0,211.0,217.0,304.0,317.0,379.0,390.0,396.0,413.0,494.0,520.0,535.0,544.0,561.0,601.0,652.0,658.0,708.0,731.0,812.0,835.0,836.0,855.0,889.0,891.0,962.0,962.0,1000.0,
33.0,59.0,98.0,150.0,161.0,164.0,210.0,259.0,271.0,306.0,307.0,328.0,348.0,358.0,384.0,393.0,399.0,401.0,405.0,406.0,408.0,436.0,447.0,609.0,610.0,650.0,655.0,683.0,762.0,796.0,807.0,838.0,880.0,886.0,922.0,925.0,973.0,
81.0,104.0,117.0,199.0,213.0,245.0,256.0,271.0,311.0,340.0,345.0,358.0,375.0,409.0,411.0,519.0,542.0,621.0,624.0,631.0,667.0,776.0,783.0,863.0,880.0,882.0,926.0,928.0,952.0,959.0,964.0,979.0,
17.0,43.0,139.0,154.0,161.0,182.0,233.0,237.0,265.0,291.0,303.0,309.0,348.0,419.0,463.0,469.0,473.0,473.0,495.0,558.0,559.0,566.0,600.0,619.0,721.0,734.0,745.0,746.0,749.0,810.0,829.0,835.0,837.0,857.0,869.0,902.0,906.0,
16.0,127.0,137.0,160.0,161.0,227.0,255.0,264.0,267.0,306.0,327.0,352.0,410.0,473.0,489.0,515.0,520.0,544.0,550.0,593.0,600.0,606.0,606.0,611.0,615.0,627.0,649.0,669.0,700.0,719.0,722.0,723.0,740.0,765.0,801.0,811.0,815.0,832.0,846.0,887.0,937.0,945.0,959.0,972.0,977.0,977.0,982.0,988.0,992.0,
36.0,49.0,113.0,132.0,174.0,209.0,243.0,304.0,320.0,324.0,342.0,345.0,397.0,400.0,427.0,514.0,526.0,605.0,635.0,709.0,731.0,732.0,739.0,742.0,784.0,803.0,872.0,922.0,963.0,995.0,
14.0,77.0,87.0,97.0,131.0,163.0,165.0,181.0,184.0,217.0,230.0,262.0,327.0,357.0,374.0,422.0,433.0,441.0,475.0,527.0,536.0,566.0,568.0,642.0,713.0,724.0,731.0,743.0,755.0,761.0,773.0,788.0,798.0,799.0,825.0,837.0,870.0,882.0,999.0,
64.0,163.0,174.0,194.0,235.0,247.0,278.0,280.0,307.0,321.0,346.0,546.0,568.0,585.0,603.0,610.0,616.0,643.0,645.0,681.0,760.0,772.0,782.0,788.0,798.0,817.0,828.0,851.0,892.0,907.0,916.0,917.0,955.0,
7.0,35.0,46.0,83.0,111.0,128.0,131.0,134.0,170.0,193.0,195.0,218.0,244.0,246.0,250.0,255.0,259.0,262.0,264.0,283.0,306.0,358.0,391.0,393.0,419.0,421.0,427.0,435.0,473.0,490.0,513.0,546.0,566.0,639.0,649.0,670.0,674.0,729.0,756.0,765.0,776.0,801.0,846.0,854.0,879.0,938.0,966.0,967.0,977.0,
28.0,71.0,81.0,84.0,86.0,89.0,94.0,111.0,125.0,138.0,226.0,250.0,316.0,330.0,339.0,347.0,376.0,395.0,448.0,498.0,577.0,650.0,758.0,768.0,790.0,855.0,884.0,902.0,961.0,965.0,974.0,989.0,
3.0,8.0,178.0,220.0,268.0,304.0,360.0,374.0,393.0,411.0,432.0,461.0,479.0,495.0,548.0,560.0,567.0,583.0,588.0,645.0,658.0,660.0,665.0,679.0,688.0,689.0,719.0,720.0,808.0,811.0,817.0,837.0,867.0,872.0,892.0,898.0,
5.0,21.0,92.0,94.0,108.0,119.0,159.0,194.0,277.0,295.0,306.0,320.0,343.0,393.0,412.0,413.0,416.0,489.0,530.0,560.0,571.0,677.0,684.0,733.0,739.0,808.0,883.0,919.0,943.0,946.0,963.0,971.0,973.0,980.0,
32.0,62.0,93.0,105.0,114.0,136.0,143.0,159.0,176.0,184.0,196.0,213.0,227.0,273.0,281.0,381.0,428.0,449.0,457.0,460.0,487.0,512.0,513.0,538.0,594.0,624.0,662.0,682.0,692.0,722.0,741.0,798.0,806.0,862.0,933.0,977.0,978.0,981.0,
35.0,36.0,51.0,52.0,74.0,97.0,131.0,170.0,174.0,183.0,252.0,274.0,280.0,287.0,294.0,306.0,323.0,341.0,350.0,367.0,394.0,403.0,406.0,414.0,444.0,452.0,478.0,479.0,493.0,498.0,561.0,579.0,636.0,709.0,806.0,810.0,831.0,831.0,854.0,870.0,893.0,901.0,906.0,955.0,963.0,970.0,
8.0,46.0,47.0,86.0,210.0,213.0,231.0,276.0,393.0,395.0,398.0,415.0,469.0,479.0,481.0,548.0,572.0,577.0,617.0,619.0,630.0,655.0,671.0,680.0,691.0,699.0,704.0,723.0,768.0,837.0,884.0,938.0,
5.0,35.0,51.0,55.0,70.0,120.0,170.0,176.0,213.0,216.0,226.0,259.0,290.0,316.0,361.0,374.0,376.0,422.0,457.0,477.0,497.0,511.0,630.0,657.0,707.0,729.0,742.0,808.0,812.0,819.0,825.0,887.0,918.0,937.0,951.0,958.0,976.0,978.0,
129.0,133.0,147.0,223.0,267.0,352.0,358.0,419.0,434.0,458.0,476.0,514.0,573.0,586.0,633.0,639.0,657.0,680.0,684.0,696.0,700.0,717.0,747.0,761.0,778.0,846.0,911.0,927.0,934.0,955.0,974.0,
16.0,87.0,98.0,113.0,137.0,147.0,190.0,207.0,213.0,236.0,302.0,313.0,386.0,501.0,546.0,587.0,627.0,649.0,657.0,680.0,687.0,702.0,703.0,713.0,726.0,733.0,739.0,741.0,762.0,763.0,771.0,787.0,815.0,838.0,856.0,884.0,916.0,983.0,
9.0,41.0,100.0,118.0,129.0,186.0,226.0,270.0,271.0,273.0,295.0,312.0,321.0,321.0,380.0,390.0,416.0,437.0,438.0,467.0,507.0,522.0,585.0,608.0,661.0,715.0,720.0,735.0,802.0,803.0,817.0,821.0,859.0,864.0,985.0,996.0,
47.0,189.0,254.0,262.0,275.0,280.0,365.0,396.0,400.0,401.0,414.0,417.0,441.0,452.0,457.0,516.0,556.0,564.0,565.0,572.0,636.0,649.0,656.0,677.0,688.0,708.0,726.0,743.0,781.0,789.0,814.0,822.0,838.0,840.0,850.0,872.0,873.0,902.0,973.0,979.0,988.0,
46.0,47.0,70.0,76.0,139.0,171.0,176.0,193.0,216.0,247.0,294.0,304.0,320.0,337.0,346.0,359.0,369.0,380.0,383.0,420.0,423.0,424.0,450.0,492.0,516.0,528.0,530.0,548.0,552.0,628.0,664.0,706.0,729.0,820.0,841.0,851.0,920.0,
5.0,17.0,33.0,50.0,56.0,66.0,80.0,97.0,124.0,131.0,152.0,184.0,193.0,250.0,297.0,306.0,307.0,322.0,329.0,331.0,346.0,351.0,366.0,367.0,369.0,436.0,450.0,453.0,503.0,554.0,576.0,580.0,596.0,609.0,646.0,698.0,698.0,766.0,769.0,777.0,808.0,813.0,819.0,840.0,860.0,872.0,873.0,880.0,892.0,914.0,940.0,
