12.0,34.0,47.0,64.0,81.0,121.0,176.0,197.0,241.0,312.0,416.0,436.0,448.0,450.0,480.0,521.0,551.0,568.0,617.0,620.0,643.0,729.0,743.0,744.0,776.0,811.0,836.0,841.0,842.0,901.0,969.0,977.0,991.0,997.0,
2.0,13.0,72.0,122.0,136.0,176.0,177.0,219.0,225.0,311.0,373.0,482.0,577.0,581.0,621.0,626.0,665.0,756.0,763.0,786.0,789.0,827.0,832.0,846.0,861.0,876.0,889.0,931.0,959.0,999.0,
19.0,24.0,48.0,74.0,107.0,118.0,128.0,157.0,194.0,194.0,198.0,210.0,239.0,282.0,331.0,344.0,344.0,373.0,386.0,458.0,466.0,479.0,521.0,596.0,622.0,640.0,645.0,686.0,690.0,713.0,791.0,829.0,837.0,843.0,865.0,867.0,870.0,913.0,945.0,951.0,962.0,979.0,
45.0,57.0,80.0,109.0,150.0,171.0,191.0,203.0,207.0,208.0,238.0,241.0,259.0,259.0,288.0,296.0,319.0,343.0,401.0,417.0,433.0,489.0,591.0,602.0,641.0,647.0,703.0,747.0,753.0,769.0,773.0,783.0,825.0,844.0,861.0,875.0,879.0,890.0,892.0,902.0,904.0,925.0,948.0,950.0,972.0,975.0,989.0,993.0,
171.0,184.0,191.0,221.0,240.0,266.0,305.0,319.0,366.0,407.0,413.0,443.0,495.0,649.0,663.0,681.0,711.0,714.0,739.0,753.0,811.0,829.0,833.0,845.0,875.0,888.0,961.0,
10.0,64.0,115.0,125.0,173.0,201.0,312.0,325.0,418.0,507.0,734.0,782.0,801.0,853.0,860.0,875.0,888.0,961.0,963.0,980.0,
32.0,77.0,103.0,124.0,124.0,129.0,138.0,156.0,187.0,208.0,249.0,284.0,300.0,343.0,343.0,348.0,352.0,364.0,389.0,410.0,413.0,417.0,433.0,451.0,509.0,698.0,723.0,728.0,743.0,757.0,768.0,779.0,780.0,814.0,815.0,839.0,877.0,950.0,964.0,987.0,992.0,
3.0,9.0,29.0,93.0,332.0,353.0,379.0,403.0,421.0,442.0,466.0,476.0,483.0,508.0,509.0,582.0,629.0,641.0,673.0,685.0,741.0,749.0,781.0,792.0,800.0,888.0,898.0,904.0,917.0,937.0,953.0,968.0,975.0,979.0,
3.0,7.0,49.0,50.0,52.0,79.0,100.0,170.0,178.0,221.0,245.0,268.0,272.0,279.0,288.0,314.0,353.0,410.0,507.0,529.0,576.0,583.0,681.0,690.0,739.0,743.0,746.0,765.0,765.0,771.0,782.0,807.0,809.0,827.0,839.0,861.0,864.0,866.0,888.0,893.0,902.0,912.0,987.0,993.0,994.0,
5.0,19.0,49.0,53.0,62.0,70.0,96.0,130.0,133.0,157.0,213.0,236.0,260.0,323.0,324.0,427.0,487.0,498.0,529.0,540.0,543.0,555.0,569.0,576.0,579.0,582.0,605.0,649.0,650.0,652.0,669.0,689.0,695.0,724.0,725.0,730.0,765.0,839.0,849.0,874.0,881.0,893.0,926.0,
4.0,55.0,119.0,159.0,160.0,172.0,239.0,255.0,269.0,290.0,291.0,363.0,394.0,436.0,442.0,456.0,459.0,465.0,496.0,502.0,538.0,560.0,565.0,575.0,582.0,598.0,605.0,618.0,678.0,686.0,780.0,813.0,865.0,879.0,880.0,888.0,889.0,898.0,901.0,937.0,943.0,990.0,992.0,
37.0,40.0,47.0,79.0,80.0,113.0,125.0,169.0,194.0,208.0,212.0,222.0,246.0,252.0,298.0,314.0,332.0,369.0,385.0,407.0,410.0,448.0,460.0,468.0,494.0,502.0,510.0,540.0,545.0,551.0,561.0,562.0,601.0,627.0,633.0,651.0,702.0,726.0,766.0,775.0,787.0,800.0,808.0,822.0,853.0,899.0,993.0,
29.0,87.0,95.0,139.0,161.0,172.0,280.0,338.0,361.0,361.0,381.0,391.0,417.0,438.0,454.0,485.0,707.0,766.0,782.0,904.0,955.0,
56.0,74.0,77.0,140.0,171.0,199.0,214.0,382.0,453.0,465.0,467.0,
22.0,40.0,77.0,106.0,116.0,147.0,219.0,223.0,240.0,259.0,269.0,289.0,304.0,363.0,366.0,466.0,
4.0,8.0,52.0,71.0,84.0,130.0,192.0,243.0,320.0,384.0,423.0,439.0,452.0,493.0,500.0,
22.0,58.0,123.0,141.0,150.0,159.0,196.0,221.0,286.0,325.0,326.0,344.0,359.0,365.0,448.0,486.0,504.0,
22.0,57.0,136.0,188.0,324.0,360.0,375.0,386.0,388.0,478.0,486.0,
30.0,31.0,76.0,79.0,93.0,199.0,230.0,240.0,243.0,287.0,317.0,317.0,347.0,428.0,506.0,656.0,662.0,728.0,748.0,766.0,841.0,848.0,864.0,963.0,
20.0,29.0,112.0,118.0,151.0,173.0,251.0,291.0,295.0,300.0,322.0,373.0,402.0,419.0,453.0,501.0,509.0,514.0,643.0,663.0,679.0,712.0,720.0,750.0,757.0,777.0,788.0,801.0,811.0,818.0,897.0,929.0,947.0,967.0,971.0,980.0,999.0,
3.0,3.0,13.0,21.0,37.0,91.0,189.0,207.0,230.0,232.0,238.0,241.0,307.0,346.0,390.0,393.0,433.0,437.0,550.0,552.0,575.0,596.0,609.0,650.0,662.0,681.0,683.0,694.0,710.0,731.0,732.0,732.0,735.0,787.0,800.0,865.0,878.0,882.0,883.0,931.0,937.0,969.0,
85.0,114.0,136.0,150.0,161.0,205.0,215.0,220.0,253.0,261.0,274.0,287.0,294.0,360.0,360.0,373.0,421.0,425.0,452.0,476.0,479.0,680.0,755.0,785.0,802.0,926.0,939.0,981.0,994.0,
24.0,31.0,41.0,94.0,97.0,98.0,112.0,134.0,168.0,222.0,278.0,284.0,321.0,323.0,329.0,337.0,341.0,343.0,388.0,393.0,398.0,420.0,431.0,483.0,494.0,
18.0,25.0,30.0,71.0,91.0,119.0,123.0,127.0,159.0,162.0,180.0,221.0,227.0,307.0,315.0,343.0,372.0,426.0,460.0,503.0,855.0,927.0,989.0,
4.0,12.0,76.0,109.0,140.0,180.0,188.0,189.0,191.0,214.0,316.0,321.0,329.0,346.0,365.0,375.0,392.0,397.0,404.0,405.0,437.0,468.0,491.0,501.0,504.0,957.0,
13.0,34.0,134.0,141.0,160.0,201.0,267.0,284.0,307.0,351.0,388.0,446.0,456.0,497.0,911.0,
14.0,15.0,61.0,71.0,76.0,81.0,97.0,138.0,168.0,186.0,222.0,254.0,264.0,293.0,320.0,320.0,333.0,428.0,741.0,796.0,841.0,867.0,925.0,976.0,
2.0,7.0,24.0,38.0,46.0,77.0,91.0,120.0,152.0,172.0,184.0,287.0,317.0,320.0,367.0,408.0,420.0,485.0,849.0,912.0,914.0,982.0,
4.0,23.0,35.0,99.0,133.0,174.0,245.0,249.0,283.0,290.0,343.0,406.0,409.0,423.0,475.0,477.0,
14.0,32.0,65.0,81.0,111.0,112.0,124.0,146.0,200.0,202.0,224.0,277.0,335.0,414.0,415.0,421.0,451.0,477.0,503.0,750.0,791.0,802.0,806.0,974.0,987.0,992.0,996.0,998.0,
37.0,57.0,73.0,75.0,83.0,112.0,116.0,128.0,137.0,146.0,180.0,221.0,245.0,252.0,282.0,300.0,366.0,438.0,459.0,471.0,579.0,589.0,658.0,694.0,756.0,780.0,800.0,806.0,828.0,849.0,870.0,871.0,888.0,920.0,924.0,925.0,931.0,934.0,948.0,954.0,978.0,984.0,
42.0,109.0,115.0,165.0,180.0,184.0,241.0,268.0,280.0,348.0,417.0,418.0,428.0,432.0,443.0,480.0,488.0,
4.0,51.0,60.0,64.0,80.0,114.0,137.0,138.0,159.0,160.0,228.0,236.0,241.0,254.0,278.0,291.0,326.0,330.0,412.0,420.0,427.0,447.0,457.0,466.0,473.0,477.0,497.0,508.0,820.0,939.0,963.0,
15.0,59.0,65.0,80.0,122.0,140.0,172.0,227.0,258.0,267.0,309.0,355.0,404.0,404.0,487.0,816.0,900.0,902.0,909.0,942.0,
31.0,33.0,65.0,92.0,98.0,157.0,185.0,194.0,222.0,230.0,305.0,348.0,379.0,417.0,421.0,469.0,490.0,492.0,822.0,861.0,878.0,894.0,922.0,968.0,973.0,
17.0,79.0,84.0,91.0,120.0,223.0,224.0,279.0,363.0,437.0,439.0,446.0,483.0,488.0,809.0,936.0,938.0,950.0,
10.0,14.0,54.0,62.0,65.0,70.0,76.0,102.0,174.0,185.0,197.0,208.0,221.0,240.0,268.0,288.0,291.0,292.0,303.0,304.0,333.0,358.0,366.0,408.0,438.0,460.0,475.0,481.0,829.0,879.0,920.0,927.0,940.0,988.0,
12.0,18.0,73.0,108.0,146.0,154.0,159.0,161.0,198.0,199.0,207.0,222.0,241.0,251.0,303.0,310.0,321.0,323.0,332.0,389.0,422.0,440.0,462.0,814.0,861.0,879.0,898.0,937.0,998.0,
67.0,85.0,264.0,272.0,278.0,336.0,338.0,346.0,355.0,362.0,377.0,398.0,433.0,434.0,451.0,462.0,904.0,948.0,985.0,
72.0,80.0,104.0,106.0,108.0,134.0,177.0,183.0,192.0,220.0,225.0,254.0,256.0,384.0,414.0,475.0,479.0,503.0,
12.0,21.0,188.0,205.0,223.0,236.0,276.0,282.0,295.0,317.0,345.0,446.0,473.0,475.0,502.0,649.0,704.0,715.0,766.0,833.0,906.0,914.0,998.0,
8.0,53.0,61.0,77.0,127.0,131.0,294.0,314.0,356.0,429.0,460.0,
3.0,3.0,36.0,37.0,37.0,44.0,66.0,120.0,126.0,128.0,183.0,186.0,192.0,229.0,234.0,260.0,287.0,297.0,300.0,320.0,347.0,371.0,376.0,417.0,433.0,835.0,
6.0,19.0,26.0,69.0,80.0,90.0,108.0,136.0,164.0,224.0,255.0,289.0,309.0,343.0,347.0,359.0,480.0,497.0,734.0,887.0,935.0,952.0,989.0,991.0,
36.0,107.0,113.0,140.0,148.0,164.0,189.0,192.0,207.0,213.0,216.0,246.0,257.0,260.0,327.0,366.0,397.0,402.0,445.0,476.0,486.0,501.0,885.0,
22.0,25.0,67.0,68.0,87.0,172.0,209.0,227.0,258.0,285.0,300.0,327.0,331.0,344.0,357.0,367.0,385.0,437.0,744.0,794.0,815.0,816.0,873.0,886.0,
106.0,170.0,176.0,195.0,203.0,237.0,243.0,247.0,256.0,268.0,273.0,292.0,348.0,375.0,447.0,478.0,493.0,496.0,805.0,834.0,920.0,921.0,926.0,955.0,979.0,997.0,
20.0,55.0,58.0,78.0,138.0,143.0,145.0,160.0,203.0,257.0,270.0,302.0,369.0,391.0,403.0,417.0,423.0,434.0,731.0,797.0,918.0,
64.0,75.0,126.0,129.0,152.0,158.0,180.0,188.0,246.0,265.0,302.0,303.0,317.0,320.0,360.0,366.0,372.0,388.0,390.0,409.0,414.0,423.0,429.0,448.0,456.0,464.0,972.0,
55.0,128.0,129.0,198.0,210.0,212.0,221.0,249.0,255.0,308.0,309.0,348.0,364.0,383.0,396.0,422.0,429.0,435.0,436.0,496.0,496.0,506.0,
10.0,67.0,89.0,124.0,135.0,186.0,349.0,360.0,367.0,420.0,431.0,449.0,451.0,452.0,679.0,835.0,904.0,915.0,961.0,
28.0,70.0,75.0,172.0,190.0,203.0,210.0,215.0,233.0,273.0,318.0,320.0,362.0,404.0,453.0,457.0,484.0,485.0,
3.0,16.0,56.0,69.0,91.0,176.0,209.0,212.0,252.0,337.0,389.0,395.0,419.0,419.0,474.0,475.0,499.0,501.0,801.0,860.0,947.0,
52.0,59.0,115.0,173.0,204.0,206.0,238.0,240.0,281.0,306.0,308.0,321.0,323.0,334.0,339.0,405.0,417.0,427.0,449.0,462.0,469.0,486.0,502.0,504.0,510.0,824.0,825.0,947.0,
33.0,92.0,94.0,127.0,128.0,137.0,166.0,185.0,232.0,232.0,243.0,246.0,333.0,335.0,346.0,383.0,387.0,389.0,433.0,472.0,500.0,774.0,793.0,840.0,
26.0,61.0,131.0,166.0,221.0,257.0,261.0,319.0,321.0,380.0,414.0,453.0,498.0,863.0,879.0,
12.0,21.0,50.0,81.0,85.0,150.0,184.0,187.0,214.0,215.0,234.0,256.0,281.0,298.0,363.0,401.0,426.0,438.0,451.0,457.0,467.0,710.0,743.0,841.0,842.0,847.0,895.0,
70.0,99.0,130.0,159.0,177.0,215.0,223.0,274.0,279.0,326.0,438.0,446.0,494.0,505.0,727.0,918.0,
22.0,27.0,83.0,85.0,87.0,88.0,100.0,125.0,127.0,148.0,171.0,186.0,231.0,242.0,258.0,295.0,344.0,352.0,399.0,412.0,441.0,455.0,485.0,758.0,846.0,
10.0,11.0,31.0,40.0,47.0,84.0,127.0,151.0,175.0,277.0,320.0,356.0,358.0,363.0,378.0,
21.0,28.0,89.0,114.0,125.0,181.0,196.0,201.0,205.0,209.0,256.0,296.0,343.0,355.0,371.0,395.0,403.0,447.0,458.0,474.0,482.0,491.0,624.0,632.0,666.0,668.0,716.0,728.0,757.0,843.0,867.0,929.0,967.0,986.0,989.0,
56.0,56.0,62.0,63.0,64.0,64.0,67.0,150.0,193.0,205.0,341.0,345.0,349.0,356.0,408.0,409.0,417.0,435.0,481.0,495.0,
61.0,89.0,97.0,110.0,220.0,229.0,231.0,255.0,278.0,281.0,320.0,348.0,351.0,355.0,365.0,395.0,463.0,501.0,836.0,853.0,901.0,
49.0,58.0,66.0,161.0,188.0,189.0,197.0,199.0,217.0,226.0,230.0,250.0,324.0,422.0,464.0,469.0,737.0,
19.0,87.0,116.0,144.0,150.0,162.0,181.0,208.0,208.0,224.0,228.0,230.0,244.0,269.0,320.0,324.0,344.0,423.0,451.0,465.0,469.0,472.0,499.0,776.0,808.0,811.0,820.0,833.0,890.0,
6.0,18.0,30.0,69.0,95.0,98.0,164.0,181.0,182.0,191.0,226.0,268.0,289.0,296.0,314.0,342.0,390.0,411.0,444.0,455.0,783.0,797.0,844.0,909.0,942.0,961.0,
12.0,22.0,29.0,38.0,39.0,49.0,65.0,167.0,194.0,222.0,230.0,253.0,265.0,266.0,303.0,312.0,312.0,318.0,411.0,453.0,456.0,749.0,937.0,959.0,987.0,994.0,
27.0,30.0,45.0,48.0,56.0,57.0,69.0,151.0,181.0,193.0,258.0,324.0,329.0,331.0,371.0,388.0,432.0,439.0,481.0,486.0,817.0,862.0,910.0,944.0,988.0,
8.0,59.0,64.0,74.0,127.0,158.0,233.0,242.0,259.0,262.0,284.0,292.0,315.0,321.0,321.0,329.0,339.0,341.0,374.0,374.0,401.0,409.0,444.0,459.0,470.0,476.0,490.0,502.0,508.0,790.0,855.0,879.0,
30.0,79.0,108.0,125.0,127.0,155.0,182.0,197.0,198.0,212.0,227.0,322.0,346.0,353.0,401.0,465.0,475.0,504.0,
76.0,108.0,117.0,157.0,221.0,242.0,282.0,302.0,310.0,340.0,347.0,359.0,382.0,432.0,489.0,497.0,509.0,572.0,616.0,621.0,631.0,657.0,754.0,758.0,776.0,777.0,778.0,794.0,796.0,799.0,902.0,910.0,916.0,935.0,947.0,995.0,
2.0,4.0,17.0,63.0,117.0,120.0,154.0,232.0,234.0,248.0,252.0,270.0,313.0,318.0,339.0,362.0,367.0,400.0,401.0,419.0,472.0,493.0,500.0,
9.0,21.0,64.0,67.0,68.0,70.0,97.0,181.0,225.0,232.0,236.0,241.0,271.0,289.0,310.0,352.0,385.0,393.0,396.0,404.0,419.0,427.0,430.0,458.0,506.0,880.0,
39.0,159.0,227.0,240.0,295.0,314.0,318.0,329.0,379.0,428.0,440.0,495.0,774.0,980.0,
36.0,117.0,117.0,121.0,143.0,182.0,187.0,194.0,197.0,267.0,293.0,313.0,340.0,345.0,367.0,373.0,388.0,399.0,403.0,456.0,471.0,475.0,489.0,774.0,804.0,822.0,831.0,857.0,900.0,
12.0,20.0,35.0,73.0,163.0,211.0,238.0,268.0,303.0,407.0,854.0,937.0,
3.0,48.0,133.0,179.0,223.0,224.0,251.0,272.0,292.0,339.0,369.0,387.0,388.0,390.0,409.0,453.0,465.0,481.0,494.0,783.0,785.0,800.0,937.0,
15.0,60.0,117.0,137.0,160.0,161.0,170.0,215.0,228.0,272.0,282.0,315.0,318.0,385.0,392.0,405.0,419.0,430.0,439.0,495.0,507.0,507.0,898.0,907.0,968.0,973.0,
66.0,69.0,91.0,140.0,147.0,161.0,166.0,202.0,253.0,263.0,286.0,309.0,342.0,396.0,416.0,439.0,477.0,477.0,481.0,493.0,501.0,
12.0,28.0,68.0,112.0,123.0,138.0,160.0,169.0,210.0,250.0,378.0,406.0,416.0,420.0,454.0,475.0,485.0,486.0,495.0,
8.0,13.0,41.0,44.0,78.0,92.0,96.0,114.0,117.0,122.0,256.0,294.0,312.0,326.0,340.0,348.0,354.0,378.0,398.0,427.0,437.0,455.0,490.0,537.0,539.0,559.0,620.0,633.0,636.0,640.0,707.0,719.0,725.0,746.0,747.0,763.0,771.0,790.0,797.0,824.0,846.0,893.0,893.0,897.0,928.0,974.0,982.0,
35.0,54.0,62.0,73.0,76.0,79.0,109.0,118.0,149.0,211.0,260.0,263.0,288.0,330.0,342.0,358.0,381.0,385.0,418.0,442.0,465.0,504.0,650.0,733.0,768.0,780.0,783.0,801.0,837.0,853.0,897.0,979.0,
17.0,30.0,32.0,44.0,56.0,71.0,81.0,92.0,106.0,193.0,215.0,277.0,288.0,384.0,391.0,399.0,418.0,421.0,474.0,491.0,507.0,
16.0,98.0,127.0,130.0,138.0,162.0,196.0,217.0,218.0,226.0,228.0,255.0,314.0,352.0,354.0,381.0,386.0,406.0,440.0,448.0,468.0,469.0,481.0,815.0,
30.0,32.0,64.0,98.0,107.0,113.0,142.0,147.0,153.0,184.0,196.0,196.0,219.0,235.0,238.0,285.0,292.0,325.0,428.0,465.0,471.0,474.0,493.0,879.0,951.0,952.0,954.0,984.0,
33.0,58.0,71.0,74.0,82.0,100.0,114.0,121.0,126.0,134.0,135.0,139.0,142.0,164.0,181.0,185.0,189.0,214.0,220.0,222.0,234.0,237.0,265.0,286.0,336.0,434.0,436.0,470.0,747.0,825.0,868.0,922.0,
56.0,66.0,82.0,95.0,126.0,167.0,193.0,213.0,250.0,253.0,302.0,321.0,328.0,339.0,377.0,413.0,425.0,425.0,453.0,454.0,461.0,834.0,901.0,939.0,
48.0,53.0,65.0,67.0,74.0,115.0,121.0,123.0,131.0,139.0,192.0,195.0,204.0,228.0,289.0,322.0,360.0,410.0,415.0,424.0,430.0,438.0,443.0,487.0,494.0,778.0,809.0,939.0,
14.0,17.0,42.0,46.0,50.0,51.0,90.0,119.0,125.0,170.0,227.0,235.0,263.0,286.0,290.0,293.0,298.0,365.0,378.0,398.0,405.0,424.0,451.0,457.0,496.0,502.0,
25.0,49.0,63.0,65.0,82.0,136.0,144.0,172.0,190.0,233.0,241.0,244.0,273.0,291.0,302.0,318.0,337.0,345.0,348.0,371.0,374.0,441.0,449.0,454.0,466.0,486.0,492.0,506.0,744.0,765.0,782.0,802.0,862.0,911.0,934.0,966.0,
29.0,48.0,107.0,137.0,176.0,194.0,227.0,230.0,233.0,251.0,270.0,273.0,291.0,337.0,406.0,421.0,458.0,507.0,567.0,592.0,595.0,602.0,625.0,686.0,708.0,738.0,756.0,770.0,884.0,886.0,913.0,914.0,935.0,956.0,960.0,964.0,970.0,971.0,983.0,
90.0,132.0,140.0,170.0,177.0,331.0,352.0,366.0,415.0,441.0,463.0,526.0,619.0,623.0,631.0,631.0,631.0,640.0,643.0,648.0,688.0,703.0,704.0,726.0,730.0,751.0,780.0,790.0,823.0,851.0,864.0,875.0,938.0,982.0,985.0,
2.0,7.0,78.0,111.0,127.0,155.0,180.0,196.0,222.0,261.0,346.0,370.0,496.0,657.0,665.0,721.0,789.0,800.0,814.0,861.0,862.0,929.0,947.0,
16.0,31.0,65.0,295.0,306.0,314.0,323.0,327.0,345.0,366.0,369.0,396.0,416.0,444.0,
15.0,45.0,48.0,73.0,116.0,139.0,144.0,167.0,200.0,313.0,399.0,405.0,429.0,
49.0,54.0,109.0,165.0,170.0,251.0,253.0,256.0,276.0,282.0,283.0,299.0,322.0,332.0,348.0,365.0,372.0,406.0,415.0,464.0,478.0,
28.0,63.0,114.0,118.0,129.0,133.0,246.0,265.0,277.0,292.0,302.0,314.0,365.0,369.0,393.0,421.0,424.0,431.0,431.0,440.0,447.0,473.0,474.0,
60.0,96.0,107.0,130.0,171.0,187.0,213.0,239.0,265.0,330.0,348.0,357.0,388.0,392.0,417.0,429.0,500.0,
5.0,9.0,9.0,16.0,118.0,186.0,191.0,199.0,254.0,286.0,307.0,312.0,327.0,334.0,349.0,397.0,436.0,445.0,482.0,492.0,501.0,703.0,707.0,710.0,771.0,836.0,979.0,
13.0,16.0,59.0,68.0,127.0,155.0,155.0,166.0,224.0,234.0,261.0,305.0,317.0,325.0,340.0,420.0,465.0,573.0,590.0,604.0,640.0,663.0,664.0,678.0,691.0,725.0,736.0,794.0,827.0,856.0,864.0,880.0,883.0,895.0,898.0,914.0,916.0,958.0,
