7.0,27.0,38.0,60.0,79.0,94.0,135.0,209.0,219.0,223.0,259.0,265.0,300.0,301.0,307.0,342.0,350.0,363.0,372.0,378.0,385.0,434.0,486.0,523.0,541.0,544.0,550.0,558.0,628.0,630.0,679.0,705.0,708.0,734.0,736.0,756.0,800.0,804.0,869.0,931.0,958.0,968.0,
24.0,45.0,69.0,72.0,135.0,144.0,158.0,162.0,189.0,203.0,226.0,274.0,284.0,324.0,338.0,345.0,361.0,376.0,454.0,473.0,476.0,515.0,585.0,662.0,686.0,719.0,749.0,769.0,770.0,770.0,795.0,807.0,820.0,833.0,911.0,921.0,927.0,933.0,951.0,955.0,985.0,
45.0,48.0,54.0,63.0,100.0,117.0,155.0,181.0,186.0,203.0,306.0,313.0,317.0,318.0,328.0,339.0,354.0,360.0,379.0,398.0,403.0,413.0,417.0,419.0,419.0,484.0,493.0,508.0,512.0,522.0,525.0,525.0,537.0,546.0,574.0,580.0,702.0,724.0,744.0,755.0,763.0,817.0,845.0,853.0,936.0,957.0,
66.0,70.0,78.0,97.0,99.0,142.0,157.0,161.0,162.0,207.0,223.0,263.0,324.0,335.0,359.0,416.0,456.0,547.0,595.0,631.0,657.0,676.0,684.0,710.0,766.0,816.0,818.0,960.0,992.0,
132.0,166.0,240.0,254.0,319.0,371.0,389.0,409.0,440.0,467.0,495.0,500.0,540.0,548.0,564.0,571.0,575.0,585.0,607.0,622.0,661.0,701.0,702.0,721.0,732.0,748.0,765.0,773.0,778.0,845.0,848.0,924.0,937.0,965.0,978.0,
19.0,29.0,59.0,60.0,61.0,102.0,125.0,133.0,191.0,197.0,241.0,255.0,367.0,385.0,394.0,400.0,446.0,489.0,564.0,595.0,597.0,598.0,612.0,627.0,632.0,637.0,654.0,678.0,706.0,727.0,738.0,812.0,828.0,839.0,936.0,937.0,998.0,
56.0,80.0,154.0,194.0,323.0,343.0,345.0,383.0,456.0,473.0,480.0,489.0,620.0,722.0,765.0,774.0,820.0,834.0,940.0,952.0,963.0,973.0,974.0,983.0,
4.0,43.0,54.0,72.0,93.0,162.0,198.0,203.0,227.0,229.0,257.0,278.0,284.0,300.0,323.0,376.0,389.0,391.0,443.0,471.0,475.0,530.0,600.0,636.0,650.0,786.0,806.0,826.0,894.0,928.0,975.0,985.0,
6.0,75.0,89.0,128.0,136.0,143.0,195.0,228.0,259.0,262.0,271.0,313.0,317.0,338.0,345.0,365.0,366.0,422.0,480.0,491.0,537.0,552.0,625.0,683.0,697.0,770.0,787.0,895.0,908.0,995.0,
29.0,39.0,45.0,54.0,65.0,72.0,93.0,258.0,259.0,316.0,330.0,480.0,495.0,508.0,534.0,543.0,595.0,611.0,618.0,640.0,716.0,764.0,773.0,841.0,876.0,907.0,927.0,946.0,972.0,974.0,
6.0,22.0,24.0,139.0,164.0,169.0,235.0,250.0,335.0,382.0,409.0,434.0,472.0,528.0,569.0,583.0,734.0,756.0,779.0,853.0,902.0,946.0,977.0,981.0,983.0,
39.0,46.0,74.0,127.0,130.0,183.0,184.0,188.0,197.0,251.0,259.0,264.0,287.0,332.0,374.0,383.0,386.0,391.0,444.0,467.0,568.0,585.0,615.0,656.0,659.0,684.0,723.0,732.0,763.0,774.0,788.0,826.0,892.0,895.0,
18.0,27.0,74.0,92.0,93.0,110.0,140.0,145.0,149.0,158.0,186.0,192.0,197.0,205.0,233.0,250.0,288.0,297.0,373.0,410.0,437.0,529.0,534.0,539.0,553.0,586.0,619.0,644.0,704.0,733.0,772.0,775.0,778.0,786.0,791.0,826.0,831.0,896.0,933.0,936.0,
13.0,29.0,80.0,89.0,101.0,234.0,265.0,270.0,281.0,325.0,342.0,367.0,367.0,385.0,432.0,523.0,568.0,572.0,582.0,599.0,681.0,696.0,726.0,739.0,743.0,743.0,763.0,765.0,771.0,814.0,815.0,816.0,861.0,939.0,982.0,983.0,998.0,
82.0,102.0,120.0,125.0,172.0,173.0,249.0,253.0,257.0,273.0,288.0,291.0,312.0,350.0,371.0,383.0,409.0,440.0,452.0,458.0,469.0,470.0,472.0,542.0,565.0,627.0,632.0,654.0,751.0,783.0,788.0,812.0,869.0,877.0,878.0,879.0,918.0,946.0,997.0,
3.0,25.0,42.0,47.0,49.0,68.0,97.0,153.0,177.0,182.0,185.0,202.0,232.0,242.0,277.0,291.0,303.0,337.0,360.0,384.0,477.0,508.0,516.0,540.0,579.0,614.0,629.0,655.0,677.0,724.0,776.0,784.0,833.0,866.0,898.0,937.0,939.0,948.0,993.0,
29.0,70.0,71.0,188.0,225.0,247.0,255.0,293.0,304.0,310.0,332.0,337.0,339.0,380.0,401.0,433.0,511.0,572.0,607.0,617.0,618.0,618.0,730.0,765.0,792.0,930.0,
2.0,11.0,54.0,56.0,118.0,130.0,161.0,176.0,207.0,247.0,247.0,301.0,335.0,362.0,391.0,393.0,395.0,421.0,421.0,432.0,475.0,486.0,539.0,601.0,614.0,619.0,628.0,639.0,644.0,692.0,700.0,717.0,724.0,754.0,792.0,805.0,827.0,833.0,839.0,846.0,854.0,908.0,912.0,939.0,955.0,
61.0,75.0,103.0,104.0,166.0,179.0,215.0,302.0,356.0,370.0,393.0,432.0,451.0,478.0,526.0,553.0,581.0,591.0,598.0,611.0,640.0,673.0,684.0,725.0,746.0,805.0,809.0,819.0,834.0,845.0,931.0,935.0,
43.0,45.0,58.0,72.0,91.0,137.0,138.0,148.0,152.0,194.0,277.0,303.0,305.0,332.0,382.0,386.0,391.0,409.0,436.0,445.0,495.0,566.0,570.0,585.0,644.0,656.0,659.0,690.0,706.0,741.0,827.0,841.0,901.0,901.0,942.0,
3.0,18.0,100.0,203.0,214.0,232.0,254.0,262.0,277.0,302.0,351.0,372.0,428.0,431.0,449.0,492.0,501.0,541.0,563.0,619.0,633.0,792.0,834.0,840.0,842.0,854.0,873.0,
4.0,56.0,57.0,68.0,122.0,139.0,166.0,210.0,222.0,231.0,242.0,271.0,286.0,293.0,299.0,304.0,350.0,365.0,373.0,380.0,393.0,405.0,416.0,420.0,426.0,445.0,470.0,501.0,516.0,571.0,591.0,610.0,647.0,715.0,722.0,757.0,782.0,818.0,899.0,930.0,944.0,952.0,
45.0,111.0,116.0,143.0,239.0,259.0,261.0,329.0,344.0,356.0,378.0,386.0,405.0,540.0,562.0,586.0,628.0,659.0,711.0,719.0,768.0,876.0,888.0,927.0,967.0,975.0,988.0,1000.0,
15.0,21.0,36.0,49.0,54.0,74.0,91.0,160.0,163.0,173.0,252.0,271.0,333.0,364.0,480.0,511.0,555.0,577.0,630.0,665.0,678.0,705.0,709.0,776.0,792.0,792.0,813.0,908.0,967.0,
52.0,53.0,143.0,183.0,198.0,200.0,212.0,223.0,238.0,406.0,420.0,433.0,435.0,494.0,554.0,590.0,660.0,661.0,734.0,753.0,809.0,865.0,878.0,931.0,975.0,981.0,
8.0,45.0,53.0,60.0,96.0,216.0,268.0,303.0,352.0,378.0,388.0,400.0,410.0,454.0,467.0,485.0,487.0,528.0,537.0,550.0,556.0,593.0,599.0,647.0,717.0,726.0,737.0,741.0,816.0,830.0,836.0,988.0,
69.0,81.0,85.0,107.0,161.0,178.0,187.0,214.0,245.0,259.0,299.0,337.0,339.0,344.0,381.0,397.0,398.0,400.0,405.0,419.0,440.0,454.0,472.0,472.0,478.0,498.0,516.0,522.0,526.0,580.0,588.0,600.0,607.0,699.0,766.0,805.0,821.0,829.0,900.0,958.0,
6.0,17.0,37.0,40.0,64.0,90.0,106.0,137.0,253.0,260.0,270.0,318.0,323.0,331.0,343.0,343.0,426.0,434.0,459.0,488.0,499.0,503.0,535.0,562.0,601.0,624.0,684.0,692.0,696.0,698.0,718.0,754.0,806.0,806.0,808.0,809.0,848.0,870.0,891.0,902.0,923.0,941.0,
30.0,99.0,100.0,156.0,176.0,197.0,243.0,249.0,272.0,325.0,338.0,388.0,537.0,562.0,586.0,589.0,603.0,651.0,724.0,730.0,760.0,780.0,797.0,830.0,831.0,846.0,895.0,895.0,952.0,957.0,976.0,987.0,995.0,
17.0,23.0,32.0,125.0,134.0,214.0,224.0,233.0,240.0,294.0,303.0,448.0,472.0,479.0,508.0,532.0,553.0,556.0,571.0,627.0,637.0,658.0,680.0,800.0,833.0,833.0,837.0,882.0,923.0,958.0,976.0,
49.0,50.0,56.0,65.0,69.0,69.0,70.0,83.0,84.0,110.0,131.0,159.0,175.0,251.0,258.0,324.0,360.0,388.0,494.0,530.0,571.0,572.0,580.0,592.0,612.0,629.0,637.0,694.0,714.0,734.0,773.0,826.0,828.0,833.0,846.0,872.0,908.0,953.0,985.0,
13.0,50.0,70.0,95.0,112.0,118.0,158.0,276.0,298.0,358.0,397.0,435.0,439.0,472.0,475.0,491.0,503.0,512.0,545.0,619.0,706.0,719.0,724.0,748.0,786.0,787.0,799.0,852.0,852.0,916.0,994.0,
44.0,52.0,82.0,83.0,113.0,131.0,175.0,187.0,240.0,266.0,271.0,275.0,324.0,382.0,398.0,441.0,507.0,539.0,577.0,600.0,612.0,624.0,637.0,639.0,646.0,672.0,676.0,678.0,682.0,750.0,786.0,870.0,871.0,941.0,
8.0,114.0,156.0,175.0,220.0,228.0,266.0,272.0,279.0,320.0,350.0,357.0,366.0,398.0,417.0,419.0,424.0,425.0,462.0,483.0,491.0,503.0,526.0,527.0,605.0,649.0,698.0,718.0,740.0,767.0,784.0,826.0,911.0,952.0,970.0,
63.0,69.0,80.0,90.0,115.0,126.0,136.0,146.0,167.0,208.0,216.0,242.0,283.0,332.0,358.0,368.0,379.0,381.0,438.0,449.0,462.0,510.0,532.0,536.0,574.0,578.0,603.0,604.0,607.0,613.0,619.0,651.0,657.0,663.0,688.0,713.0,716.0,736.0,760.0,795.0,805.0,809.0,826.0,857.0,862.0,872.0,917.0,929.0,940.0,958.0,964.0,999.0,
10.0,33.0,40.0,89.0,97.0,105.0,117.0,122.0,126.0,163.0,208.0,256.0,257.0,354.0,472.0,484.0,486.0,510.0,519.0,521.0,529.0,531.0,533.0,535.0,539.0,540.0,549.0,557.0,559.0,563.0,576.0,577.0,592.0,595.0,600.0,606.0,616.0,616.0,618.0,627.0,636.0,651.0,655.0,656.0,688.0,701.0,704.0,729.0,751.0,796.0,813.0,819.0,826.0,852.0,876.0,883.0,892.0,904.0,908.0,932.0,934.0,938.0,980.0,992.0,
5.0,27.0,82.0,160.0,216.0,237.0,246.0,254.0,316.0,326.0,366.0,438.0,461.0,508.0,513.0,525.0,538.0,542.0,546.0,551.0,576.0,598.0,627.0,630.0,643.0,709.0,727.0,732.0,743.0,763.0,781.0,787.0,808.0,839.0,856.0,877.0,909.0,927.0,927.0,967.0,
38.0,40.0,55.0,123.0,124.0,135.0,158.0,197.0,262.0,286.0,326.0,333.0,340.0,385.0,406.0,418.0,424.0,444.0,450.0,451.0,475.0,494.0,507.0,529.0,585.0,614.0,618.0,631.0,632.0,645.0,656.0,718.0,736.0,800.0,813.0,833.0,842.0,864.0,909.0,949.0,
9.0,39.0,55.0,68.0,69.0,90.0,104.0,129.0,143.0,222.0,240.0,268.0,289.0,373.0,388.0,403.0,411.0,454.0,477.0,491.0,575.0,599.0,602.0,621.0,652.0,675.0,734.0,841.0,853.0,960.0,985.0,995.0,
15.0,28.0,56.0,91.0,128.0,138.0,142.0,147.0,296.0,325.0,360.0,416.0,436.0,446.0,473.0,483.0,493.0,530.0,582.0,586.0,611.0,619.0,625.0,632.0,673.0,710.0,718.0,724.0,733.0,754.0,769.0,778.0,803.0,824.0,874.0,893.0,911.0,926.0,955.0,973.0,976.0,
49.0,51.0,59.0,106.0,114.0,135.0,139.0,153.0,158.0,174.0,214.0,220.0,236.0,258.0,327.0,329.0,342.0,351.0,356.0,377.0,390.0,400.0,610.0,611.0,633.0,641.0,647.0,792.0,805.0,851.0,853.0,863.0,919.0,920.0,925.0,930.0,942.0,974.0,
26.0,39.0,49.0,69.0,120.0,141.0,146.0,150.0,159.0,201.0,210.0,227.0,241.0,315.0,339.0,358.0,412.0,419.0,454.0,511.0,529.0,534.0,665.0,719.0,750.0,802.0,844.0,855.0,896.0,911.0,940.0,944.0,950.0,
3.0,5.0,57.0,59.0,127.0,211.0,246.0,252.0,274.0,280.0,315.0,320.0,373.0,421.0,454.0,464.0,474.0,507.0,508.0,514.0,544.0,564.0,569.0,584.0,585.0,762.0,790.0,940.0,979.0,
34.0,55.0,66.0,68.0,81.0,88.0,96.0,130.0,144.0,180.0,195.0,264.0,279.0,298.0,298.0,350.0,427.0,431.0,439.0,445.0,508.0,518.0,521.0,521.0,533.0,550.0,565.0,575.0,577.0,582.0,596.0,602.0,608.0,610.0,612.0,616.0,620.0,627.0,647.0,672.0,672.0,726.0,737.0,749.0,766.0,767.0,791.0,815.0,833.0,835.0,937.0,937.0,961.0,973.0,
48.0,113.0,202.0,248.0,277.0,316.0,319.0,347.0,382.0,387.0,408.0,409.0,465.0,525.0,527.0,543.0,547.0,548.0,560.0,564.0,564.0,566.0,568.0,569.0,572.0,574.0,575.0,586.0,588.0,589.0,590.0,600.0,611.0,616.0,627.0,627.0,644.0,644.0,646.0,687.0,690.0,702.0,705.0,730.0,742.0,747.0,766.0,787.0,797.0,812.0,824.0,827.0,833.0,860.0,863.0,894.0,898.0,911.0,913.0,941.0,945.0,953.0,970.0,972.0,
4.0,47.0,48.0,77.0,81.0,110.0,120.0,122.0,132.0,150.0,152.0,160.0,164.0,182.0,205.0,214.0,237.0,255.0,281.0,442.0,505.0,510.0,527.0,532.0,535.0,549.0,559.0,580.0,594.0,601.0,604.0,614.0,616.0,626.0,639.0,668.0,684.0,710.0,718.0,722.0,732.0,736.0,755.0,766.0,797.0,798.0,803.0,803.0,805.0,806.0,841.0,860.0,871.0,875.0,887.0,888.0,903.0,907.0,932.0,935.0,940.0,948.0,949.0,953.0,962.0,978.0,985.0,
8.0,42.0,100.0,107.0,108.0,118.0,141.0,146.0,154.0,156.0,162.0,171.0,206.0,208.0,217.0,222.0,244.0,245.0,254.0,255.0,310.0,313.0,352.0,355.0,439.0,465.0,494.0,518.0,525.0,528.0,529.0,539.0,539.0,539.0,544.0,555.0,561.0,564.0,571.0,580.0,586.0,589.0,591.0,597.0,602.0,606.0,616.0,637.0,645.0,647.0,657.0,671.0,690.0,691.0,736.0,737.0,738.0,762.0,776.0,776.0,777.0,783.0,785.0,790.0,800.0,801.0,805.0,812.0,814.0,861.0,869.0,872.0,892.0,900.0,922.0,925.0,952.0,963.0,963.0,970.0,977.0,977.0,986.0,990.0,
8.0,46.0,85.0,98.0,121.0,137.0,151.0,151.0,199.0,278.0,284.0,316.0,336.0,365.0,389.0,461.0,480.0,482.0,487.0,488.0,510.0,520.0,536.0,542.0,551.0,552.0,558.0,589.0,590.0,591.0,599.0,623.0,632.0,634.0,638.0,647.0,655.0,667.0,676.0,702.0,729.0,734.0,770.0,772.0,790.0,793.0,815.0,816.0,818.0,828.0,844.0,860.0,863.0,879.0,903.0,904.0,909.0,964.0,993.0,
8.0,8.0,30.0,88.0,93.0,95.0,110.0,127.0,227.0,239.0,242.0,243.0,342.0,347.0,350.0,353.0,359.0,381.0,385.0,456.0,466.0,498.0,512.0,531.0,532.0,534.0,580.0,641.0,674.0,842.0,844.0,911.0,917.0,921.0,935.0,945.0,
20.0,30.0,49.0,128.0,184.0,204.0,222.0,262.0,283.0,302.0,347.0,352.0,364.0,390.0,431.0,446.0,484.0,489.0,544.0,561.0,566.0,570.0,571.0,588.0,593.0,615.0,616.0,722.0,744.0,890.0,934.0,965.0,974.0,
8.0,15.0,24.0,32.0,43.0,177.0,250.0,340.0,347.0,515.0,537.0,546.0,550.0,551.0,553.0,578.0,608.0,623.0,724.0,736.0,739.0,818.0,839.0,888.0,929.0,931.0,936.0,963.0,966.0,
21.0,37.0,42.0,83.0,103.0,261.0,288.0,288.0,293.0,307.0,328.0,388.0,430.0,433.0,451.0,525.0,540.0,563.0,578.0,636.0,650.0,687.0,744.0,753.0,764.0,785.0,794.0,860.0,865.0,910.0,961.0,989.0,992.0,
8.0,8.0,19.0,86.0,104.0,106.0,109.0,112.0,128.0,129.0,139.0,154.0,212.0,226.0,239.0,313.0,342.0,354.0,354.0,364.0,375.0,396.0,423.0,426.0,438.0,450.0,461.0,526.0,531.0,548.0,554.0,557.0,574.0,588.0,673.0,716.0,742.0,759.0,770.0,791.0,835.0,859.0,864.0,891.0,899.0,949.0,961.0,969.0,987.0,
2.0,15.0,16.0,31.0,106.0,129.0,148.0,164.0,174.0,180.0,183.0,187.0,188.0,198.0,249.0,255.0,256.0,270.0,327.0,349.0,366.0,370.0,374.0,447.0,467.0,507.0,507.0,516.0,524.0,529.0,529.0,542.0,547.0,561.0,569.0,576.0,577.0,614.0,620.0,622.0,624.0,626.0,664.0,696.0,717.0,718.0,722.0,762.0,776.0,779.0,788.0,822.0,838.0,858.0,863.0,875.0,877.0,896.0,919.0,922.0,962.0,974.0,991.0,
34.0,37.0,43.0,75.0,104.0,116.0,122.0,207.0,225.0,255.0,270.0,290.0,312.0,350.0,381.0,383.0,420.0,454.0,460.0,474.0,484.0,518.0,521.0,523.0,528.0,528.0,532.0,532.0,540.0,543.0,547.0,548.0,554.0,557.0,569.0,589.0,605.0,605.0,624.0,634.0,637.0,642.0,655.0,656.0,659.0,661.0,676.0,677.0,695.0,710.0,713.0,734.0,768.0,773.0,796.0,804.0,826.0,851.0,867.0,878.0,880.0,888.0,902.0,929.0,967.0,993.0,994.0,
14.0,19.0,83.0,101.0,104.0,117.0,136.0,147.0,153.0,171.0,220.0,247.0,273.0,316.0,367.0,423.0,487.0,506.0,515.0,516.0,518.0,525.0,527.0,531.0,538.0,545.0,551.0,557.0,560.0,569.0,575.0,578.0,586.0,589.0,600.0,616.0,624.0,636.0,638.0,653.0,658.0,661.0,666.0,676.0,677.0,687.0,693.0,698.0,723.0,728.0,751.0,751.0,789.0,790.0,791.0,803.0,815.0,823.0,857.0,866.0,890.0,904.0,913.0,927.0,937.0,938.0,984.0,
61.0,86.0,88.0,91.0,92.0,120.0,125.0,170.0,179.0,208.0,223.0,253.0,301.0,320.0,339.0,348.0,352.0,376.0,405.0,417.0,512.0,518.0,520.0,520.0,525.0,529.0,532.0,539.0,549.0,550.0,553.0,559.0,564.0,574.0,575.0,579.0,581.0,589.0,590.0,597.0,602.0,604.0,608.0,616.0,618.0,619.0,621.0,628.0,640.0,640.0,643.0,661.0,662.0,665.0,668.0,695.0,696.0,697.0,716.0,727.0,791.0,797.0,804.0,807.0,824.0,851.0,875.0,891.0,895.0,916.0,917.0,932.0,936.0,951.0,958.0,959.0,975.0,
4.0,7.0,40.0,53.0,91.0,93.0,106.0,130.0,142.0,142.0,146.0,166.0,200.0,205.0,224.0,319.0,345.0,360.0,366.0,386.0,397.0,406.0,432.0,436.0,454.0,461.0,488.0,515.0,521.0,526.0,526.0,532.0,532.0,539.0,550.0,551.0,564.0,582.0,593.0,604.0,606.0,610.0,611.0,611.0,617.0,619.0,622.0,630.0,632.0,639.0,642.0,647.0,651.0,665.0,666.0,686.0,721.0,739.0,740.0,758.0,767.0,769.0,793.0,822.0,827.0,837.0,844.0,862.0,874.0,881.0,882.0,884.0,927.0,937.0,942.0,946.0,954.0,957.0,971.0,972.0,977.0,
4.0,18.0,32.0,37.0,59.0,83.0,131.0,146.0,176.0,212.0,274.0,308.0,377.0,380.0,464.0,487.0,489.0,496.0,514.0,521.0,530.0,540.0,584.0,670.0,746.0,774.0,870.0,928.0,953.0,
61.0,73.0,86.0,116.0,171.0,172.0,190.0,191.0,236.0,328.0,333.0,333.0,386.0,397.0,423.0,459.0,476.0,486.0,502.0,645.0,661.0,698.0,721.0,743.0,752.0,770.0,771.0,800.0,809.0,850.0,851.0,851.0,887.0,910.0,963.0,964.0,977.0,980.0,
3.0,43.0,64.0,69.0,76.0,113.0,115.0,130.0,140.0,140.0,147.0,148.0,149.0,172.0,176.0,178.0,186.0,249.0,358.0,401.0,436.0,474.0,559.0,578.0,626.0,627.0,656.0,680.0,698.0,797.0,822.0,838.0,865.0,868.0,874.0,885.0,901.0,904.0,913.0,923.0,957.0,958.0,1000.0,
23.0,40.0,41.0,79.0,85.0,99.0,120.0,136.0,138.0,279.0,320.0,322.0,342.0,347.0,389.0,401.0,407.0,460.0,493.0,505.0,506.0,598.0,615.0,620.0,632.0,669.0,670.0,715.0,820.0,860.0,864.0,886.0,910.0,932.0,982.0,
28.0,77.0,136.0,139.0,223.0,288.0,297.0,410.0,475.0,501.0,554.0,629.0,635.0,664.0,679.0,692.0,693.0,733.0,758.0,864.0,879.0,934.0,968.0,
21.0,30.0,34.0,114.0,116.0,116.0,160.0,196.0,207.0,229.0,230.0,271.0,325.0,351.0,355.0,416.0,442.0,530.0,545.0,566.0,580.0,582.0,592.0,601.0,624.0,626.0,638.0,682.0,724.0,741.0,789.0,821.0,852.0,891.0,903.0,931.0,954.0,959.0,982.0,
35.0,78.0,110.0,120.0,140.0,150.0,164.0,243.0,252.0,255.0,268.0,296.0,303.0,362.0,382.0,385.0,471.0,496.0,508.0,512.0,527.0,527.0,531.0,533.0,539.0,541.0,543.0,546.0,546.0,551.0,553.0,553.0,557.0,559.0,563.0,566.0,567.0,569.0,590.0,597.0,599.0,602.0,614.0,638.0,661.0,663.0,664.0,695.0,708.0,716.0,717.0,762.0,773.0,775.0,793.0,804.0,813.0,830.0,841.0,863.0,890.0,891.0,904.0,916.0,926.0,926.0,943.0,953.0,968.0,986.0,
10.0,62.0,91.0,106.0,148.0,159.0,219.0,254.0,268.0,320.0,331.0,358.0,474.0,480.0,498.0,502.0,502.0,529.0,531.0,533.0,534.0,535.0,535.0,544.0,549.0,555.0,558.0,562.0,566.0,569.0,574.0,583.0,585.0,585.0,593.0,607.0,611.0,648.0,658.0,659.0,664.0,669.0,676.0,678.0,678.0,684.0,688.0,706.0,711.0,729.0,730.0,747.0,747.0,782.0,788.0,790.0,809.0,819.0,852.0,861.0,880.0,885.0,895.0,909.0,913.0,923.0,929.0,933.0,938.0,968.0,986.0,988.0,
29.0,37.0,117.0,266.0,275.0,280.0,299.0,306.0,363.0,365.0,391.0,401.0,411.0,448.0,452.0,464.0,479.0,484.0,491.0,521.0,524.0,525.0,530.0,533.0,538.0,557.0,558.0,565.0,570.0,583.0,591.0,596.0,598.0,599.0,599.0,599.0,600.0,604.0,612.0,614.0,616.0,616.0,623.0,626.0,638.0,644.0,748.0,759.0,765.0,770.0,788.0,794.0,829.0,837.0,837.0,899.0,920.0,922.0,931.0,934.0,940.0,944.0,958.0,981.0,989.0,
18.0,59.0,88.0,140.0,176.0,185.0,217.0,223.0,263.0,330.0,341.0,344.0,357.0,383.0,470.0,526.0,536.0,538.0,566.0,577.0,580.0,593.0,597.0,647.0,655.0,656.0,658.0,660.0,683.0,694.0,725.0,755.0,791.0,808.0,828.0,831.0,839.0,882.0,887.0,925.0,940.0,966.0,985.0,
10.0,25.0,31.0,32.0,42.0,43.0,53.0,54.0,69.0,114.0,157.0,169.0,206.0,239.0,246.0,251.0,272.0,312.0,319.0,330.0,338.0,367.0,369.0,402.0,411.0,514.0,566.0,566.0,579.0,604.0,636.0,658.0,676.0,689.0,699.0,789.0,825.0,843.0,853.0,890.0,948.0,958.0,971.0,978.0,995.0,
35.0,90.0,155.0,156.0,171.0,194.0,197.0,245.0,340.0,349.0,386.0,444.0,514.0,635.0,644.0,661.0,667.0,677.0,749.0,767.0,785.0,828.0,828.0,829.0,852.0,902.0,905.0,918.0,937.0,970.0,
40.0,77.0,103.0,179.0,211.0,231.0,353.0,367.0,374.0,386.0,386.0,410.0,436.0,439.0,448.0,457.0,470.0,475.0,487.0,540.0,556.0,591.0,614.0,616.0,641.0,679.0,774.0,784.0,791.0,797.0,826.0,863.0,869.0,876.0,911.0,918.0,943.0,996.0,
12.0,48.0,58.0,63.0,73.0,104.0,123.0,244.0,270.0,291.0,344.0,413.0,425.0,467.0,496.0,498.0,509.0,558.0,564.0,657.0,736.0,751.0,758.0,766.0,801.0,864.0,866.0,941.0,964.0,986.0,
18.0,78.0,79.0,80.0,83.0,148.0,192.0,220.0,253.0,329.0,365.0,385.0,396.0,402.0,417.0,446.0,513.0,524.0,527.0,543.0,558.0,565.0,577.0,603.0,653.0,679.0,724.0,831.0,841.0,867.0,901.0,
103.0,130.0,155.0,159.0,189.0,218.0,245.0,249.0,251.0,266.0,437.0,517.0,656.0,706.0,763.0,816.0,843.0,859.0,881.0,935.0,942.0,960.0,
63.0,121.0,140.0,185.0,268.0,297.0,304.0,319.0,363.0,363.0,370.0,379.0,447.0,456.0,501.0,528.0,533.0,546.0,603.0,622.0,683.0,697.0,705.0,770.0,783.0,787.0,853.0,887.0,890.0,976.0,993.0,
27.0,41.0,176.0,192.0,218.0,328.0,329.0,332.0,413.0,440.0,483.0,498.0,513.0,517.0,519.0,520.0,528.0,532.0,533.0,533.0,542.0,543.0,554.0,554.0,555.0,557.0,578.0,609.0,629.0,639.0,648.0,650.0,687.0,710.0,720.0,721.0,731.0,734.0,763.0,767.0,793.0,804.0,813.0,817.0,823.0,848.0,860.0,863.0,865.0,898.0,903.0,907.0,908.0,909.0,940.0,942.0,947.0,954.0,963.0,983.0,988.0,
101.0,158.0,225.0,257.0,257.0,306.0,328.0,347.0,366.0,373.0,395.0,423.0,475.0,513.0,515.0,541.0,551.0,558.0,573.0,583.0,593.0,625.0,629.0,631.0,674.0,686.0,785.0,800.0,818.0,819.0,840.0,844.0,844.0,849.0,880.0,918.0,932.0,964.0,965.0,970.0,981.0,
36.0,86.0,95.0,183.0,206.0,216.0,285.0,302.0,303.0,319.0,329.0,360.0,431.0,433.0,551.0,555.0,558.0,563.0,654.0,681.0,710.0,726.0,735.0,750.0,876.0,907.0,933.0,995.0,
127.0,138.0,164.0,182.0,194.0,251.0,262.0,308.0,418.0,428.0,441.0,452.0,486.0,502.0,513.0,543.0,546.0,611.0,668.0,685.0,715.0,720.0,731.0,744.0,758.0,761.0,836.0,865.0,880.0,904.0,937.0,
135.0,151.0,165.0,208.0,297.0,337.0,434.0,447.0,594.0,596.0,654.0,705.0,730.0,737.0,752.0,773.0,776.0,799.0,813.0,829.0,834.0,902.0,909.0,926.0,949.0,967.0,
17.0,18.0,21.0,31.0,37.0,73.0,126.0,143.0,149.0,178.0,185.0,250.0,258.0,336.0,338.0,341.0,373.0,400.0,410.0,415.0,458.0,458.0,479.0,499.0,502.0,504.0,545.0,563.0,603.0,616.0,624.0,706.0,710.0,716.0,754.0,764.0,792.0,814.0,816.0,867.0,878.0,926.0,938.0,941.0,967.0,
10.0,53.0,57.0,62.0,81.0,94.0,98.0,173.0,195.0,207.0,242.0,242.0,271.0,284.0,305.0,327.0,423.0,447.0,512.0,553.0,567.0,576.0,593.0,594.0,629.0,634.0,643.0,662.0,688.0,817.0,837.0,845.0,857.0,890.0,945.0,956.0,977.0,982.0,
2.0,5.0,24.0,32.0,53.0,61.0,64.0,79.0,123.0,172.0,202.0,266.0,273.0,295.0,305.0,313.0,323.0,326.0,348.0,444.0,460.0,576.0,583.0,602.0,606.0,624.0,627.0,661.0,690.0,729.0,746.0,807.0,838.0,874.0,933.0,936.0,957.0,975.0,982.0,
12.0,33.0,45.0,101.0,119.0,131.0,138.0,173.0,174.0,176.0,206.0,317.0,317.0,324.0,335.0,354.0,373.0,374.0,496.0,497.0,501.0,512.0,530.0,541.0,554.0,566.0,626.0,641.0,672.0,735.0,736.0,750.0,773.0,779.0,795.0,828.0,861.0,866.0,939.0,989.0,993.0,
14.0,35.0,56.0,63.0,75.0,109.0,131.0,133.0,169.0,193.0,290.0,294.0,323.0,411.0,418.0,482.0,492.0,499.0,525.0,547.0,554.0,585.0,607.0,614.0,624.0,662.0,671.0,702.0,737.0,789.0,809.0,865.0,878.0,913.0,932.0,
72.0,82.0,89.0,129.0,158.0,160.0,206.0,257.0,284.0,291.0,322.0,407.0,409.0,496.0,510.0,512.0,545.0,547.0,556.0,572.0,595.0,619.0,624.0,662.0,761.0,772.0,929.0,957.0,
26.0,36.0,48.0,81.0,83.0,134.0,147.0,167.0,167.0,276.0,309.0,374.0,387.0,398.0,449.0,453.0,457.0,642.0,652.0,691.0,732.0,745.0,777.0,870.0,887.0,907.0,927.0,955.0,961.0,
8.0,53.0,88.0,118.0,130.0,147.0,159.0,188.0,208.0,216.0,223.0,259.0,272.0,347.0,371.0,435.0,441.0,451.0,455.0,492.0,493.0,554.0,556.0,556.0,577.0,677.0,679.0,683.0,755.0,781.0,784.0,787.0,795.0,997.0,
2.0,66.0,127.0,139.0,147.0,162.0,164.0,216.0,223.0,232.0,408.0,408.0,450.0,519.0,554.0,604.0,615.0,622.0,625.0,627.0,684.0,739.0,755.0,756.0,758.0,831.0,843.0,844.0,916.0,921.0,951.0,951.0,964.0,976.0,991.0,995.0,
96.0,99.0,104.0,108.0,131.0,168.0,188.0,229.0,238.0,240.0,242.0,298.0,336.0,357.0,476.0,561.0,577.0,648.0,739.0,809.0,853.0,859.0,912.0,916.0,943.0,985.0,
14.0,34.0,80.0,95.0,122.0,132.0,133.0,163.0,176.0,202.0,216.0,218.0,223.0,259.0,265.0,310.0,313.0,330.0,415.0,431.0,461.0,470.0,474.0,499.0,512.0,520.0,534.0,543.0,565.0,582.0,603.0,616.0,638.0,670.0,697.0,702.0,758.0,802.0,818.0,823.0,846.0,853.0,952.0,997.0,
32.0,74.0,104.0,136.0,199.0,245.0,245.0,291.0,319.0,327.0,348.0,354.0,406.0,429.0,448.0,538.0,561.0,610.0,627.0,692.0,700.0,720.0,727.0,787.0,805.0,852.0,869.0,881.0,883.0,925.0,
23.0,24.0,98.0,128.0,144.0,212.0,234.0,299.0,300.0,310.0,382.0,443.0,453.0,511.0,533.0,548.0,561.0,587.0,721.0,793.0,813.0,819.0,940.0,950.0,964.0,
51.0,75.0,102.0,196.0,230.0,267.0,417.0,448.0,497.0,528.0,575.0,603.0,636.0,642.0,646.0,648.0,660.0,698.0,755.0,758.0,878.0,904.0,913.0,949.0,950.0,
7.0,111.0,122.0,145.0,199.0,207.0,248.0,255.0,269.0,284.0,300.0,329.0,339.0,345.0,349.0,357.0,370.0,373.0,396.0,414.0,461.0,481.0,498.0,541.0,595.0,610.0,646.0,646.0,671.0,741.0,745.0,811.0,812.0,865.0,880.0,917.0,934.0,962.0,979.0,
57.0,87.0,128.0,173.0,192.0,234.0,304.0,378.0,433.0,675.0,751.0,753.0,762.0,794.0,844.0,914.0,958.0,965.0,999.0,
6.0,7.0,80.0,175.0,189.0,312.0,337.0,391.0,427.0,467.0,474.0,479.0,499.0,522.0,525.0,582.0,596.0,601.0,625.0,689.0,701.0,799.0,802.0,816.0,853.0,903.0,921.0,928.0,959.0,973.0,
50.0,85.0,94.0,106.0,113.0,155.0,332.0,336.0,377.0,476.0,506.0,524.0,528.0,540.0,541.0,719.0,729.0,746.0,768.0,780.0,822.0,860.0,870.0,881.0,886.0,900.0,901.0,923.0,966.0,974.0,997.0,
33.0,45.0,58.0,69.0,74.0,115.0,125.0,128.0,275.0,283.0,284.0,352.0,371.0,377.0,390.0,452.0,496.0,663.0,666.0,704.0,721.0,760.0,785.0,826.0,833.0,866.0,903.0,905.0,944.0,963.0,966.0,
5.0,45.0,57.0,59.0,60.0,81.0,104.0,147.0,172.0,189.0,270.0,272.0,285.0,308.0,319.0,338.0,352.0,367.0,410.0,435.0,464.0,505.0,521.0,550.0,559.0,593.0,669.0,678.0,683.0,699.0,746.0,756.0,757.0,772.0,809.0,888.0,931.0,
