82.0,96.0,108.0,148.0,148.0,171.0,179.0,202.0,216.0,220.0,235.0,266.0,295.0,326.0,337.0,391.0,424.0,438.0,458.0,470.0,477.0,483.0,494.0,518.0,567.0,692.0,765.0,849.0,867.0,939.0,
10.0,44.0,85.0,96.0,134.0,146.0,174.0,358.0,373.0,388.0,447.0,462.0,510.0,545.0,590.0,597.0,666.0,697.0,728.0,748.0,764.0,817.0,835.0,839.0,862.0,878.0,908.0,932.0,971.0,987.0,998.0,1000.0,
19.0,27.0,55.0,72.0,113.0,159.0,182.0,185.0,188.0,207.0,228.0,252.0,261.0,332.0,338.0,353.0,465.0,470.0,471.0,486.0,507.0,528.0,546.0,568.0,621.0,630.0,688.0,769.0,812.0,843.0,860.0,903.0,978.0,
11.0,31.0,52.0,68.0,84.0,194.0,198.0,281.0,294.0,309.0,315.0,352.0,382.0,392.0,405.0,448.0,505.0,534.0,543.0,572.0,600.0,631.0,636.0,643.0,661.0,741.0,766.0,777.0,795.0,825.0,842.0,863.0,873.0,891.0,900.0,926.0,994.0,996.0,
11.0,14.0,21.0,47.0,114.0,122.0,150.0,152.0,186.0,187.0,213.0,214.0,237.0,240.0,243.0,253.0,292.0,311.0,353.0,355.0,380.0,450.0,458.0,538.0,550.0,633.0,652.0,669.0,708.0,716.0,726.0,787.0,825.0,829.0,921.0,921.0,
22.0,72.0,130.0,229.0,289.0,310.0,314.0,365.0,380.0,427.0,443.0,456.0,457.0,542.0,561.0,586.0,589.0,615.0,621.0,665.0,691.0,740.0,744.0,792.0,824.0,836.0,837.0,838.0,845.0,856.0,857.0,904.0,
22.0,25.0,35.0,44.0,93.0,102.0,212.0,312.0,322.0,327.0,335.0,343.0,344.0,347.0,356.0,359.0,371.0,378.0,399.0,412.0,416.0,450.0,520.0,524.0,562.0,580.0,600.0,725.0,726.0,745.0,786.0,798.0,811.0,814.0,833.0,844.0,861.0,887.0,920.0,922.0,986.0,993.0,
8.0,34.0,43.0,57.0,68.0,84.0,104.0,112.0,199.0,207.0,216.0,345.0,374.0,381.0,398.0,409.0,417.0,467.0,470.0,510.0,551.0,571.0,577.0,683.0,793.0,842.0,860.0,893.0,914.0,930.0,
17.0,71.0,72.0,92.0,153.0,178.0,187.0,195.0,195.0,199.0,200.0,202.0,217.0,245.0,273.0,277.0,281.0,296.0,387.0,428.0,475.0,498.0,516.0,533.0,616.0,623.0,625.0,642.0,642.0,684.0,700.0,702.0,713.0,722.0,765.0,806.0,813.0,875.0,875.0,953.0,960.0,
3.0,43.0,65.0,179.0,210.0,228.0,239.0,282.0,283.0,311.0,327.0,332.0,355.0,407.0,411.0,412.0,482.0,501.0,512.0,515.0,519.0,542.0,562.0,616.0,624.0,635.0,641.0,710.0,767.0,789.0,792.0,813.0,845.0,848.0,851.0,896.0,948.0,950.0,
25.0,26.0,51.0,67.0,87.0,99.0,110.0,141.0,162.0,163.0,181.0,208.0,221.0,229.0,231.0,309.0,338.0,343.0,387.0,443.0,444.0,461.0,535.0,572.0,579.0,618.0,658.0,671.0,713.0,730.0,732.0,760.0,778.0,804.0,815.0,879.0,891.0,899.0,907.0,950.0,951.0,982.0,
19.0,142.0,160.0,195.0,195.0,217.0,217.0,232.0,241.0,311.0,334.0,362.0,373.0,374.0,381.0,434.0,451.0,471.0,480.0,506.0,510.0,530.0,552.0,586.0,593.0,631.0,682.0,708.0,709.0,725.0,728.0,740.0,751.0,754.0,858.0,930.0,940.0,955.0,960.0,965.0,979.0,
11.0,33.0,56.0,73.0,102.0,166.0,177.0,187.0,253.0,269.0,270.0,284.0,328.0,386.0,457.0,491.0,494.0,513.0,522.0,544.0,552.0,557.0,587.0,592.0,613.0,666.0,670.0,694.0,745.0,758.0,778.0,781.0,873.0,902.0,923.0,930.0,959.0,998.0,
2.0,29.0,34.0,41.0,123.0,130.0,183.0,199.0,205.0,220.0,246.0,295.0,315.0,326.0,365.0,407.0,473.0,514.0,600.0,614.0,637.0,675.0,682.0,693.0,701.0,714.0,761.0,797.0,917.0,952.0,967.0,972.0,973.0,
3.0,62.0,125.0,151.0,169.0,176.0,179.0,216.0,240.0,264.0,287.0,288.0,288.0,295.0,310.0,323.0,364.0,393.0,468.0,468.0,480.0,492.0,492.0,498.0,499.0,540.0,550.0,578.0,635.0,651.0,769.0,776.0,810.0,848.0,874.0,883.0,887.0,928.0,930.0,976.0,
3.0,9.0,67.0,74.0,138.0,148.0,161.0,218.0,271.0,273.0,276.0,278.0,287.0,305.0,326.0,340.0,357.0,408.0,450.0,461.0,496.0,499.0,525.0,540.0,551.0,562.0,566.0,572.0,639.0,656.0,665.0,701.0,710.0,712.0,756.0,783.0,788.0,788.0,864.0,875.0,889.0,905.0,922.0,946.0,963.0,982.0,
15.0,66.0,135.0,178.0,227.0,228.0,230.0,246.0,274.0,296.0,333.0,350.0,403.0,416.0,426.0,432.0,435.0,435.0,592.0,652.0,659.0,674.0,693.0,709.0,711.0,735.0,761.0,798.0,812.0,835.0,839.0,840.0,840.0,859.0,863.0,886.0,907.0,910.0,917.0,921.0,935.0,962.0,
17.0,20.0,32.0,33.0,47.0,94.0,97.0,136.0,153.0,159.0,170.0,189.0,190.0,202.0,208.0,213.0,223.0,298.0,342.0,381.0,387.0,473.0,532.0,547.0,557.0,564.0,636.0,642.0,681.0,693.0,720.0,727.0,743.0,775.0,779.0,826.0,829.0,864.0,910.0,926.0,939.0,
61.0,117.0,146.0,153.0,179.0,222.0,235.0,314.0,359.0,364.0,367.0,388.0,411.0,419.0,422.0,459.0,465.0,578.0,607.0,609.0,677.0,706.0,742.0,769.0,786.0,812.0,847.0,847.0,850.0,862.0,867.0,894.0,958.0,971.0,
11.0,119.0,169.0,179.0,196.0,222.0,228.0,234.0,257.0,269.0,308.0,325.0,413.0,470.0,497.0,505.0,513.0,610.0,636.0,664.0,678.0,704.0,743.0,758.0,768.0,774.0,814.0,821.0,822.0,829.0,860.0,885.0,944.0,
120.0,123.0,158.0,163.0,166.0,194.0,249.0,280.0,292.0,300.0,330.0,383.0,399.0,437.0,446.0,509.0,586.0,669.0,726.0,729.0,730.0,772.0,780.0,790.0,831.0,900.0,906.0,920.0,930.0,942.0,949.0,987.0,999.0,
35.0,36.0,48.0,58.0,167.0,175.0,232.0,245.0,273.0,281.0,289.0,308.0,317.0,330.0,330.0,331.0,358.0,403.0,423.0,457.0,470.0,497.0,508.0,575.0,588.0,598.0,615.0,681.0,719.0,746.0,749.0,764.0,789.0,798.0,802.0,860.0,860.0,898.0,914.0,969.0,998.0,
6.0,38.0,49.0,51.0,78.0,88.0,115.0,116.0,120.0,154.0,161.0,184.0,199.0,218.0,273.0,292.0,331.0,349.0,364.0,365.0,401.0,460.0,463.0,466.0,483.0,524.0,547.0,589.0,681.0,715.0,790.0,796.0,801.0,875.0,884.0,885.0,912.0,952.0,
267.0,288.0,349.0,395.0,453.0,482.0,506.0,510.0,656.0,680.0,698.0,763.0,789.0,845.0,915.0,916.0,958.0,962.0,980.0,
2.0,46.0,70.0,113.0,160.0,195.0,232.0,235.0,261.0,263.0,279.0,319.0,326.0,370.0,371.0,414.0,432.0,453.0,464.0,507.0,509.0,612.0,643.0,686.0,695.0,757.0,791.0,863.0,935.0,936.0,977.0,988.0,
25.0,38.0,42.0,74.0,172.0,208.0,209.0,213.0,261.0,272.0,279.0,351.0,441.0,445.0,467.0,470.0,570.0,596.0,634.0,690.0,740.0,809.0,826.0,872.0,929.0,940.0,944.0,964.0,984.0,
103.0,127.0,157.0,227.0,232.0,236.0,277.0,293.0,296.0,300.0,400.0,405.0,414.0,429.0,434.0,451.0,460.0,501.0,506.0,523.0,559.0,562.0,675.0,702.0,720.0,734.0,757.0,763.0,766.0,779.0,780.0,789.0,805.0,815.0,864.0,918.0,937.0,
11.0,28.0,91.0,133.0,209.0,237.0,241.0,262.0,339.0,357.0,361.0,374.0,384.0,456.0,466.0,489.0,525.0,590.0,600.0,610.0,614.0,643.0,655.0,705.0,739.0,745.0,768.0,791.0,824.0,851.0,904.0,945.0,969.0,
30.0,61.0,86.0,91.0,119.0,130.0,164.0,227.0,241.0,243.0,254.0,264.0,296.0,353.0,363.0,381.0,419.0,422.0,458.0,491.0,522.0,582.0,587.0,590.0,590.0,618.0,632.0,634.0,657.0,663.0,673.0,744.0,781.0,816.0,846.0,859.0,899.0,914.0,933.0,967.0,
56.0,63.0,76.0,95.0,103.0,180.0,263.0,281.0,315.0,354.0,430.0,455.0,461.0,479.0,544.0,556.0,615.0,630.0,658.0,664.0,799.0,804.0,815.0,817.0,936.0,993.0,
3.0,18.0,33.0,41.0,42.0,61.0,73.0,103.0,132.0,183.0,187.0,240.0,244.0,331.0,352.0,394.0,394.0,400.0,418.0,438.0,487.0,490.0,508.0,534.0,539.0,545.0,554.0,557.0,579.0,587.0,618.0,624.0,673.0,696.0,713.0,778.0,966.0,995.0,
25.0,46.0,68.0,72.0,73.0,75.0,151.0,201.0,251.0,265.0,269.0,278.0,361.0,374.0,378.0,410.0,428.0,464.0,476.0,535.0,569.0,654.0,695.0,697.0,698.0,757.0,788.0,801.0,809.0,811.0,817.0,907.0,
20.0,33.0,72.0,102.0,128.0,163.0,308.0,332.0,369.0,381.0,435.0,449.0,449.0,495.0,531.0,538.0,670.0,671.0,708.0,762.0,843.0,856.0,871.0,897.0,902.0,907.0,914.0,934.0,966.0,967.0,997.0,
52.0,73.0,155.0,171.0,225.0,305.0,312.0,335.0,341.0,381.0,403.0,413.0,498.0,547.0,565.0,574.0,591.0,610.0,620.0,632.0,640.0,655.0,668.0,674.0,836.0,847.0,869.0,878.0,892.0,907.0,911.0,989.0,
35.0,88.0,96.0,106.0,117.0,133.0,161.0,186.0,230.0,251.0,257.0,274.0,301.0,372.0,399.0,426.0,449.0,452.0,508.0,510.0,514.0,523.0,529.0,531.0,544.0,566.0,570.0,587.0,589.0,599.0,600.0,623.0,624.0,659.0,670.0,677.0,680.0,709.0,724.0,724.0,742.0,747.0,756.0,756.0,758.0,763.0,827.0,850.0,945.0,957.0,986.0,998.0,
11.0,50.0,80.0,158.0,170.0,273.0,278.0,285.0,286.0,302.0,316.0,322.0,375.0,388.0,388.0,401.0,421.0,443.0,481.0,514.0,520.0,525.0,527.0,531.0,540.0,547.0,548.0,549.0,565.0,566.0,577.0,584.0,585.0,591.0,616.0,622.0,623.0,635.0,643.0,651.0,662.0,678.0,689.0,713.0,753.0,778.0,797.0,800.0,805.0,830.0,835.0,835.0,839.0,865.0,868.0,872.0,911.0,921.0,967.0,974.0,986.0,992.0,
4.0,9.0,26.0,73.0,119.0,243.0,320.0,338.0,343.0,344.0,422.0,473.0,491.0,504.0,517.0,531.0,540.0,543.0,555.0,556.0,562.0,562.0,579.0,580.0,590.0,595.0,607.0,608.0,625.0,631.0,633.0,634.0,636.0,658.0,677.0,684.0,704.0,707.0,714.0,714.0,742.0,749.0,751.0,812.0,843.0,844.0,845.0,857.0,857.0,863.0,869.0,871.0,879.0,912.0,916.0,941.0,976.0,992.0,
60.0,95.0,149.0,163.0,223.0,239.0,244.0,251.0,291.0,299.0,331.0,338.0,343.0,345.0,350.0,367.0,441.0,446.0,458.0,495.0,520.0,534.0,558.0,592.0,612.0,637.0,651.0,684.0,739.0,740.0,747.0,778.0,853.0,860.0,888.0,899.0,911.0,917.0,953.0,955.0,961.0,984.0,990.0,
25.0,28.0,53.0,68.0,71.0,115.0,119.0,151.0,153.0,165.0,170.0,178.0,210.0,229.0,296.0,373.0,385.0,404.0,448.0,454.0,474.0,504.0,504.0,511.0,514.0,523.0,556.0,556.0,561.0,562.0,590.0,600.0,628.0,634.0,655.0,664.0,699.0,717.0,748.0,768.0,827.0,830.0,837.0,874.0,982.0,
25.0,30.0,34.0,49.0,130.0,131.0,147.0,157.0,190.0,210.0,305.0,337.0,359.0,364.0,430.0,433.0,448.0,512.0,517.0,552.0,559.0,598.0,612.0,653.0,658.0,673.0,682.0,722.0,752.0,842.0,862.0,956.0,
19.0,40.0,64.0,85.0,128.0,200.0,200.0,219.0,244.0,274.0,274.0,276.0,288.0,334.0,379.0,497.0,514.0,533.0,534.0,559.0,576.0,625.0,725.0,768.0,819.0,821.0,823.0,847.0,850.0,882.0,889.0,904.0,944.0,
40.0,50.0,51.0,95.0,105.0,115.0,126.0,133.0,141.0,158.0,172.0,173.0,231.0,250.0,346.0,364.0,387.0,410.0,429.0,513.0,516.0,517.0,522.0,533.0,542.0,563.0,579.0,623.0,637.0,642.0,654.0,680.0,705.0,734.0,740.0,742.0,774.0,784.0,785.0,796.0,825.0,866.0,889.0,890.0,913.0,913.0,913.0,921.0,970.0,977.0,979.0,
48.0,59.0,60.0,73.0,95.0,108.0,128.0,192.0,239.0,246.0,348.0,389.0,428.0,428.0,486.0,489.0,515.0,524.0,573.0,577.0,635.0,677.0,747.0,754.0,763.0,764.0,793.0,806.0,810.0,863.0,876.0,997.0,
73.0,84.0,97.0,106.0,131.0,197.0,208.0,222.0,250.0,255.0,259.0,261.0,295.0,317.0,345.0,378.0,380.0,405.0,409.0,420.0,427.0,515.0,537.0,538.0,538.0,578.0,605.0,611.0,631.0,636.0,648.0,648.0,686.0,713.0,763.0,766.0,787.0,815.0,820.0,821.0,860.0,860.0,885.0,887.0,912.0,941.0,965.0,990.0,998.0,
10.0,12.0,30.0,41.0,83.0,90.0,113.0,119.0,146.0,151.0,210.0,254.0,283.0,325.0,366.0,372.0,388.0,403.0,416.0,428.0,432.0,437.0,444.0,452.0,485.0,530.0,536.0,537.0,544.0,545.0,547.0,549.0,550.0,553.0,556.0,595.0,598.0,611.0,614.0,624.0,638.0,653.0,653.0,657.0,661.0,669.0,674.0,681.0,684.0,689.0,690.0,701.0,710.0,719.0,724.0,735.0,741.0,756.0,759.0,764.0,767.0,773.0,774.0,810.0,822.0,826.0,841.0,843.0,859.0,868.0,869.0,869.0,876.0,880.0,888.0,897.0,913.0,935.0,941.0,969.0,991.0,996.0,
51.0,74.0,123.0,154.0,161.0,197.0,277.0,282.0,299.0,334.0,361.0,373.0,388.0,409.0,427.0,450.0,510.0,513.0,516.0,521.0,523.0,525.0,532.0,535.0,537.0,540.0,541.0,544.0,547.0,564.0,565.0,566.0,567.0,571.0,579.0,590.0,605.0,613.0,618.0,628.0,635.0,640.0,646.0,661.0,676.0,679.0,682.0,682.0,685.0,732.0,734.0,776.0,800.0,817.0,826.0,854.0,881.0,890.0,895.0,921.0,923.0,926.0,928.0,933.0,944.0,948.0,950.0,957.0,963.0,973.0,986.0,998.0,
35.0,50.0,143.0,149.0,196.0,210.0,220.0,246.0,252.0,263.0,270.0,287.0,291.0,306.0,347.0,369.0,381.0,415.0,460.0,508.0,522.0,525.0,526.0,534.0,536.0,542.0,545.0,546.0,547.0,548.0,550.0,551.0,552.0,559.0,561.0,561.0,564.0,572.0,576.0,581.0,584.0,588.0,589.0,594.0,605.0,606.0,607.0,608.0,613.0,618.0,620.0,629.0,641.0,648.0,655.0,657.0,660.0,666.0,687.0,691.0,691.0,695.0,697.0,703.0,715.0,727.0,764.0,770.0,806.0,807.0,808.0,809.0,816.0,817.0,834.0,842.0,851.0,856.0,868.0,873.0,910.0,913.0,913.0,916.0,918.0,923.0,931.0,938.0,942.0,946.0,950.0,952.0,973.0,976.0,985.0,989.0,
32.0,67.0,124.0,130.0,152.0,169.0,198.0,203.0,205.0,241.0,333.0,370.0,404.0,408.0,415.0,426.0,467.0,538.0,544.0,545.0,546.0,552.0,559.0,568.0,570.0,575.0,578.0,584.0,626.0,700.0,703.0,715.0,747.0,782.0,793.0,820.0,822.0,824.0,848.0,871.0,883.0,892.0,943.0,949.0,966.0,
14.0,65.0,98.0,122.0,141.0,237.0,341.0,399.0,429.0,435.0,454.0,468.0,489.0,525.0,547.0,552.0,650.0,683.0,689.0,822.0,824.0,825.0,856.0,859.0,905.0,
24.0,31.0,45.0,68.0,76.0,94.0,102.0,104.0,105.0,122.0,127.0,150.0,169.0,194.0,247.0,321.0,417.0,418.0,431.0,432.0,436.0,472.0,494.0,549.0,563.0,583.0,586.0,599.0,613.0,624.0,636.0,638.0,725.0,736.0,812.0,865.0,886.0,952.0,
11.0,21.0,28.0,38.0,97.0,120.0,142.0,176.0,223.0,248.0,293.0,398.0,430.0,446.0,446.0,458.0,482.0,483.0,498.0,562.0,582.0,605.0,608.0,612.0,636.0,656.0,678.0,690.0,718.0,728.0,749.0,791.0,809.0,832.0,838.0,843.0,868.0,873.0,906.0,925.0,994.0,
9.0,43.0,52.0,77.0,186.0,188.0,232.0,235.0,258.0,266.0,355.0,399.0,430.0,457.0,464.0,467.0,474.0,481.0,503.0,567.0,606.0,609.0,621.0,680.0,687.0,736.0,783.0,790.0,814.0,852.0,853.0,865.0,903.0,903.0,908.0,928.0,962.0,973.0,
46.0,56.0,132.0,133.0,139.0,152.0,224.0,271.0,278.0,283.0,291.0,310.0,326.0,374.0,383.0,394.0,470.0,522.0,522.0,524.0,545.0,573.0,577.0,713.0,721.0,754.0,765.0,804.0,810.0,823.0,850.0,949.0,968.0,
29.0,35.0,49.0,88.0,125.0,126.0,161.0,162.0,204.0,283.0,300.0,345.0,352.0,416.0,418.0,450.0,498.0,519.0,525.0,533.0,543.0,551.0,558.0,563.0,565.0,566.0,579.0,588.0,591.0,597.0,606.0,607.0,611.0,626.0,629.0,630.0,644.0,645.0,647.0,656.0,657.0,678.0,678.0,681.0,683.0,695.0,697.0,702.0,706.0,730.0,755.0,758.0,804.0,806.0,836.0,845.0,850.0,857.0,916.0,924.0,938.0,951.0,958.0,968.0,993.0,
33.0,79.0,144.0,170.0,177.0,223.0,235.0,240.0,262.0,280.0,294.0,341.0,347.0,397.0,487.0,496.0,512.0,516.0,523.0,527.0,530.0,535.0,542.0,545.0,552.0,559.0,560.0,564.0,566.0,569.0,573.0,573.0,583.0,585.0,589.0,594.0,595.0,602.0,604.0,611.0,612.0,612.0,621.0,628.0,636.0,643.0,651.0,658.0,665.0,675.0,681.0,684.0,685.0,687.0,705.0,719.0,732.0,767.0,768.0,779.0,791.0,830.0,851.0,852.0,861.0,879.0,884.0,886.0,895.0,906.0,912.0,913.0,936.0,947.0,964.0,980.0,986.0,994.0,
17.0,40.0,52.0,57.0,78.0,130.0,133.0,186.0,222.0,260.0,270.0,287.0,290.0,301.0,332.0,368.0,385.0,459.0,496.0,513.0,514.0,516.0,520.0,524.0,526.0,527.0,530.0,537.0,543.0,554.0,562.0,566.0,567.0,570.0,577.0,591.0,602.0,611.0,614.0,622.0,628.0,628.0,630.0,640.0,641.0,643.0,648.0,651.0,660.0,676.0,679.0,691.0,711.0,726.0,794.0,798.0,829.0,831.0,832.0,834.0,863.0,908.0,918.0,937.0,939.0,945.0,959.0,964.0,973.0,981.0,984.0,993.0,999.0,
25.0,36.0,46.0,66.0,82.0,99.0,110.0,147.0,155.0,172.0,189.0,317.0,347.0,385.0,400.0,448.0,455.0,460.0,511.0,523.0,527.0,529.0,552.0,554.0,555.0,557.0,561.0,566.0,568.0,575.0,575.0,576.0,579.0,583.0,586.0,597.0,601.0,604.0,611.0,623.0,641.0,653.0,655.0,657.0,667.0,670.0,677.0,678.0,689.0,706.0,724.0,752.0,756.0,779.0,813.0,848.0,859.0,867.0,900.0,915.0,926.0,950.0,964.0,968.0,983.0,
30.0,89.0,101.0,122.0,149.0,150.0,203.0,255.0,262.0,355.0,362.0,385.0,398.0,514.0,515.0,535.0,542.0,543.0,545.0,555.0,569.0,569.0,572.0,576.0,615.0,623.0,625.0,637.0,637.0,640.0,659.0,661.0,716.0,719.0,750.0,750.0,755.0,760.0,765.0,778.0,785.0,792.0,809.0,814.0,819.0,821.0,845.0,854.0,863.0,886.0,886.0,923.0,932.0,943.0,967.0,
4.0,39.0,110.0,114.0,117.0,153.0,184.0,188.0,193.0,211.0,227.0,236.0,244.0,267.0,279.0,285.0,300.0,339.0,410.0,495.0,517.0,518.0,519.0,589.0,592.0,632.0,683.0,745.0,799.0,804.0,848.0,879.0,925.0,985.0,988.0,
60.0,61.0,64.0,69.0,82.0,159.0,161.0,170.0,302.0,394.0,410.0,420.0,426.0,429.0,433.0,477.0,511.0,513.0,521.0,525.0,525.0,544.0,556.0,575.0,645.0,653.0,694.0,733.0,761.0,763.0,822.0,848.0,860.0,895.0,902.0,957.0,992.0,
4.0,14.0,52.0,234.0,261.0,306.0,334.0,406.0,438.0,461.0,546.0,616.0,622.0,624.0,691.0,695.0,717.0,722.0,751.0,775.0,780.0,806.0,817.0,824.0,834.0,858.0,870.0,885.0,967.0,
4.0,12.0,119.0,150.0,195.0,200.0,212.0,262.0,296.0,337.0,370.0,404.0,404.0,410.0,447.0,460.0,498.0,499.0,587.0,622.0,622.0,624.0,648.0,688.0,703.0,735.0,737.0,756.0,781.0,801.0,828.0,829.0,887.0,898.0,919.0,953.0,996.0,
4.0,21.0,43.0,55.0,62.0,83.0,85.0,93.0,97.0,127.0,130.0,159.0,160.0,166.0,214.0,254.0,316.0,358.0,369.0,375.0,413.0,417.0,438.0,443.0,447.0,461.0,469.0,470.0,470.0,482.0,545.0,625.0,729.0,755.0,810.0,909.0,930.0,943.0,958.0,982.0,995.0,
3.0,45.0,59.0,139.0,148.0,174.0,224.0,236.0,260.0,299.0,387.0,406.0,468.0,481.0,505.0,510.0,529.0,541.0,542.0,543.0,544.0,545.0,558.0,559.0,574.0,600.0,601.0,625.0,660.0,676.0,699.0,820.0,838.0,849.0,866.0,887.0,889.0,892.0,896.0,897.0,972.0,981.0,
7.0,21.0,56.0,86.0,129.0,163.0,181.0,263.0,271.0,285.0,286.0,300.0,307.0,360.0,373.0,400.0,409.0,417.0,455.0,482.0,499.0,514.0,534.0,543.0,550.0,551.0,574.0,589.0,589.0,591.0,599.0,613.0,614.0,616.0,617.0,622.0,625.0,628.0,636.0,636.0,643.0,652.0,658.0,663.0,665.0,683.0,696.0,703.0,705.0,717.0,719.0,739.0,750.0,770.0,778.0,807.0,816.0,831.0,837.0,846.0,864.0,868.0,869.0,909.0,923.0,934.0,959.0,961.0,998.0,998.0,999.0,
8.0,93.0,114.0,130.0,135.0,170.0,181.0,203.0,223.0,223.0,284.0,310.0,321.0,386.0,419.0,496.0,524.0,524.0,529.0,530.0,531.0,532.0,535.0,539.0,543.0,547.0,549.0,551.0,554.0,564.0,575.0,577.0,581.0,582.0,597.0,598.0,599.0,616.0,623.0,631.0,670.0,680.0,686.0,687.0,728.0,736.0,747.0,758.0,768.0,795.0,797.0,827.0,860.0,861.0,864.0,893.0,895.0,904.0,905.0,909.0,917.0,924.0,935.0,963.0,971.0,978.0,995.0,
24.0,32.0,71.0,127.0,156.0,168.0,225.0,233.0,234.0,260.0,272.0,279.0,293.0,356.0,458.0,469.0,488.0,514.0,517.0,521.0,522.0,524.0,525.0,530.0,531.0,540.0,543.0,544.0,548.0,552.0,554.0,560.0,562.0,563.0,570.0,578.0,582.0,593.0,596.0,597.0,597.0,599.0,605.0,612.0,613.0,613.0,622.0,625.0,638.0,648.0,654.0,658.0,663.0,681.0,682.0,682.0,686.0,700.0,704.0,709.0,728.0,750.0,784.0,820.0,848.0,871.0,910.0,917.0,922.0,
20.0,28.0,50.0,57.0,70.0,89.0,130.0,200.0,201.0,256.0,258.0,285.0,358.0,388.0,432.0,435.0,436.0,465.0,469.0,474.0,500.0,519.0,541.0,569.0,571.0,573.0,575.0,579.0,579.0,591.0,598.0,601.0,614.0,615.0,621.0,625.0,635.0,642.0,651.0,654.0,674.0,684.0,692.0,750.0,757.0,758.0,761.0,768.0,797.0,802.0,804.0,832.0,849.0,891.0,922.0,953.0,955.0,962.0,964.0,978.0,
30.0,85.0,180.0,197.0,227.0,228.0,237.0,248.0,270.0,292.0,312.0,316.0,336.0,363.0,431.0,443.0,468.0,489.0,504.0,554.0,566.0,581.0,650.0,667.0,680.0,768.0,791.0,799.0,799.0,889.0,905.0,938.0,944.0,958.0,960.0,962.0,968.0,
19.0,20.0,140.0,175.0,204.0,243.0,266.0,267.0,301.0,302.0,336.0,399.0,440.0,451.0,463.0,476.0,495.0,597.0,602.0,643.0,654.0,654.0,660.0,686.0,690.0,726.0,758.0,759.0,852.0,866.0,915.0,928.0,981.0,992.0,992.0,
60.0,118.0,130.0,149.0,151.0,161.0,188.0,259.0,266.0,272.0,282.0,287.0,304.0,513.0,535.0,543.0,709.0,725.0,744.0,748.0,784.0,820.0,832.0,889.0,892.0,
44.0,48.0,59.0,66.0,79.0,97.0,106.0,112.0,131.0,136.0,136.0,143.0,170.0,197.0,216.0,217.0,224.0,320.0,362.0,418.0,441.0,445.0,446.0,458.0,460.0,480.0,498.0,618.0,643.0,646.0,649.0,662.0,679.0,701.0,721.0,733.0,740.0,741.0,817.0,830.0,842.0,859.0,946.0,
34.0,61.0,63.0,72.0,96.0,117.0,143.0,147.0,194.0,211.0,216.0,237.0,307.0,327.0,339.0,350.0,375.0,405.0,432.0,463.0,502.0,503.0,521.0,525.0,550.0,555.0,599.0,607.0,614.0,639.0,643.0,664.0,715.0,749.0,779.0,853.0,857.0,883.0,1000.0,
16.0,18.0,34.0,63.0,93.0,126.0,159.0,163.0,186.0,193.0,218.0,227.0,258.0,267.0,312.0,315.0,347.0,357.0,412.0,415.0,444.0,445.0,450.0,489.0,570.0,588.0,669.0,679.0,741.0,775.0,863.0,892.0,928.0,
3.0,51.0,84.0,122.0,142.0,148.0,165.0,166.0,274.0,314.0,384.0,416.0,450.0,494.0,499.0,520.0,530.0,540.0,549.0,558.0,566.0,575.0,579.0,579.0,580.0,605.0,618.0,626.0,627.0,650.0,651.0,662.0,664.0,679.0,697.0,716.0,737.0,744.0,754.0,773.0,777.0,793.0,834.0,849.0,863.0,864.0,880.0,887.0,890.0,897.0,923.0,924.0,949.0,966.0,976.0,978.0,986.0,993.0,
8.0,40.0,45.0,54.0,54.0,89.0,98.0,107.0,111.0,163.0,210.0,210.0,219.0,237.0,241.0,253.0,281.0,301.0,302.0,309.0,312.0,317.0,352.0,352.0,371.0,427.0,434.0,503.0,515.0,528.0,529.0,532.0,536.0,552.0,564.0,568.0,570.0,572.0,574.0,579.0,594.0,608.0,622.0,626.0,635.0,658.0,667.0,678.0,684.0,690.0,694.0,748.0,749.0,758.0,789.0,792.0,798.0,831.0,848.0,860.0,870.0,881.0,906.0,907.0,920.0,925.0,927.0,994.0,
30.0,47.0,87.0,115.0,129.0,183.0,187.0,195.0,201.0,215.0,239.0,269.0,276.0,307.0,385.0,429.0,467.0,484.0,504.0,509.0,522.0,522.0,533.0,536.0,545.0,547.0,566.0,571.0,574.0,592.0,597.0,621.0,631.0,636.0,640.0,654.0,778.0,785.0,786.0,794.0,830.0,841.0,853.0,886.0,895.0,904.0,913.0,927.0,940.0,971.0,978.0,988.0,
50.0,55.0,117.0,129.0,144.0,159.0,199.0,212.0,232.0,280.0,283.0,325.0,336.0,432.0,516.0,517.0,541.0,598.0,648.0,668.0,700.0,741.0,773.0,780.0,812.0,820.0,825.0,830.0,836.0,904.0,924.0,990.0,
31.0,168.0,286.0,420.0,423.0,443.0,512.0,579.0,604.0,632.0,710.0,714.0,739.0,769.0,778.0,785.0,805.0,842.0,905.0,962.0,974.0,991.0,
6.0,101.0,106.0,108.0,109.0,125.0,158.0,195.0,330.0,334.0,340.0,342.0,345.0,357.0,392.0,405.0,409.0,414.0,452.0,471.0,483.0,586.0,686.0,728.0,753.0,755.0,766.0,844.0,900.0,941.0,942.0,947.0,949.0,
3.0,9.0,87.0,123.0,204.0,225.0,230.0,264.0,264.0,266.0,366.0,374.0,418.0,483.0,512.0,525.0,545.0,554.0,640.0,640.0,674.0,683.0,706.0,714.0,715.0,753.0,783.0,846.0,856.0,870.0,916.0,918.0,926.0,970.0,975.0,993.0,
25.0,93.0,128.0,145.0,178.0,181.0,192.0,200.0,219.0,226.0,252.0,285.0,319.0,360.0,363.0,371.0,373.0,400.0,400.0,417.0,489.0,503.0,560.0,610.0,674.0,717.0,742.0,772.0,782.0,789.0,868.0,904.0,974.0,986.0,
83.0,113.0,210.0,292.0,348.0,348.0,356.0,360.0,365.0,404.0,412.0,518.0,524.0,550.0,620.0,624.0,664.0,670.0,734.0,738.0,836.0,899.0,916.0,956.0,978.0,983.0,
4.0,4.0,8.0,10.0,42.0,50.0,84.0,93.0,176.0,214.0,235.0,236.0,249.0,261.0,266.0,277.0,332.0,398.0,501.0,518.0,528.0,544.0,585.0,696.0,716.0,720.0,729.0,747.0,758.0,947.0,952.0,
58.0,93.0,170.0,172.0,191.0,255.0,259.0,293.0,306.0,370.0,393.0,481.0,485.0,514.0,528.0,533.0,577.0,602.0,677.0,691.0,703.0,758.0,785.0,788.0,823.0,830.0,859.0,869.0,885.0,894.0,917.0,937.0,970.0,971.0,976.0,983.0,
12.0,31.0,70.0,75.0,84.0,89.0,144.0,192.0,217.0,287.0,301.0,314.0,321.0,323.0,336.0,360.0,384.0,396.0,400.0,436.0,443.0,444.0,470.0,476.0,479.0,507.0,512.0,598.0,600.0,609.0,621.0,629.0,638.0,671.0,757.0,832.0,839.0,911.0,941.0,965.0,
22.0,52.0,64.0,119.0,159.0,172.0,228.0,260.0,265.0,283.0,294.0,310.0,354.0,356.0,370.0,441.0,470.0,477.0,488.0,569.0,584.0,589.0,608.0,650.0,663.0,680.0,693.0,694.0,748.0,766.0,768.0,796.0,797.0,822.0,825.0,845.0,856.0,872.0,905.0,906.0,914.0,950.0,973.0,998.0,
22.0,74.0,89.0,122.0,146.0,155.0,201.0,223.0,244.0,265.0,270.0,294.0,299.0,317.0,318.0,339.0,357.0,414.0,442.0,469.0,482.0,522.0,544.0,593.0,645.0,695.0,711.0,711.0,720.0,803.0,872.0,882.0,893.0,910.0,932.0,962.0,976.0,994.0,996.0,999.0,
16.0,34.0,68.0,140.0,147.0,206.0,219.0,219.0,264.0,276.0,289.0,347.0,360.0,518.0,560.0,567.0,633.0,663.0,663.0,670.0,672.0,704.0,730.0,746.0,787.0,819.0,836.0,875.0,935.0,
5.0,10.0,15.0,29.0,36.0,187.0,221.0,223.0,278.0,294.0,307.0,335.0,345.0,385.0,404.0,417.0,433.0,439.0,481.0,505.0,512.0,516.0,569.0,620.0,636.0,646.0,650.0,673.0,720.0,759.0,765.0,902.0,904.0,918.0,
18.0,36.0,43.0,103.0,139.0,191.0,238.0,251.0,288.0,325.0,382.0,388.0,393.0,421.0,424.0,440.0,504.0,505.0,528.0,551.0,597.0,659.0,664.0,732.0,735.0,769.0,774.0,780.0,785.0,855.0,855.0,867.0,884.0,913.0,
4.0,23.0,31.0,41.0,43.0,52.0,77.0,81.0,85.0,120.0,128.0,172.0,194.0,212.0,240.0,245.0,264.0,285.0,314.0,322.0,324.0,328.0,385.0,413.0,416.0,417.0,451.0,453.0,500.0,501.0,506.0,509.0,513.0,577.0,578.0,594.0,602.0,616.0,665.0,799.0,917.0,984.0,993.0,
14.0,154.0,173.0,231.0,232.0,240.0,307.0,336.0,412.0,432.0,446.0,448.0,463.0,502.0,530.0,567.0,592.0,652.0,667.0,709.0,793.0,808.0,817.0,839.0,873.0,881.0,930.0,952.0,984.0,
2.0,13.0,55.0,57.0,67.0,74.0,106.0,160.0,173.0,212.0,212.0,213.0,257.0,359.0,377.0,443.0,447.0,460.0,468.0,487.0,512.0,550.0,568.0,580.0,628.0,662.0,663.0,725.0,784.0,793.0,835.0,840.0,909.0,917.0,927.0,934.0,941.0,946.0,962.0,977.0,996.0,
18.0,25.0,34.0,123.0,124.0,166.0,191.0,198.0,263.0,324.0,430.0,482.0,519.0,542.0,564.0,589.0,666.0,680.0,702.0,727.0,766.0,777.0,783.0,790.0,812.0,819.0,829.0,871.0,872.0,888.0,902.0,904.0,914.0,918.0,964.0,969.0,
46.0,70.0,121.0,146.0,169.0,185.0,188.0,212.0,272.0,379.0,406.0,427.0,456.0,471.0,535.0,575.0,580.0,585.0,664.0,692.0,746.0,746.0,747.0,898.0,910.0,980.0,984.0,
56.0,58.0,97.0,137.0,163.0,176.0,180.0,180.0,211.0,247.0,291.0,295.0,348.0,389.0,411.0,417.0,418.0,447.0,448.0,461.0,483.0,489.0,514.0,521.0,547.0,611.0,655.0,699.0,728.0,755.0,790.0,826.0,877.0,914.0,951.0,967.0,976.0,
24.0,44.0,47.0,108.0,117.0,164.0,185.0,194.0,201.0,210.0,225.0,233.0,278.0,282.0,296.0,313.0,344.0,352.0,396.0,400.0,431.0,433.0,532.0,539.0,548.0,584.0,597.0,605.0,636.0,637.0,643.0,651.0,676.0,680.0,718.0,748.0,805.0,828.0,831.0,855.0,864.0,910.0,
30.0,56.0,103.0,121.0,127.0,184.0,235.0,305.0,377.0,410.0,420.0,461.0,461.0,595.0,686.0,701.0,747.0,759.0,814.0,817.0,858.0,897.0,946.0,990.0,997.0,
7.0,9.0,48.0,181.0,203.0,209.0,245.0,260.0,313.0,326.0,358.0,385.0,401.0,413.0,453.0,492.0,495.0,503.0,504.0,505.0,539.0,580.0,611.0,696.0,705.0,722.0,723.0,752.0,766.0,822.0,842.0,874.0,952.0,994.0,
