73.0,86.0,94.0,150.0,183.0,202.0,233.0,309.0,323.0,339.0,344.0,365.0,387.0,452.0,480.0,490.0,508.0,576.0,588.0,605.0,609.0,678.0,701.0,714.0,727.0,746.0,751.0,762.0,769.0,779.0,836.0,890.0,890.0,904.0,982.0,
21.0,76.0,87.0,88.0,92.0,92.0,140.0,225.0,236.0,270.0,319.0,343.0,348.0,408.0,411.0,427.0,470.0,482.0,503.0,519.0,542.0,644.0,654.0,684.0,695.0,739.0,772.0,843.0,890.0,903.0,914.0,930.0,973.0,
11.0,62.0,82.0,117.0,128.0,130.0,138.0,162.0,189.0,231.0,290.0,387.0,396.0,415.0,423.0,424.0,426.0,446.0,460.0,463.0,530.0,574.0,576.0,580.0,583.0,605.0,606.0,617.0,621.0,623.0,628.0,661.0,685.0,689.0,690.0,728.0,738.0,795.0,801.0,810.0,855.0,863.0,877.0,878.0,887.0,941.0,941.0,944.0,950.0,955.0,969.0,981.0,
35.0,52.0,77.0,87.0,91.0,131.0,148.0,152.0,171.0,173.0,175.0,222.0,230.0,260.0,293.0,322.0,392.0,401.0,432.0,444.0,490.0,503.0,515.0,516.0,520.0,520.0,557.0,565.0,608.0,722.0,736.0,746.0,757.0,762.0,827.0,829.0,900.0,904.0,935.0,960.0,993.0,
13.0,68.0,73.0,87.0,102.0,111.0,117.0,124.0,131.0,170.0,196.0,222.0,238.0,277.0,337.0,365.0,368.0,371.0,404.0,415.0,426.0,432.0,550.0,551.0,567.0,568.0,577.0,582.0,621.0,623.0,655.0,657.0,687.0,802.0,850.0,853.0,855.0,878.0,879.0,897.0,898.0,922.0,937.0,952.0,961.0,973.0,
13.0,52.0,56.0,85.0,151.0,204.0,207.0,221.0,226.0,259.0,268.0,272.0,300.0,315.0,400.0,413.0,445.0,459.0,477.0,543.0,549.0,563.0,596.0,602.0,609.0,616.0,655.0,706.0,759.0,766.0,768.0,770.0,787.0,800.0,807.0,868.0,914.0,931.0,943.0,955.0,958.0,
56.0,66.0,102.0,104.0,105.0,141.0,159.0,172.0,209.0,256.0,266.0,304.0,317.0,320.0,374.0,393.0,396.0,422.0,439.0,452.0,457.0,476.0,523.0,589.0,623.0,644.0,662.0,669.0,700.0,707.0,747.0,779.0,793.0,805.0,807.0,815.0,818.0,828.0,869.0,996.0,
34.0,51.0,66.0,82.0,146.0,232.0,270.0,271.0,277.0,289.0,307.0,324.0,359.0,370.0,393.0,394.0,442.0,483.0,498.0,508.0,527.0,531.0,592.0,592.0,615.0,669.0,695.0,711.0,751.0,769.0,772.0,776.0,802.0,802.0,823.0,833.0,870.0,932.0,943.0,946.0,949.0,970.0,971.0,972.0,989.0,
9.0,31.0,41.0,74.0,99.0,147.0,174.0,186.0,233.0,238.0,249.0,272.0,279.0,289.0,318.0,340.0,343.0,367.0,372.0,414.0,431.0,439.0,472.0,596.0,612.0,667.0,679.0,718.0,720.0,720.0,770.0,777.0,812.0,812.0,832.0,850.0,855.0,858.0,903.0,905.0,947.0,963.0,988.0,991.0,
4.0,36.0,58.0,62.0,97.0,111.0,125.0,127.0,150.0,186.0,196.0,219.0,235.0,248.0,267.0,292.0,324.0,353.0,380.0,402.0,427.0,439.0,466.0,482.0,530.0,545.0,561.0,585.0,585.0,636.0,661.0,699.0,708.0,788.0,904.0,917.0,947.0,949.0,956.0,
145.0,159.0,180.0,223.0,242.0,252.0,293.0,309.0,312.0,330.0,342.0,358.0,361.0,363.0,369.0,388.0,410.0,437.0,451.0,467.0,478.0,487.0,533.0,577.0,649.0,650.0,661.0,702.0,713.0,721.0,728.0,777.0,785.0,820.0,828.0,833.0,879.0,902.0,905.0,906.0,914.0,919.0,924.0,954.0,954.0,958.0,
56.0,92.0,121.0,141.0,207.0,211.0,236.0,257.0,269.0,282.0,299.0,337.0,339.0,403.0,456.0,488.0,488.0,495.0,516.0,540.0,545.0,546.0,594.0,638.0,717.0,752.0,768.0,802.0,887.0,973.0,
31.0,80.0,87.0,92.0,150.0,187.0,193.0,211.0,232.0,295.0,296.0,306.0,314.0,327.0,416.0,420.0,426.0,584.0,635.0,647.0,685.0,699.0,703.0,711.0,729.0,734.0,746.0,760.0,768.0,785.0,800.0,823.0,831.0,878.0,906.0,960.0,971.0,974.0,986.0,
22.0,54.0,76.0,177.0,219.0,230.0,234.0,272.0,288.0,311.0,320.0,325.0,350.0,362.0,369.0,401.0,422.0,466.0,472.0,498.0,510.0,738.0,794.0,820.0,821.0,861.0,869.0,882.0,962.0,983.0,994.0,
31.0,41.0,44.0,52.0,78.0,146.0,148.0,175.0,198.0,209.0,252.0,285.0,343.0,346.0,365.0,378.0,408.0,421.0,448.0,486.0,
6.0,19.0,49.0,114.0,119.0,127.0,155.0,212.0,371.0,390.0,402.0,411.0,423.0,485.0,
5.0,75.0,79.0,82.0,119.0,137.0,173.0,185.0,222.0,229.0,246.0,268.0,279.0,282.0,283.0,343.0,347.0,401.0,406.0,503.0,505.0,901.0,923.0,989.0,
78.0,129.0,220.0,299.0,387.0,414.0,428.0,434.0,448.0,486.0,641.0,641.0,748.0,798.0,807.0,811.0,814.0,833.0,834.0,849.0,872.0,903.0,908.0,977.0,978.0,
4.0,15.0,30.0,82.0,111.0,123.0,340.0,369.0,377.0,387.0,396.0,442.0,485.0,545.0,553.0,564.0,574.0,587.0,598.0,600.0,611.0,637.0,647.0,648.0,651.0,652.0,657.0,672.0,675.0,687.0,708.0,720.0,724.0,763.0,784.0,784.0,795.0,797.0,801.0,823.0,847.0,855.0,859.0,907.0,957.0,979.0,
2.0,11.0,14.0,35.0,99.0,118.0,123.0,133.0,135.0,144.0,189.0,275.0,280.0,283.0,306.0,321.0,371.0,371.0,414.0,434.0,445.0,468.0,489.0,500.0,549.0,640.0,649.0,731.0,732.0,769.0,772.0,781.0,793.0,804.0,906.0,925.0,967.0,967.0,991.0,
30.0,132.0,167.0,203.0,213.0,215.0,246.0,283.0,312.0,329.0,364.0,383.0,407.0,408.0,443.0,448.0,448.0,490.0,513.0,514.0,526.0,569.0,600.0,630.0,634.0,673.0,676.0,708.0,739.0,747.0,750.0,756.0,784.0,826.0,858.0,911.0,919.0,923.0,949.0,968.0,982.0,
32.0,41.0,48.0,57.0,75.0,143.0,173.0,176.0,181.0,252.0,287.0,309.0,330.0,377.0,412.0,475.0,494.0,530.0,533.0,533.0,544.0,575.0,594.0,613.0,630.0,632.0,679.0,712.0,732.0,735.0,742.0,764.0,797.0,807.0,843.0,879.0,889.0,896.0,903.0,929.0,945.0,963.0,971.0,989.0,993.0,
13.0,124.0,270.0,289.0,350.0,396.0,397.0,407.0,408.0,444.0,455.0,807.0,832.0,843.0,882.0,916.0,958.0,999.0,
74.0,93.0,100.0,108.0,113.0,151.0,162.0,168.0,171.0,183.0,210.0,211.0,265.0,336.0,389.0,
25.0,65.0,108.0,145.0,172.0,177.0,196.0,220.0,234.0,262.0,304.0,308.0,331.0,334.0,353.0,384.0,407.0,417.0,453.0,500.0,870.0,
10.0,42.0,54.0,66.0,68.0,70.0,158.0,180.0,223.0,240.0,260.0,275.0,287.0,332.0,502.0,791.0,
10.0,49.0,73.0,115.0,163.0,176.0,181.0,217.0,228.0,243.0,270.0,364.0,368.0,395.0,412.0,435.0,437.0,458.0,465.0,500.0,503.0,507.0,954.0,
37.0,39.0,44.0,71.0,93.0,111.0,124.0,140.0,159.0,313.0,331.0,348.0,366.0,372.0,374.0,422.0,448.0,486.0,
29.0,49.0,95.0,122.0,148.0,172.0,227.0,338.0,384.0,398.0,439.0,443.0,472.0,492.0,770.0,859.0,918.0,920.0,
85.0,103.0,139.0,145.0,156.0,161.0,243.0,278.0,279.0,370.0,380.0,422.0,507.0,510.0,555.0,555.0,556.0,559.0,563.0,586.0,620.0,622.0,632.0,639.0,660.0,688.0,718.0,722.0,723.0,728.0,729.0,756.0,774.0,784.0,786.0,789.0,815.0,842.0,846.0,863.0,863.0,869.0,871.0,923.0,934.0,952.0,967.0,969.0,
7.0,73.0,170.0,186.0,192.0,204.0,265.0,306.0,307.0,322.0,333.0,361.0,370.0,397.0,406.0,409.0,426.0,475.0,504.0,534.0,537.0,576.0,584.0,592.0,653.0,656.0,679.0,687.0,687.0,714.0,720.0,730.0,756.0,767.0,807.0,859.0,875.0,890.0,892.0,899.0,941.0,
9.0,64.0,142.0,148.0,151.0,192.0,201.0,265.0,267.0,348.0,349.0,368.0,382.0,427.0,445.0,450.0,478.0,486.0,497.0,724.0,909.0,929.0,950.0,969.0,986.0,991.0,
12.0,13.0,32.0,49.0,82.0,132.0,170.0,217.0,243.0,272.0,280.0,286.0,323.0,324.0,352.0,388.0,392.0,411.0,436.0,449.0,458.0,487.0,488.0,491.0,494.0,
6.0,27.0,32.0,66.0,118.0,139.0,169.0,189.0,201.0,260.0,309.0,316.0,371.0,386.0,447.0,449.0,451.0,460.0,841.0,964.0,
3.0,17.0,17.0,63.0,83.0,83.0,144.0,145.0,151.0,167.0,205.0,214.0,232.0,258.0,338.0,364.0,372.0,392.0,405.0,411.0,420.0,428.0,431.0,439.0,459.0,463.0,506.0,741.0,853.0,870.0,884.0,974.0,
31.0,46.0,73.0,113.0,147.0,147.0,216.0,367.0,370.0,403.0,417.0,440.0,450.0,812.0,818.0,863.0,890.0,891.0,926.0,
64.0,238.0,240.0,247.0,285.0,286.0,319.0,336.0,360.0,366.0,366.0,422.0,422.0,454.0,477.0,496.0,501.0,503.0,877.0,
4.0,64.0,106.0,147.0,156.0,158.0,200.0,227.0,249.0,274.0,299.0,305.0,324.0,346.0,351.0,378.0,444.0,450.0,464.0,487.0,836.0,840.0,914.0,
11.0,59.0,91.0,132.0,142.0,183.0,238.0,239.0,270.0,276.0,290.0,355.0,376.0,399.0,414.0,452.0,461.0,462.0,475.0,493.0,
48.0,65.0,68.0,85.0,92.0,104.0,196.0,261.0,273.0,287.0,294.0,295.0,309.0,363.0,367.0,408.0,408.0,410.0,425.0,444.0,461.0,804.0,807.0,808.0,828.0,894.0,957.0,959.0,968.0,983.0,
3.0,13.0,147.0,211.0,216.0,255.0,264.0,266.0,275.0,280.0,295.0,296.0,302.0,368.0,398.0,398.0,419.0,431.0,433.0,440.0,445.0,468.0,486.0,491.0,517.0,526.0,543.0,546.0,588.0,596.0,603.0,608.0,610.0,638.0,663.0,705.0,740.0,745.0,751.0,764.0,813.0,869.0,876.0,932.0,954.0,996.0,
21.0,21.0,37.0,57.0,128.0,129.0,153.0,155.0,263.0,281.0,297.0,297.0,305.0,316.0,346.0,360.0,362.0,382.0,385.0,409.0,425.0,476.0,507.0,883.0,
14.0,19.0,58.0,126.0,127.0,138.0,146.0,151.0,158.0,172.0,217.0,231.0,265.0,275.0,330.0,331.0,349.0,420.0,435.0,487.0,880.0,
17.0,152.0,167.0,168.0,195.0,241.0,243.0,286.0,294.0,325.0,362.0,381.0,384.0,405.0,408.0,423.0,428.0,484.0,
34.0,86.0,128.0,134.0,147.0,151.0,182.0,194.0,204.0,219.0,226.0,256.0,358.0,428.0,434.0,453.0,501.0,502.0,853.0,902.0,925.0,
14.0,36.0,44.0,49.0,127.0,145.0,154.0,162.0,181.0,183.0,287.0,301.0,304.0,305.0,338.0,386.0,406.0,463.0,478.0,509.0,863.0,
69.0,83.0,97.0,113.0,178.0,267.0,272.0,317.0,368.0,393.0,403.0,437.0,474.0,789.0,876.0,924.0,926.0,
23.0,62.0,62.0,70.0,90.0,98.0,111.0,165.0,169.0,174.0,184.0,187.0,221.0,222.0,231.0,254.0,274.0,282.0,297.0,307.0,330.0,353.0,363.0,407.0,414.0,485.0,506.0,
64.0,80.0,119.0,150.0,157.0,221.0,243.0,271.0,279.0,292.0,294.0,296.0,308.0,334.0,337.0,361.0,391.0,399.0,413.0,423.0,460.0,507.0,849.0,940.0,953.0,
20.0,22.0,22.0,36.0,55.0,58.0,101.0,159.0,161.0,186.0,205.0,289.0,295.0,308.0,326.0,326.0,333.0,348.0,401.0,408.0,428.0,439.0,454.0,765.0,782.0,
52.0,122.0,124.0,189.0,251.0,268.0,271.0,275.0,284.0,369.0,400.0,418.0,445.0,452.0,462.0,469.0,475.0,476.0,535.0,562.0,585.0,622.0,638.0,684.0,694.0,742.0,774.0,788.0,795.0,825.0,862.0,916.0,925.0,959.0,967.0,994.0,
21.0,29.0,32.0,63.0,78.0,83.0,114.0,121.0,145.0,147.0,155.0,164.0,166.0,209.0,250.0,320.0,325.0,385.0,395.0,398.0,430.0,458.0,
5.0,43.0,59.0,92.0,110.0,171.0,186.0,227.0,230.0,240.0,335.0,361.0,365.0,400.0,407.0,440.0,441.0,448.0,450.0,454.0,464.0,470.0,1000.0,
26.0,68.0,112.0,148.0,170.0,190.0,192.0,194.0,216.0,240.0,294.0,301.0,307.0,326.0,412.0,418.0,469.0,754.0,983.0,991.0,
25.0,40.0,46.0,82.0,85.0,178.0,181.0,190.0,196.0,206.0,227.0,248.0,279.0,292.0,337.0,343.0,373.0,410.0,424.0,425.0,429.0,453.0,788.0,841.0,856.0,887.0,948.0,
59.0,120.0,156.0,228.0,239.0,257.0,314.0,359.0,426.0,427.0,429.0,431.0,496.0,496.0,758.0,829.0,901.0,906.0,
42.0,65.0,76.0,88.0,151.0,167.0,179.0,245.0,255.0,256.0,262.0,362.0,370.0,405.0,412.0,433.0,460.0,465.0,957.0,965.0,973.0,
29.0,37.0,47.0,101.0,147.0,229.0,235.0,300.0,311.0,423.0,463.0,490.0,497.0,500.0,508.0,884.0,924.0,939.0,963.0,974.0,979.0,
138.0,141.0,201.0,202.0,244.0,264.0,282.0,305.0,379.0,379.0,390.0,406.0,438.0,453.0,822.0,913.0,948.0,
11.0,49.0,64.0,142.0,165.0,185.0,200.0,212.0,218.0,236.0,261.0,268.0,281.0,287.0,337.0,364.0,366.0,378.0,395.0,420.0,
24.0,45.0,47.0,54.0,54.0,60.0,73.0,108.0,116.0,121.0,141.0,148.0,160.0,242.0,249.0,319.0,335.0,378.0,443.0,459.0,476.0,499.0,504.0,532.0,551.0,587.0,616.0,633.0,647.0,683.0,688.0,689.0,710.0,722.0,735.0,761.0,843.0,879.0,894.0,900.0,948.0,
15.0,23.0,68.0,79.0,109.0,127.0,147.0,192.0,245.0,264.0,268.0,270.0,288.0,299.0,313.0,350.0,355.0,356.0,379.0,395.0,477.0,495.0,963.0,
52.0,59.0,63.0,71.0,97.0,126.0,216.0,277.0,316.0,337.0,368.0,373.0,373.0,382.0,401.0,407.0,419.0,433.0,436.0,452.0,456.0,823.0,951.0,974.0,
28.0,41.0,45.0,130.0,143.0,166.0,167.0,274.0,275.0,358.0,387.0,392.0,428.0,429.0,471.0,484.0,796.0,871.0,901.0,932.0,951.0,
14.0,19.0,52.0,68.0,111.0,112.0,129.0,157.0,162.0,168.0,201.0,230.0,248.0,259.0,276.0,285.0,297.0,335.0,359.0,383.0,387.0,431.0,486.0,767.0,908.0,949.0,
22.0,54.0,100.0,126.0,230.0,239.0,247.0,257.0,266.0,275.0,281.0,295.0,342.0,358.0,418.0,778.0,827.0,944.0,965.0,973.0,
12.0,15.0,34.0,59.0,91.0,113.0,124.0,137.0,147.0,148.0,152.0,169.0,176.0,211.0,244.0,299.0,308.0,312.0,317.0,363.0,416.0,475.0,494.0,745.0,916.0,970.0,
48.0,50.0,59.0,88.0,166.0,169.0,187.0,203.0,247.0,271.0,339.0,362.0,368.0,383.0,403.0,415.0,425.0,426.0,466.0,475.0,479.0,488.0,798.0,805.0,885.0,889.0,911.0,979.0,
5.0,6.0,7.0,55.0,62.0,63.0,115.0,137.0,150.0,159.0,163.0,230.0,240.0,260.0,275.0,293.0,310.0,316.0,369.0,370.0,378.0,383.0,423.0,440.0,448.0,457.0,
2.0,2.0,5.0,42.0,130.0,132.0,184.0,191.0,192.0,194.0,205.0,209.0,268.0,286.0,357.0,369.0,374.0,401.0,442.0,454.0,466.0,489.0,490.0,498.0,993.0,
19.0,27.0,35.0,121.0,135.0,154.0,169.0,226.0,228.0,237.0,270.0,288.0,304.0,308.0,336.0,340.0,353.0,384.0,423.0,425.0,433.0,447.0,471.0,563.0,564.0,581.0,585.0,589.0,613.0,655.0,687.0,758.0,762.0,798.0,831.0,846.0,851.0,898.0,906.0,948.0,955.0,
53.0,58.0,92.0,123.0,187.0,188.0,197.0,215.0,231.0,250.0,263.0,295.0,298.0,319.0,341.0,379.0,388.0,440.0,469.0,474.0,474.0,504.0,728.0,800.0,812.0,816.0,829.0,888.0,900.0,915.0,946.0,954.0,958.0,
104.0,116.0,145.0,230.0,292.0,380.0,397.0,415.0,419.0,462.0,465.0,482.0,492.0,
12.0,38.0,47.0,59.0,63.0,161.0,205.0,225.0,240.0,241.0,269.0,298.0,375.0,407.0,479.0,491.0,495.0,498.0,827.0,848.0,971.0,996.0,
20.0,34.0,36.0,104.0,130.0,163.0,180.0,269.0,355.0,370.0,370.0,390.0,395.0,400.0,401.0,442.0,850.0,
56.0,80.0,102.0,109.0,180.0,181.0,181.0,323.0,350.0,387.0,389.0,420.0,484.0,488.0,500.0,732.0,904.0,956.0,961.0,964.0,968.0,981.0,
102.0,165.0,167.0,217.0,220.0,220.0,223.0,276.0,337.0,338.0,341.0,353.0,404.0,470.0,488.0,491.0,728.0,927.0,
24.0,87.0,94.0,174.0,179.0,218.0,220.0,237.0,313.0,330.0,364.0,394.0,424.0,432.0,437.0,460.0,481.0,483.0,487.0,492.0,920.0,
28.0,44.0,53.0,80.0,113.0,161.0,177.0,195.0,204.0,227.0,245.0,274.0,296.0,310.0,343.0,351.0,422.0,424.0,433.0,437.0,444.0,451.0,
19.0,21.0,48.0,86.0,98.0,101.0,145.0,151.0,154.0,207.0,238.0,246.0,277.0,277.0,281.0,294.0,348.0,360.0,409.0,446.0,475.0,634.0,858.0,869.0,907.0,967.0,980.0,1000.0,
36.0,65.0,72.0,95.0,126.0,148.0,153.0,214.0,228.0,229.0,276.0,340.0,359.0,391.0,407.0,419.0,477.0,493.0,500.0,509.0,541.0,543.0,552.0,554.0,599.0,609.0,651.0,711.0,806.0,811.0,850.0,855.0,857.0,874.0,907.0,946.0,968.0,982.0,992.0,
6.0,57.0,190.0,191.0,195.0,204.0,208.0,213.0,230.0,306.0,331.0,362.0,369.0,394.0,426.0,446.0,483.0,522.0,527.0,541.0,626.0,639.0,692.0,698.0,707.0,727.0,746.0,757.0,778.0,791.0,829.0,841.0,843.0,847.0,878.0,884.0,904.0,906.0,908.0,909.0,962.0,983.0,
42.0,78.0,92.0,96.0,112.0,124.0,131.0,139.0,160.0,242.0,277.0,299.0,316.0,347.0,352.0,382.0,384.0,388.0,424.0,437.0,442.0,741.0,769.0,825.0,
12.0,52.0,91.0,116.0,121.0,145.0,181.0,184.0,192.0,218.0,224.0,250.0,256.0,320.0,378.0,402.0,443.0,457.0,489.0,493.0,
11.0,29.0,46.0,63.0,79.0,130.0,133.0,133.0,142.0,182.0,229.0,232.0,308.0,321.0,324.0,355.0,388.0,402.0,427.0,442.0,461.0,491.0,
69.0,117.0,128.0,176.0,203.0,209.0,269.0,274.0,293.0,324.0,348.0,400.0,408.0,447.0,482.0,490.0,894.0,919.0,
47.0,93.0,181.0,294.0,327.0,344.0,399.0,419.0,432.0,436.0,462.0,484.0,494.0,507.0,909.0,923.0,967.0,
34.0,68.0,81.0,83.0,87.0,98.0,100.0,164.0,171.0,257.0,271.0,281.0,345.0,368.0,371.0,386.0,400.0,405.0,455.0,476.0,494.0,
22.0,41.0,41.0,76.0,100.0,110.0,137.0,140.0,220.0,228.0,247.0,265.0,268.0,442.0,445.0,456.0,849.0,867.0,874.0,933.0,970.0,
2.0,48.0,119.0,121.0,139.0,162.0,176.0,187.0,205.0,209.0,277.0,302.0,324.0,358.0,388.0,422.0,429.0,454.0,467.0,474.0,530.0,562.0,588.0,613.0,618.0,624.0,633.0,679.0,685.0,691.0,696.0,728.0,738.0,768.0,781.0,805.0,818.0,860.0,861.0,885.0,904.0,998.0,
4.0,45.0,102.0,115.0,121.0,122.0,134.0,149.0,218.0,236.0,248.0,254.0,256.0,256.0,298.0,298.0,335.0,348.0,394.0,399.0,415.0,416.0,423.0,425.0,452.0,464.0,542.0,544.0,563.0,593.0,621.0,634.0,634.0,707.0,721.0,741.0,752.0,758.0,781.0,813.0,842.0,843.0,893.0,917.0,964.0,
33.0,42.0,44.0,76.0,129.0,146.0,186.0,234.0,237.0,262.0,265.0,431.0,436.0,458.0,515.0,516.0,554.0,574.0,612.0,617.0,632.0,639.0,838.0,898.0,900.0,910.0,920.0,971.0,972.0,993.0,
3.0,12.0,13.0,21.0,100.0,109.0,112.0,130.0,158.0,160.0,174.0,244.0,304.0,336.0,343.0,347.0,371.0,385.0,412.0,434.0,438.0,486.0,512.0,561.0,613.0,639.0,660.0,669.0,741.0,758.0,791.0,799.0,803.0,807.0,811.0,825.0,859.0,863.0,879.0,885.0,895.0,911.0,913.0,931.0,933.0,936.0,994.0,996.0,
157.0,160.0,180.0,190.0,254.0,260.0,263.0,288.0,292.0,292.0,303.0,324.0,367.0,370.0,458.0,485.0,677.0,694.0,713.0,719.0,761.0,800.0,835.0,871.0,877.0,937.0,959.0,
3.0,18.0,37.0,38.0,61.0,114.0,154.0,203.0,233.0,306.0,306.0,321.0,369.0,383.0,397.0,402.0,417.0,438.0,448.0,496.0,502.0,784.0,800.0,878.0,890.0,981.0,
96.0,98.0,125.0,133.0,158.0,172.0,195.0,203.0,240.0,244.0,258.0,337.0,347.0,365.0,368.0,407.0,409.0,437.0,443.0,465.0,511.0,954.0,980.0,
7.0,18.0,35.0,140.0,183.0,189.0,219.0,234.0,264.0,279.0,284.0,324.0,336.0,337.0,380.0,382.0,389.0,395.0,396.0,404.0,449.0,459.0,468.0,490.0,
7.0,13.0,22.0,45.0,49.0,146.0,168.0,201.0,207.0,241.0,272.0,278.0,298.0,324.0,326.0,335.0,366.0,386.0,426.0,458.0,462.0,478.0,482.0,663.0,673.0,686.0,704.0,755.0,777.0,809.0,826.0,834.0,845.0,850.0,859.0,865.0,964.0,965.0,998.0,
92.0,129.0,172.0,179.0,179.0,183.0,313.0,316.0,330.0,336.0,346.0,351.0,372.0,394.0,406.0,473.0,542.0,544.0,578.0,623.0,626.0,652.0,692.0,694.0,698.0,700.0,720.0,722.0,764.0,766.0,809.0,821.0,822.0,854.0,888.0,923.0,927.0,962.0,986.0,992.0,995.0,
7.0,24.0,25.0,29.0,32.0,47.0,55.0,67.0,71.0,71.0,81.0,97.0,110.0,129.0,201.0,287.0,296.0,338.0,358.0,370.0,426.0,520.0,562.0,565.0,597.0,599.0,614.0,716.0,773.0,773.0,813.0,818.0,824.0,870.0,872.0,903.0,903.0,906.0,907.0,911.0,947.0,968.0,980.0,998.0,
