15.0,58.0,67.0,83.0,129.0,254.0,297.0,388.0,434.0,457.0,463.0,470.0,470.0,516.0,542.0,570.0,590.0,593.0,645.0,648.0,654.0,729.0,792.0,820.0,859.0,911.0,936.0,942.0,949.0,982.0,991.0,
6.0,35.0,42.0,92.0,132.0,218.0,220.0,241.0,266.0,267.0,281.0,303.0,308.0,310.0,323.0,327.0,328.0,388.0,410.0,427.0,467.0,469.0,497.0,525.0,642.0,649.0,658.0,664.0,669.0,718.0,722.0,745.0,747.0,752.0,754.0,767.0,773.0,776.0,787.0,816.0,824.0,903.0,961.0,
42.0,62.0,106.0,111.0,137.0,179.0,181.0,235.0,260.0,274.0,323.0,368.0,463.0,515.0,533.0,534.0,547.0,548.0,555.0,572.0,601.0,662.0,692.0,816.0,820.0,836.0,851.0,895.0,896.0,898.0,900.0,938.0,950.0,960.0,996.0,
17.0,29.0,68.0,77.0,113.0,126.0,141.0,264.0,309.0,334.0,351.0,352.0,388.0,489.0,491.0,504.0,539.0,539.0,575.0,608.0,620.0,641.0,642.0,656.0,677.0,698.0,724.0,745.0,756.0,762.0,776.0,788.0,793.0,798.0,813.0,817.0,842.0,845.0,996.0,998.0,
8.0,36.0,87.0,124.0,156.0,175.0,178.0,190.0,193.0,199.0,202.0,220.0,237.0,257.0,259.0,287.0,324.0,325.0,326.0,333.0,334.0,348.0,362.0,383.0,400.0,447.0,475.0,490.0,531.0,536.0,561.0,611.0,637.0,650.0,665.0,677.0,680.0,693.0,721.0,747.0,784.0,851.0,874.0,886.0,887.0,897.0,903.0,910.0,916.0,922.0,969.0,971.0,989.0,1000.0,
21.0,26.0,29.0,58.0,67.0,74.0,95.0,197.0,203.0,208.0,284.0,321.0,324.0,326.0,327.0,387.0,400.0,403.0,418.0,461.0,475.0,588.0,604.0,606.0,609.0,631.0,649.0,657.0,659.0,664.0,712.0,807.0,833.0,857.0,866.0,912.0,979.0,981.0,992.0,
33.0,43.0,85.0,89.0,97.0,142.0,199.0,213.0,264.0,281.0,295.0,324.0,340.0,361.0,365.0,464.0,473.0,500.0,503.0,504.0,541.0,557.0,568.0,586.0,605.0,607.0,612.0,640.0,747.0,757.0,764.0,781.0,867.0,886.0,894.0,909.0,910.0,920.0,956.0,985.0,990.0,
3.0,44.0,59.0,60.0,62.0,97.0,109.0,121.0,122.0,157.0,163.0,193.0,217.0,223.0,228.0,228.0,233.0,237.0,244.0,267.0,309.0,343.0,408.0,431.0,501.0,525.0,544.0,553.0,574.0,595.0,605.0,610.0,626.0,631.0,673.0,676.0,688.0,689.0,723.0,772.0,775.0,781.0,787.0,788.0,793.0,810.0,856.0,874.0,899.0,974.0,983.0,
70.0,92.0,170.0,233.0,268.0,279.0,302.0,306.0,345.0,351.0,373.0,388.0,471.0,476.0,479.0,504.0,580.0,589.0,602.0,642.0,643.0,682.0,686.0,688.0,737.0,750.0,756.0,841.0,848.0,915.0,931.0,942.0,955.0,978.0,
7.0,18.0,50.0,80.0,96.0,178.0,239.0,260.0,289.0,334.0,348.0,551.0,554.0,566.0,590.0,601.0,618.0,633.0,673.0,697.0,719.0,756.0,764.0,769.0,783.0,785.0,788.0,800.0,802.0,829.0,847.0,849.0,901.0,906.0,908.0,926.0,971.0,980.0,984.0,985.0,
46.0,53.0,57.0,70.0,77.0,97.0,109.0,144.0,146.0,146.0,167.0,192.0,197.0,205.0,231.0,315.0,356.0,372.0,375.0,408.0,431.0,500.0,502.0,524.0,547.0,554.0,581.0,588.0,632.0,657.0,686.0,692.0,698.0,757.0,808.0,908.0,986.0,992.0,
22.0,36.0,99.0,102.0,114.0,189.0,213.0,247.0,253.0,264.0,266.0,285.0,315.0,404.0,413.0,483.0,565.0,588.0,656.0,668.0,683.0,697.0,732.0,733.0,742.0,776.0,777.0,788.0,847.0,860.0,868.0,868.0,875.0,891.0,943.0,948.0,957.0,962.0,
34.0,35.0,115.0,134.0,183.0,186.0,231.0,237.0,247.0,270.0,300.0,339.0,382.0,392.0,426.0,434.0,466.0,477.0,485.0,498.0,502.0,520.0,583.0,597.0,605.0,682.0,693.0,704.0,732.0,745.0,753.0,760.0,810.0,854.0,856.0,901.0,919.0,939.0,945.0,997.0,
5.0,22.0,31.0,44.0,58.0,107.0,117.0,145.0,183.0,238.0,314.0,316.0,328.0,346.0,352.0,366.0,368.0,381.0,413.0,438.0,472.0,515.0,706.0,714.0,781.0,792.0,808.0,811.0,829.0,836.0,862.0,
15.0,38.0,87.0,89.0,115.0,141.0,160.0,172.0,179.0,237.0,295.0,327.0,341.0,392.0,411.0,441.0,450.0,470.0,798.0,966.0,
13.0,22.0,42.0,44.0,48.0,56.0,106.0,155.0,157.0,197.0,224.0,237.0,273.0,326.0,351.0,399.0,442.0,442.0,458.0,
8.0,38.0,50.0,80.0,95.0,187.0,194.0,208.0,266.0,297.0,301.0,303.0,337.0,389.0,456.0,474.0,501.0,507.0,911.0,914.0,
3.0,14.0,50.0,89.0,99.0,105.0,137.0,161.0,178.0,192.0,211.0,259.0,260.0,281.0,316.0,325.0,332.0,344.0,349.0,389.0,416.0,488.0,675.0,690.0,727.0,808.0,846.0,852.0,922.0,944.0,944.0,957.0,968.0,
48.0,53.0,82.0,82.0,84.0,90.0,106.0,117.0,125.0,134.0,182.0,225.0,234.0,254.0,265.0,313.0,329.0,341.0,360.0,389.0,396.0,464.0,478.0,483.0,488.0,490.0,500.0,560.0,574.0,590.0,596.0,600.0,721.0,748.0,776.0,780.0,785.0,788.0,794.0,813.0,830.0,832.0,843.0,875.0,880.0,888.0,895.0,907.0,965.0,970.0,974.0,975.0,988.0,
30.0,39.0,41.0,159.0,177.0,188.0,191.0,209.0,224.0,269.0,283.0,387.0,399.0,423.0,469.0,566.0,618.0,620.0,699.0,705.0,841.0,863.0,897.0,969.0,994.0,
57.0,140.0,168.0,176.0,180.0,180.0,222.0,249.0,329.0,347.0,359.0,387.0,402.0,422.0,436.0,443.0,459.0,460.0,498.0,503.0,572.0,603.0,608.0,615.0,646.0,670.0,697.0,710.0,742.0,767.0,783.0,785.0,795.0,813.0,868.0,951.0,953.0,956.0,960.0,968.0,
28.0,54.0,91.0,152.0,158.0,188.0,224.0,232.0,271.0,275.0,282.0,292.0,303.0,347.0,402.0,422.0,433.0,446.0,479.0,507.0,536.0,577.0,587.0,588.0,639.0,657.0,657.0,662.0,729.0,731.0,752.0,753.0,781.0,787.0,818.0,826.0,850.0,865.0,917.0,938.0,962.0,990.0,997.0,
24.0,70.0,82.0,88.0,122.0,130.0,136.0,194.0,256.0,262.0,276.0,291.0,293.0,328.0,343.0,374.0,408.0,412.0,418.0,442.0,448.0,454.0,456.0,492.0,494.0,808.0,951.0,
50.0,55.0,66.0,77.0,78.0,194.0,205.0,232.0,254.0,290.0,331.0,338.0,354.0,361.0,393.0,459.0,497.0,508.0,
87.0,108.0,131.0,166.0,190.0,210.0,230.0,248.0,315.0,361.0,367.0,439.0,951.0,
13.0,74.0,169.0,190.0,203.0,214.0,219.0,251.0,273.0,312.0,371.0,408.0,413.0,438.0,444.0,445.0,453.0,474.0,910.0,
14.0,28.0,29.0,42.0,50.0,52.0,93.0,137.0,162.0,181.0,182.0,191.0,210.0,223.0,266.0,385.0,400.0,450.0,467.0,479.0,492.0,494.0,499.0,793.0,957.0,
14.0,43.0,118.0,147.0,158.0,165.0,207.0,259.0,306.0,316.0,338.0,365.0,372.0,394.0,399.0,431.0,480.0,
31.0,180.0,191.0,222.0,224.0,263.0,313.0,387.0,403.0,422.0,435.0,452.0,742.0,942.0,963.0,968.0,
17.0,98.0,115.0,169.0,180.0,184.0,227.0,259.0,309.0,345.0,347.0,374.0,381.0,395.0,417.0,431.0,490.0,494.0,579.0,604.0,612.0,614.0,626.0,642.0,660.0,682.0,710.0,710.0,714.0,723.0,751.0,760.0,779.0,819.0,857.0,901.0,903.0,915.0,915.0,985.0,990.0,1000.0,
2.0,53.0,133.0,144.0,152.0,161.0,372.0,396.0,411.0,446.0,446.0,456.0,588.0,617.0,657.0,660.0,661.0,697.0,790.0,821.0,833.0,861.0,866.0,893.0,902.0,972.0,980.0,
11.0,85.0,115.0,134.0,135.0,161.0,232.0,242.0,263.0,281.0,288.0,304.0,347.0,375.0,431.0,452.0,459.0,714.0,732.0,769.0,780.0,801.0,928.0,946.0,
25.0,34.0,65.0,73.0,101.0,122.0,150.0,185.0,194.0,196.0,218.0,248.0,282.0,285.0,332.0,361.0,366.0,400.0,403.0,426.0,441.0,453.0,478.0,488.0,493.0,
19.0,20.0,63.0,67.0,74.0,97.0,119.0,125.0,153.0,203.0,280.0,290.0,312.0,324.0,343.0,347.0,355.0,390.0,411.0,458.0,956.0,
5.0,21.0,35.0,94.0,96.0,116.0,133.0,188.0,206.0,224.0,251.0,257.0,261.0,262.0,298.0,317.0,323.0,332.0,408.0,410.0,455.0,503.0,884.0,900.0,
2.0,25.0,66.0,78.0,119.0,151.0,202.0,249.0,279.0,282.0,327.0,337.0,405.0,460.0,496.0,793.0,
11.0,24.0,63.0,73.0,107.0,127.0,130.0,153.0,181.0,183.0,188.0,201.0,234.0,239.0,240.0,273.0,286.0,404.0,413.0,469.0,470.0,485.0,490.0,892.0,915.0,972.0,
26.0,40.0,69.0,104.0,152.0,225.0,245.0,275.0,299.0,317.0,332.0,384.0,414.0,424.0,434.0,448.0,462.0,485.0,828.0,835.0,
11.0,43.0,89.0,89.0,104.0,106.0,111.0,124.0,147.0,151.0,165.0,166.0,229.0,309.0,319.0,381.0,396.0,404.0,410.0,425.0,436.0,494.0,
30.0,71.0,176.0,178.0,214.0,238.0,292.0,295.0,297.0,338.0,343.0,348.0,353.0,366.0,367.0,374.0,410.0,414.0,420.0,434.0,513.0,650.0,659.0,744.0,791.0,806.0,832.0,847.0,919.0,924.0,931.0,972.0,980.0,
70.0,81.0,88.0,103.0,124.0,128.0,149.0,151.0,153.0,158.0,230.0,249.0,250.0,265.0,297.0,327.0,348.0,404.0,426.0,436.0,473.0,520.0,585.0,618.0,625.0,658.0,676.0,703.0,716.0,724.0,758.0,763.0,776.0,837.0,871.0,901.0,903.0,910.0,911.0,934.0,949.0,
4.0,11.0,66.0,83.0,113.0,174.0,203.0,209.0,228.0,255.0,278.0,308.0,324.0,330.0,342.0,382.0,473.0,500.0,759.0,877.0,
89.0,102.0,118.0,127.0,168.0,181.0,185.0,185.0,233.0,235.0,238.0,243.0,275.0,343.0,436.0,460.0,475.0,488.0,898.0,
35.0,50.0,61.0,142.0,149.0,165.0,168.0,175.0,183.0,202.0,225.0,248.0,249.0,292.0,293.0,335.0,367.0,382.0,384.0,423.0,920.0,
3.0,77.0,98.0,120.0,133.0,168.0,169.0,193.0,196.0,200.0,206.0,259.0,305.0,321.0,332.0,341.0,345.0,473.0,484.0,858.0,861.0,996.0,996.0,
21.0,60.0,102.0,124.0,137.0,163.0,186.0,211.0,236.0,262.0,284.0,309.0,347.0,362.0,366.0,429.0,461.0,496.0,801.0,980.0,
56.0,70.0,91.0,94.0,107.0,146.0,260.0,263.0,307.0,319.0,331.0,392.0,397.0,409.0,415.0,422.0,438.0,442.0,844.0,869.0,958.0,
32.0,130.0,190.0,201.0,253.0,257.0,266.0,291.0,300.0,305.0,378.0,435.0,459.0,462.0,484.0,827.0,842.0,866.0,874.0,878.0,901.0,923.0,938.0,
61.0,68.0,92.0,96.0,110.0,268.0,299.0,313.0,346.0,352.0,376.0,
97.0,119.0,138.0,204.0,209.0,235.0,267.0,267.0,281.0,399.0,414.0,426.0,431.0,449.0,908.0,
41.0,43.0,57.0,99.0,108.0,126.0,148.0,149.0,158.0,204.0,213.0,216.0,307.0,323.0,355.0,356.0,397.0,405.0,407.0,430.0,461.0,489.0,495.0,522.0,526.0,546.0,555.0,581.0,588.0,609.0,612.0,636.0,636.0,644.0,658.0,689.0,701.0,705.0,710.0,715.0,718.0,783.0,791.0,801.0,802.0,822.0,826.0,871.0,896.0,911.0,918.0,919.0,928.0,937.0,976.0,982.0,983.0,1000.0,
14.0,30.0,49.0,50.0,57.0,108.0,113.0,139.0,139.0,157.0,162.0,305.0,379.0,394.0,397.0,400.0,406.0,421.0,498.0,
37.0,63.0,113.0,128.0,132.0,140.0,175.0,201.0,206.0,210.0,224.0,260.0,314.0,400.0,422.0,488.0,897.0,913.0,995.0,
5.0,18.0,25.0,68.0,121.0,146.0,170.0,206.0,209.0,215.0,224.0,238.0,296.0,319.0,490.0,500.0,738.0,751.0,888.0,915.0,
65.0,80.0,151.0,159.0,277.0,293.0,319.0,357.0,398.0,414.0,415.0,818.0,902.0,985.0,
43.0,51.0,100.0,104.0,120.0,126.0,140.0,182.0,224.0,247.0,248.0,267.0,269.0,278.0,366.0,417.0,459.0,474.0,822.0,889.0,945.0,990.0,
59.0,63.0,129.0,131.0,148.0,151.0,152.0,164.0,178.0,186.0,198.0,222.0,248.0,275.0,298.0,300.0,371.0,376.0,432.0,470.0,482.0,489.0,728.0,763.0,894.0,
22.0,60.0,187.0,246.0,286.0,313.0,331.0,344.0,391.0,442.0,486.0,490.0,800.0,812.0,956.0,
32.0,37.0,41.0,64.0,85.0,100.0,114.0,170.0,180.0,200.0,206.0,237.0,265.0,320.0,336.0,364.0,391.0,406.0,439.0,496.0,788.0,966.0,
17.0,18.0,32.0,118.0,141.0,150.0,160.0,161.0,166.0,178.0,189.0,226.0,240.0,252.0,291.0,372.0,416.0,466.0,478.0,490.0,
53.0,64.0,68.0,99.0,105.0,114.0,135.0,165.0,193.0,210.0,218.0,255.0,277.0,345.0,348.0,349.0,350.0,360.0,363.0,376.0,386.0,463.0,489.0,524.0,541.0,603.0,625.0,667.0,685.0,746.0,766.0,772.0,779.0,799.0,805.0,829.0,858.0,910.0,924.0,934.0,937.0,937.0,998.0,
53.0,56.0,60.0,197.0,219.0,251.0,276.0,367.0,392.0,498.0,818.0,902.0,
9.0,18.0,40.0,87.0,110.0,151.0,194.0,221.0,242.0,274.0,274.0,294.0,296.0,357.0,408.0,425.0,445.0,475.0,477.0,
32.0,79.0,96.0,294.0,326.0,331.0,353.0,380.0,382.0,384.0,418.0,465.0,467.0,496.0,502.0,730.0,771.0,812.0,
85.0,99.0,138.0,164.0,180.0,203.0,203.0,224.0,227.0,237.0,253.0,263.0,318.0,319.0,327.0,331.0,354.0,391.0,418.0,483.0,494.0,743.0,802.0,808.0,811.0,877.0,
24.0,34.0,93.0,99.0,102.0,103.0,105.0,186.0,218.0,271.0,318.0,375.0,396.0,404.0,430.0,465.0,794.0,817.0,894.0,917.0,992.0,
3.0,39.0,40.0,65.0,103.0,132.0,177.0,209.0,227.0,233.0,234.0,256.0,270.0,295.0,302.0,312.0,313.0,337.0,340.0,341.0,381.0,407.0,479.0,480.0,492.0,742.0,749.0,825.0,
4.0,117.0,212.0,250.0,262.0,309.0,332.0,368.0,453.0,471.0,472.0,506.0,755.0,828.0,837.0,925.0,
10.0,20.0,30.0,84.0,117.0,126.0,148.0,172.0,205.0,250.0,295.0,296.0,368.0,386.0,417.0,429.0,499.0,504.0,810.0,828.0,
37.0,57.0,95.0,105.0,130.0,154.0,159.0,183.0,252.0,304.0,305.0,411.0,
60.0,176.0,181.0,204.0,265.0,292.0,319.0,322.0,394.0,397.0,504.0,560.0,616.0,630.0,645.0,702.0,716.0,729.0,754.0,760.0,762.0,767.0,777.0,783.0,904.0,923.0,943.0,948.0,
15.0,37.0,72.0,73.0,83.0,125.0,188.0,239.0,269.0,275.0,284.0,290.0,313.0,365.0,407.0,409.0,503.0,637.0,651.0,659.0,799.0,813.0,876.0,895.0,911.0,
48.0,89.0,149.0,163.0,165.0,186.0,223.0,297.0,300.0,319.0,340.0,349.0,355.0,356.0,421.0,432.0,457.0,468.0,484.0,491.0,506.0,
42.0,51.0,114.0,146.0,188.0,216.0,222.0,248.0,265.0,316.0,332.0,336.0,361.0,386.0,449.0,480.0,810.0,942.0,954.0,967.0,
5.0,46.0,77.0,79.0,130.0,155.0,210.0,238.0,244.0,248.0,258.0,267.0,300.0,323.0,344.0,345.0,351.0,367.0,415.0,503.0,895.0,
52.0,116.0,131.0,140.0,158.0,169.0,201.0,234.0,242.0,295.0,337.0,356.0,403.0,426.0,454.0,456.0,468.0,503.0,863.0,998.0,
38.0,129.0,161.0,162.0,180.0,272.0,288.0,359.0,371.0,398.0,408.0,409.0,417.0,466.0,502.0,505.0,818.0,929.0,944.0,
29.0,54.0,55.0,58.0,98.0,106.0,127.0,132.0,258.0,269.0,277.0,419.0,463.0,838.0,952.0,
75.0,104.0,106.0,111.0,115.0,133.0,196.0,206.0,218.0,245.0,332.0,341.0,353.0,409.0,422.0,441.0,467.0,477.0,
3.0,21.0,60.0,153.0,157.0,159.0,289.0,300.0,340.0,348.0,357.0,378.0,383.0,385.0,385.0,405.0,429.0,461.0,509.0,674.0,734.0,790.0,824.0,832.0,906.0,945.0,
20.0,20.0,108.0,125.0,152.0,153.0,158.0,169.0,171.0,185.0,257.0,275.0,282.0,296.0,305.0,331.0,336.0,387.0,580.0,591.0,598.0,599.0,613.0,627.0,632.0,639.0,650.0,673.0,673.0,687.0,687.0,697.0,730.0,740.0,745.0,781.0,800.0,829.0,851.0,875.0,881.0,919.0,921.0,943.0,962.0,
18.0,56.0,78.0,78.0,99.0,112.0,133.0,144.0,225.0,239.0,260.0,274.0,379.0,397.0,405.0,437.0,445.0,473.0,507.0,535.0,579.0,579.0,581.0,589.0,610.0,615.0,632.0,653.0,656.0,660.0,670.0,676.0,699.0,711.0,731.0,740.0,754.0,773.0,849.0,882.0,884.0,977.0,986.0,
71.0,155.0,179.0,245.0,291.0,306.0,306.0,307.0,314.0,375.0,390.0,428.0,431.0,471.0,758.0,973.0,
14.0,34.0,55.0,59.0,60.0,87.0,91.0,97.0,127.0,140.0,148.0,151.0,168.0,190.0,286.0,294.0,318.0,319.0,352.0,413.0,435.0,477.0,499.0,
3.0,19.0,33.0,61.0,83.0,96.0,97.0,107.0,181.0,191.0,280.0,321.0,329.0,344.0,374.0,462.0,489.0,959.0,
15.0,30.0,58.0,81.0,96.0,158.0,194.0,200.0,205.0,230.0,237.0,281.0,346.0,358.0,371.0,375.0,394.0,422.0,473.0,500.0,807.0,923.0,951.0,958.0,
29.0,44.0,73.0,104.0,141.0,174.0,249.0,278.0,283.0,290.0,298.0,304.0,321.0,322.0,347.0,362.0,384.0,394.0,450.0,464.0,485.0,488.0,858.0,965.0,983.0,
4.0,7.0,34.0,94.0,103.0,149.0,183.0,183.0,188.0,239.0,270.0,273.0,291.0,313.0,352.0,358.0,400.0,432.0,447.0,458.0,
13.0,46.0,76.0,98.0,143.0,268.0,279.0,309.0,311.0,313.0,318.0,364.0,380.0,462.0,471.0,504.0,731.0,782.0,961.0,
12.0,38.0,51.0,77.0,81.0,134.0,151.0,161.0,183.0,187.0,236.0,243.0,312.0,356.0,380.0,405.0,489.0,515.0,530.0,569.0,569.0,571.0,575.0,633.0,655.0,658.0,661.0,680.0,684.0,707.0,724.0,764.0,766.0,769.0,770.0,804.0,818.0,857.0,858.0,872.0,915.0,916.0,924.0,925.0,
22.0,45.0,52.0,153.0,192.0,225.0,238.0,305.0,312.0,371.0,419.0,428.0,491.0,499.0,509.0,510.0,551.0,552.0,569.0,601.0,616.0,635.0,642.0,643.0,643.0,707.0,748.0,837.0,840.0,858.0,895.0,931.0,970.0,976.0,
20.0,42.0,71.0,151.0,173.0,177.0,178.0,240.0,323.0,336.0,337.0,347.0,368.0,372.0,399.0,432.0,481.0,505.0,569.0,578.0,596.0,601.0,697.0,742.0,788.0,797.0,817.0,847.0,858.0,862.0,869.0,885.0,930.0,955.0,971.0,985.0,
58.0,76.0,151.0,153.0,172.0,214.0,217.0,238.0,355.0,366.0,377.0,383.0,398.0,459.0,465.0,474.0,481.0,499.0,520.0,569.0,573.0,591.0,594.0,651.0,660.0,679.0,736.0,756.0,766.0,785.0,807.0,813.0,819.0,824.0,851.0,857.0,895.0,950.0,974.0,995.0,
14.0,25.0,35.0,36.0,72.0,73.0,85.0,89.0,91.0,112.0,157.0,187.0,213.0,222.0,224.0,237.0,242.0,249.0,308.0,310.0,340.0,364.0,366.0,378.0,391.0,392.0,410.0,427.0,463.0,494.0,654.0,702.0,778.0,
26.0,38.0,44.0,86.0,114.0,117.0,138.0,170.0,266.0,317.0,334.0,350.0,390.0,406.0,413.0,493.0,499.0,846.0,966.0,
18.0,123.0,176.0,200.0,219.0,225.0,241.0,254.0,284.0,299.0,326.0,334.0,376.0,470.0,493.0,
61.0,63.0,77.0,82.0,85.0,97.0,122.0,158.0,161.0,175.0,182.0,183.0,184.0,186.0,188.0,210.0,221.0,233.0,291.0,301.0,303.0,328.0,406.0,445.0,450.0,486.0,504.0,
26.0,27.0,50.0,65.0,163.0,164.0,185.0,210.0,216.0,266.0,282.0,313.0,343.0,419.0,457.0,475.0,508.0,615.0,664.0,712.0,777.0,795.0,808.0,886.0,929.0,930.0,
11.0,23.0,39.0,43.0,45.0,74.0,104.0,168.0,178.0,179.0,189.0,207.0,230.0,266.0,281.0,297.0,313.0,332.0,385.0,422.0,476.0,505.0,510.0,512.0,536.0,561.0,603.0,606.0,610.0,622.0,633.0,638.0,645.0,657.0,661.0,662.0,662.0,695.0,702.0,709.0,725.0,725.0,739.0,746.0,748.0,807.0,821.0,835.0,858.0,867.0,871.0,924.0,938.0,945.0,980.0,
15.0,60.0,105.0,198.0,210.0,224.0,245.0,250.0,345.0,346.0,347.0,350.0,361.0,380.0,387.0,518.0,540.0,560.0,588.0,599.0,631.0,631.0,646.0,668.0,681.0,742.0,757.0,766.0,774.0,789.0,815.0,831.0,859.0,876.0,879.0,881.0,897.0,917.0,937.0,983.0,999.0,
