24.0,27.0,64.0,65.0,79.0,82.0,119.0,140.0,149.0,170.0,180.0,196.0,297.0,313.0,327.0,331.0,349.0,360.0,373.0,396.0,445.0,453.0,476.0,483.0,498.0,502.0,523.0,553.0,555.0,571.0,626.0,643.0,698.0,722.0,730.0,731.0,748.0,753.0,757.0,760.0,790.0,800.0,827.0,849.0,873.0,874.0,875.0,937.0,
11.0,36.0,56.0,90.0,101.0,119.0,120.0,172.0,192.0,195.0,200.0,212.0,254.0,258.0,285.0,323.0,341.0,374.0,393.0,453.0,461.0,472.0,608.0,620.0,671.0,683.0,708.0,748.0,775.0,817.0,856.0,874.0,889.0,889.0,897.0,912.0,930.0,934.0,937.0,979.0,
2.0,2.0,5.0,22.0,44.0,157.0,160.0,164.0,258.0,297.0,340.0,396.0,423.0,441.0,469.0,483.0,538.0,597.0,598.0,647.0,657.0,707.0,745.0,758.0,762.0,772.0,783.0,814.0,818.0,884.0,891.0,898.0,957.0,966.0,
19.0,44.0,71.0,79.0,155.0,178.0,187.0,208.0,210.0,210.0,213.0,216.0,228.0,235.0,237.0,253.0,278.0,311.0,316.0,370.0,383.0,394.0,412.0,415.0,462.0,472.0,487.0,582.0,664.0,677.0,682.0,698.0,720.0,721.0,722.0,731.0,760.0,761.0,763.0,769.0,795.0,829.0,835.0,835.0,837.0,850.0,881.0,885.0,888.0,962.0,
22.0,90.0,122.0,172.0,227.0,230.0,266.0,284.0,315.0,322.0,331.0,358.0,383.0,389.0,411.0,414.0,432.0,433.0,521.0,521.0,615.0,644.0,648.0,670.0,673.0,680.0,681.0,713.0,742.0,743.0,758.0,797.0,830.0,857.0,858.0,865.0,871.0,883.0,923.0,935.0,944.0,
32.0,59.0,98.0,144.0,180.0,195.0,204.0,248.0,276.0,288.0,292.0,295.0,298.0,301.0,351.0,377.0,387.0,406.0,417.0,422.0,484.0,533.0,588.0,602.0,607.0,609.0,626.0,682.0,741.0,786.0,796.0,806.0,811.0,839.0,842.0,861.0,861.0,863.0,883.0,896.0,907.0,914.0,953.0,965.0,989.0,
48.0,56.0,57.0,191.0,193.0,232.0,355.0,365.0,372.0,375.0,385.0,398.0,407.0,484.0,486.0,508.0,563.0,570.0,580.0,608.0,612.0,616.0,632.0,677.0,689.0,689.0,709.0,715.0,719.0,748.0,768.0,848.0,850.0,852.0,879.0,894.0,922.0,934.0,941.0,976.0,998.0,
15.0,37.0,62.0,72.0,77.0,126.0,180.0,197.0,210.0,326.0,353.0,378.0,383.0,431.0,472.0,484.0,545.0,559.0,570.0,584.0,595.0,623.0,635.0,654.0,677.0,743.0,761.0,764.0,814.0,831.0,881.0,901.0,904.0,934.0,939.0,943.0,952.0,954.0,969.0,987.0,
30.0,55.0,103.0,112.0,184.0,248.0,249.0,264.0,294.0,310.0,332.0,376.0,433.0,452.0,523.0,543.0,553.0,629.0,629.0,665.0,689.0,701.0,740.0,742.0,768.0,768.0,773.0,787.0,801.0,872.0,873.0,874.0,890.0,891.0,897.0,958.0,
20.0,41.0,46.0,59.0,66.0,119.0,194.0,199.0,204.0,226.0,246.0,253.0,257.0,275.0,296.0,333.0,343.0,373.0,375.0,429.0,480.0,484.0,488.0,498.0,529.0,536.0,542.0,557.0,560.0,571.0,583.0,599.0,614.0,661.0,667.0,674.0,713.0,717.0,725.0,741.0,755.0,839.0,
111.0,122.0,125.0,135.0,162.0,162.0,204.0,209.0,216.0,225.0,249.0,261.0,299.0,299.0,349.0,368.0,415.0,428.0,495.0,512.0,563.0,567.0,591.0,596.0,637.0,674.0,715.0,770.0,775.0,791.0,791.0,823.0,852.0,867.0,869.0,878.0,885.0,890.0,901.0,921.0,932.0,940.0,954.0,
39.0,62.0,90.0,214.0,286.0,312.0,361.0,401.0,458.0,507.0,522.0,587.0,611.0,650.0,678.0,695.0,703.0,726.0,726.0,728.0,737.0,751.0,751.0,797.0,797.0,816.0,866.0,872.0,879.0,898.0,925.0,925.0,932.0,948.0,965.0,979.0,992.0,
95.0,182.0,207.0,241.0,281.0,322.0,387.0,431.0,459.0,482.0,579.0,586.0,617.0,622.0,661.0,664.0,675.0,688.0,717.0,727.0,750.0,762.0,774.0,775.0,828.0,850.0,914.0,938.0,957.0,968.0,991.0,
95.0,96.0,130.0,151.0,177.0,232.0,276.0,396.0,397.0,412.0,423.0,461.0,483.0,484.0,491.0,494.0,498.0,657.0,703.0,810.0,828.0,870.0,878.0,956.0,
26.0,54.0,67.0,89.0,124.0,150.0,155.0,214.0,266.0,324.0,423.0,429.0,435.0,462.0,
133.0,177.0,241.0,274.0,298.0,305.0,408.0,409.0,431.0,481.0,481.0,482.0,860.0,955.0,
18.0,35.0,56.0,130.0,150.0,166.0,186.0,196.0,251.0,271.0,317.0,326.0,355.0,372.0,394.0,409.0,426.0,430.0,442.0,448.0,463.0,494.0,894.0,
3.0,28.0,112.0,165.0,173.0,173.0,176.0,176.0,184.0,185.0,210.0,215.0,227.0,240.0,246.0,247.0,303.0,321.0,340.0,341.0,376.0,423.0,439.0,449.0,451.0,466.0,506.0,618.0,721.0,759.0,766.0,882.0,909.0,
6.0,36.0,38.0,57.0,69.0,162.0,163.0,193.0,221.0,268.0,335.0,380.0,410.0,419.0,421.0,434.0,517.0,543.0,629.0,632.0,683.0,692.0,727.0,743.0,749.0,750.0,760.0,782.0,811.0,824.0,861.0,862.0,887.0,893.0,902.0,937.0,940.0,945.0,967.0,972.0,988.0,
8.0,72.0,97.0,118.0,125.0,131.0,268.0,281.0,351.0,357.0,381.0,412.0,419.0,466.0,503.0,517.0,575.0,577.0,604.0,609.0,652.0,681.0,722.0,725.0,746.0,761.0,829.0,832.0,951.0,984.0,
8.0,35.0,68.0,87.0,125.0,185.0,197.0,263.0,263.0,297.0,324.0,417.0,456.0,500.0,552.0,557.0,564.0,605.0,609.0,615.0,626.0,691.0,691.0,702.0,721.0,724.0,801.0,850.0,870.0,904.0,984.0,995.0,
5.0,26.0,36.0,44.0,45.0,58.0,104.0,138.0,145.0,159.0,166.0,174.0,203.0,249.0,321.0,323.0,343.0,388.0,477.0,500.0,504.0,549.0,594.0,644.0,663.0,667.0,673.0,675.0,683.0,692.0,709.0,719.0,721.0,727.0,750.0,767.0,778.0,794.0,801.0,806.0,822.0,963.0,
11.0,93.0,99.0,129.0,146.0,246.0,256.0,266.0,299.0,332.0,341.0,375.0,379.0,441.0,442.0,494.0,963.0,987.0,
46.0,83.0,143.0,146.0,155.0,174.0,184.0,229.0,234.0,244.0,257.0,302.0,343.0,349.0,376.0,408.0,438.0,505.0,
14.0,27.0,37.0,45.0,200.0,267.0,275.0,279.0,397.0,497.0,502.0,951.0,964.0,
13.0,47.0,84.0,100.0,155.0,203.0,218.0,244.0,245.0,306.0,311.0,394.0,411.0,465.0,466.0,474.0,964.0,
5.0,18.0,42.0,52.0,53.0,56.0,71.0,123.0,178.0,188.0,190.0,195.0,210.0,251.0,283.0,289.0,314.0,315.0,317.0,368.0,381.0,489.0,
39.0,104.0,137.0,153.0,156.0,163.0,177.0,179.0,203.0,262.0,268.0,312.0,316.0,340.0,344.0,346.0,364.0,371.0,385.0,510.0,
2.0,4.0,15.0,38.0,39.0,41.0,60.0,116.0,132.0,144.0,149.0,171.0,172.0,223.0,225.0,260.0,296.0,317.0,323.0,379.0,427.0,443.0,903.0,909.0,
48.0,86.0,128.0,149.0,160.0,175.0,222.0,234.0,257.0,275.0,279.0,281.0,284.0,300.0,346.0,352.0,378.0,414.0,426.0,462.0,522.0,533.0,548.0,579.0,608.0,637.0,671.0,689.0,690.0,691.0,700.0,750.0,785.0,812.0,832.0,848.0,867.0,874.0,903.0,924.0,988.0,
33.0,39.0,56.0,81.0,83.0,126.0,176.0,215.0,238.0,252.0,260.0,264.0,323.0,327.0,342.0,368.0,394.0,514.0,529.0,542.0,553.0,562.0,586.0,592.0,603.0,654.0,678.0,713.0,728.0,759.0,824.0,849.0,885.0,950.0,966.0,970.0,
14.0,23.0,65.0,74.0,129.0,141.0,169.0,210.0,265.0,273.0,300.0,333.0,355.0,356.0,390.0,392.0,415.0,434.0,442.0,444.0,481.0,493.0,651.0,671.0,706.0,708.0,741.0,743.0,750.0,777.0,784.0,852.0,860.0,861.0,918.0,987.0,
43.0,65.0,86.0,89.0,91.0,105.0,174.0,208.0,235.0,239.0,248.0,252.0,296.0,327.0,357.0,364.0,449.0,478.0,501.0,510.0,
82.0,121.0,154.0,227.0,255.0,264.0,299.0,318.0,351.0,354.0,451.0,476.0,501.0,784.0,996.0,
3.0,122.0,176.0,272.0,274.0,319.0,344.0,357.0,382.0,399.0,401.0,404.0,407.0,416.0,433.0,463.0,755.0,916.0,918.0,
2.0,14.0,29.0,32.0,45.0,52.0,58.0,65.0,66.0,83.0,121.0,135.0,167.0,177.0,208.0,284.0,297.0,299.0,304.0,322.0,353.0,411.0,414.0,428.0,477.0,483.0,491.0,910.0,967.0,986.0,991.0,
41.0,56.0,72.0,127.0,166.0,225.0,254.0,257.0,291.0,329.0,813.0,852.0,
16.0,21.0,43.0,92.0,106.0,118.0,132.0,156.0,166.0,217.0,227.0,245.0,319.0,339.0,353.0,356.0,395.0,403.0,415.0,456.0,496.0,498.0,886.0,915.0,982.0,986.0,
122.0,126.0,131.0,139.0,150.0,205.0,211.0,217.0,258.0,281.0,302.0,319.0,358.0,377.0,430.0,460.0,
27.0,31.0,126.0,137.0,173.0,189.0,195.0,202.0,204.0,214.0,226.0,239.0,250.0,259.0,317.0,385.0,427.0,432.0,432.0,437.0,444.0,446.0,450.0,454.0,498.0,636.0,678.0,717.0,755.0,817.0,832.0,902.0,
24.0,55.0,65.0,96.0,143.0,197.0,241.0,255.0,268.0,286.0,364.0,368.0,406.0,489.0,491.0,543.0,554.0,571.0,574.0,575.0,576.0,612.0,644.0,658.0,676.0,706.0,726.0,776.0,801.0,802.0,803.0,803.0,810.0,815.0,862.0,865.0,896.0,901.0,951.0,954.0,956.0,969.0,999.0,
4.0,6.0,30.0,37.0,42.0,92.0,166.0,176.0,179.0,191.0,220.0,298.0,305.0,321.0,328.0,396.0,419.0,425.0,474.0,492.0,501.0,990.0,994.0,
44.0,45.0,87.0,102.0,107.0,119.0,141.0,143.0,146.0,150.0,194.0,210.0,215.0,223.0,226.0,250.0,315.0,351.0,352.0,370.0,383.0,387.0,394.0,406.0,407.0,424.0,490.0,
55.0,59.0,83.0,107.0,119.0,131.0,154.0,264.0,269.0,275.0,276.0,285.0,289.0,294.0,305.0,341.0,353.0,363.0,453.0,476.0,494.0,720.0,811.0,837.0,843.0,907.0,
33.0,41.0,117.0,122.0,126.0,130.0,149.0,201.0,210.0,220.0,277.0,291.0,300.0,320.0,375.0,380.0,405.0,421.0,441.0,445.0,459.0,989.0,
39.0,65.0,79.0,160.0,229.0,242.0,307.0,332.0,341.0,350.0,403.0,481.0,506.0,821.0,829.0,845.0,937.0,
29.0,115.0,121.0,148.0,193.0,219.0,232.0,243.0,250.0,260.0,262.0,268.0,369.0,393.0,411.0,440.0,460.0,463.0,484.0,501.0,746.0,847.0,997.0,
26.0,53.0,81.0,115.0,161.0,169.0,263.0,293.0,294.0,319.0,319.0,334.0,347.0,378.0,383.0,443.0,450.0,484.0,828.0,912.0,915.0,957.0,960.0,979.0,986.0,
4.0,13.0,48.0,70.0,77.0,101.0,169.0,197.0,225.0,230.0,264.0,292.0,347.0,367.0,369.0,396.0,409.0,413.0,483.0,
28.0,45.0,76.0,85.0,102.0,123.0,127.0,162.0,164.0,167.0,180.0,224.0,289.0,301.0,302.0,334.0,336.0,339.0,370.0,374.0,417.0,427.0,464.0,866.0,
8.0,18.0,25.0,33.0,50.0,73.0,74.0,127.0,137.0,149.0,149.0,154.0,163.0,198.0,209.0,250.0,280.0,312.0,342.0,350.0,374.0,442.0,569.0,571.0,602.0,612.0,621.0,678.0,708.0,734.0,735.0,738.0,776.0,803.0,836.0,896.0,907.0,909.0,910.0,914.0,945.0,946.0,967.0,
7.0,10.0,73.0,82.0,110.0,145.0,162.0,178.0,222.0,239.0,246.0,257.0,291.0,339.0,360.0,364.0,429.0,432.0,467.0,483.0,502.0,
21.0,67.0,100.0,117.0,138.0,143.0,149.0,153.0,182.0,186.0,234.0,262.0,269.0,280.0,281.0,284.0,290.0,304.0,340.0,383.0,391.0,487.0,
8.0,15.0,35.0,68.0,95.0,174.0,252.0,253.0,278.0,302.0,309.0,362.0,368.0,381.0,414.0,444.0,470.0,503.0,843.0,918.0,943.0,987.0,
35.0,87.0,93.0,102.0,103.0,200.0,208.0,247.0,264.0,276.0,292.0,351.0,354.0,373.0,447.0,453.0,461.0,505.0,830.0,891.0,897.0,911.0,
10.0,30.0,91.0,152.0,157.0,167.0,194.0,195.0,198.0,221.0,235.0,289.0,290.0,304.0,309.0,316.0,327.0,331.0,453.0,455.0,505.0,801.0,832.0,875.0,944.0,996.0,
42.0,66.0,69.0,97.0,105.0,142.0,151.0,203.0,207.0,237.0,270.0,279.0,391.0,393.0,424.0,485.0,495.0,769.0,822.0,
10.0,16.0,64.0,89.0,97.0,122.0,173.0,202.0,301.0,318.0,399.0,453.0,479.0,497.0,819.0,843.0,
2.0,7.0,13.0,14.0,74.0,111.0,145.0,146.0,163.0,248.0,252.0,260.0,272.0,278.0,337.0,405.0,408.0,488.0,
4.0,26.0,104.0,122.0,139.0,154.0,161.0,196.0,250.0,303.0,312.0,441.0,443.0,452.0,481.0,494.0,506.0,
13.0,39.0,74.0,101.0,204.0,229.0,264.0,408.0,420.0,466.0,519.0,541.0,601.0,630.0,647.0,706.0,725.0,753.0,792.0,793.0,809.0,863.0,878.0,925.0,
14.0,26.0,32.0,35.0,52.0,92.0,142.0,180.0,189.0,210.0,233.0,244.0,275.0,282.0,282.0,298.0,392.0,412.0,446.0,454.0,789.0,
12.0,16.0,18.0,36.0,39.0,47.0,100.0,109.0,157.0,230.0,345.0,377.0,397.0,417.0,421.0,429.0,463.0,477.0,481.0,488.0,826.0,
25.0,26.0,56.0,57.0,256.0,260.0,262.0,325.0,357.0,376.0,398.0,404.0,945.0,978.0,
50.0,58.0,76.0,100.0,156.0,156.0,161.0,165.0,179.0,240.0,274.0,288.0,310.0,311.0,326.0,338.0,343.0,437.0,465.0,491.0,756.0,833.0,849.0,914.0,930.0,
2.0,23.0,49.0,53.0,109.0,119.0,134.0,168.0,173.0,179.0,207.0,243.0,256.0,280.0,289.0,300.0,314.0,315.0,352.0,376.0,385.0,468.0,469.0,496.0,504.0,787.0,898.0,924.0,965.0,968.0,993.0,
51.0,60.0,60.0,65.0,85.0,107.0,163.0,166.0,231.0,231.0,243.0,271.0,339.0,446.0,474.0,758.0,799.0,802.0,841.0,969.0,
12.0,38.0,80.0,99.0,125.0,127.0,136.0,136.0,138.0,163.0,224.0,323.0,363.0,439.0,450.0,495.0,736.0,746.0,839.0,851.0,889.0,947.0,981.0,989.0,
7.0,110.0,135.0,156.0,167.0,183.0,202.0,248.0,259.0,264.0,269.0,270.0,278.0,282.0,307.0,313.0,317.0,351.0,468.0,494.0,
2.0,7.0,20.0,52.0,107.0,130.0,144.0,225.0,264.0,267.0,274.0,324.0,325.0,327.0,353.0,361.0,378.0,403.0,420.0,430.0,436.0,463.0,492.0,819.0,901.0,
10.0,10.0,26.0,37.0,56.0,56.0,71.0,132.0,167.0,190.0,199.0,201.0,277.0,402.0,466.0,536.0,539.0,561.0,596.0,597.0,604.0,625.0,630.0,659.0,661.0,671.0,689.0,706.0,772.0,788.0,801.0,801.0,803.0,809.0,812.0,878.0,949.0,961.0,961.0,982.0,989.0,998.0,999.0,
66.0,81.0,90.0,107.0,129.0,134.0,147.0,178.0,229.0,272.0,273.0,278.0,290.0,304.0,328.0,328.0,341.0,345.0,366.0,393.0,403.0,412.0,489.0,491.0,499.0,690.0,696.0,711.0,722.0,732.0,997.0,
21.0,22.0,32.0,42.0,48.0,95.0,146.0,169.0,204.0,264.0,287.0,340.0,391.0,472.0,
29.0,33.0,59.0,63.0,74.0,135.0,149.0,171.0,175.0,197.0,201.0,218.0,239.0,248.0,249.0,277.0,278.0,282.0,288.0,302.0,343.0,351.0,354.0,368.0,399.0,500.0,505.0,968.0,
83.0,98.0,116.0,140.0,158.0,188.0,197.0,202.0,274.0,288.0,296.0,307.0,311.0,318.0,320.0,340.0,379.0,473.0,880.0,
11.0,69.0,102.0,107.0,107.0,115.0,115.0,155.0,169.0,185.0,187.0,195.0,201.0,203.0,300.0,320.0,341.0,360.0,372.0,380.0,391.0,447.0,452.0,863.0,894.0,957.0,989.0,
35.0,39.0,64.0,74.0,83.0,131.0,147.0,161.0,238.0,262.0,299.0,356.0,366.0,389.0,391.0,400.0,413.0,450.0,469.0,471.0,491.0,501.0,776.0,825.0,838.0,879.0,989.0,995.0,
23.0,29.0,91.0,139.0,156.0,235.0,239.0,268.0,295.0,297.0,399.0,409.0,440.0,440.0,444.0,483.0,491.0,497.0,506.0,837.0,928.0,990.0,
8.0,48.0,58.0,149.0,165.0,239.0,271.0,272.0,294.0,303.0,329.0,336.0,410.0,435.0,439.0,
86.0,122.0,223.0,275.0,277.0,279.0,323.0,357.0,403.0,405.0,428.0,465.0,479.0,481.0,493.0,500.0,625.0,683.0,706.0,725.0,741.0,862.0,962.0,976.0,979.0,983.0,985.0,
32.0,46.0,54.0,165.0,210.0,211.0,240.0,250.0,315.0,328.0,339.0,350.0,351.0,367.0,418.0,425.0,554.0,561.0,566.0,569.0,569.0,606.0,609.0,614.0,666.0,699.0,783.0,789.0,790.0,801.0,804.0,834.0,863.0,892.0,901.0,914.0,930.0,946.0,950.0,953.0,957.0,984.0,
69.0,94.0,128.0,176.0,189.0,210.0,213.0,215.0,265.0,275.0,325.0,380.0,442.0,452.0,455.0,483.0,553.0,561.0,572.0,573.0,588.0,614.0,619.0,619.0,646.0,666.0,675.0,690.0,698.0,724.0,759.0,761.0,808.0,835.0,836.0,848.0,871.0,874.0,896.0,903.0,936.0,951.0,969.0,
8.0,13.0,45.0,51.0,59.0,88.0,92.0,93.0,100.0,115.0,122.0,138.0,187.0,189.0,191.0,208.0,216.0,235.0,264.0,390.0,405.0,427.0,452.0,485.0,780.0,814.0,923.0,971.0,
6.0,39.0,94.0,144.0,156.0,190.0,204.0,243.0,262.0,270.0,315.0,376.0,381.0,438.0,468.0,
36.0,137.0,148.0,166.0,251.0,267.0,312.0,322.0,337.0,373.0,382.0,390.0,405.0,420.0,498.0,974.0,981.0,989.0,
9.0,11.0,22.0,98.0,124.0,142.0,146.0,149.0,173.0,181.0,185.0,214.0,228.0,238.0,246.0,292.0,323.0,802.0,911.0,
68.0,74.0,80.0,89.0,130.0,174.0,219.0,293.0,295.0,354.0,403.0,409.0,428.0,434.0,455.0,458.0,480.0,837.0,932.0,991.0,
5.0,45.0,56.0,77.0,81.0,165.0,223.0,265.0,296.0,296.0,307.0,315.0,327.0,382.0,383.0,401.0,413.0,459.0,462.0,471.0,
74.0,97.0,118.0,121.0,142.0,190.0,222.0,236.0,241.0,251.0,280.0,288.0,322.0,324.0,335.0,351.0,370.0,388.0,407.0,429.0,450.0,454.0,461.0,507.0,806.0,817.0,960.0,
39.0,54.0,56.0,224.0,231.0,309.0,332.0,359.0,362.0,374.0,438.0,459.0,462.0,528.0,539.0,579.0,627.0,661.0,751.0,766.0,806.0,849.0,855.0,861.0,875.0,897.0,901.0,920.0,925.0,938.0,941.0,951.0,959.0,960.0,973.0,993.0,
12.0,22.0,42.0,62.0,79.0,91.0,154.0,158.0,163.0,195.0,362.0,369.0,401.0,443.0,446.0,455.0,457.0,496.0,503.0,527.0,531.0,545.0,574.0,575.0,577.0,594.0,597.0,604.0,614.0,714.0,771.0,776.0,777.0,795.0,852.0,859.0,882.0,912.0,918.0,941.0,962.0,974.0,
31.0,72.0,118.0,143.0,144.0,153.0,173.0,202.0,214.0,217.0,272.0,272.0,344.0,351.0,377.0,383.0,408.0,503.0,571.0,574.0,630.0,638.0,710.0,720.0,765.0,790.0,822.0,830.0,857.0,863.0,904.0,959.0,980.0,994.0,998.0,
31.0,40.0,43.0,63.0,84.0,96.0,186.0,213.0,227.0,250.0,320.0,330.0,384.0,421.0,502.0,534.0,543.0,545.0,555.0,564.0,573.0,581.0,603.0,663.0,687.0,694.0,712.0,724.0,726.0,749.0,765.0,816.0,824.0,825.0,831.0,870.0,871.0,901.0,931.0,941.0,967.0,987.0,
20.0,54.0,59.0,82.0,104.0,136.0,186.0,194.0,229.0,456.0,464.0,513.0,625.0,681.0,759.0,799.0,913.0,965.0,
15.0,22.0,49.0,69.0,71.0,94.0,98.0,136.0,182.0,190.0,219.0,256.0,259.0,261.0,414.0,429.0,437.0,452.0,467.0,477.0,766.0,915.0,925.0,929.0,936.0,
59.0,84.0,106.0,150.0,164.0,188.0,190.0,195.0,197.0,256.0,258.0,260.0,269.0,272.0,286.0,299.0,338.0,369.0,380.0,381.0,404.0,425.0,451.0,475.0,
9.0,27.0,40.0,65.0,144.0,308.0,328.0,332.0,334.0,361.0,464.0,768.0,803.0,815.0,
23.0,51.0,70.0,94.0,113.0,162.0,163.0,182.0,201.0,238.0,240.0,246.0,248.0,268.0,281.0,284.0,293.0,325.0,387.0,390.0,393.0,394.0,442.0,456.0,466.0,474.0,669.0,808.0,814.0,863.0,923.0,
73.0,80.0,107.0,113.0,229.0,283.0,310.0,331.0,336.0,357.0,368.0,380.0,448.0,455.0,466.0,509.0,515.0,546.0,638.0,644.0,654.0,670.0,683.0,711.0,722.0,735.0,739.0,743.0,746.0,753.0,777.0,804.0,810.0,817.0,900.0,989.0,
25.0,43.0,98.0,119.0,126.0,157.0,204.0,230.0,245.0,294.0,316.0,322.0,326.0,396.0,418.0,433.0,445.0,486.0,505.0,514.0,520.0,553.0,560.0,574.0,642.0,653.0,668.0,670.0,686.0,704.0,726.0,757.0,766.0,773.0,777.0,778.0,836.0,848.0,859.0,869.0,889.0,898.0,898.0,910.0,950.0,995.0,996.0,
