8.0,22.0,26.0,50.0,82.0,92.0,124.0,128.0,128.0,144.0,149.0,156.0,165.0,289.0,296.0,302.0,322.0,347.0,396.0,421.0,423.0,466.0,531.0,562.0,577.0,597.0,611.0,623.0,673.0,696.0,704.0,737.0,777.0,883.0,961.0,990.0,990.0,
4.0,12.0,24.0,30.0,46.0,66.0,111.0,130.0,139.0,164.0,201.0,235.0,273.0,278.0,317.0,319.0,322.0,334.0,452.0,465.0,486.0,490.0,530.0,538.0,540.0,547.0,579.0,584.0,656.0,664.0,709.0,715.0,723.0,754.0,771.0,774.0,786.0,789.0,830.0,841.0,885.0,893.0,915.0,920.0,950.0,983.0,996.0,
53.0,78.0,105.0,115.0,150.0,157.0,214.0,219.0,227.0,253.0,272.0,278.0,281.0,287.0,296.0,333.0,350.0,351.0,361.0,429.0,455.0,507.0,649.0,664.0,667.0,671.0,682.0,685.0,689.0,724.0,742.0,761.0,847.0,849.0,861.0,866.0,883.0,909.0,918.0,947.0,
23.0,51.0,119.0,124.0,153.0,199.0,211.0,229.0,253.0,286.0,454.0,476.0,488.0,585.0,585.0,673.0,688.0,699.0,754.0,756.0,764.0,770.0,790.0,793.0,800.0,894.0,915.0,944.0,953.0,957.0,971.0,
23.0,26.0,61.0,82.0,130.0,149.0,163.0,169.0,174.0,223.0,243.0,244.0,345.0,375.0,419.0,428.0,442.0,462.0,463.0,527.0,572.0,594.0,618.0,648.0,648.0,669.0,693.0,700.0,721.0,758.0,762.0,762.0,776.0,826.0,841.0,847.0,854.0,865.0,882.0,889.0,889.0,924.0,978.0,
86.0,99.0,109.0,114.0,118.0,155.0,176.0,181.0,217.0,230.0,237.0,250.0,275.0,312.0,323.0,348.0,357.0,398.0,484.0,497.0,499.0,565.0,604.0,651.0,660.0,665.0,680.0,681.0,681.0,683.0,707.0,795.0,815.0,816.0,822.0,829.0,856.0,862.0,873.0,877.0,896.0,917.0,961.0,
2.0,7.0,20.0,46.0,67.0,99.0,113.0,127.0,163.0,166.0,258.0,300.0,321.0,334.0,347.0,352.0,359.0,408.0,452.0,460.0,476.0,483.0,516.0,548.0,562.0,598.0,598.0,604.0,647.0,649.0,653.0,707.0,727.0,744.0,747.0,753.0,774.0,792.0,792.0,794.0,798.0,798.0,799.0,836.0,846.0,847.0,858.0,900.0,922.0,929.0,956.0,958.0,986.0,991.0,995.0,
15.0,29.0,150.0,219.0,239.0,293.0,340.0,345.0,348.0,376.0,380.0,397.0,408.0,501.0,502.0,568.0,576.0,577.0,628.0,650.0,656.0,682.0,693.0,735.0,735.0,748.0,754.0,835.0,843.0,851.0,912.0,974.0,
81.0,153.0,162.0,220.0,268.0,358.0,360.0,396.0,397.0,399.0,408.0,453.0,482.0,492.0,571.0,609.0,611.0,630.0,664.0,673.0,683.0,693.0,731.0,734.0,751.0,796.0,849.0,862.0,877.0,921.0,931.0,944.0,946.0,998.0,
3.0,34.0,48.0,50.0,66.0,87.0,105.0,116.0,130.0,208.0,253.0,268.0,304.0,345.0,359.0,386.0,403.0,530.0,534.0,534.0,542.0,556.0,608.0,631.0,745.0,781.0,783.0,797.0,816.0,876.0,958.0,975.0,
25.0,60.0,79.0,142.0,151.0,189.0,210.0,226.0,239.0,244.0,267.0,274.0,293.0,300.0,351.0,392.0,483.0,518.0,522.0,536.0,559.0,572.0,611.0,647.0,648.0,656.0,657.0,683.0,685.0,722.0,729.0,797.0,808.0,834.0,852.0,874.0,889.0,890.0,929.0,941.0,970.0,982.0,
4.0,63.0,170.0,186.0,205.0,221.0,225.0,232.0,233.0,260.0,267.0,270.0,280.0,296.0,343.0,381.0,446.0,554.0,563.0,588.0,630.0,664.0,716.0,722.0,764.0,774.0,778.0,781.0,804.0,855.0,856.0,941.0,943.0,945.0,
75.0,88.0,125.0,126.0,148.0,150.0,170.0,175.0,215.0,221.0,227.0,314.0,329.0,349.0,356.0,367.0,397.0,423.0,429.0,436.0,456.0,484.0,595.0,628.0,652.0,662.0,664.0,667.0,669.0,675.0,675.0,696.0,793.0,828.0,843.0,855.0,881.0,900.0,982.0,987.0,997.0,
8.0,12.0,35.0,64.0,80.0,170.0,172.0,182.0,190.0,233.0,238.0,251.0,290.0,332.0,353.0,406.0,415.0,427.0,642.0,657.0,663.0,685.0,705.0,732.0,763.0,790.0,814.0,831.0,832.0,833.0,842.0,861.0,910.0,921.0,
16.0,20.0,61.0,72.0,163.0,198.0,221.0,252.0,322.0,343.0,362.0,433.0,439.0,449.0,463.0,504.0,
10.0,15.0,32.0,38.0,46.0,46.0,70.0,83.0,111.0,132.0,146.0,272.0,297.0,404.0,431.0,453.0,486.0,497.0,
28.0,67.0,71.0,86.0,112.0,140.0,144.0,153.0,171.0,212.0,234.0,238.0,247.0,261.0,262.0,330.0,358.0,423.0,444.0,797.0,890.0,
6.0,33.0,38.0,81.0,128.0,128.0,148.0,176.0,298.0,301.0,391.0,395.0,409.0,444.0,458.0,467.0,474.0,646.0,702.0,758.0,810.0,843.0,885.0,927.0,951.0,994.0,
31.0,34.0,54.0,89.0,95.0,166.0,176.0,196.0,236.0,276.0,388.0,390.0,406.0,412.0,413.0,446.0,447.0,480.0,549.0,554.0,572.0,592.0,623.0,647.0,664.0,694.0,698.0,719.0,734.0,757.0,803.0,806.0,829.0,831.0,859.0,891.0,908.0,908.0,910.0,930.0,953.0,974.0,982.0,999.0,
73.0,135.0,139.0,139.0,152.0,214.0,217.0,233.0,241.0,297.0,326.0,348.0,378.0,397.0,444.0,452.0,499.0,499.0,597.0,629.0,638.0,639.0,653.0,678.0,710.0,715.0,715.0,725.0,742.0,760.0,774.0,834.0,840.0,847.0,857.0,859.0,908.0,924.0,925.0,940.0,948.0,955.0,
28.0,40.0,68.0,76.0,88.0,133.0,197.0,209.0,245.0,290.0,332.0,435.0,557.0,629.0,647.0,648.0,651.0,660.0,681.0,689.0,701.0,706.0,713.0,794.0,843.0,854.0,897.0,917.0,927.0,982.0,1000.0,
33.0,42.0,59.0,107.0,110.0,173.0,174.0,244.0,292.0,295.0,341.0,407.0,411.0,435.0,436.0,456.0,456.0,479.0,493.0,519.0,530.0,532.0,538.0,572.0,607.0,639.0,642.0,644.0,649.0,663.0,775.0,785.0,793.0,807.0,817.0,851.0,895.0,897.0,899.0,928.0,942.0,946.0,947.0,
28.0,36.0,57.0,83.0,110.0,118.0,124.0,135.0,138.0,166.0,177.0,201.0,219.0,252.0,295.0,333.0,418.0,425.0,439.0,442.0,456.0,475.0,494.0,497.0,793.0,829.0,938.0,985.0,
40.0,59.0,62.0,91.0,128.0,138.0,139.0,179.0,199.0,204.0,209.0,219.0,250.0,253.0,277.0,340.0,360.0,362.0,376.0,382.0,389.0,402.0,407.0,432.0,442.0,454.0,481.0,491.0,498.0,
4.0,75.0,86.0,123.0,146.0,170.0,204.0,229.0,235.0,264.0,289.0,329.0,382.0,398.0,430.0,452.0,460.0,465.0,900.0,961.0,
16.0,17.0,61.0,68.0,77.0,127.0,128.0,134.0,145.0,163.0,180.0,190.0,226.0,231.0,269.0,284.0,311.0,362.0,392.0,478.0,491.0,492.0,504.0,768.0,933.0,951.0,998.0,
30.0,70.0,73.0,109.0,155.0,188.0,198.0,254.0,272.0,277.0,308.0,324.0,325.0,325.0,335.0,349.0,359.0,364.0,422.0,429.0,459.0,493.0,882.0,
71.0,103.0,118.0,120.0,163.0,169.0,184.0,215.0,231.0,249.0,315.0,331.0,347.0,352.0,388.0,389.0,438.0,493.0,505.0,507.0,
44.0,100.0,100.0,105.0,161.0,179.0,183.0,198.0,237.0,237.0,253.0,276.0,283.0,288.0,301.0,302.0,320.0,328.0,344.0,362.0,439.0,441.0,465.0,472.0,475.0,965.0,982.0,993.0,
19.0,20.0,38.0,46.0,65.0,89.0,103.0,116.0,146.0,150.0,155.0,165.0,184.0,290.0,303.0,308.0,327.0,404.0,413.0,440.0,446.0,462.0,480.0,569.0,602.0,609.0,674.0,683.0,690.0,707.0,746.0,749.0,783.0,805.0,807.0,817.0,947.0,960.0,994.0,
29.0,71.0,93.0,95.0,146.0,154.0,186.0,191.0,274.0,297.0,311.0,355.0,371.0,372.0,373.0,385.0,410.0,416.0,450.0,455.0,490.0,508.0,538.0,565.0,570.0,602.0,632.0,637.0,652.0,658.0,662.0,673.0,703.0,707.0,806.0,841.0,848.0,865.0,870.0,930.0,950.0,954.0,
73.0,86.0,163.0,175.0,178.0,216.0,286.0,309.0,334.0,349.0,372.0,372.0,401.0,434.0,450.0,502.0,776.0,785.0,810.0,915.0,921.0,921.0,941.0,
31.0,57.0,89.0,191.0,208.0,287.0,374.0,404.0,417.0,451.0,481.0,486.0,499.0,504.0,
46.0,85.0,91.0,108.0,196.0,239.0,278.0,301.0,306.0,324.0,452.0,453.0,470.0,
7.0,59.0,87.0,103.0,104.0,158.0,173.0,177.0,190.0,258.0,261.0,274.0,294.0,301.0,304.0,306.0,352.0,450.0,496.0,888.0,948.0,
15.0,25.0,84.0,91.0,101.0,107.0,113.0,127.0,198.0,214.0,221.0,286.0,294.0,371.0,376.0,379.0,389.0,399.0,458.0,490.0,819.0,831.0,915.0,931.0,939.0,945.0,996.0,
17.0,29.0,75.0,93.0,162.0,193.0,206.0,259.0,353.0,359.0,368.0,385.0,396.0,408.0,438.0,459.0,467.0,478.0,769.0,886.0,920.0,977.0,
3.0,16.0,29.0,47.0,158.0,234.0,270.0,275.0,283.0,342.0,360.0,431.0,435.0,442.0,461.0,495.0,502.0,789.0,902.0,
2.0,2.0,11.0,14.0,42.0,51.0,62.0,158.0,161.0,189.0,191.0,223.0,299.0,334.0,337.0,417.0,423.0,440.0,441.0,455.0,
9.0,41.0,68.0,91.0,142.0,210.0,240.0,257.0,272.0,309.0,364.0,389.0,425.0,437.0,438.0,446.0,456.0,476.0,619.0,650.0,779.0,798.0,880.0,893.0,973.0,989.0,999.0,
11.0,16.0,35.0,65.0,107.0,152.0,170.0,172.0,172.0,180.0,185.0,250.0,268.0,275.0,332.0,366.0,442.0,466.0,490.0,618.0,631.0,638.0,651.0,657.0,659.0,664.0,690.0,712.0,716.0,717.0,722.0,728.0,735.0,771.0,785.0,862.0,877.0,877.0,887.0,901.0,907.0,932.0,
16.0,48.0,65.0,88.0,126.0,158.0,175.0,194.0,227.0,253.0,260.0,299.0,301.0,313.0,315.0,386.0,400.0,502.0,993.0,
9.0,20.0,32.0,36.0,44.0,60.0,61.0,183.0,187.0,248.0,254.0,256.0,268.0,317.0,320.0,348.0,352.0,365.0,393.0,428.0,474.0,483.0,504.0,
6.0,22.0,46.0,118.0,119.0,169.0,212.0,275.0,318.0,325.0,336.0,343.0,378.0,453.0,472.0,775.0,988.0,
67.0,106.0,113.0,160.0,234.0,277.0,287.0,299.0,300.0,319.0,354.0,388.0,400.0,407.0,419.0,453.0,460.0,464.0,475.0,478.0,502.0,1000.0,
16.0,81.0,200.0,201.0,213.0,290.0,303.0,309.0,347.0,358.0,451.0,463.0,473.0,482.0,750.0,921.0,
74.0,183.0,199.0,207.0,249.0,254.0,327.0,336.0,358.0,388.0,419.0,439.0,450.0,455.0,458.0,470.0,478.0,848.0,905.0,938.0,962.0,996.0,
6.0,11.0,39.0,85.0,108.0,158.0,165.0,168.0,205.0,222.0,226.0,268.0,272.0,273.0,280.0,299.0,303.0,380.0,393.0,479.0,508.0,752.0,863.0,
5.0,11.0,23.0,30.0,70.0,70.0,96.0,105.0,115.0,116.0,129.0,208.0,216.0,262.0,287.0,292.0,318.0,403.0,457.0,999.0,
7.0,71.0,92.0,146.0,156.0,205.0,205.0,209.0,252.0,307.0,318.0,338.0,354.0,388.0,423.0,447.0,486.0,993.0,
42.0,54.0,82.0,82.0,103.0,106.0,145.0,151.0,160.0,167.0,250.0,250.0,261.0,266.0,309.0,339.0,360.0,365.0,374.0,395.0,406.0,415.0,417.0,433.0,500.0,503.0,508.0,590.0,595.0,628.0,630.0,632.0,633.0,652.0,672.0,771.0,774.0,804.0,827.0,848.0,915.0,929.0,937.0,959.0,
28.0,36.0,83.0,172.0,180.0,224.0,250.0,288.0,324.0,342.0,388.0,418.0,430.0,440.0,453.0,453.0,463.0,
23.0,54.0,58.0,72.0,96.0,109.0,144.0,185.0,218.0,264.0,290.0,303.0,321.0,334.0,372.0,397.0,432.0,453.0,488.0,854.0,
97.0,117.0,196.0,212.0,237.0,270.0,280.0,327.0,332.0,364.0,435.0,458.0,463.0,510.0,851.0,875.0,949.0,954.0,999.0,
37.0,102.0,198.0,232.0,262.0,378.0,394.0,451.0,456.0,754.0,823.0,978.0,
26.0,64.0,77.0,79.0,146.0,149.0,157.0,299.0,352.0,355.0,365.0,381.0,454.0,462.0,490.0,497.0,738.0,755.0,772.0,939.0,952.0,960.0,
4.0,9.0,61.0,62.0,116.0,128.0,170.0,191.0,222.0,224.0,225.0,228.0,256.0,260.0,264.0,300.0,333.0,337.0,430.0,493.0,495.0,931.0,948.0,964.0,974.0,
11.0,29.0,62.0,101.0,127.0,155.0,168.0,242.0,246.0,257.0,263.0,283.0,307.0,309.0,340.0,381.0,413.0,477.0,497.0,786.0,836.0,886.0,964.0,
9.0,15.0,21.0,22.0,26.0,58.0,84.0,89.0,110.0,140.0,145.0,162.0,191.0,280.0,293.0,362.0,370.0,381.0,462.0,475.0,477.0,500.0,501.0,826.0,973.0,
11.0,46.0,47.0,54.0,69.0,121.0,144.0,177.0,197.0,200.0,212.0,215.0,216.0,262.0,274.0,324.0,333.0,342.0,366.0,392.0,415.0,434.0,509.0,
20.0,47.0,62.0,72.0,74.0,124.0,156.0,189.0,259.0,304.0,304.0,359.0,363.0,404.0,406.0,427.0,431.0,530.0,553.0,569.0,573.0,589.0,606.0,630.0,639.0,656.0,671.0,674.0,694.0,699.0,744.0,757.0,761.0,772.0,772.0,812.0,821.0,843.0,844.0,846.0,864.0,876.0,876.0,916.0,975.0,979.0,981.0,998.0,
35.0,37.0,51.0,74.0,112.0,148.0,189.0,211.0,249.0,285.0,317.0,334.0,337.0,459.0,459.0,467.0,479.0,480.0,797.0,837.0,878.0,968.0,
23.0,45.0,92.0,114.0,133.0,204.0,276.0,278.0,316.0,333.0,335.0,337.0,439.0,443.0,457.0,466.0,932.0,
92.0,117.0,121.0,136.0,151.0,156.0,216.0,248.0,255.0,303.0,312.0,342.0,398.0,403.0,406.0,425.0,471.0,472.0,803.0,884.0,909.0,913.0,965.0,
84.0,97.0,131.0,165.0,187.0,195.0,201.0,209.0,246.0,258.0,273.0,307.0,312.0,326.0,329.0,357.0,458.0,459.0,490.0,766.0,870.0,964.0,983.0,
92.0,102.0,109.0,115.0,169.0,180.0,187.0,192.0,218.0,236.0,247.0,253.0,267.0,274.0,299.0,312.0,337.0,375.0,383.0,391.0,421.0,503.0,748.0,803.0,808.0,812.0,934.0,975.0,
24.0,26.0,43.0,103.0,115.0,150.0,181.0,200.0,201.0,273.0,330.0,408.0,507.0,845.0,854.0,881.0,883.0,
25.0,43.0,96.0,107.0,154.0,157.0,158.0,185.0,278.0,279.0,282.0,286.0,358.0,390.0,400.0,453.0,455.0,458.0,462.0,479.0,501.0,933.0,
2.0,2.0,107.0,114.0,117.0,124.0,130.0,153.0,167.0,183.0,186.0,199.0,209.0,214.0,236.0,237.0,251.0,264.0,267.0,301.0,307.0,356.0,357.0,361.0,364.0,401.0,445.0,449.0,463.0,480.0,909.0,
48.0,57.0,59.0,90.0,107.0,112.0,150.0,189.0,198.0,235.0,288.0,332.0,446.0,509.0,915.0,
5.0,82.0,186.0,278.0,370.0,391.0,456.0,598.0,632.0,674.0,676.0,683.0,738.0,743.0,754.0,780.0,788.0,795.0,808.0,826.0,834.0,850.0,857.0,879.0,890.0,916.0,944.0,977.0,
42.0,52.0,64.0,82.0,84.0,106.0,121.0,134.0,141.0,142.0,154.0,155.0,156.0,181.0,183.0,201.0,301.0,302.0,304.0,323.0,459.0,780.0,793.0,844.0,856.0,863.0,918.0,
12.0,68.0,119.0,154.0,156.0,162.0,189.0,199.0,231.0,232.0,237.0,247.0,289.0,301.0,307.0,324.0,335.0,400.0,409.0,463.0,502.0,
6.0,19.0,19.0,34.0,50.0,117.0,174.0,247.0,274.0,283.0,297.0,331.0,451.0,454.0,821.0,964.0,
35.0,41.0,77.0,80.0,93.0,171.0,171.0,325.0,329.0,361.0,362.0,392.0,451.0,466.0,471.0,473.0,752.0,784.0,841.0,844.0,908.0,944.0,946.0,
9.0,45.0,61.0,85.0,99.0,121.0,139.0,191.0,255.0,257.0,271.0,275.0,277.0,288.0,322.0,342.0,359.0,379.0,388.0,399.0,429.0,437.0,749.0,832.0,844.0,961.0,978.0,983.0,
12.0,119.0,121.0,147.0,184.0,184.0,203.0,209.0,213.0,225.0,234.0,269.0,284.0,295.0,387.0,407.0,434.0,437.0,454.0,485.0,492.0,497.0,498.0,729.0,764.0,771.0,865.0,904.0,918.0,931.0,
3.0,23.0,36.0,47.0,49.0,95.0,104.0,151.0,171.0,174.0,206.0,236.0,252.0,288.0,321.0,363.0,376.0,736.0,853.0,884.0,
6.0,38.0,47.0,50.0,100.0,106.0,198.0,201.0,203.0,264.0,274.0,282.0,283.0,346.0,361.0,437.0,438.0,450.0,465.0,483.0,490.0,505.0,
87.0,93.0,134.0,137.0,208.0,250.0,328.0,335.0,335.0,388.0,443.0,479.0,484.0,504.0,504.0,648.0,708.0,740.0,750.0,765.0,788.0,797.0,
18.0,27.0,30.0,79.0,108.0,132.0,216.0,282.0,290.0,346.0,405.0,435.0,458.0,475.0,521.0,543.0,570.0,599.0,608.0,642.0,681.0,694.0,711.0,723.0,725.0,726.0,765.0,787.0,849.0,857.0,896.0,901.0,924.0,942.0,974.0,975.0,986.0,988.0,
24.0,36.0,42.0,70.0,76.0,98.0,108.0,124.0,168.0,169.0,201.0,208.0,231.0,311.0,314.0,330.0,387.0,414.0,423.0,517.0,533.0,553.0,574.0,585.0,607.0,619.0,619.0,633.0,649.0,711.0,731.0,742.0,757.0,827.0,836.0,845.0,849.0,865.0,881.0,882.0,891.0,914.0,958.0,968.0,
18.0,63.0,67.0,71.0,109.0,175.0,226.0,231.0,258.0,276.0,288.0,321.0,342.0,359.0,381.0,411.0,480.0,484.0,485.0,505.0,506.0,728.0,828.0,842.0,853.0,911.0,951.0,
5.0,13.0,29.0,43.0,101.0,166.0,185.0,198.0,231.0,261.0,338.0,343.0,369.0,389.0,411.0,440.0,
29.0,46.0,68.0,131.0,155.0,158.0,193.0,202.0,232.0,251.0,309.0,370.0,403.0,413.0,452.0,900.0,
23.0,39.0,57.0,85.0,174.0,214.0,230.0,294.0,322.0,340.0,388.0,392.0,393.0,406.0,414.0,423.0,426.0,458.0,472.0,480.0,486.0,487.0,500.0,779.0,798.0,808.0,889.0,985.0,
40.0,143.0,149.0,151.0,158.0,185.0,209.0,210.0,221.0,249.0,281.0,290.0,336.0,343.0,417.0,450.0,493.0,506.0,820.0,950.0,
7.0,19.0,83.0,177.0,200.0,209.0,213.0,245.0,273.0,285.0,300.0,307.0,343.0,378.0,472.0,
85.0,88.0,118.0,170.0,186.0,197.0,201.0,242.0,242.0,272.0,272.0,282.0,285.0,354.0,384.0,415.0,475.0,846.0,905.0,956.0,
45.0,81.0,136.0,196.0,204.0,215.0,223.0,241.0,252.0,257.0,263.0,281.0,296.0,311.0,317.0,339.0,357.0,372.0,400.0,407.0,418.0,432.0,447.0,454.0,467.0,480.0,485.0,490.0,508.0,586.0,588.0,594.0,623.0,626.0,647.0,684.0,774.0,822.0,829.0,833.0,846.0,848.0,875.0,885.0,927.0,933.0,944.0,947.0,954.0,959.0,976.0,983.0,986.0,988.0,1000.0,
53.0,82.0,83.0,108.0,137.0,144.0,174.0,195.0,220.0,239.0,290.0,329.0,372.0,379.0,417.0,475.0,492.0,510.0,534.0,535.0,537.0,566.0,586.0,630.0,665.0,711.0,878.0,883.0,902.0,962.0,
192.0,196.0,208.0,217.0,219.0,252.0,286.0,288.0,364.0,367.0,389.0,440.0,440.0,469.0,651.0,782.0,786.0,814.0,821.0,822.0,870.0,886.0,928.0,949.0,957.0,966.0,988.0,
27.0,35.0,82.0,99.0,104.0,111.0,111.0,119.0,128.0,130.0,197.0,209.0,237.0,251.0,293.0,341.0,348.0,363.0,511.0,521.0,551.0,593.0,605.0,608.0,614.0,627.0,639.0,664.0,691.0,695.0,709.0,709.0,757.0,759.0,771.0,792.0,833.0,833.0,848.0,851.0,853.0,862.0,865.0,874.0,874.0,909.0,923.0,930.0,932.0,945.0,978.0,978.0,
12.0,18.0,26.0,38.0,38.0,62.0,71.0,151.0,162.0,191.0,215.0,233.0,234.0,239.0,245.0,260.0,281.0,282.0,285.0,340.0,340.0,401.0,421.0,425.0,448.0,697.0,702.0,731.0,762.0,783.0,868.0,876.0,885.0,890.0,917.0,925.0,931.0,945.0,987.0,
2.0,40.0,42.0,101.0,133.0,142.0,159.0,204.0,237.0,241.0,244.0,254.0,265.0,266.0,288.0,300.0,308.0,351.0,359.0,363.0,389.0,403.0,420.0,433.0,454.0,509.0,
6.0,24.0,24.0,31.0,34.0,42.0,122.0,124.0,137.0,149.0,182.0,184.0,193.0,307.0,332.0,345.0,355.0,372.0,382.0,395.0,437.0,873.0,
21.0,21.0,33.0,136.0,149.0,171.0,192.0,193.0,202.0,209.0,226.0,250.0,260.0,280.0,372.0,391.0,492.0,507.0,850.0,995.0,
25.0,35.0,69.0,90.0,178.0,219.0,233.0,264.0,300.0,317.0,334.0,368.0,399.0,404.0,411.0,423.0,470.0,479.0,500.0,505.0,688.0,743.0,751.0,761.0,788.0,800.0,824.0,838.0,846.0,908.0,960.0,987.0,991.0,998.0,
33.0,55.0,89.0,92.0,110.0,131.0,178.0,181.0,186.0,238.0,276.0,334.0,336.0,350.0,386.0,396.0,400.0,415.0,435.0,495.0,513.0,561.0,566.0,583.0,584.0,592.0,605.0,620.0,641.0,648.0,656.0,659.0,671.0,673.0,688.0,733.0,756.0,771.0,834.0,842.0,846.0,863.0,889.0,891.0,904.0,922.0,941.0,944.0,949.0,952.0,955.0,958.0,995.0,
3.0,29.0,31.0,34.0,59.0,83.0,132.0,147.0,176.0,191.0,268.0,274.0,385.0,440.0,527.0,550.0,572.0,602.0,631.0,674.0,753.0,796.0,866.0,952.0,971.0,987.0,991.0,998.0,
