16.0,21.0,21.0,35.0,43.0,117.0,127.0,197.0,256.0,264.0,353.0,369.0,443.0,463.0,478.0,514.0,518.0,527.0,531.0,596.0,600.0,637.0,655.0,699.0,708.0,795.0,812.0,909.0,959.0,969.0,
10.0,25.0,26.0,39.0,65.0,89.0,136.0,182.0,193.0,268.0,269.0,270.0,278.0,322.0,340.0,343.0,378.0,378.0,381.0,433.0,474.0,489.0,498.0,500.0,573.0,584.0,598.0,628.0,632.0,685.0,697.0,743.0,752.0,759.0,828.0,865.0,897.0,966.0,999.0,
14.0,25.0,31.0,67.0,88.0,112.0,122.0,181.0,189.0,205.0,205.0,243.0,287.0,305.0,322.0,335.0,436.0,468.0,596.0,611.0,628.0,654.0,710.0,732.0,745.0,763.0,781.0,816.0,821.0,853.0,911.0,918.0,939.0,954.0,962.0,
78.0,136.0,146.0,157.0,158.0,177.0,179.0,218.0,231.0,247.0,271.0,299.0,301.0,302.0,338.0,421.0,424.0,460.0,509.0,515.0,544.0,552.0,596.0,609.0,647.0,651.0,653.0,734.0,746.0,772.0,778.0,800.0,811.0,880.0,882.0,938.0,964.0,981.0,981.0,
12.0,23.0,43.0,69.0,85.0,123.0,142.0,170.0,214.0,226.0,229.0,257.0,349.0,362.0,369.0,384.0,415.0,430.0,435.0,463.0,484.0,489.0,519.0,595.0,603.0,615.0,625.0,647.0,649.0,660.0,664.0,677.0,682.0,690.0,710.0,736.0,763.0,805.0,811.0,813.0,822.0,827.0,837.0,841.0,849.0,888.0,893.0,900.0,906.0,925.0,942.0,978.0,992.0,993.0,
22.0,50.0,192.0,213.0,224.0,230.0,274.0,292.0,298.0,360.0,395.0,447.0,465.0,479.0,562.0,591.0,618.0,635.0,642.0,643.0,650.0,702.0,739.0,757.0,787.0,792.0,842.0,854.0,879.0,880.0,889.0,933.0,948.0,973.0,
32.0,46.0,87.0,113.0,120.0,123.0,149.0,238.0,243.0,277.0,287.0,296.0,335.0,369.0,390.0,406.0,444.0,455.0,524.0,537.0,541.0,565.0,566.0,597.0,618.0,673.0,678.0,682.0,691.0,714.0,715.0,730.0,743.0,761.0,765.0,789.0,838.0,856.0,863.0,886.0,911.0,960.0,972.0,979.0,
39.0,72.0,93.0,98.0,126.0,262.0,324.0,368.0,372.0,416.0,453.0,481.0,483.0,510.0,516.0,522.0,525.0,593.0,605.0,608.0,643.0,647.0,657.0,679.0,726.0,775.0,849.0,876.0,884.0,893.0,929.0,998.0,
5.0,33.0,62.0,109.0,114.0,155.0,160.0,173.0,196.0,261.0,265.0,271.0,291.0,301.0,346.0,381.0,383.0,393.0,422.0,427.0,431.0,487.0,562.0,565.0,599.0,601.0,686.0,709.0,724.0,731.0,741.0,816.0,819.0,869.0,885.0,891.0,899.0,902.0,904.0,989.0,999.0,
43.0,65.0,90.0,93.0,140.0,149.0,154.0,157.0,165.0,171.0,196.0,214.0,224.0,299.0,322.0,369.0,441.0,470.0,484.0,561.0,572.0,579.0,588.0,678.0,687.0,687.0,730.0,731.0,753.0,754.0,780.0,785.0,786.0,791.0,803.0,808.0,833.0,852.0,853.0,866.0,902.0,915.0,924.0,962.0,980.0,
2.0,6.0,47.0,72.0,78.0,95.0,97.0,158.0,160.0,171.0,230.0,255.0,312.0,322.0,411.0,423.0,452.0,525.0,572.0,632.0,681.0,691.0,750.0,782.0,811.0,836.0,844.0,866.0,873.0,874.0,875.0,891.0,903.0,947.0,965.0,
70.0,79.0,115.0,140.0,160.0,174.0,177.0,274.0,284.0,288.0,337.0,346.0,351.0,356.0,368.0,401.0,420.0,442.0,446.0,455.0,460.0,472.0,494.0,502.0,512.0,513.0,549.0,592.0,608.0,616.0,646.0,716.0,727.0,751.0,888.0,892.0,950.0,994.0,
4.0,37.0,67.0,76.0,84.0,128.0,132.0,139.0,153.0,164.0,172.0,178.0,249.0,282.0,318.0,373.0,374.0,383.0,416.0,479.0,485.0,489.0,506.0,531.0,541.0,551.0,567.0,579.0,586.0,596.0,605.0,619.0,638.0,723.0,756.0,758.0,774.0,807.0,822.0,834.0,840.0,845.0,860.0,912.0,962.0,
30.0,81.0,84.0,87.0,115.0,138.0,168.0,191.0,200.0,220.0,245.0,250.0,306.0,367.0,404.0,421.0,435.0,466.0,490.0,509.0,512.0,564.0,582.0,638.0,640.0,685.0,718.0,756.0,756.0,769.0,800.0,805.0,806.0,810.0,828.0,847.0,867.0,883.0,888.0,916.0,934.0,943.0,969.0,974.0,983.0,989.0,
12.0,24.0,83.0,93.0,94.0,103.0,122.0,154.0,169.0,169.0,176.0,216.0,224.0,246.0,261.0,272.0,284.0,291.0,327.0,408.0,419.0,460.0,463.0,479.0,493.0,578.0,594.0,613.0,637.0,655.0,684.0,710.0,736.0,752.0,784.0,813.0,817.0,865.0,876.0,895.0,901.0,933.0,940.0,943.0,
30.0,43.0,106.0,136.0,150.0,162.0,201.0,208.0,215.0,241.0,278.0,297.0,338.0,397.0,416.0,478.0,498.0,598.0,619.0,625.0,638.0,640.0,641.0,656.0,662.0,666.0,706.0,712.0,737.0,750.0,781.0,789.0,802.0,827.0,874.0,883.0,948.0,953.0,956.0,983.0,997.0,997.0,998.0,
5.0,90.0,95.0,116.0,149.0,186.0,208.0,217.0,238.0,241.0,265.0,265.0,286.0,310.0,325.0,331.0,367.0,414.0,432.0,468.0,483.0,568.0,574.0,630.0,657.0,662.0,698.0,741.0,744.0,756.0,757.0,768.0,773.0,801.0,812.0,817.0,829.0,840.0,853.0,864.0,868.0,882.0,903.0,960.0,996.0,998.0,
14.0,26.0,97.0,98.0,116.0,150.0,190.0,218.0,222.0,224.0,226.0,264.0,288.0,306.0,354.0,360.0,370.0,382.0,384.0,403.0,408.0,421.0,518.0,568.0,587.0,595.0,637.0,660.0,685.0,687.0,707.0,729.0,739.0,772.0,775.0,794.0,880.0,883.0,916.0,923.0,927.0,976.0,991.0,991.0,
13.0,14.0,26.0,30.0,114.0,122.0,148.0,194.0,199.0,222.0,266.0,270.0,272.0,289.0,298.0,365.0,399.0,410.0,443.0,458.0,465.0,465.0,468.0,472.0,487.0,529.0,558.0,588.0,605.0,639.0,657.0,662.0,669.0,703.0,727.0,739.0,784.0,819.0,823.0,835.0,851.0,887.0,891.0,901.0,929.0,945.0,953.0,976.0,986.0,989.0,
14.0,41.0,56.0,65.0,83.0,96.0,151.0,231.0,247.0,249.0,334.0,343.0,364.0,367.0,392.0,414.0,468.0,479.0,483.0,483.0,519.0,530.0,531.0,551.0,568.0,626.0,636.0,642.0,659.0,687.0,728.0,736.0,779.0,788.0,801.0,802.0,816.0,832.0,852.0,878.0,918.0,974.0,986.0,
9.0,18.0,26.0,47.0,86.0,118.0,119.0,163.0,183.0,186.0,223.0,234.0,237.0,374.0,487.0,489.0,530.0,539.0,698.0,730.0,735.0,744.0,794.0,903.0,909.0,955.0,976.0,
57.0,90.0,95.0,111.0,118.0,120.0,137.0,142.0,155.0,157.0,239.0,255.0,274.0,282.0,286.0,338.0,379.0,404.0,412.0,415.0,416.0,432.0,479.0,485.0,501.0,540.0,554.0,569.0,571.0,580.0,589.0,606.0,652.0,722.0,722.0,724.0,742.0,772.0,785.0,786.0,823.0,832.0,856.0,893.0,898.0,982.0,991.0,
23.0,68.0,79.0,83.0,95.0,118.0,188.0,193.0,217.0,224.0,260.0,297.0,304.0,318.0,353.0,355.0,363.0,480.0,487.0,518.0,544.0,544.0,560.0,590.0,594.0,617.0,628.0,635.0,665.0,693.0,694.0,700.0,711.0,722.0,758.0,785.0,792.0,811.0,817.0,844.0,867.0,910.0,915.0,933.0,940.0,953.0,994.0,
11.0,27.0,35.0,70.0,83.0,87.0,114.0,115.0,155.0,176.0,241.0,242.0,262.0,299.0,320.0,371.0,392.0,401.0,416.0,469.0,480.0,498.0,649.0,653.0,705.0,811.0,899.0,915.0,925.0,927.0,936.0,947.0,975.0,
38.0,94.0,101.0,113.0,242.0,280.0,310.0,332.0,404.0,421.0,436.0,456.0,810.0,
29.0,34.0,70.0,92.0,109.0,128.0,153.0,178.0,212.0,212.0,269.0,282.0,285.0,290.0,349.0,379.0,393.0,401.0,412.0,494.0,
15.0,99.0,155.0,221.0,232.0,236.0,253.0,290.0,339.0,345.0,357.0,427.0,469.0,471.0,476.0,477.0,505.0,901.0,
16.0,77.0,82.0,94.0,190.0,287.0,320.0,460.0,480.0,480.0,493.0,503.0,619.0,832.0,854.0,859.0,922.0,936.0,973.0,984.0,990.0,
34.0,49.0,119.0,151.0,161.0,243.0,254.0,274.0,294.0,310.0,333.0,338.0,354.0,384.0,406.0,466.0,479.0,485.0,561.0,578.0,591.0,593.0,641.0,659.0,669.0,697.0,712.0,730.0,751.0,791.0,831.0,860.0,870.0,921.0,923.0,933.0,944.0,
145.0,146.0,169.0,175.0,190.0,260.0,265.0,268.0,270.0,395.0,420.0,430.0,568.0,585.0,602.0,610.0,621.0,633.0,704.0,728.0,778.0,805.0,816.0,833.0,876.0,909.0,916.0,922.0,924.0,930.0,
43.0,65.0,71.0,76.0,85.0,157.0,163.0,180.0,228.0,258.0,276.0,280.0,282.0,309.0,316.0,329.0,360.0,407.0,423.0,435.0,448.0,486.0,492.0,527.0,542.0,631.0,653.0,663.0,676.0,676.0,750.0,808.0,827.0,846.0,852.0,884.0,890.0,907.0,925.0,933.0,962.0,964.0,973.0,991.0,
10.0,35.0,93.0,101.0,130.0,145.0,211.0,222.0,226.0,255.0,380.0,405.0,406.0,428.0,437.0,462.0,483.0,490.0,497.0,505.0,549.0,567.0,592.0,611.0,618.0,625.0,710.0,721.0,739.0,777.0,783.0,790.0,794.0,810.0,869.0,880.0,914.0,920.0,924.0,942.0,958.0,968.0,973.0,974.0,990.0,
17.0,20.0,21.0,24.0,63.0,71.0,77.0,78.0,98.0,107.0,113.0,121.0,184.0,214.0,222.0,246.0,263.0,306.0,311.0,344.0,366.0,382.0,383.0,387.0,388.0,414.0,420.0,466.0,497.0,509.0,703.0,736.0,740.0,753.0,766.0,783.0,788.0,841.0,844.0,849.0,914.0,965.0,981.0,
43.0,50.0,84.0,95.0,101.0,151.0,247.0,326.0,346.0,475.0,506.0,
41.0,75.0,78.0,116.0,123.0,189.0,205.0,219.0,220.0,288.0,341.0,357.0,377.0,400.0,412.0,486.0,499.0,819.0,844.0,936.0,
8.0,36.0,106.0,109.0,113.0,120.0,130.0,186.0,197.0,230.0,255.0,269.0,276.0,280.0,323.0,345.0,368.0,427.0,847.0,986.0,
19.0,33.0,45.0,68.0,84.0,109.0,139.0,142.0,164.0,217.0,232.0,234.0,252.0,254.0,260.0,276.0,287.0,290.0,307.0,311.0,391.0,430.0,438.0,483.0,849.0,
10.0,34.0,81.0,128.0,168.0,175.0,179.0,193.0,198.0,228.0,285.0,330.0,368.0,426.0,478.0,505.0,
39.0,91.0,97.0,100.0,109.0,131.0,162.0,199.0,270.0,287.0,291.0,298.0,299.0,346.0,445.0,471.0,661.0,669.0,704.0,748.0,764.0,792.0,877.0,913.0,947.0,951.0,957.0,964.0,995.0,
17.0,20.0,29.0,47.0,55.0,74.0,78.0,90.0,104.0,162.0,179.0,187.0,275.0,298.0,312.0,315.0,325.0,325.0,394.0,420.0,450.0,467.0,499.0,511.0,594.0,599.0,602.0,603.0,643.0,646.0,651.0,671.0,682.0,700.0,727.0,735.0,754.0,776.0,788.0,847.0,849.0,857.0,893.0,952.0,953.0,
27.0,31.0,64.0,77.0,209.0,229.0,254.0,283.0,302.0,326.0,389.0,391.0,410.0,426.0,439.0,451.0,483.0,533.0,533.0,546.0,590.0,601.0,619.0,643.0,666.0,670.0,739.0,755.0,769.0,779.0,828.0,837.0,843.0,856.0,896.0,897.0,902.0,921.0,926.0,959.0,
28.0,68.0,99.0,107.0,113.0,119.0,167.0,194.0,269.0,288.0,302.0,326.0,331.0,362.0,386.0,401.0,409.0,427.0,500.0,516.0,516.0,520.0,525.0,562.0,569.0,663.0,690.0,705.0,713.0,741.0,758.0,809.0,815.0,821.0,870.0,894.0,915.0,921.0,932.0,935.0,936.0,943.0,950.0,992.0,
2.0,10.0,24.0,52.0,70.0,73.0,92.0,105.0,114.0,117.0,132.0,154.0,183.0,213.0,264.0,270.0,340.0,370.0,433.0,459.0,476.0,479.0,
11.0,35.0,35.0,67.0,113.0,159.0,176.0,228.0,233.0,233.0,299.0,374.0,399.0,409.0,413.0,468.0,496.0,
17.0,74.0,102.0,141.0,156.0,185.0,216.0,225.0,241.0,290.0,298.0,315.0,337.0,384.0,391.0,412.0,472.0,765.0,855.0,938.0,
10.0,55.0,58.0,73.0,112.0,121.0,135.0,173.0,228.0,258.0,268.0,316.0,329.0,333.0,337.0,350.0,364.0,373.0,473.0,811.0,985.0,
106.0,117.0,146.0,170.0,181.0,222.0,497.0,738.0,739.0,774.0,844.0,932.0,936.0,969.0,981.0,
20.0,24.0,43.0,57.0,59.0,71.0,247.0,281.0,335.0,383.0,495.0,997.0,
6.0,28.0,122.0,162.0,180.0,233.0,391.0,439.0,440.0,496.0,505.0,
15.0,20.0,45.0,47.0,105.0,121.0,182.0,187.0,203.0,215.0,216.0,217.0,228.0,260.0,329.0,361.0,445.0,450.0,457.0,484.0,530.0,571.0,576.0,596.0,618.0,642.0,665.0,668.0,682.0,683.0,697.0,710.0,713.0,713.0,732.0,747.0,747.0,751.0,806.0,824.0,843.0,863.0,897.0,940.0,964.0,970.0,974.0,979.0,
6.0,17.0,117.0,137.0,151.0,187.0,199.0,209.0,234.0,239.0,285.0,304.0,310.0,320.0,335.0,354.0,364.0,372.0,385.0,392.0,431.0,485.0,551.0,571.0,590.0,641.0,641.0,699.0,709.0,743.0,794.0,802.0,811.0,836.0,855.0,864.0,879.0,909.0,936.0,957.0,962.0,970.0,970.0,972.0,973.0,
29.0,55.0,82.0,105.0,111.0,142.0,147.0,176.0,219.0,235.0,287.0,292.0,362.0,366.0,373.0,373.0,380.0,399.0,490.0,506.0,694.0,702.0,746.0,748.0,748.0,798.0,814.0,831.0,841.0,864.0,884.0,888.0,893.0,894.0,896.0,902.0,902.0,929.0,940.0,972.0,
44.0,105.0,153.0,196.0,291.0,395.0,424.0,457.0,491.0,
14.0,70.0,81.0,108.0,126.0,190.0,204.0,216.0,305.0,339.0,344.0,363.0,413.0,439.0,440.0,444.0,454.0,485.0,498.0,501.0,916.0,
3.0,17.0,34.0,36.0,51.0,71.0,80.0,116.0,150.0,169.0,178.0,213.0,280.0,329.0,415.0,422.0,441.0,492.0,823.0,927.0,928.0,946.0,951.0,985.0,
17.0,53.0,57.0,60.0,104.0,152.0,197.0,214.0,267.0,281.0,292.0,309.0,318.0,356.0,366.0,413.0,432.0,454.0,503.0,506.0,754.0,762.0,808.0,906.0,926.0,941.0,
25.0,37.0,45.0,72.0,72.0,95.0,105.0,113.0,115.0,117.0,124.0,139.0,152.0,161.0,176.0,243.0,245.0,258.0,306.0,415.0,418.0,419.0,422.0,433.0,788.0,799.0,971.0,989.0,
18.0,95.0,125.0,143.0,165.0,304.0,342.0,348.0,353.0,389.0,439.0,460.0,849.0,908.0,925.0,
14.0,22.0,93.0,118.0,167.0,183.0,236.0,238.0,245.0,281.0,373.0,395.0,397.0,405.0,478.0,484.0,485.0,496.0,
29.0,72.0,73.0,91.0,130.0,158.0,220.0,228.0,277.0,306.0,429.0,433.0,436.0,453.0,501.0,546.0,550.0,626.0,673.0,707.0,748.0,773.0,774.0,788.0,796.0,806.0,818.0,822.0,840.0,847.0,848.0,891.0,938.0,968.0,975.0,999.0,1000.0,
33.0,45.0,87.0,115.0,140.0,151.0,163.0,172.0,178.0,210.0,228.0,269.0,281.0,375.0,376.0,430.0,548.0,560.0,571.0,576.0,610.0,619.0,619.0,624.0,650.0,654.0,662.0,668.0,680.0,709.0,709.0,709.0,711.0,713.0,770.0,791.0,876.0,883.0,889.0,930.0,934.0,961.0,
47.0,51.0,57.0,109.0,134.0,260.0,376.0,406.0,422.0,521.0,575.0,592.0,631.0,646.0,651.0,657.0,665.0,674.0,675.0,680.0,691.0,705.0,768.0,786.0,821.0,824.0,833.0,838.0,842.0,857.0,858.0,941.0,947.0,961.0,980.0,998.0,
30.0,34.0,56.0,77.0,142.0,156.0,201.0,244.0,280.0,313.0,330.0,349.0,350.0,352.0,436.0,501.0,505.0,
231.0,291.0,304.0,310.0,328.0,338.0,373.0,374.0,487.0,508.0,
28.0,46.0,51.0,125.0,158.0,161.0,174.0,186.0,219.0,258.0,317.0,346.0,353.0,376.0,389.0,398.0,418.0,455.0,473.0,758.0,807.0,809.0,872.0,925.0,936.0,955.0,971.0,
65.0,88.0,132.0,218.0,224.0,272.0,307.0,317.0,322.0,332.0,333.0,361.0,377.0,395.0,397.0,412.0,473.0,483.0,764.0,769.0,860.0,891.0,948.0,980.0,
7.0,54.0,66.0,80.0,120.0,131.0,208.0,234.0,248.0,307.0,342.0,456.0,468.0,507.0,508.0,762.0,896.0,995.0,
5.0,14.0,18.0,33.0,84.0,94.0,140.0,187.0,203.0,219.0,220.0,223.0,230.0,236.0,237.0,239.0,281.0,318.0,347.0,352.0,369.0,377.0,381.0,402.0,459.0,467.0,473.0,917.0,
6.0,8.0,36.0,51.0,57.0,200.0,224.0,240.0,286.0,306.0,312.0,317.0,319.0,321.0,352.0,364.0,433.0,465.0,468.0,504.0,809.0,814.0,914.0,914.0,942.0,
58.0,116.0,131.0,188.0,266.0,273.0,293.0,299.0,322.0,331.0,366.0,372.0,376.0,377.0,377.0,389.0,398.0,402.0,406.0,418.0,513.0,523.0,523.0,585.0,599.0,608.0,680.0,721.0,731.0,795.0,800.0,827.0,840.0,870.0,901.0,908.0,928.0,943.0,970.0,973.0,999.0,
37.0,62.0,92.0,128.0,128.0,135.0,151.0,162.0,162.0,173.0,182.0,182.0,240.0,240.0,248.0,279.0,285.0,297.0,399.0,411.0,412.0,429.0,481.0,506.0,522.0,636.0,655.0,741.0,753.0,761.0,804.0,896.0,906.0,915.0,917.0,929.0,998.0,
11.0,16.0,19.0,23.0,53.0,96.0,136.0,151.0,157.0,193.0,199.0,279.0,459.0,471.0,504.0,516.0,552.0,554.0,591.0,595.0,595.0,603.0,632.0,632.0,661.0,696.0,710.0,714.0,728.0,728.0,783.0,790.0,834.0,840.0,847.0,856.0,862.0,877.0,886.0,887.0,923.0,942.0,958.0,965.0,992.0,994.0,
76.0,87.0,108.0,148.0,172.0,184.0,187.0,211.0,263.0,274.0,279.0,289.0,317.0,342.0,358.0,359.0,367.0,388.0,406.0,412.0,426.0,434.0,447.0,464.0,476.0,497.0,632.0,728.0,742.0,800.0,808.0,814.0,818.0,830.0,863.0,882.0,977.0,994.0,
23.0,66.0,83.0,99.0,126.0,159.0,165.0,189.0,220.0,246.0,276.0,303.0,325.0,337.0,344.0,381.0,400.0,441.0,502.0,
26.0,30.0,38.0,41.0,56.0,142.0,166.0,175.0,177.0,240.0,256.0,277.0,289.0,309.0,333.0,344.0,345.0,377.0,424.0,435.0,480.0,
22.0,50.0,63.0,77.0,182.0,185.0,258.0,281.0,402.0,402.0,437.0,457.0,465.0,487.0,487.0,949.0,
45.0,58.0,66.0,81.0,87.0,90.0,95.0,115.0,136.0,143.0,175.0,193.0,228.0,239.0,377.0,385.0,390.0,430.0,475.0,477.0,954.0,995.0,
10.0,67.0,71.0,78.0,100.0,118.0,120.0,128.0,133.0,138.0,198.0,205.0,230.0,246.0,377.0,382.0,434.0,446.0,465.0,
55.0,80.0,194.0,218.0,241.0,259.0,263.0,266.0,277.0,287.0,401.0,462.0,484.0,683.0,691.0,698.0,714.0,733.0,792.0,798.0,871.0,909.0,989.0,
28.0,60.0,88.0,97.0,103.0,125.0,126.0,223.0,254.0,299.0,304.0,328.0,341.0,352.0,384.0,385.0,403.0,419.0,439.0,491.0,531.0,541.0,577.0,577.0,587.0,627.0,646.0,661.0,681.0,701.0,709.0,710.0,778.0,841.0,847.0,873.0,881.0,887.0,892.0,896.0,934.0,951.0,960.0,988.0,
3.0,24.0,31.0,58.0,68.0,122.0,133.0,167.0,230.0,237.0,288.0,299.0,499.0,542.0,636.0,646.0,647.0,669.0,670.0,713.0,765.0,823.0,864.0,887.0,898.0,904.0,913.0,924.0,992.0,
35.0,36.0,42.0,44.0,50.0,56.0,66.0,117.0,186.0,210.0,213.0,330.0,384.0,405.0,429.0,433.0,479.0,489.0,516.0,544.0,545.0,566.0,577.0,580.0,616.0,633.0,659.0,682.0,723.0,753.0,779.0,811.0,832.0,856.0,859.0,871.0,894.0,909.0,917.0,967.0,986.0,
28.0,44.0,68.0,90.0,112.0,129.0,130.0,145.0,163.0,170.0,176.0,187.0,192.0,250.0,255.0,298.0,319.0,320.0,400.0,565.0,619.0,624.0,631.0,658.0,688.0,701.0,701.0,703.0,704.0,766.0,767.0,773.0,800.0,822.0,893.0,895.0,911.0,950.0,979.0,999.0,
10.0,23.0,51.0,64.0,103.0,110.0,134.0,142.0,297.0,299.0,312.0,318.0,324.0,343.0,364.0,446.0,486.0,494.0,622.0,631.0,722.0,783.0,841.0,867.0,882.0,891.0,906.0,938.0,962.0,
84.0,85.0,109.0,115.0,208.0,274.0,293.0,324.0,330.0,332.0,342.0,360.0,367.0,376.0,393.0,404.0,433.0,454.0,467.0,467.0,472.0,500.0,
78.0,83.0,111.0,112.0,115.0,128.0,136.0,140.0,158.0,189.0,208.0,213.0,216.0,266.0,275.0,288.0,315.0,319.0,334.0,380.0,443.0,460.0,
32.0,53.0,68.0,113.0,185.0,192.0,193.0,203.0,312.0,312.0,331.0,434.0,452.0,467.0,477.0,
9.0,52.0,62.0,71.0,111.0,203.0,246.0,300.0,367.0,376.0,393.0,423.0,428.0,440.0,444.0,454.0,515.0,670.0,850.0,860.0,909.0,
7.0,33.0,61.0,68.0,69.0,70.0,106.0,129.0,193.0,264.0,267.0,274.0,370.0,375.0,377.0,385.0,422.0,457.0,490.0,496.0,505.0,514.0,553.0,565.0,567.0,589.0,596.0,629.0,665.0,685.0,722.0,733.0,743.0,747.0,753.0,774.0,860.0,878.0,988.0,989.0,
18.0,20.0,88.0,162.0,180.0,182.0,188.0,224.0,225.0,261.0,263.0,320.0,394.0,517.0,562.0,606.0,636.0,636.0,645.0,671.0,692.0,759.0,811.0,814.0,838.0,869.0,906.0,930.0,934.0,946.0,960.0,970.0,976.0,976.0,
14.0,20.0,22.0,108.0,141.0,147.0,221.0,275.0,291.0,324.0,332.0,388.0,505.0,599.0,623.0,626.0,657.0,663.0,680.0,700.0,711.0,723.0,810.0,853.0,857.0,881.0,908.0,921.0,930.0,946.0,954.0,
3.0,49.0,81.0,94.0,166.0,177.0,213.0,236.0,269.0,271.0,272.0,298.0,323.0,346.0,356.0,423.0,481.0,494.0,547.0,576.0,605.0,610.0,644.0,681.0,716.0,728.0,741.0,758.0,764.0,853.0,861.0,909.0,909.0,949.0,960.0,976.0,998.0,
36.0,58.0,63.0,67.0,67.0,110.0,169.0,189.0,211.0,215.0,298.0,314.0,327.0,345.0,355.0,498.0,501.0,562.0,568.0,586.0,610.0,612.0,615.0,637.0,656.0,658.0,660.0,695.0,719.0,735.0,750.0,770.0,796.0,800.0,805.0,849.0,923.0,941.0,964.0,
45.0,59.0,179.0,180.0,184.0,194.0,239.0,272.0,279.0,289.0,322.0,325.0,339.0,356.0,367.0,372.0,379.0,447.0,454.0,561.0,562.0,606.0,636.0,676.0,680.0,693.0,707.0,709.0,714.0,774.0,775.0,779.0,786.0,792.0,821.0,867.0,890.0,897.0,899.0,905.0,920.0,947.0,955.0,962.0,964.0,
11.0,22.0,37.0,39.0,42.0,46.0,61.0,79.0,82.0,122.0,128.0,147.0,180.0,185.0,241.0,255.0,272.0,282.0,282.0,296.0,342.0,350.0,433.0,447.0,456.0,460.0,488.0,523.0,614.0,666.0,672.0,700.0,760.0,761.0,774.0,806.0,814.0,821.0,843.0,922.0,952.0,981.0,994.0,
48.0,66.0,80.0,108.0,120.0,164.0,167.0,170.0,181.0,206.0,224.0,225.0,230.0,240.0,267.0,337.0,380.0,394.0,457.0,464.0,477.0,497.0,511.0,520.0,548.0,556.0,574.0,586.0,606.0,619.0,631.0,633.0,635.0,646.0,666.0,689.0,746.0,782.0,787.0,793.0,844.0,864.0,907.0,949.0,988.0,1000.0,
56.0,104.0,140.0,206.0,236.0,264.0,337.0,342.0,358.0,442.0,466.0,503.0,516.0,607.0,611.0,615.0,616.0,623.0,645.0,675.0,676.0,689.0,693.0,741.0,765.0,766.0,772.0,776.0,801.0,804.0,805.0,821.0,856.0,897.0,920.0,921.0,945.0,975.0,993.0,
29.0,43.0,83.0,121.0,165.0,177.0,184.0,211.0,269.0,311.0,356.0,385.0,395.0,412.0,416.0,429.0,446.0,464.0,489.0,528.0,544.0,561.0,567.0,593.0,614.0,641.0,715.0,753.0,775.0,782.0,812.0,812.0,829.0,830.0,846.0,868.0,878.0,887.0,888.0,905.0,971.0,
7.0,81.0,112.0,186.0,206.0,222.0,251.0,257.0,273.0,285.0,292.0,297.0,398.0,467.0,564.0,573.0,659.0,714.0,724.0,752.0,798.0,839.0,846.0,895.0,911.0,918.0,945.0,
37.0,85.0,88.0,101.0,114.0,129.0,159.0,181.0,228.0,258.0,269.0,344.0,407.0,473.0,488.0,490.0,501.0,537.0,572.0,573.0,576.0,708.0,733.0,735.0,798.0,861.0,903.0,945.0,990.0,999.0,
