5.0,128.0,162.0,174.0,177.0,187.0,196.0,201.0,251.0,286.0,299.0,308.0,320.0,324.0,326.0,328.0,331.0,352.0,380.0,393.0,418.0,454.0,458.0,458.0,461.0,473.0,473.0,474.0,480.0,548.0,588.0,623.0,633.0,738.0,761.0,775.0,786.0,820.0,843.0,905.0,934.0,978.0,996.0,
17.0,109.0,121.0,153.0,274.0,287.0,290.0,295.0,383.0,425.0,426.0,465.0,490.0,497.0,524.0,568.0,578.0,601.0,627.0,652.0,664.0,669.0,708.0,719.0,725.0,729.0,738.0,758.0,772.0,785.0,788.0,825.0,849.0,858.0,927.0,933.0,
9.0,21.0,28.0,39.0,44.0,83.0,90.0,90.0,92.0,109.0,135.0,197.0,205.0,220.0,280.0,280.0,349.0,353.0,372.0,388.0,406.0,408.0,420.0,469.0,481.0,521.0,559.0,605.0,616.0,637.0,649.0,683.0,688.0,708.0,751.0,788.0,788.0,803.0,809.0,823.0,857.0,870.0,915.0,935.0,978.0,
16.0,33.0,54.0,67.0,78.0,96.0,128.0,196.0,233.0,245.0,268.0,287.0,314.0,342.0,367.0,367.0,371.0,377.0,383.0,406.0,422.0,430.0,431.0,432.0,460.0,468.0,473.0,524.0,568.0,589.0,595.0,596.0,630.0,646.0,655.0,668.0,694.0,700.0,701.0,764.0,835.0,861.0,880.0,884.0,971.0,983.0,993.0,
8.0,83.0,148.0,353.0,365.0,395.0,438.0,460.0,510.0,520.0,556.0,589.0,596.0,631.0,645.0,688.0,707.0,716.0,720.0,775.0,801.0,823.0,828.0,877.0,927.0,967.0,987.0,
9.0,65.0,67.0,155.0,163.0,163.0,222.0,249.0,265.0,300.0,305.0,356.0,377.0,385.0,395.0,399.0,408.0,430.0,463.0,480.0,488.0,498.0,550.0,587.0,590.0,637.0,644.0,648.0,654.0,670.0,679.0,712.0,736.0,738.0,812.0,815.0,843.0,851.0,903.0,915.0,932.0,966.0,
60.0,92.0,124.0,135.0,148.0,159.0,165.0,178.0,256.0,264.0,277.0,299.0,373.0,394.0,405.0,410.0,415.0,461.0,476.0,498.0,522.0,533.0,569.0,577.0,578.0,618.0,716.0,762.0,816.0,817.0,827.0,836.0,869.0,872.0,930.0,
22.0,24.0,36.0,38.0,54.0,71.0,82.0,90.0,107.0,181.0,191.0,222.0,224.0,269.0,277.0,322.0,333.0,367.0,402.0,451.0,454.0,494.0,506.0,508.0,540.0,552.0,654.0,657.0,660.0,669.0,713.0,734.0,806.0,876.0,876.0,881.0,893.0,898.0,941.0,950.0,959.0,999.0,
134.0,150.0,152.0,166.0,196.0,197.0,207.0,216.0,262.0,345.0,378.0,389.0,417.0,418.0,435.0,463.0,506.0,538.0,546.0,551.0,559.0,624.0,634.0,652.0,742.0,760.0,765.0,780.0,784.0,803.0,837.0,851.0,865.0,890.0,995.0,
12.0,24.0,29.0,35.0,41.0,76.0,85.0,90.0,103.0,150.0,166.0,214.0,295.0,329.0,343.0,348.0,479.0,524.0,540.0,543.0,548.0,560.0,607.0,664.0,674.0,716.0,735.0,837.0,850.0,891.0,895.0,909.0,923.0,
67.0,76.0,86.0,110.0,127.0,151.0,206.0,211.0,238.0,276.0,331.0,333.0,341.0,359.0,378.0,424.0,426.0,452.0,476.0,547.0,555.0,660.0,672.0,695.0,706.0,709.0,715.0,757.0,796.0,797.0,830.0,834.0,853.0,926.0,935.0,961.0,962.0,979.0,982.0,
7.0,20.0,23.0,24.0,46.0,71.0,83.0,96.0,261.0,289.0,332.0,375.0,400.0,402.0,404.0,429.0,442.0,446.0,463.0,524.0,540.0,565.0,607.0,650.0,679.0,709.0,718.0,721.0,743.0,755.0,759.0,771.0,812.0,812.0,832.0,870.0,978.0,997.0,
20.0,26.0,38.0,66.0,104.0,165.0,192.0,204.0,205.0,219.0,227.0,365.0,424.0,466.0,472.0,506.0,521.0,550.0,554.0,556.0,566.0,598.0,600.0,601.0,602.0,609.0,654.0,674.0,690.0,725.0,740.0,830.0,843.0,909.0,920.0,921.0,967.0,968.0,
24.0,55.0,77.0,88.0,94.0,112.0,117.0,132.0,210.0,219.0,270.0,288.0,299.0,324.0,334.0,364.0,370.0,386.0,412.0,439.0,447.0,456.0,483.0,488.0,488.0,512.0,576.0,633.0,648.0,679.0,723.0,767.0,771.0,773.0,829.0,831.0,865.0,878.0,901.0,906.0,946.0,972.0,975.0,981.0,996.0,1000.0,
136.0,154.0,158.0,158.0,193.0,234.0,256.0,282.0,300.0,321.0,366.0,377.0,435.0,457.0,514.0,518.0,628.0,635.0,683.0,695.0,696.0,705.0,722.0,806.0,822.0,827.0,886.0,913.0,939.0,984.0,987.0,
2.0,15.0,30.0,51.0,110.0,130.0,204.0,207.0,241.0,247.0,249.0,282.0,337.0,361.0,374.0,398.0,455.0,456.0,469.0,481.0,491.0,508.0,530.0,782.0,832.0,874.0,881.0,881.0,947.0,956.0,976.0,
31.0,39.0,56.0,91.0,123.0,141.0,147.0,220.0,221.0,248.0,269.0,351.0,384.0,434.0,540.0,596.0,663.0,683.0,711.0,725.0,726.0,727.0,745.0,746.0,757.0,803.0,833.0,838.0,876.0,905.0,931.0,937.0,937.0,946.0,960.0,976.0,
21.0,21.0,57.0,99.0,166.0,194.0,238.0,244.0,282.0,284.0,331.0,332.0,350.0,354.0,369.0,373.0,387.0,400.0,420.0,434.0,483.0,555.0,607.0,649.0,706.0,707.0,711.0,757.0,763.0,775.0,798.0,883.0,912.0,954.0,985.0,
6.0,17.0,33.0,33.0,73.0,103.0,120.0,135.0,160.0,171.0,172.0,218.0,263.0,293.0,298.0,316.0,404.0,445.0,470.0,471.0,542.0,557.0,559.0,577.0,581.0,586.0,601.0,653.0,688.0,688.0,691.0,735.0,774.0,785.0,826.0,836.0,848.0,935.0,967.0,998.0,
29.0,31.0,33.0,50.0,53.0,81.0,92.0,112.0,112.0,136.0,141.0,142.0,193.0,198.0,199.0,205.0,235.0,242.0,253.0,264.0,297.0,318.0,348.0,379.0,391.0,422.0,543.0,698.0,723.0,757.0,774.0,804.0,820.0,824.0,832.0,851.0,867.0,870.0,895.0,930.0,
26.0,56.0,65.0,71.0,88.0,98.0,113.0,114.0,120.0,121.0,160.0,215.0,261.0,262.0,290.0,290.0,310.0,323.0,372.0,385.0,399.0,428.0,429.0,432.0,522.0,536.0,538.0,601.0,608.0,608.0,664.0,676.0,718.0,735.0,834.0,868.0,911.0,948.0,962.0,966.0,991.0,997.0,
31.0,33.0,41.0,47.0,83.0,96.0,151.0,195.0,233.0,255.0,277.0,299.0,302.0,351.0,393.0,559.0,565.0,613.0,621.0,628.0,641.0,721.0,722.0,727.0,734.0,822.0,823.0,824.0,872.0,940.0,946.0,953.0,964.0,
6.0,36.0,44.0,92.0,175.0,235.0,283.0,298.0,299.0,346.0,351.0,537.0,551.0,554.0,564.0,575.0,592.0,603.0,648.0,651.0,761.0,769.0,795.0,796.0,797.0,819.0,833.0,843.0,884.0,889.0,895.0,901.0,918.0,939.0,
20.0,35.0,37.0,50.0,100.0,117.0,227.0,231.0,242.0,246.0,250.0,271.0,273.0,330.0,330.0,402.0,419.0,459.0,495.0,535.0,550.0,565.0,574.0,578.0,595.0,636.0,647.0,782.0,787.0,820.0,834.0,853.0,868.0,874.0,883.0,900.0,902.0,912.0,926.0,969.0,984.0,
15.0,24.0,56.0,56.0,60.0,76.0,84.0,161.0,168.0,249.0,275.0,317.0,339.0,358.0,363.0,440.0,486.0,513.0,622.0,629.0,639.0,639.0,640.0,657.0,676.0,680.0,682.0,697.0,700.0,713.0,719.0,722.0,731.0,800.0,802.0,810.0,840.0,859.0,871.0,918.0,927.0,953.0,967.0,972.0,
5.0,17.0,22.0,82.0,93.0,100.0,104.0,110.0,116.0,116.0,120.0,125.0,163.0,210.0,273.0,300.0,354.0,367.0,395.0,440.0,479.0,535.0,564.0,588.0,603.0,684.0,719.0,758.0,808.0,813.0,827.0,833.0,864.0,951.0,962.0,982.0,988.0,990.0,999.0,1000.0,
2.0,21.0,49.0,80.0,89.0,147.0,158.0,180.0,238.0,243.0,247.0,253.0,279.0,303.0,313.0,333.0,355.0,360.0,367.0,376.0,397.0,417.0,417.0,455.0,495.0,590.0,613.0,631.0,634.0,700.0,709.0,719.0,722.0,763.0,825.0,840.0,853.0,856.0,858.0,933.0,975.0,
7.0,54.0,75.0,82.0,153.0,155.0,171.0,184.0,262.0,287.0,311.0,347.0,358.0,361.0,371.0,380.0,415.0,422.0,445.0,467.0,479.0,517.0,521.0,529.0,555.0,574.0,576.0,580.0,580.0,611.0,643.0,683.0,689.0,693.0,722.0,737.0,752.0,759.0,809.0,816.0,823.0,925.0,956.0,991.0,996.0,
57.0,74.0,75.0,105.0,140.0,166.0,198.0,220.0,245.0,265.0,295.0,319.0,348.0,375.0,379.0,412.0,449.0,459.0,534.0,542.0,577.0,592.0,603.0,613.0,623.0,645.0,658.0,663.0,693.0,735.0,761.0,765.0,830.0,841.0,899.0,910.0,912.0,933.0,967.0,991.0,
37.0,82.0,123.0,125.0,146.0,204.0,205.0,221.0,232.0,256.0,322.0,364.0,374.0,475.0,476.0,479.0,494.0,504.0,509.0,518.0,537.0,560.0,614.0,617.0,697.0,726.0,734.0,754.0,823.0,900.0,903.0,914.0,930.0,949.0,966.0,970.0,1000.0,
52.0,72.0,89.0,204.0,231.0,235.0,267.0,308.0,348.0,358.0,362.0,375.0,384.0,390.0,455.0,462.0,503.0,508.0,518.0,544.0,555.0,593.0,632.0,647.0,647.0,680.0,730.0,743.0,800.0,815.0,816.0,845.0,884.0,897.0,916.0,918.0,923.0,944.0,987.0,
5.0,6.0,12.0,81.0,82.0,99.0,104.0,124.0,134.0,179.0,274.0,293.0,325.0,329.0,368.0,376.0,476.0,488.0,531.0,540.0,569.0,576.0,601.0,603.0,608.0,618.0,655.0,681.0,762.0,765.0,844.0,900.0,913.0,916.0,976.0,
26.0,51.0,64.0,67.0,69.0,87.0,106.0,170.0,200.0,228.0,229.0,243.0,287.0,338.0,346.0,370.0,395.0,404.0,502.0,512.0,539.0,546.0,574.0,606.0,631.0,665.0,690.0,698.0,738.0,794.0,795.0,804.0,815.0,822.0,852.0,908.0,925.0,940.0,968.0,970.0,993.0,995.0,
5.0,31.0,38.0,59.0,76.0,141.0,153.0,174.0,196.0,204.0,222.0,227.0,252.0,253.0,262.0,282.0,288.0,350.0,352.0,362.0,363.0,389.0,406.0,410.0,445.0,450.0,500.0,503.0,511.0,523.0,537.0,555.0,612.0,666.0,682.0,690.0,690.0,702.0,723.0,748.0,777.0,827.0,936.0,937.0,970.0,
40.0,63.0,64.0,66.0,70.0,85.0,117.0,190.0,235.0,268.0,312.0,313.0,319.0,419.0,428.0,446.0,457.0,592.0,649.0,653.0,739.0,766.0,777.0,791.0,831.0,1000.0,
29.0,50.0,62.0,164.0,171.0,185.0,188.0,193.0,229.0,241.0,245.0,246.0,252.0,259.0,284.0,302.0,366.0,384.0,399.0,404.0,451.0,461.0,471.0,572.0,656.0,699.0,702.0,785.0,808.0,814.0,827.0,841.0,879.0,902.0,950.0,966.0,994.0,
5.0,70.0,99.0,113.0,138.0,200.0,203.0,236.0,262.0,326.0,361.0,491.0,510.0,595.0,623.0,633.0,638.0,661.0,736.0,755.0,769.0,786.0,806.0,818.0,849.0,850.0,906.0,911.0,934.0,939.0,988.0,990.0,
9.0,16.0,58.0,76.0,156.0,331.0,353.0,377.0,409.0,421.0,421.0,434.0,461.0,474.0,488.0,499.0,527.0,532.0,542.0,572.0,582.0,629.0,648.0,670.0,732.0,757.0,772.0,790.0,831.0,843.0,852.0,
46.0,70.0,110.0,119.0,135.0,170.0,311.0,378.0,386.0,401.0,415.0,427.0,469.0,470.0,474.0,477.0,490.0,492.0,515.0,548.0,549.0,568.0,578.0,657.0,775.0,805.0,838.0,838.0,839.0,843.0,877.0,878.0,893.0,921.0,926.0,954.0,957.0,980.0,
73.0,75.0,79.0,96.0,176.0,201.0,206.0,264.0,269.0,345.0,387.0,388.0,462.0,478.0,557.0,567.0,585.0,609.0,630.0,680.0,707.0,742.0,770.0,876.0,901.0,928.0,930.0,940.0,942.0,962.0,968.0,
6.0,51.0,103.0,161.0,187.0,237.0,247.0,261.0,308.0,315.0,326.0,370.0,396.0,418.0,462.0,471.0,514.0,530.0,549.0,593.0,627.0,627.0,755.0,760.0,817.0,837.0,842.0,901.0,924.0,994.0,
39.0,79.0,91.0,113.0,184.0,207.0,211.0,234.0,236.0,247.0,278.0,316.0,316.0,360.0,372.0,396.0,399.0,426.0,437.0,451.0,459.0,471.0,486.0,499.0,550.0,613.0,621.0,644.0,650.0,667.0,712.0,723.0,768.0,783.0,818.0,819.0,819.0,821.0,923.0,952.0,968.0,
24.0,41.0,51.0,244.0,273.0,293.0,328.0,378.0,427.0,436.0,457.0,504.0,538.0,563.0,568.0,573.0,581.0,616.0,679.0,682.0,694.0,699.0,702.0,707.0,741.0,773.0,804.0,835.0,848.0,887.0,907.0,912.0,922.0,976.0,
17.0,21.0,80.0,102.0,165.0,190.0,231.0,351.0,502.0,507.0,542.0,548.0,549.0,555.0,559.0,567.0,600.0,619.0,620.0,781.0,881.0,937.0,
6.0,12.0,79.0,90.0,222.0,275.0,331.0,390.0,399.0,416.0,434.0,512.0,523.0,543.0,562.0,624.0,633.0,635.0,675.0,693.0,726.0,733.0,740.0,825.0,866.0,879.0,932.0,938.0,940.0,978.0,
44.0,63.0,99.0,130.0,134.0,198.0,290.0,310.0,321.0,344.0,368.0,411.0,441.0,450.0,466.0,483.0,535.0,537.0,540.0,541.0,560.0,609.0,610.0,641.0,681.0,816.0,860.0,860.0,887.0,894.0,930.0,955.0,979.0,
9.0,18.0,38.0,68.0,70.0,97.0,137.0,184.0,196.0,207.0,271.0,352.0,363.0,416.0,419.0,421.0,446.0,499.0,509.0,576.0,638.0,663.0,704.0,714.0,733.0,736.0,758.0,782.0,804.0,818.0,825.0,908.0,945.0,956.0,965.0,979.0,996.0,
44.0,51.0,71.0,89.0,92.0,137.0,202.0,245.0,254.0,265.0,268.0,291.0,295.0,328.0,348.0,362.0,398.0,412.0,498.0,500.0,516.0,553.0,557.0,573.0,622.0,673.0,681.0,686.0,787.0,870.0,913.0,914.0,920.0,927.0,957.0,975.0,
7.0,53.0,89.0,90.0,169.0,173.0,180.0,189.0,201.0,205.0,217.0,230.0,265.0,323.0,331.0,440.0,557.0,576.0,606.0,615.0,674.0,719.0,753.0,774.0,785.0,799.0,836.0,843.0,863.0,889.0,903.0,928.0,935.0,945.0,971.0,977.0,
11.0,28.0,106.0,129.0,154.0,158.0,195.0,251.0,255.0,313.0,373.0,375.0,377.0,450.0,474.0,513.0,524.0,548.0,551.0,577.0,586.0,679.0,700.0,701.0,729.0,742.0,757.0,763.0,765.0,822.0,836.0,848.0,868.0,897.0,897.0,907.0,952.0,966.0,
11.0,30.0,48.0,90.0,98.0,125.0,133.0,139.0,143.0,173.0,185.0,237.0,265.0,345.0,349.0,372.0,436.0,554.0,600.0,643.0,695.0,701.0,724.0,732.0,735.0,759.0,819.0,829.0,848.0,889.0,911.0,931.0,931.0,994.0,
33.0,37.0,91.0,144.0,190.0,216.0,238.0,258.0,263.0,300.0,313.0,318.0,324.0,330.0,336.0,340.0,341.0,414.0,488.0,527.0,572.0,577.0,619.0,623.0,624.0,650.0,661.0,695.0,745.0,787.0,878.0,882.0,898.0,905.0,924.0,
6.0,36.0,111.0,120.0,127.0,136.0,167.0,170.0,205.0,252.0,284.0,323.0,333.0,365.0,370.0,383.0,401.0,407.0,416.0,432.0,445.0,459.0,500.0,582.0,683.0,701.0,790.0,792.0,802.0,862.0,878.0,884.0,939.0,949.0,979.0,979.0,989.0,999.0,
27.0,41.0,43.0,58.0,59.0,64.0,64.0,75.0,92.0,102.0,118.0,169.0,178.0,247.0,368.0,398.0,552.0,651.0,695.0,696.0,703.0,733.0,734.0,741.0,763.0,780.0,782.0,799.0,809.0,817.0,833.0,847.0,883.0,912.0,934.0,943.0,943.0,
54.0,88.0,98.0,101.0,111.0,116.0,152.0,156.0,159.0,178.0,219.0,273.0,275.0,322.0,338.0,355.0,377.0,379.0,384.0,394.0,395.0,423.0,434.0,462.0,493.0,516.0,531.0,560.0,625.0,627.0,700.0,709.0,749.0,766.0,791.0,799.0,827.0,868.0,872.0,893.0,923.0,968.0,983.0,999.0,
18.0,30.0,37.0,96.0,167.0,182.0,226.0,262.0,270.0,291.0,316.0,320.0,337.0,340.0,342.0,353.0,364.0,398.0,487.0,508.0,532.0,533.0,538.0,538.0,559.0,576.0,579.0,581.0,584.0,584.0,589.0,600.0,600.0,629.0,633.0,636.0,638.0,684.0,692.0,716.0,740.0,751.0,754.0,795.0,804.0,804.0,849.0,857.0,858.0,861.0,866.0,867.0,871.0,885.0,909.0,916.0,922.0,954.0,964.0,987.0,995.0,999.0,
14.0,41.0,47.0,62.0,88.0,145.0,170.0,197.0,210.0,214.0,223.0,224.0,261.0,268.0,270.0,281.0,310.0,324.0,325.0,326.0,401.0,498.0,500.0,506.0,590.0,593.0,676.0,710.0,711.0,755.0,795.0,844.0,850.0,864.0,903.0,917.0,918.0,927.0,939.0,988.0,992.0,
18.0,36.0,39.0,53.0,64.0,78.0,111.0,163.0,173.0,180.0,231.0,256.0,344.0,352.0,477.0,480.0,503.0,521.0,527.0,542.0,584.0,604.0,611.0,658.0,664.0,787.0,809.0,840.0,850.0,
32.0,87.0,93.0,104.0,112.0,129.0,180.0,235.0,235.0,276.0,334.0,340.0,406.0,414.0,444.0,464.0,474.0,496.0,515.0,527.0,581.0,698.0,778.0,803.0,825.0,829.0,850.0,908.0,938.0,946.0,955.0,965.0,
52.0,62.0,62.0,103.0,114.0,115.0,136.0,144.0,174.0,182.0,256.0,267.0,271.0,275.0,276.0,392.0,424.0,459.0,498.0,504.0,531.0,539.0,550.0,557.0,563.0,573.0,586.0,595.0,599.0,635.0,667.0,669.0,738.0,743.0,834.0,884.0,903.0,951.0,977.0,992.0,
29.0,36.0,60.0,77.0,78.0,180.0,238.0,244.0,289.0,449.0,473.0,496.0,500.0,504.0,514.0,547.0,551.0,590.0,667.0,680.0,683.0,746.0,796.0,797.0,800.0,811.0,836.0,887.0,898.0,916.0,981.0,995.0,998.0,
18.0,96.0,99.0,259.0,271.0,322.0,328.0,345.0,350.0,362.0,371.0,379.0,439.0,467.0,477.0,510.0,515.0,549.0,551.0,561.0,578.0,600.0,617.0,705.0,798.0,847.0,868.0,954.0,980.0,980.0,980.0,
33.0,48.0,174.0,193.0,294.0,351.0,363.0,409.0,425.0,449.0,450.0,452.0,458.0,460.0,462.0,462.0,524.0,529.0,593.0,600.0,606.0,619.0,632.0,656.0,705.0,798.0,799.0,804.0,880.0,
13.0,61.0,105.0,108.0,161.0,196.0,265.0,336.0,383.0,387.0,433.0,471.0,506.0,524.0,553.0,572.0,583.0,588.0,589.0,615.0,655.0,710.0,744.0,751.0,817.0,829.0,837.0,867.0,894.0,910.0,929.0,938.0,
26.0,124.0,139.0,145.0,166.0,175.0,185.0,219.0,262.0,264.0,278.0,420.0,446.0,462.0,468.0,490.0,512.0,516.0,531.0,547.0,557.0,570.0,571.0,585.0,689.0,719.0,734.0,745.0,759.0,761.0,773.0,853.0,865.0,869.0,895.0,900.0,945.0,976.0,993.0,
102.0,149.0,178.0,201.0,271.0,273.0,339.0,371.0,443.0,457.0,489.0,559.0,586.0,587.0,622.0,634.0,672.0,682.0,692.0,721.0,740.0,816.0,837.0,940.0,942.0,964.0,
43.0,74.0,75.0,95.0,157.0,157.0,182.0,191.0,199.0,200.0,285.0,309.0,343.0,363.0,369.0,371.0,421.0,443.0,458.0,513.0,549.0,567.0,581.0,591.0,596.0,601.0,608.0,648.0,662.0,710.0,726.0,741.0,749.0,750.0,759.0,784.0,844.0,864.0,876.0,887.0,936.0,979.0,986.0,
18.0,45.0,45.0,76.0,83.0,108.0,111.0,130.0,175.0,199.0,207.0,220.0,286.0,326.0,363.0,386.0,459.0,471.0,490.0,491.0,524.0,526.0,533.0,541.0,616.0,618.0,682.0,732.0,734.0,745.0,753.0,761.0,781.0,800.0,809.0,826.0,847.0,923.0,953.0,963.0,964.0,998.0,
30.0,34.0,37.0,133.0,143.0,145.0,153.0,159.0,178.0,204.0,212.0,227.0,244.0,246.0,264.0,264.0,292.0,319.0,321.0,337.0,346.0,366.0,370.0,370.0,373.0,374.0,376.0,388.0,407.0,451.0,482.0,483.0,530.0,583.0,597.0,634.0,648.0,657.0,663.0,711.0,722.0,730.0,749.0,751.0,759.0,773.0,794.0,829.0,846.0,860.0,864.0,867.0,880.0,927.0,933.0,983.0,
45.0,57.0,86.0,142.0,150.0,178.0,194.0,227.0,229.0,253.0,258.0,323.0,335.0,388.0,437.0,447.0,460.0,541.0,566.0,628.0,644.0,681.0,686.0,696.0,761.0,812.0,814.0,848.0,870.0,926.0,933.0,948.0,955.0,996.0,1000.0,
24.0,55.0,58.0,59.0,89.0,98.0,121.0,155.0,226.0,226.0,234.0,238.0,254.0,352.0,377.0,398.0,425.0,451.0,477.0,479.0,493.0,501.0,518.0,551.0,571.0,604.0,621.0,645.0,688.0,695.0,708.0,743.0,779.0,817.0,908.0,910.0,914.0,925.0,940.0,965.0,
5.0,28.0,51.0,68.0,82.0,101.0,107.0,235.0,246.0,294.0,296.0,308.0,336.0,368.0,391.0,394.0,442.0,468.0,488.0,495.0,497.0,568.0,574.0,590.0,617.0,666.0,670.0,702.0,709.0,750.0,800.0,801.0,803.0,818.0,855.0,900.0,996.0,
5.0,43.0,69.0,82.0,119.0,121.0,145.0,158.0,171.0,222.0,229.0,269.0,279.0,288.0,383.0,398.0,445.0,448.0,487.0,491.0,515.0,523.0,602.0,604.0,624.0,627.0,644.0,725.0,731.0,753.0,789.0,789.0,800.0,806.0,852.0,881.0,913.0,922.0,938.0,961.0,970.0,999.0,1000.0,
19.0,68.0,101.0,124.0,133.0,228.0,273.0,279.0,286.0,301.0,392.0,425.0,472.0,509.0,516.0,538.0,574.0,575.0,585.0,595.0,619.0,628.0,657.0,673.0,681.0,738.0,784.0,796.0,796.0,847.0,878.0,887.0,895.0,929.0,985.0,
3.0,40.0,46.0,75.0,88.0,98.0,107.0,112.0,134.0,170.0,178.0,222.0,275.0,276.0,277.0,286.0,332.0,373.0,393.0,403.0,413.0,425.0,475.0,483.0,502.0,504.0,564.0,589.0,613.0,633.0,647.0,674.0,688.0,690.0,709.0,810.0,914.0,923.0,960.0,964.0,966.0,
4.0,15.0,71.0,79.0,115.0,196.0,209.0,213.0,229.0,244.0,286.0,291.0,303.0,320.0,350.0,363.0,382.0,406.0,433.0,449.0,462.0,511.0,527.0,551.0,604.0,641.0,687.0,691.0,795.0,830.0,833.0,853.0,909.0,959.0,981.0,983.0,
29.0,83.0,112.0,132.0,208.0,220.0,250.0,308.0,374.0,381.0,420.0,438.0,470.0,505.0,518.0,581.0,590.0,672.0,736.0,805.0,840.0,863.0,885.0,922.0,979.0,984.0,
16.0,17.0,100.0,126.0,173.0,210.0,213.0,305.0,358.0,475.0,477.0,488.0,502.0,523.0,528.0,557.0,565.0,567.0,611.0,623.0,633.0,686.0,691.0,734.0,740.0,804.0,843.0,870.0,929.0,955.0,958.0,966.0,
2.0,5.0,65.0,107.0,110.0,136.0,143.0,158.0,217.0,257.0,273.0,286.0,290.0,304.0,349.0,356.0,411.0,516.0,545.0,551.0,563.0,577.0,577.0,605.0,614.0,672.0,709.0,716.0,759.0,768.0,802.0,804.0,890.0,914.0,986.0,996.0,
4.0,14.0,38.0,85.0,116.0,119.0,157.0,161.0,161.0,194.0,204.0,215.0,218.0,241.0,295.0,403.0,473.0,525.0,555.0,578.0,597.0,609.0,623.0,650.0,691.0,734.0,786.0,814.0,824.0,843.0,854.0,869.0,870.0,875.0,888.0,904.0,925.0,928.0,949.0,960.0,972.0,976.0,983.0,983.0,
18.0,41.0,52.0,70.0,90.0,97.0,105.0,105.0,139.0,155.0,170.0,232.0,253.0,264.0,267.0,320.0,320.0,324.0,326.0,333.0,366.0,374.0,388.0,428.0,447.0,458.0,484.0,500.0,551.0,600.0,604.0,621.0,653.0,657.0,667.0,670.0,680.0,684.0,756.0,803.0,831.0,842.0,861.0,881.0,897.0,903.0,905.0,928.0,949.0,951.0,958.0,972.0,973.0,985.0,
46.0,49.0,68.0,84.0,98.0,102.0,108.0,168.0,227.0,249.0,287.0,304.0,307.0,359.0,382.0,428.0,477.0,487.0,516.0,520.0,538.0,554.0,574.0,578.0,590.0,608.0,648.0,670.0,684.0,709.0,713.0,748.0,760.0,790.0,833.0,854.0,871.0,938.0,974.0,
38.0,89.0,113.0,117.0,123.0,128.0,141.0,161.0,171.0,179.0,196.0,199.0,271.0,335.0,340.0,389.0,441.0,454.0,560.0,567.0,577.0,581.0,643.0,658.0,716.0,745.0,810.0,856.0,865.0,884.0,887.0,914.0,945.0,996.0,
2.0,36.0,71.0,72.0,75.0,105.0,150.0,183.0,199.0,201.0,219.0,262.0,289.0,296.0,317.0,321.0,402.0,415.0,427.0,464.0,532.0,534.0,598.0,665.0,691.0,793.0,793.0,810.0,817.0,839.0,879.0,888.0,898.0,914.0,941.0,947.0,949.0,965.0,992.0,
24.0,40.0,124.0,144.0,152.0,183.0,203.0,222.0,272.0,297.0,320.0,346.0,370.0,402.0,425.0,493.0,531.0,539.0,551.0,552.0,590.0,638.0,651.0,654.0,699.0,714.0,772.0,777.0,780.0,801.0,855.0,878.0,927.0,976.0,
4.0,5.0,22.0,23.0,80.0,102.0,130.0,156.0,182.0,182.0,213.0,277.0,328.0,360.0,368.0,378.0,396.0,403.0,431.0,462.0,463.0,511.0,517.0,526.0,527.0,549.0,597.0,628.0,639.0,740.0,803.0,822.0,854.0,856.0,866.0,873.0,891.0,961.0,978.0,992.0,
93.0,146.0,182.0,219.0,220.0,253.0,266.0,284.0,288.0,298.0,307.0,311.0,332.0,343.0,380.0,385.0,424.0,451.0,462.0,503.0,509.0,519.0,536.0,554.0,595.0,600.0,618.0,650.0,653.0,671.0,690.0,718.0,759.0,799.0,801.0,806.0,825.0,847.0,876.0,914.0,
11.0,38.0,139.0,146.0,205.0,207.0,210.0,225.0,227.0,253.0,257.0,313.0,321.0,392.0,398.0,417.0,422.0,510.0,525.0,540.0,551.0,555.0,558.0,561.0,612.0,624.0,674.0,720.0,745.0,763.0,772.0,855.0,873.0,873.0,898.0,960.0,984.0,
120.0,169.0,287.0,290.0,301.0,341.0,368.0,433.0,448.0,510.0,537.0,557.0,600.0,616.0,616.0,626.0,640.0,651.0,689.0,720.0,730.0,750.0,757.0,759.0,822.0,831.0,856.0,868.0,927.0,944.0,945.0,
44.0,83.0,135.0,284.0,319.0,323.0,397.0,407.0,425.0,451.0,464.0,527.0,558.0,618.0,691.0,708.0,737.0,748.0,773.0,832.0,839.0,841.0,852.0,877.0,889.0,905.0,922.0,959.0,997.0,
53.0,117.0,152.0,163.0,175.0,180.0,233.0,253.0,262.0,289.0,300.0,310.0,367.0,406.0,412.0,473.0,499.0,563.0,573.0,576.0,589.0,615.0,641.0,660.0,682.0,684.0,691.0,697.0,712.0,732.0,764.0,774.0,783.0,793.0,804.0,816.0,820.0,835.0,839.0,844.0,880.0,898.0,899.0,999.0,
43.0,54.0,83.0,109.0,190.0,218.0,230.0,247.0,249.0,262.0,269.0,311.0,354.0,370.0,384.0,435.0,451.0,453.0,456.0,469.0,474.0,492.0,499.0,514.0,523.0,531.0,592.0,639.0,650.0,683.0,685.0,736.0,777.0,791.0,796.0,810.0,844.0,860.0,877.0,881.0,895.0,928.0,
3.0,6.0,15.0,60.0,78.0,110.0,113.0,115.0,155.0,169.0,196.0,277.0,304.0,310.0,313.0,327.0,349.0,367.0,397.0,427.0,452.0,455.0,504.0,550.0,551.0,569.0,631.0,633.0,635.0,671.0,725.0,798.0,830.0,849.0,854.0,854.0,870.0,908.0,945.0,966.0,967.0,970.0,980.0,997.0,
11.0,43.0,125.0,168.0,171.0,172.0,181.0,189.0,261.0,300.0,322.0,361.0,368.0,383.0,407.0,421.0,440.0,442.0,442.0,470.0,481.0,513.0,531.0,544.0,567.0,570.0,595.0,607.0,658.0,670.0,690.0,767.0,818.0,822.0,843.0,853.0,857.0,957.0,970.0,978.0,989.0,
10.0,56.0,73.0,95.0,97.0,123.0,124.0,142.0,151.0,152.0,221.0,236.0,254.0,257.0,287.0,310.0,324.0,343.0,384.0,390.0,395.0,449.0,548.0,566.0,619.0,622.0,631.0,651.0,657.0,676.0,681.0,752.0,772.0,773.0,774.0,835.0,847.0,888.0,894.0,954.0,979.0,984.0,998.0,
7.0,11.0,75.0,78.0,88.0,111.0,227.0,236.0,349.0,349.0,359.0,370.0,412.0,415.0,429.0,457.0,464.0,478.0,481.0,521.0,527.0,559.0,560.0,568.0,568.0,604.0,612.0,618.0,642.0,647.0,651.0,738.0,772.0,778.0,1000.0,
11.0,37.0,75.0,102.0,115.0,126.0,163.0,214.0,243.0,247.0,369.0,386.0,437.0,447.0,476.0,489.0,494.0,541.0,580.0,597.0,638.0,669.0,726.0,750.0,763.0,772.0,774.0,775.0,800.0,803.0,928.0,942.0,951.0,956.0,978.0,
22.0,33.0,62.0,73.0,81.0,93.0,99.0,137.0,163.0,195.0,200.0,232.0,252.0,285.0,305.0,323.0,326.0,352.0,361.0,369.0,383.0,417.0,456.0,482.0,502.0,555.0,564.0,567.0,574.0,665.0,696.0,699.0,729.0,732.0,762.0,770.0,857.0,866.0,889.0,903.0,918.0,942.0,948.0,973.0,988.0,991.0,
10.0,31.0,118.0,161.0,190.0,235.0,274.0,282.0,388.0,403.0,425.0,427.0,484.0,507.0,546.0,554.0,612.0,645.0,708.0,730.0,739.0,741.0,762.0,839.0,871.0,909.0,910.0,920.0,990.0,999.0,
18.0,43.0,48.0,50.0,77.0,86.0,114.0,128.0,129.0,164.0,198.0,208.0,209.0,209.0,249.0,256.0,269.0,313.0,347.0,394.0,394.0,440.0,459.0,463.0,511.0,609.0,683.0,700.0,701.0,702.0,738.0,797.0,845.0,864.0,872.0,894.0,897.0,906.0,955.0,963.0,
