16.0,18.0,24.0,62.0,75.0,86.0,89.0,129.0,130.0,143.0,156.0,159.0,226.0,248.0,285.0,295.0,309.0,321.0,355.0,371.0,394.0,413.0,424.0,433.0,463.0,521.0,665.0,679.0,691.0,694.0,713.0,745.0,809.0,817.0,823.0,845.0,851.0,859.0,907.0,932.0,944.0,955.0,969.0,
4.0,23.0,26.0,94.0,187.0,268.0,277.0,300.0,305.0,306.0,320.0,387.0,458.0,582.0,620.0,635.0,635.0,647.0,672.0,694.0,708.0,748.0,762.0,793.0,916.0,960.0,978.0,980.0,980.0,983.0,
18.0,63.0,71.0,137.0,146.0,195.0,197.0,209.0,214.0,230.0,235.0,271.0,301.0,301.0,386.0,408.0,420.0,443.0,457.0,500.0,552.0,590.0,652.0,660.0,681.0,688.0,739.0,766.0,799.0,822.0,845.0,854.0,854.0,889.0,892.0,892.0,899.0,920.0,935.0,952.0,980.0,
81.0,94.0,96.0,104.0,108.0,118.0,153.0,169.0,177.0,199.0,220.0,242.0,254.0,287.0,294.0,329.0,337.0,349.0,387.0,389.0,496.0,500.0,506.0,514.0,548.0,576.0,580.0,613.0,617.0,633.0,649.0,726.0,783.0,789.0,858.0,869.0,920.0,956.0,962.0,
5.0,21.0,64.0,86.0,103.0,136.0,154.0,174.0,226.0,243.0,246.0,268.0,309.0,321.0,360.0,360.0,371.0,373.0,407.0,436.0,448.0,494.0,524.0,606.0,608.0,620.0,679.0,728.0,735.0,739.0,765.0,774.0,817.0,833.0,860.0,862.0,864.0,873.0,903.0,904.0,939.0,943.0,950.0,961.0,968.0,974.0,984.0,
47.0,73.0,78.0,80.0,98.0,103.0,155.0,247.0,249.0,268.0,273.0,290.0,376.0,420.0,422.0,437.0,438.0,454.0,483.0,517.0,540.0,559.0,590.0,596.0,600.0,626.0,632.0,667.0,691.0,698.0,784.0,801.0,809.0,830.0,850.0,856.0,861.0,862.0,931.0,957.0,969.0,971.0,980.0,
93.0,101.0,135.0,181.0,183.0,203.0,221.0,228.0,236.0,242.0,244.0,286.0,296.0,316.0,370.0,400.0,401.0,408.0,470.0,472.0,606.0,615.0,648.0,650.0,710.0,712.0,770.0,773.0,783.0,821.0,825.0,863.0,894.0,900.0,901.0,917.0,935.0,950.0,961.0,970.0,
7.0,56.0,79.0,86.0,129.0,147.0,175.0,211.0,270.0,276.0,291.0,327.0,351.0,381.0,383.0,416.0,440.0,450.0,473.0,485.0,514.0,525.0,560.0,575.0,598.0,706.0,708.0,747.0,754.0,785.0,785.0,814.0,837.0,883.0,904.0,942.0,967.0,974.0,
36.0,62.0,101.0,125.0,129.0,130.0,146.0,171.0,172.0,190.0,232.0,246.0,302.0,328.0,338.0,437.0,549.0,581.0,582.0,597.0,631.0,632.0,638.0,669.0,679.0,689.0,692.0,741.0,893.0,960.0,
3.0,27.0,68.0,95.0,103.0,144.0,165.0,189.0,227.0,235.0,238.0,295.0,342.0,358.0,426.0,447.0,450.0,455.0,459.0,470.0,495.0,524.0,530.0,537.0,562.0,580.0,625.0,633.0,636.0,857.0,875.0,881.0,885.0,894.0,
9.0,18.0,35.0,41.0,57.0,59.0,65.0,71.0,147.0,266.0,274.0,324.0,340.0,342.0,345.0,369.0,370.0,397.0,444.0,446.0,449.0,487.0,530.0,546.0,599.0,626.0,643.0,659.0,679.0,683.0,685.0,704.0,733.0,736.0,769.0,801.0,801.0,841.0,878.0,898.0,973.0,
76.0,119.0,147.0,162.0,170.0,329.0,348.0,382.0,389.0,445.0,462.0,483.0,502.0,517.0,553.0,588.0,596.0,643.0,647.0,654.0,699.0,748.0,762.0,767.0,773.0,792.0,813.0,830.0,837.0,885.0,900.0,944.0,970.0,974.0,980.0,
45.0,58.0,81.0,135.0,195.0,200.0,209.0,256.0,264.0,269.0,284.0,287.0,304.0,356.0,367.0,376.0,385.0,404.0,417.0,440.0,443.0,460.0,474.0,475.0,476.0,504.0,522.0,583.0,618.0,641.0,682.0,730.0,746.0,759.0,775.0,802.0,830.0,833.0,860.0,891.0,901.0,918.0,947.0,961.0,974.0,983.0,
11.0,27.0,88.0,97.0,121.0,142.0,182.0,302.0,303.0,310.0,345.0,394.0,401.0,401.0,451.0,488.0,498.0,504.0,511.0,517.0,527.0,555.0,566.0,615.0,622.0,704.0,708.0,727.0,732.0,746.0,779.0,811.0,830.0,850.0,900.0,964.0,967.0,986.0,
28.0,80.0,132.0,156.0,186.0,213.0,229.0,239.0,256.0,265.0,267.0,367.0,374.0,382.0,396.0,439.0,539.0,541.0,570.0,574.0,621.0,637.0,658.0,710.0,749.0,805.0,817.0,819.0,820.0,883.0,923.0,925.0,979.0,
53.0,57.0,90.0,92.0,93.0,150.0,182.0,220.0,235.0,262.0,283.0,303.0,311.0,315.0,345.0,405.0,412.0,438.0,459.0,482.0,491.0,592.0,603.0,613.0,613.0,675.0,705.0,707.0,714.0,726.0,763.0,809.0,829.0,846.0,850.0,870.0,912.0,
36.0,44.0,54.0,74.0,74.0,85.0,111.0,131.0,168.0,204.0,225.0,248.0,261.0,301.0,305.0,379.0,451.0,482.0,511.0,520.0,525.0,572.0,592.0,666.0,706.0,754.0,772.0,815.0,829.0,851.0,889.0,894.0,911.0,957.0,981.0,
21.0,75.0,147.0,213.0,214.0,240.0,291.0,311.0,344.0,371.0,390.0,410.0,414.0,434.0,486.0,546.0,553.0,721.0,742.0,775.0,860.0,871.0,892.0,896.0,
9.0,53.0,56.0,60.0,125.0,127.0,134.0,138.0,176.0,289.0,295.0,316.0,368.0,368.0,393.0,405.0,422.0,502.0,532.0,547.0,574.0,578.0,621.0,696.0,724.0,795.0,826.0,884.0,946.0,
37.0,78.0,91.0,92.0,104.0,138.0,142.0,210.0,226.0,236.0,242.0,269.0,279.0,322.0,327.0,424.0,427.0,461.0,470.0,480.0,487.0,508.0,613.0,629.0,670.0,707.0,769.0,786.0,786.0,793.0,804.0,836.0,856.0,894.0,916.0,
20.0,52.0,69.0,78.0,107.0,130.0,181.0,217.0,229.0,249.0,329.0,395.0,502.0,532.0,579.0,580.0,650.0,671.0,688.0,691.0,707.0,723.0,725.0,754.0,766.0,805.0,869.0,871.0,891.0,897.0,926.0,948.0,
15.0,30.0,43.0,72.0,88.0,107.0,175.0,200.0,251.0,309.0,322.0,373.0,375.0,392.0,412.0,428.0,473.0,478.0,493.0,500.0,550.0,613.0,617.0,664.0,670.0,722.0,757.0,767.0,773.0,779.0,779.0,800.0,806.0,843.0,916.0,920.0,947.0,
54.0,64.0,85.0,113.0,317.0,342.0,360.0,420.0,428.0,490.0,494.0,598.0,621.0,629.0,655.0,665.0,674.0,699.0,704.0,709.0,714.0,743.0,749.0,774.0,805.0,807.0,834.0,844.0,914.0,975.0,987.0,994.0,
25.0,32.0,42.0,53.0,69.0,115.0,117.0,128.0,156.0,180.0,188.0,226.0,232.0,292.0,299.0,349.0,386.0,419.0,433.0,456.0,459.0,482.0,490.0,511.0,521.0,544.0,556.0,578.0,582.0,769.0,831.0,848.0,937.0,949.0,967.0,968.0,
4.0,20.0,55.0,63.0,107.0,161.0,168.0,185.0,190.0,210.0,222.0,247.0,326.0,354.0,357.0,374.0,386.0,445.0,452.0,538.0,568.0,569.0,571.0,594.0,622.0,628.0,703.0,737.0,808.0,838.0,943.0,950.0,959.0,980.0,
12.0,20.0,54.0,57.0,65.0,100.0,104.0,143.0,203.0,224.0,270.0,353.0,360.0,370.0,379.0,394.0,424.0,438.0,573.0,575.0,702.0,723.0,772.0,773.0,780.0,795.0,796.0,798.0,811.0,824.0,827.0,858.0,906.0,920.0,932.0,940.0,944.0,969.0,
8.0,29.0,36.0,37.0,107.0,132.0,152.0,191.0,192.0,225.0,264.0,307.0,329.0,342.0,380.0,429.0,454.0,502.0,505.0,565.0,583.0,625.0,625.0,686.0,708.0,742.0,775.0,796.0,872.0,874.0,884.0,906.0,956.0,975.0,
35.0,37.0,42.0,49.0,103.0,147.0,154.0,162.0,165.0,179.0,227.0,259.0,267.0,313.0,348.0,427.0,494.0,503.0,580.0,619.0,646.0,673.0,680.0,697.0,706.0,716.0,744.0,744.0,763.0,819.0,881.0,944.0,984.0,
64.0,128.0,155.0,178.0,215.0,256.0,300.0,313.0,338.0,371.0,379.0,385.0,387.0,423.0,425.0,445.0,462.0,488.0,523.0,537.0,564.0,578.0,649.0,658.0,687.0,806.0,812.0,904.0,915.0,918.0,937.0,971.0,
16.0,81.0,88.0,149.0,158.0,238.0,248.0,267.0,271.0,319.0,409.0,434.0,440.0,479.0,483.0,484.0,499.0,552.0,574.0,581.0,583.0,583.0,605.0,636.0,667.0,680.0,719.0,763.0,775.0,777.0,786.0,812.0,888.0,927.0,931.0,995.0,996.0,
11.0,20.0,48.0,57.0,93.0,98.0,205.0,212.0,242.0,255.0,259.0,269.0,285.0,345.0,359.0,378.0,381.0,422.0,439.0,474.0,501.0,524.0,534.0,562.0,565.0,577.0,580.0,620.0,647.0,656.0,728.0,795.0,829.0,856.0,882.0,911.0,954.0,962.0,1000.0,
8.0,25.0,43.0,47.0,52.0,79.0,164.0,170.0,196.0,197.0,227.0,286.0,298.0,332.0,333.0,336.0,412.0,428.0,454.0,461.0,463.0,503.0,507.0,552.0,578.0,593.0,630.0,639.0,686.0,728.0,765.0,793.0,862.0,862.0,891.0,900.0,912.0,937.0,
19.0,30.0,61.0,73.0,77.0,115.0,140.0,237.0,240.0,246.0,284.0,346.0,361.0,375.0,399.0,477.0,482.0,486.0,487.0,494.0,611.0,619.0,659.0,692.0,793.0,894.0,899.0,924.0,
36.0,63.0,71.0,113.0,138.0,141.0,173.0,270.0,278.0,282.0,283.0,324.0,362.0,431.0,437.0,470.0,478.0,500.0,506.0,536.0,585.0,674.0,685.0,739.0,768.0,795.0,832.0,882.0,883.0,910.0,940.0,941.0,969.0,974.0,
12.0,39.0,73.0,83.0,123.0,128.0,145.0,176.0,201.0,213.0,240.0,274.0,320.0,371.0,389.0,401.0,428.0,434.0,551.0,557.0,568.0,589.0,590.0,599.0,608.0,655.0,683.0,709.0,739.0,755.0,776.0,777.0,798.0,849.0,874.0,875.0,916.0,964.0,992.0,
32.0,32.0,39.0,43.0,76.0,76.0,111.0,118.0,120.0,146.0,196.0,202.0,229.0,240.0,285.0,298.0,304.0,306.0,386.0,389.0,430.0,464.0,519.0,555.0,556.0,603.0,619.0,636.0,645.0,654.0,662.0,673.0,684.0,688.0,692.0,733.0,758.0,783.0,785.0,840.0,853.0,868.0,908.0,957.0,976.0,
28.0,30.0,42.0,66.0,68.0,89.0,89.0,151.0,177.0,209.0,239.0,282.0,286.0,349.0,359.0,395.0,413.0,424.0,424.0,542.0,560.0,565.0,620.0,639.0,673.0,751.0,766.0,829.0,888.0,894.0,977.0,
23.0,105.0,197.0,335.0,346.0,364.0,394.0,419.0,422.0,435.0,480.0,496.0,529.0,540.0,557.0,570.0,572.0,574.0,615.0,623.0,632.0,661.0,718.0,748.0,750.0,781.0,826.0,853.0,869.0,904.0,915.0,938.0,969.0,978.0,
10.0,21.0,45.0,52.0,83.0,107.0,148.0,161.0,176.0,183.0,188.0,205.0,218.0,276.0,336.0,339.0,369.0,369.0,396.0,433.0,436.0,448.0,476.0,504.0,590.0,644.0,652.0,676.0,682.0,708.0,752.0,769.0,797.0,806.0,841.0,914.0,948.0,957.0,962.0,
4.0,27.0,34.0,57.0,118.0,156.0,277.0,307.0,317.0,332.0,372.0,375.0,389.0,401.0,410.0,436.0,438.0,467.0,542.0,565.0,612.0,637.0,651.0,662.0,676.0,722.0,745.0,749.0,751.0,761.0,772.0,783.0,819.0,826.0,828.0,947.0,969.0,971.0,
32.0,78.0,174.0,232.0,247.0,275.0,283.0,378.0,420.0,425.0,433.0,459.0,495.0,554.0,570.0,604.0,628.0,703.0,749.0,771.0,828.0,828.0,830.0,834.0,908.0,929.0,941.0,976.0,
27.0,39.0,92.0,132.0,163.0,166.0,174.0,183.0,211.0,229.0,232.0,268.0,290.0,295.0,314.0,325.0,350.0,367.0,392.0,428.0,456.0,497.0,506.0,508.0,527.0,531.0,537.0,645.0,657.0,676.0,707.0,837.0,868.0,870.0,887.0,944.0,957.0,985.0,994.0,995.0,1000.0,
31.0,66.0,140.0,264.0,286.0,328.0,342.0,369.0,402.0,403.0,423.0,424.0,491.0,493.0,502.0,547.0,551.0,591.0,596.0,649.0,651.0,697.0,723.0,727.0,765.0,823.0,869.0,881.0,
8.0,67.0,110.0,114.0,136.0,176.0,187.0,198.0,206.0,223.0,275.0,315.0,344.0,394.0,431.0,452.0,468.0,479.0,524.0,528.0,533.0,544.0,595.0,599.0,626.0,643.0,705.0,748.0,794.0,804.0,813.0,820.0,821.0,842.0,849.0,876.0,930.0,938.0,961.0,968.0,
36.0,50.0,65.0,175.0,255.0,324.0,342.0,347.0,366.0,376.0,402.0,412.0,423.0,426.0,520.0,526.0,549.0,575.0,575.0,582.0,583.0,589.0,612.0,628.0,650.0,653.0,663.0,681.0,730.0,737.0,842.0,843.0,849.0,891.0,936.0,948.0,978.0,
81.0,96.0,115.0,118.0,180.0,190.0,210.0,331.0,418.0,468.0,525.0,619.0,650.0,695.0,697.0,711.0,711.0,766.0,779.0,805.0,844.0,845.0,888.0,918.0,959.0,980.0,
5.0,108.0,136.0,170.0,185.0,188.0,240.0,243.0,259.0,261.0,268.0,280.0,297.0,298.0,334.0,414.0,462.0,503.0,509.0,530.0,548.0,556.0,578.0,605.0,607.0,627.0,632.0,762.0,808.0,817.0,817.0,827.0,827.0,839.0,841.0,844.0,853.0,879.0,902.0,912.0,916.0,
18.0,27.0,44.0,54.0,64.0,80.0,90.0,95.0,159.0,173.0,174.0,185.0,262.0,270.0,288.0,329.0,345.0,352.0,363.0,383.0,459.0,476.0,530.0,588.0,595.0,601.0,644.0,738.0,750.0,764.0,768.0,852.0,863.0,880.0,922.0,941.0,965.0,988.0,990.0,
85.0,88.0,141.0,202.0,227.0,245.0,262.0,277.0,311.0,353.0,365.0,431.0,499.0,583.0,590.0,591.0,598.0,598.0,632.0,654.0,687.0,707.0,738.0,756.0,777.0,795.0,821.0,833.0,837.0,849.0,854.0,857.0,884.0,915.0,949.0,963.0,973.0,
21.0,46.0,54.0,70.0,82.0,113.0,179.0,203.0,216.0,242.0,279.0,286.0,307.0,401.0,402.0,433.0,489.0,514.0,576.0,593.0,596.0,631.0,648.0,663.0,668.0,676.0,691.0,712.0,769.0,789.0,814.0,815.0,891.0,898.0,902.0,930.0,1000.0,
37.0,82.0,189.0,192.0,213.0,264.0,287.0,359.0,397.0,406.0,427.0,432.0,433.0,486.0,575.0,606.0,621.0,634.0,655.0,731.0,741.0,785.0,790.0,810.0,889.0,922.0,924.0,
51.0,57.0,74.0,88.0,96.0,98.0,122.0,131.0,252.0,270.0,278.0,295.0,339.0,343.0,396.0,454.0,464.0,555.0,587.0,602.0,807.0,823.0,883.0,935.0,945.0,989.0,
18.0,26.0,64.0,122.0,162.0,185.0,242.0,287.0,289.0,292.0,320.0,374.0,382.0,498.0,502.0,514.0,539.0,580.0,625.0,647.0,663.0,704.0,740.0,748.0,748.0,780.0,782.0,783.0,822.0,879.0,887.0,907.0,945.0,958.0,987.0,
31.0,67.0,115.0,126.0,176.0,195.0,204.0,220.0,245.0,294.0,310.0,338.0,444.0,472.0,533.0,592.0,655.0,663.0,771.0,925.0,969.0,999.0,
11.0,22.0,47.0,106.0,124.0,152.0,167.0,186.0,211.0,212.0,213.0,225.0,242.0,246.0,268.0,299.0,302.0,305.0,323.0,325.0,351.0,458.0,474.0,506.0,513.0,633.0,645.0,678.0,695.0,791.0,869.0,886.0,900.0,918.0,966.0,987.0,990.0,
4.0,22.0,55.0,66.0,94.0,94.0,97.0,121.0,128.0,147.0,191.0,226.0,232.0,260.0,270.0,273.0,316.0,326.0,341.0,343.0,370.0,446.0,510.0,517.0,518.0,526.0,533.0,543.0,562.0,568.0,572.0,619.0,641.0,643.0,682.0,702.0,704.0,706.0,710.0,718.0,720.0,740.0,759.0,763.0,802.0,822.0,823.0,837.0,842.0,858.0,871.0,877.0,891.0,907.0,907.0,934.0,946.0,950.0,952.0,952.0,960.0,980.0,997.0,1000.0,
4.0,41.0,57.0,60.0,73.0,80.0,83.0,118.0,203.0,203.0,224.0,286.0,340.0,371.0,486.0,498.0,508.0,539.0,580.0,625.0,636.0,667.0,669.0,680.0,686.0,686.0,701.0,709.0,722.0,747.0,772.0,784.0,787.0,798.0,834.0,860.0,909.0,925.0,950.0,964.0,968.0,
127.0,128.0,132.0,134.0,149.0,192.0,238.0,250.0,251.0,309.0,314.0,316.0,317.0,317.0,321.0,363.0,376.0,382.0,415.0,426.0,492.0,504.0,514.0,520.0,524.0,538.0,546.0,576.0,580.0,581.0,623.0,700.0,725.0,743.0,783.0,784.0,795.0,815.0,817.0,831.0,857.0,859.0,860.0,865.0,870.0,875.0,912.0,915.0,932.0,953.0,963.0,
94.0,104.0,135.0,142.0,201.0,209.0,228.0,229.0,245.0,253.0,257.0,348.0,397.0,398.0,400.0,429.0,490.0,492.0,506.0,529.0,561.0,563.0,576.0,590.0,592.0,609.0,696.0,703.0,718.0,770.0,808.0,811.0,929.0,
105.0,105.0,121.0,122.0,146.0,159.0,163.0,181.0,187.0,211.0,213.0,247.0,315.0,350.0,417.0,458.0,479.0,502.0,550.0,707.0,745.0,791.0,803.0,808.0,846.0,868.0,874.0,892.0,910.0,928.0,930.0,938.0,960.0,964.0,966.0,970.0,
5.0,16.0,22.0,118.0,147.0,167.0,174.0,205.0,209.0,225.0,255.0,281.0,367.0,368.0,385.0,391.0,410.0,410.0,415.0,457.0,474.0,542.0,544.0,556.0,595.0,621.0,622.0,632.0,655.0,660.0,693.0,699.0,748.0,787.0,803.0,816.0,819.0,829.0,901.0,918.0,982.0,988.0,990.0,
8.0,15.0,79.0,89.0,112.0,131.0,165.0,190.0,283.0,325.0,329.0,333.0,375.0,395.0,518.0,569.0,573.0,588.0,590.0,609.0,612.0,626.0,648.0,694.0,694.0,727.0,764.0,776.0,781.0,822.0,854.0,864.0,867.0,924.0,958.0,
6.0,18.0,31.0,64.0,90.0,99.0,127.0,224.0,246.0,259.0,268.0,282.0,284.0,288.0,292.0,321.0,330.0,349.0,426.0,501.0,518.0,527.0,542.0,552.0,561.0,571.0,616.0,656.0,673.0,689.0,705.0,744.0,756.0,766.0,774.0,776.0,791.0,839.0,841.0,846.0,850.0,852.0,891.0,919.0,932.0,
39.0,49.0,71.0,76.0,83.0,85.0,135.0,147.0,199.0,244.0,260.0,278.0,300.0,317.0,398.0,400.0,410.0,429.0,479.0,488.0,496.0,527.0,670.0,693.0,697.0,704.0,712.0,742.0,752.0,767.0,767.0,783.0,786.0,791.0,830.0,860.0,867.0,870.0,872.0,959.0,
18.0,68.0,92.0,93.0,120.0,134.0,148.0,151.0,170.0,181.0,183.0,199.0,253.0,256.0,270.0,275.0,357.0,365.0,400.0,407.0,435.0,452.0,463.0,507.0,520.0,618.0,629.0,642.0,704.0,725.0,732.0,738.0,742.0,743.0,757.0,788.0,790.0,821.0,837.0,847.0,857.0,873.0,885.0,891.0,905.0,952.0,955.0,
52.0,59.0,65.0,74.0,83.0,88.0,106.0,138.0,177.0,182.0,214.0,257.0,284.0,285.0,299.0,325.0,360.0,363.0,413.0,415.0,424.0,463.0,496.0,518.0,539.0,600.0,623.0,646.0,659.0,668.0,715.0,723.0,738.0,747.0,752.0,755.0,781.0,805.0,814.0,836.0,880.0,898.0,952.0,954.0,962.0,
6.0,26.0,62.0,75.0,82.0,105.0,110.0,120.0,136.0,139.0,155.0,170.0,201.0,219.0,249.0,327.0,330.0,362.0,405.0,445.0,490.0,518.0,556.0,586.0,596.0,610.0,640.0,692.0,694.0,728.0,793.0,906.0,932.0,939.0,954.0,977.0,992.0,
23.0,58.0,58.0,215.0,270.0,275.0,284.0,284.0,291.0,304.0,334.0,361.0,401.0,414.0,450.0,455.0,461.0,473.0,483.0,487.0,495.0,515.0,633.0,662.0,668.0,739.0,761.0,829.0,831.0,832.0,866.0,891.0,905.0,921.0,982.0,
45.0,74.0,95.0,118.0,158.0,174.0,188.0,205.0,247.0,308.0,321.0,330.0,425.0,428.0,436.0,450.0,477.0,488.0,537.0,540.0,547.0,557.0,583.0,652.0,730.0,739.0,815.0,831.0,835.0,889.0,927.0,982.0,990.0,
8.0,11.0,15.0,41.0,46.0,128.0,141.0,149.0,162.0,166.0,193.0,195.0,245.0,292.0,297.0,298.0,337.0,480.0,514.0,520.0,529.0,535.0,657.0,678.0,682.0,697.0,711.0,737.0,774.0,777.0,781.0,802.0,828.0,830.0,847.0,849.0,853.0,857.0,883.0,892.0,911.0,964.0,965.0,969.0,979.0,
36.0,40.0,85.0,99.0,131.0,150.0,180.0,181.0,217.0,220.0,222.0,243.0,248.0,251.0,255.0,314.0,365.0,378.0,380.0,396.0,429.0,439.0,474.0,515.0,532.0,589.0,594.0,714.0,741.0,747.0,778.0,859.0,867.0,899.0,900.0,918.0,935.0,939.0,952.0,954.0,973.0,973.0,977.0,991.0,
2.0,3.0,42.0,72.0,107.0,155.0,188.0,245.0,260.0,268.0,290.0,294.0,298.0,312.0,314.0,430.0,457.0,468.0,484.0,488.0,521.0,536.0,540.0,546.0,596.0,597.0,604.0,617.0,623.0,624.0,663.0,667.0,694.0,694.0,726.0,750.0,754.0,762.0,771.0,774.0,826.0,826.0,845.0,868.0,891.0,903.0,937.0,961.0,969.0,982.0,
17.0,18.0,26.0,26.0,42.0,66.0,71.0,100.0,125.0,141.0,141.0,143.0,169.0,239.0,240.0,247.0,337.0,337.0,391.0,430.0,432.0,506.0,514.0,537.0,582.0,594.0,704.0,714.0,742.0,782.0,806.0,820.0,847.0,894.0,915.0,945.0,949.0,1000.0,1000.0,
36.0,61.0,125.0,133.0,142.0,142.0,172.0,195.0,196.0,254.0,385.0,421.0,437.0,457.0,512.0,514.0,520.0,565.0,629.0,633.0,644.0,645.0,662.0,727.0,759.0,782.0,795.0,806.0,912.0,978.0,978.0,997.0,997.0,
10.0,11.0,18.0,23.0,25.0,32.0,35.0,54.0,61.0,67.0,82.0,94.0,97.0,127.0,141.0,148.0,233.0,266.0,278.0,364.0,368.0,412.0,426.0,497.0,504.0,559.0,561.0,658.0,701.0,705.0,732.0,777.0,855.0,889.0,908.0,916.0,954.0,955.0,956.0,987.0,
130.0,142.0,146.0,156.0,171.0,179.0,267.0,277.0,286.0,297.0,314.0,360.0,390.0,395.0,427.0,430.0,438.0,445.0,488.0,497.0,587.0,616.0,650.0,743.0,750.0,805.0,869.0,879.0,881.0,956.0,995.0,
24.0,43.0,115.0,115.0,148.0,148.0,150.0,151.0,157.0,166.0,178.0,253.0,287.0,311.0,407.0,421.0,426.0,438.0,560.0,565.0,587.0,613.0,613.0,650.0,675.0,686.0,700.0,715.0,719.0,738.0,761.0,804.0,873.0,894.0,914.0,954.0,990.0,
32.0,35.0,57.0,78.0,88.0,92.0,122.0,142.0,167.0,178.0,259.0,279.0,295.0,352.0,371.0,418.0,455.0,459.0,463.0,518.0,629.0,633.0,639.0,671.0,685.0,693.0,705.0,711.0,716.0,732.0,760.0,768.0,777.0,791.0,851.0,891.0,906.0,915.0,970.0,
25.0,35.0,37.0,75.0,84.0,117.0,171.0,184.0,192.0,287.0,289.0,310.0,323.0,351.0,451.0,471.0,495.0,507.0,529.0,556.0,563.0,658.0,727.0,804.0,846.0,857.0,861.0,916.0,922.0,926.0,927.0,985.0,
35.0,47.0,84.0,104.0,118.0,120.0,167.0,206.0,211.0,223.0,247.0,251.0,278.0,393.0,398.0,407.0,433.0,457.0,504.0,559.0,577.0,592.0,623.0,636.0,659.0,700.0,706.0,730.0,746.0,779.0,782.0,786.0,827.0,849.0,877.0,902.0,915.0,917.0,985.0,
21.0,37.0,91.0,111.0,118.0,124.0,138.0,144.0,189.0,208.0,209.0,240.0,241.0,243.0,309.0,314.0,342.0,347.0,363.0,369.0,380.0,408.0,410.0,477.0,485.0,500.0,501.0,514.0,525.0,534.0,550.0,552.0,580.0,586.0,615.0,633.0,653.0,655.0,660.0,668.0,682.0,692.0,692.0,693.0,703.0,729.0,733.0,739.0,744.0,746.0,787.0,793.0,794.0,813.0,827.0,863.0,877.0,878.0,957.0,
32.0,38.0,88.0,96.0,132.0,135.0,139.0,167.0,232.0,240.0,259.0,302.0,324.0,361.0,366.0,368.0,384.0,406.0,406.0,462.0,468.0,538.0,545.0,555.0,561.0,611.0,688.0,705.0,720.0,729.0,736.0,764.0,789.0,830.0,834.0,862.0,873.0,898.0,931.0,991.0,998.0,
2.0,13.0,43.0,44.0,81.0,84.0,103.0,113.0,131.0,135.0,137.0,324.0,329.0,346.0,358.0,373.0,374.0,386.0,393.0,408.0,438.0,457.0,500.0,502.0,511.0,513.0,522.0,525.0,553.0,575.0,575.0,580.0,617.0,643.0,650.0,650.0,677.0,725.0,736.0,801.0,835.0,886.0,886.0,900.0,900.0,938.0,984.0,988.0,
9.0,43.0,103.0,103.0,257.0,287.0,288.0,292.0,295.0,301.0,376.0,384.0,410.0,413.0,425.0,438.0,446.0,491.0,513.0,555.0,583.0,595.0,605.0,684.0,684.0,691.0,836.0,852.0,945.0,967.0,991.0,
29.0,58.0,89.0,147.0,183.0,205.0,216.0,218.0,218.0,230.0,259.0,284.0,300.0,345.0,348.0,357.0,361.0,387.0,468.0,498.0,566.0,588.0,617.0,621.0,652.0,652.0,673.0,677.0,727.0,783.0,794.0,898.0,910.0,912.0,976.0,988.0,989.0,989.0,
36.0,38.0,48.0,81.0,87.0,111.0,135.0,138.0,157.0,162.0,183.0,235.0,309.0,325.0,409.0,413.0,420.0,420.0,433.0,434.0,445.0,458.0,494.0,513.0,667.0,700.0,708.0,731.0,801.0,823.0,851.0,855.0,890.0,907.0,965.0,974.0,982.0,988.0,998.0,
33.0,44.0,49.0,73.0,99.0,130.0,133.0,163.0,176.0,197.0,289.0,336.0,360.0,387.0,390.0,408.0,413.0,427.0,428.0,460.0,466.0,483.0,504.0,542.0,552.0,559.0,598.0,626.0,628.0,635.0,645.0,650.0,675.0,696.0,823.0,833.0,839.0,862.0,890.0,892.0,923.0,956.0,967.0,979.0,984.0,
44.0,67.0,136.0,153.0,184.0,188.0,197.0,215.0,240.0,260.0,302.0,349.0,350.0,352.0,362.0,374.0,412.0,502.0,504.0,513.0,519.0,560.0,615.0,686.0,700.0,706.0,863.0,868.0,886.0,895.0,936.0,950.0,956.0,961.0,972.0,984.0,
89.0,91.0,99.0,113.0,131.0,144.0,166.0,204.0,237.0,240.0,278.0,280.0,339.0,340.0,404.0,429.0,474.0,501.0,505.0,534.0,604.0,608.0,620.0,629.0,634.0,637.0,646.0,665.0,697.0,750.0,876.0,877.0,881.0,886.0,894.0,944.0,949.0,982.0,
16.0,45.0,93.0,112.0,183.0,192.0,233.0,234.0,313.0,329.0,344.0,454.0,489.0,490.0,513.0,566.0,603.0,646.0,694.0,797.0,848.0,880.0,960.0,
17.0,27.0,40.0,90.0,95.0,104.0,211.0,234.0,237.0,258.0,298.0,338.0,340.0,350.0,353.0,361.0,406.0,419.0,465.0,500.0,502.0,511.0,529.0,555.0,568.0,584.0,612.0,642.0,664.0,709.0,725.0,775.0,792.0,828.0,830.0,849.0,857.0,916.0,929.0,955.0,972.0,974.0,977.0,978.0,982.0,
48.0,77.0,81.0,84.0,92.0,128.0,175.0,188.0,208.0,215.0,297.0,320.0,326.0,344.0,351.0,426.0,483.0,502.0,531.0,542.0,563.0,565.0,581.0,585.0,586.0,639.0,675.0,694.0,696.0,710.0,723.0,749.0,785.0,800.0,804.0,836.0,854.0,855.0,953.0,961.0,
104.0,119.0,153.0,183.0,197.0,200.0,226.0,325.0,329.0,401.0,421.0,523.0,576.0,582.0,588.0,603.0,655.0,674.0,675.0,722.0,817.0,818.0,819.0,877.0,917.0,918.0,951.0,978.0,
12.0,18.0,41.0,92.0,97.0,117.0,128.0,130.0,132.0,157.0,165.0,183.0,244.0,257.0,291.0,295.0,310.0,327.0,328.0,370.0,434.0,457.0,551.0,556.0,616.0,629.0,632.0,675.0,688.0,701.0,723.0,744.0,745.0,773.0,849.0,854.0,874.0,910.0,960.0,963.0,
9.0,11.0,13.0,27.0,41.0,57.0,124.0,173.0,180.0,199.0,203.0,237.0,250.0,258.0,289.0,295.0,297.0,326.0,373.0,394.0,411.0,417.0,469.0,476.0,521.0,527.0,559.0,564.0,583.0,618.0,624.0,629.0,643.0,824.0,852.0,906.0,949.0,
9.0,16.0,27.0,40.0,54.0,124.0,137.0,166.0,183.0,212.0,234.0,272.0,292.0,310.0,369.0,376.0,379.0,403.0,412.0,451.0,454.0,471.0,473.0,521.0,530.0,534.0,544.0,593.0,636.0,638.0,638.0,654.0,715.0,726.0,737.0,761.0,819.0,824.0,893.0,922.0,966.0,972.0,996.0,
137.0,170.0,196.0,221.0,251.0,296.0,348.0,396.0,471.0,488.0,510.0,534.0,536.0,541.0,546.0,567.0,585.0,589.0,604.0,617.0,662.0,666.0,687.0,715.0,736.0,756.0,759.0,763.0,782.0,834.0,850.0,922.0,941.0,986.0,
10.0,33.0,102.0,131.0,136.0,163.0,198.0,226.0,336.0,353.0,356.0,369.0,381.0,395.0,493.0,511.0,526.0,566.0,566.0,577.0,587.0,617.0,647.0,699.0,701.0,707.0,722.0,770.0,775.0,855.0,887.0,901.0,911.0,976.0,994.0,
7.0,25.0,47.0,64.0,84.0,96.0,131.0,137.0,169.0,219.0,230.0,276.0,296.0,365.0,374.0,388.0,389.0,434.0,490.0,490.0,534.0,537.0,538.0,562.0,637.0,663.0,688.0,712.0,730.0,732.0,734.0,758.0,776.0,805.0,817.0,819.0,819.0,842.0,844.0,853.0,878.0,931.0,934.0,993.0,
5.0,101.0,118.0,165.0,207.0,212.0,217.0,260.0,263.0,283.0,292.0,297.0,303.0,320.0,326.0,328.0,354.0,356.0,398.0,422.0,423.0,443.0,443.0,464.0,473.0,497.0,518.0,528.0,634.0,643.0,675.0,677.0,685.0,699.0,701.0,701.0,719.0,722.0,815.0,832.0,851.0,868.0,890.0,891.0,924.0,934.0,954.0,958.0,
