14.0,20.0,40.0,42.0,62.0,104.0,128.0,196.0,207.0,277.0,296.0,366.0,369.0,428.0,429.0,461.0,470.0,557.0,565.0,588.0,618.0,635.0,666.0,693.0,693.0,714.0,722.0,739.0,777.0,837.0,875.0,892.0,909.0,930.0,994.0,
89.0,150.0,170.0,198.0,212.0,225.0,226.0,274.0,286.0,441.0,492.0,511.0,556.0,613.0,709.0,730.0,736.0,758.0,769.0,804.0,833.0,903.0,930.0,974.0,
4.0,12.0,118.0,153.0,155.0,155.0,177.0,204.0,238.0,260.0,273.0,292.0,359.0,369.0,388.0,410.0,452.0,472.0,522.0,570.0,654.0,657.0,731.0,740.0,766.0,770.0,805.0,811.0,903.0,911.0,938.0,957.0,964.0,
89.0,149.0,178.0,209.0,261.0,268.0,272.0,289.0,299.0,341.0,344.0,352.0,376.0,395.0,508.0,511.0,536.0,540.0,542.0,592.0,680.0,682.0,738.0,747.0,766.0,791.0,848.0,851.0,868.0,902.0,975.0,
21.0,26.0,38.0,90.0,173.0,178.0,179.0,180.0,192.0,196.0,208.0,237.0,256.0,276.0,365.0,373.0,381.0,441.0,470.0,498.0,534.0,535.0,551.0,590.0,625.0,643.0,663.0,692.0,751.0,837.0,843.0,862.0,869.0,972.0,973.0,
21.0,23.0,24.0,47.0,54.0,54.0,86.0,98.0,105.0,111.0,127.0,143.0,249.0,252.0,261.0,263.0,318.0,361.0,387.0,412.0,426.0,428.0,518.0,519.0,528.0,542.0,547.0,557.0,563.0,594.0,611.0,644.0,677.0,700.0,760.0,791.0,829.0,847.0,867.0,890.0,909.0,935.0,983.0,999.0,
28.0,40.0,41.0,46.0,76.0,96.0,100.0,113.0,131.0,144.0,151.0,184.0,213.0,274.0,295.0,393.0,451.0,464.0,465.0,476.0,481.0,488.0,492.0,497.0,505.0,511.0,511.0,517.0,542.0,550.0,568.0,574.0,584.0,603.0,615.0,617.0,638.0,670.0,684.0,695.0,697.0,770.0,831.0,837.0,897.0,924.0,926.0,944.0,955.0,974.0,995.0,
23.0,38.0,113.0,128.0,147.0,196.0,208.0,212.0,229.0,243.0,244.0,252.0,256.0,324.0,361.0,368.0,388.0,441.0,447.0,469.0,478.0,484.0,510.0,525.0,546.0,583.0,593.0,616.0,668.0,685.0,693.0,717.0,735.0,753.0,780.0,789.0,846.0,895.0,950.0,994.0,997.0,
12.0,32.0,57.0,59.0,75.0,179.0,179.0,237.0,258.0,281.0,297.0,320.0,329.0,405.0,505.0,544.0,590.0,623.0,694.0,702.0,722.0,744.0,750.0,781.0,795.0,909.0,912.0,919.0,935.0,
42.0,74.0,77.0,109.0,122.0,127.0,136.0,154.0,189.0,216.0,224.0,277.0,292.0,303.0,314.0,322.0,347.0,375.0,418.0,419.0,427.0,435.0,461.0,474.0,493.0,507.0,514.0,530.0,555.0,576.0,585.0,619.0,744.0,760.0,827.0,849.0,877.0,900.0,937.0,956.0,
14.0,15.0,15.0,17.0,77.0,86.0,135.0,197.0,241.0,248.0,281.0,284.0,353.0,357.0,401.0,408.0,416.0,458.0,496.0,542.0,546.0,561.0,567.0,591.0,592.0,607.0,637.0,655.0,657.0,676.0,698.0,713.0,752.0,757.0,785.0,816.0,848.0,858.0,865.0,876.0,920.0,934.0,971.0,994.0,
52.0,53.0,99.0,125.0,132.0,189.0,206.0,309.0,331.0,340.0,370.0,389.0,406.0,424.0,435.0,541.0,563.0,641.0,697.0,788.0,801.0,814.0,835.0,860.0,861.0,876.0,916.0,945.0,955.0,
69.0,74.0,79.0,188.0,189.0,239.0,247.0,250.0,254.0,270.0,334.0,401.0,414.0,430.0,439.0,493.0,530.0,541.0,547.0,571.0,595.0,604.0,615.0,615.0,651.0,679.0,713.0,726.0,746.0,780.0,803.0,838.0,841.0,905.0,920.0,943.0,948.0,961.0,971.0,979.0,984.0,
38.0,52.0,57.0,65.0,123.0,141.0,159.0,194.0,209.0,222.0,248.0,296.0,348.0,367.0,543.0,549.0,551.0,562.0,567.0,568.0,569.0,579.0,579.0,582.0,588.0,592.0,597.0,608.0,611.0,611.0,612.0,615.0,680.0,692.0,721.0,723.0,728.0,729.0,739.0,739.0,783.0,788.0,792.0,842.0,855.0,870.0,897.0,913.0,936.0,941.0,943.0,951.0,961.0,972.0,991.0,
12.0,25.0,47.0,98.0,114.0,124.0,134.0,159.0,180.0,201.0,208.0,212.0,241.0,246.0,251.0,271.0,276.0,350.0,355.0,405.0,415.0,417.0,438.0,474.0,476.0,520.0,523.0,530.0,531.0,533.0,534.0,541.0,551.0,554.0,555.0,557.0,557.0,560.0,561.0,563.0,563.0,578.0,585.0,591.0,593.0,593.0,596.0,601.0,612.0,624.0,629.0,654.0,665.0,669.0,683.0,686.0,713.0,714.0,719.0,724.0,749.0,784.0,787.0,802.0,807.0,824.0,841.0,844.0,855.0,857.0,864.0,890.0,903.0,916.0,917.0,949.0,991.0,
30.0,52.0,91.0,103.0,243.0,286.0,296.0,307.0,371.0,391.0,424.0,515.0,520.0,523.0,527.0,535.0,544.0,545.0,545.0,547.0,552.0,552.0,563.0,574.0,575.0,586.0,590.0,592.0,598.0,600.0,602.0,615.0,615.0,617.0,631.0,643.0,645.0,652.0,657.0,662.0,682.0,684.0,705.0,753.0,769.0,773.0,797.0,798.0,806.0,818.0,836.0,845.0,858.0,895.0,900.0,920.0,929.0,930.0,932.0,940.0,964.0,
6.0,15.0,18.0,76.0,88.0,111.0,128.0,152.0,186.0,293.0,308.0,314.0,349.0,357.0,366.0,368.0,395.0,444.0,478.0,486.0,490.0,506.0,507.0,527.0,530.0,531.0,534.0,537.0,537.0,546.0,549.0,551.0,552.0,559.0,570.0,593.0,604.0,615.0,626.0,628.0,629.0,633.0,634.0,634.0,682.0,689.0,711.0,713.0,789.0,800.0,815.0,817.0,836.0,836.0,847.0,850.0,855.0,869.0,902.0,935.0,949.0,960.0,
32.0,106.0,114.0,136.0,164.0,310.0,331.0,340.0,357.0,357.0,380.0,398.0,404.0,432.0,453.0,476.0,501.0,513.0,519.0,524.0,530.0,535.0,571.0,576.0,585.0,591.0,591.0,608.0,608.0,609.0,617.0,619.0,639.0,641.0,644.0,646.0,655.0,657.0,661.0,667.0,678.0,684.0,689.0,704.0,708.0,710.0,727.0,754.0,758.0,766.0,805.0,811.0,835.0,838.0,846.0,884.0,893.0,934.0,950.0,996.0,
82.0,132.0,138.0,151.0,176.0,185.0,196.0,221.0,251.0,268.0,286.0,336.0,349.0,403.0,453.0,472.0,508.0,509.0,537.0,575.0,587.0,599.0,623.0,644.0,703.0,717.0,793.0,796.0,806.0,823.0,841.0,975.0,
9.0,13.0,33.0,46.0,71.0,83.0,111.0,114.0,115.0,125.0,202.0,219.0,227.0,238.0,249.0,269.0,279.0,348.0,421.0,438.0,466.0,468.0,482.0,498.0,503.0,507.0,509.0,532.0,532.0,538.0,540.0,661.0,663.0,676.0,745.0,894.0,895.0,914.0,919.0,930.0,937.0,954.0,961.0,
55.0,67.0,73.0,102.0,148.0,211.0,230.0,255.0,303.0,331.0,345.0,384.0,416.0,424.0,485.0,626.0,649.0,681.0,694.0,700.0,714.0,836.0,979.0,
11.0,31.0,60.0,100.0,166.0,211.0,219.0,251.0,257.0,318.0,361.0,415.0,423.0,478.0,531.0,558.0,585.0,630.0,637.0,690.0,707.0,712.0,821.0,828.0,839.0,911.0,947.0,977.0,982.0,994.0,
22.0,34.0,132.0,147.0,151.0,151.0,242.0,255.0,271.0,288.0,352.0,361.0,372.0,413.0,420.0,486.0,500.0,517.0,538.0,540.0,544.0,547.0,550.0,553.0,555.0,561.0,564.0,566.0,571.0,580.0,589.0,590.0,591.0,595.0,598.0,601.0,604.0,610.0,617.0,620.0,624.0,660.0,664.0,679.0,692.0,694.0,698.0,701.0,706.0,757.0,778.0,782.0,804.0,825.0,847.0,850.0,853.0,856.0,863.0,865.0,871.0,907.0,910.0,933.0,945.0,958.0,964.0,972.0,981.0,991.0,996.0,999.0,
19.0,130.0,142.0,143.0,192.0,202.0,204.0,242.0,267.0,274.0,303.0,312.0,352.0,354.0,384.0,390.0,397.0,425.0,428.0,429.0,465.0,476.0,503.0,507.0,510.0,515.0,517.0,532.0,532.0,537.0,543.0,546.0,551.0,558.0,561.0,568.0,571.0,574.0,574.0,578.0,581.0,584.0,588.0,590.0,603.0,614.0,630.0,633.0,635.0,659.0,673.0,683.0,690.0,693.0,701.0,735.0,764.0,765.0,789.0,805.0,805.0,814.0,825.0,831.0,877.0,898.0,932.0,935.0,938.0,939.0,943.0,968.0,976.0,989.0,995.0,
27.0,66.0,75.0,150.0,158.0,274.0,281.0,321.0,446.0,466.0,472.0,473.0,483.0,495.0,515.0,521.0,525.0,527.0,539.0,539.0,540.0,541.0,544.0,557.0,560.0,562.0,565.0,576.0,579.0,587.0,599.0,602.0,628.0,635.0,644.0,665.0,703.0,726.0,727.0,743.0,750.0,752.0,763.0,765.0,801.0,806.0,830.0,844.0,845.0,848.0,856.0,864.0,868.0,896.0,908.0,947.0,961.0,987.0,991.0,
13.0,17.0,53.0,92.0,96.0,98.0,106.0,123.0,125.0,148.0,151.0,180.0,181.0,235.0,276.0,281.0,295.0,301.0,344.0,378.0,390.0,427.0,458.0,467.0,490.0,495.0,496.0,514.0,519.0,522.0,527.0,531.0,534.0,544.0,546.0,546.0,552.0,556.0,581.0,582.0,582.0,583.0,604.0,623.0,628.0,628.0,632.0,638.0,661.0,684.0,719.0,756.0,768.0,778.0,800.0,802.0,807.0,807.0,824.0,853.0,863.0,879.0,915.0,927.0,933.0,987.0,991.0,
21.0,25.0,47.0,69.0,83.0,100.0,119.0,129.0,183.0,243.0,250.0,291.0,332.0,336.0,351.0,353.0,361.0,392.0,406.0,459.0,460.0,470.0,520.0,524.0,526.0,529.0,536.0,541.0,545.0,547.0,552.0,554.0,554.0,561.0,566.0,568.0,578.0,582.0,583.0,591.0,591.0,596.0,596.0,599.0,619.0,622.0,624.0,629.0,631.0,633.0,637.0,666.0,684.0,689.0,714.0,732.0,741.0,804.0,818.0,829.0,852.0,859.0,860.0,936.0,942.0,955.0,988.0,
67.0,90.0,160.0,207.0,246.0,261.0,318.0,331.0,359.0,388.0,418.0,423.0,481.0,494.0,499.0,524.0,525.0,525.0,525.0,528.0,535.0,538.0,539.0,545.0,554.0,557.0,561.0,562.0,564.0,567.0,567.0,574.0,591.0,593.0,604.0,604.0,613.0,624.0,636.0,639.0,651.0,654.0,667.0,667.0,671.0,673.0,674.0,677.0,684.0,692.0,728.0,736.0,746.0,757.0,758.0,760.0,764.0,777.0,781.0,786.0,795.0,797.0,812.0,822.0,834.0,835.0,877.0,882.0,893.0,895.0,920.0,924.0,979.0,988.0,
17.0,44.0,53.0,58.0,79.0,205.0,253.0,293.0,298.0,306.0,314.0,327.0,358.0,363.0,410.0,433.0,434.0,452.0,458.0,465.0,493.0,515.0,515.0,538.0,543.0,564.0,569.0,592.0,603.0,603.0,621.0,628.0,662.0,675.0,706.0,710.0,715.0,780.0,781.0,794.0,827.0,836.0,868.0,878.0,889.0,893.0,902.0,902.0,908.0,918.0,927.0,927.0,935.0,950.0,
41.0,50.0,61.0,84.0,84.0,134.0,222.0,256.0,267.0,268.0,290.0,434.0,441.0,554.0,565.0,566.0,590.0,603.0,654.0,671.0,680.0,714.0,724.0,734.0,767.0,824.0,913.0,937.0,982.0,
12.0,17.0,27.0,36.0,37.0,55.0,57.0,110.0,129.0,163.0,212.0,220.0,261.0,382.0,387.0,393.0,475.0,482.0,505.0,526.0,529.0,536.0,556.0,607.0,739.0,880.0,953.0,973.0,
9.0,16.0,47.0,51.0,84.0,126.0,144.0,158.0,181.0,184.0,200.0,202.0,234.0,246.0,250.0,254.0,265.0,299.0,320.0,340.0,358.0,437.0,461.0,472.0,477.0,525.0,535.0,545.0,557.0,561.0,566.0,568.0,568.0,568.0,570.0,571.0,590.0,593.0,593.0,611.0,615.0,655.0,680.0,748.0,758.0,771.0,776.0,778.0,778.0,782.0,785.0,785.0,789.0,793.0,799.0,830.0,830.0,846.0,866.0,866.0,873.0,878.0,906.0,909.0,921.0,942.0,954.0,969.0,971.0,991.0,999.0,
2.0,10.0,15.0,22.0,60.0,92.0,125.0,228.0,282.0,288.0,301.0,303.0,303.0,313.0,319.0,319.0,334.0,348.0,358.0,361.0,410.0,416.0,419.0,424.0,426.0,440.0,501.0,517.0,520.0,523.0,524.0,525.0,529.0,533.0,538.0,540.0,544.0,569.0,576.0,579.0,579.0,584.0,589.0,603.0,604.0,615.0,618.0,621.0,626.0,633.0,637.0,651.0,652.0,654.0,657.0,667.0,673.0,678.0,688.0,696.0,701.0,722.0,730.0,741.0,743.0,760.0,778.0,782.0,801.0,816.0,818.0,825.0,864.0,866.0,872.0,873.0,890.0,895.0,901.0,944.0,952.0,958.0,970.0,
59.0,83.0,118.0,131.0,139.0,162.0,183.0,196.0,221.0,251.0,252.0,262.0,338.0,350.0,361.0,368.0,382.0,433.0,474.0,487.0,498.0,507.0,518.0,520.0,520.0,534.0,535.0,538.0,539.0,542.0,543.0,543.0,548.0,548.0,549.0,551.0,567.0,569.0,572.0,581.0,585.0,609.0,622.0,632.0,637.0,647.0,663.0,697.0,702.0,717.0,744.0,747.0,751.0,766.0,779.0,787.0,789.0,833.0,838.0,875.0,890.0,895.0,899.0,928.0,935.0,939.0,952.0,952.0,978.0,981.0,992.0,993.0,
3.0,20.0,29.0,35.0,55.0,69.0,72.0,98.0,107.0,140.0,153.0,162.0,199.0,233.0,281.0,324.0,325.0,337.0,386.0,399.0,491.0,514.0,518.0,522.0,526.0,528.0,542.0,543.0,545.0,550.0,553.0,555.0,563.0,563.0,566.0,568.0,578.0,582.0,587.0,592.0,597.0,604.0,618.0,633.0,665.0,691.0,694.0,695.0,710.0,711.0,712.0,740.0,743.0,752.0,756.0,762.0,764.0,770.0,773.0,775.0,780.0,793.0,820.0,829.0,849.0,864.0,909.0,915.0,940.0,947.0,
24.0,37.0,58.0,60.0,86.0,144.0,149.0,175.0,180.0,245.0,323.0,386.0,409.0,455.0,459.0,481.0,490.0,509.0,513.0,528.0,531.0,538.0,538.0,539.0,543.0,545.0,559.0,561.0,561.0,562.0,577.0,584.0,596.0,620.0,639.0,647.0,653.0,676.0,697.0,758.0,804.0,807.0,831.0,876.0,877.0,882.0,882.0,957.0,963.0,971.0,991.0,
9.0,15.0,100.0,121.0,135.0,156.0,185.0,191.0,203.0,204.0,290.0,293.0,299.0,314.0,332.0,351.0,376.0,382.0,404.0,514.0,526.0,531.0,533.0,534.0,534.0,537.0,540.0,545.0,558.0,562.0,563.0,565.0,567.0,575.0,603.0,605.0,607.0,621.0,639.0,640.0,646.0,649.0,660.0,662.0,675.0,678.0,699.0,744.0,750.0,786.0,811.0,864.0,865.0,890.0,927.0,936.0,956.0,
39.0,44.0,99.0,100.0,142.0,178.0,196.0,215.0,245.0,245.0,255.0,294.0,329.0,377.0,470.0,471.0,504.0,509.0,518.0,518.0,520.0,523.0,529.0,537.0,543.0,548.0,549.0,552.0,582.0,582.0,596.0,598.0,602.0,605.0,609.0,610.0,625.0,628.0,641.0,644.0,652.0,702.0,760.0,769.0,817.0,826.0,837.0,839.0,843.0,848.0,855.0,855.0,870.0,873.0,876.0,884.0,892.0,909.0,909.0,921.0,951.0,967.0,978.0,
10.0,26.0,54.0,84.0,116.0,137.0,162.0,181.0,242.0,329.0,380.0,387.0,423.0,465.0,466.0,476.0,493.0,528.0,529.0,531.0,532.0,540.0,543.0,547.0,547.0,551.0,552.0,552.0,553.0,565.0,569.0,575.0,576.0,580.0,604.0,610.0,613.0,622.0,635.0,635.0,635.0,649.0,650.0,650.0,652.0,655.0,664.0,669.0,672.0,673.0,694.0,695.0,713.0,728.0,737.0,782.0,801.0,805.0,813.0,829.0,835.0,851.0,858.0,869.0,872.0,885.0,886.0,912.0,933.0,945.0,946.0,
147.0,246.0,311.0,332.0,392.0,400.0,422.0,454.0,487.0,499.0,510.0,522.0,541.0,545.0,552.0,555.0,556.0,560.0,560.0,568.0,572.0,573.0,573.0,577.0,624.0,643.0,646.0,654.0,698.0,700.0,701.0,710.0,722.0,728.0,737.0,739.0,800.0,807.0,853.0,878.0,912.0,931.0,932.0,935.0,953.0,957.0,985.0,
69.0,78.0,79.0,90.0,99.0,142.0,165.0,171.0,177.0,177.0,189.0,197.0,205.0,243.0,306.0,309.0,336.0,336.0,420.0,438.0,474.0,478.0,499.0,538.0,553.0,562.0,615.0,728.0,827.0,845.0,884.0,896.0,993.0,
6.0,88.0,89.0,106.0,136.0,143.0,153.0,160.0,171.0,189.0,191.0,241.0,287.0,300.0,385.0,412.0,437.0,450.0,475.0,520.0,531.0,546.0,547.0,548.0,551.0,552.0,573.0,582.0,589.0,592.0,593.0,594.0,596.0,602.0,603.0,611.0,615.0,630.0,635.0,644.0,644.0,646.0,648.0,653.0,666.0,674.0,677.0,681.0,682.0,692.0,706.0,713.0,721.0,737.0,737.0,749.0,752.0,789.0,796.0,811.0,818.0,822.0,856.0,934.0,982.0,988.0,
44.0,52.0,98.0,144.0,215.0,255.0,260.0,283.0,292.0,301.0,322.0,323.0,357.0,446.0,490.0,515.0,525.0,532.0,545.0,550.0,555.0,565.0,569.0,578.0,579.0,582.0,590.0,595.0,602.0,606.0,610.0,619.0,622.0,622.0,624.0,639.0,640.0,643.0,646.0,655.0,668.0,678.0,683.0,689.0,691.0,695.0,717.0,723.0,738.0,739.0,758.0,790.0,815.0,830.0,841.0,866.0,872.0,873.0,896.0,901.0,910.0,910.0,928.0,954.0,
150.0,188.0,208.0,215.0,236.0,253.0,263.0,313.0,343.0,361.0,404.0,422.0,437.0,439.0,498.0,509.0,519.0,524.0,531.0,543.0,550.0,553.0,554.0,558.0,561.0,567.0,582.0,583.0,595.0,596.0,597.0,600.0,612.0,615.0,623.0,628.0,630.0,630.0,643.0,645.0,666.0,688.0,695.0,715.0,759.0,781.0,786.0,791.0,828.0,868.0,923.0,930.0,934.0,970.0,974.0,978.0,978.0,
28.0,133.0,144.0,210.0,277.0,299.0,309.0,339.0,349.0,368.0,369.0,379.0,381.0,387.0,399.0,400.0,412.0,437.0,466.0,486.0,502.0,514.0,524.0,527.0,534.0,540.0,541.0,549.0,550.0,550.0,552.0,554.0,557.0,567.0,570.0,573.0,593.0,594.0,597.0,599.0,611.0,626.0,627.0,634.0,634.0,653.0,654.0,659.0,664.0,665.0,673.0,681.0,694.0,708.0,734.0,734.0,744.0,757.0,762.0,777.0,779.0,781.0,801.0,824.0,830.0,857.0,861.0,865.0,886.0,888.0,915.0,923.0,932.0,934.0,935.0,
27.0,38.0,55.0,121.0,126.0,133.0,141.0,253.0,343.0,402.0,424.0,440.0,503.0,512.0,518.0,519.0,531.0,534.0,535.0,537.0,539.0,545.0,546.0,547.0,555.0,556.0,572.0,577.0,578.0,598.0,600.0,602.0,642.0,697.0,714.0,742.0,743.0,768.0,783.0,805.0,816.0,850.0,855.0,860.0,867.0,913.0,921.0,925.0,945.0,963.0,970.0,994.0,
3.0,33.0,79.0,93.0,115.0,116.0,123.0,136.0,137.0,164.0,212.0,231.0,245.0,276.0,291.0,295.0,390.0,451.0,458.0,516.0,521.0,533.0,560.0,581.0,585.0,588.0,591.0,591.0,598.0,598.0,602.0,620.0,628.0,635.0,680.0,681.0,682.0,701.0,709.0,715.0,732.0,733.0,774.0,801.0,804.0,821.0,829.0,860.0,902.0,904.0,931.0,931.0,938.0,940.0,962.0,963.0,
24.0,28.0,55.0,65.0,70.0,127.0,148.0,151.0,178.0,187.0,207.0,235.0,242.0,245.0,246.0,254.0,265.0,314.0,338.0,339.0,376.0,388.0,390.0,395.0,508.0,508.0,512.0,526.0,527.0,539.0,542.0,547.0,548.0,553.0,555.0,563.0,565.0,573.0,578.0,585.0,588.0,599.0,603.0,610.0,628.0,667.0,682.0,688.0,706.0,708.0,711.0,718.0,726.0,741.0,767.0,782.0,814.0,830.0,834.0,845.0,846.0,857.0,874.0,883.0,887.0,890.0,899.0,899.0,911.0,926.0,948.0,956.0,977.0,984.0,988.0,990.0,
43.0,43.0,47.0,66.0,82.0,84.0,93.0,124.0,130.0,133.0,154.0,190.0,213.0,222.0,280.0,297.0,412.0,426.0,438.0,474.0,490.0,531.0,538.0,540.0,548.0,554.0,554.0,563.0,568.0,572.0,573.0,594.0,615.0,625.0,626.0,636.0,654.0,686.0,695.0,697.0,709.0,712.0,728.0,738.0,739.0,744.0,759.0,777.0,792.0,826.0,876.0,892.0,912.0,937.0,939.0,946.0,981.0,
45.0,115.0,137.0,161.0,208.0,235.0,248.0,262.0,296.0,298.0,300.0,349.0,426.0,427.0,456.0,480.0,485.0,490.0,491.0,499.0,522.0,525.0,527.0,532.0,533.0,536.0,541.0,543.0,546.0,556.0,556.0,566.0,568.0,573.0,579.0,580.0,587.0,590.0,609.0,623.0,654.0,659.0,668.0,670.0,680.0,691.0,719.0,748.0,770.0,773.0,786.0,792.0,796.0,855.0,857.0,873.0,877.0,921.0,922.0,940.0,944.0,947.0,969.0,
55.0,55.0,60.0,77.0,142.0,192.0,234.0,249.0,250.0,307.0,371.0,393.0,407.0,408.0,451.0,464.0,484.0,532.0,538.0,570.0,579.0,589.0,594.0,671.0,676.0,676.0,680.0,697.0,725.0,799.0,838.0,942.0,
7.0,86.0,111.0,129.0,142.0,164.0,171.0,199.0,215.0,230.0,304.0,345.0,357.0,410.0,460.0,466.0,468.0,472.0,488.0,498.0,524.0,525.0,531.0,545.0,551.0,554.0,554.0,558.0,560.0,560.0,569.0,571.0,572.0,575.0,577.0,582.0,584.0,588.0,591.0,603.0,613.0,617.0,624.0,653.0,667.0,672.0,683.0,702.0,714.0,735.0,751.0,766.0,782.0,793.0,798.0,803.0,807.0,818.0,823.0,863.0,870.0,879.0,890.0,895.0,922.0,924.0,925.0,926.0,929.0,944.0,950.0,960.0,980.0,
81.0,109.0,133.0,209.0,263.0,266.0,346.0,353.0,357.0,359.0,371.0,409.0,423.0,424.0,429.0,461.0,496.0,521.0,528.0,534.0,550.0,553.0,555.0,560.0,568.0,568.0,569.0,575.0,600.0,601.0,606.0,631.0,636.0,644.0,664.0,666.0,699.0,727.0,754.0,756.0,756.0,802.0,815.0,827.0,834.0,841.0,850.0,865.0,870.0,883.0,886.0,889.0,892.0,899.0,919.0,926.0,942.0,950.0,975.0,981.0,988.0,
160.0,181.0,181.0,214.0,218.0,224.0,233.0,330.0,453.0,471.0,510.0,519.0,521.0,527.0,527.0,529.0,531.0,531.0,538.0,542.0,543.0,544.0,548.0,558.0,558.0,559.0,567.0,579.0,580.0,587.0,596.0,605.0,616.0,618.0,620.0,632.0,642.0,657.0,678.0,694.0,695.0,695.0,713.0,715.0,748.0,753.0,816.0,848.0,850.0,861.0,871.0,882.0,887.0,888.0,903.0,908.0,914.0,929.0,939.0,941.0,
4.0,42.0,52.0,64.0,87.0,135.0,176.0,230.0,278.0,284.0,359.0,425.0,452.0,511.0,525.0,528.0,530.0,537.0,545.0,548.0,552.0,555.0,563.0,568.0,571.0,578.0,588.0,615.0,622.0,629.0,635.0,636.0,645.0,647.0,652.0,661.0,681.0,684.0,688.0,715.0,730.0,736.0,739.0,746.0,751.0,759.0,765.0,767.0,777.0,820.0,823.0,827.0,852.0,864.0,874.0,874.0,876.0,928.0,953.0,975.0,977.0,999.0,
72.0,180.0,189.0,204.0,345.0,366.0,384.0,418.0,430.0,439.0,445.0,490.0,516.0,520.0,520.0,539.0,539.0,543.0,543.0,550.0,552.0,557.0,561.0,570.0,573.0,593.0,595.0,595.0,640.0,641.0,710.0,717.0,722.0,723.0,733.0,737.0,757.0,764.0,779.0,811.0,815.0,817.0,821.0,852.0,865.0,933.0,944.0,950.0,954.0,1000.0,
33.0,60.0,69.0,75.0,83.0,118.0,140.0,148.0,153.0,189.0,196.0,213.0,264.0,267.0,271.0,275.0,289.0,301.0,322.0,322.0,334.0,358.0,373.0,381.0,389.0,391.0,411.0,423.0,457.0,521.0,523.0,532.0,537.0,543.0,544.0,546.0,550.0,551.0,553.0,556.0,562.0,588.0,596.0,603.0,617.0,624.0,632.0,636.0,649.0,670.0,678.0,684.0,703.0,710.0,723.0,733.0,736.0,736.0,761.0,770.0,771.0,771.0,792.0,811.0,844.0,874.0,911.0,912.0,914.0,928.0,941.0,949.0,976.0,981.0,
15.0,24.0,26.0,42.0,46.0,105.0,151.0,173.0,176.0,180.0,216.0,220.0,243.0,256.0,452.0,452.0,453.0,453.0,474.0,531.0,532.0,539.0,546.0,549.0,562.0,568.0,575.0,585.0,605.0,605.0,612.0,625.0,633.0,637.0,642.0,645.0,648.0,649.0,652.0,654.0,654.0,655.0,659.0,682.0,693.0,736.0,740.0,754.0,772.0,844.0,870.0,906.0,918.0,925.0,984.0,989.0,
28.0,96.0,139.0,161.0,189.0,225.0,240.0,247.0,265.0,303.0,306.0,329.0,334.0,360.0,392.0,421.0,474.0,475.0,516.0,516.0,519.0,525.0,536.0,542.0,548.0,565.0,568.0,573.0,577.0,580.0,581.0,587.0,589.0,589.0,590.0,615.0,620.0,624.0,632.0,634.0,643.0,644.0,663.0,674.0,675.0,683.0,692.0,717.0,727.0,730.0,739.0,757.0,801.0,829.0,839.0,846.0,848.0,866.0,872.0,879.0,906.0,914.0,930.0,942.0,968.0,972.0,981.0,994.0,996.0,
30.0,81.0,176.0,181.0,235.0,242.0,260.0,284.0,284.0,349.0,354.0,362.0,397.0,422.0,422.0,431.0,433.0,462.0,483.0,499.0,506.0,516.0,519.0,519.0,523.0,531.0,539.0,541.0,542.0,545.0,561.0,564.0,566.0,574.0,583.0,594.0,599.0,603.0,605.0,613.0,626.0,644.0,645.0,661.0,663.0,670.0,682.0,683.0,688.0,698.0,710.0,713.0,714.0,715.0,732.0,738.0,739.0,741.0,749.0,759.0,760.0,760.0,765.0,778.0,796.0,811.0,812.0,819.0,852.0,885.0,905.0,962.0,962.0,974.0,991.0,996.0,
9.0,16.0,22.0,22.0,32.0,78.0,107.0,115.0,165.0,192.0,214.0,248.0,293.0,329.0,342.0,373.0,375.0,400.0,415.0,420.0,428.0,434.0,442.0,452.0,456.0,496.0,533.0,537.0,544.0,581.0,595.0,605.0,645.0,664.0,674.0,749.0,818.0,927.0,931.0,935.0,980.0,997.0,
19.0,49.0,68.0,91.0,135.0,148.0,150.0,163.0,193.0,236.0,259.0,262.0,292.0,311.0,320.0,361.0,382.0,389.0,418.0,465.0,479.0,481.0,501.0,504.0,509.0,521.0,521.0,522.0,529.0,533.0,534.0,534.0,541.0,545.0,559.0,559.0,562.0,565.0,568.0,572.0,576.0,600.0,613.0,634.0,636.0,637.0,645.0,646.0,652.0,669.0,683.0,685.0,691.0,699.0,710.0,722.0,726.0,768.0,773.0,781.0,792.0,807.0,820.0,824.0,849.0,859.0,877.0,878.0,902.0,916.0,923.0,925.0,952.0,958.0,962.0,
42.0,77.0,164.0,165.0,312.0,350.0,379.0,389.0,436.0,444.0,449.0,484.0,518.0,520.0,522.0,523.0,533.0,537.0,538.0,541.0,542.0,542.0,542.0,548.0,551.0,564.0,565.0,577.0,578.0,594.0,611.0,616.0,629.0,634.0,636.0,641.0,650.0,651.0,653.0,668.0,671.0,674.0,684.0,699.0,727.0,735.0,736.0,742.0,758.0,763.0,790.0,794.0,815.0,846.0,855.0,862.0,863.0,908.0,925.0,960.0,962.0,
42.0,56.0,68.0,88.0,97.0,115.0,170.0,194.0,196.0,230.0,257.0,288.0,304.0,305.0,338.0,347.0,354.0,382.0,415.0,480.0,504.0,508.0,525.0,529.0,529.0,536.0,540.0,548.0,551.0,554.0,556.0,557.0,558.0,560.0,561.0,561.0,568.0,589.0,608.0,616.0,663.0,720.0,725.0,731.0,731.0,744.0,755.0,768.0,801.0,835.0,856.0,864.0,922.0,932.0,938.0,946.0,955.0,955.0,970.0,972.0,
24.0,55.0,55.0,80.0,94.0,100.0,102.0,114.0,114.0,201.0,292.0,293.0,297.0,304.0,306.0,376.0,427.0,461.0,464.0,498.0,505.0,514.0,529.0,534.0,535.0,536.0,543.0,543.0,546.0,547.0,553.0,554.0,555.0,561.0,563.0,575.0,575.0,575.0,579.0,581.0,593.0,596.0,612.0,620.0,628.0,636.0,639.0,643.0,652.0,655.0,661.0,665.0,678.0,687.0,714.0,726.0,728.0,743.0,752.0,779.0,783.0,808.0,817.0,862.0,880.0,896.0,902.0,927.0,942.0,946.0,982.0,986.0,997.0,
18.0,62.0,81.0,85.0,103.0,140.0,165.0,203.0,220.0,245.0,276.0,357.0,375.0,405.0,453.0,467.0,498.0,539.0,542.0,544.0,545.0,546.0,547.0,548.0,552.0,552.0,565.0,569.0,570.0,571.0,596.0,608.0,634.0,640.0,656.0,679.0,701.0,712.0,724.0,730.0,764.0,774.0,798.0,808.0,831.0,836.0,841.0,863.0,894.0,907.0,930.0,945.0,993.0,
21.0,110.0,154.0,157.0,163.0,193.0,223.0,265.0,291.0,309.0,371.0,378.0,397.0,399.0,411.0,412.0,413.0,425.0,427.0,432.0,442.0,465.0,478.0,482.0,515.0,519.0,525.0,526.0,526.0,528.0,529.0,531.0,532.0,535.0,544.0,544.0,553.0,558.0,565.0,567.0,569.0,570.0,570.0,574.0,581.0,584.0,597.0,600.0,606.0,609.0,609.0,618.0,623.0,625.0,636.0,643.0,655.0,678.0,691.0,693.0,733.0,748.0,758.0,767.0,784.0,793.0,809.0,840.0,866.0,873.0,928.0,962.0,982.0,994.0,
14.0,14.0,15.0,23.0,61.0,104.0,138.0,176.0,277.0,318.0,321.0,339.0,440.0,452.0,473.0,504.0,520.0,521.0,522.0,537.0,538.0,542.0,545.0,545.0,550.0,552.0,561.0,565.0,565.0,574.0,578.0,578.0,587.0,591.0,592.0,597.0,599.0,610.0,619.0,621.0,637.0,640.0,656.0,658.0,665.0,674.0,677.0,684.0,694.0,706.0,713.0,731.0,748.0,749.0,765.0,810.0,818.0,827.0,827.0,839.0,852.0,852.0,852.0,861.0,875.0,897.0,917.0,930.0,930.0,957.0,958.0,961.0,965.0,976.0,
26.0,49.0,67.0,76.0,103.0,125.0,151.0,156.0,230.0,286.0,293.0,309.0,327.0,332.0,359.0,438.0,512.0,529.0,530.0,537.0,538.0,541.0,542.0,542.0,548.0,555.0,559.0,560.0,566.0,569.0,579.0,582.0,586.0,592.0,598.0,614.0,635.0,636.0,655.0,667.0,677.0,677.0,699.0,704.0,727.0,728.0,743.0,751.0,754.0,776.0,791.0,791.0,793.0,814.0,815.0,816.0,822.0,830.0,831.0,868.0,898.0,900.0,909.0,912.0,944.0,946.0,961.0,970.0,974.0,999.0,
17.0,43.0,69.0,120.0,122.0,122.0,174.0,208.0,263.0,277.0,293.0,314.0,317.0,342.0,359.0,360.0,374.0,380.0,386.0,448.0,459.0,474.0,515.0,545.0,545.0,553.0,561.0,561.0,569.0,580.0,586.0,589.0,589.0,596.0,602.0,625.0,640.0,650.0,669.0,692.0,711.0,730.0,739.0,750.0,760.0,777.0,782.0,785.0,788.0,801.0,808.0,836.0,862.0,880.0,894.0,902.0,908.0,923.0,923.0,929.0,952.0,975.0,976.0,
20.0,65.0,70.0,71.0,133.0,149.0,150.0,193.0,199.0,210.0,245.0,274.0,342.0,351.0,376.0,389.0,415.0,455.0,507.0,539.0,557.0,617.0,655.0,684.0,800.0,841.0,846.0,917.0,
10.0,23.0,48.0,85.0,155.0,182.0,278.0,314.0,322.0,337.0,346.0,419.0,431.0,439.0,467.0,513.0,519.0,521.0,525.0,527.0,538.0,539.0,544.0,550.0,553.0,554.0,563.0,568.0,573.0,575.0,582.0,582.0,587.0,594.0,598.0,611.0,622.0,623.0,630.0,630.0,631.0,642.0,643.0,654.0,659.0,661.0,670.0,682.0,684.0,707.0,711.0,717.0,744.0,775.0,784.0,815.0,820.0,843.0,862.0,886.0,915.0,942.0,955.0,982.0,985.0,999.0,
48.0,49.0,59.0,97.0,118.0,167.0,214.0,242.0,288.0,299.0,309.0,327.0,342.0,363.0,392.0,411.0,426.0,427.0,459.0,493.0,516.0,520.0,528.0,531.0,534.0,535.0,541.0,548.0,551.0,551.0,555.0,556.0,570.0,572.0,574.0,578.0,587.0,592.0,593.0,596.0,598.0,601.0,603.0,604.0,614.0,618.0,631.0,633.0,641.0,646.0,652.0,667.0,691.0,696.0,707.0,708.0,710.0,723.0,728.0,742.0,750.0,769.0,785.0,801.0,824.0,835.0,839.0,845.0,846.0,860.0,884.0,905.0,908.0,941.0,947.0,949.0,961.0,965.0,972.0,989.0,1000.0,
4.0,15.0,22.0,78.0,80.0,113.0,120.0,137.0,142.0,210.0,236.0,239.0,324.0,338.0,341.0,343.0,362.0,402.0,414.0,478.0,490.0,493.0,537.0,538.0,542.0,542.0,543.0,552.0,553.0,554.0,565.0,566.0,576.0,586.0,591.0,610.0,610.0,618.0,619.0,626.0,648.0,648.0,658.0,669.0,688.0,695.0,713.0,719.0,727.0,729.0,762.0,764.0,784.0,795.0,797.0,798.0,835.0,885.0,889.0,918.0,925.0,938.0,
16.0,32.0,72.0,83.0,95.0,116.0,207.0,207.0,230.0,285.0,314.0,315.0,329.0,329.0,362.0,384.0,407.0,442.0,469.0,497.0,517.0,522.0,526.0,530.0,532.0,534.0,536.0,539.0,543.0,553.0,554.0,557.0,567.0,574.0,574.0,575.0,576.0,578.0,590.0,597.0,603.0,605.0,638.0,644.0,651.0,654.0,663.0,667.0,686.0,702.0,706.0,710.0,737.0,743.0,752.0,777.0,787.0,877.0,911.0,915.0,917.0,920.0,934.0,935.0,961.0,969.0,990.0,
52.0,77.0,108.0,184.0,211.0,232.0,234.0,236.0,260.0,297.0,303.0,310.0,313.0,344.0,419.0,429.0,430.0,510.0,525.0,534.0,536.0,538.0,538.0,543.0,550.0,553.0,554.0,562.0,567.0,571.0,576.0,581.0,593.0,595.0,602.0,603.0,613.0,614.0,620.0,623.0,627.0,632.0,665.0,688.0,691.0,700.0,716.0,732.0,752.0,758.0,772.0,772.0,788.0,813.0,814.0,833.0,850.0,851.0,878.0,885.0,906.0,937.0,961.0,995.0,999.0,
92.0,112.0,150.0,262.0,288.0,382.0,384.0,461.0,518.0,522.0,526.0,527.0,537.0,538.0,539.0,547.0,551.0,552.0,553.0,555.0,562.0,565.0,570.0,571.0,574.0,618.0,622.0,622.0,622.0,633.0,636.0,637.0,646.0,659.0,668.0,669.0,690.0,725.0,736.0,738.0,746.0,749.0,796.0,809.0,840.0,844.0,847.0,851.0,867.0,897.0,898.0,904.0,925.0,927.0,978.0,
2.0,3.0,21.0,71.0,76.0,116.0,130.0,166.0,181.0,199.0,236.0,249.0,259.0,287.0,330.0,354.0,365.0,404.0,421.0,494.0,512.0,518.0,518.0,524.0,528.0,534.0,537.0,538.0,539.0,539.0,542.0,544.0,550.0,552.0,556.0,561.0,572.0,573.0,573.0,578.0,579.0,582.0,583.0,597.0,606.0,613.0,632.0,650.0,657.0,661.0,669.0,683.0,701.0,701.0,719.0,730.0,731.0,736.0,762.0,764.0,817.0,843.0,849.0,896.0,923.0,938.0,946.0,
115.0,187.0,219.0,219.0,228.0,241.0,252.0,278.0,303.0,310.0,329.0,340.0,356.0,357.0,381.0,385.0,431.0,467.0,468.0,474.0,519.0,526.0,528.0,532.0,532.0,534.0,534.0,551.0,569.0,571.0,571.0,580.0,580.0,581.0,587.0,587.0,589.0,591.0,592.0,607.0,615.0,623.0,624.0,628.0,632.0,645.0,675.0,696.0,700.0,704.0,711.0,725.0,753.0,753.0,759.0,778.0,779.0,815.0,820.0,822.0,826.0,833.0,834.0,839.0,841.0,849.0,875.0,897.0,936.0,938.0,951.0,951.0,960.0,991.0,
20.0,49.0,58.0,83.0,106.0,117.0,119.0,131.0,173.0,260.0,261.0,314.0,461.0,487.0,533.0,541.0,546.0,586.0,597.0,635.0,638.0,667.0,721.0,757.0,783.0,793.0,836.0,847.0,852.0,858.0,868.0,877.0,881.0,887.0,904.0,904.0,933.0,952.0,986.0,
66.0,72.0,100.0,191.0,191.0,196.0,240.0,288.0,300.0,310.0,473.0,522.0,555.0,569.0,614.0,622.0,756.0,782.0,789.0,790.0,857.0,897.0,924.0,935.0,938.0,
20.0,33.0,46.0,67.0,99.0,114.0,119.0,140.0,147.0,153.0,182.0,191.0,193.0,204.0,214.0,234.0,258.0,307.0,310.0,318.0,322.0,348.0,351.0,424.0,437.0,462.0,467.0,472.0,524.0,540.0,571.0,581.0,599.0,609.0,621.0,629.0,673.0,676.0,835.0,879.0,934.0,986.0,1000.0,
41.0,46.0,75.0,110.0,118.0,126.0,156.0,190.0,244.0,257.0,266.0,279.0,284.0,301.0,319.0,367.0,403.0,473.0,489.0,529.0,531.0,534.0,539.0,554.0,561.0,562.0,568.0,572.0,573.0,582.0,587.0,611.0,614.0,621.0,621.0,629.0,631.0,644.0,648.0,661.0,690.0,693.0,731.0,770.0,785.0,790.0,798.0,806.0,809.0,833.0,840.0,852.0,862.0,873.0,883.0,884.0,888.0,898.0,936.0,946.0,958.0,
12.0,66.0,72.0,130.0,132.0,168.0,189.0,211.0,220.0,226.0,233.0,234.0,345.0,372.0,418.0,428.0,435.0,452.0,453.0,472.0,473.0,484.0,512.0,515.0,518.0,520.0,534.0,534.0,535.0,536.0,537.0,545.0,552.0,555.0,567.0,567.0,568.0,570.0,571.0,574.0,576.0,578.0,580.0,581.0,587.0,588.0,593.0,593.0,595.0,598.0,600.0,602.0,605.0,610.0,627.0,642.0,657.0,668.0,672.0,690.0,690.0,698.0,705.0,716.0,717.0,726.0,729.0,732.0,734.0,753.0,768.0,770.0,770.0,779.0,780.0,782.0,816.0,833.0,853.0,862.0,883.0,915.0,935.0,937.0,957.0,971.0,975.0,
45.0,50.0,63.0,130.0,134.0,144.0,167.0,177.0,194.0,197.0,204.0,211.0,223.0,287.0,306.0,349.0,363.0,401.0,417.0,454.0,513.0,530.0,531.0,534.0,541.0,552.0,569.0,574.0,577.0,582.0,586.0,586.0,588.0,606.0,607.0,627.0,630.0,640.0,651.0,665.0,683.0,686.0,688.0,700.0,711.0,721.0,736.0,741.0,783.0,788.0,805.0,807.0,810.0,825.0,842.0,856.0,870.0,881.0,919.0,929.0,938.0,939.0,961.0,969.0,969.0,
40.0,43.0,67.0,72.0,105.0,120.0,129.0,130.0,136.0,140.0,144.0,182.0,182.0,209.0,261.0,283.0,320.0,343.0,371.0,394.0,404.0,416.0,443.0,453.0,461.0,502.0,521.0,522.0,530.0,533.0,548.0,549.0,549.0,558.0,565.0,566.0,572.0,577.0,584.0,584.0,585.0,588.0,591.0,595.0,599.0,600.0,605.0,613.0,619.0,636.0,647.0,650.0,662.0,670.0,690.0,701.0,740.0,749.0,753.0,756.0,793.0,815.0,894.0,919.0,921.0,953.0,956.0,985.0,
5.0,23.0,41.0,46.0,49.0,86.0,90.0,117.0,146.0,154.0,154.0,211.0,226.0,244.0,280.0,311.0,341.0,395.0,435.0,465.0,500.0,527.0,528.0,533.0,542.0,543.0,547.0,548.0,549.0,549.0,552.0,552.0,559.0,560.0,571.0,584.0,597.0,604.0,631.0,639.0,644.0,666.0,677.0,680.0,681.0,695.0,698.0,700.0,714.0,730.0,753.0,778.0,793.0,853.0,859.0,878.0,898.0,922.0,939.0,953.0,956.0,962.0,
3.0,25.0,46.0,119.0,133.0,137.0,175.0,179.0,186.0,195.0,237.0,246.0,280.0,334.0,352.0,439.0,485.0,493.0,510.0,521.0,538.0,540.0,553.0,568.0,568.0,568.0,592.0,613.0,617.0,622.0,637.0,656.0,660.0,663.0,669.0,683.0,684.0,694.0,699.0,710.0,711.0,719.0,738.0,745.0,756.0,764.0,765.0,767.0,811.0,866.0,870.0,871.0,890.0,899.0,916.0,917.0,924.0,931.0,948.0,968.0,980.0,983.0,990.0,995.0,996.0,
9.0,24.0,27.0,46.0,70.0,89.0,127.0,154.0,154.0,217.0,227.0,256.0,258.0,267.0,287.0,291.0,371.0,374.0,391.0,403.0,445.0,459.0,533.0,544.0,544.0,546.0,562.0,566.0,569.0,571.0,579.0,584.0,598.0,610.0,626.0,630.0,642.0,665.0,694.0,720.0,743.0,760.0,780.0,810.0,820.0,834.0,857.0,862.0,868.0,871.0,873.0,892.0,906.0,952.0,955.0,980.0,991.0,
30.0,94.0,138.0,154.0,246.0,248.0,285.0,288.0,297.0,326.0,349.0,354.0,373.0,385.0,407.0,418.0,421.0,448.0,516.0,520.0,533.0,539.0,548.0,561.0,594.0,606.0,611.0,625.0,677.0,679.0,702.0,738.0,785.0,849.0,876.0,882.0,904.0,940.0,943.0,969.0,
7.0,40.0,58.0,60.0,150.0,173.0,186.0,187.0,216.0,223.0,290.0,309.0,340.0,405.0,436.0,500.0,578.0,579.0,587.0,643.0,722.0,784.0,795.0,824.0,918.0,926.0,933.0,991.0,996.0,
12.0,19.0,51.0,64.0,131.0,140.0,153.0,157.0,164.0,177.0,193.0,212.0,223.0,226.0,229.0,265.0,303.0,311.0,326.0,389.0,446.0,464.0,496.0,498.0,505.0,534.0,577.0,583.0,787.0,794.0,822.0,
279.0,321.0,388.0,389.0,407.0,460.0,472.0,511.0,532.0,562.0,580.0,614.0,640.0,640.0,728.0,820.0,821.0,838.0,867.0,888.0,
31.0,119.0,181.0,214.0,276.0,279.0,292.0,374.0,378.0,400.0,408.0,499.0,503.0,510.0,517.0,519.0,522.0,530.0,532.0,549.0,550.0,557.0,566.0,578.0,589.0,593.0,596.0,631.0,635.0,641.0,646.0,648.0,649.0,654.0,666.0,682.0,683.0,697.0,702.0,709.0,737.0,765.0,774.0,786.0,789.0,794.0,795.0,818.0,844.0,852.0,888.0,891.0,900.0,954.0,962.0,993.0,997.0,
15.0,31.0,54.0,64.0,123.0,132.0,157.0,228.0,241.0,258.0,261.0,290.0,310.0,328.0,348.0,391.0,499.0,515.0,517.0,537.0,539.0,547.0,548.0,549.0,549.0,554.0,556.0,560.0,573.0,577.0,585.0,587.0,592.0,592.0,595.0,600.0,608.0,616.0,619.0,634.0,643.0,644.0,646.0,654.0,663.0,670.0,689.0,704.0,713.0,717.0,720.0,747.0,755.0,768.0,781.0,793.0,810.0,829.0,871.0,892.0,923.0,975.0,979.0,982.0,991.0,
58.0,70.0,70.0,88.0,138.0,148.0,161.0,199.0,205.0,237.0,237.0,276.0,283.0,378.0,471.0,478.0,487.0,491.0,514.0,519.0,520.0,533.0,535.0,540.0,548.0,550.0,554.0,555.0,558.0,559.0,559.0,563.0,566.0,570.0,574.0,579.0,579.0,620.0,628.0,637.0,637.0,651.0,672.0,687.0,688.0,690.0,732.0,740.0,766.0,777.0,780.0,798.0,811.0,812.0,886.0,894.0,925.0,935.0,938.0,965.0,973.0,974.0,981.0,
23.0,26.0,51.0,76.0,77.0,90.0,139.0,142.0,147.0,186.0,214.0,243.0,248.0,308.0,336.0,363.0,391.0,407.0,408.0,417.0,467.0,509.0,526.0,527.0,527.0,533.0,536.0,538.0,538.0,542.0,547.0,550.0,555.0,563.0,565.0,573.0,583.0,595.0,604.0,616.0,618.0,621.0,623.0,643.0,644.0,645.0,649.0,656.0,687.0,719.0,729.0,738.0,742.0,752.0,759.0,765.0,808.0,838.0,843.0,871.0,889.0,896.0,919.0,931.0,964.0,
32.0,56.0,92.0,114.0,124.0,170.0,190.0,225.0,282.0,405.0,431.0,435.0,456.0,459.0,476.0,484.0,487.0,521.0,523.0,525.0,525.0,532.0,542.0,550.0,553.0,553.0,554.0,556.0,559.0,563.0,564.0,573.0,574.0,577.0,578.0,580.0,586.0,602.0,616.0,632.0,649.0,656.0,664.0,699.0,710.0,716.0,718.0,722.0,740.0,741.0,742.0,783.0,795.0,816.0,820.0,868.0,873.0,892.0,908.0,924.0,926.0,932.0,934.0,980.0,
82.0,119.0,133.0,135.0,143.0,150.0,198.0,331.0,342.0,376.0,395.0,438.0,483.0,512.0,520.0,526.0,552.0,579.0,642.0,674.0,676.0,767.0,835.0,894.0,945.0,989.0,994.0,
52.0,56.0,74.0,89.0,92.0,129.0,142.0,149.0,152.0,199.0,219.0,239.0,342.0,352.0,352.0,361.0,385.0,391.0,447.0,475.0,495.0,540.0,563.0,609.0,635.0,644.0,693.0,716.0,802.0,904.0,916.0,
