123.0,129.0,133.0,217.0,275.0,293.0,301.0,332.0,366.0,390.0,425.0,437.0,459.0,487.0,487.0,506.0,506.0,541.0,552.0,691.0,735.0,747.0,753.0,772.0,787.0,795.0,819.0,839.0,900.0,906.0,908.0,910.0,922.0,977.0,988.0,999.0,
8.0,22.0,38.0,95.0,108.0,114.0,122.0,134.0,139.0,141.0,169.0,204.0,208.0,228.0,260.0,286.0,299.0,308.0,317.0,333.0,336.0,364.0,378.0,435.0,478.0,501.0,529.0,533.0,548.0,565.0,580.0,646.0,678.0,724.0,805.0,853.0,984.0,995.0,
6.0,40.0,55.0,75.0,96.0,120.0,208.0,231.0,254.0,255.0,320.0,354.0,404.0,410.0,467.0,477.0,482.0,489.0,538.0,538.0,552.0,582.0,583.0,592.0,593.0,606.0,766.0,771.0,777.0,783.0,785.0,785.0,848.0,911.0,925.0,932.0,
11.0,24.0,26.0,35.0,59.0,60.0,72.0,78.0,100.0,124.0,130.0,167.0,170.0,287.0,319.0,323.0,334.0,357.0,385.0,406.0,464.0,474.0,481.0,490.0,502.0,512.0,540.0,559.0,580.0,585.0,588.0,638.0,676.0,682.0,693.0,710.0,747.0,774.0,783.0,907.0,926.0,934.0,960.0,
21.0,27.0,133.0,139.0,240.0,332.0,345.0,349.0,383.0,433.0,453.0,455.0,467.0,475.0,477.0,521.0,541.0,541.0,590.0,607.0,629.0,645.0,700.0,732.0,735.0,745.0,761.0,785.0,829.0,869.0,895.0,950.0,963.0,984.0,
17.0,27.0,31.0,80.0,108.0,191.0,195.0,244.0,277.0,363.0,380.0,432.0,452.0,514.0,533.0,534.0,538.0,554.0,556.0,748.0,842.0,871.0,886.0,889.0,951.0,997.0,
15.0,16.0,63.0,93.0,119.0,122.0,127.0,136.0,150.0,170.0,240.0,259.0,262.0,304.0,319.0,338.0,393.0,418.0,442.0,488.0,495.0,500.0,510.0,553.0,559.0,577.0,604.0,613.0,615.0,681.0,748.0,781.0,871.0,923.0,995.0,
53.0,57.0,61.0,68.0,90.0,92.0,114.0,116.0,123.0,135.0,187.0,203.0,237.0,240.0,295.0,323.0,355.0,362.0,419.0,431.0,476.0,509.0,576.0,608.0,614.0,636.0,678.0,799.0,804.0,851.0,892.0,960.0,991.0,
24.0,65.0,94.0,99.0,102.0,111.0,125.0,229.0,231.0,344.0,360.0,432.0,466.0,476.0,476.0,513.0,538.0,547.0,623.0,672.0,701.0,718.0,748.0,770.0,816.0,840.0,877.0,925.0,928.0,987.0,
8.0,12.0,50.0,58.0,67.0,120.0,197.0,211.0,233.0,259.0,296.0,318.0,377.0,383.0,435.0,457.0,477.0,493.0,505.0,529.0,533.0,571.0,590.0,591.0,698.0,702.0,712.0,717.0,723.0,725.0,729.0,742.0,753.0,777.0,822.0,836.0,849.0,919.0,935.0,948.0,988.0,
30.0,44.0,56.0,68.0,73.0,116.0,135.0,144.0,156.0,170.0,232.0,237.0,266.0,293.0,304.0,325.0,336.0,346.0,378.0,393.0,427.0,460.0,463.0,472.0,485.0,568.0,571.0,573.0,588.0,623.0,634.0,650.0,678.0,691.0,703.0,723.0,763.0,785.0,807.0,869.0,940.0,942.0,947.0,
72.0,79.0,86.0,91.0,130.0,144.0,149.0,182.0,237.0,267.0,284.0,309.0,380.0,424.0,449.0,473.0,511.0,515.0,537.0,575.0,585.0,645.0,648.0,747.0,859.0,976.0,
43.0,47.0,52.0,101.0,115.0,226.0,227.0,250.0,254.0,303.0,314.0,315.0,328.0,330.0,402.0,458.0,472.0,491.0,498.0,507.0,512.0,512.0,516.0,527.0,528.0,548.0,567.0,569.0,584.0,631.0,643.0,706.0,711.0,714.0,721.0,788.0,812.0,833.0,833.0,843.0,861.0,870.0,878.0,895.0,901.0,911.0,915.0,922.0,955.0,956.0,967.0,973.0,
7.0,24.0,37.0,39.0,222.0,224.0,336.0,336.0,345.0,349.0,367.0,422.0,460.0,476.0,526.0,531.0,532.0,545.0,547.0,551.0,552.0,554.0,559.0,563.0,590.0,591.0,592.0,598.0,600.0,617.0,621.0,629.0,643.0,654.0,676.0,688.0,688.0,721.0,725.0,732.0,737.0,746.0,754.0,755.0,757.0,770.0,780.0,820.0,831.0,833.0,844.0,857.0,859.0,871.0,893.0,894.0,939.0,940.0,941.0,951.0,955.0,965.0,991.0,993.0,1000.0,
27.0,38.0,55.0,77.0,122.0,162.0,173.0,187.0,233.0,260.0,304.0,317.0,329.0,356.0,361.0,380.0,439.0,462.0,469.0,487.0,507.0,514.0,522.0,525.0,526.0,531.0,533.0,534.0,534.0,536.0,541.0,553.0,553.0,554.0,559.0,564.0,567.0,572.0,574.0,574.0,580.0,584.0,585.0,585.0,590.0,590.0,595.0,615.0,626.0,634.0,637.0,644.0,648.0,651.0,654.0,713.0,724.0,735.0,736.0,754.0,762.0,776.0,799.0,802.0,818.0,834.0,836.0,837.0,839.0,842.0,843.0,849.0,851.0,854.0,888.0,910.0,913.0,928.0,930.0,938.0,952.0,962.0,963.0,998.0,
2.0,7.0,130.0,151.0,162.0,196.0,237.0,240.0,250.0,346.0,419.0,431.0,446.0,467.0,502.0,515.0,518.0,523.0,523.0,524.0,541.0,544.0,554.0,561.0,562.0,563.0,563.0,566.0,568.0,569.0,571.0,576.0,576.0,582.0,593.0,595.0,602.0,604.0,626.0,628.0,631.0,635.0,636.0,650.0,653.0,654.0,657.0,659.0,661.0,665.0,673.0,679.0,684.0,696.0,709.0,721.0,738.0,738.0,749.0,755.0,756.0,765.0,780.0,821.0,832.0,871.0,881.0,885.0,909.0,920.0,933.0,950.0,953.0,998.0,
41.0,76.0,84.0,120.0,127.0,193.0,216.0,228.0,234.0,237.0,275.0,278.0,307.0,313.0,319.0,330.0,345.0,361.0,378.0,423.0,447.0,460.0,477.0,478.0,515.0,518.0,521.0,522.0,533.0,537.0,537.0,537.0,539.0,551.0,551.0,553.0,554.0,557.0,558.0,563.0,569.0,573.0,583.0,584.0,585.0,586.0,596.0,610.0,625.0,639.0,641.0,642.0,651.0,656.0,667.0,668.0,671.0,678.0,682.0,696.0,723.0,731.0,732.0,738.0,739.0,757.0,763.0,796.0,799.0,802.0,805.0,824.0,833.0,853.0,855.0,884.0,885.0,913.0,921.0,935.0,947.0,950.0,955.0,967.0,970.0,
11.0,20.0,34.0,49.0,81.0,94.0,100.0,145.0,157.0,172.0,178.0,198.0,208.0,252.0,266.0,274.0,278.0,281.0,324.0,365.0,388.0,412.0,416.0,419.0,423.0,427.0,427.0,507.0,514.0,526.0,528.0,528.0,528.0,535.0,539.0,552.0,554.0,560.0,566.0,568.0,573.0,584.0,586.0,605.0,610.0,620.0,621.0,626.0,627.0,628.0,628.0,632.0,634.0,640.0,667.0,670.0,674.0,677.0,697.0,709.0,715.0,757.0,764.0,764.0,779.0,790.0,834.0,849.0,894.0,901.0,908.0,940.0,999.0,
39.0,106.0,113.0,120.0,136.0,154.0,177.0,194.0,227.0,245.0,253.0,257.0,269.0,280.0,294.0,318.0,332.0,340.0,376.0,395.0,399.0,416.0,481.0,484.0,490.0,497.0,507.0,517.0,537.0,537.0,545.0,550.0,555.0,564.0,583.0,584.0,608.0,609.0,615.0,616.0,616.0,627.0,639.0,667.0,696.0,716.0,719.0,728.0,803.0,809.0,817.0,862.0,882.0,890.0,891.0,930.0,1000.0,
7.0,12.0,83.0,102.0,139.0,209.0,213.0,223.0,237.0,271.0,360.0,366.0,366.0,382.0,388.0,403.0,415.0,511.0,584.0,604.0,668.0,676.0,706.0,726.0,730.0,742.0,759.0,767.0,779.0,792.0,839.0,841.0,878.0,948.0,970.0,
11.0,115.0,142.0,160.0,206.0,207.0,228.0,240.0,244.0,246.0,250.0,268.0,269.0,280.0,301.0,307.0,332.0,384.0,391.0,416.0,432.0,528.0,568.0,661.0,662.0,664.0,694.0,706.0,721.0,725.0,735.0,790.0,816.0,870.0,884.0,974.0,
30.0,34.0,51.0,87.0,120.0,133.0,141.0,153.0,163.0,243.0,463.0,473.0,494.0,496.0,511.0,529.0,530.0,534.0,536.0,546.0,562.0,580.0,584.0,609.0,610.0,626.0,680.0,718.0,761.0,776.0,781.0,790.0,793.0,809.0,810.0,837.0,856.0,889.0,927.0,974.0,979.0,996.0,997.0,
19.0,135.0,150.0,222.0,278.0,288.0,294.0,302.0,308.0,310.0,337.0,407.0,460.0,461.0,479.0,487.0,496.0,502.0,516.0,517.0,517.0,527.0,532.0,536.0,540.0,552.0,559.0,559.0,567.0,571.0,584.0,593.0,601.0,605.0,609.0,611.0,614.0,622.0,622.0,648.0,653.0,666.0,668.0,687.0,697.0,716.0,719.0,737.0,780.0,785.0,792.0,824.0,858.0,870.0,873.0,883.0,888.0,890.0,890.0,940.0,947.0,963.0,964.0,991.0,
36.0,49.0,75.0,76.0,95.0,118.0,130.0,184.0,209.0,227.0,262.0,288.0,311.0,349.0,352.0,362.0,383.0,440.0,478.0,494.0,509.0,518.0,523.0,528.0,529.0,532.0,536.0,548.0,550.0,555.0,559.0,565.0,575.0,583.0,590.0,606.0,619.0,647.0,651.0,652.0,652.0,665.0,665.0,678.0,680.0,685.0,696.0,713.0,721.0,737.0,760.0,776.0,785.0,833.0,835.0,838.0,839.0,846.0,887.0,896.0,916.0,953.0,956.0,968.0,997.0,
53.0,89.0,150.0,157.0,160.0,166.0,176.0,185.0,251.0,254.0,263.0,282.0,308.0,325.0,376.0,377.0,405.0,413.0,415.0,418.0,491.0,526.0,529.0,533.0,534.0,535.0,544.0,547.0,564.0,567.0,575.0,578.0,580.0,586.0,589.0,601.0,603.0,608.0,625.0,626.0,631.0,656.0,657.0,677.0,681.0,683.0,699.0,711.0,714.0,729.0,735.0,739.0,757.0,800.0,815.0,857.0,897.0,902.0,905.0,921.0,946.0,949.0,952.0,966.0,970.0,990.0,
5.0,5.0,13.0,31.0,32.0,33.0,41.0,100.0,105.0,127.0,156.0,158.0,169.0,177.0,208.0,292.0,350.0,350.0,354.0,368.0,393.0,403.0,436.0,453.0,474.0,514.0,531.0,537.0,543.0,545.0,545.0,549.0,550.0,552.0,552.0,554.0,558.0,563.0,563.0,566.0,570.0,571.0,578.0,578.0,580.0,586.0,591.0,632.0,639.0,640.0,642.0,644.0,664.0,687.0,715.0,716.0,736.0,738.0,759.0,783.0,828.0,829.0,840.0,843.0,846.0,877.0,906.0,920.0,924.0,942.0,956.0,960.0,966.0,974.0,992.0,
39.0,56.0,70.0,88.0,92.0,177.0,189.0,210.0,257.0,291.0,339.0,356.0,360.0,380.0,398.0,422.0,454.0,503.0,530.0,531.0,535.0,536.0,537.0,539.0,540.0,544.0,553.0,553.0,553.0,554.0,556.0,557.0,565.0,567.0,569.0,574.0,598.0,607.0,611.0,614.0,618.0,637.0,643.0,665.0,672.0,678.0,694.0,709.0,722.0,739.0,742.0,751.0,763.0,769.0,777.0,781.0,808.0,825.0,837.0,858.0,865.0,882.0,888.0,899.0,927.0,946.0,984.0,994.0,997.0,
32.0,47.0,48.0,56.0,79.0,89.0,92.0,110.0,136.0,176.0,191.0,199.0,245.0,260.0,376.0,396.0,432.0,456.0,456.0,467.0,510.0,510.0,514.0,515.0,526.0,529.0,529.0,530.0,533.0,536.0,540.0,552.0,563.0,566.0,574.0,574.0,578.0,584.0,598.0,602.0,612.0,613.0,617.0,617.0,628.0,633.0,635.0,637.0,641.0,642.0,644.0,645.0,648.0,665.0,665.0,669.0,691.0,693.0,712.0,734.0,758.0,767.0,773.0,833.0,838.0,855.0,868.0,889.0,943.0,945.0,953.0,974.0,982.0,987.0,994.0,
17.0,36.0,42.0,70.0,117.0,192.0,218.0,236.0,245.0,291.0,313.0,333.0,343.0,345.0,367.0,393.0,400.0,486.0,493.0,503.0,506.0,517.0,522.0,548.0,557.0,579.0,585.0,592.0,619.0,623.0,637.0,641.0,646.0,655.0,660.0,684.0,711.0,721.0,752.0,757.0,762.0,765.0,773.0,782.0,793.0,796.0,800.0,804.0,806.0,814.0,842.0,885.0,899.0,900.0,909.0,911.0,914.0,917.0,932.0,934.0,953.0,959.0,975.0,978.0,983.0,
12.0,25.0,45.0,48.0,54.0,68.0,80.0,144.0,168.0,196.0,208.0,224.0,227.0,278.0,304.0,357.0,360.0,379.0,391.0,394.0,438.0,510.0,526.0,541.0,545.0,552.0,552.0,567.0,579.0,582.0,624.0,627.0,714.0,749.0,789.0,833.0,844.0,921.0,922.0,928.0,950.0,964.0,
5.0,144.0,192.0,214.0,249.0,297.0,312.0,337.0,338.0,363.0,382.0,407.0,426.0,439.0,469.0,485.0,505.0,508.0,543.0,666.0,747.0,786.0,839.0,
6.0,57.0,129.0,149.0,173.0,191.0,204.0,205.0,212.0,233.0,238.0,258.0,263.0,278.0,288.0,314.0,315.0,321.0,332.0,353.0,386.0,395.0,477.0,513.0,522.0,530.0,533.0,534.0,534.0,535.0,536.0,536.0,546.0,546.0,556.0,561.0,564.0,565.0,571.0,581.0,603.0,604.0,614.0,627.0,647.0,647.0,656.0,664.0,669.0,677.0,683.0,683.0,695.0,704.0,709.0,738.0,738.0,743.0,749.0,752.0,818.0,824.0,836.0,847.0,848.0,849.0,852.0,866.0,873.0,884.0,897.0,909.0,955.0,961.0,999.0,
5.0,31.0,37.0,70.0,98.0,122.0,159.0,163.0,166.0,170.0,172.0,187.0,188.0,229.0,285.0,287.0,388.0,443.0,444.0,515.0,517.0,521.0,528.0,529.0,529.0,539.0,542.0,543.0,544.0,545.0,546.0,546.0,547.0,548.0,553.0,560.0,561.0,570.0,571.0,572.0,575.0,582.0,598.0,614.0,616.0,638.0,650.0,658.0,659.0,661.0,703.0,703.0,705.0,742.0,754.0,758.0,759.0,762.0,764.0,781.0,785.0,794.0,797.0,800.0,801.0,804.0,827.0,837.0,865.0,888.0,910.0,947.0,947.0,
23.0,54.0,62.0,77.0,116.0,134.0,174.0,189.0,293.0,311.0,312.0,321.0,350.0,356.0,387.0,397.0,405.0,444.0,519.0,533.0,538.0,541.0,547.0,551.0,553.0,565.0,566.0,573.0,577.0,585.0,592.0,595.0,596.0,615.0,625.0,639.0,643.0,650.0,655.0,662.0,684.0,696.0,704.0,739.0,742.0,746.0,755.0,788.0,828.0,843.0,863.0,866.0,886.0,889.0,890.0,892.0,929.0,941.0,954.0,973.0,980.0,994.0,998.0,
12.0,19.0,30.0,42.0,49.0,55.0,56.0,68.0,94.0,118.0,119.0,121.0,147.0,165.0,186.0,203.0,208.0,213.0,230.0,241.0,278.0,288.0,300.0,304.0,455.0,486.0,501.0,509.0,512.0,520.0,522.0,524.0,530.0,532.0,534.0,538.0,539.0,541.0,542.0,543.0,545.0,589.0,597.0,603.0,620.0,621.0,623.0,624.0,631.0,632.0,632.0,639.0,673.0,678.0,688.0,706.0,723.0,725.0,731.0,763.0,776.0,782.0,783.0,788.0,810.0,814.0,824.0,855.0,855.0,889.0,893.0,902.0,915.0,917.0,931.0,935.0,963.0,975.0,983.0,
75.0,84.0,117.0,133.0,136.0,138.0,152.0,186.0,191.0,198.0,203.0,213.0,223.0,261.0,265.0,280.0,351.0,437.0,523.0,529.0,530.0,530.0,530.0,559.0,567.0,575.0,575.0,576.0,589.0,594.0,600.0,603.0,603.0,606.0,609.0,612.0,613.0,617.0,623.0,629.0,676.0,686.0,689.0,690.0,703.0,706.0,710.0,726.0,738.0,763.0,783.0,793.0,801.0,810.0,822.0,825.0,858.0,960.0,
97.0,113.0,123.0,138.0,138.0,191.0,257.0,276.0,309.0,337.0,364.0,385.0,421.0,448.0,491.0,507.0,507.0,519.0,533.0,537.0,542.0,543.0,547.0,548.0,550.0,560.0,565.0,570.0,577.0,581.0,588.0,595.0,624.0,624.0,626.0,635.0,648.0,651.0,658.0,675.0,689.0,701.0,716.0,718.0,725.0,727.0,745.0,761.0,766.0,796.0,812.0,815.0,816.0,835.0,846.0,890.0,892.0,911.0,924.0,954.0,981.0,
43.0,117.0,117.0,123.0,135.0,146.0,232.0,238.0,238.0,286.0,290.0,292.0,309.0,362.0,403.0,417.0,421.0,431.0,442.0,455.0,458.0,479.0,492.0,515.0,518.0,529.0,553.0,557.0,562.0,563.0,564.0,565.0,595.0,598.0,623.0,639.0,645.0,658.0,665.0,701.0,702.0,702.0,709.0,712.0,713.0,738.0,767.0,772.0,776.0,777.0,782.0,865.0,873.0,879.0,922.0,939.0,956.0,979.0,
33.0,53.0,59.0,83.0,100.0,127.0,147.0,166.0,199.0,202.0,253.0,300.0,306.0,315.0,351.0,458.0,481.0,492.0,517.0,521.0,535.0,535.0,539.0,539.0,541.0,545.0,552.0,560.0,570.0,574.0,577.0,582.0,583.0,592.0,617.0,636.0,640.0,642.0,662.0,682.0,683.0,698.0,706.0,719.0,762.0,789.0,794.0,809.0,816.0,836.0,848.0,856.0,877.0,897.0,898.0,912.0,934.0,943.0,944.0,961.0,
2.0,79.0,83.0,113.0,124.0,227.0,253.0,304.0,306.0,358.0,396.0,431.0,519.0,522.0,524.0,541.0,543.0,545.0,547.0,553.0,555.0,590.0,599.0,609.0,620.0,627.0,633.0,649.0,679.0,701.0,732.0,733.0,740.0,742.0,774.0,778.0,779.0,788.0,804.0,815.0,822.0,822.0,839.0,846.0,891.0,891.0,897.0,949.0,954.0,973.0,976.0,985.0,996.0,
25.0,31.0,70.0,77.0,142.0,157.0,162.0,176.0,191.0,234.0,271.0,283.0,295.0,317.0,322.0,372.0,429.0,474.0,503.0,519.0,535.0,564.0,568.0,577.0,585.0,626.0,631.0,644.0,653.0,669.0,681.0,709.0,728.0,769.0,795.0,797.0,814.0,854.0,855.0,874.0,892.0,902.0,991.0,992.0,
22.0,40.0,71.0,88.0,130.0,180.0,222.0,223.0,236.0,341.0,352.0,370.0,396.0,397.0,420.0,423.0,471.0,477.0,511.0,518.0,520.0,526.0,528.0,532.0,535.0,537.0,543.0,546.0,549.0,551.0,551.0,551.0,553.0,555.0,572.0,575.0,591.0,595.0,610.0,612.0,626.0,635.0,648.0,649.0,699.0,700.0,707.0,715.0,739.0,751.0,777.0,777.0,778.0,779.0,797.0,805.0,816.0,827.0,848.0,850.0,858.0,868.0,870.0,871.0,877.0,887.0,899.0,930.0,946.0,948.0,969.0,993.0,
45.0,50.0,63.0,74.0,115.0,125.0,134.0,173.0,192.0,209.0,344.0,356.0,418.0,450.0,473.0,505.0,513.0,517.0,519.0,521.0,523.0,528.0,540.0,541.0,541.0,552.0,552.0,553.0,564.0,570.0,593.0,604.0,615.0,620.0,621.0,627.0,629.0,630.0,631.0,633.0,633.0,639.0,645.0,657.0,672.0,684.0,705.0,707.0,709.0,710.0,711.0,729.0,744.0,745.0,768.0,807.0,825.0,829.0,859.0,873.0,899.0,955.0,993.0,
43.0,56.0,68.0,85.0,103.0,131.0,144.0,159.0,162.0,233.0,254.0,262.0,275.0,290.0,299.0,304.0,308.0,381.0,383.0,397.0,399.0,420.0,435.0,437.0,441.0,513.0,521.0,525.0,528.0,540.0,542.0,544.0,545.0,545.0,546.0,549.0,554.0,555.0,555.0,555.0,558.0,570.0,573.0,574.0,577.0,579.0,585.0,586.0,592.0,597.0,610.0,612.0,616.0,629.0,632.0,632.0,638.0,646.0,683.0,685.0,692.0,696.0,698.0,712.0,722.0,723.0,738.0,762.0,810.0,871.0,893.0,894.0,921.0,946.0,959.0,974.0,983.0,990.0,
8.0,25.0,71.0,90.0,103.0,123.0,132.0,296.0,302.0,312.0,319.0,357.0,362.0,378.0,407.0,433.0,446.0,459.0,512.0,523.0,523.0,538.0,538.0,539.0,539.0,545.0,562.0,563.0,571.0,581.0,583.0,606.0,621.0,632.0,635.0,651.0,658.0,658.0,660.0,686.0,698.0,706.0,721.0,746.0,754.0,784.0,818.0,852.0,889.0,912.0,941.0,943.0,945.0,969.0,978.0,994.0,996.0,998.0,
70.0,96.0,99.0,109.0,120.0,215.0,218.0,219.0,231.0,251.0,254.0,282.0,320.0,359.0,363.0,375.0,409.0,439.0,517.0,526.0,536.0,536.0,541.0,543.0,546.0,548.0,560.0,562.0,563.0,570.0,588.0,596.0,596.0,598.0,600.0,604.0,607.0,608.0,617.0,627.0,646.0,663.0,666.0,670.0,676.0,685.0,690.0,706.0,739.0,750.0,756.0,767.0,771.0,774.0,783.0,798.0,813.0,818.0,820.0,872.0,926.0,929.0,935.0,944.0,945.0,949.0,958.0,963.0,967.0,974.0,979.0,
2.0,44.0,61.0,63.0,64.0,75.0,96.0,205.0,220.0,224.0,248.0,270.0,305.0,373.0,409.0,410.0,460.0,463.0,489.0,513.0,525.0,533.0,537.0,540.0,544.0,546.0,549.0,552.0,553.0,557.0,560.0,566.0,568.0,569.0,571.0,573.0,587.0,587.0,608.0,612.0,620.0,631.0,640.0,664.0,690.0,700.0,739.0,754.0,757.0,787.0,850.0,913.0,939.0,985.0,985.0,998.0,999.0,
42.0,80.0,137.0,186.0,194.0,231.0,236.0,240.0,258.0,269.0,310.0,312.0,314.0,316.0,316.0,369.0,373.0,400.0,409.0,414.0,444.0,448.0,453.0,461.0,527.0,527.0,528.0,528.0,529.0,535.0,540.0,542.0,543.0,551.0,555.0,556.0,562.0,563.0,564.0,565.0,568.0,568.0,570.0,593.0,599.0,599.0,599.0,604.0,611.0,615.0,623.0,631.0,637.0,649.0,655.0,658.0,666.0,674.0,682.0,688.0,690.0,693.0,723.0,746.0,746.0,751.0,787.0,789.0,791.0,796.0,796.0,796.0,803.0,803.0,843.0,858.0,859.0,865.0,888.0,913.0,937.0,964.0,965.0,981.0,987.0,
6.0,27.0,39.0,58.0,71.0,121.0,138.0,198.0,255.0,255.0,263.0,304.0,325.0,333.0,354.0,364.0,367.0,397.0,399.0,408.0,427.0,443.0,509.0,527.0,532.0,536.0,541.0,542.0,543.0,544.0,548.0,551.0,551.0,554.0,559.0,562.0,566.0,573.0,587.0,592.0,608.0,609.0,615.0,618.0,620.0,625.0,634.0,637.0,657.0,658.0,662.0,707.0,710.0,765.0,826.0,860.0,877.0,896.0,910.0,923.0,937.0,981.0,985.0,988.0,
13.0,26.0,62.0,75.0,103.0,124.0,165.0,170.0,209.0,215.0,243.0,273.0,298.0,313.0,360.0,397.0,500.0,514.0,525.0,526.0,535.0,535.0,537.0,548.0,557.0,563.0,570.0,577.0,585.0,595.0,597.0,602.0,612.0,619.0,620.0,625.0,636.0,641.0,673.0,674.0,678.0,694.0,698.0,698.0,739.0,743.0,748.0,749.0,756.0,764.0,792.0,820.0,840.0,844.0,855.0,878.0,924.0,935.0,951.0,955.0,991.0,
38.0,56.0,85.0,96.0,137.0,139.0,140.0,159.0,170.0,230.0,239.0,282.0,292.0,292.0,309.0,347.0,378.0,419.0,435.0,470.0,498.0,504.0,538.0,538.0,542.0,545.0,556.0,597.0,611.0,613.0,616.0,657.0,663.0,675.0,702.0,713.0,741.0,757.0,835.0,856.0,873.0,917.0,
7.0,48.0,60.0,80.0,106.0,113.0,146.0,163.0,179.0,193.0,204.0,261.0,283.0,296.0,309.0,321.0,343.0,377.0,378.0,410.0,449.0,450.0,461.0,482.0,512.0,516.0,531.0,534.0,537.0,538.0,541.0,554.0,557.0,557.0,563.0,566.0,577.0,580.0,581.0,582.0,584.0,601.0,607.0,608.0,614.0,625.0,626.0,637.0,643.0,647.0,649.0,653.0,654.0,660.0,676.0,679.0,691.0,698.0,701.0,720.0,741.0,753.0,762.0,763.0,798.0,805.0,831.0,847.0,856.0,861.0,887.0,911.0,914.0,915.0,918.0,921.0,934.0,935.0,936.0,939.0,941.0,946.0,963.0,998.0,
66.0,128.0,144.0,183.0,205.0,227.0,240.0,266.0,271.0,272.0,285.0,286.0,383.0,385.0,412.0,416.0,420.0,427.0,460.0,492.0,512.0,517.0,518.0,520.0,526.0,528.0,543.0,549.0,551.0,554.0,561.0,565.0,577.0,580.0,582.0,601.0,602.0,604.0,620.0,622.0,624.0,628.0,633.0,637.0,640.0,659.0,659.0,667.0,679.0,684.0,705.0,729.0,731.0,758.0,770.0,786.0,792.0,835.0,848.0,916.0,952.0,966.0,978.0,979.0,989.0,991.0,993.0,999.0,
14.0,109.0,132.0,163.0,192.0,240.0,245.0,293.0,296.0,336.0,417.0,422.0,431.0,451.0,478.0,489.0,517.0,520.0,530.0,541.0,541.0,546.0,548.0,556.0,564.0,575.0,577.0,581.0,584.0,585.0,588.0,597.0,614.0,618.0,623.0,654.0,656.0,665.0,679.0,684.0,692.0,693.0,704.0,746.0,755.0,788.0,807.0,844.0,847.0,869.0,875.0,934.0,938.0,963.0,
19.0,41.0,54.0,121.0,151.0,165.0,178.0,194.0,224.0,254.0,256.0,257.0,295.0,336.0,380.0,392.0,405.0,468.0,472.0,500.0,513.0,518.0,520.0,529.0,534.0,538.0,540.0,544.0,546.0,548.0,571.0,596.0,598.0,598.0,601.0,607.0,612.0,620.0,632.0,636.0,638.0,639.0,644.0,652.0,657.0,658.0,678.0,683.0,692.0,702.0,752.0,755.0,762.0,762.0,793.0,816.0,827.0,840.0,843.0,856.0,875.0,909.0,918.0,958.0,968.0,975.0,989.0,997.0,
4.0,18.0,61.0,89.0,102.0,104.0,129.0,136.0,151.0,155.0,225.0,236.0,271.0,304.0,308.0,334.0,374.0,403.0,421.0,449.0,492.0,527.0,534.0,536.0,551.0,551.0,552.0,556.0,556.0,572.0,574.0,579.0,582.0,608.0,609.0,618.0,622.0,626.0,645.0,669.0,726.0,775.0,854.0,880.0,881.0,883.0,896.0,897.0,910.0,910.0,926.0,946.0,958.0,964.0,972.0,987.0,989.0,
2.0,13.0,55.0,70.0,103.0,119.0,149.0,174.0,211.0,229.0,247.0,292.0,297.0,334.0,387.0,388.0,390.0,390.0,404.0,411.0,432.0,440.0,441.0,457.0,486.0,504.0,518.0,523.0,525.0,527.0,528.0,529.0,536.0,536.0,536.0,541.0,543.0,546.0,558.0,565.0,578.0,584.0,592.0,594.0,603.0,604.0,607.0,614.0,623.0,630.0,632.0,648.0,657.0,667.0,667.0,697.0,715.0,725.0,738.0,740.0,745.0,756.0,773.0,785.0,790.0,799.0,799.0,855.0,942.0,945.0,956.0,960.0,998.0,
105.0,130.0,155.0,171.0,250.0,369.0,385.0,403.0,447.0,449.0,474.0,479.0,521.0,532.0,537.0,538.0,540.0,557.0,558.0,559.0,560.0,596.0,600.0,600.0,612.0,613.0,624.0,633.0,646.0,673.0,711.0,712.0,716.0,760.0,765.0,773.0,774.0,784.0,809.0,809.0,872.0,876.0,877.0,878.0,898.0,905.0,910.0,
4.0,11.0,13.0,43.0,68.0,134.0,149.0,164.0,171.0,186.0,196.0,204.0,212.0,221.0,225.0,270.0,294.0,347.0,349.0,354.0,372.0,377.0,390.0,415.0,492.0,496.0,507.0,519.0,539.0,542.0,547.0,550.0,550.0,552.0,553.0,555.0,555.0,564.0,565.0,567.0,568.0,572.0,573.0,574.0,584.0,597.0,601.0,604.0,612.0,624.0,626.0,633.0,634.0,643.0,650.0,681.0,701.0,706.0,722.0,740.0,761.0,768.0,776.0,793.0,797.0,825.0,828.0,833.0,834.0,843.0,845.0,860.0,908.0,913.0,913.0,916.0,953.0,955.0,969.0,977.0,992.0,998.0,
9.0,27.0,32.0,120.0,178.0,189.0,190.0,228.0,270.0,274.0,281.0,335.0,340.0,355.0,408.0,421.0,428.0,456.0,481.0,499.0,518.0,525.0,530.0,538.0,547.0,551.0,555.0,560.0,563.0,567.0,569.0,573.0,574.0,575.0,581.0,591.0,591.0,596.0,600.0,600.0,600.0,602.0,607.0,625.0,628.0,652.0,656.0,665.0,666.0,670.0,671.0,672.0,673.0,682.0,687.0,690.0,717.0,778.0,779.0,793.0,797.0,800.0,811.0,813.0,816.0,823.0,838.0,841.0,910.0,942.0,948.0,962.0,965.0,986.0,
3.0,64.0,64.0,86.0,107.0,112.0,120.0,124.0,137.0,155.0,161.0,358.0,424.0,445.0,470.0,489.0,515.0,528.0,529.0,548.0,614.0,639.0,675.0,694.0,779.0,843.0,862.0,863.0,869.0,928.0,970.0,999.0,
47.0,140.0,173.0,227.0,282.0,295.0,316.0,343.0,347.0,368.0,381.0,408.0,413.0,433.0,454.0,471.0,482.0,511.0,518.0,525.0,528.0,529.0,534.0,534.0,539.0,541.0,544.0,546.0,552.0,555.0,555.0,559.0,583.0,587.0,594.0,594.0,598.0,603.0,604.0,607.0,613.0,621.0,632.0,633.0,653.0,657.0,659.0,660.0,664.0,674.0,696.0,714.0,715.0,716.0,724.0,738.0,739.0,745.0,750.0,755.0,756.0,769.0,772.0,791.0,797.0,798.0,799.0,825.0,830.0,833.0,843.0,853.0,861.0,863.0,868.0,879.0,883.0,900.0,902.0,919.0,922.0,922.0,931.0,942.0,952.0,967.0,984.0,987.0,999.0,
2.0,50.0,74.0,99.0,208.0,211.0,250.0,261.0,280.0,293.0,302.0,320.0,343.0,354.0,381.0,392.0,396.0,439.0,462.0,474.0,506.0,509.0,510.0,516.0,518.0,541.0,542.0,572.0,578.0,593.0,594.0,595.0,602.0,623.0,628.0,631.0,646.0,653.0,667.0,683.0,684.0,736.0,740.0,778.0,803.0,806.0,810.0,810.0,831.0,840.0,850.0,868.0,873.0,879.0,900.0,908.0,908.0,944.0,980.0,
10.0,25.0,28.0,39.0,52.0,89.0,133.0,141.0,186.0,197.0,226.0,309.0,315.0,319.0,349.0,356.0,401.0,417.0,458.0,473.0,478.0,510.0,531.0,533.0,535.0,537.0,539.0,541.0,554.0,574.0,577.0,580.0,580.0,590.0,595.0,610.0,621.0,622.0,647.0,647.0,659.0,702.0,705.0,751.0,751.0,779.0,797.0,826.0,832.0,840.0,851.0,874.0,878.0,900.0,915.0,953.0,956.0,956.0,973.0,
17.0,19.0,74.0,81.0,85.0,102.0,170.0,174.0,226.0,252.0,289.0,305.0,313.0,346.0,355.0,364.0,370.0,392.0,399.0,408.0,427.0,483.0,507.0,525.0,526.0,529.0,532.0,536.0,538.0,538.0,540.0,545.0,555.0,557.0,558.0,563.0,565.0,570.0,573.0,574.0,577.0,579.0,583.0,606.0,628.0,646.0,684.0,725.0,730.0,749.0,755.0,761.0,762.0,774.0,799.0,806.0,821.0,821.0,825.0,840.0,840.0,871.0,872.0,873.0,884.0,904.0,935.0,940.0,950.0,965.0,968.0,969.0,977.0,996.0,
22.0,32.0,84.0,101.0,133.0,213.0,224.0,309.0,364.0,402.0,419.0,450.0,516.0,532.0,532.0,538.0,543.0,546.0,546.0,552.0,558.0,577.0,587.0,592.0,595.0,607.0,609.0,666.0,671.0,673.0,679.0,711.0,712.0,712.0,736.0,741.0,810.0,812.0,813.0,814.0,816.0,816.0,821.0,828.0,833.0,851.0,866.0,870.0,874.0,876.0,882.0,888.0,900.0,906.0,910.0,933.0,956.0,960.0,977.0,980.0,990.0,990.0,
97.0,129.0,129.0,203.0,211.0,224.0,270.0,272.0,286.0,307.0,330.0,333.0,405.0,408.0,415.0,438.0,457.0,513.0,519.0,523.0,525.0,534.0,535.0,547.0,556.0,559.0,564.0,568.0,572.0,575.0,585.0,590.0,597.0,598.0,599.0,620.0,658.0,662.0,664.0,664.0,681.0,712.0,714.0,720.0,759.0,784.0,785.0,807.0,829.0,837.0,844.0,860.0,863.0,883.0,904.0,931.0,934.0,
17.0,30.0,66.0,75.0,78.0,128.0,167.0,175.0,193.0,219.0,230.0,246.0,262.0,264.0,295.0,323.0,342.0,431.0,446.0,485.0,496.0,513.0,522.0,526.0,535.0,539.0,539.0,541.0,544.0,549.0,559.0,562.0,568.0,577.0,579.0,583.0,584.0,597.0,609.0,618.0,634.0,637.0,639.0,639.0,655.0,659.0,665.0,671.0,709.0,719.0,745.0,759.0,777.0,782.0,840.0,863.0,934.0,
5.0,8.0,11.0,21.0,71.0,82.0,109.0,112.0,120.0,139.0,172.0,201.0,293.0,357.0,398.0,464.0,512.0,520.0,521.0,525.0,529.0,539.0,545.0,546.0,546.0,547.0,548.0,558.0,560.0,573.0,574.0,578.0,582.0,599.0,606.0,612.0,618.0,624.0,641.0,686.0,703.0,703.0,707.0,708.0,709.0,726.0,730.0,731.0,740.0,751.0,797.0,811.0,815.0,824.0,825.0,844.0,882.0,899.0,929.0,984.0,
116.0,129.0,150.0,153.0,225.0,240.0,256.0,259.0,273.0,284.0,286.0,320.0,349.0,377.0,495.0,508.0,533.0,536.0,543.0,549.0,551.0,553.0,558.0,565.0,568.0,569.0,580.0,588.0,592.0,594.0,616.0,621.0,629.0,629.0,630.0,638.0,638.0,667.0,668.0,669.0,673.0,673.0,759.0,760.0,766.0,776.0,781.0,789.0,825.0,828.0,834.0,836.0,851.0,852.0,856.0,870.0,871.0,895.0,897.0,901.0,916.0,920.0,947.0,955.0,968.0,973.0,991.0,1000.0,
6.0,14.0,92.0,140.0,154.0,158.0,185.0,257.0,269.0,309.0,336.0,353.0,384.0,421.0,462.0,474.0,477.0,496.0,515.0,517.0,518.0,521.0,561.0,562.0,571.0,684.0,731.0,866.0,905.0,956.0,984.0,
38.0,92.0,102.0,131.0,194.0,203.0,208.0,303.0,315.0,326.0,345.0,347.0,351.0,367.0,375.0,383.0,389.0,391.0,447.0,493.0,520.0,523.0,524.0,552.0,564.0,575.0,581.0,598.0,604.0,607.0,613.0,613.0,620.0,622.0,644.0,658.0,669.0,670.0,673.0,676.0,678.0,698.0,704.0,711.0,733.0,736.0,783.0,784.0,789.0,793.0,812.0,828.0,841.0,855.0,881.0,881.0,882.0,888.0,904.0,905.0,906.0,907.0,911.0,954.0,972.0,991.0,
2.0,18.0,27.0,32.0,46.0,76.0,94.0,144.0,147.0,190.0,199.0,203.0,223.0,302.0,303.0,338.0,458.0,477.0,486.0,517.0,521.0,528.0,530.0,531.0,532.0,537.0,537.0,541.0,545.0,561.0,568.0,579.0,579.0,593.0,594.0,598.0,606.0,609.0,643.0,645.0,653.0,674.0,678.0,678.0,708.0,712.0,736.0,755.0,764.0,768.0,804.0,820.0,827.0,835.0,837.0,846.0,893.0,901.0,909.0,919.0,921.0,980.0,996.0,998.0,
5.0,23.0,36.0,84.0,125.0,146.0,152.0,155.0,193.0,227.0,254.0,262.0,281.0,394.0,396.0,432.0,478.0,485.0,499.0,508.0,534.0,542.0,543.0,548.0,549.0,549.0,554.0,559.0,564.0,565.0,577.0,584.0,586.0,595.0,624.0,628.0,629.0,637.0,639.0,640.0,649.0,662.0,662.0,681.0,684.0,684.0,718.0,747.0,764.0,769.0,833.0,837.0,846.0,847.0,909.0,913.0,926.0,929.0,947.0,967.0,980.0,986.0,992.0,
41.0,94.0,97.0,141.0,144.0,158.0,168.0,238.0,270.0,280.0,305.0,305.0,321.0,327.0,330.0,330.0,383.0,394.0,418.0,418.0,459.0,475.0,493.0,520.0,521.0,526.0,534.0,536.0,537.0,543.0,543.0,544.0,548.0,557.0,559.0,561.0,564.0,567.0,571.0,581.0,587.0,588.0,589.0,601.0,618.0,619.0,621.0,629.0,636.0,639.0,661.0,688.0,699.0,746.0,750.0,769.0,778.0,796.0,822.0,839.0,839.0,846.0,850.0,855.0,856.0,858.0,878.0,901.0,910.0,926.0,965.0,
3.0,29.0,51.0,65.0,90.0,109.0,111.0,111.0,138.0,187.0,269.0,284.0,287.0,300.0,310.0,332.0,348.0,374.0,446.0,464.0,482.0,512.0,525.0,529.0,533.0,534.0,535.0,536.0,536.0,538.0,542.0,555.0,564.0,568.0,568.0,569.0,576.0,582.0,588.0,594.0,600.0,601.0,624.0,626.0,627.0,640.0,653.0,667.0,674.0,690.0,729.0,742.0,752.0,757.0,758.0,772.0,783.0,784.0,799.0,809.0,851.0,877.0,877.0,921.0,930.0,953.0,972.0,
26.0,52.0,57.0,165.0,167.0,219.0,222.0,259.0,319.0,355.0,367.0,393.0,462.0,470.0,485.0,511.0,522.0,522.0,524.0,539.0,540.0,541.0,541.0,545.0,547.0,547.0,548.0,556.0,566.0,574.0,577.0,583.0,593.0,597.0,604.0,604.0,604.0,607.0,608.0,611.0,611.0,617.0,623.0,624.0,625.0,627.0,629.0,643.0,645.0,660.0,714.0,724.0,741.0,763.0,784.0,793.0,800.0,806.0,808.0,826.0,846.0,861.0,864.0,872.0,899.0,903.0,914.0,936.0,959.0,961.0,965.0,
42.0,120.0,149.0,164.0,199.0,257.0,265.0,289.0,301.0,318.0,322.0,368.0,525.0,525.0,527.0,528.0,530.0,531.0,547.0,549.0,549.0,549.0,556.0,572.0,573.0,579.0,595.0,598.0,609.0,614.0,622.0,627.0,630.0,635.0,650.0,651.0,668.0,701.0,723.0,760.0,771.0,771.0,784.0,790.0,801.0,839.0,842.0,862.0,876.0,887.0,900.0,912.0,914.0,930.0,932.0,943.0,948.0,953.0,964.0,973.0,988.0,
21.0,22.0,57.0,60.0,70.0,85.0,87.0,116.0,151.0,214.0,226.0,240.0,248.0,289.0,459.0,522.0,527.0,530.0,536.0,541.0,542.0,543.0,563.0,569.0,584.0,587.0,592.0,593.0,598.0,623.0,625.0,627.0,629.0,638.0,646.0,647.0,700.0,735.0,762.0,765.0,780.0,785.0,787.0,794.0,798.0,811.0,827.0,852.0,854.0,878.0,879.0,880.0,922.0,932.0,933.0,935.0,958.0,991.0,994.0,
24.0,54.0,90.0,93.0,123.0,127.0,148.0,155.0,239.0,324.0,383.0,400.0,403.0,405.0,422.0,446.0,451.0,507.0,523.0,529.0,535.0,536.0,547.0,553.0,553.0,561.0,571.0,574.0,595.0,626.0,629.0,644.0,656.0,683.0,689.0,724.0,743.0,773.0,809.0,821.0,830.0,832.0,838.0,862.0,865.0,868.0,872.0,929.0,943.0,969.0,979.0,987.0,
9.0,11.0,18.0,70.0,128.0,129.0,154.0,168.0,197.0,265.0,296.0,347.0,426.0,574.0,591.0,594.0,609.0,694.0,803.0,814.0,834.0,851.0,869.0,952.0,
58.0,74.0,102.0,104.0,129.0,166.0,175.0,182.0,220.0,222.0,245.0,259.0,259.0,276.0,299.0,347.0,403.0,403.0,469.0,482.0,540.0,543.0,544.0,548.0,569.0,570.0,615.0,625.0,638.0,679.0,690.0,713.0,741.0,771.0,796.0,806.0,813.0,849.0,862.0,881.0,898.0,901.0,920.0,954.0,983.0,
64.0,174.0,202.0,223.0,283.0,289.0,319.0,327.0,347.0,387.0,406.0,445.0,497.0,519.0,520.0,526.0,540.0,548.0,564.0,567.0,569.0,573.0,581.0,581.0,582.0,590.0,593.0,595.0,596.0,615.0,618.0,642.0,713.0,728.0,732.0,811.0,814.0,821.0,829.0,834.0,838.0,866.0,873.0,897.0,906.0,909.0,930.0,941.0,952.0,955.0,955.0,981.0,
29.0,36.0,38.0,62.0,82.0,101.0,129.0,176.0,189.0,191.0,193.0,280.0,302.0,308.0,312.0,314.0,319.0,346.0,394.0,396.0,402.0,413.0,438.0,512.0,516.0,518.0,520.0,525.0,527.0,532.0,539.0,539.0,553.0,557.0,568.0,572.0,572.0,577.0,583.0,584.0,587.0,596.0,598.0,598.0,602.0,606.0,608.0,608.0,617.0,622.0,623.0,625.0,628.0,635.0,640.0,642.0,644.0,650.0,663.0,678.0,705.0,715.0,726.0,742.0,746.0,748.0,751.0,757.0,759.0,797.0,811.0,812.0,845.0,862.0,869.0,871.0,881.0,885.0,916.0,926.0,955.0,975.0,
9.0,79.0,92.0,146.0,184.0,191.0,196.0,207.0,256.0,271.0,325.0,364.0,411.0,417.0,460.0,512.0,512.0,526.0,530.0,541.0,542.0,543.0,550.0,558.0,562.0,575.0,580.0,585.0,591.0,592.0,592.0,605.0,617.0,619.0,622.0,624.0,626.0,633.0,640.0,646.0,654.0,681.0,686.0,689.0,754.0,766.0,785.0,789.0,803.0,804.0,820.0,854.0,857.0,894.0,923.0,943.0,970.0,975.0,
34.0,39.0,53.0,81.0,107.0,169.0,214.0,217.0,222.0,257.0,354.0,354.0,387.0,405.0,419.0,535.0,550.0,553.0,554.0,555.0,556.0,564.0,574.0,580.0,580.0,583.0,587.0,603.0,610.0,633.0,645.0,668.0,689.0,690.0,714.0,716.0,728.0,729.0,738.0,744.0,745.0,745.0,763.0,798.0,814.0,829.0,851.0,864.0,870.0,898.0,901.0,912.0,930.0,945.0,957.0,966.0,970.0,982.0,
18.0,36.0,43.0,51.0,60.0,65.0,92.0,110.0,144.0,200.0,205.0,245.0,250.0,252.0,280.0,289.0,306.0,363.0,384.0,386.0,418.0,479.0,493.0,517.0,522.0,523.0,524.0,524.0,524.0,527.0,531.0,541.0,547.0,558.0,565.0,566.0,567.0,575.0,576.0,579.0,579.0,579.0,590.0,592.0,594.0,596.0,615.0,626.0,640.0,644.0,645.0,679.0,716.0,724.0,750.0,755.0,764.0,769.0,773.0,812.0,833.0,843.0,864.0,867.0,879.0,889.0,904.0,935.0,942.0,970.0,973.0,981.0,
10.0,14.0,14.0,22.0,46.0,55.0,56.0,88.0,98.0,140.0,141.0,177.0,304.0,316.0,393.0,427.0,484.0,503.0,510.0,523.0,526.0,529.0,535.0,537.0,539.0,545.0,549.0,551.0,557.0,562.0,566.0,571.0,572.0,581.0,600.0,602.0,607.0,630.0,641.0,646.0,666.0,676.0,718.0,733.0,738.0,746.0,775.0,785.0,794.0,813.0,822.0,825.0,849.0,860.0,870.0,890.0,913.0,918.0,927.0,936.0,947.0,949.0,954.0,955.0,958.0,991.0,994.0,
4.0,8.0,16.0,38.0,67.0,90.0,120.0,146.0,147.0,163.0,179.0,181.0,251.0,299.0,307.0,316.0,336.0,349.0,352.0,469.0,488.0,495.0,509.0,519.0,529.0,530.0,537.0,538.0,541.0,542.0,552.0,574.0,575.0,582.0,589.0,589.0,626.0,634.0,646.0,651.0,652.0,666.0,671.0,681.0,687.0,693.0,696.0,706.0,714.0,722.0,722.0,731.0,736.0,771.0,792.0,795.0,799.0,819.0,819.0,821.0,850.0,855.0,859.0,862.0,875.0,878.0,895.0,902.0,905.0,969.0,993.0,997.0,
9.0,22.0,73.0,98.0,123.0,171.0,175.0,213.0,236.0,258.0,259.0,284.0,324.0,362.0,411.0,464.0,500.0,505.0,518.0,597.0,632.0,639.0,643.0,690.0,697.0,705.0,726.0,727.0,728.0,752.0,772.0,787.0,808.0,823.0,834.0,870.0,872.0,890.0,896.0,913.0,914.0,922.0,976.0,990.0,
21.0,38.0,102.0,113.0,121.0,123.0,155.0,159.0,166.0,175.0,178.0,204.0,207.0,253.0,267.0,284.0,312.0,335.0,355.0,361.0,376.0,434.0,464.0,503.0,506.0,513.0,513.0,518.0,648.0,669.0,703.0,715.0,797.0,807.0,807.0,811.0,819.0,848.0,853.0,875.0,906.0,907.0,916.0,928.0,936.0,
47.0,72.0,89.0,116.0,141.0,168.0,192.0,201.0,267.0,366.0,381.0,449.0,526.0,527.0,593.0,601.0,752.0,800.0,833.0,888.0,901.0,920.0,964.0,972.0,997.0,
18.0,64.0,98.0,99.0,112.0,140.0,164.0,174.0,230.0,374.0,392.0,428.0,430.0,431.0,473.0,494.0,535.0,550.0,558.0,559.0,575.0,578.0,587.0,627.0,646.0,661.0,667.0,682.0,683.0,701.0,703.0,712.0,739.0,818.0,864.0,877.0,954.0,
15.0,17.0,52.0,177.0,186.0,221.0,250.0,256.0,324.0,347.0,367.0,430.0,460.0,515.0,518.0,529.0,538.0,545.0,549.0,550.0,557.0,565.0,565.0,568.0,570.0,573.0,574.0,588.0,590.0,597.0,604.0,616.0,626.0,627.0,659.0,683.0,684.0,693.0,710.0,723.0,724.0,731.0,745.0,754.0,759.0,768.0,769.0,772.0,775.0,778.0,790.0,806.0,815.0,816.0,822.0,913.0,934.0,940.0,955.0,973.0,992.0,
15.0,23.0,37.0,40.0,41.0,108.0,112.0,153.0,176.0,184.0,206.0,214.0,216.0,259.0,301.0,323.0,400.0,403.0,414.0,457.0,479.0,490.0,497.0,510.0,513.0,520.0,528.0,530.0,532.0,534.0,535.0,539.0,548.0,557.0,565.0,567.0,582.0,584.0,584.0,592.0,593.0,615.0,616.0,617.0,626.0,633.0,643.0,647.0,665.0,665.0,666.0,690.0,691.0,691.0,692.0,723.0,741.0,759.0,761.0,778.0,793.0,797.0,805.0,843.0,849.0,862.0,864.0,866.0,926.0,946.0,951.0,984.0,
29.0,107.0,122.0,127.0,131.0,145.0,232.0,240.0,257.0,264.0,269.0,301.0,324.0,325.0,502.0,510.0,527.0,528.0,533.0,533.0,534.0,538.0,540.0,541.0,543.0,546.0,547.0,555.0,559.0,580.0,586.0,594.0,599.0,602.0,609.0,628.0,647.0,664.0,671.0,684.0,685.0,686.0,707.0,711.0,715.0,719.0,721.0,722.0,727.0,753.0,762.0,780.0,797.0,798.0,802.0,809.0,809.0,850.0,853.0,858.0,865.0,867.0,872.0,882.0,884.0,890.0,904.0,932.0,934.0,936.0,949.0,982.0,994.0,995.0,996.0,
3.0,52.0,123.0,152.0,194.0,198.0,204.0,306.0,310.0,310.0,362.0,399.0,402.0,412.0,418.0,450.0,450.0,451.0,482.0,513.0,532.0,539.0,543.0,558.0,561.0,562.0,575.0,583.0,583.0,584.0,587.0,589.0,608.0,609.0,616.0,643.0,646.0,658.0,664.0,678.0,688.0,693.0,723.0,725.0,731.0,742.0,781.0,802.0,843.0,844.0,881.0,893.0,904.0,914.0,923.0,926.0,935.0,947.0,954.0,962.0,962.0,
5.0,6.0,16.0,24.0,36.0,42.0,82.0,83.0,120.0,143.0,150.0,173.0,196.0,225.0,230.0,248.0,306.0,310.0,369.0,443.0,454.0,489.0,499.0,512.0,519.0,523.0,524.0,525.0,529.0,532.0,533.0,542.0,548.0,553.0,557.0,560.0,570.0,571.0,578.0,578.0,579.0,579.0,586.0,589.0,591.0,601.0,608.0,616.0,626.0,631.0,631.0,634.0,641.0,647.0,650.0,651.0,653.0,656.0,659.0,692.0,705.0,715.0,731.0,742.0,743.0,793.0,806.0,851.0,861.0,890.0,902.0,938.0,939.0,951.0,962.0,976.0,989.0,
43.0,64.0,81.0,82.0,118.0,152.0,158.0,172.0,206.0,224.0,239.0,240.0,266.0,294.0,298.0,309.0,340.0,351.0,377.0,414.0,424.0,430.0,467.0,475.0,489.0,491.0,523.0,524.0,542.0,551.0,578.0,594.0,619.0,662.0,723.0,732.0,761.0,814.0,861.0,884.0,887.0,971.0,
51.0,63.0,79.0,83.0,189.0,196.0,251.0,330.0,335.0,355.0,374.0,391.0,398.0,453.0,476.0,496.0,517.0,521.0,550.0,563.0,585.0,601.0,682.0,718.0,765.0,785.0,851.0,903.0,958.0,978.0,
