18.0,74.0,160.0,236.0,248.0,272.0,273.0,294.0,314.0,318.0,363.0,374.0,446.0,478.0,514.0,518.0,534.0,540.0,543.0,564.0,591.0,620.0,621.0,627.0,658.0,709.0,735.0,756.0,811.0,897.0,901.0,956.0,966.0,971.0,
59.0,108.0,117.0,122.0,147.0,156.0,185.0,210.0,219.0,307.0,339.0,382.0,385.0,389.0,421.0,422.0,448.0,528.0,609.0,704.0,705.0,713.0,793.0,801.0,818.0,877.0,897.0,972.0,
9.0,14.0,146.0,148.0,159.0,160.0,186.0,219.0,227.0,245.0,248.0,267.0,279.0,283.0,309.0,336.0,364.0,368.0,390.0,421.0,478.0,514.0,544.0,560.0,573.0,577.0,644.0,667.0,729.0,772.0,796.0,809.0,813.0,846.0,
18.0,26.0,73.0,77.0,79.0,115.0,162.0,181.0,184.0,286.0,311.0,318.0,376.0,379.0,387.0,444.0,467.0,480.0,481.0,483.0,524.0,533.0,581.0,615.0,632.0,656.0,715.0,717.0,731.0,744.0,803.0,804.0,806.0,817.0,818.0,877.0,925.0,950.0,967.0,975.0,976.0,
30.0,40.0,144.0,162.0,166.0,222.0,280.0,367.0,388.0,416.0,445.0,487.0,493.0,507.0,520.0,539.0,602.0,613.0,661.0,728.0,746.0,753.0,760.0,761.0,819.0,827.0,838.0,854.0,908.0,922.0,938.0,965.0,982.0,
26.0,104.0,305.0,309.0,331.0,334.0,356.0,407.0,502.0,509.0,514.0,611.0,616.0,647.0,647.0,700.0,715.0,720.0,740.0,765.0,789.0,811.0,846.0,871.0,917.0,
8.0,29.0,56.0,102.0,103.0,145.0,175.0,237.0,285.0,299.0,304.0,308.0,339.0,400.0,408.0,416.0,439.0,464.0,480.0,482.0,561.0,583.0,622.0,675.0,678.0,693.0,696.0,734.0,771.0,772.0,783.0,792.0,840.0,867.0,916.0,956.0,965.0,991.0,
91.0,92.0,96.0,107.0,116.0,125.0,150.0,184.0,200.0,213.0,228.0,232.0,242.0,252.0,257.0,296.0,297.0,303.0,315.0,336.0,360.0,385.0,462.0,466.0,531.0,532.0,582.0,594.0,618.0,630.0,654.0,669.0,762.0,794.0,892.0,968.0,971.0,
26.0,28.0,37.0,45.0,45.0,46.0,48.0,74.0,84.0,107.0,113.0,122.0,139.0,147.0,221.0,248.0,262.0,269.0,276.0,279.0,291.0,311.0,332.0,442.0,564.0,571.0,579.0,606.0,673.0,674.0,747.0,797.0,801.0,803.0,944.0,995.0,
23.0,24.0,102.0,142.0,183.0,215.0,237.0,303.0,337.0,342.0,362.0,419.0,482.0,503.0,505.0,522.0,552.0,559.0,571.0,579.0,582.0,649.0,662.0,676.0,720.0,727.0,737.0,778.0,791.0,803.0,820.0,830.0,854.0,903.0,922.0,934.0,947.0,951.0,963.0,979.0,983.0,994.0,
2.0,19.0,49.0,54.0,83.0,86.0,129.0,180.0,210.0,211.0,215.0,293.0,309.0,334.0,339.0,343.0,367.0,374.0,391.0,448.0,542.0,550.0,576.0,585.0,594.0,612.0,642.0,703.0,717.0,730.0,742.0,743.0,743.0,764.0,773.0,809.0,828.0,835.0,845.0,863.0,910.0,918.0,923.0,937.0,956.0,957.0,
32.0,50.0,56.0,59.0,80.0,95.0,137.0,192.0,245.0,281.0,297.0,339.0,349.0,377.0,391.0,445.0,463.0,501.0,528.0,597.0,612.0,631.0,635.0,655.0,695.0,712.0,715.0,781.0,808.0,830.0,842.0,844.0,853.0,864.0,923.0,937.0,
22.0,29.0,58.0,112.0,121.0,155.0,190.0,207.0,216.0,224.0,232.0,238.0,260.0,274.0,284.0,329.0,397.0,424.0,432.0,441.0,466.0,475.0,504.0,541.0,563.0,587.0,587.0,600.0,712.0,765.0,776.0,808.0,841.0,908.0,909.0,
11.0,43.0,50.0,89.0,97.0,109.0,112.0,113.0,125.0,128.0,154.0,163.0,176.0,240.0,282.0,391.0,451.0,457.0,508.0,543.0,551.0,559.0,563.0,637.0,759.0,774.0,776.0,795.0,814.0,861.0,870.0,914.0,920.0,963.0,
16.0,20.0,23.0,27.0,43.0,139.0,148.0,238.0,243.0,250.0,254.0,307.0,325.0,346.0,349.0,352.0,362.0,368.0,370.0,438.0,484.0,486.0,489.0,569.0,590.0,634.0,642.0,680.0,686.0,699.0,713.0,727.0,749.0,774.0,782.0,782.0,807.0,812.0,842.0,848.0,849.0,856.0,861.0,868.0,871.0,872.0,911.0,
8.0,40.0,46.0,62.0,83.0,130.0,162.0,209.0,217.0,217.0,244.0,263.0,339.0,343.0,373.0,405.0,406.0,425.0,450.0,452.0,453.0,501.0,510.0,512.0,570.0,583.0,590.0,608.0,623.0,664.0,683.0,684.0,702.0,705.0,774.0,824.0,856.0,869.0,877.0,882.0,882.0,906.0,988.0,
11.0,16.0,43.0,50.0,52.0,57.0,81.0,94.0,123.0,132.0,134.0,198.0,204.0,224.0,245.0,264.0,273.0,297.0,341.0,361.0,362.0,367.0,379.0,387.0,391.0,412.0,459.0,487.0,508.0,517.0,534.0,556.0,560.0,563.0,585.0,586.0,645.0,663.0,686.0,689.0,694.0,728.0,749.0,800.0,842.0,863.0,892.0,954.0,960.0,961.0,972.0,1000.0,
53.0,55.0,96.0,121.0,147.0,156.0,261.0,273.0,277.0,324.0,357.0,358.0,366.0,412.0,423.0,428.0,590.0,599.0,630.0,632.0,662.0,674.0,693.0,715.0,743.0,763.0,792.0,826.0,868.0,900.0,930.0,973.0,993.0,
29.0,38.0,52.0,65.0,72.0,151.0,230.0,231.0,293.0,315.0,319.0,323.0,361.0,381.0,453.0,473.0,516.0,554.0,645.0,649.0,654.0,686.0,703.0,780.0,826.0,837.0,870.0,903.0,905.0,947.0,980.0,
23.0,58.0,90.0,92.0,96.0,175.0,183.0,199.0,236.0,252.0,268.0,294.0,294.0,383.0,390.0,418.0,442.0,456.0,486.0,549.0,571.0,596.0,609.0,673.0,701.0,708.0,745.0,799.0,835.0,837.0,839.0,851.0,853.0,881.0,883.0,932.0,939.0,968.0,969.0,987.0,
44.0,44.0,80.0,89.0,105.0,129.0,140.0,141.0,158.0,161.0,183.0,185.0,214.0,265.0,293.0,300.0,312.0,328.0,347.0,377.0,380.0,382.0,410.0,413.0,427.0,428.0,428.0,484.0,492.0,496.0,548.0,571.0,577.0,582.0,627.0,628.0,636.0,652.0,713.0,760.0,766.0,786.0,806.0,814.0,897.0,912.0,971.0,
36.0,48.0,53.0,84.0,189.0,217.0,220.0,240.0,252.0,282.0,336.0,343.0,346.0,360.0,365.0,378.0,386.0,390.0,392.0,411.0,422.0,431.0,451.0,482.0,505.0,529.0,631.0,658.0,658.0,698.0,707.0,733.0,737.0,740.0,765.0,819.0,824.0,867.0,870.0,871.0,919.0,942.0,949.0,950.0,953.0,
6.0,23.0,59.0,93.0,107.0,161.0,173.0,173.0,178.0,237.0,264.0,298.0,310.0,354.0,364.0,377.0,395.0,430.0,435.0,459.0,462.0,472.0,499.0,532.0,576.0,635.0,646.0,659.0,684.0,693.0,726.0,749.0,759.0,788.0,812.0,818.0,925.0,974.0,990.0,
6.0,21.0,91.0,116.0,211.0,230.0,275.0,289.0,306.0,327.0,334.0,338.0,346.0,348.0,361.0,384.0,386.0,431.0,436.0,453.0,482.0,499.0,532.0,571.0,571.0,574.0,586.0,604.0,721.0,780.0,784.0,791.0,795.0,824.0,857.0,866.0,879.0,926.0,927.0,963.0,
47.0,80.0,96.0,121.0,222.0,225.0,234.0,258.0,277.0,279.0,291.0,294.0,365.0,385.0,415.0,437.0,490.0,531.0,552.0,573.0,576.0,648.0,705.0,706.0,771.0,793.0,831.0,868.0,893.0,894.0,935.0,995.0,
20.0,26.0,28.0,68.0,107.0,139.0,140.0,149.0,166.0,293.0,331.0,355.0,384.0,395.0,438.0,558.0,690.0,783.0,800.0,801.0,811.0,868.0,870.0,887.0,914.0,946.0,987.0,
50.0,52.0,121.0,130.0,170.0,214.0,237.0,243.0,248.0,260.0,292.0,303.0,331.0,344.0,353.0,404.0,422.0,440.0,444.0,488.0,583.0,611.0,686.0,748.0,752.0,804.0,816.0,828.0,878.0,888.0,889.0,929.0,944.0,980.0,
2.0,17.0,35.0,48.0,127.0,161.0,201.0,257.0,258.0,259.0,276.0,336.0,365.0,395.0,399.0,417.0,420.0,446.0,456.0,472.0,476.0,512.0,519.0,520.0,534.0,551.0,637.0,643.0,685.0,780.0,815.0,850.0,861.0,899.0,925.0,945.0,956.0,976.0,
26.0,32.0,38.0,73.0,82.0,105.0,118.0,128.0,142.0,145.0,202.0,218.0,260.0,275.0,291.0,300.0,317.0,490.0,510.0,528.0,532.0,536.0,581.0,585.0,624.0,711.0,713.0,728.0,790.0,794.0,805.0,833.0,848.0,956.0,988.0,997.0,
44.0,62.0,76.0,77.0,98.0,105.0,136.0,193.0,195.0,198.0,212.0,351.0,360.0,381.0,386.0,402.0,434.0,458.0,488.0,541.0,551.0,614.0,629.0,635.0,658.0,664.0,705.0,720.0,726.0,772.0,871.0,878.0,912.0,919.0,941.0,978.0,982.0,984.0,
8.0,34.0,46.0,82.0,162.0,170.0,206.0,234.0,235.0,246.0,301.0,315.0,316.0,318.0,462.0,473.0,577.0,588.0,600.0,698.0,772.0,772.0,797.0,808.0,819.0,852.0,937.0,988.0,
43.0,55.0,67.0,88.0,116.0,124.0,160.0,170.0,255.0,330.0,377.0,407.0,427.0,524.0,576.0,592.0,604.0,627.0,635.0,643.0,715.0,733.0,782.0,805.0,809.0,832.0,849.0,850.0,862.0,995.0,
22.0,23.0,25.0,29.0,44.0,88.0,126.0,227.0,248.0,295.0,352.0,365.0,386.0,386.0,404.0,404.0,494.0,508.0,594.0,596.0,640.0,653.0,679.0,726.0,752.0,812.0,869.0,881.0,890.0,900.0,924.0,936.0,952.0,988.0,
15.0,27.0,100.0,113.0,159.0,195.0,275.0,286.0,292.0,293.0,380.0,470.0,473.0,474.0,527.0,552.0,575.0,613.0,653.0,656.0,679.0,721.0,724.0,729.0,742.0,754.0,767.0,814.0,826.0,828.0,935.0,935.0,965.0,965.0,
20.0,26.0,47.0,49.0,134.0,155.0,184.0,207.0,217.0,241.0,254.0,272.0,273.0,282.0,303.0,306.0,336.0,337.0,367.0,417.0,420.0,462.0,474.0,547.0,655.0,691.0,762.0,791.0,823.0,847.0,877.0,920.0,923.0,987.0,
62.0,144.0,215.0,248.0,270.0,293.0,297.0,306.0,346.0,378.0,431.0,444.0,474.0,493.0,495.0,501.0,502.0,527.0,578.0,578.0,601.0,689.0,695.0,713.0,781.0,795.0,825.0,851.0,903.0,916.0,921.0,944.0,950.0,985.0,
46.0,58.0,61.0,64.0,70.0,106.0,120.0,143.0,171.0,238.0,313.0,329.0,393.0,427.0,427.0,445.0,509.0,538.0,557.0,558.0,591.0,593.0,679.0,709.0,800.0,809.0,822.0,842.0,875.0,904.0,963.0,979.0,981.0,
8.0,24.0,45.0,76.0,115.0,120.0,163.0,225.0,234.0,244.0,319.0,362.0,449.0,463.0,466.0,475.0,476.0,497.0,547.0,555.0,560.0,611.0,648.0,744.0,779.0,824.0,860.0,897.0,930.0,942.0,955.0,959.0,984.0,
16.0,29.0,33.0,40.0,47.0,90.0,90.0,156.0,158.0,158.0,216.0,231.0,264.0,274.0,304.0,321.0,326.0,356.0,419.0,436.0,446.0,480.0,527.0,544.0,546.0,573.0,586.0,607.0,634.0,642.0,642.0,653.0,676.0,705.0,717.0,726.0,775.0,781.0,813.0,818.0,833.0,871.0,910.0,914.0,995.0,
48.0,50.0,64.0,95.0,121.0,121.0,131.0,204.0,261.0,293.0,381.0,392.0,444.0,484.0,502.0,534.0,580.0,618.0,670.0,693.0,736.0,794.0,814.0,825.0,841.0,846.0,872.0,938.0,
7.0,29.0,42.0,65.0,120.0,127.0,150.0,168.0,169.0,307.0,347.0,393.0,410.0,414.0,416.0,417.0,481.0,523.0,535.0,541.0,580.0,629.0,710.0,712.0,715.0,763.0,772.0,782.0,794.0,804.0,829.0,846.0,849.0,873.0,910.0,911.0,921.0,926.0,939.0,950.0,
9.0,19.0,30.0,36.0,44.0,85.0,111.0,135.0,159.0,192.0,216.0,220.0,225.0,231.0,319.0,336.0,353.0,354.0,407.0,423.0,464.0,489.0,519.0,550.0,558.0,600.0,616.0,628.0,633.0,639.0,643.0,648.0,665.0,666.0,670.0,675.0,696.0,724.0,759.0,795.0,816.0,886.0,894.0,912.0,961.0,968.0,973.0,997.0,
34.0,55.0,73.0,111.0,163.0,196.0,205.0,209.0,212.0,231.0,233.0,276.0,282.0,344.0,356.0,382.0,412.0,460.0,516.0,528.0,597.0,600.0,667.0,704.0,751.0,753.0,764.0,766.0,786.0,798.0,830.0,864.0,900.0,914.0,928.0,959.0,981.0,994.0,
7.0,39.0,62.0,99.0,105.0,243.0,250.0,263.0,277.0,301.0,303.0,305.0,338.0,347.0,352.0,353.0,366.0,369.0,394.0,405.0,405.0,412.0,434.0,444.0,454.0,504.0,516.0,563.0,589.0,613.0,657.0,684.0,717.0,725.0,751.0,871.0,894.0,923.0,929.0,969.0,980.0,
53.0,147.0,175.0,212.0,228.0,243.0,264.0,291.0,305.0,309.0,311.0,323.0,379.0,418.0,423.0,512.0,524.0,565.0,577.0,620.0,628.0,653.0,661.0,674.0,716.0,731.0,740.0,809.0,810.0,835.0,954.0,979.0,983.0,
36.0,41.0,45.0,57.0,80.0,160.0,171.0,194.0,194.0,243.0,245.0,280.0,354.0,417.0,448.0,448.0,455.0,490.0,714.0,823.0,862.0,876.0,876.0,882.0,912.0,919.0,953.0,984.0,
18.0,34.0,50.0,126.0,214.0,243.0,253.0,302.0,347.0,377.0,397.0,407.0,416.0,434.0,443.0,449.0,450.0,452.0,463.0,481.0,601.0,626.0,627.0,632.0,637.0,647.0,661.0,771.0,786.0,791.0,799.0,815.0,844.0,863.0,866.0,881.0,888.0,899.0,902.0,939.0,967.0,976.0,
27.0,68.0,81.0,119.0,123.0,131.0,137.0,162.0,175.0,189.0,197.0,232.0,235.0,247.0,253.0,314.0,362.0,413.0,418.0,431.0,532.0,578.0,587.0,610.0,621.0,758.0,783.0,818.0,822.0,846.0,889.0,966.0,
118.0,126.0,152.0,263.0,268.0,297.0,347.0,348.0,359.0,366.0,371.0,451.0,489.0,613.0,660.0,673.0,724.0,738.0,742.0,774.0,847.0,869.0,914.0,929.0,942.0,979.0,
47.0,72.0,80.0,97.0,122.0,131.0,206.0,225.0,303.0,335.0,336.0,351.0,427.0,522.0,549.0,551.0,575.0,585.0,593.0,598.0,600.0,614.0,640.0,670.0,676.0,734.0,739.0,766.0,773.0,821.0,866.0,877.0,878.0,936.0,957.0,966.0,973.0,993.0,
3.0,16.0,31.0,57.0,63.0,82.0,102.0,103.0,112.0,114.0,173.0,222.0,254.0,263.0,265.0,274.0,276.0,279.0,298.0,312.0,367.0,377.0,416.0,419.0,437.0,445.0,475.0,503.0,527.0,532.0,542.0,547.0,616.0,625.0,630.0,707.0,712.0,722.0,884.0,940.0,940.0,957.0,981.0,
10.0,11.0,19.0,33.0,82.0,88.0,134.0,139.0,155.0,172.0,183.0,224.0,225.0,236.0,245.0,247.0,257.0,289.0,307.0,325.0,366.0,372.0,447.0,520.0,538.0,538.0,540.0,541.0,559.0,592.0,603.0,611.0,613.0,627.0,681.0,684.0,692.0,730.0,734.0,735.0,745.0,749.0,760.0,771.0,801.0,862.0,874.0,902.0,905.0,905.0,
16.0,16.0,66.0,106.0,115.0,158.0,186.0,208.0,285.0,343.0,370.0,392.0,510.0,526.0,529.0,558.0,602.0,625.0,655.0,674.0,684.0,722.0,725.0,746.0,813.0,827.0,895.0,946.0,953.0,958.0,961.0,979.0,
32.0,59.0,71.0,72.0,80.0,118.0,135.0,136.0,170.0,190.0,193.0,195.0,210.0,228.0,234.0,275.0,351.0,387.0,448.0,475.0,519.0,563.0,624.0,624.0,629.0,634.0,680.0,689.0,716.0,771.0,789.0,790.0,793.0,822.0,825.0,854.0,865.0,877.0,943.0,991.0,998.0,
7.0,14.0,42.0,49.0,83.0,95.0,155.0,158.0,218.0,259.0,272.0,273.0,278.0,328.0,334.0,336.0,382.0,402.0,471.0,495.0,814.0,824.0,890.0,
73.0,101.0,103.0,108.0,117.0,139.0,149.0,197.0,210.0,257.0,310.0,314.0,361.0,380.0,497.0,497.0,
10.0,73.0,94.0,96.0,114.0,139.0,146.0,146.0,159.0,235.0,282.0,301.0,455.0,476.0,506.0,509.0,705.0,797.0,925.0,945.0,969.0,
15.0,26.0,36.0,109.0,136.0,142.0,151.0,167.0,168.0,239.0,240.0,292.0,325.0,327.0,357.0,374.0,454.0,454.0,460.0,468.0,472.0,505.0,530.0,540.0,570.0,584.0,602.0,642.0,644.0,696.0,717.0,722.0,762.0,806.0,808.0,815.0,833.0,892.0,944.0,949.0,963.0,987.0,989.0,994.0,
6.0,12.0,46.0,91.0,122.0,134.0,136.0,154.0,163.0,188.0,202.0,217.0,222.0,229.0,250.0,311.0,323.0,373.0,397.0,492.0,539.0,571.0,596.0,649.0,664.0,683.0,709.0,718.0,740.0,755.0,783.0,785.0,791.0,838.0,889.0,892.0,896.0,953.0,955.0,966.0,979.0,
72.0,78.0,88.0,92.0,126.0,161.0,211.0,245.0,263.0,276.0,280.0,301.0,305.0,320.0,330.0,334.0,344.0,351.0,355.0,363.0,365.0,377.0,380.0,399.0,403.0,501.0,512.0,517.0,529.0,539.0,541.0,580.0,592.0,593.0,597.0,604.0,638.0,713.0,748.0,806.0,835.0,875.0,880.0,
29.0,32.0,63.0,95.0,97.0,131.0,184.0,203.0,207.0,235.0,296.0,313.0,351.0,360.0,415.0,424.0,444.0,452.0,470.0,483.0,492.0,493.0,509.0,533.0,575.0,597.0,617.0,624.0,753.0,767.0,771.0,792.0,828.0,917.0,922.0,942.0,953.0,980.0,
7.0,36.0,75.0,92.0,142.0,168.0,245.0,286.0,297.0,310.0,310.0,311.0,372.0,439.0,489.0,501.0,529.0,561.0,576.0,580.0,581.0,587.0,593.0,646.0,695.0,703.0,703.0,761.0,790.0,793.0,822.0,835.0,841.0,849.0,853.0,868.0,884.0,888.0,915.0,941.0,957.0,982.0,984.0,
30.0,48.0,67.0,94.0,147.0,151.0,182.0,217.0,272.0,304.0,392.0,476.0,507.0,508.0,510.0,538.0,557.0,567.0,571.0,576.0,604.0,606.0,607.0,621.0,624.0,639.0,666.0,675.0,686.0,834.0,896.0,901.0,944.0,945.0,955.0,962.0,
4.0,17.0,42.0,62.0,126.0,172.0,186.0,187.0,208.0,235.0,248.0,289.0,293.0,300.0,360.0,370.0,392.0,425.0,466.0,487.0,534.0,555.0,569.0,577.0,580.0,614.0,636.0,647.0,664.0,665.0,673.0,723.0,762.0,795.0,803.0,817.0,846.0,919.0,920.0,985.0,
70.0,119.0,129.0,147.0,152.0,222.0,273.0,306.0,347.0,394.0,402.0,466.0,489.0,545.0,640.0,658.0,673.0,706.0,725.0,817.0,848.0,863.0,870.0,911.0,945.0,960.0,968.0,991.0,
5.0,30.0,37.0,38.0,82.0,128.0,160.0,184.0,195.0,214.0,236.0,268.0,293.0,365.0,465.0,487.0,732.0,796.0,892.0,989.0,991.0,993.0,
6.0,10.0,93.0,93.0,157.0,184.0,204.0,227.0,287.0,302.0,322.0,363.0,397.0,421.0,429.0,540.0,574.0,580.0,660.0,686.0,695.0,707.0,724.0,765.0,768.0,779.0,788.0,801.0,812.0,851.0,890.0,935.0,941.0,944.0,962.0,980.0,997.0,1000.0,
17.0,27.0,42.0,48.0,75.0,113.0,116.0,150.0,156.0,195.0,215.0,292.0,309.0,327.0,330.0,347.0,365.0,382.0,387.0,389.0,423.0,425.0,446.0,508.0,546.0,554.0,582.0,609.0,642.0,646.0,682.0,682.0,691.0,692.0,699.0,709.0,745.0,788.0,803.0,839.0,858.0,892.0,995.0,
34.0,77.0,83.0,98.0,108.0,115.0,119.0,127.0,139.0,173.0,256.0,275.0,344.0,358.0,362.0,366.0,375.0,396.0,406.0,464.0,466.0,477.0,504.0,533.0,575.0,579.0,597.0,600.0,683.0,722.0,739.0,754.0,759.0,795.0,816.0,837.0,855.0,866.0,871.0,891.0,891.0,903.0,915.0,926.0,948.0,950.0,977.0,994.0,
29.0,56.0,58.0,77.0,78.0,131.0,192.0,196.0,220.0,271.0,284.0,294.0,330.0,338.0,342.0,372.0,372.0,393.0,401.0,420.0,445.0,497.0,502.0,502.0,528.0,558.0,611.0,628.0,683.0,829.0,909.0,977.0,993.0,999.0,
25.0,64.0,107.0,142.0,145.0,159.0,189.0,205.0,243.0,257.0,319.0,328.0,427.0,448.0,486.0,553.0,573.0,615.0,644.0,678.0,710.0,788.0,796.0,829.0,848.0,948.0,971.0,973.0,
12.0,15.0,85.0,86.0,96.0,129.0,135.0,154.0,194.0,256.0,287.0,314.0,320.0,336.0,380.0,430.0,430.0,432.0,454.0,554.0,557.0,580.0,617.0,634.0,694.0,724.0,774.0,798.0,837.0,894.0,952.0,
62.0,66.0,103.0,107.0,117.0,147.0,177.0,184.0,194.0,222.0,264.0,274.0,340.0,375.0,408.0,416.0,432.0,439.0,444.0,474.0,549.0,557.0,577.0,584.0,617.0,620.0,675.0,698.0,701.0,770.0,794.0,796.0,804.0,814.0,833.0,833.0,865.0,880.0,949.0,957.0,958.0,998.0,
41.0,52.0,102.0,115.0,120.0,122.0,126.0,147.0,150.0,241.0,248.0,283.0,330.0,340.0,365.0,371.0,381.0,513.0,555.0,649.0,819.0,857.0,869.0,912.0,961.0,989.0,
5.0,18.0,40.0,45.0,65.0,68.0,80.0,99.0,108.0,127.0,193.0,218.0,222.0,225.0,294.0,330.0,393.0,397.0,416.0,431.0,485.0,495.0,522.0,561.0,611.0,666.0,675.0,684.0,694.0,697.0,715.0,727.0,779.0,781.0,785.0,791.0,853.0,878.0,880.0,890.0,899.0,926.0,930.0,931.0,960.0,963.0,
14.0,26.0,37.0,45.0,82.0,83.0,83.0,96.0,127.0,148.0,178.0,200.0,244.0,306.0,326.0,397.0,398.0,404.0,440.0,443.0,452.0,484.0,485.0,506.0,520.0,577.0,593.0,599.0,649.0,652.0,676.0,677.0,682.0,727.0,740.0,787.0,813.0,847.0,848.0,863.0,898.0,898.0,940.0,958.0,965.0,995.0,
24.0,73.0,85.0,114.0,126.0,128.0,133.0,139.0,155.0,206.0,217.0,254.0,262.0,297.0,304.0,338.0,388.0,400.0,417.0,475.0,491.0,521.0,542.0,543.0,554.0,593.0,599.0,651.0,655.0,656.0,680.0,699.0,700.0,711.0,745.0,805.0,809.0,810.0,863.0,887.0,897.0,921.0,925.0,929.0,936.0,952.0,960.0,998.0,
9.0,15.0,23.0,54.0,60.0,76.0,102.0,114.0,143.0,144.0,182.0,185.0,229.0,234.0,250.0,290.0,343.0,392.0,440.0,441.0,448.0,452.0,491.0,508.0,520.0,621.0,632.0,633.0,659.0,681.0,690.0,740.0,831.0,865.0,961.0,971.0,
40.0,71.0,75.0,83.0,97.0,128.0,136.0,139.0,154.0,208.0,254.0,291.0,298.0,301.0,313.0,342.0,342.0,347.0,389.0,423.0,445.0,445.0,464.0,474.0,478.0,483.0,484.0,519.0,523.0,537.0,556.0,619.0,623.0,623.0,655.0,708.0,717.0,728.0,739.0,751.0,928.0,962.0,969.0,989.0,
77.0,123.0,182.0,186.0,259.0,282.0,292.0,310.0,361.0,361.0,369.0,369.0,371.0,378.0,395.0,399.0,411.0,423.0,473.0,502.0,516.0,524.0,534.0,597.0,662.0,663.0,664.0,719.0,727.0,728.0,817.0,834.0,901.0,901.0,931.0,958.0,960.0,965.0,972.0,979.0,989.0,
22.0,119.0,133.0,156.0,179.0,207.0,208.0,250.0,366.0,386.0,387.0,403.0,417.0,456.0,484.0,500.0,505.0,510.0,651.0,754.0,754.0,782.0,785.0,834.0,869.0,875.0,899.0,956.0,966.0,
9.0,14.0,120.0,147.0,201.0,205.0,207.0,217.0,231.0,270.0,277.0,326.0,408.0,424.0,435.0,450.0,458.0,465.0,517.0,569.0,582.0,589.0,602.0,635.0,657.0,688.0,692.0,762.0,806.0,916.0,926.0,940.0,987.0,992.0,994.0,997.0,
17.0,30.0,104.0,126.0,195.0,201.0,230.0,251.0,256.0,276.0,312.0,320.0,332.0,342.0,348.0,387.0,400.0,411.0,452.0,468.0,485.0,530.0,556.0,559.0,597.0,633.0,663.0,673.0,698.0,715.0,724.0,726.0,728.0,743.0,768.0,830.0,844.0,880.0,900.0,917.0,966.0,
32.0,92.0,111.0,116.0,144.0,193.0,232.0,236.0,260.0,271.0,275.0,315.0,325.0,420.0,505.0,506.0,556.0,568.0,600.0,737.0,816.0,823.0,855.0,891.0,915.0,915.0,924.0,943.0,961.0,979.0,
18.0,38.0,65.0,144.0,181.0,214.0,216.0,226.0,317.0,324.0,332.0,333.0,333.0,337.0,338.0,415.0,440.0,469.0,500.0,595.0,605.0,617.0,633.0,760.0,772.0,817.0,894.0,910.0,943.0,953.0,957.0,
17.0,38.0,38.0,56.0,60.0,133.0,133.0,218.0,242.0,252.0,256.0,343.0,344.0,369.0,397.0,412.0,438.0,520.0,533.0,534.0,540.0,544.0,544.0,575.0,586.0,587.0,591.0,593.0,661.0,707.0,778.0,785.0,832.0,844.0,847.0,847.0,847.0,869.0,914.0,926.0,928.0,996.0,
18.0,18.0,24.0,50.0,78.0,86.0,86.0,100.0,106.0,138.0,148.0,199.0,211.0,228.0,236.0,247.0,342.0,398.0,406.0,462.0,481.0,486.0,505.0,529.0,576.0,589.0,602.0,668.0,676.0,734.0,754.0,755.0,782.0,808.0,825.0,830.0,836.0,851.0,858.0,887.0,985.0,996.0,998.0,
10.0,183.0,187.0,226.0,245.0,282.0,288.0,295.0,327.0,338.0,339.0,359.0,378.0,379.0,382.0,406.0,420.0,448.0,474.0,478.0,485.0,486.0,499.0,507.0,522.0,527.0,551.0,642.0,650.0,657.0,673.0,694.0,718.0,721.0,778.0,783.0,821.0,829.0,844.0,847.0,881.0,890.0,912.0,955.0,983.0,993.0,
104.0,109.0,112.0,131.0,134.0,165.0,180.0,198.0,204.0,206.0,208.0,242.0,283.0,296.0,312.0,317.0,400.0,493.0,500.0,514.0,545.0,598.0,624.0,659.0,684.0,698.0,754.0,756.0,787.0,794.0,952.0,960.0,961.0,970.0,986.0,
24.0,29.0,34.0,91.0,101.0,140.0,151.0,152.0,152.0,156.0,175.0,233.0,235.0,272.0,273.0,284.0,315.0,382.0,442.0,448.0,449.0,452.0,458.0,470.0,474.0,529.0,572.0,575.0,616.0,627.0,631.0,641.0,673.0,682.0,694.0,700.0,718.0,727.0,747.0,773.0,805.0,851.0,861.0,864.0,879.0,883.0,928.0,939.0,948.0,959.0,973.0,982.0,
129.0,130.0,157.0,164.0,180.0,189.0,201.0,247.0,267.0,268.0,290.0,313.0,343.0,383.0,481.0,515.0,565.0,598.0,601.0,660.0,715.0,717.0,738.0,782.0,799.0,895.0,895.0,911.0,973.0,988.0,995.0,
37.0,49.0,50.0,53.0,78.0,116.0,117.0,122.0,135.0,155.0,207.0,218.0,250.0,310.0,322.0,331.0,344.0,368.0,369.0,374.0,388.0,391.0,406.0,408.0,432.0,441.0,441.0,444.0,463.0,476.0,522.0,603.0,619.0,625.0,665.0,725.0,767.0,801.0,842.0,845.0,861.0,900.0,984.0,994.0,
59.0,60.0,74.0,98.0,107.0,126.0,146.0,152.0,172.0,206.0,287.0,290.0,290.0,326.0,388.0,397.0,399.0,420.0,422.0,445.0,447.0,474.0,483.0,486.0,492.0,497.0,524.0,530.0,562.0,630.0,634.0,656.0,688.0,695.0,776.0,791.0,814.0,820.0,834.0,864.0,869.0,874.0,881.0,899.0,920.0,
27.0,31.0,62.0,162.0,216.0,294.0,412.0,416.0,420.0,471.0,479.0,485.0,493.0,605.0,623.0,627.0,640.0,644.0,735.0,758.0,783.0,835.0,902.0,927.0,974.0,
11.0,40.0,45.0,54.0,55.0,68.0,102.0,113.0,135.0,147.0,152.0,173.0,175.0,240.0,250.0,274.0,292.0,319.0,383.0,418.0,453.0,489.0,503.0,555.0,567.0,582.0,631.0,651.0,700.0,732.0,736.0,746.0,768.0,783.0,795.0,866.0,884.0,913.0,926.0,950.0,991.0,
8.0,84.0,121.0,207.0,238.0,254.0,263.0,265.0,319.0,358.0,358.0,465.0,471.0,473.0,491.0,505.0,532.0,590.0,618.0,620.0,664.0,667.0,690.0,732.0,732.0,746.0,866.0,873.0,911.0,940.0,997.0,
88.0,108.0,184.0,214.0,219.0,231.0,240.0,280.0,318.0,326.0,334.0,360.0,366.0,463.0,472.0,491.0,497.0,501.0,512.0,516.0,529.0,545.0,598.0,608.0,616.0,616.0,637.0,648.0,667.0,667.0,696.0,725.0,736.0,760.0,764.0,818.0,824.0,825.0,909.0,973.0,980.0,
17.0,55.0,163.0,306.0,312.0,318.0,343.0,345.0,358.0,382.0,423.0,427.0,440.0,453.0,455.0,464.0,473.0,531.0,583.0,594.0,595.0,599.0,599.0,602.0,650.0,651.0,657.0,667.0,676.0,679.0,683.0,690.0,700.0,722.0,736.0,812.0,836.0,883.0,895.0,907.0,938.0,991.0,
10.0,12.0,28.0,32.0,32.0,43.0,75.0,81.0,123.0,128.0,219.0,237.0,258.0,265.0,283.0,286.0,316.0,488.0,554.0,572.0,666.0,695.0,703.0,731.0,754.0,777.0,783.0,794.0,813.0,819.0,822.0,836.0,888.0,903.0,914.0,
32.0,37.0,75.0,112.0,117.0,167.0,246.0,252.0,271.0,289.0,356.0,394.0,448.0,498.0,508.0,513.0,540.0,590.0,613.0,658.0,679.0,769.0,802.0,810.0,909.0,915.0,936.0,937.0,947.0,960.0,
