6.0,18.0,23.0,48.0,94.0,97.0,123.0,123.0,128.0,132.0,135.0,138.0,181.0,268.0,275.0,285.0,288.0,316.0,346.0,352.0,358.0,396.0,404.0,406.0,409.0,459.0,490.0,537.0,537.0,629.0,630.0,686.0,739.0,773.0,781.0,796.0,837.0,837.0,872.0,888.0,910.0,992.0,998.0,
104.0,122.0,174.0,218.0,269.0,272.0,272.0,294.0,337.0,341.0,344.0,344.0,493.0,561.0,562.0,618.0,630.0,655.0,695.0,727.0,730.0,747.0,793.0,847.0,870.0,876.0,884.0,919.0,920.0,926.0,970.0,977.0,
20.0,37.0,45.0,67.0,141.0,208.0,209.0,214.0,216.0,217.0,230.0,277.0,334.0,362.0,373.0,373.0,388.0,409.0,414.0,450.0,464.0,567.0,574.0,577.0,611.0,645.0,674.0,741.0,746.0,747.0,793.0,826.0,861.0,884.0,951.0,969.0,986.0,992.0,1000.0,
50.0,60.0,106.0,115.0,122.0,123.0,175.0,192.0,221.0,248.0,251.0,291.0,340.0,454.0,463.0,515.0,519.0,528.0,560.0,571.0,585.0,624.0,671.0,721.0,758.0,769.0,812.0,825.0,865.0,998.0,
21.0,34.0,34.0,50.0,68.0,132.0,180.0,183.0,211.0,260.0,427.0,436.0,503.0,546.0,565.0,605.0,662.0,707.0,762.0,806.0,807.0,955.0,
19.0,29.0,120.0,202.0,205.0,212.0,247.0,258.0,268.0,277.0,293.0,300.0,305.0,327.0,334.0,397.0,412.0,429.0,451.0,478.0,507.0,522.0,528.0,538.0,539.0,571.0,696.0,702.0,804.0,858.0,971.0,983.0,
8.0,30.0,47.0,56.0,88.0,126.0,142.0,171.0,217.0,227.0,232.0,242.0,330.0,374.0,423.0,442.0,458.0,467.0,482.0,506.0,544.0,572.0,579.0,599.0,614.0,645.0,700.0,700.0,748.0,769.0,775.0,787.0,814.0,831.0,837.0,870.0,877.0,896.0,
3.0,24.0,29.0,50.0,51.0,58.0,169.0,227.0,277.0,324.0,339.0,355.0,441.0,519.0,529.0,609.0,614.0,641.0,721.0,729.0,981.0,
38.0,76.0,100.0,184.0,306.0,307.0,407.0,429.0,430.0,484.0,489.0,532.0,535.0,544.0,617.0,624.0,630.0,635.0,637.0,652.0,754.0,801.0,926.0,956.0,958.0,960.0,985.0,
16.0,54.0,81.0,94.0,145.0,164.0,174.0,183.0,194.0,208.0,225.0,242.0,293.0,299.0,394.0,424.0,427.0,435.0,454.0,470.0,611.0,618.0,623.0,666.0,693.0,695.0,746.0,764.0,764.0,798.0,800.0,839.0,860.0,881.0,917.0,990.0,
10.0,29.0,211.0,270.0,279.0,307.0,317.0,347.0,370.0,403.0,405.0,406.0,425.0,444.0,451.0,457.0,623.0,681.0,711.0,762.0,770.0,858.0,911.0,929.0,958.0,
38.0,95.0,115.0,131.0,133.0,143.0,203.0,252.0,258.0,358.0,417.0,439.0,456.0,472.0,478.0,485.0,511.0,531.0,559.0,587.0,665.0,676.0,718.0,734.0,750.0,840.0,842.0,895.0,901.0,911.0,928.0,929.0,981.0,
8.0,14.0,41.0,98.0,115.0,143.0,204.0,210.0,332.0,347.0,377.0,433.0,448.0,465.0,465.0,474.0,506.0,626.0,710.0,746.0,867.0,871.0,883.0,982.0,
7.0,34.0,40.0,104.0,139.0,211.0,244.0,306.0,354.0,355.0,365.0,433.0,462.0,477.0,523.0,534.0,579.0,587.0,589.0,594.0,609.0,611.0,629.0,643.0,666.0,675.0,689.0,699.0,723.0,730.0,733.0,738.0,768.0,768.0,787.0,792.0,814.0,833.0,834.0,837.0,839.0,855.0,886.0,900.0,901.0,958.0,
31.0,61.0,66.0,68.0,78.0,90.0,178.0,191.0,291.0,317.0,357.0,366.0,461.0,468.0,499.0,506.0,527.0,530.0,554.0,576.0,583.0,590.0,622.0,637.0,637.0,643.0,707.0,716.0,721.0,752.0,816.0,818.0,827.0,828.0,831.0,850.0,868.0,870.0,881.0,897.0,958.0,961.0,989.0,993.0,
14.0,66.0,98.0,140.0,161.0,176.0,187.0,215.0,217.0,242.0,250.0,279.0,284.0,310.0,351.0,437.0,494.0,517.0,545.0,553.0,554.0,561.0,587.0,589.0,622.0,624.0,629.0,636.0,645.0,648.0,650.0,663.0,672.0,688.0,704.0,734.0,746.0,750.0,808.0,810.0,817.0,859.0,893.0,940.0,941.0,942.0,949.0,955.0,981.0,982.0,996.0,
3.0,58.0,58.0,88.0,136.0,152.0,198.0,226.0,233.0,235.0,284.0,321.0,348.0,373.0,411.0,512.0,531.0,535.0,555.0,555.0,560.0,568.0,570.0,575.0,577.0,585.0,586.0,591.0,601.0,604.0,626.0,648.0,667.0,692.0,695.0,705.0,719.0,737.0,767.0,802.0,817.0,825.0,847.0,906.0,924.0,952.0,958.0,972.0,994.0,997.0,1000.0,
15.0,16.0,44.0,57.0,146.0,219.0,229.0,235.0,239.0,257.0,273.0,295.0,324.0,334.0,349.0,370.0,374.0,393.0,444.0,446.0,473.0,499.0,518.0,527.0,528.0,551.0,608.0,673.0,675.0,846.0,863.0,889.0,912.0,920.0,930.0,945.0,948.0,
40.0,131.0,134.0,212.0,294.0,302.0,330.0,332.0,336.0,363.0,387.0,393.0,444.0,584.0,599.0,640.0,670.0,731.0,739.0,797.0,
15.0,16.0,43.0,115.0,130.0,151.0,159.0,172.0,242.0,259.0,277.0,342.0,403.0,437.0,456.0,464.0,489.0,503.0,514.0,617.0,622.0,696.0,739.0,752.0,758.0,783.0,924.0,987.0,
15.0,59.0,123.0,148.0,192.0,204.0,211.0,220.0,238.0,293.0,354.0,356.0,399.0,413.0,438.0,495.0,544.0,570.0,572.0,628.0,684.0,696.0,772.0,826.0,891.0,931.0,956.0,971.0,
12.0,56.0,88.0,94.0,95.0,103.0,108.0,141.0,141.0,174.0,194.0,211.0,218.0,282.0,283.0,327.0,350.0,394.0,397.0,419.0,476.0,481.0,503.0,518.0,524.0,528.0,620.0,701.0,748.0,752.0,790.0,800.0,832.0,835.0,840.0,974.0,
72.0,76.0,115.0,216.0,217.0,220.0,237.0,241.0,249.0,288.0,419.0,423.0,448.0,451.0,454.0,462.0,496.0,499.0,506.0,515.0,530.0,535.0,535.0,536.0,554.0,556.0,561.0,564.0,567.0,578.0,582.0,582.0,587.0,596.0,603.0,615.0,631.0,651.0,652.0,665.0,666.0,668.0,672.0,688.0,700.0,720.0,740.0,743.0,755.0,761.0,778.0,886.0,888.0,899.0,902.0,938.0,967.0,968.0,
2.0,19.0,32.0,37.0,59.0,59.0,94.0,118.0,278.0,284.0,356.0,379.0,398.0,437.0,460.0,468.0,484.0,489.0,516.0,519.0,524.0,526.0,529.0,533.0,534.0,535.0,537.0,550.0,560.0,561.0,561.0,562.0,569.0,582.0,584.0,589.0,589.0,592.0,593.0,594.0,594.0,606.0,609.0,613.0,616.0,634.0,636.0,645.0,657.0,676.0,681.0,684.0,694.0,720.0,729.0,729.0,733.0,733.0,751.0,775.0,782.0,801.0,811.0,816.0,826.0,828.0,833.0,842.0,846.0,864.0,864.0,870.0,870.0,873.0,895.0,898.0,906.0,920.0,925.0,964.0,964.0,
5.0,71.0,74.0,82.0,100.0,116.0,130.0,157.0,172.0,204.0,256.0,282.0,319.0,365.0,367.0,368.0,379.0,400.0,408.0,414.0,436.0,473.0,476.0,486.0,487.0,511.0,512.0,519.0,520.0,524.0,529.0,529.0,542.0,550.0,554.0,561.0,566.0,580.0,587.0,613.0,643.0,647.0,647.0,661.0,665.0,672.0,677.0,679.0,692.0,696.0,699.0,708.0,732.0,732.0,749.0,756.0,758.0,791.0,807.0,823.0,828.0,834.0,839.0,875.0,877.0,889.0,910.0,944.0,953.0,954.0,978.0,996.0,
81.0,119.0,218.0,219.0,224.0,251.0,296.0,316.0,328.0,329.0,336.0,357.0,384.0,388.0,421.0,439.0,458.0,472.0,485.0,499.0,501.0,504.0,508.0,516.0,518.0,522.0,524.0,529.0,538.0,547.0,547.0,547.0,553.0,560.0,582.0,582.0,592.0,604.0,607.0,637.0,637.0,659.0,668.0,671.0,677.0,688.0,780.0,782.0,783.0,786.0,788.0,806.0,809.0,822.0,865.0,875.0,887.0,905.0,934.0,937.0,960.0,963.0,969.0,983.0,988.0,
24.0,38.0,50.0,57.0,78.0,150.0,151.0,208.0,211.0,244.0,301.0,325.0,335.0,346.0,384.0,394.0,457.0,472.0,498.0,514.0,514.0,526.0,530.0,534.0,539.0,545.0,552.0,556.0,556.0,559.0,560.0,562.0,568.0,570.0,572.0,574.0,574.0,580.0,588.0,590.0,592.0,610.0,621.0,631.0,639.0,675.0,697.0,708.0,710.0,716.0,718.0,723.0,724.0,759.0,776.0,785.0,835.0,835.0,876.0,880.0,891.0,894.0,895.0,902.0,914.0,921.0,923.0,963.0,
19.0,86.0,164.0,197.0,219.0,242.0,258.0,290.0,304.0,318.0,386.0,421.0,435.0,496.0,528.0,536.0,539.0,541.0,549.0,551.0,551.0,561.0,564.0,579.0,587.0,593.0,597.0,601.0,605.0,607.0,613.0,618.0,625.0,627.0,642.0,664.0,669.0,682.0,691.0,709.0,710.0,726.0,741.0,754.0,756.0,760.0,772.0,781.0,805.0,811.0,848.0,854.0,855.0,893.0,916.0,920.0,949.0,953.0,955.0,971.0,992.0,1000.0,
57.0,81.0,115.0,137.0,153.0,161.0,170.0,234.0,262.0,284.0,375.0,395.0,399.0,417.0,486.0,492.0,507.0,511.0,512.0,516.0,527.0,529.0,544.0,544.0,561.0,567.0,583.0,592.0,627.0,659.0,672.0,673.0,677.0,691.0,732.0,736.0,739.0,810.0,811.0,858.0,864.0,877.0,913.0,926.0,926.0,936.0,954.0,962.0,975.0,991.0,
62.0,65.0,107.0,112.0,125.0,129.0,149.0,167.0,181.0,187.0,220.0,224.0,235.0,236.0,251.0,252.0,291.0,300.0,301.0,325.0,369.0,417.0,464.0,482.0,504.0,525.0,538.0,545.0,547.0,571.0,732.0,829.0,968.0,
29.0,32.0,49.0,81.0,93.0,95.0,97.0,238.0,243.0,250.0,297.0,343.0,360.0,385.0,437.0,458.0,477.0,487.0,499.0,506.0,590.0,640.0,664.0,726.0,733.0,786.0,797.0,801.0,814.0,853.0,912.0,913.0,918.0,934.0,964.0,979.0,979.0,
16.0,28.0,40.0,98.0,124.0,137.0,143.0,180.0,183.0,201.0,213.0,318.0,346.0,393.0,402.0,422.0,454.0,507.0,519.0,527.0,545.0,549.0,553.0,554.0,572.0,593.0,606.0,613.0,614.0,623.0,702.0,703.0,709.0,726.0,743.0,747.0,750.0,832.0,892.0,895.0,919.0,938.0,952.0,955.0,
3.0,89.0,103.0,106.0,145.0,232.0,282.0,318.0,392.0,401.0,408.0,429.0,438.0,475.0,501.0,518.0,526.0,529.0,529.0,533.0,535.0,549.0,556.0,556.0,557.0,557.0,558.0,563.0,568.0,572.0,578.0,586.0,592.0,593.0,599.0,605.0,617.0,626.0,639.0,639.0,653.0,654.0,666.0,677.0,689.0,698.0,701.0,706.0,723.0,740.0,744.0,753.0,768.0,773.0,773.0,833.0,837.0,845.0,851.0,851.0,904.0,910.0,910.0,914.0,927.0,940.0,946.0,952.0,954.0,975.0,978.0,
2.0,10.0,11.0,14.0,44.0,45.0,50.0,109.0,159.0,179.0,209.0,239.0,283.0,285.0,318.0,349.0,367.0,437.0,461.0,475.0,516.0,525.0,528.0,529.0,529.0,531.0,533.0,537.0,545.0,551.0,553.0,563.0,566.0,568.0,573.0,575.0,577.0,587.0,591.0,591.0,593.0,605.0,606.0,612.0,646.0,658.0,663.0,675.0,720.0,732.0,741.0,748.0,773.0,789.0,796.0,802.0,802.0,834.0,852.0,853.0,860.0,909.0,916.0,928.0,963.0,
8.0,15.0,37.0,61.0,82.0,96.0,111.0,120.0,159.0,174.0,190.0,211.0,220.0,236.0,252.0,252.0,285.0,338.0,340.0,393.0,403.0,428.0,429.0,514.0,520.0,524.0,531.0,532.0,532.0,532.0,537.0,537.0,549.0,550.0,550.0,569.0,571.0,573.0,573.0,586.0,612.0,645.0,653.0,660.0,676.0,697.0,708.0,727.0,747.0,753.0,774.0,779.0,780.0,797.0,877.0,882.0,933.0,950.0,980.0,
5.0,33.0,127.0,145.0,165.0,221.0,229.0,231.0,246.0,279.0,284.0,345.0,355.0,363.0,369.0,405.0,446.0,498.0,519.0,519.0,521.0,521.0,530.0,532.0,535.0,544.0,568.0,568.0,569.0,571.0,585.0,595.0,596.0,628.0,644.0,660.0,667.0,678.0,679.0,698.0,732.0,752.0,774.0,778.0,782.0,787.0,792.0,794.0,806.0,831.0,847.0,851.0,866.0,870.0,900.0,
13.0,31.0,49.0,93.0,94.0,113.0,137.0,200.0,247.0,249.0,252.0,253.0,265.0,286.0,330.0,471.0,490.0,503.0,514.0,515.0,521.0,522.0,524.0,530.0,533.0,535.0,536.0,544.0,545.0,550.0,554.0,575.0,579.0,580.0,585.0,595.0,597.0,619.0,632.0,639.0,645.0,654.0,662.0,704.0,717.0,725.0,728.0,750.0,753.0,807.0,811.0,813.0,824.0,845.0,846.0,897.0,920.0,924.0,939.0,
19.0,22.0,45.0,75.0,82.0,170.0,195.0,196.0,205.0,254.0,258.0,263.0,266.0,280.0,290.0,316.0,325.0,339.0,360.0,371.0,397.0,425.0,511.0,522.0,526.0,526.0,527.0,528.0,531.0,533.0,546.0,548.0,550.0,553.0,554.0,557.0,559.0,559.0,574.0,577.0,578.0,585.0,598.0,602.0,623.0,628.0,638.0,658.0,661.0,677.0,686.0,698.0,742.0,747.0,756.0,855.0,855.0,862.0,897.0,899.0,908.0,926.0,
39.0,74.0,129.0,139.0,217.0,231.0,238.0,244.0,245.0,278.0,286.0,289.0,294.0,335.0,397.0,399.0,437.0,442.0,473.0,509.0,524.0,528.0,540.0,550.0,562.0,586.0,601.0,619.0,624.0,653.0,658.0,702.0,705.0,708.0,708.0,716.0,727.0,735.0,757.0,817.0,820.0,837.0,847.0,851.0,852.0,859.0,860.0,869.0,875.0,886.0,903.0,910.0,912.0,914.0,921.0,939.0,991.0,993.0,
16.0,54.0,59.0,78.0,102.0,145.0,166.0,206.0,226.0,297.0,310.0,313.0,334.0,357.0,382.0,383.0,428.0,429.0,456.0,530.0,540.0,542.0,543.0,585.0,599.0,606.0,610.0,616.0,623.0,635.0,637.0,668.0,676.0,701.0,703.0,717.0,766.0,776.0,803.0,838.0,908.0,982.0,995.0,
10.0,24.0,47.0,65.0,66.0,78.0,88.0,89.0,110.0,159.0,188.0,191.0,192.0,194.0,203.0,264.0,319.0,321.0,330.0,335.0,364.0,378.0,417.0,474.0,518.0,525.0,527.0,548.0,627.0,664.0,710.0,812.0,838.0,898.0,947.0,
47.0,52.0,71.0,92.0,108.0,154.0,170.0,186.0,205.0,243.0,245.0,280.0,300.0,315.0,352.0,387.0,407.0,451.0,486.0,491.0,505.0,522.0,532.0,536.0,553.0,564.0,569.0,569.0,603.0,608.0,611.0,619.0,625.0,638.0,642.0,644.0,648.0,660.0,670.0,700.0,731.0,739.0,806.0,812.0,817.0,850.0,863.0,942.0,942.0,961.0,986.0,
17.0,40.0,45.0,72.0,156.0,238.0,251.0,252.0,267.0,348.0,357.0,361.0,391.0,453.0,458.0,500.0,519.0,532.0,539.0,541.0,542.0,553.0,553.0,553.0,562.0,563.0,566.0,567.0,575.0,581.0,591.0,604.0,610.0,611.0,612.0,613.0,614.0,618.0,622.0,636.0,640.0,643.0,646.0,647.0,655.0,683.0,683.0,686.0,691.0,702.0,707.0,718.0,719.0,726.0,743.0,764.0,778.0,798.0,801.0,841.0,845.0,858.0,899.0,904.0,914.0,998.0,
6.0,10.0,50.0,65.0,112.0,125.0,155.0,205.0,215.0,238.0,289.0,289.0,298.0,314.0,315.0,320.0,330.0,334.0,353.0,368.0,379.0,393.0,404.0,420.0,430.0,460.0,520.0,521.0,530.0,543.0,550.0,553.0,556.0,561.0,562.0,565.0,567.0,577.0,582.0,585.0,588.0,590.0,593.0,600.0,602.0,602.0,626.0,648.0,649.0,661.0,694.0,695.0,701.0,713.0,718.0,736.0,738.0,744.0,749.0,750.0,760.0,777.0,794.0,803.0,805.0,932.0,961.0,982.0,999.0,
30.0,42.0,77.0,95.0,110.0,126.0,146.0,173.0,194.0,206.0,240.0,246.0,247.0,269.0,330.0,332.0,358.0,363.0,389.0,457.0,460.0,476.0,504.0,523.0,534.0,539.0,543.0,545.0,546.0,548.0,548.0,550.0,554.0,562.0,562.0,563.0,566.0,566.0,567.0,573.0,590.0,613.0,626.0,632.0,636.0,659.0,666.0,672.0,704.0,705.0,720.0,785.0,794.0,812.0,830.0,844.0,850.0,857.0,865.0,898.0,912.0,913.0,916.0,925.0,940.0,948.0,960.0,964.0,973.0,982.0,998.0,
44.0,58.0,109.0,124.0,129.0,133.0,157.0,167.0,191.0,225.0,251.0,252.0,268.0,298.0,311.0,382.0,385.0,423.0,432.0,456.0,491.0,519.0,542.0,542.0,543.0,545.0,546.0,555.0,558.0,562.0,564.0,566.0,579.0,581.0,617.0,618.0,619.0,622.0,631.0,633.0,637.0,637.0,669.0,681.0,692.0,703.0,707.0,719.0,734.0,745.0,754.0,760.0,763.0,778.0,828.0,838.0,852.0,871.0,914.0,920.0,967.0,970.0,991.0,998.0,
21.0,48.0,49.0,58.0,76.0,98.0,214.0,243.0,255.0,273.0,297.0,315.0,324.0,338.0,346.0,358.0,362.0,391.0,405.0,442.0,466.0,497.0,522.0,528.0,532.0,534.0,542.0,544.0,551.0,553.0,555.0,557.0,559.0,560.0,569.0,570.0,572.0,574.0,574.0,576.0,582.0,586.0,587.0,601.0,603.0,612.0,613.0,614.0,639.0,645.0,650.0,652.0,673.0,674.0,675.0,675.0,679.0,707.0,719.0,743.0,768.0,773.0,780.0,793.0,808.0,826.0,834.0,838.0,842.0,853.0,884.0,899.0,901.0,905.0,917.0,979.0,986.0,
13.0,70.0,93.0,102.0,142.0,203.0,210.0,217.0,221.0,305.0,355.0,371.0,399.0,405.0,429.0,477.0,482.0,503.0,518.0,522.0,528.0,536.0,538.0,539.0,542.0,547.0,573.0,577.0,591.0,595.0,599.0,612.0,614.0,618.0,633.0,648.0,656.0,661.0,667.0,670.0,685.0,687.0,746.0,766.0,786.0,805.0,830.0,837.0,838.0,844.0,883.0,895.0,895.0,956.0,965.0,968.0,981.0,992.0,997.0,
37.0,47.0,65.0,73.0,92.0,94.0,113.0,151.0,157.0,226.0,264.0,285.0,305.0,337.0,339.0,376.0,389.0,418.0,418.0,493.0,529.0,530.0,531.0,537.0,538.0,539.0,546.0,551.0,552.0,567.0,580.0,585.0,588.0,597.0,600.0,603.0,608.0,608.0,609.0,610.0,610.0,615.0,621.0,627.0,634.0,638.0,661.0,661.0,671.0,685.0,693.0,710.0,714.0,734.0,742.0,743.0,810.0,830.0,850.0,864.0,867.0,867.0,880.0,886.0,890.0,893.0,896.0,903.0,931.0,937.0,955.0,979.0,
48.0,105.0,105.0,113.0,137.0,182.0,184.0,247.0,251.0,313.0,339.0,368.0,457.0,476.0,480.0,500.0,520.0,531.0,538.0,541.0,552.0,554.0,560.0,562.0,573.0,593.0,607.0,616.0,626.0,666.0,688.0,738.0,748.0,753.0,760.0,766.0,769.0,773.0,774.0,786.0,801.0,817.0,836.0,842.0,853.0,855.0,871.0,879.0,926.0,938.0,958.0,978.0,
4.0,30.0,68.0,81.0,92.0,94.0,99.0,111.0,111.0,113.0,165.0,226.0,267.0,275.0,278.0,420.0,470.0,471.0,486.0,539.0,539.0,572.0,575.0,576.0,581.0,738.0,836.0,851.0,908.0,939.0,943.0,
23.0,26.0,36.0,59.0,69.0,100.0,101.0,105.0,147.0,163.0,196.0,246.0,268.0,273.0,275.0,306.0,350.0,361.0,448.0,504.0,523.0,524.0,525.0,533.0,539.0,548.0,548.0,562.0,570.0,571.0,573.0,590.0,590.0,603.0,618.0,619.0,625.0,634.0,636.0,661.0,702.0,710.0,721.0,729.0,750.0,760.0,778.0,782.0,795.0,817.0,831.0,832.0,834.0,841.0,846.0,857.0,860.0,874.0,881.0,888.0,898.0,916.0,927.0,937.0,955.0,964.0,969.0,978.0,993.0,994.0,1000.0,
12.0,17.0,38.0,75.0,95.0,106.0,126.0,129.0,183.0,195.0,215.0,223.0,232.0,245.0,271.0,274.0,300.0,315.0,339.0,343.0,381.0,406.0,438.0,467.0,513.0,528.0,533.0,533.0,537.0,538.0,549.0,561.0,563.0,565.0,571.0,578.0,579.0,584.0,586.0,598.0,619.0,620.0,620.0,623.0,636.0,642.0,645.0,650.0,654.0,658.0,659.0,660.0,668.0,673.0,707.0,721.0,725.0,729.0,756.0,764.0,789.0,794.0,861.0,869.0,891.0,893.0,894.0,897.0,902.0,917.0,920.0,951.0,982.0,990.0,998.0,1000.0,
60.0,118.0,124.0,161.0,225.0,228.0,258.0,266.0,276.0,334.0,339.0,344.0,364.0,398.0,399.0,437.0,462.0,496.0,497.0,498.0,504.0,511.0,511.0,515.0,515.0,519.0,529.0,531.0,531.0,533.0,534.0,536.0,538.0,539.0,547.0,549.0,556.0,557.0,558.0,572.0,575.0,575.0,577.0,578.0,584.0,587.0,605.0,613.0,618.0,651.0,656.0,663.0,664.0,666.0,689.0,716.0,745.0,750.0,780.0,784.0,802.0,810.0,832.0,843.0,845.0,857.0,862.0,921.0,943.0,947.0,960.0,981.0,1000.0,
17.0,30.0,138.0,171.0,249.0,253.0,271.0,342.0,351.0,357.0,372.0,378.0,400.0,433.0,503.0,509.0,509.0,512.0,512.0,513.0,526.0,526.0,530.0,530.0,532.0,533.0,535.0,537.0,540.0,546.0,547.0,547.0,548.0,551.0,552.0,553.0,557.0,558.0,560.0,568.0,573.0,573.0,582.0,585.0,586.0,594.0,612.0,613.0,616.0,627.0,646.0,650.0,650.0,653.0,659.0,679.0,684.0,684.0,693.0,708.0,731.0,746.0,770.0,785.0,799.0,811.0,816.0,826.0,834.0,865.0,898.0,912.0,945.0,954.0,990.0,
2.0,48.0,75.0,106.0,133.0,134.0,156.0,168.0,171.0,201.0,233.0,257.0,279.0,333.0,368.0,369.0,370.0,374.0,420.0,426.0,427.0,489.0,504.0,528.0,535.0,539.0,543.0,545.0,545.0,548.0,551.0,556.0,558.0,561.0,561.0,563.0,570.0,571.0,573.0,576.0,581.0,581.0,582.0,583.0,585.0,596.0,601.0,604.0,605.0,607.0,613.0,619.0,637.0,645.0,656.0,663.0,679.0,702.0,723.0,725.0,731.0,732.0,768.0,805.0,847.0,849.0,859.0,872.0,893.0,894.0,903.0,946.0,954.0,956.0,966.0,977.0,978.0,
5.0,91.0,108.0,151.0,157.0,159.0,172.0,185.0,206.0,241.0,243.0,322.0,368.0,403.0,454.0,463.0,505.0,506.0,520.0,529.0,531.0,531.0,532.0,532.0,534.0,535.0,535.0,536.0,537.0,542.0,546.0,549.0,550.0,551.0,553.0,562.0,575.0,576.0,582.0,582.0,590.0,607.0,614.0,619.0,643.0,645.0,655.0,655.0,662.0,680.0,682.0,687.0,694.0,709.0,716.0,718.0,732.0,732.0,741.0,749.0,766.0,826.0,851.0,861.0,871.0,871.0,879.0,881.0,890.0,893.0,911.0,917.0,945.0,949.0,967.0,970.0,
125.0,134.0,144.0,264.0,270.0,325.0,354.0,370.0,379.0,404.0,408.0,476.0,514.0,525.0,527.0,530.0,533.0,534.0,537.0,555.0,557.0,561.0,568.0,569.0,572.0,576.0,589.0,595.0,598.0,602.0,602.0,602.0,615.0,644.0,667.0,672.0,700.0,709.0,727.0,741.0,741.0,753.0,763.0,785.0,812.0,822.0,860.0,879.0,898.0,924.0,953.0,964.0,995.0,995.0,
10.0,67.0,74.0,129.0,146.0,148.0,179.0,183.0,252.0,330.0,356.0,360.0,369.0,385.0,388.0,426.0,461.0,466.0,499.0,532.0,534.0,537.0,538.0,542.0,546.0,547.0,553.0,562.0,564.0,568.0,574.0,591.0,596.0,618.0,621.0,630.0,647.0,662.0,668.0,707.0,712.0,713.0,714.0,755.0,760.0,770.0,795.0,798.0,836.0,848.0,852.0,855.0,869.0,873.0,902.0,914.0,925.0,928.0,930.0,937.0,952.0,982.0,997.0,999.0,
59.0,72.0,86.0,166.0,180.0,192.0,222.0,369.0,379.0,443.0,444.0,458.0,526.0,529.0,540.0,544.0,551.0,552.0,553.0,564.0,565.0,589.0,590.0,596.0,605.0,623.0,623.0,624.0,631.0,631.0,633.0,652.0,655.0,655.0,668.0,669.0,694.0,717.0,723.0,726.0,730.0,734.0,745.0,752.0,755.0,758.0,835.0,840.0,843.0,858.0,864.0,876.0,883.0,912.0,917.0,975.0,981.0,996.0,
133.0,147.0,166.0,173.0,177.0,220.0,228.0,245.0,246.0,247.0,275.0,369.0,435.0,531.0,607.0,613.0,661.0,698.0,738.0,783.0,914.0,939.0,985.0,
30.0,50.0,100.0,128.0,152.0,159.0,199.0,255.0,296.0,310.0,370.0,387.0,423.0,432.0,480.0,492.0,530.0,552.0,557.0,577.0,582.0,604.0,609.0,623.0,637.0,640.0,699.0,717.0,718.0,725.0,746.0,764.0,778.0,780.0,807.0,814.0,839.0,843.0,868.0,872.0,872.0,889.0,891.0,903.0,906.0,931.0,957.0,980.0,
12.0,15.0,176.0,197.0,199.0,213.0,216.0,236.0,242.0,261.0,285.0,294.0,314.0,319.0,340.0,352.0,367.0,380.0,409.0,445.0,476.0,523.0,524.0,526.0,534.0,546.0,547.0,552.0,552.0,568.0,577.0,579.0,580.0,582.0,584.0,587.0,588.0,591.0,604.0,606.0,622.0,630.0,632.0,634.0,640.0,644.0,645.0,648.0,655.0,707.0,738.0,741.0,753.0,782.0,783.0,800.0,820.0,842.0,853.0,855.0,900.0,911.0,914.0,923.0,948.0,951.0,954.0,
19.0,40.0,83.0,119.0,126.0,145.0,160.0,176.0,197.0,203.0,286.0,319.0,357.0,364.0,395.0,426.0,518.0,536.0,541.0,545.0,549.0,552.0,553.0,553.0,555.0,561.0,561.0,564.0,568.0,573.0,586.0,595.0,602.0,603.0,605.0,613.0,627.0,631.0,633.0,636.0,639.0,655.0,658.0,675.0,679.0,689.0,701.0,728.0,752.0,760.0,811.0,853.0,899.0,907.0,911.0,925.0,937.0,944.0,953.0,959.0,992.0,1000.0,
26.0,54.0,63.0,90.0,128.0,196.0,221.0,229.0,271.0,276.0,333.0,356.0,359.0,365.0,390.0,499.0,511.0,523.0,524.0,529.0,532.0,538.0,558.0,560.0,563.0,565.0,566.0,570.0,570.0,577.0,581.0,585.0,593.0,598.0,602.0,606.0,607.0,626.0,640.0,648.0,658.0,671.0,684.0,686.0,723.0,740.0,750.0,750.0,797.0,864.0,880.0,886.0,892.0,897.0,901.0,920.0,932.0,939.0,946.0,975.0,980.0,990.0,
79.0,193.0,220.0,228.0,242.0,249.0,297.0,305.0,374.0,377.0,392.0,411.0,429.0,433.0,449.0,475.0,523.0,526.0,526.0,527.0,528.0,534.0,539.0,545.0,547.0,548.0,555.0,556.0,556.0,561.0,562.0,563.0,571.0,573.0,577.0,583.0,590.0,596.0,607.0,608.0,617.0,619.0,620.0,626.0,653.0,669.0,677.0,695.0,720.0,730.0,767.0,770.0,797.0,877.0,881.0,894.0,905.0,905.0,937.0,959.0,960.0,974.0,
19.0,36.0,63.0,67.0,91.0,140.0,152.0,204.0,242.0,251.0,261.0,308.0,317.0,339.0,383.0,397.0,413.0,438.0,456.0,462.0,505.0,519.0,519.0,523.0,533.0,534.0,535.0,535.0,540.0,550.0,550.0,554.0,554.0,555.0,562.0,577.0,579.0,582.0,588.0,593.0,597.0,613.0,618.0,619.0,621.0,622.0,627.0,630.0,635.0,648.0,649.0,652.0,662.0,663.0,686.0,690.0,691.0,693.0,695.0,756.0,762.0,764.0,771.0,829.0,848.0,874.0,894.0,905.0,919.0,932.0,947.0,959.0,961.0,972.0,995.0,
67.0,126.0,171.0,191.0,192.0,230.0,253.0,273.0,280.0,307.0,317.0,337.0,377.0,426.0,518.0,526.0,527.0,529.0,540.0,542.0,542.0,551.0,553.0,555.0,557.0,567.0,575.0,597.0,600.0,629.0,632.0,652.0,671.0,681.0,724.0,729.0,730.0,734.0,738.0,746.0,755.0,764.0,777.0,790.0,795.0,796.0,812.0,815.0,817.0,840.0,850.0,865.0,876.0,878.0,878.0,908.0,913.0,
62.0,97.0,111.0,147.0,160.0,180.0,222.0,238.0,244.0,264.0,270.0,282.0,320.0,342.0,365.0,472.0,515.0,524.0,528.0,528.0,529.0,531.0,542.0,543.0,546.0,549.0,552.0,552.0,556.0,558.0,567.0,568.0,586.0,597.0,610.0,622.0,629.0,639.0,651.0,660.0,674.0,684.0,702.0,704.0,714.0,740.0,744.0,747.0,755.0,761.0,771.0,783.0,792.0,818.0,854.0,874.0,876.0,903.0,921.0,966.0,971.0,973.0,994.0,
15.0,18.0,99.0,103.0,129.0,160.0,182.0,236.0,243.0,244.0,252.0,270.0,272.0,284.0,287.0,298.0,328.0,330.0,339.0,342.0,389.0,528.0,532.0,546.0,548.0,556.0,580.0,604.0,624.0,625.0,659.0,675.0,684.0,687.0,790.0,802.0,806.0,817.0,842.0,847.0,875.0,879.0,903.0,907.0,930.0,943.0,975.0,1000.0,
4.0,43.0,63.0,89.0,92.0,106.0,114.0,120.0,180.0,185.0,192.0,206.0,222.0,250.0,294.0,298.0,318.0,366.0,378.0,379.0,398.0,435.0,442.0,468.0,482.0,483.0,494.0,530.0,584.0,675.0,815.0,845.0,868.0,874.0,905.0,963.0,977.0,997.0,
32.0,41.0,59.0,130.0,136.0,137.0,159.0,180.0,189.0,212.0,240.0,244.0,260.0,285.0,320.0,327.0,346.0,346.0,359.0,360.0,364.0,392.0,397.0,467.0,484.0,510.0,540.0,551.0,568.0,590.0,591.0,624.0,627.0,636.0,647.0,676.0,684.0,689.0,698.0,722.0,735.0,791.0,818.0,828.0,833.0,961.0,987.0,
8.0,14.0,20.0,38.0,64.0,91.0,105.0,115.0,170.0,172.0,189.0,215.0,219.0,232.0,253.0,276.0,302.0,369.0,407.0,420.0,456.0,522.0,523.0,543.0,545.0,548.0,552.0,556.0,563.0,570.0,572.0,577.0,582.0,585.0,590.0,591.0,604.0,606.0,616.0,621.0,623.0,624.0,659.0,660.0,676.0,688.0,689.0,689.0,692.0,695.0,699.0,710.0,715.0,741.0,742.0,742.0,751.0,757.0,763.0,814.0,838.0,856.0,887.0,913.0,935.0,941.0,952.0,988.0,991.0,
2.0,6.0,7.0,18.0,42.0,113.0,173.0,186.0,187.0,235.0,250.0,263.0,279.0,292.0,294.0,304.0,305.0,313.0,341.0,381.0,398.0,444.0,450.0,463.0,486.0,498.0,506.0,516.0,527.0,529.0,532.0,536.0,536.0,537.0,538.0,539.0,540.0,543.0,545.0,556.0,559.0,560.0,569.0,571.0,595.0,606.0,613.0,618.0,621.0,622.0,630.0,641.0,648.0,649.0,649.0,653.0,662.0,678.0,688.0,700.0,735.0,738.0,748.0,763.0,763.0,771.0,780.0,788.0,789.0,791.0,803.0,821.0,822.0,827.0,859.0,869.0,883.0,904.0,905.0,909.0,941.0,965.0,976.0,978.0,
11.0,25.0,69.0,125.0,133.0,185.0,198.0,219.0,238.0,259.0,265.0,343.0,357.0,366.0,412.0,415.0,423.0,522.0,523.0,528.0,529.0,533.0,537.0,538.0,554.0,554.0,554.0,554.0,557.0,578.0,579.0,584.0,591.0,594.0,600.0,613.0,621.0,631.0,639.0,642.0,643.0,654.0,668.0,676.0,678.0,685.0,695.0,717.0,727.0,803.0,819.0,830.0,830.0,857.0,861.0,898.0,923.0,929.0,961.0,963.0,973.0,979.0,
48.0,91.0,112.0,188.0,208.0,234.0,314.0,368.0,370.0,371.0,400.0,442.0,454.0,476.0,481.0,491.0,517.0,523.0,535.0,540.0,540.0,549.0,550.0,560.0,561.0,570.0,576.0,585.0,585.0,589.0,614.0,622.0,642.0,663.0,667.0,685.0,691.0,694.0,696.0,704.0,734.0,743.0,764.0,790.0,826.0,925.0,934.0,953.0,974.0,997.0,
16.0,31.0,120.0,142.0,148.0,229.0,261.0,273.0,286.0,337.0,392.0,405.0,437.0,466.0,485.0,520.0,524.0,524.0,531.0,531.0,535.0,537.0,540.0,541.0,546.0,548.0,549.0,550.0,552.0,556.0,559.0,559.0,562.0,563.0,568.0,574.0,575.0,576.0,578.0,579.0,587.0,602.0,624.0,652.0,660.0,660.0,660.0,688.0,710.0,712.0,738.0,738.0,748.0,762.0,766.0,817.0,862.0,904.0,917.0,942.0,946.0,
3.0,19.0,62.0,72.0,88.0,159.0,173.0,174.0,180.0,269.0,315.0,320.0,335.0,356.0,408.0,455.0,462.0,483.0,491.0,522.0,535.0,537.0,538.0,546.0,546.0,546.0,549.0,555.0,562.0,567.0,573.0,579.0,580.0,582.0,584.0,588.0,597.0,603.0,606.0,608.0,616.0,640.0,659.0,686.0,704.0,715.0,717.0,745.0,758.0,784.0,791.0,811.0,826.0,833.0,839.0,841.0,857.0,861.0,867.0,907.0,930.0,938.0,949.0,951.0,967.0,977.0,993.0,
30.0,47.0,71.0,75.0,79.0,107.0,119.0,129.0,231.0,241.0,267.0,291.0,323.0,411.0,428.0,436.0,475.0,476.0,478.0,482.0,484.0,508.0,518.0,524.0,529.0,530.0,530.0,532.0,535.0,539.0,543.0,543.0,550.0,550.0,557.0,559.0,559.0,559.0,562.0,563.0,566.0,577.0,582.0,586.0,599.0,599.0,602.0,610.0,615.0,616.0,621.0,625.0,629.0,635.0,637.0,645.0,662.0,665.0,681.0,687.0,689.0,715.0,721.0,748.0,749.0,754.0,769.0,809.0,825.0,860.0,873.0,874.0,884.0,902.0,907.0,910.0,926.0,930.0,944.0,947.0,951.0,962.0,977.0,985.0,989.0,
19.0,71.0,82.0,99.0,108.0,118.0,175.0,182.0,186.0,260.0,345.0,397.0,467.0,471.0,516.0,530.0,538.0,554.0,570.0,584.0,607.0,637.0,641.0,642.0,706.0,745.0,799.0,830.0,854.0,912.0,936.0,
40.0,42.0,67.0,101.0,106.0,118.0,149.0,193.0,211.0,231.0,260.0,267.0,275.0,288.0,293.0,299.0,312.0,388.0,417.0,453.0,490.0,546.0,590.0,609.0,614.0,717.0,750.0,817.0,820.0,844.0,852.0,857.0,866.0,892.0,923.0,936.0,955.0,997.0,
36.0,44.0,129.0,177.0,218.0,266.0,273.0,273.0,303.0,309.0,313.0,338.0,346.0,346.0,350.0,376.0,431.0,436.0,457.0,479.0,482.0,527.0,576.0,577.0,598.0,641.0,647.0,790.0,794.0,818.0,932.0,939.0,961.0,976.0,1000.0,
73.0,85.0,103.0,106.0,110.0,122.0,140.0,152.0,166.0,227.0,259.0,319.0,325.0,416.0,418.0,472.0,473.0,477.0,488.0,493.0,504.0,517.0,525.0,551.0,555.0,560.0,570.0,572.0,598.0,609.0,639.0,691.0,693.0,706.0,708.0,710.0,719.0,720.0,731.0,754.0,762.0,769.0,863.0,881.0,930.0,931.0,933.0,
9.0,17.0,26.0,34.0,80.0,101.0,118.0,165.0,209.0,253.0,270.0,282.0,389.0,407.0,428.0,444.0,446.0,468.0,476.0,491.0,494.0,509.0,516.0,524.0,525.0,526.0,536.0,541.0,542.0,552.0,554.0,564.0,574.0,574.0,575.0,594.0,606.0,613.0,618.0,627.0,630.0,639.0,647.0,655.0,676.0,683.0,694.0,699.0,703.0,704.0,710.0,718.0,760.0,763.0,770.0,783.0,790.0,801.0,807.0,823.0,828.0,831.0,832.0,850.0,861.0,861.0,869.0,877.0,881.0,889.0,894.0,967.0,968.0,983.0,986.0,988.0,993.0,
3.0,24.0,72.0,94.0,111.0,161.0,181.0,199.0,210.0,215.0,291.0,366.0,367.0,372.0,388.0,432.0,436.0,478.0,483.0,523.0,535.0,539.0,543.0,543.0,547.0,549.0,551.0,555.0,561.0,561.0,566.0,567.0,568.0,569.0,570.0,579.0,582.0,582.0,594.0,608.0,610.0,612.0,613.0,614.0,623.0,623.0,626.0,634.0,651.0,653.0,658.0,672.0,678.0,684.0,701.0,704.0,710.0,720.0,726.0,728.0,741.0,757.0,769.0,798.0,800.0,835.0,837.0,841.0,882.0,886.0,901.0,907.0,911.0,912.0,926.0,994.0,
73.0,141.0,148.0,180.0,192.0,217.0,235.0,340.0,441.0,448.0,457.0,481.0,515.0,523.0,527.0,528.0,529.0,535.0,554.0,554.0,558.0,559.0,560.0,569.0,578.0,595.0,601.0,607.0,609.0,624.0,638.0,648.0,650.0,658.0,670.0,717.0,720.0,730.0,766.0,768.0,799.0,799.0,811.0,815.0,823.0,831.0,863.0,877.0,914.0,973.0,994.0,
4.0,22.0,37.0,44.0,53.0,87.0,123.0,165.0,179.0,254.0,263.0,276.0,277.0,301.0,315.0,325.0,370.0,381.0,438.0,447.0,526.0,530.0,531.0,537.0,540.0,549.0,550.0,551.0,559.0,560.0,562.0,565.0,566.0,570.0,582.0,584.0,593.0,607.0,612.0,612.0,618.0,619.0,631.0,634.0,653.0,674.0,680.0,683.0,705.0,706.0,743.0,783.0,787.0,808.0,821.0,842.0,846.0,850.0,858.0,858.0,865.0,875.0,878.0,909.0,914.0,916.0,916.0,919.0,939.0,942.0,953.0,969.0,987.0,988.0,
38.0,70.0,84.0,98.0,163.0,168.0,175.0,178.0,190.0,235.0,298.0,357.0,439.0,446.0,473.0,517.0,520.0,525.0,531.0,531.0,542.0,546.0,547.0,551.0,567.0,572.0,573.0,573.0,588.0,592.0,594.0,598.0,605.0,623.0,627.0,633.0,649.0,655.0,655.0,661.0,662.0,668.0,700.0,702.0,729.0,730.0,732.0,748.0,749.0,752.0,762.0,766.0,768.0,772.0,774.0,830.0,847.0,895.0,898.0,919.0,937.0,939.0,939.0,949.0,949.0,956.0,987.0,
8.0,45.0,84.0,97.0,140.0,166.0,220.0,255.0,300.0,303.0,318.0,322.0,342.0,345.0,359.0,393.0,396.0,480.0,503.0,518.0,520.0,526.0,539.0,540.0,540.0,546.0,552.0,558.0,570.0,580.0,584.0,591.0,616.0,619.0,623.0,633.0,653.0,681.0,697.0,704.0,753.0,779.0,787.0,795.0,845.0,856.0,872.0,891.0,972.0,
62.0,81.0,110.0,177.0,195.0,242.0,251.0,254.0,254.0,273.0,280.0,351.0,369.0,375.0,479.0,493.0,495.0,510.0,512.0,520.0,522.0,526.0,533.0,543.0,563.0,655.0,708.0,708.0,724.0,983.0,992.0,996.0,
32.0,105.0,160.0,203.0,233.0,234.0,252.0,268.0,307.0,310.0,330.0,360.0,415.0,420.0,424.0,454.0,462.0,602.0,660.0,671.0,696.0,701.0,710.0,735.0,760.0,764.0,803.0,821.0,861.0,875.0,906.0,911.0,944.0,951.0,
11.0,67.0,73.0,154.0,226.0,335.0,336.0,377.0,396.0,411.0,442.0,457.0,479.0,501.0,515.0,519.0,549.0,612.0,619.0,627.0,647.0,768.0,788.0,865.0,889.0,
45.0,64.0,85.0,86.0,152.0,159.0,187.0,244.0,268.0,336.0,392.0,396.0,411.0,456.0,469.0,535.0,540.0,605.0,689.0,695.0,756.0,799.0,859.0,881.0,892.0,900.0,902.0,941.0,957.0,973.0,
29.0,47.0,71.0,114.0,121.0,172.0,200.0,201.0,223.0,228.0,266.0,363.0,378.0,402.0,439.0,441.0,527.0,556.0,572.0,594.0,598.0,600.0,688.0,703.0,708.0,721.0,755.0,764.0,776.0,812.0,823.0,873.0,898.0,904.0,956.0,
45.0,59.0,73.0,110.0,168.0,179.0,194.0,216.0,216.0,240.0,245.0,245.0,249.0,271.0,284.0,374.0,407.0,439.0,441.0,467.0,470.0,507.0,513.0,514.0,539.0,555.0,563.0,582.0,586.0,621.0,621.0,629.0,631.0,643.0,692.0,695.0,701.0,708.0,760.0,771.0,775.0,779.0,781.0,788.0,806.0,836.0,852.0,859.0,860.0,868.0,907.0,933.0,954.0,957.0,994.0,996.0,
34.0,153.0,196.0,205.0,239.0,270.0,291.0,302.0,312.0,340.0,437.0,501.0,521.0,521.0,529.0,539.0,539.0,558.0,562.0,583.0,587.0,590.0,596.0,602.0,625.0,628.0,636.0,636.0,643.0,643.0,649.0,650.0,651.0,653.0,660.0,664.0,664.0,681.0,688.0,721.0,722.0,724.0,730.0,734.0,736.0,743.0,749.0,778.0,801.0,870.0,874.0,877.0,904.0,906.0,910.0,911.0,911.0,942.0,962.0,963.0,989.0,
45.0,60.0,83.0,105.0,146.0,156.0,249.0,279.0,280.0,288.0,321.0,334.0,346.0,368.0,408.0,436.0,441.0,455.0,463.0,477.0,496.0,512.0,523.0,526.0,536.0,536.0,549.0,562.0,579.0,581.0,588.0,591.0,612.0,624.0,645.0,647.0,652.0,652.0,654.0,665.0,689.0,706.0,801.0,809.0,810.0,822.0,843.0,850.0,866.0,868.0,944.0,959.0,982.0,986.0,
15.0,69.0,77.0,135.0,171.0,214.0,222.0,230.0,236.0,244.0,253.0,279.0,305.0,314.0,376.0,384.0,391.0,398.0,399.0,464.0,510.0,528.0,545.0,549.0,561.0,590.0,602.0,626.0,633.0,643.0,648.0,672.0,679.0,685.0,748.0,755.0,816.0,817.0,820.0,881.0,914.0,931.0,937.0,977.0,992.0,
10.0,12.0,32.0,59.0,59.0,63.0,101.0,202.0,213.0,291.0,294.0,326.0,352.0,366.0,373.0,376.0,422.0,434.0,481.0,500.0,522.0,527.0,561.0,621.0,668.0,765.0,810.0,894.0,901.0,911.0,943.0,
39.0,50.0,76.0,79.0,150.0,180.0,188.0,194.0,228.0,229.0,256.0,263.0,272.0,278.0,341.0,421.0,445.0,474.0,519.0,555.0,559.0,643.0,713.0,750.0,774.0,775.0,812.0,837.0,893.0,
