37.0,109.0,120.0,133.0,176.0,191.0,192.0,237.0,259.0,260.0,279.0,282.0,283.0,291.0,335.0,370.0,374.0,379.0,441.0,444.0,631.0,633.0,682.0,743.0,762.0,789.0,818.0,857.0,866.0,879.0,898.0,996.0,997.0,
62.0,127.0,129.0,134.0,150.0,157.0,173.0,183.0,199.0,249.0,296.0,313.0,323.0,338.0,342.0,365.0,377.0,392.0,411.0,430.0,437.0,485.0,490.0,493.0,502.0,548.0,610.0,617.0,657.0,711.0,734.0,774.0,809.0,820.0,829.0,877.0,907.0,978.0,983.0,
47.0,88.0,146.0,164.0,176.0,201.0,221.0,230.0,252.0,297.0,407.0,443.0,451.0,473.0,561.0,566.0,577.0,592.0,616.0,670.0,674.0,717.0,809.0,852.0,889.0,950.0,991.0,996.0,
53.0,123.0,145.0,152.0,168.0,189.0,196.0,219.0,236.0,244.0,288.0,296.0,352.0,369.0,378.0,404.0,419.0,419.0,433.0,435.0,515.0,533.0,554.0,650.0,700.0,707.0,714.0,735.0,764.0,800.0,807.0,819.0,821.0,832.0,852.0,889.0,893.0,896.0,912.0,920.0,932.0,
11.0,24.0,28.0,47.0,52.0,56.0,69.0,69.0,127.0,146.0,166.0,174.0,184.0,242.0,248.0,250.0,250.0,253.0,330.0,351.0,388.0,497.0,498.0,555.0,559.0,639.0,660.0,730.0,730.0,797.0,799.0,804.0,806.0,825.0,839.0,841.0,844.0,870.0,872.0,950.0,968.0,1000.0,
25.0,32.0,38.0,40.0,55.0,91.0,161.0,171.0,175.0,176.0,195.0,200.0,213.0,348.0,376.0,434.0,436.0,446.0,455.0,474.0,498.0,538.0,616.0,671.0,762.0,770.0,792.0,845.0,858.0,873.0,878.0,895.0,905.0,907.0,925.0,972.0,988.0,
10.0,12.0,18.0,28.0,94.0,178.0,210.0,214.0,220.0,275.0,277.0,281.0,295.0,388.0,392.0,422.0,433.0,458.0,505.0,540.0,552.0,598.0,609.0,724.0,732.0,767.0,798.0,801.0,826.0,831.0,851.0,880.0,894.0,920.0,940.0,992.0,
12.0,75.0,95.0,110.0,119.0,123.0,143.0,191.0,192.0,203.0,237.0,238.0,242.0,291.0,336.0,360.0,396.0,459.0,461.0,479.0,491.0,535.0,546.0,622.0,655.0,660.0,696.0,709.0,710.0,734.0,800.0,807.0,856.0,863.0,868.0,895.0,897.0,905.0,910.0,929.0,964.0,
61.0,64.0,91.0,128.0,182.0,193.0,214.0,253.0,282.0,370.0,373.0,406.0,438.0,450.0,465.0,484.0,485.0,503.0,504.0,533.0,600.0,611.0,629.0,660.0,666.0,702.0,706.0,720.0,765.0,767.0,783.0,797.0,849.0,855.0,872.0,891.0,895.0,915.0,919.0,921.0,974.0,975.0,
6.0,28.0,74.0,97.0,101.0,120.0,149.0,213.0,241.0,261.0,277.0,297.0,303.0,379.0,458.0,475.0,550.0,593.0,608.0,650.0,671.0,680.0,681.0,708.0,712.0,721.0,723.0,765.0,776.0,841.0,853.0,867.0,908.0,945.0,961.0,972.0,981.0,997.0,
34.0,41.0,76.0,102.0,159.0,206.0,262.0,280.0,291.0,295.0,333.0,336.0,375.0,582.0,610.0,638.0,725.0,741.0,776.0,850.0,862.0,897.0,898.0,937.0,988.0,990.0,
12.0,27.0,62.0,81.0,123.0,140.0,164.0,215.0,238.0,251.0,302.0,333.0,339.0,368.0,480.0,508.0,524.0,551.0,601.0,634.0,655.0,664.0,777.0,787.0,816.0,821.0,831.0,838.0,848.0,923.0,933.0,936.0,957.0,966.0,997.0,
16.0,22.0,44.0,69.0,113.0,170.0,294.0,299.0,336.0,370.0,371.0,438.0,478.0,506.0,521.0,523.0,587.0,629.0,654.0,663.0,732.0,800.0,829.0,881.0,932.0,954.0,
5.0,11.0,23.0,26.0,64.0,70.0,101.0,119.0,129.0,132.0,182.0,184.0,221.0,241.0,241.0,292.0,351.0,365.0,391.0,392.0,448.0,496.0,506.0,511.0,556.0,590.0,592.0,601.0,603.0,605.0,682.0,695.0,702.0,704.0,739.0,754.0,771.0,773.0,779.0,783.0,796.0,799.0,823.0,937.0,974.0,983.0,
93.0,103.0,165.0,212.0,219.0,281.0,338.0,350.0,368.0,396.0,459.0,472.0,479.0,509.0,511.0,514.0,608.0,653.0,661.0,685.0,709.0,710.0,717.0,725.0,747.0,786.0,790.0,793.0,889.0,896.0,900.0,
58.0,60.0,62.0,75.0,90.0,101.0,106.0,111.0,123.0,126.0,147.0,194.0,285.0,288.0,293.0,313.0,315.0,364.0,376.0,427.0,432.0,448.0,505.0,532.0,539.0,555.0,577.0,582.0,624.0,629.0,643.0,691.0,709.0,741.0,848.0,869.0,899.0,946.0,
24.0,28.0,39.0,51.0,60.0,70.0,76.0,86.0,95.0,160.0,170.0,183.0,215.0,223.0,256.0,297.0,297.0,299.0,322.0,336.0,344.0,357.0,400.0,511.0,546.0,556.0,595.0,626.0,651.0,658.0,663.0,679.0,686.0,704.0,716.0,722.0,742.0,779.0,796.0,823.0,897.0,911.0,922.0,923.0,983.0,994.0,
20.0,69.0,87.0,94.0,108.0,127.0,140.0,179.0,203.0,250.0,260.0,262.0,276.0,307.0,329.0,331.0,346.0,346.0,371.0,390.0,395.0,398.0,409.0,424.0,434.0,441.0,491.0,513.0,533.0,598.0,610.0,680.0,758.0,774.0,780.0,812.0,826.0,831.0,896.0,905.0,938.0,977.0,
49.0,148.0,171.0,176.0,194.0,238.0,245.0,262.0,294.0,315.0,334.0,375.0,376.0,379.0,381.0,411.0,434.0,442.0,465.0,480.0,520.0,528.0,551.0,553.0,556.0,561.0,565.0,566.0,571.0,609.0,613.0,637.0,651.0,671.0,672.0,689.0,705.0,771.0,790.0,811.0,812.0,824.0,877.0,908.0,929.0,935.0,
79.0,83.0,98.0,147.0,164.0,208.0,211.0,264.0,309.0,328.0,407.0,453.0,477.0,483.0,540.0,546.0,562.0,571.0,611.0,612.0,632.0,676.0,687.0,692.0,704.0,726.0,774.0,817.0,829.0,842.0,889.0,918.0,963.0,963.0,996.0,
29.0,43.0,67.0,76.0,83.0,86.0,93.0,142.0,166.0,180.0,182.0,196.0,217.0,222.0,251.0,271.0,334.0,393.0,423.0,437.0,457.0,459.0,466.0,536.0,559.0,561.0,610.0,621.0,725.0,744.0,757.0,774.0,783.0,796.0,812.0,912.0,964.0,974.0,
33.0,36.0,69.0,70.0,74.0,79.0,82.0,82.0,95.0,106.0,286.0,290.0,309.0,315.0,325.0,372.0,467.0,473.0,545.0,598.0,630.0,635.0,654.0,670.0,759.0,808.0,823.0,874.0,927.0,969.0,
9.0,19.0,86.0,112.0,123.0,152.0,171.0,182.0,190.0,224.0,224.0,268.0,286.0,351.0,389.0,420.0,422.0,443.0,458.0,471.0,484.0,503.0,516.0,579.0,594.0,690.0,700.0,704.0,711.0,770.0,772.0,804.0,838.0,911.0,971.0,976.0,984.0,
49.0,84.0,84.0,131.0,147.0,151.0,163.0,188.0,200.0,217.0,240.0,248.0,270.0,273.0,277.0,277.0,284.0,295.0,306.0,309.0,342.0,345.0,359.0,376.0,384.0,385.0,479.0,482.0,491.0,526.0,542.0,550.0,555.0,556.0,564.0,565.0,630.0,655.0,702.0,705.0,710.0,711.0,736.0,740.0,743.0,791.0,834.0,873.0,908.0,924.0,973.0,976.0,998.0,
36.0,43.0,56.0,92.0,110.0,117.0,130.0,151.0,172.0,173.0,178.0,183.0,199.0,215.0,229.0,237.0,241.0,247.0,279.0,289.0,301.0,393.0,421.0,422.0,435.0,462.0,473.0,476.0,497.0,587.0,642.0,651.0,725.0,756.0,769.0,806.0,860.0,867.0,877.0,879.0,917.0,920.0,941.0,952.0,968.0,972.0,972.0,
24.0,57.0,80.0,93.0,120.0,122.0,142.0,182.0,195.0,267.0,314.0,357.0,371.0,393.0,442.0,464.0,510.0,565.0,572.0,641.0,658.0,679.0,706.0,715.0,723.0,730.0,735.0,753.0,778.0,791.0,823.0,831.0,856.0,906.0,
44.0,61.0,92.0,98.0,112.0,138.0,146.0,169.0,172.0,175.0,206.0,240.0,243.0,256.0,285.0,312.0,314.0,356.0,358.0,379.0,433.0,439.0,441.0,441.0,467.0,498.0,607.0,618.0,659.0,660.0,688.0,761.0,761.0,879.0,988.0,991.0,
4.0,24.0,44.0,89.0,105.0,107.0,155.0,184.0,193.0,203.0,234.0,270.0,400.0,414.0,423.0,424.0,469.0,485.0,534.0,560.0,566.0,589.0,614.0,642.0,668.0,719.0,722.0,730.0,749.0,822.0,826.0,852.0,860.0,878.0,921.0,933.0,954.0,
4.0,26.0,60.0,64.0,96.0,102.0,123.0,126.0,168.0,179.0,179.0,199.0,227.0,265.0,272.0,272.0,275.0,308.0,357.0,554.0,600.0,603.0,736.0,744.0,745.0,751.0,787.0,798.0,818.0,841.0,843.0,853.0,856.0,864.0,886.0,895.0,938.0,939.0,989.0,
24.0,67.0,73.0,91.0,93.0,103.0,113.0,116.0,206.0,223.0,270.0,296.0,321.0,322.0,362.0,419.0,425.0,431.0,468.0,478.0,491.0,494.0,495.0,521.0,555.0,569.0,588.0,605.0,625.0,654.0,766.0,838.0,884.0,950.0,963.0,992.0,
10.0,59.0,64.0,72.0,79.0,85.0,194.0,221.0,273.0,314.0,328.0,337.0,415.0,427.0,449.0,480.0,523.0,543.0,553.0,564.0,619.0,710.0,723.0,735.0,981.0,993.0,
35.0,60.0,109.0,125.0,128.0,150.0,150.0,197.0,308.0,330.0,386.0,388.0,389.0,402.0,479.0,483.0,528.0,530.0,576.0,576.0,590.0,594.0,610.0,664.0,673.0,694.0,710.0,738.0,740.0,764.0,801.0,808.0,810.0,827.0,828.0,842.0,882.0,918.0,919.0,982.0,985.0,
6.0,6.0,36.0,42.0,77.0,91.0,97.0,103.0,128.0,161.0,166.0,195.0,224.0,304.0,327.0,328.0,336.0,368.0,381.0,395.0,401.0,502.0,544.0,551.0,560.0,624.0,679.0,723.0,728.0,743.0,749.0,752.0,781.0,830.0,840.0,918.0,920.0,937.0,969.0,997.0,
25.0,28.0,31.0,38.0,44.0,102.0,160.0,165.0,169.0,242.0,243.0,276.0,276.0,289.0,301.0,304.0,321.0,334.0,434.0,489.0,506.0,534.0,535.0,549.0,565.0,617.0,634.0,673.0,698.0,721.0,731.0,731.0,759.0,767.0,812.0,904.0,982.0,
75.0,78.0,84.0,103.0,149.0,153.0,197.0,206.0,210.0,290.0,292.0,294.0,296.0,320.0,414.0,543.0,544.0,546.0,572.0,574.0,657.0,679.0,701.0,724.0,736.0,736.0,760.0,771.0,789.0,804.0,828.0,846.0,875.0,892.0,896.0,920.0,925.0,949.0,975.0,
4.0,61.0,106.0,134.0,193.0,219.0,249.0,269.0,272.0,288.0,307.0,338.0,367.0,369.0,418.0,420.0,494.0,514.0,568.0,587.0,588.0,593.0,655.0,679.0,684.0,708.0,709.0,718.0,785.0,785.0,809.0,818.0,819.0,825.0,849.0,880.0,
36.0,57.0,62.0,64.0,92.0,94.0,102.0,216.0,253.0,261.0,277.0,296.0,309.0,350.0,357.0,372.0,380.0,425.0,437.0,449.0,462.0,488.0,505.0,519.0,556.0,602.0,603.0,605.0,669.0,672.0,678.0,682.0,703.0,720.0,755.0,784.0,787.0,831.0,840.0,857.0,938.0,969.0,996.0,
44.0,44.0,55.0,65.0,144.0,160.0,164.0,215.0,240.0,251.0,258.0,261.0,285.0,297.0,302.0,316.0,415.0,422.0,435.0,522.0,587.0,627.0,632.0,649.0,660.0,690.0,708.0,802.0,821.0,823.0,842.0,867.0,891.0,892.0,931.0,954.0,
14.0,47.0,75.0,104.0,162.0,167.0,175.0,267.0,337.0,352.0,359.0,369.0,383.0,436.0,446.0,487.0,532.0,597.0,601.0,643.0,666.0,675.0,732.0,743.0,845.0,878.0,901.0,947.0,967.0,
2.0,29.0,30.0,118.0,135.0,165.0,167.0,167.0,173.0,230.0,242.0,250.0,322.0,334.0,338.0,357.0,364.0,369.0,376.0,387.0,418.0,426.0,480.0,517.0,518.0,523.0,535.0,553.0,618.0,632.0,685.0,686.0,723.0,794.0,797.0,810.0,835.0,840.0,848.0,876.0,893.0,909.0,909.0,912.0,967.0,
41.0,48.0,49.0,65.0,96.0,158.0,320.0,345.0,355.0,360.0,403.0,413.0,451.0,459.0,468.0,468.0,476.0,524.0,573.0,582.0,591.0,602.0,615.0,637.0,664.0,768.0,788.0,799.0,803.0,871.0,874.0,877.0,943.0,984.0,
63.0,65.0,93.0,109.0,128.0,133.0,140.0,161.0,185.0,221.0,303.0,313.0,321.0,364.0,370.0,377.0,392.0,424.0,468.0,551.0,552.0,559.0,600.0,613.0,617.0,622.0,635.0,673.0,675.0,683.0,696.0,809.0,840.0,879.0,901.0,918.0,926.0,934.0,953.0,971.0,
19.0,35.0,52.0,192.0,207.0,261.0,282.0,305.0,332.0,337.0,417.0,419.0,420.0,439.0,451.0,514.0,526.0,530.0,547.0,563.0,589.0,632.0,646.0,656.0,675.0,690.0,722.0,737.0,753.0,768.0,777.0,855.0,870.0,923.0,952.0,954.0,980.0,982.0,
121.0,178.0,188.0,192.0,238.0,256.0,280.0,282.0,320.0,328.0,345.0,347.0,387.0,411.0,446.0,470.0,488.0,538.0,560.0,602.0,613.0,635.0,640.0,715.0,758.0,764.0,775.0,782.0,866.0,913.0,950.0,962.0,990.0,
120.0,122.0,136.0,208.0,214.0,274.0,312.0,313.0,313.0,328.0,333.0,333.0,362.0,375.0,425.0,443.0,464.0,483.0,484.0,618.0,628.0,645.0,664.0,672.0,678.0,697.0,699.0,750.0,798.0,818.0,853.0,873.0,898.0,916.0,951.0,972.0,994.0,
51.0,71.0,99.0,148.0,161.0,163.0,167.0,175.0,207.0,234.0,253.0,281.0,297.0,334.0,412.0,429.0,434.0,466.0,479.0,490.0,741.0,780.0,833.0,918.0,940.0,971.0,
29.0,65.0,66.0,79.0,86.0,138.0,146.0,237.0,295.0,317.0,322.0,359.0,425.0,559.0,668.0,685.0,697.0,721.0,736.0,793.0,829.0,848.0,875.0,908.0,940.0,
88.0,116.0,184.0,302.0,318.0,346.0,371.0,478.0,511.0,530.0,539.0,550.0,586.0,588.0,589.0,589.0,634.0,639.0,669.0,680.0,694.0,831.0,832.0,845.0,872.0,886.0,907.0,924.0,936.0,940.0,984.0,992.0,
21.0,38.0,72.0,201.0,202.0,351.0,485.0,503.0,524.0,528.0,530.0,550.0,561.0,583.0,609.0,615.0,631.0,638.0,642.0,648.0,722.0,736.0,806.0,818.0,827.0,832.0,883.0,934.0,954.0,956.0,957.0,973.0,973.0,980.0,
35.0,39.0,88.0,94.0,122.0,126.0,134.0,137.0,147.0,170.0,181.0,211.0,235.0,279.0,279.0,310.0,310.0,367.0,390.0,422.0,498.0,505.0,509.0,529.0,731.0,787.0,816.0,834.0,847.0,902.0,944.0,994.0,
15.0,17.0,26.0,39.0,98.0,130.0,134.0,156.0,162.0,216.0,280.0,295.0,305.0,356.0,387.0,394.0,407.0,465.0,475.0,512.0,513.0,546.0,572.0,601.0,604.0,611.0,636.0,658.0,678.0,697.0,711.0,744.0,750.0,758.0,829.0,833.0,864.0,891.0,945.0,962.0,
6.0,18.0,19.0,52.0,58.0,71.0,76.0,115.0,117.0,143.0,147.0,200.0,238.0,280.0,297.0,302.0,361.0,390.0,392.0,417.0,423.0,458.0,541.0,559.0,570.0,614.0,620.0,623.0,624.0,645.0,692.0,742.0,748.0,779.0,860.0,866.0,926.0,963.0,
21.0,55.0,67.0,76.0,80.0,84.0,145.0,160.0,165.0,190.0,233.0,238.0,272.0,281.0,322.0,406.0,451.0,518.0,529.0,630.0,641.0,645.0,652.0,664.0,698.0,701.0,734.0,741.0,766.0,766.0,812.0,831.0,844.0,886.0,888.0,890.0,
50.0,83.0,91.0,93.0,100.0,105.0,124.0,145.0,183.0,214.0,249.0,268.0,277.0,278.0,297.0,298.0,328.0,340.0,355.0,359.0,362.0,386.0,480.0,625.0,638.0,649.0,655.0,672.0,674.0,803.0,829.0,869.0,898.0,902.0,911.0,948.0,974.0,995.0,
2.0,22.0,31.0,35.0,43.0,49.0,74.0,85.0,104.0,139.0,162.0,184.0,189.0,195.0,198.0,203.0,212.0,220.0,258.0,362.0,389.0,441.0,447.0,462.0,492.0,492.0,494.0,654.0,716.0,742.0,808.0,820.0,845.0,846.0,848.0,872.0,887.0,932.0,945.0,987.0,
7.0,51.0,103.0,111.0,113.0,145.0,146.0,175.0,229.0,258.0,293.0,304.0,365.0,429.0,443.0,466.0,469.0,482.0,
12.0,63.0,131.0,155.0,167.0,172.0,198.0,199.0,228.0,239.0,242.0,244.0,261.0,268.0,337.0,348.0,367.0,373.0,388.0,443.0,476.0,614.0,654.0,696.0,728.0,747.0,763.0,778.0,796.0,807.0,809.0,826.0,965.0,
8.0,32.0,63.0,64.0,71.0,91.0,103.0,141.0,184.0,195.0,208.0,235.0,249.0,255.0,261.0,280.0,288.0,312.0,315.0,331.0,351.0,351.0,355.0,386.0,394.0,396.0,401.0,408.0,426.0,467.0,492.0,587.0,626.0,649.0,677.0,703.0,717.0,765.0,860.0,874.0,893.0,990.0,
45.0,95.0,98.0,122.0,144.0,171.0,210.0,267.0,269.0,269.0,310.0,327.0,392.0,397.0,422.0,452.0,457.0,489.0,496.0,499.0,514.0,523.0,544.0,615.0,630.0,637.0,643.0,650.0,681.0,694.0,794.0,814.0,847.0,858.0,866.0,984.0,
32.0,34.0,88.0,101.0,114.0,144.0,160.0,196.0,198.0,302.0,325.0,338.0,374.0,403.0,426.0,443.0,523.0,530.0,545.0,549.0,558.0,564.0,599.0,601.0,602.0,621.0,651.0,670.0,679.0,697.0,701.0,733.0,741.0,798.0,802.0,817.0,874.0,896.0,900.0,909.0,929.0,961.0,980.0,999.0,
5.0,13.0,27.0,48.0,83.0,87.0,101.0,105.0,131.0,155.0,158.0,170.0,191.0,197.0,203.0,204.0,205.0,207.0,222.0,231.0,358.0,380.0,391.0,406.0,427.0,478.0,507.0,526.0,552.0,562.0,701.0,708.0,755.0,778.0,794.0,837.0,850.0,873.0,983.0,
3.0,10.0,17.0,29.0,44.0,47.0,67.0,103.0,109.0,159.0,200.0,218.0,239.0,255.0,278.0,367.0,369.0,384.0,411.0,419.0,490.0,492.0,502.0,542.0,558.0,571.0,574.0,582.0,642.0,667.0,682.0,727.0,729.0,767.0,825.0,850.0,857.0,899.0,938.0,975.0,
7.0,60.0,188.0,190.0,283.0,307.0,321.0,368.0,400.0,420.0,439.0,447.0,557.0,583.0,585.0,625.0,632.0,708.0,727.0,731.0,768.0,784.0,799.0,805.0,838.0,870.0,921.0,945.0,
57.0,82.0,86.0,156.0,164.0,264.0,390.0,434.0,493.0,501.0,583.0,616.0,637.0,669.0,675.0,681.0,705.0,728.0,732.0,755.0,784.0,804.0,829.0,840.0,875.0,891.0,891.0,938.0,999.0,
42.0,57.0,92.0,94.0,108.0,145.0,174.0,179.0,202.0,217.0,242.0,245.0,255.0,258.0,261.0,311.0,341.0,346.0,348.0,354.0,357.0,357.0,359.0,378.0,398.0,417.0,437.0,459.0,467.0,471.0,484.0,485.0,495.0,550.0,564.0,571.0,579.0,588.0,611.0,619.0,621.0,668.0,690.0,710.0,832.0,927.0,935.0,942.0,961.0,964.0,982.0,991.0,
16.0,35.0,62.0,68.0,100.0,137.0,156.0,191.0,226.0,239.0,244.0,253.0,277.0,279.0,296.0,317.0,331.0,332.0,333.0,344.0,351.0,354.0,373.0,390.0,407.0,453.0,760.0,823.0,849.0,904.0,972.0,979.0,
54.0,60.0,96.0,112.0,114.0,139.0,140.0,145.0,149.0,200.0,208.0,250.0,251.0,283.0,296.0,309.0,323.0,331.0,335.0,360.0,396.0,451.0,490.0,509.0,544.0,560.0,570.0,586.0,597.0,662.0,663.0,679.0,690.0,690.0,690.0,728.0,765.0,802.0,806.0,838.0,840.0,869.0,882.0,891.0,905.0,912.0,925.0,928.0,955.0,959.0,984.0,
7.0,76.0,88.0,94.0,116.0,211.0,211.0,241.0,260.0,316.0,361.0,395.0,399.0,407.0,422.0,500.0,503.0,515.0,518.0,527.0,540.0,566.0,567.0,595.0,641.0,659.0,704.0,725.0,730.0,746.0,791.0,804.0,805.0,811.0,821.0,823.0,924.0,952.0,955.0,959.0,
3.0,42.0,124.0,152.0,170.0,192.0,199.0,211.0,231.0,241.0,258.0,273.0,282.0,294.0,310.0,348.0,365.0,404.0,422.0,461.0,522.0,554.0,587.0,597.0,619.0,632.0,643.0,647.0,677.0,734.0,752.0,767.0,800.0,823.0,843.0,849.0,852.0,878.0,889.0,890.0,929.0,945.0,985.0,
28.0,54.0,72.0,77.0,90.0,95.0,119.0,131.0,220.0,223.0,247.0,263.0,265.0,302.0,331.0,331.0,378.0,416.0,510.0,529.0,561.0,595.0,619.0,623.0,704.0,787.0,808.0,855.0,855.0,857.0,875.0,902.0,969.0,
19.0,103.0,140.0,220.0,282.0,300.0,319.0,406.0,409.0,412.0,417.0,419.0,421.0,440.0,445.0,460.0,519.0,532.0,594.0,621.0,662.0,681.0,704.0,798.0,817.0,838.0,854.0,862.0,890.0,895.0,920.0,923.0,940.0,
9.0,46.0,59.0,69.0,73.0,122.0,195.0,208.0,236.0,241.0,333.0,363.0,386.0,418.0,418.0,427.0,435.0,531.0,557.0,562.0,623.0,638.0,726.0,731.0,753.0,760.0,768.0,793.0,813.0,833.0,845.0,858.0,879.0,879.0,891.0,944.0,950.0,955.0,960.0,984.0,998.0,
14.0,44.0,63.0,107.0,128.0,208.0,215.0,222.0,222.0,248.0,252.0,259.0,288.0,315.0,345.0,353.0,372.0,376.0,434.0,456.0,459.0,477.0,480.0,496.0,497.0,515.0,523.0,544.0,553.0,554.0,581.0,582.0,587.0,594.0,632.0,664.0,720.0,722.0,843.0,940.0,944.0,957.0,973.0,
16.0,23.0,30.0,34.0,111.0,153.0,157.0,166.0,181.0,194.0,227.0,255.0,261.0,272.0,277.0,393.0,400.0,424.0,430.0,494.0,498.0,514.0,519.0,529.0,536.0,537.0,568.0,593.0,610.0,621.0,638.0,647.0,689.0,720.0,731.0,732.0,749.0,755.0,815.0,838.0,853.0,872.0,878.0,895.0,913.0,955.0,972.0,
9.0,14.0,60.0,64.0,66.0,69.0,76.0,81.0,110.0,116.0,129.0,131.0,196.0,241.0,248.0,298.0,301.0,372.0,404.0,420.0,422.0,427.0,430.0,432.0,432.0,441.0,461.0,493.0,511.0,523.0,584.0,615.0,616.0,675.0,685.0,687.0,689.0,736.0,760.0,790.0,799.0,822.0,877.0,894.0,909.0,929.0,981.0,
32.0,56.0,119.0,142.0,222.0,233.0,243.0,280.0,316.0,355.0,380.0,453.0,456.0,476.0,534.0,564.0,633.0,648.0,688.0,723.0,731.0,742.0,752.0,761.0,791.0,799.0,848.0,868.0,892.0,903.0,910.0,931.0,966.0,977.0,
2.0,42.0,80.0,84.0,85.0,89.0,156.0,229.0,266.0,281.0,300.0,304.0,318.0,401.0,449.0,475.0,506.0,506.0,609.0,618.0,620.0,634.0,635.0,655.0,664.0,678.0,690.0,701.0,713.0,721.0,723.0,724.0,749.0,764.0,766.0,822.0,840.0,849.0,850.0,865.0,870.0,924.0,941.0,942.0,958.0,962.0,963.0,985.0,
43.0,64.0,65.0,78.0,98.0,102.0,110.0,139.0,167.0,169.0,177.0,183.0,184.0,269.0,276.0,293.0,322.0,407.0,416.0,416.0,472.0,501.0,552.0,568.0,606.0,617.0,654.0,665.0,724.0,738.0,782.0,784.0,786.0,815.0,879.0,886.0,887.0,893.0,899.0,911.0,920.0,970.0,973.0,978.0,
2.0,13.0,30.0,41.0,41.0,78.0,106.0,107.0,133.0,171.0,186.0,190.0,246.0,249.0,250.0,254.0,257.0,324.0,329.0,341.0,375.0,376.0,385.0,415.0,420.0,486.0,517.0,525.0,581.0,612.0,632.0,678.0,689.0,703.0,764.0,856.0,901.0,978.0,
17.0,20.0,41.0,69.0,176.0,233.0,271.0,280.0,287.0,331.0,356.0,357.0,396.0,432.0,436.0,446.0,505.0,533.0,551.0,563.0,606.0,606.0,640.0,651.0,725.0,779.0,810.0,822.0,838.0,856.0,872.0,877.0,881.0,908.0,995.0,
50.0,73.0,104.0,114.0,151.0,198.0,215.0,234.0,236.0,278.0,302.0,425.0,430.0,455.0,497.0,560.0,604.0,637.0,683.0,695.0,729.0,769.0,803.0,816.0,821.0,903.0,913.0,930.0,968.0,
15.0,23.0,100.0,107.0,167.0,179.0,187.0,202.0,229.0,247.0,249.0,276.0,295.0,339.0,348.0,372.0,394.0,517.0,527.0,546.0,556.0,576.0,592.0,593.0,593.0,603.0,618.0,619.0,655.0,656.0,685.0,688.0,708.0,708.0,741.0,750.0,801.0,809.0,834.0,852.0,856.0,858.0,877.0,885.0,887.0,919.0,
23.0,32.0,36.0,72.0,108.0,123.0,126.0,171.0,178.0,195.0,204.0,215.0,230.0,236.0,250.0,285.0,372.0,388.0,400.0,406.0,436.0,447.0,472.0,497.0,526.0,538.0,566.0,571.0,575.0,588.0,598.0,601.0,613.0,665.0,691.0,701.0,714.0,760.0,824.0,854.0,873.0,881.0,902.0,962.0,968.0,
70.0,84.0,103.0,109.0,136.0,192.0,203.0,241.0,254.0,274.0,282.0,335.0,337.0,389.0,415.0,416.0,483.0,491.0,515.0,516.0,560.0,567.0,574.0,600.0,636.0,652.0,655.0,679.0,695.0,696.0,725.0,734.0,777.0,777.0,782.0,796.0,852.0,858.0,889.0,934.0,936.0,957.0,958.0,986.0,988.0,
9.0,23.0,43.0,79.0,91.0,99.0,108.0,142.0,148.0,205.0,221.0,228.0,260.0,360.0,364.0,398.0,414.0,415.0,416.0,435.0,454.0,464.0,466.0,538.0,595.0,604.0,623.0,639.0,727.0,760.0,764.0,769.0,773.0,893.0,898.0,905.0,915.0,938.0,946.0,955.0,965.0,
9.0,24.0,55.0,78.0,85.0,150.0,154.0,165.0,207.0,226.0,299.0,315.0,348.0,358.0,367.0,375.0,379.0,404.0,442.0,467.0,479.0,507.0,526.0,548.0,626.0,656.0,663.0,667.0,670.0,699.0,704.0,745.0,789.0,832.0,842.0,866.0,884.0,894.0,918.0,976.0,986.0,990.0,
81.0,108.0,129.0,136.0,249.0,268.0,315.0,408.0,444.0,469.0,519.0,528.0,536.0,539.0,550.0,561.0,599.0,605.0,610.0,644.0,651.0,700.0,724.0,735.0,751.0,824.0,939.0,942.0,945.0,981.0,996.0,
7.0,30.0,37.0,97.0,132.0,161.0,214.0,215.0,256.0,272.0,288.0,333.0,334.0,351.0,354.0,396.0,408.0,457.0,459.0,472.0,482.0,580.0,584.0,599.0,606.0,665.0,665.0,680.0,737.0,766.0,773.0,781.0,800.0,892.0,922.0,929.0,
23.0,33.0,59.0,101.0,108.0,120.0,128.0,211.0,239.0,293.0,346.0,353.0,378.0,476.0,506.0,526.0,549.0,587.0,616.0,631.0,634.0,654.0,656.0,681.0,714.0,769.0,846.0,925.0,975.0,985.0,
17.0,199.0,219.0,223.0,247.0,264.0,303.0,469.0,471.0,474.0,479.0,517.0,530.0,547.0,555.0,566.0,580.0,595.0,657.0,663.0,687.0,709.0,740.0,742.0,756.0,896.0,975.0,981.0,
9.0,13.0,32.0,43.0,51.0,59.0,77.0,86.0,95.0,96.0,148.0,174.0,175.0,188.0,188.0,198.0,274.0,355.0,365.0,417.0,459.0,486.0,503.0,514.0,524.0,539.0,579.0,595.0,627.0,645.0,680.0,683.0,711.0,736.0,775.0,785.0,809.0,825.0,839.0,848.0,881.0,884.0,889.0,931.0,959.0,981.0,996.0,
5.0,23.0,100.0,126.0,131.0,139.0,151.0,211.0,221.0,257.0,270.0,277.0,285.0,314.0,318.0,335.0,358.0,365.0,381.0,422.0,441.0,487.0,516.0,554.0,572.0,687.0,701.0,705.0,715.0,788.0,793.0,802.0,843.0,849.0,960.0,987.0,
16.0,46.0,55.0,99.0,101.0,121.0,147.0,147.0,170.0,186.0,233.0,236.0,322.0,352.0,379.0,421.0,424.0,430.0,433.0,450.0,452.0,453.0,507.0,520.0,531.0,550.0,572.0,612.0,674.0,682.0,683.0,710.0,729.0,731.0,751.0,758.0,786.0,787.0,802.0,803.0,823.0,842.0,865.0,866.0,872.0,885.0,917.0,958.0,
25.0,41.0,53.0,79.0,100.0,106.0,121.0,124.0,167.0,189.0,248.0,255.0,264.0,271.0,286.0,324.0,350.0,375.0,492.0,568.0,596.0,633.0,639.0,661.0,688.0,731.0,735.0,744.0,762.0,840.0,859.0,859.0,870.0,887.0,912.0,930.0,945.0,1000.0,
9.0,47.0,47.0,79.0,88.0,94.0,112.0,167.0,174.0,199.0,293.0,294.0,303.0,315.0,324.0,330.0,357.0,394.0,571.0,615.0,622.0,630.0,631.0,676.0,701.0,712.0,746.0,797.0,797.0,807.0,892.0,893.0,893.0,954.0,974.0,979.0,
34.0,186.0,212.0,230.0,234.0,278.0,281.0,337.0,350.0,365.0,399.0,412.0,466.0,496.0,533.0,599.0,607.0,614.0,731.0,769.0,833.0,839.0,862.0,945.0,955.0,962.0,965.0,984.0,
26.0,57.0,87.0,113.0,164.0,169.0,202.0,230.0,252.0,258.0,272.0,315.0,335.0,387.0,422.0,431.0,450.0,459.0,463.0,470.0,503.0,558.0,566.0,567.0,593.0,616.0,628.0,655.0,715.0,782.0,801.0,818.0,831.0,841.0,846.0,891.0,898.0,920.0,961.0,964.0,987.0,1000.0,
45.0,54.0,86.0,96.0,105.0,127.0,151.0,257.0,266.0,307.0,338.0,351.0,398.0,407.0,436.0,441.0,458.0,482.0,507.0,516.0,638.0,666.0,674.0,719.0,732.0,789.0,790.0,865.0,916.0,934.0,942.0,
10.0,75.0,153.0,159.0,196.0,212.0,218.0,233.0,248.0,274.0,275.0,279.0,309.0,315.0,323.0,326.0,416.0,446.0,454.0,459.0,481.0,517.0,524.0,605.0,608.0,617.0,631.0,669.0,712.0,810.0,852.0,894.0,931.0,
37.0,63.0,72.0,92.0,99.0,137.0,146.0,161.0,176.0,248.0,273.0,299.0,305.0,307.0,315.0,379.0,401.0,428.0,447.0,553.0,566.0,585.0,681.0,719.0,731.0,741.0,742.0,788.0,805.0,808.0,830.0,840.0,867.0,936.0,937.0,968.0,
