13.0,108.0,132.0,153.0,193.0,201.0,247.0,268.0,295.0,304.0,305.0,310.0,354.0,369.0,392.0,446.0,495.0,500.0,521.0,531.0,557.0,590.0,616.0,625.0,785.0,839.0,850.0,932.0,947.0,958.0,
16.0,21.0,23.0,29.0,32.0,68.0,95.0,110.0,151.0,181.0,188.0,198.0,220.0,237.0,268.0,275.0,282.0,328.0,332.0,377.0,389.0,405.0,425.0,446.0,463.0,510.0,534.0,591.0,595.0,605.0,609.0,692.0,692.0,725.0,726.0,741.0,758.0,761.0,765.0,817.0,849.0,853.0,939.0,971.0,981.0,
29.0,62.0,74.0,131.0,146.0,183.0,191.0,196.0,206.0,246.0,256.0,257.0,274.0,291.0,298.0,355.0,360.0,374.0,450.0,492.0,541.0,564.0,582.0,611.0,638.0,656.0,658.0,764.0,769.0,815.0,820.0,940.0,
89.0,155.0,184.0,227.0,261.0,274.0,284.0,328.0,329.0,362.0,379.0,401.0,434.0,434.0,482.0,597.0,605.0,613.0,638.0,642.0,651.0,656.0,693.0,719.0,787.0,808.0,826.0,826.0,835.0,843.0,857.0,902.0,903.0,934.0,
2.0,37.0,66.0,156.0,166.0,221.0,245.0,359.0,359.0,372.0,373.0,424.0,453.0,462.0,492.0,493.0,503.0,600.0,654.0,654.0,656.0,705.0,726.0,731.0,966.0,977.0,998.0,
24.0,69.0,79.0,88.0,167.0,217.0,233.0,254.0,254.0,267.0,288.0,313.0,327.0,330.0,349.0,356.0,395.0,409.0,414.0,536.0,550.0,590.0,591.0,637.0,642.0,652.0,660.0,706.0,724.0,741.0,759.0,780.0,787.0,803.0,831.0,833.0,845.0,878.0,942.0,946.0,957.0,992.0,997.0,
4.0,12.0,19.0,36.0,50.0,77.0,86.0,91.0,129.0,180.0,185.0,234.0,295.0,337.0,348.0,372.0,414.0,432.0,437.0,455.0,531.0,538.0,542.0,544.0,553.0,614.0,625.0,675.0,676.0,715.0,724.0,787.0,843.0,854.0,876.0,960.0,995.0,
7.0,16.0,29.0,32.0,44.0,69.0,87.0,145.0,182.0,189.0,221.0,238.0,241.0,250.0,297.0,311.0,337.0,493.0,501.0,518.0,574.0,630.0,646.0,667.0,750.0,763.0,765.0,785.0,851.0,858.0,892.0,972.0,
34.0,92.0,95.0,99.0,101.0,152.0,224.0,280.0,300.0,312.0,325.0,365.0,385.0,396.0,441.0,449.0,512.0,560.0,569.0,581.0,650.0,656.0,710.0,735.0,843.0,862.0,875.0,908.0,918.0,959.0,989.0,994.0,
6.0,12.0,104.0,135.0,145.0,145.0,214.0,253.0,280.0,286.0,295.0,308.0,314.0,317.0,353.0,361.0,370.0,403.0,421.0,441.0,459.0,502.0,534.0,540.0,545.0,547.0,575.0,585.0,616.0,702.0,713.0,755.0,766.0,767.0,783.0,852.0,853.0,857.0,862.0,871.0,873.0,892.0,915.0,921.0,
6.0,44.0,80.0,169.0,201.0,336.0,366.0,378.0,418.0,430.0,450.0,459.0,525.0,552.0,600.0,613.0,638.0,702.0,721.0,760.0,780.0,790.0,811.0,840.0,847.0,854.0,872.0,923.0,987.0,
28.0,34.0,43.0,59.0,97.0,121.0,133.0,150.0,157.0,269.0,273.0,291.0,316.0,318.0,389.0,442.0,458.0,459.0,482.0,504.0,506.0,538.0,556.0,565.0,568.0,588.0,591.0,654.0,663.0,678.0,756.0,796.0,824.0,835.0,854.0,866.0,873.0,875.0,893.0,894.0,920.0,939.0,962.0,988.0,
6.0,46.0,80.0,140.0,155.0,173.0,188.0,193.0,224.0,244.0,312.0,391.0,403.0,417.0,452.0,468.0,538.0,562.0,563.0,626.0,632.0,669.0,677.0,711.0,727.0,730.0,749.0,764.0,767.0,767.0,782.0,829.0,847.0,851.0,936.0,971.0,991.0,
12.0,12.0,31.0,89.0,208.0,250.0,276.0,300.0,309.0,316.0,355.0,357.0,361.0,375.0,380.0,395.0,409.0,409.0,440.0,456.0,482.0,491.0,495.0,504.0,528.0,559.0,581.0,584.0,690.0,693.0,702.0,718.0,732.0,736.0,747.0,772.0,777.0,798.0,808.0,809.0,821.0,910.0,945.0,971.0,
62.0,83.0,84.0,106.0,198.0,211.0,236.0,261.0,286.0,287.0,296.0,340.0,374.0,443.0,470.0,531.0,589.0,594.0,625.0,635.0,667.0,679.0,743.0,745.0,836.0,860.0,883.0,893.0,905.0,927.0,956.0,963.0,969.0,
12.0,89.0,107.0,129.0,132.0,152.0,155.0,195.0,213.0,215.0,248.0,300.0,404.0,427.0,478.0,494.0,502.0,520.0,527.0,607.0,613.0,632.0,659.0,672.0,700.0,704.0,733.0,741.0,809.0,912.0,912.0,973.0,975.0,999.0,
15.0,42.0,72.0,94.0,109.0,123.0,215.0,233.0,245.0,346.0,372.0,377.0,411.0,444.0,515.0,570.0,589.0,620.0,665.0,667.0,686.0,728.0,769.0,811.0,814.0,822.0,886.0,967.0,
10.0,50.0,57.0,91.0,94.0,138.0,170.0,197.0,218.0,255.0,258.0,313.0,318.0,320.0,341.0,363.0,367.0,378.0,453.0,456.0,472.0,486.0,486.0,506.0,525.0,577.0,601.0,646.0,682.0,741.0,786.0,813.0,815.0,854.0,865.0,868.0,882.0,887.0,893.0,994.0,
2.0,2.0,4.0,32.0,48.0,89.0,123.0,175.0,191.0,191.0,210.0,302.0,326.0,337.0,388.0,417.0,433.0,457.0,465.0,473.0,473.0,530.0,570.0,583.0,609.0,615.0,621.0,629.0,651.0,664.0,666.0,666.0,687.0,688.0,781.0,786.0,789.0,792.0,796.0,855.0,899.0,911.0,
8.0,9.0,33.0,35.0,46.0,47.0,48.0,89.0,140.0,172.0,175.0,196.0,206.0,260.0,265.0,291.0,299.0,313.0,330.0,379.0,382.0,389.0,409.0,424.0,459.0,524.0,550.0,557.0,567.0,688.0,700.0,711.0,712.0,774.0,819.0,849.0,856.0,922.0,929.0,943.0,959.0,
10.0,30.0,51.0,53.0,145.0,147.0,149.0,161.0,174.0,232.0,262.0,278.0,303.0,353.0,367.0,382.0,404.0,449.0,478.0,594.0,597.0,616.0,737.0,739.0,784.0,785.0,788.0,813.0,821.0,827.0,910.0,914.0,946.0,995.0,
23.0,25.0,56.0,69.0,84.0,93.0,112.0,115.0,120.0,137.0,165.0,168.0,198.0,202.0,212.0,242.0,271.0,275.0,276.0,283.0,326.0,330.0,344.0,356.0,388.0,405.0,443.0,462.0,473.0,486.0,490.0,502.0,587.0,677.0,682.0,711.0,741.0,748.0,772.0,779.0,780.0,786.0,790.0,836.0,912.0,926.0,930.0,967.0,
8.0,9.0,30.0,120.0,124.0,158.0,170.0,234.0,248.0,262.0,263.0,269.0,306.0,314.0,375.0,405.0,416.0,484.0,519.0,584.0,585.0,704.0,763.0,796.0,854.0,858.0,898.0,917.0,949.0,952.0,955.0,974.0,979.0,
26.0,52.0,71.0,79.0,83.0,103.0,111.0,117.0,123.0,172.0,180.0,213.0,233.0,255.0,269.0,284.0,403.0,446.0,483.0,492.0,538.0,543.0,557.0,612.0,643.0,659.0,719.0,764.0,784.0,831.0,857.0,867.0,934.0,959.0,1000.0,
2.0,11.0,34.0,51.0,61.0,76.0,112.0,113.0,123.0,131.0,233.0,250.0,272.0,308.0,336.0,355.0,359.0,367.0,439.0,452.0,491.0,530.0,539.0,541.0,541.0,571.0,584.0,585.0,598.0,599.0,603.0,658.0,700.0,719.0,784.0,789.0,811.0,850.0,850.0,904.0,930.0,949.0,968.0,980.0,980.0,
73.0,83.0,139.0,143.0,144.0,192.0,196.0,199.0,210.0,266.0,269.0,373.0,430.0,518.0,529.0,599.0,617.0,617.0,628.0,664.0,699.0,699.0,709.0,719.0,759.0,797.0,799.0,806.0,810.0,836.0,861.0,905.0,921.0,928.0,977.0,985.0,
44.0,69.0,91.0,114.0,143.0,213.0,229.0,251.0,273.0,318.0,339.0,358.0,443.0,461.0,480.0,499.0,502.0,517.0,530.0,553.0,571.0,600.0,643.0,643.0,655.0,666.0,737.0,758.0,800.0,810.0,855.0,871.0,874.0,969.0,969.0,973.0,
19.0,56.0,80.0,109.0,110.0,143.0,145.0,199.0,282.0,333.0,457.0,504.0,510.0,609.0,638.0,640.0,677.0,747.0,751.0,769.0,778.0,785.0,785.0,811.0,837.0,860.0,862.0,895.0,907.0,912.0,932.0,944.0,999.0,
15.0,28.0,78.0,123.0,130.0,153.0,153.0,156.0,176.0,257.0,295.0,307.0,378.0,411.0,413.0,419.0,421.0,431.0,459.0,506.0,526.0,528.0,616.0,628.0,638.0,678.0,694.0,695.0,703.0,706.0,774.0,791.0,817.0,820.0,867.0,876.0,885.0,890.0,910.0,933.0,966.0,979.0,997.0,
31.0,44.0,133.0,142.0,145.0,149.0,165.0,188.0,198.0,261.0,264.0,303.0,314.0,337.0,503.0,519.0,531.0,548.0,573.0,602.0,642.0,651.0,660.0,865.0,890.0,903.0,918.0,925.0,933.0,937.0,973.0,
59.0,68.0,81.0,98.0,112.0,113.0,121.0,122.0,191.0,198.0,214.0,235.0,258.0,311.0,323.0,348.0,391.0,413.0,421.0,429.0,449.0,465.0,524.0,547.0,556.0,642.0,691.0,694.0,714.0,782.0,826.0,926.0,950.0,988.0,
13.0,17.0,31.0,107.0,112.0,133.0,134.0,136.0,201.0,212.0,236.0,251.0,299.0,299.0,477.0,541.0,575.0,576.0,580.0,633.0,638.0,695.0,748.0,750.0,786.0,799.0,821.0,847.0,855.0,924.0,931.0,949.0,
11.0,62.0,89.0,100.0,195.0,206.0,252.0,264.0,321.0,324.0,328.0,429.0,471.0,480.0,553.0,560.0,662.0,671.0,703.0,722.0,769.0,787.0,787.0,841.0,849.0,858.0,876.0,957.0,
31.0,33.0,67.0,76.0,104.0,144.0,146.0,150.0,154.0,190.0,197.0,213.0,226.0,245.0,269.0,340.0,363.0,367.0,380.0,387.0,395.0,505.0,511.0,529.0,530.0,537.0,561.0,571.0,598.0,625.0,625.0,635.0,646.0,656.0,681.0,742.0,767.0,779.0,828.0,830.0,832.0,866.0,888.0,896.0,
58.0,68.0,90.0,113.0,176.0,187.0,210.0,247.0,249.0,257.0,258.0,277.0,283.0,314.0,376.0,390.0,414.0,430.0,467.0,518.0,575.0,612.0,620.0,661.0,777.0,790.0,850.0,888.0,920.0,945.0,946.0,954.0,
26.0,32.0,46.0,58.0,62.0,117.0,134.0,190.0,207.0,217.0,281.0,307.0,315.0,317.0,373.0,422.0,477.0,489.0,491.0,579.0,678.0,713.0,732.0,792.0,832.0,862.0,895.0,919.0,933.0,938.0,967.0,971.0,
14.0,87.0,89.0,95.0,134.0,144.0,178.0,187.0,254.0,298.0,313.0,339.0,347.0,396.0,401.0,452.0,482.0,491.0,507.0,569.0,620.0,634.0,656.0,660.0,675.0,675.0,683.0,708.0,722.0,776.0,805.0,829.0,839.0,841.0,844.0,863.0,863.0,897.0,900.0,922.0,
7.0,13.0,48.0,58.0,113.0,123.0,187.0,205.0,211.0,243.0,259.0,267.0,269.0,297.0,369.0,377.0,452.0,452.0,497.0,513.0,553.0,604.0,689.0,705.0,709.0,744.0,767.0,768.0,774.0,794.0,813.0,891.0,910.0,926.0,999.0,999.0,
69.0,81.0,135.0,160.0,237.0,302.0,312.0,377.0,437.0,484.0,492.0,506.0,524.0,529.0,543.0,560.0,585.0,593.0,692.0,761.0,785.0,790.0,861.0,870.0,873.0,883.0,894.0,907.0,914.0,
67.0,73.0,97.0,116.0,149.0,169.0,203.0,209.0,213.0,221.0,224.0,227.0,315.0,333.0,378.0,382.0,388.0,424.0,438.0,539.0,551.0,565.0,576.0,584.0,593.0,594.0,641.0,706.0,763.0,841.0,876.0,891.0,895.0,924.0,938.0,959.0,976.0,977.0,994.0,
48.0,80.0,131.0,206.0,239.0,251.0,303.0,324.0,365.0,369.0,402.0,410.0,416.0,421.0,427.0,427.0,432.0,440.0,454.0,514.0,527.0,558.0,630.0,661.0,688.0,731.0,757.0,796.0,800.0,845.0,918.0,920.0,962.0,969.0,995.0,
7.0,22.0,22.0,33.0,38.0,38.0,39.0,64.0,86.0,95.0,110.0,258.0,258.0,284.0,310.0,337.0,381.0,403.0,469.0,503.0,517.0,538.0,539.0,541.0,545.0,573.0,631.0,655.0,671.0,689.0,720.0,757.0,892.0,908.0,925.0,929.0,947.0,987.0,987.0,
163.0,167.0,205.0,208.0,240.0,419.0,423.0,446.0,449.0,450.0,514.0,537.0,551.0,631.0,635.0,648.0,656.0,681.0,683.0,689.0,699.0,722.0,830.0,861.0,869.0,887.0,902.0,911.0,915.0,921.0,947.0,962.0,1000.0,
43.0,314.0,323.0,347.0,423.0,434.0,468.0,471.0,476.0,486.0,494.0,500.0,511.0,521.0,572.0,574.0,582.0,620.0,627.0,649.0,649.0,675.0,713.0,714.0,747.0,764.0,767.0,825.0,832.0,859.0,868.0,957.0,978.0,
71.0,89.0,118.0,120.0,123.0,126.0,169.0,233.0,238.0,247.0,284.0,302.0,393.0,493.0,494.0,505.0,555.0,580.0,615.0,620.0,624.0,625.0,690.0,743.0,793.0,802.0,820.0,828.0,859.0,872.0,896.0,901.0,928.0,951.0,986.0,991.0,992.0,
31.0,70.0,101.0,105.0,147.0,157.0,168.0,219.0,254.0,274.0,371.0,377.0,472.0,473.0,655.0,680.0,728.0,842.0,875.0,899.0,901.0,903.0,909.0,918.0,923.0,942.0,964.0,991.0,
14.0,81.0,82.0,110.0,120.0,120.0,151.0,188.0,211.0,291.0,312.0,328.0,351.0,362.0,368.0,376.0,391.0,422.0,431.0,505.0,592.0,656.0,666.0,709.0,731.0,733.0,819.0,827.0,852.0,870.0,909.0,910.0,919.0,922.0,939.0,942.0,947.0,981.0,997.0,
6.0,11.0,77.0,86.0,109.0,128.0,190.0,192.0,228.0,293.0,302.0,339.0,343.0,386.0,400.0,410.0,421.0,453.0,551.0,551.0,559.0,562.0,611.0,625.0,633.0,653.0,666.0,719.0,820.0,828.0,831.0,833.0,836.0,842.0,845.0,855.0,887.0,896.0,904.0,935.0,969.0,971.0,
17.0,45.0,47.0,82.0,91.0,148.0,178.0,190.0,218.0,228.0,247.0,277.0,318.0,332.0,410.0,442.0,493.0,496.0,503.0,606.0,609.0,625.0,627.0,631.0,670.0,676.0,692.0,700.0,713.0,718.0,720.0,726.0,731.0,732.0,740.0,766.0,786.0,821.0,832.0,850.0,874.0,877.0,896.0,938.0,939.0,954.0,968.0,974.0,
32.0,43.0,54.0,56.0,86.0,95.0,104.0,114.0,140.0,141.0,153.0,254.0,303.0,312.0,331.0,388.0,473.0,475.0,494.0,498.0,524.0,533.0,550.0,551.0,586.0,635.0,665.0,746.0,754.0,781.0,836.0,839.0,896.0,932.0,970.0,
76.0,79.0,86.0,104.0,134.0,157.0,161.0,226.0,248.0,255.0,293.0,308.0,341.0,356.0,371.0,395.0,433.0,462.0,467.0,628.0,633.0,673.0,689.0,705.0,715.0,757.0,779.0,793.0,816.0,833.0,857.0,860.0,860.0,901.0,911.0,925.0,928.0,958.0,998.0,
23.0,53.0,73.0,90.0,125.0,235.0,274.0,281.0,326.0,328.0,351.0,352.0,382.0,397.0,419.0,543.0,587.0,632.0,654.0,673.0,691.0,807.0,895.0,896.0,949.0,
2.0,66.0,98.0,104.0,119.0,201.0,233.0,241.0,250.0,402.0,410.0,413.0,425.0,452.0,567.0,568.0,596.0,601.0,638.0,669.0,698.0,731.0,795.0,805.0,851.0,887.0,907.0,924.0,935.0,999.0,
19.0,68.0,134.0,156.0,200.0,232.0,293.0,335.0,391.0,394.0,395.0,401.0,443.0,447.0,458.0,514.0,570.0,571.0,603.0,638.0,700.0,721.0,796.0,855.0,867.0,894.0,913.0,924.0,
7.0,36.0,45.0,54.0,70.0,102.0,132.0,132.0,178.0,193.0,245.0,273.0,315.0,333.0,421.0,469.0,509.0,699.0,722.0,940.0,970.0,
2.0,10.0,76.0,117.0,128.0,137.0,146.0,173.0,219.0,223.0,255.0,263.0,298.0,420.0,
21.0,75.0,91.0,105.0,122.0,140.0,153.0,159.0,161.0,180.0,210.0,223.0,256.0,257.0,267.0,277.0,279.0,285.0,286.0,335.0,353.0,354.0,426.0,445.0,450.0,479.0,499.0,654.0,729.0,761.0,812.0,814.0,818.0,852.0,853.0,856.0,873.0,878.0,992.0,
11.0,30.0,35.0,57.0,67.0,156.0,171.0,183.0,186.0,278.0,314.0,343.0,349.0,366.0,375.0,412.0,427.0,464.0,487.0,628.0,628.0,656.0,697.0,699.0,717.0,735.0,749.0,755.0,779.0,791.0,797.0,815.0,846.0,858.0,861.0,899.0,905.0,912.0,922.0,929.0,931.0,970.0,975.0,
12.0,71.0,89.0,146.0,197.0,203.0,221.0,277.0,282.0,310.0,367.0,412.0,430.0,439.0,559.0,591.0,607.0,623.0,690.0,703.0,758.0,790.0,802.0,825.0,851.0,899.0,909.0,923.0,980.0,984.0,
5.0,6.0,16.0,40.0,50.0,88.0,98.0,134.0,134.0,153.0,180.0,205.0,214.0,253.0,262.0,276.0,321.0,336.0,367.0,369.0,401.0,406.0,469.0,548.0,609.0,635.0,645.0,666.0,671.0,711.0,730.0,733.0,809.0,844.0,879.0,
60.0,64.0,69.0,75.0,259.0,293.0,318.0,350.0,366.0,375.0,379.0,389.0,422.0,436.0,446.0,480.0,483.0,507.0,537.0,635.0,644.0,713.0,790.0,798.0,807.0,811.0,854.0,864.0,920.0,963.0,975.0,977.0,997.0,
27.0,34.0,41.0,85.0,86.0,87.0,92.0,98.0,115.0,129.0,132.0,162.0,163.0,171.0,196.0,199.0,205.0,210.0,212.0,230.0,304.0,317.0,332.0,390.0,409.0,431.0,461.0,491.0,557.0,588.0,595.0,719.0,733.0,745.0,759.0,771.0,792.0,799.0,807.0,856.0,863.0,887.0,906.0,919.0,962.0,971.0,977.0,994.0,
28.0,45.0,60.0,85.0,109.0,135.0,190.0,191.0,211.0,239.0,261.0,278.0,299.0,306.0,414.0,438.0,452.0,499.0,579.0,667.0,714.0,716.0,723.0,743.0,761.0,767.0,784.0,814.0,821.0,854.0,877.0,880.0,948.0,995.0,
44.0,91.0,107.0,152.0,220.0,271.0,287.0,301.0,306.0,341.0,397.0,405.0,474.0,506.0,507.0,557.0,561.0,584.0,609.0,620.0,620.0,637.0,664.0,714.0,724.0,742.0,779.0,803.0,830.0,848.0,861.0,866.0,895.0,923.0,943.0,947.0,972.0,1000.0,1000.0,
93.0,103.0,143.0,148.0,168.0,202.0,256.0,259.0,264.0,350.0,370.0,447.0,462.0,464.0,547.0,586.0,589.0,595.0,607.0,612.0,622.0,630.0,656.0,664.0,749.0,762.0,771.0,774.0,808.0,818.0,849.0,858.0,871.0,898.0,975.0,
73.0,81.0,90.0,97.0,129.0,156.0,184.0,232.0,248.0,328.0,331.0,350.0,385.0,400.0,488.0,509.0,516.0,704.0,827.0,860.0,954.0,979.0,
40.0,55.0,121.0,127.0,178.0,209.0,242.0,281.0,287.0,304.0,323.0,328.0,333.0,345.0,354.0,356.0,360.0,401.0,404.0,424.0,433.0,466.0,491.0,567.0,645.0,656.0,670.0,718.0,742.0,751.0,753.0,811.0,847.0,879.0,914.0,922.0,931.0,941.0,
25.0,75.0,134.0,145.0,160.0,165.0,184.0,203.0,261.0,290.0,353.0,356.0,366.0,369.0,373.0,376.0,385.0,433.0,445.0,487.0,492.0,520.0,545.0,554.0,570.0,576.0,593.0,634.0,637.0,645.0,651.0,714.0,751.0,753.0,762.0,767.0,792.0,823.0,826.0,826.0,831.0,874.0,888.0,897.0,897.0,914.0,923.0,926.0,949.0,957.0,
6.0,16.0,62.0,79.0,106.0,127.0,141.0,166.0,177.0,206.0,264.0,278.0,292.0,302.0,337.0,366.0,377.0,387.0,444.0,448.0,458.0,461.0,472.0,475.0,537.0,561.0,566.0,679.0,716.0,732.0,740.0,765.0,805.0,824.0,832.0,833.0,834.0,848.0,883.0,886.0,907.0,919.0,949.0,
2.0,13.0,41.0,64.0,69.0,130.0,142.0,252.0,281.0,289.0,290.0,330.0,362.0,385.0,394.0,408.0,427.0,454.0,465.0,470.0,512.0,518.0,529.0,546.0,613.0,645.0,658.0,695.0,710.0,724.0,749.0,754.0,808.0,823.0,898.0,920.0,929.0,994.0,
41.0,114.0,119.0,126.0,149.0,169.0,170.0,179.0,198.0,229.0,239.0,263.0,383.0,423.0,448.0,461.0,486.0,545.0,604.0,607.0,617.0,619.0,648.0,651.0,682.0,707.0,743.0,884.0,939.0,958.0,976.0,993.0,
16.0,22.0,34.0,182.0,199.0,228.0,242.0,302.0,330.0,352.0,359.0,363.0,399.0,402.0,404.0,443.0,444.0,466.0,467.0,470.0,483.0,492.0,530.0,562.0,564.0,597.0,618.0,625.0,627.0,627.0,678.0,710.0,714.0,765.0,767.0,769.0,852.0,899.0,902.0,905.0,919.0,921.0,933.0,947.0,964.0,983.0,990.0,
18.0,62.0,64.0,106.0,119.0,127.0,187.0,267.0,268.0,272.0,295.0,309.0,313.0,322.0,331.0,332.0,335.0,340.0,373.0,430.0,481.0,556.0,613.0,641.0,644.0,700.0,712.0,738.0,768.0,787.0,797.0,812.0,816.0,828.0,831.0,968.0,975.0,979.0,
3.0,4.0,39.0,40.0,66.0,79.0,137.0,147.0,185.0,214.0,256.0,274.0,290.0,322.0,329.0,362.0,403.0,433.0,451.0,461.0,486.0,517.0,537.0,568.0,590.0,676.0,684.0,709.0,717.0,749.0,810.0,855.0,877.0,893.0,951.0,980.0,
23.0,52.0,62.0,84.0,142.0,166.0,171.0,193.0,206.0,288.0,309.0,363.0,376.0,421.0,516.0,521.0,549.0,550.0,583.0,619.0,646.0,663.0,705.0,718.0,718.0,732.0,737.0,751.0,784.0,794.0,804.0,829.0,860.0,871.0,876.0,914.0,919.0,929.0,942.0,994.0,
30.0,36.0,60.0,75.0,92.0,109.0,113.0,130.0,159.0,170.0,186.0,237.0,240.0,253.0,254.0,268.0,369.0,376.0,436.0,441.0,497.0,515.0,639.0,645.0,650.0,686.0,711.0,717.0,727.0,742.0,751.0,777.0,799.0,830.0,850.0,863.0,866.0,887.0,895.0,918.0,922.0,930.0,938.0,959.0,974.0,982.0,
13.0,71.0,85.0,165.0,183.0,230.0,256.0,257.0,276.0,287.0,288.0,352.0,365.0,388.0,430.0,438.0,450.0,486.0,520.0,526.0,535.0,640.0,646.0,682.0,683.0,692.0,701.0,714.0,720.0,728.0,735.0,750.0,756.0,772.0,792.0,801.0,805.0,808.0,923.0,932.0,939.0,943.0,947.0,952.0,
20.0,38.0,43.0,50.0,91.0,128.0,142.0,160.0,196.0,203.0,225.0,232.0,239.0,254.0,267.0,288.0,346.0,401.0,405.0,406.0,455.0,471.0,477.0,600.0,600.0,618.0,626.0,645.0,683.0,718.0,720.0,729.0,837.0,876.0,894.0,922.0,952.0,956.0,993.0,
32.0,59.0,114.0,162.0,193.0,206.0,229.0,244.0,250.0,266.0,310.0,310.0,320.0,332.0,350.0,370.0,412.0,481.0,483.0,501.0,514.0,603.0,611.0,627.0,647.0,651.0,657.0,664.0,688.0,693.0,698.0,730.0,767.0,817.0,847.0,863.0,884.0,927.0,949.0,950.0,
38.0,53.0,69.0,132.0,153.0,161.0,196.0,199.0,271.0,299.0,337.0,347.0,370.0,380.0,443.0,465.0,471.0,491.0,497.0,498.0,513.0,514.0,518.0,534.0,542.0,553.0,574.0,596.0,602.0,603.0,608.0,621.0,726.0,736.0,751.0,780.0,793.0,828.0,864.0,931.0,937.0,947.0,993.0,
31.0,38.0,107.0,168.0,250.0,277.0,279.0,282.0,291.0,372.0,398.0,454.0,475.0,508.0,514.0,551.0,661.0,701.0,766.0,805.0,806.0,864.0,920.0,947.0,
25.0,67.0,74.0,187.0,208.0,225.0,226.0,233.0,295.0,370.0,377.0,386.0,399.0,448.0,452.0,483.0,484.0,516.0,551.0,572.0,643.0,658.0,689.0,708.0,729.0,759.0,808.0,809.0,820.0,843.0,916.0,943.0,949.0,950.0,963.0,968.0,
36.0,44.0,56.0,77.0,83.0,96.0,106.0,164.0,205.0,221.0,255.0,256.0,261.0,265.0,281.0,283.0,303.0,342.0,365.0,371.0,390.0,430.0,458.0,478.0,625.0,681.0,705.0,711.0,732.0,804.0,820.0,862.0,905.0,921.0,989.0,
16.0,112.0,139.0,143.0,148.0,269.0,298.0,305.0,329.0,362.0,374.0,396.0,405.0,417.0,426.0,448.0,478.0,536.0,593.0,640.0,642.0,659.0,659.0,767.0,776.0,800.0,802.0,809.0,841.0,864.0,893.0,895.0,912.0,913.0,928.0,938.0,961.0,967.0,980.0,
56.0,71.0,129.0,147.0,272.0,272.0,348.0,373.0,393.0,402.0,463.0,465.0,552.0,552.0,554.0,575.0,597.0,620.0,633.0,662.0,698.0,721.0,818.0,889.0,928.0,937.0,941.0,960.0,975.0,978.0,982.0,
9.0,16.0,16.0,38.0,125.0,126.0,167.0,181.0,184.0,186.0,254.0,299.0,341.0,371.0,393.0,404.0,410.0,438.0,534.0,537.0,540.0,552.0,601.0,619.0,662.0,676.0,682.0,725.0,728.0,745.0,757.0,771.0,780.0,835.0,896.0,904.0,909.0,979.0,
19.0,23.0,36.0,37.0,38.0,40.0,52.0,54.0,154.0,166.0,204.0,211.0,221.0,239.0,281.0,289.0,293.0,326.0,354.0,405.0,447.0,534.0,539.0,568.0,641.0,658.0,716.0,721.0,729.0,745.0,787.0,797.0,807.0,830.0,873.0,931.0,954.0,979.0,
22.0,48.0,65.0,75.0,105.0,215.0,226.0,239.0,267.0,281.0,294.0,295.0,338.0,360.0,365.0,419.0,421.0,430.0,463.0,480.0,532.0,557.0,580.0,593.0,661.0,775.0,896.0,964.0,
20.0,106.0,141.0,153.0,161.0,174.0,216.0,230.0,276.0,343.0,346.0,361.0,362.0,389.0,436.0,452.0,469.0,604.0,612.0,649.0,673.0,695.0,727.0,738.0,797.0,818.0,833.0,885.0,907.0,916.0,926.0,926.0,936.0,998.0,
33.0,34.0,81.0,157.0,187.0,191.0,226.0,240.0,249.0,250.0,306.0,332.0,342.0,364.0,388.0,403.0,420.0,497.0,516.0,548.0,553.0,572.0,573.0,626.0,631.0,634.0,660.0,660.0,671.0,680.0,684.0,727.0,763.0,766.0,812.0,816.0,824.0,855.0,883.0,891.0,903.0,978.0,
50.0,98.0,146.0,152.0,172.0,294.0,313.0,333.0,398.0,402.0,479.0,571.0,605.0,634.0,673.0,688.0,784.0,899.0,905.0,907.0,930.0,940.0,1000.0,
28.0,49.0,88.0,164.0,164.0,172.0,181.0,239.0,266.0,324.0,344.0,399.0,460.0,464.0,465.0,470.0,501.0,541.0,558.0,600.0,652.0,750.0,798.0,821.0,834.0,882.0,891.0,910.0,919.0,932.0,974.0,982.0,991.0,
43.0,61.0,65.0,67.0,79.0,167.0,172.0,188.0,227.0,243.0,276.0,310.0,346.0,491.0,510.0,547.0,562.0,576.0,577.0,627.0,631.0,642.0,654.0,668.0,718.0,742.0,874.0,896.0,921.0,
10.0,24.0,30.0,50.0,95.0,110.0,122.0,135.0,168.0,204.0,249.0,265.0,270.0,302.0,344.0,381.0,406.0,458.0,510.0,534.0,541.0,547.0,564.0,575.0,640.0,685.0,747.0,753.0,774.0,810.0,852.0,909.0,912.0,919.0,
8.0,16.0,22.0,82.0,98.0,102.0,119.0,201.0,202.0,279.0,287.0,292.0,308.0,446.0,483.0,527.0,538.0,564.0,608.0,647.0,659.0,709.0,762.0,820.0,856.0,891.0,904.0,915.0,946.0,968.0,982.0,995.0,
2.0,106.0,158.0,171.0,171.0,310.0,316.0,370.0,395.0,426.0,468.0,498.0,604.0,692.0,719.0,751.0,759.0,762.0,783.0,785.0,799.0,892.0,909.0,940.0,947.0,
29.0,38.0,161.0,166.0,264.0,273.0,306.0,325.0,359.0,366.0,366.0,407.0,432.0,449.0,449.0,459.0,516.0,517.0,526.0,545.0,619.0,643.0,655.0,671.0,702.0,725.0,740.0,745.0,754.0,803.0,833.0,834.0,842.0,971.0,984.0,
20.0,25.0,39.0,55.0,67.0,83.0,109.0,120.0,194.0,195.0,246.0,256.0,258.0,354.0,360.0,411.0,413.0,429.0,500.0,506.0,515.0,523.0,575.0,604.0,681.0,710.0,720.0,738.0,787.0,879.0,880.0,904.0,931.0,947.0,966.0,
30.0,37.0,44.0,45.0,99.0,183.0,193.0,193.0,216.0,243.0,262.0,316.0,321.0,327.0,332.0,333.0,412.0,432.0,464.0,504.0,571.0,618.0,651.0,682.0,703.0,725.0,736.0,756.0,839.0,857.0,886.0,886.0,966.0,980.0,989.0,1000.0,
7.0,111.0,120.0,255.0,300.0,339.0,343.0,349.0,367.0,415.0,476.0,482.0,491.0,494.0,494.0,495.0,515.0,529.0,541.0,564.0,631.0,656.0,664.0,704.0,722.0,784.0,816.0,839.0,859.0,874.0,909.0,913.0,916.0,940.0,
