3.0,25.0,39.0,61.0,76.0,88.0,108.0,184.0,192.0,200.0,224.0,236.0,312.0,380.0,392.0,395.0,459.0,491.0,491.0,498.0,500.0,505.0,535.0,630.0,650.0,699.0,767.0,786.0,818.0,840.0,891.0,910.0,988.0,997.0,1000.0,
10.0,53.0,91.0,133.0,143.0,144.0,152.0,183.0,187.0,219.0,284.0,379.0,384.0,402.0,404.0,431.0,472.0,519.0,529.0,580.0,592.0,605.0,631.0,646.0,801.0,867.0,911.0,933.0,965.0,990.0,
25.0,47.0,59.0,94.0,106.0,125.0,131.0,143.0,191.0,196.0,197.0,219.0,278.0,288.0,309.0,353.0,361.0,389.0,390.0,397.0,427.0,447.0,481.0,521.0,523.0,552.0,569.0,573.0,645.0,658.0,662.0,701.0,713.0,752.0,789.0,797.0,868.0,902.0,929.0,939.0,968.0,971.0,
19.0,23.0,34.0,95.0,96.0,99.0,103.0,104.0,133.0,150.0,153.0,160.0,194.0,202.0,209.0,355.0,438.0,486.0,500.0,513.0,663.0,678.0,786.0,816.0,836.0,844.0,861.0,862.0,960.0,994.0,
47.0,56.0,62.0,101.0,135.0,161.0,182.0,227.0,228.0,268.0,292.0,296.0,335.0,349.0,396.0,406.0,412.0,476.0,535.0,536.0,551.0,591.0,593.0,642.0,654.0,668.0,677.0,742.0,973.0,981.0,
9.0,43.0,54.0,95.0,99.0,139.0,233.0,264.0,265.0,303.0,328.0,388.0,393.0,397.0,411.0,456.0,461.0,469.0,508.0,529.0,542.0,587.0,589.0,601.0,608.0,613.0,623.0,661.0,668.0,684.0,691.0,696.0,702.0,739.0,747.0,801.0,823.0,833.0,882.0,888.0,897.0,912.0,942.0,947.0,
23.0,51.0,54.0,67.0,81.0,94.0,107.0,119.0,145.0,185.0,251.0,268.0,372.0,388.0,403.0,409.0,413.0,413.0,443.0,482.0,497.0,518.0,528.0,533.0,549.0,563.0,567.0,581.0,599.0,620.0,679.0,681.0,741.0,768.0,829.0,886.0,898.0,918.0,948.0,
34.0,90.0,102.0,105.0,133.0,141.0,158.0,233.0,264.0,341.0,352.0,359.0,380.0,383.0,445.0,446.0,472.0,498.0,504.0,530.0,538.0,541.0,555.0,600.0,624.0,672.0,728.0,729.0,757.0,777.0,797.0,803.0,807.0,822.0,822.0,825.0,841.0,917.0,
73.0,145.0,173.0,191.0,214.0,225.0,258.0,280.0,289.0,307.0,323.0,325.0,353.0,371.0,383.0,414.0,424.0,458.0,478.0,550.0,558.0,563.0,600.0,615.0,636.0,646.0,657.0,679.0,683.0,716.0,736.0,767.0,789.0,801.0,835.0,867.0,891.0,898.0,944.0,957.0,972.0,981.0,
8.0,51.0,55.0,61.0,78.0,81.0,93.0,124.0,127.0,155.0,179.0,219.0,241.0,242.0,272.0,274.0,288.0,298.0,330.0,358.0,408.0,426.0,431.0,489.0,492.0,536.0,587.0,591.0,599.0,634.0,662.0,685.0,708.0,721.0,729.0,756.0,814.0,818.0,829.0,902.0,920.0,973.0,976.0,
19.0,33.0,36.0,38.0,47.0,87.0,90.0,111.0,123.0,125.0,144.0,176.0,196.0,305.0,373.0,405.0,431.0,538.0,542.0,606.0,657.0,682.0,709.0,725.0,732.0,750.0,761.0,764.0,777.0,861.0,888.0,890.0,897.0,898.0,926.0,959.0,959.0,
37.0,43.0,77.0,136.0,145.0,163.0,202.0,206.0,212.0,230.0,307.0,323.0,347.0,391.0,409.0,431.0,447.0,466.0,513.0,524.0,526.0,544.0,566.0,595.0,598.0,618.0,633.0,656.0,689.0,696.0,755.0,774.0,821.0,835.0,841.0,870.0,880.0,920.0,925.0,927.0,971.0,976.0,
38.0,52.0,63.0,102.0,174.0,182.0,193.0,230.0,243.0,256.0,273.0,280.0,301.0,337.0,365.0,405.0,441.0,448.0,472.0,502.0,528.0,627.0,645.0,701.0,705.0,725.0,726.0,754.0,767.0,776.0,797.0,856.0,861.0,864.0,887.0,889.0,921.0,939.0,960.0,965.0,978.0,
8.0,58.0,81.0,169.0,184.0,234.0,260.0,304.0,308.0,310.0,314.0,336.0,367.0,386.0,426.0,427.0,440.0,475.0,493.0,561.0,577.0,591.0,651.0,689.0,751.0,813.0,843.0,882.0,908.0,909.0,910.0,925.0,986.0,
4.0,81.0,115.0,117.0,140.0,179.0,187.0,202.0,228.0,240.0,241.0,259.0,261.0,318.0,407.0,508.0,520.0,520.0,534.0,582.0,584.0,640.0,680.0,681.0,685.0,830.0,838.0,881.0,884.0,898.0,969.0,
37.0,37.0,58.0,78.0,107.0,153.0,168.0,204.0,213.0,222.0,305.0,324.0,357.0,364.0,392.0,429.0,456.0,456.0,471.0,477.0,480.0,540.0,565.0,566.0,586.0,588.0,600.0,624.0,641.0,674.0,698.0,750.0,761.0,818.0,850.0,850.0,920.0,928.0,931.0,941.0,941.0,993.0,998.0,
32.0,38.0,40.0,45.0,126.0,136.0,207.0,210.0,231.0,265.0,281.0,321.0,352.0,353.0,389.0,415.0,454.0,455.0,465.0,500.0,505.0,506.0,507.0,525.0,555.0,581.0,587.0,604.0,649.0,659.0,674.0,684.0,696.0,710.0,712.0,733.0,737.0,739.0,845.0,859.0,871.0,902.0,990.0,
16.0,43.0,77.0,91.0,106.0,121.0,124.0,136.0,152.0,173.0,230.0,243.0,262.0,271.0,271.0,273.0,287.0,294.0,310.0,342.0,348.0,400.0,427.0,445.0,448.0,457.0,481.0,526.0,572.0,603.0,607.0,641.0,666.0,669.0,729.0,741.0,765.0,784.0,808.0,811.0,847.0,886.0,968.0,996.0,
58.0,94.0,157.0,161.0,164.0,277.0,328.0,339.0,393.0,412.0,414.0,440.0,504.0,505.0,520.0,563.0,611.0,632.0,644.0,683.0,699.0,700.0,707.0,777.0,797.0,832.0,859.0,958.0,975.0,979.0,
96.0,107.0,186.0,188.0,200.0,244.0,311.0,342.0,360.0,422.0,486.0,489.0,546.0,547.0,552.0,598.0,655.0,668.0,676.0,686.0,692.0,695.0,813.0,821.0,835.0,846.0,855.0,883.0,896.0,963.0,964.0,977.0,
13.0,21.0,57.0,125.0,130.0,141.0,144.0,214.0,216.0,241.0,246.0,393.0,451.0,483.0,524.0,527.0,543.0,558.0,572.0,591.0,620.0,655.0,665.0,701.0,747.0,758.0,820.0,928.0,941.0,
11.0,13.0,77.0,92.0,107.0,161.0,165.0,184.0,188.0,198.0,210.0,266.0,276.0,289.0,306.0,320.0,339.0,352.0,365.0,382.0,409.0,477.0,513.0,556.0,574.0,585.0,595.0,598.0,612.0,634.0,753.0,776.0,792.0,800.0,801.0,834.0,838.0,860.0,865.0,872.0,878.0,939.0,975.0,978.0,989.0,
48.0,49.0,70.0,89.0,96.0,127.0,140.0,143.0,161.0,168.0,175.0,196.0,217.0,295.0,295.0,301.0,360.0,368.0,369.0,384.0,401.0,402.0,450.0,462.0,472.0,505.0,527.0,540.0,632.0,655.0,660.0,676.0,723.0,792.0,805.0,830.0,865.0,878.0,903.0,949.0,
31.0,33.0,75.0,96.0,125.0,158.0,232.0,236.0,268.0,273.0,273.0,319.0,399.0,400.0,405.0,409.0,416.0,427.0,539.0,568.0,582.0,610.0,635.0,635.0,678.0,688.0,690.0,695.0,707.0,713.0,719.0,811.0,834.0,862.0,925.0,
15.0,69.0,73.0,92.0,116.0,187.0,199.0,224.0,256.0,270.0,310.0,315.0,316.0,333.0,348.0,359.0,364.0,372.0,385.0,387.0,448.0,453.0,462.0,497.0,668.0,682.0,703.0,729.0,782.0,804.0,805.0,819.0,821.0,831.0,892.0,898.0,904.0,919.0,960.0,967.0,999.0,
23.0,35.0,59.0,73.0,120.0,179.0,185.0,201.0,217.0,254.0,300.0,304.0,308.0,329.0,344.0,365.0,392.0,462.0,476.0,496.0,557.0,585.0,590.0,626.0,660.0,712.0,737.0,790.0,793.0,809.0,812.0,858.0,859.0,864.0,873.0,913.0,935.0,
8.0,14.0,50.0,58.0,91.0,97.0,129.0,188.0,197.0,198.0,226.0,230.0,246.0,273.0,321.0,385.0,425.0,429.0,438.0,453.0,477.0,493.0,516.0,526.0,573.0,577.0,582.0,588.0,613.0,624.0,632.0,655.0,703.0,749.0,778.0,782.0,800.0,808.0,892.0,898.0,913.0,967.0,973.0,983.0,
43.0,102.0,115.0,143.0,161.0,191.0,208.0,245.0,252.0,269.0,279.0,282.0,285.0,309.0,347.0,351.0,384.0,401.0,450.0,472.0,510.0,513.0,559.0,569.0,583.0,588.0,621.0,625.0,732.0,780.0,841.0,848.0,914.0,932.0,934.0,934.0,940.0,963.0,
16.0,52.0,115.0,125.0,181.0,267.0,292.0,329.0,331.0,393.0,434.0,438.0,463.0,467.0,494.0,505.0,576.0,578.0,613.0,637.0,699.0,739.0,751.0,767.0,845.0,847.0,889.0,906.0,913.0,925.0,955.0,981.0,986.0,
6.0,13.0,20.0,28.0,34.0,44.0,50.0,60.0,71.0,82.0,94.0,192.0,222.0,229.0,239.0,335.0,362.0,420.0,425.0,431.0,441.0,498.0,513.0,585.0,642.0,655.0,662.0,695.0,703.0,708.0,739.0,761.0,782.0,783.0,786.0,848.0,859.0,895.0,900.0,918.0,933.0,946.0,957.0,960.0,962.0,977.0,996.0,
67.0,76.0,92.0,206.0,218.0,234.0,243.0,250.0,258.0,271.0,284.0,286.0,399.0,414.0,428.0,454.0,467.0,519.0,520.0,522.0,636.0,637.0,641.0,644.0,712.0,732.0,742.0,769.0,771.0,803.0,804.0,804.0,805.0,826.0,849.0,850.0,989.0,992.0,
19.0,38.0,70.0,103.0,108.0,190.0,219.0,240.0,251.0,254.0,281.0,336.0,380.0,399.0,489.0,497.0,579.0,633.0,659.0,695.0,816.0,854.0,863.0,866.0,918.0,930.0,960.0,968.0,987.0,
58.0,77.0,83.0,106.0,201.0,276.0,313.0,317.0,409.0,424.0,424.0,424.0,460.0,537.0,544.0,558.0,674.0,677.0,699.0,745.0,765.0,795.0,848.0,849.0,850.0,855.0,867.0,868.0,883.0,933.0,938.0,957.0,964.0,979.0,985.0,
20.0,194.0,214.0,232.0,258.0,277.0,300.0,309.0,320.0,394.0,399.0,468.0,478.0,512.0,577.0,702.0,703.0,747.0,751.0,809.0,814.0,888.0,947.0,998.0,
35.0,45.0,106.0,172.0,172.0,173.0,208.0,217.0,235.0,245.0,252.0,257.0,269.0,288.0,371.0,374.0,377.0,397.0,418.0,420.0,460.0,503.0,540.0,572.0,608.0,646.0,651.0,656.0,687.0,717.0,743.0,774.0,805.0,809.0,817.0,819.0,826.0,839.0,855.0,871.0,873.0,874.0,952.0,995.0,
9.0,12.0,60.0,62.0,66.0,78.0,85.0,131.0,149.0,163.0,172.0,198.0,217.0,224.0,240.0,240.0,259.0,291.0,297.0,323.0,345.0,346.0,364.0,401.0,423.0,524.0,524.0,568.0,628.0,661.0,668.0,676.0,682.0,684.0,804.0,813.0,823.0,824.0,829.0,902.0,930.0,944.0,945.0,953.0,956.0,960.0,993.0,
2.0,50.0,53.0,54.0,62.0,75.0,91.0,99.0,219.0,226.0,275.0,324.0,332.0,362.0,363.0,455.0,501.0,501.0,527.0,539.0,546.0,558.0,562.0,565.0,579.0,669.0,682.0,683.0,703.0,733.0,733.0,773.0,810.0,827.0,862.0,934.0,963.0,977.0,979.0,
30.0,39.0,40.0,64.0,77.0,127.0,138.0,143.0,157.0,186.0,208.0,252.0,261.0,274.0,316.0,368.0,449.0,473.0,523.0,572.0,598.0,646.0,652.0,715.0,749.0,764.0,766.0,770.0,791.0,806.0,815.0,823.0,834.0,861.0,884.0,892.0,908.0,942.0,974.0,
14.0,43.0,177.0,183.0,184.0,206.0,253.0,260.0,353.0,375.0,392.0,408.0,427.0,440.0,502.0,507.0,538.0,549.0,556.0,563.0,565.0,603.0,667.0,670.0,672.0,722.0,727.0,813.0,924.0,943.0,943.0,950.0,982.0,
2.0,7.0,119.0,155.0,165.0,204.0,223.0,232.0,234.0,277.0,285.0,332.0,387.0,412.0,427.0,446.0,481.0,560.0,561.0,563.0,573.0,595.0,723.0,770.0,792.0,793.0,871.0,883.0,901.0,909.0,987.0,
26.0,29.0,45.0,212.0,253.0,255.0,325.0,332.0,367.0,372.0,379.0,381.0,419.0,426.0,437.0,472.0,490.0,497.0,517.0,547.0,560.0,562.0,639.0,683.0,689.0,691.0,823.0,829.0,877.0,878.0,890.0,919.0,920.0,939.0,940.0,998.0,
46.0,54.0,123.0,133.0,214.0,249.0,254.0,325.0,344.0,346.0,355.0,365.0,386.0,390.0,400.0,447.0,458.0,482.0,599.0,609.0,655.0,678.0,687.0,688.0,690.0,735.0,751.0,769.0,775.0,872.0,876.0,911.0,964.0,
48.0,49.0,59.0,136.0,154.0,157.0,247.0,316.0,324.0,392.0,432.0,433.0,444.0,447.0,515.0,517.0,592.0,593.0,595.0,596.0,607.0,609.0,639.0,678.0,683.0,740.0,769.0,844.0,853.0,875.0,893.0,993.0,
7.0,19.0,39.0,48.0,89.0,100.0,100.0,140.0,225.0,238.0,303.0,305.0,332.0,375.0,398.0,418.0,425.0,445.0,478.0,493.0,519.0,571.0,596.0,610.0,636.0,666.0,677.0,680.0,683.0,736.0,761.0,778.0,780.0,838.0,877.0,931.0,943.0,957.0,1000.0,
7.0,27.0,35.0,115.0,143.0,145.0,149.0,183.0,183.0,220.0,269.0,336.0,337.0,342.0,405.0,408.0,416.0,466.0,469.0,490.0,635.0,653.0,722.0,741.0,746.0,762.0,766.0,830.0,845.0,864.0,894.0,944.0,951.0,975.0,983.0,985.0,
22.0,52.0,52.0,57.0,59.0,89.0,110.0,133.0,144.0,151.0,181.0,263.0,264.0,297.0,324.0,363.0,400.0,412.0,418.0,426.0,499.0,500.0,708.0,742.0,822.0,911.0,955.0,
11.0,27.0,35.0,66.0,87.0,87.0,121.0,157.0,164.0,173.0,236.0,253.0,276.0,333.0,334.0,339.0,402.0,416.0,420.0,422.0,429.0,457.0,477.0,478.0,518.0,580.0,641.0,643.0,654.0,659.0,684.0,705.0,716.0,742.0,770.0,774.0,782.0,835.0,841.0,861.0,887.0,891.0,904.0,904.0,912.0,937.0,956.0,1000.0,
58.0,126.0,176.0,195.0,240.0,241.0,273.0,299.0,302.0,311.0,362.0,380.0,388.0,401.0,495.0,513.0,513.0,532.0,549.0,600.0,630.0,667.0,683.0,684.0,685.0,834.0,861.0,862.0,874.0,877.0,898.0,915.0,933.0,954.0,979.0,985.0,990.0,995.0,
17.0,22.0,25.0,27.0,36.0,49.0,66.0,72.0,83.0,210.0,223.0,230.0,246.0,247.0,268.0,323.0,406.0,410.0,433.0,446.0,454.0,485.0,491.0,516.0,522.0,529.0,559.0,592.0,613.0,675.0,697.0,705.0,728.0,763.0,808.0,828.0,833.0,855.0,877.0,910.0,923.0,924.0,936.0,990.0,
14.0,24.0,72.0,77.0,81.0,156.0,174.0,225.0,264.0,281.0,349.0,361.0,431.0,476.0,490.0,500.0,529.0,529.0,551.0,605.0,609.0,611.0,623.0,628.0,655.0,744.0,768.0,772.0,837.0,850.0,914.0,916.0,963.0,973.0,991.0,993.0,
5.0,28.0,63.0,83.0,168.0,180.0,189.0,204.0,213.0,235.0,308.0,349.0,378.0,378.0,411.0,421.0,422.0,423.0,425.0,451.0,457.0,503.0,533.0,540.0,544.0,553.0,558.0,576.0,577.0,590.0,603.0,751.0,812.0,813.0,829.0,831.0,868.0,902.0,923.0,924.0,926.0,950.0,957.0,989.0,996.0,1000.0,
5.0,7.0,29.0,46.0,50.0,58.0,103.0,105.0,105.0,117.0,183.0,200.0,272.0,284.0,365.0,375.0,381.0,389.0,393.0,430.0,523.0,589.0,639.0,645.0,650.0,662.0,699.0,755.0,781.0,787.0,790.0,796.0,799.0,806.0,820.0,823.0,838.0,856.0,865.0,874.0,897.0,989.0,
15.0,25.0,39.0,42.0,47.0,77.0,118.0,130.0,193.0,235.0,237.0,259.0,276.0,335.0,370.0,371.0,418.0,421.0,422.0,454.0,456.0,462.0,473.0,506.0,554.0,569.0,616.0,659.0,668.0,674.0,703.0,737.0,806.0,850.0,880.0,881.0,895.0,899.0,925.0,948.0,961.0,987.0,
88.0,103.0,122.0,140.0,188.0,188.0,213.0,223.0,257.0,265.0,291.0,381.0,442.0,461.0,462.0,475.0,481.0,484.0,499.0,505.0,533.0,538.0,542.0,573.0,582.0,586.0,596.0,648.0,709.0,711.0,742.0,761.0,766.0,783.0,796.0,859.0,883.0,892.0,909.0,995.0,1000.0,
6.0,63.0,86.0,114.0,122.0,147.0,172.0,180.0,197.0,234.0,290.0,296.0,382.0,425.0,428.0,467.0,497.0,497.0,624.0,652.0,858.0,989.0,992.0,
30.0,36.0,99.0,100.0,100.0,124.0,129.0,133.0,147.0,264.0,289.0,295.0,308.0,311.0,341.0,343.0,349.0,363.0,391.0,425.0,443.0,
53.0,90.0,97.0,119.0,129.0,148.0,175.0,178.0,187.0,212.0,290.0,324.0,406.0,422.0,483.0,663.0,730.0,773.0,
2.0,4.0,34.0,87.0,94.0,107.0,116.0,139.0,171.0,211.0,216.0,245.0,297.0,328.0,376.0,387.0,425.0,433.0,439.0,529.0,577.0,622.0,639.0,640.0,645.0,708.0,739.0,741.0,776.0,785.0,787.0,815.0,829.0,893.0,902.0,937.0,942.0,956.0,
57.0,84.0,152.0,256.0,279.0,286.0,288.0,297.0,320.0,333.0,334.0,356.0,378.0,387.0,391.0,413.0,429.0,436.0,599.0,624.0,650.0,655.0,665.0,676.0,677.0,756.0,783.0,808.0,927.0,928.0,963.0,967.0,987.0,1000.0,
32.0,36.0,40.0,46.0,101.0,103.0,110.0,132.0,161.0,200.0,215.0,235.0,244.0,245.0,264.0,270.0,280.0,302.0,364.0,465.0,505.0,506.0,538.0,584.0,591.0,622.0,679.0,703.0,736.0,756.0,778.0,790.0,880.0,913.0,
46.0,54.0,58.0,103.0,116.0,121.0,140.0,165.0,198.0,216.0,226.0,228.0,248.0,249.0,285.0,308.0,382.0,388.0,396.0,467.0,473.0,492.0,502.0,512.0,527.0,538.0,539.0,548.0,569.0,634.0,642.0,677.0,686.0,757.0,781.0,857.0,870.0,926.0,964.0,966.0,973.0,978.0,
67.0,69.0,72.0,92.0,106.0,121.0,170.0,192.0,215.0,302.0,319.0,350.0,354.0,393.0,394.0,398.0,415.0,422.0,466.0,468.0,471.0,496.0,503.0,508.0,525.0,550.0,609.0,630.0,701.0,744.0,812.0,826.0,
34.0,37.0,46.0,144.0,168.0,172.0,186.0,207.0,214.0,215.0,302.0,312.0,359.0,375.0,384.0,389.0,390.0,407.0,416.0,454.0,455.0,522.0,548.0,560.0,570.0,586.0,608.0,634.0,635.0,637.0,668.0,691.0,732.0,745.0,805.0,820.0,831.0,832.0,844.0,862.0,887.0,888.0,934.0,943.0,944.0,967.0,991.0,
6.0,43.0,140.0,142.0,177.0,183.0,189.0,207.0,274.0,374.0,383.0,422.0,455.0,475.0,482.0,604.0,626.0,712.0,715.0,737.0,786.0,789.0,792.0,800.0,842.0,859.0,863.0,928.0,955.0,1000.0,
13.0,42.0,54.0,68.0,99.0,112.0,192.0,255.0,290.0,291.0,348.0,363.0,369.0,432.0,458.0,462.0,487.0,584.0,652.0,693.0,709.0,710.0,743.0,744.0,812.0,850.0,857.0,861.0,868.0,872.0,874.0,878.0,908.0,925.0,994.0,
3.0,10.0,183.0,184.0,203.0,238.0,239.0,253.0,261.0,287.0,324.0,338.0,341.0,345.0,366.0,388.0,501.0,648.0,713.0,918.0,921.0,922.0,941.0,
34.0,35.0,39.0,77.0,120.0,122.0,127.0,140.0,178.0,189.0,189.0,238.0,267.0,292.0,333.0,390.0,391.0,401.0,425.0,450.0,450.0,451.0,487.0,495.0,519.0,534.0,591.0,593.0,616.0,626.0,645.0,652.0,673.0,733.0,735.0,738.0,754.0,803.0,822.0,836.0,903.0,912.0,965.0,
14.0,27.0,51.0,76.0,79.0,83.0,107.0,130.0,232.0,234.0,292.0,319.0,419.0,453.0,576.0,659.0,696.0,708.0,738.0,742.0,748.0,757.0,757.0,763.0,772.0,789.0,797.0,814.0,845.0,848.0,849.0,877.0,920.0,945.0,971.0,983.0,991.0,
2.0,2.0,9.0,11.0,12.0,29.0,29.0,34.0,37.0,39.0,59.0,65.0,80.0,118.0,153.0,208.0,222.0,271.0,362.0,399.0,411.0,421.0,453.0,455.0,460.0,471.0,497.0,508.0,512.0,513.0,553.0,579.0,580.0,595.0,605.0,608.0,612.0,625.0,652.0,670.0,674.0,675.0,825.0,860.0,916.0,925.0,930.0,940.0,972.0,
14.0,34.0,74.0,84.0,86.0,91.0,257.0,268.0,281.0,316.0,422.0,510.0,530.0,561.0,566.0,612.0,623.0,635.0,656.0,668.0,807.0,817.0,827.0,938.0,
47.0,47.0,49.0,80.0,117.0,130.0,150.0,160.0,171.0,187.0,192.0,224.0,232.0,296.0,348.0,355.0,357.0,401.0,464.0,478.0,488.0,517.0,562.0,568.0,643.0,675.0,690.0,694.0,773.0,784.0,844.0,919.0,939.0,948.0,950.0,
87.0,88.0,105.0,138.0,163.0,166.0,170.0,194.0,197.0,226.0,236.0,251.0,269.0,301.0,312.0,340.0,347.0,448.0,448.0,510.0,520.0,548.0,560.0,560.0,587.0,588.0,614.0,629.0,635.0,649.0,719.0,731.0,749.0,760.0,789.0,798.0,863.0,893.0,895.0,904.0,911.0,938.0,950.0,955.0,972.0,980.0,999.0,
15.0,45.0,86.0,124.0,231.0,249.0,273.0,285.0,286.0,300.0,305.0,339.0,367.0,462.0,464.0,471.0,480.0,496.0,502.0,568.0,579.0,617.0,642.0,668.0,680.0,712.0,780.0,789.0,844.0,844.0,884.0,884.0,893.0,971.0,994.0,
9.0,37.0,40.0,143.0,151.0,176.0,195.0,215.0,229.0,248.0,266.0,316.0,320.0,334.0,360.0,391.0,427.0,431.0,503.0,521.0,539.0,608.0,610.0,665.0,692.0,714.0,714.0,734.0,758.0,820.0,847.0,858.0,915.0,926.0,946.0,980.0,992.0,
24.0,85.0,102.0,107.0,143.0,168.0,196.0,251.0,276.0,296.0,304.0,357.0,392.0,413.0,415.0,419.0,471.0,493.0,528.0,534.0,561.0,562.0,565.0,584.0,661.0,664.0,669.0,683.0,686.0,689.0,734.0,783.0,795.0,798.0,836.0,857.0,861.0,864.0,886.0,890.0,897.0,912.0,917.0,940.0,942.0,
9.0,15.0,21.0,71.0,107.0,160.0,211.0,232.0,233.0,235.0,260.0,301.0,351.0,449.0,450.0,473.0,491.0,498.0,569.0,599.0,604.0,631.0,649.0,656.0,665.0,668.0,674.0,696.0,708.0,718.0,721.0,724.0,725.0,738.0,751.0,766.0,789.0,806.0,814.0,826.0,827.0,834.0,910.0,912.0,912.0,918.0,932.0,933.0,939.0,944.0,990.0,999.0,
42.0,103.0,122.0,127.0,145.0,152.0,172.0,175.0,187.0,196.0,217.0,224.0,230.0,251.0,278.0,293.0,314.0,334.0,369.0,383.0,417.0,437.0,530.0,554.0,605.0,642.0,704.0,725.0,729.0,733.0,781.0,846.0,866.0,882.0,884.0,963.0,977.0,995.0,
97.0,114.0,153.0,203.0,208.0,212.0,241.0,263.0,393.0,399.0,433.0,434.0,461.0,467.0,562.0,576.0,576.0,594.0,685.0,713.0,811.0,819.0,861.0,883.0,897.0,902.0,904.0,907.0,937.0,958.0,963.0,969.0,990.0,
9.0,26.0,60.0,77.0,121.0,148.0,174.0,185.0,198.0,367.0,443.0,532.0,551.0,565.0,665.0,690.0,712.0,714.0,719.0,768.0,781.0,838.0,840.0,864.0,887.0,914.0,924.0,
34.0,84.0,90.0,106.0,149.0,156.0,167.0,214.0,226.0,334.0,336.0,339.0,354.0,394.0,396.0,436.0,441.0,460.0,469.0,471.0,474.0,476.0,481.0,499.0,504.0,505.0,530.0,541.0,555.0,589.0,649.0,662.0,676.0,711.0,713.0,732.0,737.0,749.0,771.0,786.0,787.0,805.0,812.0,817.0,827.0,833.0,841.0,892.0,927.0,931.0,958.0,1000.0,
14.0,27.0,53.0,124.0,138.0,146.0,180.0,225.0,230.0,291.0,295.0,320.0,329.0,426.0,443.0,501.0,526.0,527.0,541.0,547.0,617.0,655.0,664.0,686.0,697.0,718.0,754.0,772.0,844.0,867.0,947.0,990.0,
29.0,89.0,129.0,133.0,168.0,172.0,178.0,182.0,247.0,280.0,323.0,327.0,345.0,363.0,393.0,406.0,425.0,427.0,437.0,441.0,447.0,494.0,513.0,521.0,573.0,596.0,647.0,651.0,662.0,664.0,695.0,719.0,822.0,889.0,891.0,915.0,959.0,970.0,979.0,
60.0,82.0,85.0,131.0,133.0,185.0,293.0,320.0,320.0,389.0,398.0,405.0,432.0,463.0,547.0,550.0,553.0,656.0,700.0,725.0,726.0,728.0,768.0,768.0,776.0,780.0,782.0,784.0,789.0,805.0,832.0,852.0,895.0,929.0,946.0,990.0,
28.0,34.0,204.0,225.0,305.0,309.0,335.0,348.0,349.0,353.0,376.0,402.0,417.0,432.0,490.0,522.0,534.0,537.0,562.0,563.0,568.0,593.0,605.0,673.0,674.0,678.0,749.0,791.0,812.0,823.0,871.0,886.0,895.0,903.0,935.0,964.0,970.0,989.0,
13.0,92.0,99.0,113.0,129.0,142.0,171.0,187.0,256.0,310.0,338.0,347.0,353.0,359.0,366.0,375.0,382.0,384.0,395.0,440.0,448.0,456.0,484.0,484.0,501.0,506.0,507.0,514.0,536.0,543.0,558.0,603.0,624.0,636.0,642.0,654.0,700.0,706.0,713.0,717.0,721.0,763.0,771.0,798.0,804.0,897.0,916.0,942.0,956.0,976.0,
9.0,87.0,92.0,157.0,166.0,234.0,303.0,307.0,309.0,312.0,328.0,335.0,335.0,340.0,460.0,474.0,491.0,498.0,526.0,528.0,539.0,545.0,599.0,632.0,685.0,720.0,736.0,825.0,845.0,880.0,895.0,923.0,935.0,936.0,943.0,949.0,983.0,
29.0,100.0,102.0,186.0,197.0,215.0,229.0,233.0,264.0,265.0,277.0,377.0,442.0,459.0,508.0,510.0,565.0,571.0,631.0,655.0,662.0,674.0,678.0,736.0,819.0,881.0,921.0,986.0,989.0,
18.0,22.0,43.0,47.0,62.0,75.0,147.0,310.0,320.0,333.0,335.0,368.0,370.0,399.0,417.0,433.0,464.0,482.0,489.0,507.0,522.0,550.0,551.0,551.0,611.0,619.0,688.0,706.0,717.0,732.0,735.0,757.0,785.0,825.0,898.0,917.0,978.0,992.0,
9.0,94.0,99.0,103.0,113.0,125.0,183.0,189.0,209.0,226.0,248.0,260.0,308.0,358.0,375.0,408.0,424.0,496.0,529.0,553.0,608.0,620.0,707.0,715.0,844.0,861.0,906.0,988.0,
43.0,110.0,115.0,133.0,154.0,165.0,167.0,182.0,182.0,196.0,196.0,203.0,240.0,343.0,356.0,360.0,365.0,420.0,437.0,447.0,466.0,489.0,558.0,575.0,646.0,741.0,767.0,769.0,787.0,832.0,852.0,926.0,946.0,954.0,
32.0,60.0,99.0,138.0,163.0,219.0,220.0,301.0,303.0,323.0,333.0,340.0,383.0,441.0,455.0,471.0,504.0,621.0,663.0,671.0,686.0,695.0,726.0,772.0,784.0,784.0,800.0,808.0,868.0,882.0,927.0,929.0,934.0,956.0,966.0,
16.0,28.0,49.0,67.0,80.0,97.0,120.0,156.0,158.0,179.0,190.0,198.0,254.0,254.0,260.0,304.0,314.0,322.0,335.0,342.0,388.0,391.0,439.0,559.0,608.0,632.0,684.0,687.0,699.0,716.0,744.0,834.0,841.0,852.0,862.0,906.0,908.0,918.0,944.0,946.0,949.0,997.0,
8.0,18.0,45.0,48.0,57.0,62.0,71.0,91.0,106.0,165.0,192.0,258.0,313.0,319.0,359.0,367.0,374.0,391.0,419.0,466.0,472.0,478.0,501.0,510.0,533.0,544.0,563.0,568.0,603.0,606.0,676.0,701.0,708.0,752.0,757.0,768.0,787.0,789.0,793.0,843.0,889.0,890.0,900.0,941.0,946.0,978.0,987.0,998.0,
23.0,29.0,137.0,159.0,188.0,227.0,236.0,237.0,250.0,270.0,274.0,283.0,289.0,300.0,302.0,306.0,311.0,323.0,343.0,395.0,428.0,442.0,551.0,558.0,581.0,591.0,627.0,684.0,707.0,721.0,772.0,774.0,783.0,800.0,833.0,840.0,851.0,864.0,867.0,873.0,883.0,941.0,978.0,980.0,
30.0,43.0,56.0,163.0,181.0,202.0,207.0,209.0,227.0,234.0,241.0,256.0,291.0,456.0,465.0,467.0,479.0,510.0,671.0,672.0,691.0,709.0,718.0,762.0,775.0,826.0,829.0,847.0,923.0,973.0,974.0,977.0,978.0,
16.0,25.0,47.0,48.0,189.0,223.0,238.0,284.0,287.0,300.0,341.0,406.0,407.0,410.0,411.0,503.0,531.0,559.0,591.0,602.0,613.0,663.0,682.0,686.0,692.0,732.0,784.0,820.0,846.0,886.0,926.0,930.0,949.0,
68.0,90.0,114.0,227.0,256.0,289.0,292.0,314.0,371.0,379.0,412.0,428.0,440.0,459.0,503.0,557.0,571.0,608.0,618.0,620.0,635.0,644.0,646.0,691.0,732.0,774.0,815.0,843.0,861.0,867.0,926.0,935.0,943.0,947.0,947.0,955.0,991.0,
43.0,100.0,101.0,122.0,226.0,259.0,264.0,303.0,318.0,318.0,337.0,339.0,367.0,370.0,422.0,439.0,461.0,499.0,502.0,534.0,598.0,617.0,627.0,635.0,672.0,694.0,700.0,721.0,741.0,743.0,764.0,771.0,781.0,788.0,808.0,819.0,872.0,891.0,932.0,958.0,970.0,976.0,995.0,
6.0,9.0,27.0,36.0,53.0,116.0,126.0,143.0,175.0,184.0,209.0,236.0,251.0,302.0,307.0,311.0,393.0,436.0,471.0,547.0,573.0,620.0,631.0,641.0,648.0,653.0,670.0,699.0,717.0,725.0,742.0,777.0,851.0,855.0,868.0,878.0,941.0,
10.0,70.0,75.0,78.0,102.0,126.0,182.0,183.0,184.0,195.0,221.0,242.0,335.0,337.0,367.0,410.0,426.0,431.0,478.0,489.0,507.0,510.0,534.0,562.0,568.0,594.0,615.0,699.0,701.0,742.0,747.0,779.0,813.0,929.0,936.0,938.0,940.0,941.0,958.0,969.0,991.0,
