142.0,179.0,252.0,264.0,329.0,336.0,365.0,369.0,440.0,446.0,452.0,491.0,513.0,591.0,600.0,607.0,627.0,644.0,693.0,719.0,757.0,794.0,813.0,851.0,879.0,892.0,893.0,896.0,970.0,
2.0,5.0,12.0,32.0,60.0,68.0,123.0,132.0,151.0,227.0,255.0,258.0,259.0,263.0,310.0,320.0,342.0,399.0,406.0,407.0,422.0,479.0,496.0,504.0,557.0,576.0,587.0,671.0,710.0,720.0,720.0,737.0,763.0,791.0,849.0,856.0,860.0,899.0,999.0,
22.0,67.0,79.0,79.0,102.0,183.0,197.0,270.0,319.0,334.0,362.0,366.0,415.0,560.0,574.0,604.0,644.0,655.0,667.0,690.0,768.0,770.0,783.0,813.0,819.0,823.0,823.0,824.0,904.0,916.0,931.0,955.0,983.0,
7.0,19.0,34.0,45.0,121.0,150.0,188.0,204.0,205.0,269.0,359.0,365.0,365.0,374.0,386.0,390.0,409.0,431.0,458.0,466.0,495.0,504.0,512.0,531.0,534.0,561.0,613.0,628.0,692.0,696.0,775.0,781.0,786.0,813.0,815.0,824.0,866.0,908.0,924.0,924.0,930.0,952.0,969.0,
42.0,107.0,109.0,116.0,118.0,138.0,141.0,204.0,216.0,218.0,220.0,278.0,315.0,323.0,378.0,404.0,409.0,410.0,448.0,508.0,524.0,526.0,528.0,542.0,558.0,589.0,601.0,611.0,681.0,732.0,744.0,789.0,790.0,847.0,859.0,866.0,875.0,928.0,947.0,974.0,982.0,985.0,998.0,
12.0,82.0,232.0,235.0,259.0,276.0,283.0,302.0,425.0,447.0,452.0,478.0,479.0,519.0,570.0,580.0,618.0,623.0,623.0,645.0,692.0,731.0,898.0,900.0,944.0,975.0,
14.0,52.0,52.0,67.0,78.0,85.0,87.0,129.0,184.0,199.0,209.0,210.0,223.0,233.0,253.0,286.0,303.0,304.0,328.0,349.0,355.0,393.0,408.0,411.0,438.0,500.0,500.0,513.0,528.0,547.0,548.0,604.0,612.0,626.0,631.0,683.0,685.0,688.0,713.0,768.0,772.0,773.0,774.0,782.0,800.0,804.0,855.0,873.0,896.0,936.0,
17.0,36.0,51.0,62.0,83.0,84.0,110.0,144.0,150.0,219.0,251.0,328.0,353.0,405.0,421.0,463.0,463.0,511.0,582.0,635.0,676.0,693.0,706.0,722.0,744.0,802.0,894.0,896.0,979.0,1000.0,1000.0,
23.0,49.0,70.0,87.0,128.0,253.0,291.0,301.0,346.0,407.0,426.0,465.0,473.0,528.0,590.0,605.0,659.0,703.0,801.0,811.0,814.0,847.0,859.0,934.0,941.0,979.0,
57.0,73.0,88.0,107.0,146.0,170.0,179.0,273.0,341.0,357.0,358.0,385.0,407.0,409.0,412.0,412.0,423.0,463.0,547.0,585.0,613.0,633.0,654.0,670.0,694.0,709.0,714.0,740.0,867.0,910.0,930.0,978.0,
3.0,88.0,145.0,159.0,172.0,182.0,201.0,207.0,245.0,246.0,266.0,271.0,285.0,293.0,294.0,303.0,333.0,333.0,363.0,377.0,394.0,415.0,439.0,447.0,469.0,506.0,566.0,575.0,581.0,615.0,627.0,673.0,696.0,713.0,719.0,774.0,777.0,779.0,798.0,799.0,803.0,880.0,908.0,923.0,939.0,971.0,
70.0,191.0,202.0,214.0,230.0,262.0,267.0,275.0,307.0,308.0,365.0,386.0,407.0,418.0,431.0,439.0,472.0,506.0,562.0,564.0,571.0,598.0,616.0,622.0,645.0,666.0,704.0,705.0,712.0,783.0,787.0,803.0,815.0,820.0,826.0,855.0,984.0,
119.0,180.0,196.0,246.0,266.0,301.0,306.0,320.0,356.0,479.0,583.0,698.0,709.0,715.0,723.0,730.0,748.0,852.0,885.0,888.0,933.0,969.0,
15.0,65.0,90.0,92.0,108.0,137.0,168.0,237.0,258.0,279.0,380.0,465.0,495.0,520.0,619.0,717.0,784.0,819.0,833.0,843.0,925.0,970.0,984.0,993.0,
12.0,16.0,25.0,37.0,50.0,67.0,75.0,122.0,140.0,159.0,163.0,192.0,254.0,320.0,337.0,339.0,354.0,473.0,480.0,514.0,522.0,528.0,529.0,558.0,574.0,639.0,648.0,682.0,697.0,713.0,788.0,828.0,861.0,964.0,986.0,997.0,
8.0,8.0,42.0,54.0,108.0,242.0,247.0,458.0,477.0,484.0,507.0,515.0,522.0,545.0,562.0,565.0,569.0,577.0,594.0,610.0,645.0,670.0,673.0,686.0,702.0,708.0,717.0,772.0,911.0,943.0,981.0,
31.0,96.0,102.0,156.0,184.0,238.0,239.0,258.0,294.0,321.0,321.0,327.0,360.0,364.0,434.0,483.0,486.0,498.0,510.0,515.0,518.0,526.0,527.0,553.0,562.0,563.0,636.0,674.0,675.0,688.0,697.0,707.0,741.0,829.0,836.0,887.0,902.0,936.0,
12.0,18.0,33.0,42.0,42.0,120.0,252.0,259.0,321.0,386.0,389.0,421.0,427.0,495.0,503.0,553.0,564.0,585.0,619.0,708.0,727.0,728.0,729.0,759.0,861.0,893.0,983.0,986.0,
20.0,36.0,115.0,121.0,124.0,135.0,140.0,188.0,221.0,225.0,236.0,301.0,332.0,361.0,388.0,401.0,416.0,437.0,451.0,462.0,478.0,526.0,530.0,573.0,659.0,698.0,701.0,709.0,713.0,780.0,816.0,836.0,862.0,875.0,917.0,925.0,950.0,
2.0,69.0,72.0,91.0,142.0,163.0,185.0,188.0,263.0,296.0,298.0,300.0,344.0,346.0,383.0,386.0,403.0,423.0,427.0,432.0,456.0,464.0,467.0,534.0,588.0,602.0,608.0,611.0,618.0,626.0,662.0,663.0,735.0,813.0,836.0,845.0,879.0,955.0,988.0,
15.0,27.0,38.0,58.0,102.0,180.0,213.0,225.0,271.0,306.0,315.0,321.0,368.0,455.0,457.0,460.0,464.0,465.0,489.0,619.0,647.0,677.0,716.0,720.0,763.0,777.0,787.0,825.0,850.0,928.0,962.0,
7.0,20.0,23.0,41.0,61.0,82.0,142.0,199.0,220.0,277.0,311.0,320.0,359.0,410.0,413.0,422.0,422.0,508.0,510.0,528.0,629.0,677.0,723.0,728.0,733.0,741.0,768.0,794.0,795.0,799.0,831.0,834.0,884.0,886.0,943.0,950.0,
46.0,91.0,98.0,121.0,128.0,168.0,180.0,310.0,331.0,397.0,398.0,424.0,426.0,426.0,449.0,456.0,473.0,493.0,526.0,543.0,546.0,570.0,602.0,604.0,619.0,662.0,695.0,874.0,875.0,897.0,911.0,977.0,999.0,
27.0,69.0,87.0,94.0,165.0,192.0,194.0,210.0,215.0,254.0,256.0,322.0,327.0,339.0,369.0,429.0,446.0,471.0,513.0,526.0,527.0,536.0,537.0,539.0,540.0,541.0,544.0,550.0,553.0,554.0,573.0,574.0,582.0,588.0,595.0,600.0,605.0,609.0,620.0,659.0,660.0,660.0,694.0,697.0,740.0,749.0,752.0,768.0,787.0,802.0,816.0,866.0,876.0,877.0,892.0,937.0,960.0,994.0,
34.0,43.0,48.0,49.0,108.0,121.0,179.0,191.0,255.0,266.0,283.0,294.0,312.0,318.0,327.0,332.0,354.0,401.0,413.0,418.0,427.0,450.0,507.0,517.0,526.0,527.0,537.0,539.0,542.0,548.0,548.0,549.0,552.0,554.0,561.0,562.0,569.0,576.0,583.0,591.0,591.0,593.0,598.0,606.0,607.0,611.0,615.0,616.0,619.0,619.0,621.0,627.0,635.0,636.0,651.0,657.0,659.0,680.0,683.0,686.0,690.0,742.0,745.0,763.0,793.0,796.0,838.0,860.0,875.0,892.0,897.0,902.0,913.0,953.0,954.0,964.0,973.0,979.0,990.0,
21.0,55.0,115.0,148.0,172.0,271.0,290.0,337.0,397.0,417.0,452.0,477.0,517.0,521.0,525.0,533.0,534.0,541.0,547.0,559.0,569.0,583.0,584.0,588.0,588.0,606.0,609.0,620.0,625.0,639.0,641.0,666.0,669.0,681.0,683.0,693.0,698.0,699.0,699.0,699.0,709.0,723.0,740.0,752.0,762.0,764.0,790.0,794.0,802.0,826.0,828.0,852.0,854.0,857.0,879.0,880.0,898.0,910.0,924.0,963.0,981.0,
3.0,93.0,103.0,119.0,124.0,126.0,161.0,172.0,172.0,187.0,195.0,212.0,217.0,222.0,233.0,255.0,277.0,330.0,401.0,423.0,441.0,455.0,466.0,474.0,491.0,520.0,528.0,531.0,546.0,548.0,550.0,551.0,566.0,566.0,568.0,576.0,577.0,583.0,602.0,605.0,606.0,609.0,612.0,618.0,626.0,629.0,636.0,647.0,653.0,665.0,676.0,676.0,677.0,679.0,704.0,712.0,732.0,732.0,753.0,766.0,773.0,816.0,823.0,825.0,836.0,849.0,881.0,883.0,888.0,897.0,912.0,924.0,956.0,963.0,
52.0,66.0,73.0,101.0,131.0,142.0,204.0,227.0,233.0,247.0,310.0,317.0,333.0,351.0,382.0,391.0,454.0,467.0,517.0,524.0,534.0,549.0,565.0,571.0,600.0,611.0,622.0,625.0,635.0,644.0,645.0,651.0,665.0,698.0,702.0,710.0,737.0,779.0,780.0,785.0,788.0,799.0,818.0,819.0,831.0,867.0,920.0,936.0,980.0,1000.0,
2.0,22.0,36.0,63.0,79.0,120.0,132.0,143.0,156.0,188.0,203.0,238.0,244.0,248.0,285.0,312.0,336.0,337.0,404.0,409.0,456.0,504.0,520.0,528.0,529.0,553.0,565.0,593.0,597.0,616.0,634.0,636.0,656.0,719.0,779.0,786.0,970.0,972.0,
96.0,102.0,130.0,131.0,180.0,188.0,210.0,278.0,293.0,307.0,307.0,379.0,390.0,433.0,445.0,470.0,472.0,473.0,507.0,528.0,533.0,559.0,560.0,573.0,591.0,612.0,613.0,657.0,664.0,716.0,742.0,781.0,795.0,804.0,869.0,885.0,926.0,954.0,
12.0,18.0,46.0,71.0,111.0,137.0,140.0,146.0,156.0,184.0,203.0,208.0,228.0,230.0,241.0,242.0,247.0,252.0,274.0,276.0,382.0,435.0,438.0,451.0,566.0,571.0,592.0,621.0,628.0,637.0,640.0,645.0,669.0,749.0,768.0,775.0,872.0,888.0,892.0,908.0,922.0,935.0,968.0,981.0,996.0,
77.0,101.0,105.0,116.0,144.0,346.0,360.0,402.0,439.0,508.0,524.0,548.0,604.0,628.0,642.0,657.0,671.0,687.0,698.0,698.0,758.0,823.0,845.0,885.0,910.0,923.0,944.0,982.0,985.0,
4.0,13.0,38.0,88.0,95.0,108.0,121.0,123.0,134.0,142.0,160.0,168.0,202.0,215.0,222.0,233.0,292.0,316.0,322.0,391.0,392.0,435.0,439.0,493.0,503.0,510.0,534.0,539.0,540.0,543.0,550.0,551.0,556.0,557.0,559.0,559.0,562.0,562.0,569.0,569.0,570.0,572.0,591.0,610.0,617.0,618.0,629.0,639.0,640.0,653.0,660.0,681.0,690.0,708.0,712.0,729.0,741.0,747.0,762.0,790.0,796.0,809.0,836.0,842.0,855.0,873.0,885.0,890.0,891.0,896.0,905.0,905.0,917.0,927.0,932.0,935.0,976.0,985.0,
29.0,30.0,36.0,72.0,80.0,85.0,87.0,116.0,160.0,175.0,254.0,317.0,317.0,346.0,373.0,379.0,387.0,400.0,416.0,458.0,459.0,462.0,489.0,517.0,517.0,519.0,520.0,527.0,527.0,532.0,536.0,538.0,543.0,544.0,563.0,564.0,566.0,567.0,577.0,583.0,584.0,585.0,588.0,593.0,604.0,606.0,627.0,627.0,629.0,633.0,650.0,661.0,664.0,688.0,693.0,706.0,718.0,729.0,731.0,737.0,773.0,774.0,798.0,801.0,837.0,857.0,875.0,886.0,896.0,899.0,979.0,989.0,
2.0,44.0,51.0,77.0,81.0,139.0,153.0,175.0,190.0,190.0,193.0,208.0,226.0,261.0,266.0,274.0,284.0,294.0,309.0,348.0,427.0,428.0,447.0,517.0,520.0,520.0,524.0,525.0,532.0,532.0,538.0,548.0,550.0,563.0,563.0,566.0,574.0,583.0,597.0,597.0,600.0,611.0,614.0,614.0,615.0,619.0,621.0,622.0,642.0,650.0,665.0,670.0,681.0,692.0,696.0,745.0,752.0,777.0,803.0,833.0,837.0,851.0,881.0,883.0,905.0,908.0,908.0,910.0,929.0,
4.0,21.0,73.0,96.0,107.0,119.0,142.0,157.0,175.0,188.0,204.0,217.0,225.0,253.0,308.0,366.0,374.0,413.0,440.0,497.0,514.0,515.0,518.0,527.0,533.0,535.0,541.0,547.0,551.0,561.0,564.0,572.0,589.0,597.0,607.0,617.0,617.0,625.0,637.0,666.0,668.0,681.0,681.0,690.0,695.0,722.0,749.0,765.0,828.0,842.0,879.0,880.0,889.0,898.0,907.0,922.0,937.0,960.0,983.0,
8.0,32.0,33.0,37.0,43.0,83.0,97.0,120.0,121.0,132.0,141.0,220.0,222.0,300.0,305.0,344.0,360.0,366.0,387.0,396.0,482.0,503.0,510.0,520.0,532.0,533.0,534.0,538.0,541.0,543.0,547.0,554.0,558.0,561.0,563.0,567.0,571.0,572.0,572.0,573.0,573.0,593.0,596.0,597.0,600.0,611.0,612.0,623.0,630.0,632.0,660.0,667.0,668.0,674.0,692.0,692.0,697.0,717.0,733.0,791.0,833.0,852.0,890.0,899.0,906.0,961.0,973.0,990.0,
12.0,14.0,36.0,51.0,75.0,77.0,106.0,114.0,126.0,185.0,187.0,194.0,235.0,262.0,273.0,308.0,343.0,439.0,480.0,487.0,490.0,498.0,519.0,521.0,526.0,539.0,542.0,548.0,549.0,550.0,555.0,563.0,579.0,584.0,589.0,596.0,612.0,618.0,630.0,640.0,641.0,642.0,657.0,660.0,660.0,672.0,674.0,690.0,690.0,703.0,714.0,718.0,727.0,727.0,736.0,739.0,740.0,763.0,765.0,781.0,824.0,828.0,830.0,833.0,833.0,841.0,862.0,873.0,876.0,893.0,893.0,904.0,913.0,914.0,922.0,923.0,927.0,953.0,989.0,995.0,
4.0,15.0,17.0,43.0,76.0,122.0,135.0,181.0,193.0,202.0,247.0,294.0,331.0,331.0,353.0,407.0,424.0,443.0,484.0,514.0,526.0,536.0,540.0,541.0,547.0,554.0,555.0,559.0,566.0,575.0,586.0,597.0,636.0,647.0,649.0,653.0,664.0,713.0,716.0,724.0,737.0,808.0,838.0,843.0,846.0,849.0,888.0,939.0,945.0,962.0,978.0,997.0,
74.0,104.0,173.0,184.0,219.0,232.0,300.0,302.0,344.0,429.0,440.0,447.0,483.0,509.0,524.0,543.0,579.0,615.0,644.0,701.0,706.0,776.0,817.0,852.0,920.0,926.0,938.0,968.0,
96.0,132.0,185.0,188.0,189.0,215.0,218.0,218.0,246.0,287.0,347.0,363.0,371.0,405.0,433.0,448.0,460.0,475.0,480.0,497.0,527.0,537.0,548.0,562.0,566.0,572.0,580.0,580.0,587.0,589.0,716.0,731.0,765.0,768.0,792.0,825.0,834.0,840.0,870.0,897.0,966.0,996.0,
13.0,27.0,53.0,72.0,88.0,97.0,120.0,138.0,153.0,235.0,291.0,298.0,380.0,384.0,417.0,437.0,481.0,502.0,522.0,533.0,542.0,546.0,579.0,587.0,594.0,650.0,651.0,710.0,713.0,730.0,771.0,777.0,806.0,860.0,950.0,982.0,988.0,
37.0,65.0,105.0,111.0,124.0,125.0,144.0,149.0,234.0,258.0,295.0,301.0,308.0,318.0,346.0,361.0,384.0,405.0,417.0,421.0,456.0,477.0,516.0,516.0,519.0,523.0,529.0,530.0,530.0,538.0,539.0,541.0,545.0,561.0,567.0,569.0,585.0,596.0,601.0,616.0,617.0,641.0,642.0,655.0,665.0,690.0,695.0,695.0,713.0,714.0,726.0,733.0,743.0,763.0,782.0,796.0,819.0,825.0,842.0,846.0,847.0,849.0,856.0,872.0,880.0,888.0,890.0,891.0,903.0,908.0,908.0,909.0,927.0,945.0,961.0,970.0,983.0,998.0,
10.0,12.0,13.0,30.0,81.0,98.0,100.0,118.0,132.0,162.0,167.0,220.0,220.0,294.0,336.0,340.0,369.0,369.0,380.0,439.0,442.0,486.0,498.0,506.0,531.0,531.0,533.0,541.0,542.0,542.0,555.0,562.0,582.0,590.0,598.0,604.0,613.0,620.0,625.0,626.0,627.0,628.0,628.0,635.0,635.0,650.0,658.0,683.0,711.0,722.0,740.0,749.0,764.0,803.0,805.0,836.0,864.0,881.0,885.0,893.0,902.0,907.0,909.0,921.0,921.0,923.0,936.0,957.0,958.0,975.0,976.0,979.0,996.0,1000.0,
16.0,30.0,35.0,66.0,94.0,143.0,188.0,206.0,215.0,240.0,243.0,256.0,275.0,289.0,326.0,345.0,427.0,502.0,505.0,519.0,519.0,523.0,524.0,532.0,533.0,537.0,537.0,538.0,544.0,544.0,546.0,551.0,553.0,560.0,563.0,564.0,564.0,572.0,576.0,578.0,599.0,600.0,604.0,609.0,619.0,621.0,625.0,640.0,655.0,670.0,685.0,700.0,701.0,734.0,743.0,754.0,760.0,762.0,779.0,795.0,824.0,853.0,857.0,871.0,875.0,884.0,886.0,890.0,890.0,912.0,917.0,924.0,937.0,956.0,957.0,
2.0,34.0,52.0,54.0,103.0,110.0,168.0,186.0,195.0,209.0,237.0,239.0,253.0,277.0,285.0,298.0,299.0,308.0,316.0,330.0,337.0,487.0,489.0,523.0,523.0,524.0,525.0,525.0,526.0,529.0,534.0,535.0,548.0,548.0,550.0,552.0,555.0,562.0,578.0,594.0,607.0,614.0,615.0,620.0,630.0,631.0,646.0,655.0,664.0,666.0,666.0,670.0,672.0,680.0,692.0,693.0,702.0,704.0,706.0,713.0,741.0,742.0,767.0,769.0,769.0,769.0,806.0,814.0,879.0,884.0,898.0,901.0,910.0,935.0,961.0,975.0,979.0,985.0,
5.0,12.0,15.0,21.0,46.0,71.0,126.0,178.0,204.0,233.0,286.0,315.0,342.0,409.0,442.0,502.0,503.0,507.0,513.0,516.0,531.0,532.0,536.0,538.0,540.0,546.0,546.0,550.0,565.0,572.0,585.0,590.0,592.0,597.0,598.0,598.0,600.0,601.0,604.0,615.0,635.0,637.0,640.0,652.0,671.0,678.0,681.0,687.0,696.0,722.0,728.0,734.0,757.0,779.0,791.0,818.0,826.0,843.0,847.0,856.0,870.0,877.0,884.0,895.0,900.0,925.0,930.0,938.0,941.0,957.0,
19.0,40.0,62.0,74.0,79.0,112.0,117.0,164.0,213.0,219.0,233.0,237.0,254.0,256.0,257.0,298.0,299.0,337.0,354.0,363.0,430.0,450.0,509.0,514.0,519.0,530.0,531.0,539.0,544.0,545.0,547.0,555.0,556.0,556.0,558.0,563.0,569.0,575.0,577.0,577.0,584.0,602.0,609.0,616.0,616.0,619.0,619.0,622.0,622.0,629.0,633.0,645.0,646.0,649.0,652.0,679.0,703.0,725.0,728.0,739.0,751.0,765.0,779.0,801.0,819.0,828.0,828.0,840.0,847.0,858.0,868.0,953.0,976.0,978.0,
8.0,26.0,72.0,73.0,107.0,142.0,361.0,473.0,490.0,518.0,528.0,531.0,534.0,548.0,553.0,561.0,562.0,565.0,566.0,570.0,588.0,592.0,599.0,621.0,621.0,623.0,624.0,628.0,634.0,654.0,666.0,689.0,710.0,711.0,713.0,739.0,760.0,772.0,772.0,784.0,812.0,816.0,825.0,834.0,835.0,838.0,845.0,854.0,860.0,875.0,877.0,878.0,879.0,882.0,901.0,901.0,922.0,926.0,930.0,931.0,933.0,954.0,960.0,972.0,980.0,982.0,
18.0,52.0,85.0,90.0,125.0,143.0,146.0,149.0,173.0,248.0,266.0,291.0,296.0,316.0,324.0,387.0,421.0,430.0,438.0,531.0,537.0,559.0,575.0,586.0,591.0,690.0,702.0,710.0,875.0,972.0,
41.0,145.0,240.0,262.0,266.0,300.0,418.0,434.0,489.0,496.0,522.0,654.0,686.0,704.0,738.0,791.0,793.0,816.0,919.0,
73.0,105.0,120.0,152.0,152.0,184.0,185.0,231.0,285.0,308.0,340.0,346.0,352.0,364.0,388.0,394.0,410.0,442.0,471.0,477.0,490.0,526.0,535.0,602.0,620.0,716.0,745.0,794.0,797.0,819.0,883.0,918.0,925.0,950.0,973.0,976.0,
5.0,16.0,19.0,51.0,59.0,162.0,189.0,198.0,203.0,228.0,247.0,280.0,318.0,382.0,384.0,394.0,399.0,431.0,437.0,467.0,469.0,480.0,515.0,529.0,536.0,537.0,537.0,539.0,541.0,555.0,562.0,571.0,573.0,575.0,577.0,584.0,584.0,593.0,596.0,609.0,613.0,614.0,619.0,619.0,630.0,641.0,645.0,649.0,652.0,654.0,666.0,669.0,678.0,770.0,802.0,815.0,827.0,831.0,842.0,848.0,852.0,855.0,871.0,885.0,898.0,968.0,969.0,975.0,991.0,993.0,
45.0,137.0,141.0,266.0,280.0,289.0,292.0,292.0,300.0,395.0,412.0,433.0,444.0,494.0,506.0,506.0,519.0,525.0,532.0,534.0,539.0,540.0,540.0,541.0,546.0,556.0,559.0,569.0,570.0,572.0,578.0,583.0,601.0,607.0,607.0,619.0,628.0,636.0,638.0,678.0,688.0,688.0,717.0,724.0,727.0,734.0,758.0,791.0,805.0,806.0,810.0,810.0,824.0,839.0,839.0,846.0,876.0,881.0,905.0,918.0,933.0,933.0,937.0,939.0,945.0,982.0,
28.0,50.0,76.0,125.0,137.0,144.0,166.0,188.0,195.0,241.0,275.0,280.0,288.0,289.0,313.0,343.0,384.0,388.0,400.0,454.0,468.0,525.0,525.0,526.0,535.0,538.0,540.0,546.0,565.0,568.0,571.0,574.0,577.0,591.0,596.0,615.0,622.0,624.0,631.0,636.0,677.0,686.0,686.0,688.0,693.0,704.0,719.0,733.0,739.0,791.0,792.0,799.0,800.0,810.0,831.0,841.0,841.0,849.0,858.0,861.0,861.0,867.0,877.0,885.0,
91.0,145.0,155.0,174.0,200.0,260.0,308.0,324.0,345.0,367.0,380.0,384.0,407.0,473.0,526.0,533.0,538.0,538.0,541.0,542.0,546.0,557.0,557.0,558.0,559.0,559.0,565.0,576.0,581.0,586.0,589.0,589.0,596.0,599.0,603.0,604.0,609.0,609.0,635.0,638.0,639.0,645.0,647.0,673.0,685.0,712.0,720.0,744.0,748.0,762.0,764.0,776.0,793.0,798.0,803.0,813.0,816.0,857.0,860.0,874.0,919.0,925.0,926.0,936.0,957.0,961.0,972.0,
99.0,114.0,133.0,145.0,165.0,180.0,232.0,244.0,286.0,301.0,340.0,349.0,384.0,398.0,403.0,534.0,538.0,541.0,552.0,563.0,566.0,568.0,572.0,575.0,577.0,577.0,578.0,586.0,592.0,607.0,609.0,617.0,620.0,623.0,648.0,673.0,679.0,696.0,738.0,752.0,757.0,781.0,787.0,797.0,805.0,806.0,808.0,808.0,821.0,836.0,841.0,850.0,943.0,961.0,970.0,974.0,
16.0,38.0,41.0,79.0,101.0,104.0,124.0,136.0,149.0,173.0,181.0,190.0,203.0,212.0,249.0,252.0,255.0,268.0,334.0,351.0,404.0,430.0,449.0,519.0,525.0,525.0,528.0,529.0,530.0,536.0,536.0,538.0,560.0,560.0,572.0,576.0,576.0,580.0,580.0,582.0,603.0,635.0,659.0,660.0,668.0,670.0,673.0,680.0,682.0,692.0,694.0,719.0,757.0,780.0,783.0,804.0,812.0,831.0,857.0,860.0,864.0,899.0,921.0,923.0,941.0,951.0,951.0,964.0,965.0,980.0,
7.0,9.0,50.0,144.0,157.0,178.0,182.0,195.0,211.0,211.0,222.0,261.0,284.0,324.0,329.0,503.0,509.0,523.0,529.0,532.0,536.0,550.0,558.0,563.0,564.0,576.0,581.0,599.0,600.0,605.0,605.0,605.0,619.0,635.0,637.0,642.0,648.0,651.0,663.0,678.0,679.0,683.0,690.0,701.0,708.0,710.0,719.0,754.0,774.0,778.0,796.0,803.0,825.0,838.0,840.0,859.0,872.0,887.0,888.0,906.0,911.0,915.0,927.0,936.0,951.0,952.0,952.0,960.0,962.0,965.0,977.0,978.0,996.0,
21.0,27.0,36.0,136.0,136.0,153.0,178.0,180.0,189.0,238.0,266.0,276.0,277.0,277.0,288.0,324.0,350.0,363.0,381.0,410.0,442.0,457.0,491.0,501.0,506.0,514.0,592.0,594.0,620.0,641.0,644.0,681.0,722.0,752.0,782.0,819.0,900.0,996.0,
5.0,18.0,67.0,131.0,143.0,198.0,203.0,264.0,335.0,354.0,366.0,368.0,438.0,473.0,584.0,644.0,681.0,696.0,806.0,817.0,856.0,869.0,908.0,977.0,
18.0,28.0,71.0,110.0,150.0,247.0,268.0,363.0,365.0,406.0,420.0,442.0,466.0,502.0,529.0,534.0,540.0,593.0,611.0,709.0,721.0,755.0,783.0,794.0,797.0,801.0,866.0,905.0,915.0,918.0,
42.0,59.0,137.0,162.0,163.0,177.0,188.0,202.0,240.0,266.0,309.0,346.0,359.0,410.0,413.0,425.0,430.0,472.0,510.0,524.0,526.0,531.0,538.0,538.0,539.0,540.0,541.0,541.0,553.0,568.0,577.0,579.0,583.0,587.0,603.0,633.0,635.0,636.0,643.0,644.0,644.0,652.0,654.0,658.0,681.0,690.0,691.0,708.0,712.0,720.0,751.0,775.0,786.0,791.0,803.0,810.0,832.0,837.0,861.0,886.0,895.0,896.0,905.0,913.0,923.0,926.0,926.0,946.0,952.0,966.0,993.0,
15.0,32.0,46.0,64.0,91.0,93.0,104.0,108.0,115.0,192.0,200.0,254.0,296.0,306.0,311.0,333.0,336.0,373.0,374.0,385.0,417.0,444.0,445.0,525.0,525.0,525.0,526.0,530.0,533.0,536.0,536.0,538.0,538.0,544.0,544.0,547.0,553.0,556.0,558.0,561.0,562.0,563.0,570.0,582.0,583.0,584.0,586.0,592.0,595.0,597.0,600.0,601.0,612.0,616.0,620.0,652.0,660.0,702.0,706.0,781.0,824.0,825.0,835.0,844.0,879.0,882.0,883.0,926.0,935.0,948.0,958.0,969.0,988.0,992.0,996.0,998.0,998.0,
12.0,68.0,107.0,142.0,197.0,207.0,230.0,274.0,347.0,368.0,409.0,414.0,459.0,517.0,518.0,532.0,541.0,552.0,556.0,556.0,557.0,559.0,559.0,562.0,564.0,571.0,581.0,588.0,593.0,593.0,611.0,618.0,619.0,633.0,654.0,663.0,677.0,721.0,741.0,761.0,796.0,798.0,811.0,828.0,836.0,837.0,850.0,853.0,875.0,875.0,879.0,973.0,976.0,984.0,989.0,
65.0,78.0,91.0,107.0,144.0,304.0,341.0,363.0,364.0,374.0,395.0,432.0,434.0,539.0,540.0,540.0,546.0,548.0,548.0,554.0,557.0,562.0,564.0,570.0,573.0,580.0,580.0,589.0,593.0,593.0,594.0,598.0,601.0,604.0,605.0,608.0,618.0,621.0,622.0,629.0,630.0,635.0,655.0,655.0,664.0,667.0,677.0,677.0,714.0,729.0,730.0,734.0,756.0,826.0,837.0,871.0,887.0,900.0,919.0,958.0,991.0,992.0,997.0,998.0,
8.0,19.0,54.0,88.0,146.0,173.0,332.0,336.0,348.0,415.0,447.0,449.0,464.0,481.0,514.0,521.0,523.0,525.0,526.0,542.0,542.0,544.0,556.0,556.0,559.0,561.0,562.0,563.0,566.0,580.0,587.0,589.0,589.0,604.0,629.0,647.0,657.0,689.0,691.0,695.0,721.0,737.0,751.0,774.0,796.0,814.0,878.0,883.0,889.0,904.0,908.0,909.0,911.0,943.0,945.0,964.0,
29.0,71.0,72.0,74.0,123.0,187.0,199.0,279.0,307.0,342.0,356.0,373.0,378.0,418.0,431.0,462.0,524.0,526.0,527.0,535.0,540.0,542.0,542.0,542.0,543.0,557.0,560.0,563.0,564.0,568.0,570.0,572.0,575.0,576.0,577.0,577.0,587.0,588.0,603.0,610.0,612.0,620.0,622.0,653.0,667.0,688.0,696.0,728.0,739.0,744.0,793.0,823.0,827.0,841.0,850.0,863.0,868.0,883.0,908.0,914.0,950.0,972.0,988.0,992.0,
24.0,61.0,70.0,79.0,115.0,132.0,165.0,195.0,235.0,249.0,290.0,324.0,362.0,379.0,386.0,389.0,398.0,400.0,409.0,430.0,450.0,507.0,513.0,525.0,527.0,538.0,547.0,570.0,585.0,589.0,601.0,613.0,628.0,628.0,632.0,651.0,658.0,676.0,676.0,708.0,710.0,711.0,714.0,715.0,732.0,739.0,758.0,776.0,777.0,790.0,793.0,839.0,845.0,876.0,897.0,912.0,913.0,916.0,920.0,948.0,959.0,965.0,966.0,
7.0,15.0,122.0,140.0,141.0,147.0,156.0,197.0,198.0,247.0,292.0,316.0,323.0,335.0,337.0,347.0,348.0,365.0,387.0,423.0,446.0,459.0,465.0,513.0,531.0,547.0,561.0,567.0,670.0,686.0,704.0,801.0,849.0,906.0,920.0,936.0,963.0,
20.0,56.0,91.0,102.0,146.0,240.0,248.0,283.0,294.0,311.0,321.0,368.0,405.0,435.0,443.0,448.0,450.0,459.0,465.0,499.0,511.0,514.0,532.0,561.0,588.0,624.0,691.0,729.0,737.0,775.0,853.0,865.0,919.0,932.0,962.0,984.0,
62.0,144.0,147.0,152.0,169.0,180.0,186.0,214.0,225.0,242.0,252.0,267.0,294.0,319.0,334.0,344.0,390.0,411.0,420.0,453.0,463.0,467.0,483.0,533.0,552.0,577.0,641.0,642.0,642.0,661.0,711.0,852.0,883.0,896.0,937.0,946.0,994.0,
45.0,118.0,139.0,144.0,153.0,207.0,226.0,252.0,255.0,277.0,328.0,343.0,344.0,366.0,410.0,490.0,523.0,527.0,533.0,535.0,558.0,565.0,571.0,601.0,601.0,618.0,623.0,627.0,631.0,638.0,641.0,668.0,679.0,699.0,702.0,704.0,718.0,746.0,772.0,823.0,824.0,836.0,871.0,903.0,904.0,908.0,934.0,938.0,948.0,989.0,999.0,
13.0,17.0,18.0,116.0,129.0,139.0,169.0,184.0,189.0,224.0,273.0,287.0,340.0,344.0,406.0,482.0,502.0,509.0,517.0,518.0,519.0,539.0,542.0,542.0,551.0,556.0,557.0,572.0,578.0,578.0,581.0,593.0,604.0,612.0,625.0,632.0,643.0,646.0,681.0,683.0,688.0,696.0,703.0,713.0,723.0,726.0,738.0,754.0,755.0,786.0,788.0,793.0,813.0,823.0,852.0,872.0,876.0,881.0,894.0,896.0,899.0,908.0,940.0,943.0,954.0,961.0,966.0,967.0,974.0,999.0,
8.0,146.0,154.0,163.0,206.0,224.0,383.0,434.0,447.0,447.0,449.0,481.0,485.0,504.0,513.0,522.0,525.0,532.0,533.0,535.0,536.0,538.0,541.0,543.0,550.0,553.0,558.0,563.0,563.0,564.0,576.0,578.0,588.0,588.0,613.0,623.0,638.0,638.0,652.0,652.0,653.0,667.0,675.0,678.0,685.0,699.0,710.0,713.0,722.0,733.0,745.0,745.0,781.0,815.0,820.0,834.0,839.0,851.0,857.0,874.0,890.0,930.0,930.0,937.0,939.0,975.0,976.0,984.0,989.0,994.0,
70.0,79.0,128.0,133.0,183.0,244.0,348.0,405.0,432.0,499.0,515.0,530.0,533.0,537.0,540.0,540.0,541.0,547.0,554.0,556.0,557.0,566.0,567.0,574.0,585.0,589.0,598.0,617.0,636.0,647.0,647.0,651.0,660.0,662.0,669.0,672.0,687.0,687.0,703.0,705.0,724.0,727.0,745.0,750.0,785.0,827.0,834.0,859.0,891.0,902.0,910.0,910.0,922.0,940.0,999.0,
36.0,78.0,113.0,135.0,152.0,182.0,196.0,197.0,209.0,228.0,250.0,278.0,331.0,362.0,385.0,420.0,462.0,464.0,499.0,513.0,523.0,523.0,527.0,528.0,528.0,551.0,553.0,554.0,555.0,556.0,559.0,560.0,563.0,572.0,573.0,574.0,589.0,606.0,614.0,618.0,626.0,643.0,651.0,659.0,663.0,672.0,674.0,680.0,687.0,692.0,697.0,703.0,705.0,714.0,726.0,730.0,772.0,793.0,814.0,828.0,850.0,852.0,881.0,882.0,891.0,897.0,907.0,921.0,924.0,943.0,961.0,966.0,
56.0,67.0,96.0,98.0,197.0,203.0,234.0,265.0,304.0,340.0,349.0,398.0,448.0,453.0,497.0,518.0,524.0,526.0,536.0,537.0,541.0,543.0,543.0,545.0,573.0,584.0,593.0,599.0,611.0,612.0,614.0,635.0,636.0,653.0,657.0,661.0,663.0,663.0,676.0,688.0,699.0,721.0,733.0,750.0,764.0,779.0,811.0,863.0,867.0,885.0,886.0,888.0,894.0,895.0,902.0,913.0,915.0,916.0,932.0,933.0,983.0,
5.0,60.0,91.0,108.0,116.0,163.0,183.0,206.0,210.0,217.0,248.0,253.0,282.0,380.0,405.0,413.0,418.0,444.0,459.0,527.0,534.0,537.0,545.0,549.0,556.0,558.0,558.0,563.0,564.0,566.0,587.0,588.0,608.0,609.0,627.0,635.0,636.0,637.0,659.0,701.0,733.0,742.0,753.0,754.0,779.0,782.0,786.0,816.0,818.0,842.0,868.0,874.0,904.0,909.0,941.0,948.0,948.0,971.0,
41.0,137.0,177.0,220.0,232.0,247.0,263.0,286.0,289.0,347.0,393.0,423.0,440.0,448.0,474.0,482.0,503.0,523.0,531.0,538.0,632.0,654.0,693.0,745.0,757.0,777.0,795.0,927.0,957.0,973.0,
3.0,10.0,13.0,82.0,92.0,113.0,159.0,178.0,224.0,227.0,243.0,244.0,250.0,258.0,329.0,409.0,429.0,461.0,533.0,548.0,565.0,609.0,641.0,653.0,662.0,672.0,685.0,737.0,747.0,762.0,780.0,881.0,910.0,922.0,950.0,981.0,
2.0,19.0,88.0,104.0,141.0,144.0,178.0,208.0,225.0,227.0,268.0,295.0,309.0,341.0,352.0,361.0,422.0,422.0,467.0,515.0,536.0,541.0,574.0,627.0,660.0,706.0,717.0,722.0,723.0,742.0,779.0,781.0,836.0,844.0,851.0,891.0,931.0,979.0,
59.0,80.0,96.0,132.0,142.0,147.0,149.0,152.0,218.0,225.0,232.0,279.0,357.0,365.0,453.0,455.0,465.0,499.0,514.0,514.0,534.0,578.0,594.0,599.0,612.0,628.0,644.0,711.0,761.0,908.0,948.0,
52.0,85.0,100.0,114.0,121.0,129.0,153.0,154.0,180.0,206.0,214.0,249.0,265.0,275.0,278.0,314.0,332.0,341.0,367.0,382.0,434.0,448.0,464.0,495.0,508.0,520.0,532.0,533.0,533.0,556.0,558.0,565.0,574.0,584.0,592.0,600.0,636.0,648.0,654.0,672.0,699.0,700.0,714.0,717.0,739.0,742.0,779.0,812.0,821.0,826.0,830.0,846.0,865.0,917.0,956.0,965.0,984.0,986.0,
25.0,31.0,52.0,62.0,104.0,144.0,152.0,175.0,206.0,225.0,230.0,245.0,255.0,263.0,311.0,323.0,405.0,426.0,467.0,520.0,525.0,531.0,543.0,544.0,545.0,547.0,551.0,559.0,566.0,576.0,578.0,583.0,587.0,590.0,590.0,590.0,596.0,616.0,627.0,645.0,653.0,654.0,666.0,678.0,697.0,700.0,701.0,709.0,720.0,730.0,748.0,758.0,767.0,781.0,785.0,800.0,802.0,830.0,869.0,884.0,897.0,927.0,931.0,934.0,938.0,941.0,948.0,948.0,951.0,953.0,964.0,971.0,982.0,986.0,
12.0,20.0,37.0,95.0,106.0,124.0,190.0,203.0,232.0,248.0,270.0,328.0,330.0,368.0,503.0,521.0,522.0,559.0,560.0,562.0,564.0,576.0,582.0,595.0,596.0,599.0,600.0,607.0,611.0,619.0,633.0,634.0,645.0,672.0,680.0,703.0,716.0,716.0,754.0,763.0,765.0,768.0,772.0,773.0,781.0,793.0,803.0,812.0,823.0,825.0,834.0,836.0,842.0,853.0,856.0,864.0,899.0,911.0,923.0,931.0,970.0,978.0,
47.0,64.0,87.0,89.0,116.0,154.0,158.0,163.0,174.0,178.0,190.0,199.0,202.0,215.0,244.0,248.0,265.0,270.0,304.0,311.0,321.0,354.0,355.0,412.0,431.0,467.0,526.0,531.0,536.0,541.0,546.0,553.0,555.0,562.0,563.0,563.0,567.0,572.0,577.0,579.0,586.0,591.0,596.0,598.0,599.0,600.0,607.0,608.0,608.0,620.0,623.0,634.0,637.0,652.0,655.0,658.0,666.0,708.0,734.0,736.0,737.0,747.0,748.0,758.0,761.0,767.0,777.0,783.0,801.0,803.0,806.0,811.0,817.0,833.0,850.0,860.0,861.0,868.0,936.0,944.0,950.0,952.0,988.0,996.0,
34.0,68.0,74.0,130.0,179.0,188.0,218.0,236.0,302.0,307.0,348.0,360.0,363.0,410.0,431.0,480.0,482.0,503.0,519.0,521.0,529.0,541.0,548.0,557.0,562.0,563.0,579.0,601.0,609.0,638.0,643.0,662.0,688.0,713.0,716.0,747.0,787.0,822.0,832.0,839.0,876.0,879.0,887.0,892.0,892.0,909.0,911.0,928.0,967.0,980.0,
30.0,103.0,200.0,211.0,280.0,305.0,325.0,341.0,361.0,417.0,478.0,487.0,514.0,573.0,710.0,739.0,796.0,863.0,871.0,885.0,902.0,935.0,955.0,979.0,
14.0,58.0,61.0,69.0,88.0,110.0,112.0,164.0,175.0,206.0,209.0,285.0,319.0,325.0,342.0,361.0,365.0,376.0,451.0,469.0,494.0,496.0,627.0,649.0,674.0,709.0,753.0,760.0,765.0,767.0,788.0,795.0,808.0,889.0,900.0,993.0,
59.0,105.0,126.0,127.0,137.0,146.0,193.0,199.0,202.0,239.0,278.0,306.0,379.0,402.0,484.0,494.0,605.0,614.0,639.0,686.0,690.0,701.0,726.0,736.0,752.0,799.0,872.0,878.0,908.0,914.0,976.0,983.0,
54.0,54.0,107.0,155.0,244.0,249.0,250.0,251.0,271.0,313.0,322.0,336.0,364.0,365.0,385.0,391.0,414.0,540.0,554.0,557.0,598.0,600.0,612.0,628.0,630.0,663.0,693.0,702.0,704.0,727.0,754.0,764.0,809.0,845.0,893.0,895.0,902.0,915.0,937.0,967.0,993.0,994.0,
64.0,88.0,134.0,137.0,178.0,198.0,200.0,255.0,290.0,385.0,438.0,496.0,497.0,511.0,522.0,533.0,538.0,598.0,604.0,659.0,829.0,831.0,857.0,890.0,906.0,965.0,996.0,
11.0,20.0,38.0,65.0,69.0,90.0,169.0,177.0,180.0,193.0,209.0,218.0,222.0,254.0,254.0,275.0,290.0,301.0,304.0,347.0,354.0,417.0,528.0,530.0,554.0,565.0,606.0,643.0,699.0,716.0,832.0,934.0,981.0,
4.0,4.0,47.0,52.0,91.0,113.0,177.0,185.0,189.0,282.0,304.0,316.0,320.0,334.0,351.0,358.0,373.0,390.0,451.0,452.0,475.0,481.0,506.0,515.0,526.0,535.0,545.0,545.0,567.0,583.0,596.0,620.0,631.0,668.0,681.0,683.0,689.0,700.0,734.0,780.0,834.0,925.0,932.0,951.0,955.0,
63.0,81.0,82.0,103.0,136.0,192.0,207.0,233.0,242.0,267.0,291.0,394.0,397.0,412.0,430.0,463.0,475.0,491.0,493.0,523.0,529.0,534.0,535.0,553.0,617.0,638.0,679.0,713.0,732.0,734.0,735.0,764.0,791.0,821.0,839.0,855.0,894.0,937.0,967.0,
47.0,74.0,92.0,112.0,133.0,145.0,163.0,189.0,268.0,389.0,455.0,512.0,532.0,553.0,580.0,588.0,599.0,639.0,673.0,737.0,779.0,786.0,833.0,914.0,915.0,950.0,
105.0,128.0,131.0,171.0,220.0,234.0,248.0,263.0,265.0,301.0,322.0,330.0,333.0,338.0,341.0,352.0,373.0,417.0,421.0,433.0,450.0,543.0,561.0,646.0,653.0,764.0,795.0,799.0,847.0,855.0,902.0,935.0,938.0,998.0,
40.0,61.0,106.0,168.0,170.0,203.0,239.0,290.0,348.0,361.0,383.0,405.0,432.0,515.0,519.0,532.0,572.0,586.0,609.0,626.0,628.0,632.0,655.0,669.0,731.0,742.0,746.0,747.0,795.0,803.0,815.0,916.0,951.0,997.0,
22.0,35.0,40.0,45.0,114.0,157.0,206.0,208.0,218.0,247.0,258.0,272.0,306.0,363.0,380.0,400.0,412.0,433.0,436.0,446.0,449.0,462.0,535.0,569.0,631.0,643.0,674.0,701.0,722.0,790.0,828.0,861.0,869.0,885.0,895.0,930.0,945.0,
