4.0,12.0,38.0,135.0,141.0,151.0,156.0,200.0,233.0,236.0,255.0,259.0,281.0,282.0,287.0,341.0,360.0,373.0,429.0,444.0,498.0,525.0,528.0,575.0,625.0,633.0,639.0,640.0,642.0,657.0,685.0,693.0,727.0,733.0,747.0,774.0,784.0,786.0,800.0,801.0,804.0,827.0,827.0,847.0,860.0,866.0,875.0,877.0,879.0,
7.0,16.0,123.0,126.0,178.0,198.0,218.0,237.0,263.0,293.0,317.0,348.0,365.0,472.0,503.0,509.0,562.0,619.0,630.0,644.0,687.0,689.0,721.0,726.0,833.0,852.0,862.0,875.0,877.0,892.0,937.0,984.0,985.0,988.0,998.0,
10.0,15.0,27.0,42.0,43.0,45.0,47.0,52.0,52.0,54.0,113.0,126.0,177.0,185.0,195.0,208.0,235.0,275.0,385.0,420.0,435.0,461.0,474.0,475.0,491.0,495.0,554.0,606.0,654.0,690.0,728.0,762.0,829.0,871.0,956.0,959.0,979.0,
25.0,29.0,34.0,57.0,62.0,76.0,104.0,115.0,178.0,208.0,218.0,301.0,305.0,311.0,313.0,338.0,368.0,400.0,428.0,429.0,437.0,451.0,466.0,488.0,498.0,501.0,529.0,531.0,566.0,598.0,645.0,663.0,668.0,671.0,680.0,702.0,729.0,730.0,775.0,864.0,872.0,907.0,912.0,928.0,942.0,985.0,990.0,
77.0,81.0,94.0,95.0,194.0,358.0,359.0,361.0,396.0,419.0,463.0,545.0,569.0,587.0,588.0,617.0,623.0,629.0,636.0,649.0,686.0,702.0,711.0,719.0,765.0,783.0,791.0,819.0,824.0,880.0,886.0,
58.0,66.0,88.0,95.0,110.0,116.0,180.0,212.0,238.0,250.0,253.0,267.0,332.0,340.0,357.0,363.0,368.0,370.0,371.0,426.0,440.0,468.0,477.0,493.0,532.0,534.0,538.0,614.0,630.0,705.0,709.0,728.0,754.0,814.0,814.0,856.0,922.0,933.0,941.0,963.0,973.0,991.0,1000.0,
25.0,107.0,156.0,197.0,203.0,255.0,282.0,327.0,353.0,358.0,400.0,417.0,419.0,492.0,518.0,547.0,551.0,576.0,681.0,692.0,712.0,716.0,729.0,733.0,738.0,739.0,763.0,764.0,765.0,769.0,770.0,771.0,781.0,847.0,899.0,920.0,960.0,967.0,975.0,996.0,
12.0,27.0,115.0,131.0,140.0,149.0,169.0,191.0,191.0,214.0,227.0,231.0,285.0,288.0,310.0,320.0,455.0,484.0,495.0,498.0,595.0,599.0,683.0,707.0,741.0,794.0,826.0,836.0,837.0,841.0,843.0,979.0,
21.0,38.0,75.0,111.0,175.0,179.0,223.0,247.0,259.0,268.0,297.0,307.0,319.0,335.0,337.0,357.0,439.0,443.0,453.0,467.0,516.0,518.0,533.0,539.0,543.0,674.0,682.0,718.0,745.0,749.0,789.0,805.0,832.0,861.0,870.0,873.0,888.0,911.0,931.0,937.0,937.0,959.0,964.0,968.0,979.0,
55.0,150.0,173.0,201.0,216.0,235.0,251.0,266.0,294.0,352.0,375.0,398.0,427.0,456.0,462.0,479.0,482.0,553.0,557.0,582.0,584.0,701.0,792.0,793.0,865.0,907.0,909.0,966.0,
46.0,70.0,111.0,151.0,178.0,231.0,236.0,265.0,322.0,330.0,334.0,345.0,428.0,438.0,443.0,461.0,466.0,482.0,503.0,534.0,588.0,608.0,659.0,660.0,670.0,671.0,704.0,713.0,728.0,776.0,777.0,778.0,790.0,798.0,802.0,806.0,862.0,925.0,957.0,961.0,975.0,984.0,
118.0,120.0,184.0,199.0,204.0,239.0,252.0,392.0,443.0,577.0,636.0,679.0,703.0,707.0,708.0,710.0,711.0,757.0,810.0,812.0,818.0,846.0,851.0,858.0,868.0,895.0,952.0,959.0,995.0,
95.0,101.0,104.0,105.0,108.0,128.0,151.0,200.0,220.0,311.0,341.0,383.0,408.0,437.0,481.0,506.0,545.0,558.0,575.0,636.0,639.0,641.0,673.0,729.0,730.0,740.0,804.0,817.0,820.0,864.0,869.0,876.0,885.0,934.0,938.0,951.0,955.0,960.0,987.0,
16.0,63.0,105.0,146.0,206.0,213.0,236.0,259.0,291.0,334.0,339.0,354.0,355.0,378.0,383.0,404.0,460.0,490.0,497.0,518.0,533.0,546.0,566.0,575.0,582.0,582.0,635.0,635.0,649.0,651.0,655.0,691.0,728.0,736.0,749.0,752.0,758.0,769.0,796.0,853.0,860.0,892.0,894.0,914.0,921.0,940.0,979.0,985.0,994.0,994.0,
13.0,17.0,72.0,95.0,105.0,106.0,161.0,171.0,207.0,221.0,224.0,234.0,259.0,270.0,294.0,354.0,392.0,396.0,619.0,664.0,671.0,693.0,736.0,788.0,814.0,887.0,889.0,911.0,927.0,941.0,952.0,984.0,996.0,
18.0,45.0,107.0,139.0,164.0,196.0,207.0,207.0,227.0,233.0,237.0,251.0,269.0,348.0,410.0,417.0,442.0,453.0,475.0,482.0,498.0,715.0,727.0,748.0,789.0,871.0,908.0,965.0,975.0,988.0,996.0,
42.0,83.0,101.0,122.0,129.0,129.0,158.0,161.0,181.0,187.0,191.0,199.0,230.0,232.0,234.0,277.0,279.0,323.0,353.0,380.0,390.0,431.0,618.0,636.0,641.0,676.0,735.0,736.0,751.0,774.0,799.0,831.0,851.0,860.0,871.0,874.0,883.0,893.0,900.0,910.0,941.0,954.0,963.0,963.0,968.0,1000.0,
5.0,23.0,28.0,177.0,183.0,190.0,197.0,231.0,255.0,288.0,294.0,308.0,388.0,405.0,456.0,469.0,479.0,611.0,614.0,628.0,631.0,640.0,654.0,686.0,703.0,712.0,717.0,719.0,720.0,726.0,764.0,771.0,813.0,845.0,857.0,863.0,896.0,920.0,960.0,998.0,
16.0,69.0,77.0,101.0,115.0,127.0,146.0,212.0,226.0,262.0,282.0,293.0,294.0,348.0,469.0,507.0,513.0,518.0,526.0,557.0,565.0,606.0,626.0,629.0,637.0,652.0,774.0,812.0,818.0,824.0,849.0,864.0,872.0,900.0,914.0,925.0,964.0,993.0,995.0,
23.0,40.0,43.0,71.0,105.0,112.0,112.0,126.0,129.0,138.0,162.0,167.0,181.0,188.0,189.0,198.0,277.0,311.0,333.0,397.0,416.0,457.0,470.0,472.0,512.0,555.0,563.0,634.0,646.0,671.0,676.0,715.0,729.0,769.0,770.0,864.0,925.0,927.0,961.0,978.0,985.0,992.0,992.0,
18.0,42.0,44.0,81.0,105.0,121.0,150.0,193.0,227.0,266.0,269.0,287.0,320.0,326.0,337.0,372.0,394.0,421.0,431.0,437.0,479.0,482.0,541.0,553.0,593.0,604.0,615.0,650.0,667.0,674.0,681.0,689.0,689.0,700.0,750.0,751.0,806.0,819.0,829.0,844.0,876.0,944.0,970.0,980.0,995.0,997.0,1000.0,
5.0,10.0,45.0,49.0,69.0,102.0,119.0,189.0,209.0,214.0,230.0,231.0,271.0,275.0,282.0,364.0,364.0,402.0,416.0,424.0,430.0,454.0,515.0,518.0,540.0,619.0,668.0,711.0,729.0,752.0,767.0,777.0,832.0,854.0,855.0,881.0,888.0,889.0,974.0,978.0,997.0,
35.0,87.0,92.0,117.0,134.0,141.0,160.0,172.0,190.0,213.0,250.0,297.0,388.0,435.0,628.0,631.0,668.0,727.0,732.0,804.0,809.0,811.0,812.0,852.0,853.0,871.0,911.0,927.0,940.0,965.0,995.0,
5.0,13.0,34.0,149.0,153.0,174.0,185.0,247.0,291.0,321.0,323.0,369.0,370.0,373.0,410.0,483.0,493.0,509.0,841.0,894.0,
27.0,58.0,94.0,179.0,213.0,262.0,277.0,294.0,360.0,432.0,434.0,470.0,493.0,
47.0,67.0,75.0,101.0,187.0,240.0,254.0,258.0,322.0,397.0,439.0,499.0,
26.0,40.0,158.0,163.0,169.0,196.0,198.0,199.0,215.0,226.0,230.0,232.0,235.0,261.0,287.0,303.0,335.0,340.0,342.0,348.0,366.0,412.0,425.0,433.0,441.0,
19.0,44.0,65.0,89.0,163.0,211.0,263.0,277.0,316.0,320.0,350.0,351.0,353.0,416.0,420.0,454.0,473.0,480.0,499.0,780.0,846.0,923.0,
9.0,15.0,38.0,53.0,66.0,99.0,130.0,152.0,154.0,161.0,249.0,267.0,307.0,323.0,330.0,343.0,419.0,443.0,460.0,462.0,471.0,588.0,627.0,643.0,663.0,674.0,674.0,702.0,736.0,741.0,742.0,744.0,748.0,758.0,761.0,769.0,771.0,784.0,810.0,861.0,883.0,904.0,923.0,958.0,968.0,971.0,992.0,994.0,996.0,
97.0,103.0,117.0,119.0,190.0,212.0,243.0,251.0,277.0,306.0,307.0,316.0,318.0,332.0,336.0,362.0,376.0,412.0,443.0,472.0,507.0,515.0,521.0,524.0,597.0,629.0,657.0,671.0,673.0,674.0,701.0,705.0,721.0,733.0,758.0,765.0,778.0,811.0,821.0,827.0,830.0,882.0,889.0,928.0,951.0,967.0,983.0,
7.0,46.0,53.0,57.0,77.0,112.0,122.0,171.0,171.0,195.0,233.0,246.0,274.0,342.0,350.0,386.0,396.0,397.0,490.0,511.0,518.0,526.0,545.0,547.0,550.0,554.0,661.0,675.0,706.0,710.0,722.0,798.0,809.0,830.0,856.0,859.0,866.0,874.0,878.0,891.0,895.0,899.0,910.0,919.0,920.0,
2.0,20.0,34.0,37.0,58.0,112.0,126.0,177.0,220.0,312.0,316.0,334.0,367.0,401.0,406.0,426.0,434.0,445.0,447.0,497.0,529.0,548.0,573.0,589.0,604.0,673.0,707.0,713.0,728.0,773.0,779.0,797.0,832.0,844.0,848.0,849.0,857.0,880.0,901.0,902.0,912.0,939.0,944.0,992.0,
20.0,58.0,91.0,119.0,134.0,136.0,155.0,171.0,194.0,196.0,218.0,227.0,246.0,259.0,329.0,346.0,359.0,362.0,405.0,440.0,457.0,463.0,466.0,474.0,
2.0,23.0,30.0,44.0,50.0,71.0,129.0,143.0,185.0,203.0,206.0,214.0,222.0,228.0,246.0,274.0,319.0,320.0,325.0,354.0,
50.0,64.0,108.0,148.0,165.0,193.0,196.0,203.0,228.0,230.0,233.0,249.0,286.0,289.0,312.0,315.0,356.0,375.0,380.0,405.0,410.0,437.0,450.0,459.0,483.0,508.0,791.0,834.0,903.0,936.0,962.0,
6.0,34.0,86.0,94.0,102.0,126.0,155.0,199.0,213.0,240.0,262.0,266.0,285.0,333.0,348.0,357.0,382.0,386.0,425.0,434.0,477.0,821.0,842.0,843.0,908.0,997.0,
17.0,20.0,144.0,160.0,173.0,176.0,255.0,270.0,291.0,296.0,337.0,374.0,378.0,441.0,473.0,755.0,765.0,794.0,959.0,
35.0,52.0,144.0,200.0,335.0,347.0,384.0,405.0,446.0,464.0,487.0,862.0,
13.0,73.0,91.0,116.0,117.0,238.0,239.0,271.0,307.0,350.0,388.0,440.0,447.0,461.0,888.0,935.0,
144.0,180.0,275.0,315.0,348.0,421.0,472.0,488.0,508.0,539.0,566.0,567.0,569.0,600.0,613.0,623.0,659.0,676.0,679.0,681.0,723.0,740.0,796.0,818.0,834.0,850.0,856.0,885.0,961.0,969.0,974.0,983.0,1000.0,
12.0,32.0,40.0,83.0,108.0,117.0,134.0,141.0,161.0,169.0,176.0,236.0,253.0,253.0,272.0,309.0,360.0,376.0,387.0,402.0,444.0,457.0,491.0,538.0,554.0,589.0,608.0,655.0,657.0,660.0,694.0,705.0,740.0,799.0,853.0,876.0,892.0,900.0,962.0,970.0,973.0,976.0,
15.0,76.0,86.0,113.0,116.0,119.0,129.0,133.0,179.0,201.0,220.0,228.0,254.0,293.0,334.0,479.0,492.0,511.0,515.0,656.0,705.0,720.0,761.0,773.0,779.0,804.0,820.0,837.0,844.0,850.0,910.0,920.0,941.0,956.0,
18.0,56.0,90.0,91.0,136.0,143.0,190.0,199.0,265.0,294.0,337.0,344.0,347.0,357.0,360.0,392.0,410.0,477.0,507.0,
29.0,57.0,73.0,73.0,82.0,115.0,128.0,153.0,158.0,230.0,231.0,258.0,287.0,357.0,378.0,421.0,463.0,469.0,491.0,492.0,814.0,858.0,879.0,909.0,991.0,
16.0,38.0,43.0,84.0,104.0,107.0,122.0,132.0,158.0,170.0,221.0,281.0,317.0,326.0,399.0,400.0,422.0,452.0,456.0,865.0,988.0,
3.0,44.0,60.0,107.0,134.0,136.0,140.0,147.0,193.0,199.0,241.0,273.0,298.0,326.0,336.0,415.0,436.0,443.0,457.0,482.0,771.0,897.0,929.0,
31.0,126.0,126.0,144.0,203.0,220.0,232.0,242.0,262.0,321.0,324.0,332.0,332.0,341.0,341.0,345.0,379.0,386.0,390.0,398.0,414.0,433.0,438.0,505.0,821.0,965.0,
2.0,54.0,98.0,169.0,271.0,281.0,370.0,864.0,
23.0,23.0,25.0,66.0,75.0,99.0,199.0,202.0,240.0,266.0,271.0,294.0,327.0,495.0,500.0,
12.0,14.0,43.0,43.0,66.0,74.0,78.0,91.0,113.0,121.0,152.0,195.0,203.0,209.0,210.0,218.0,254.0,296.0,301.0,319.0,325.0,326.0,349.0,351.0,395.0,417.0,434.0,434.0,482.0,483.0,499.0,637.0,643.0,656.0,805.0,809.0,892.0,900.0,925.0,948.0,987.0,
50.0,65.0,80.0,191.0,207.0,286.0,299.0,319.0,399.0,442.0,467.0,546.0,568.0,632.0,639.0,653.0,655.0,673.0,683.0,693.0,698.0,703.0,704.0,713.0,718.0,751.0,773.0,781.0,785.0,797.0,797.0,895.0,917.0,925.0,930.0,944.0,949.0,990.0,
19.0,30.0,114.0,209.0,223.0,226.0,281.0,286.0,293.0,311.0,323.0,332.0,333.0,334.0,355.0,365.0,382.0,408.0,424.0,458.0,480.0,483.0,505.0,609.0,663.0,667.0,729.0,732.0,795.0,831.0,879.0,884.0,902.0,913.0,929.0,945.0,946.0,976.0,980.0,984.0,
4.0,28.0,63.0,108.0,110.0,123.0,132.0,158.0,168.0,170.0,187.0,196.0,225.0,252.0,272.0,325.0,391.0,408.0,430.0,442.0,450.0,465.0,489.0,504.0,
3.0,7.0,115.0,150.0,158.0,198.0,217.0,226.0,288.0,292.0,472.0,989.0,
27.0,34.0,72.0,102.0,118.0,148.0,156.0,160.0,176.0,238.0,257.0,268.0,285.0,349.0,408.0,419.0,481.0,803.0,819.0,863.0,
7.0,43.0,60.0,82.0,93.0,105.0,120.0,160.0,209.0,240.0,281.0,311.0,331.0,333.0,333.0,362.0,368.0,373.0,412.0,420.0,421.0,426.0,439.0,454.0,483.0,484.0,501.0,724.0,865.0,905.0,915.0,925.0,
18.0,33.0,80.0,105.0,105.0,129.0,168.0,218.0,246.0,331.0,331.0,360.0,429.0,473.0,490.0,495.0,761.0,858.0,948.0,955.0,972.0,981.0,
37.0,39.0,44.0,45.0,74.0,120.0,147.0,154.0,223.0,226.0,270.0,285.0,296.0,326.0,353.0,356.0,426.0,455.0,471.0,485.0,775.0,838.0,871.0,903.0,
62.0,166.0,199.0,225.0,262.0,281.0,346.0,349.0,370.0,379.0,408.0,408.0,419.0,439.0,449.0,461.0,465.0,476.0,
2.0,3.0,4.0,81.0,102.0,128.0,205.0,210.0,271.0,281.0,284.0,292.0,310.0,312.0,339.0,355.0,390.0,395.0,412.0,414.0,490.0,491.0,777.0,784.0,796.0,861.0,911.0,929.0,959.0,987.0,988.0,
23.0,78.0,87.0,91.0,119.0,155.0,162.0,169.0,188.0,202.0,204.0,227.0,234.0,241.0,289.0,297.0,328.0,378.0,420.0,549.0,560.0,592.0,618.0,646.0,668.0,684.0,694.0,751.0,774.0,787.0,867.0,872.0,889.0,912.0,919.0,934.0,952.0,960.0,
20.0,36.0,85.0,96.0,126.0,161.0,167.0,178.0,192.0,239.0,292.0,313.0,400.0,428.0,432.0,462.0,510.0,621.0,698.0,769.0,795.0,817.0,854.0,890.0,900.0,947.0,
3.0,21.0,59.0,63.0,99.0,110.0,132.0,180.0,221.0,236.0,256.0,265.0,274.0,316.0,326.0,337.0,345.0,351.0,452.0,482.0,
25.0,33.0,62.0,114.0,115.0,150.0,179.0,188.0,195.0,206.0,214.0,216.0,223.0,280.0,342.0,344.0,347.0,480.0,490.0,494.0,501.0,507.0,740.0,885.0,
9.0,25.0,42.0,48.0,67.0,173.0,191.0,216.0,252.0,300.0,336.0,339.0,343.0,382.0,471.0,488.0,503.0,778.0,855.0,860.0,912.0,932.0,987.0,
70.0,110.0,129.0,130.0,156.0,188.0,209.0,228.0,247.0,253.0,286.0,343.0,365.0,365.0,381.0,397.0,400.0,405.0,407.0,411.0,456.0,486.0,921.0,961.0,967.0,
27.0,55.0,57.0,111.0,173.0,254.0,256.0,309.0,311.0,318.0,374.0,427.0,427.0,440.0,454.0,486.0,906.0,923.0,935.0,
8.0,41.0,101.0,107.0,138.0,154.0,168.0,198.0,211.0,319.0,323.0,338.0,342.0,370.0,388.0,401.0,447.0,481.0,484.0,501.0,
34.0,167.0,179.0,199.0,219.0,220.0,230.0,231.0,265.0,291.0,311.0,338.0,364.0,410.0,438.0,462.0,465.0,472.0,489.0,495.0,
4.0,19.0,47.0,58.0,68.0,94.0,119.0,119.0,128.0,134.0,142.0,155.0,158.0,182.0,182.0,223.0,260.0,275.0,281.0,281.0,321.0,359.0,368.0,405.0,411.0,449.0,478.0,501.0,521.0,647.0,681.0,681.0,682.0,752.0,753.0,764.0,796.0,820.0,870.0,887.0,954.0,973.0,973.0,
24.0,52.0,61.0,97.0,100.0,133.0,169.0,173.0,177.0,287.0,309.0,367.0,459.0,475.0,475.0,503.0,516.0,552.0,568.0,569.0,594.0,607.0,638.0,652.0,830.0,852.0,869.0,885.0,922.0,961.0,978.0,993.0,997.0,
29.0,68.0,137.0,191.0,192.0,205.0,234.0,293.0,311.0,372.0,380.0,384.0,412.0,444.0,446.0,468.0,469.0,470.0,499.0,533.0,545.0,585.0,595.0,607.0,643.0,644.0,655.0,690.0,720.0,735.0,746.0,780.0,806.0,833.0,837.0,856.0,881.0,887.0,889.0,915.0,918.0,931.0,933.0,948.0,960.0,965.0,986.0,
45.0,59.0,76.0,96.0,113.0,162.0,167.0,190.0,249.0,261.0,287.0,288.0,332.0,338.0,349.0,379.0,393.0,411.0,419.0,426.0,446.0,465.0,873.0,878.0,895.0,
69.0,71.0,97.0,101.0,117.0,130.0,172.0,175.0,225.0,265.0,335.0,495.0,495.0,
80.0,107.0,123.0,140.0,171.0,186.0,187.0,210.0,226.0,253.0,277.0,296.0,343.0,369.0,376.0,380.0,389.0,437.0,441.0,444.0,446.0,460.0,465.0,942.0,957.0,
58.0,76.0,90.0,148.0,226.0,289.0,290.0,371.0,402.0,406.0,410.0,429.0,440.0,442.0,449.0,477.0,478.0,495.0,495.0,924.0,
112.0,121.0,152.0,194.0,247.0,268.0,292.0,326.0,330.0,342.0,352.0,358.0,433.0,488.0,
4.0,25.0,32.0,79.0,161.0,231.0,302.0,305.0,306.0,354.0,402.0,415.0,422.0,432.0,
52.0,60.0,71.0,141.0,145.0,164.0,177.0,190.0,203.0,208.0,228.0,251.0,287.0,320.0,329.0,332.0,360.0,377.0,404.0,430.0,475.0,476.0,492.0,505.0,510.0,
32.0,33.0,62.0,151.0,173.0,258.0,288.0,295.0,350.0,379.0,380.0,446.0,463.0,465.0,488.0,489.0,499.0,502.0,534.0,587.0,631.0,639.0,656.0,666.0,687.0,709.0,733.0,776.0,862.0,874.0,875.0,919.0,919.0,949.0,953.0,969.0,977.0,
53.0,55.0,62.0,84.0,94.0,124.0,164.0,177.0,181.0,200.0,262.0,269.0,293.0,295.0,329.0,335.0,404.0,406.0,523.0,550.0,552.0,594.0,612.0,615.0,631.0,765.0,819.0,842.0,880.0,895.0,897.0,906.0,929.0,949.0,967.0,
29.0,94.0,123.0,138.0,168.0,183.0,231.0,232.0,236.0,237.0,244.0,280.0,362.0,450.0,460.0,485.0,491.0,493.0,494.0,495.0,521.0,543.0,551.0,658.0,686.0,697.0,717.0,719.0,734.0,782.0,828.0,863.0,896.0,955.0,
52.0,62.0,68.0,103.0,118.0,149.0,195.0,229.0,239.0,252.0,286.0,295.0,314.0,315.0,352.0,366.0,384.0,384.0,440.0,498.0,573.0,602.0,607.0,658.0,668.0,684.0,722.0,741.0,765.0,796.0,801.0,858.0,863.0,874.0,877.0,951.0,991.0,
68.0,89.0,111.0,113.0,145.0,150.0,179.0,183.0,287.0,309.0,357.0,361.0,363.0,366.0,387.0,439.0,788.0,853.0,876.0,995.0,
33.0,52.0,67.0,109.0,154.0,188.0,245.0,262.0,314.0,318.0,342.0,362.0,455.0,461.0,497.0,
9.0,49.0,67.0,78.0,88.0,108.0,160.0,180.0,209.0,245.0,245.0,274.0,298.0,331.0,411.0,426.0,
10.0,30.0,54.0,70.0,105.0,118.0,128.0,129.0,133.0,163.0,231.0,279.0,300.0,300.0,303.0,321.0,341.0,347.0,365.0,398.0,423.0,459.0,460.0,467.0,493.0,
22.0,53.0,54.0,56.0,67.0,94.0,147.0,150.0,160.0,182.0,201.0,202.0,229.0,241.0,288.0,296.0,346.0,378.0,390.0,398.0,401.0,401.0,449.0,449.0,471.0,471.0,492.0,493.0,830.0,
72.0,111.0,137.0,146.0,167.0,221.0,236.0,273.0,282.0,300.0,372.0,375.0,380.0,382.0,398.0,442.0,460.0,463.0,463.0,472.0,492.0,501.0,599.0,616.0,618.0,631.0,652.0,653.0,663.0,696.0,741.0,759.0,780.0,810.0,815.0,884.0,908.0,909.0,944.0,957.0,959.0,971.0,990.0,
23.0,25.0,32.0,58.0,69.0,113.0,124.0,184.0,185.0,230.0,301.0,304.0,318.0,349.0,403.0,413.0,421.0,436.0,446.0,485.0,492.0,498.0,499.0,610.0,637.0,650.0,676.0,713.0,715.0,729.0,755.0,759.0,780.0,849.0,856.0,912.0,930.0,948.0,963.0,997.0,
129.0,138.0,153.0,172.0,236.0,251.0,343.0,344.0,441.0,466.0,469.0,484.0,561.0,578.0,603.0,633.0,634.0,675.0,676.0,709.0,741.0,756.0,770.0,798.0,813.0,827.0,847.0,864.0,905.0,908.0,917.0,930.0,933.0,933.0,943.0,974.0,
19.0,53.0,58.0,120.0,150.0,185.0,196.0,269.0,305.0,375.0,378.0,387.0,390.0,490.0,564.0,572.0,589.0,608.0,619.0,721.0,732.0,748.0,759.0,803.0,842.0,847.0,850.0,855.0,870.0,873.0,879.0,980.0,981.0,993.0,998.0,
36.0,38.0,45.0,53.0,56.0,72.0,74.0,84.0,89.0,90.0,105.0,117.0,123.0,135.0,141.0,159.0,165.0,199.0,218.0,243.0,257.0,267.0,270.0,278.0,333.0,346.0,371.0,373.0,379.0,383.0,390.0,406.0,415.0,543.0,552.0,577.0,605.0,699.0,720.0,728.0,751.0,753.0,764.0,819.0,833.0,843.0,844.0,848.0,894.0,904.0,944.0,946.0,987.0,995.0,
11.0,57.0,57.0,77.0,86.0,109.0,161.0,246.0,250.0,340.0,371.0,381.0,392.0,407.0,416.0,420.0,436.0,474.0,513.0,570.0,570.0,579.0,637.0,642.0,652.0,658.0,660.0,669.0,677.0,677.0,681.0,709.0,721.0,740.0,761.0,783.0,787.0,828.0,883.0,889.0,930.0,965.0,991.0,
29.0,35.0,60.0,80.0,96.0,139.0,142.0,146.0,148.0,153.0,199.0,250.0,262.0,293.0,337.0,345.0,418.0,422.0,445.0,466.0,494.0,692.0,747.0,751.0,794.0,798.0,808.0,810.0,830.0,848.0,893.0,941.0,951.0,969.0,
14.0,44.0,49.0,69.0,77.0,103.0,182.0,187.0,223.0,240.0,248.0,258.0,297.0,305.0,342.0,382.0,396.0,429.0,447.0,503.0,509.0,716.0,717.0,726.0,739.0,744.0,865.0,896.0,952.0,
3.0,26.0,31.0,61.0,98.0,124.0,156.0,159.0,171.0,187.0,196.0,218.0,235.0,235.0,249.0,418.0,448.0,464.0,476.0,485.0,710.0,733.0,743.0,816.0,818.0,828.0,848.0,855.0,869.0,873.0,874.0,884.0,920.0,923.0,949.0,987.0,
72.0,89.0,117.0,119.0,122.0,151.0,163.0,190.0,194.0,255.0,345.0,378.0,431.0,455.0,505.0,545.0,569.0,571.0,592.0,664.0,697.0,707.0,735.0,745.0,752.0,783.0,784.0,819.0,847.0,879.0,895.0,940.0,955.0,990.0,
5.0,15.0,34.0,41.0,47.0,52.0,157.0,162.0,168.0,189.0,212.0,231.0,284.0,297.0,308.0,361.0,366.0,394.0,431.0,431.0,496.0,546.0,550.0,612.0,622.0,642.0,697.0,700.0,708.0,732.0,772.0,783.0,815.0,842.0,851.0,911.0,933.0,945.0,947.0,974.0,985.0,997.0,
9.0,60.0,66.0,109.0,145.0,187.0,218.0,228.0,258.0,302.0,322.0,340.0,383.0,450.0,453.0,471.0,484.0,514.0,550.0,594.0,609.0,610.0,630.0,669.0,705.0,710.0,774.0,781.0,823.0,834.0,851.0,867.0,920.0,929.0,942.0,945.0,
