49.0,114.0,165.0,178.0,184.0,195.0,206.0,289.0,293.0,304.0,304.0,306.0,310.0,311.0,312.0,323.0,364.0,409.0,437.0,485.0,520.0,579.0,581.0,668.0,693.0,727.0,730.0,732.0,743.0,756.0,788.0,790.0,799.0,825.0,840.0,854.0,888.0,898.0,939.0,939.0,954.0,969.0,995.0,
41.0,44.0,46.0,60.0,123.0,130.0,145.0,236.0,284.0,287.0,306.0,324.0,331.0,417.0,421.0,451.0,455.0,494.0,495.0,514.0,588.0,621.0,666.0,712.0,734.0,747.0,805.0,809.0,834.0,893.0,927.0,976.0,976.0,996.0,
7.0,14.0,34.0,34.0,43.0,79.0,96.0,125.0,134.0,203.0,252.0,254.0,265.0,311.0,321.0,326.0,342.0,371.0,444.0,529.0,534.0,565.0,594.0,595.0,635.0,645.0,710.0,717.0,728.0,755.0,760.0,791.0,796.0,798.0,821.0,827.0,834.0,864.0,910.0,914.0,979.0,
9.0,47.0,50.0,95.0,106.0,132.0,139.0,164.0,203.0,218.0,228.0,264.0,296.0,329.0,338.0,356.0,358.0,379.0,427.0,450.0,479.0,506.0,527.0,534.0,568.0,600.0,624.0,630.0,650.0,674.0,678.0,681.0,703.0,706.0,710.0,723.0,742.0,766.0,803.0,803.0,804.0,825.0,835.0,858.0,859.0,939.0,
23.0,34.0,41.0,157.0,168.0,183.0,192.0,226.0,228.0,235.0,253.0,299.0,308.0,392.0,497.0,501.0,510.0,521.0,550.0,559.0,630.0,663.0,663.0,666.0,718.0,734.0,746.0,748.0,789.0,802.0,832.0,842.0,859.0,952.0,954.0,955.0,
22.0,55.0,159.0,161.0,176.0,233.0,238.0,256.0,257.0,275.0,339.0,360.0,381.0,407.0,415.0,434.0,442.0,520.0,549.0,551.0,567.0,570.0,588.0,594.0,631.0,638.0,688.0,707.0,740.0,744.0,757.0,769.0,797.0,798.0,864.0,868.0,913.0,929.0,971.0,995.0,
10.0,22.0,31.0,52.0,83.0,98.0,100.0,127.0,135.0,142.0,187.0,198.0,209.0,242.0,267.0,307.0,307.0,429.0,516.0,596.0,604.0,604.0,615.0,631.0,642.0,674.0,674.0,715.0,771.0,776.0,865.0,931.0,983.0,985.0,
51.0,53.0,58.0,109.0,125.0,134.0,136.0,224.0,229.0,235.0,260.0,317.0,378.0,418.0,438.0,487.0,489.0,517.0,610.0,645.0,676.0,698.0,704.0,705.0,742.0,753.0,784.0,788.0,823.0,824.0,825.0,831.0,835.0,862.0,876.0,900.0,910.0,950.0,974.0,
11.0,45.0,109.0,114.0,156.0,175.0,203.0,221.0,300.0,359.0,411.0,456.0,480.0,528.0,552.0,572.0,617.0,646.0,697.0,705.0,770.0,780.0,812.0,824.0,888.0,912.0,945.0,947.0,983.0,
15.0,65.0,77.0,98.0,123.0,127.0,195.0,210.0,249.0,310.0,324.0,327.0,351.0,397.0,403.0,429.0,436.0,447.0,528.0,555.0,562.0,633.0,663.0,664.0,673.0,685.0,713.0,725.0,780.0,780.0,905.0,916.0,945.0,958.0,961.0,
45.0,56.0,99.0,111.0,126.0,145.0,183.0,206.0,220.0,224.0,268.0,282.0,295.0,306.0,329.0,384.0,405.0,410.0,477.0,495.0,506.0,515.0,529.0,536.0,546.0,599.0,621.0,690.0,778.0,793.0,836.0,848.0,867.0,925.0,972.0,999.0,
2.0,32.0,40.0,70.0,76.0,91.0,107.0,114.0,114.0,136.0,137.0,158.0,164.0,172.0,216.0,221.0,334.0,363.0,384.0,385.0,613.0,658.0,687.0,728.0,765.0,809.0,820.0,864.0,888.0,960.0,986.0,
11.0,17.0,18.0,58.0,68.0,82.0,118.0,177.0,178.0,189.0,204.0,220.0,228.0,238.0,254.0,262.0,269.0,471.0,482.0,485.0,497.0,513.0,591.0,614.0,620.0,621.0,629.0,647.0,651.0,685.0,707.0,717.0,769.0,787.0,794.0,799.0,803.0,890.0,913.0,928.0,937.0,966.0,
9.0,11.0,12.0,31.0,37.0,51.0,97.0,102.0,112.0,121.0,171.0,260.0,320.0,327.0,331.0,338.0,355.0,372.0,412.0,467.0,472.0,484.0,520.0,579.0,660.0,671.0,703.0,709.0,714.0,722.0,790.0,811.0,823.0,826.0,830.0,876.0,887.0,890.0,917.0,930.0,941.0,951.0,958.0,1000.0,
3.0,31.0,35.0,40.0,45.0,71.0,177.0,232.0,270.0,271.0,436.0,447.0,510.0,585.0,623.0,656.0,713.0,721.0,762.0,799.0,847.0,858.0,907.0,953.0,958.0,988.0,
8.0,50.0,62.0,94.0,99.0,118.0,155.0,185.0,199.0,214.0,245.0,273.0,274.0,281.0,302.0,317.0,320.0,329.0,339.0,391.0,403.0,405.0,431.0,445.0,457.0,471.0,640.0,644.0,656.0,702.0,780.0,829.0,835.0,865.0,875.0,898.0,910.0,929.0,935.0,938.0,981.0,
7.0,23.0,43.0,47.0,57.0,77.0,94.0,175.0,203.0,208.0,254.0,266.0,273.0,358.0,381.0,391.0,395.0,398.0,407.0,411.0,450.0,514.0,650.0,654.0,655.0,668.0,719.0,747.0,768.0,781.0,860.0,863.0,972.0,998.0,
2.0,17.0,56.0,157.0,181.0,194.0,230.0,247.0,283.0,292.0,347.0,349.0,404.0,410.0,420.0,466.0,471.0,507.0,577.0,578.0,624.0,641.0,642.0,686.0,743.0,788.0,830.0,842.0,858.0,865.0,873.0,876.0,879.0,937.0,
20.0,80.0,102.0,132.0,149.0,168.0,188.0,205.0,218.0,287.0,293.0,350.0,356.0,407.0,445.0,452.0,460.0,664.0,674.0,675.0,678.0,686.0,690.0,722.0,729.0,745.0,794.0,825.0,874.0,896.0,933.0,981.0,
12.0,22.0,49.0,73.0,77.0,101.0,126.0,154.0,208.0,243.0,246.0,290.0,343.0,390.0,397.0,408.0,409.0,419.0,439.0,454.0,474.0,489.0,600.0,653.0,659.0,663.0,700.0,803.0,831.0,843.0,894.0,905.0,905.0,929.0,939.0,
83.0,110.0,124.0,247.0,272.0,284.0,312.0,328.0,348.0,470.0,486.0,496.0,559.0,562.0,581.0,586.0,589.0,607.0,625.0,684.0,693.0,709.0,711.0,719.0,729.0,735.0,746.0,747.0,762.0,805.0,821.0,826.0,832.0,912.0,955.0,962.0,
15.0,77.0,81.0,112.0,177.0,212.0,213.0,261.0,270.0,314.0,375.0,399.0,401.0,408.0,424.0,441.0,492.0,508.0,524.0,528.0,550.0,564.0,569.0,579.0,606.0,630.0,644.0,652.0,667.0,709.0,746.0,748.0,781.0,790.0,800.0,843.0,869.0,874.0,876.0,882.0,900.0,909.0,953.0,980.0,
14.0,15.0,27.0,36.0,36.0,112.0,130.0,134.0,185.0,196.0,269.0,276.0,294.0,300.0,434.0,450.0,501.0,575.0,662.0,721.0,738.0,749.0,767.0,767.0,861.0,876.0,893.0,916.0,924.0,
47.0,127.0,176.0,180.0,275.0,880.0,899.0,
117.0,136.0,136.0,177.0,276.0,295.0,306.0,356.0,403.0,423.0,474.0,
43.0,52.0,103.0,104.0,115.0,135.0,207.0,217.0,256.0,280.0,294.0,299.0,344.0,383.0,407.0,457.0,465.0,478.0,485.0,
11.0,37.0,38.0,62.0,73.0,103.0,117.0,123.0,136.0,161.0,168.0,201.0,206.0,216.0,244.0,266.0,280.0,326.0,343.0,353.0,403.0,484.0,493.0,501.0,
35.0,92.0,93.0,105.0,140.0,154.0,262.0,297.0,321.0,344.0,399.0,419.0,460.0,467.0,471.0,850.0,
22.0,79.0,87.0,90.0,103.0,151.0,166.0,166.0,205.0,240.0,251.0,326.0,338.0,343.0,459.0,465.0,585.0,607.0,615.0,627.0,673.0,674.0,690.0,703.0,730.0,745.0,783.0,808.0,808.0,813.0,829.0,892.0,903.0,921.0,947.0,979.0,
18.0,24.0,77.0,78.0,95.0,128.0,135.0,183.0,189.0,195.0,249.0,271.0,302.0,336.0,427.0,436.0,509.0,538.0,539.0,680.0,696.0,729.0,730.0,758.0,773.0,801.0,802.0,816.0,823.0,861.0,919.0,921.0,951.0,998.0,
21.0,43.0,67.0,100.0,101.0,130.0,154.0,155.0,166.0,188.0,209.0,322.0,390.0,477.0,633.0,656.0,657.0,684.0,722.0,741.0,774.0,775.0,777.0,791.0,921.0,939.0,966.0,
40.0,52.0,87.0,126.0,142.0,158.0,165.0,178.0,204.0,219.0,341.0,347.0,420.0,425.0,463.0,488.0,507.0,570.0,588.0,603.0,680.0,695.0,696.0,712.0,718.0,728.0,750.0,764.0,776.0,807.0,870.0,879.0,885.0,897.0,916.0,932.0,948.0,959.0,966.0,986.0,
30.0,35.0,108.0,146.0,152.0,156.0,160.0,211.0,212.0,234.0,302.0,371.0,386.0,398.0,398.0,411.0,464.0,465.0,
36.0,54.0,104.0,142.0,172.0,184.0,192.0,221.0,275.0,280.0,338.0,361.0,363.0,464.0,466.0,
27.0,84.0,97.0,217.0,236.0,237.0,280.0,280.0,296.0,418.0,447.0,476.0,490.0,785.0,848.0,923.0,
19.0,37.0,38.0,53.0,80.0,105.0,136.0,137.0,156.0,205.0,240.0,240.0,275.0,295.0,331.0,352.0,368.0,398.0,400.0,405.0,410.0,426.0,478.0,479.0,495.0,834.0,
6.0,51.0,60.0,137.0,151.0,164.0,193.0,212.0,269.0,329.0,426.0,443.0,484.0,891.0,
21.0,26.0,39.0,39.0,44.0,73.0,107.0,121.0,126.0,127.0,131.0,137.0,161.0,212.0,284.0,287.0,291.0,309.0,311.0,318.0,350.0,379.0,388.0,425.0,456.0,493.0,977.0,
8.0,11.0,18.0,45.0,50.0,82.0,92.0,125.0,145.0,155.0,162.0,195.0,197.0,249.0,295.0,302.0,314.0,316.0,324.0,341.0,446.0,459.0,
5.0,26.0,61.0,106.0,111.0,148.0,150.0,165.0,219.0,219.0,260.0,272.0,280.0,301.0,306.0,351.0,359.0,392.0,406.0,407.0,432.0,436.0,444.0,507.0,581.0,586.0,609.0,624.0,648.0,671.0,722.0,723.0,743.0,757.0,762.0,765.0,770.0,785.0,801.0,849.0,870.0,877.0,877.0,927.0,952.0,970.0,985.0,986.0,
29.0,41.0,42.0,96.0,126.0,137.0,144.0,150.0,183.0,188.0,218.0,235.0,237.0,249.0,326.0,365.0,385.0,411.0,427.0,436.0,454.0,472.0,488.0,537.0,648.0,669.0,680.0,683.0,715.0,745.0,797.0,816.0,819.0,820.0,824.0,920.0,925.0,978.0,991.0,995.0,
42.0,100.0,129.0,156.0,160.0,181.0,182.0,196.0,199.0,200.0,237.0,290.0,400.0,424.0,425.0,434.0,472.0,503.0,587.0,691.0,710.0,712.0,756.0,762.0,766.0,769.0,795.0,834.0,834.0,873.0,878.0,920.0,947.0,955.0,959.0,
5.0,13.0,22.0,41.0,118.0,135.0,179.0,219.0,284.0,296.0,299.0,356.0,382.0,392.0,393.0,
11.0,56.0,104.0,260.0,281.0,342.0,350.0,367.0,369.0,431.0,450.0,476.0,476.0,495.0,790.0,869.0,
5.0,9.0,22.0,83.0,89.0,95.0,147.0,173.0,204.0,210.0,229.0,236.0,244.0,315.0,360.0,395.0,438.0,438.0,440.0,456.0,457.0,481.0,508.0,739.0,795.0,867.0,911.0,
26.0,66.0,72.0,84.0,163.0,172.0,200.0,219.0,285.0,286.0,310.0,318.0,337.0,370.0,381.0,391.0,392.0,395.0,428.0,474.0,921.0,
23.0,44.0,71.0,85.0,85.0,152.0,155.0,158.0,185.0,221.0,245.0,248.0,258.0,304.0,316.0,357.0,384.0,404.0,405.0,424.0,437.0,443.0,454.0,474.0,486.0,931.0,963.0,993.0,
2.0,23.0,134.0,138.0,140.0,189.0,267.0,291.0,335.0,339.0,358.0,366.0,369.0,380.0,449.0,466.0,489.0,840.0,858.0,898.0,
92.0,94.0,129.0,185.0,195.0,234.0,275.0,276.0,287.0,311.0,368.0,383.0,410.0,482.0,
46.0,57.0,59.0,78.0,130.0,136.0,170.0,185.0,186.0,215.0,219.0,224.0,329.0,350.0,374.0,397.0,400.0,417.0,436.0,447.0,477.0,478.0,604.0,654.0,654.0,654.0,682.0,739.0,766.0,782.0,794.0,800.0,824.0,846.0,895.0,899.0,900.0,973.0,977.0,990.0,
29.0,42.0,50.0,60.0,137.0,144.0,152.0,169.0,173.0,209.0,248.0,264.0,295.0,298.0,403.0,472.0,480.0,502.0,532.0,560.0,591.0,615.0,621.0,629.0,636.0,670.0,707.0,724.0,764.0,766.0,773.0,828.0,854.0,868.0,879.0,915.0,974.0,994.0,
110.0,143.0,183.0,214.0,271.0,278.0,283.0,314.0,352.0,360.0,379.0,381.0,391.0,399.0,416.0,449.0,462.0,489.0,657.0,730.0,733.0,763.0,779.0,920.0,932.0,998.0,
26.0,26.0,31.0,46.0,48.0,60.0,69.0,108.0,130.0,143.0,146.0,189.0,193.0,200.0,246.0,290.0,293.0,301.0,317.0,320.0,379.0,390.0,404.0,412.0,435.0,451.0,481.0,
19.0,29.0,57.0,80.0,112.0,131.0,171.0,186.0,204.0,207.0,218.0,233.0,267.0,303.0,313.0,369.0,381.0,384.0,387.0,436.0,488.0,497.0,755.0,784.0,817.0,918.0,996.0,
40.0,58.0,133.0,138.0,163.0,223.0,276.0,289.0,291.0,296.0,385.0,390.0,445.0,455.0,476.0,506.0,724.0,769.0,867.0,
2.0,7.0,98.0,116.0,133.0,136.0,141.0,146.0,192.0,220.0,242.0,326.0,344.0,353.0,427.0,431.0,439.0,440.0,442.0,472.0,500.0,800.0,823.0,
5.0,15.0,78.0,87.0,104.0,128.0,136.0,137.0,161.0,172.0,181.0,183.0,186.0,251.0,264.0,280.0,330.0,404.0,481.0,485.0,493.0,839.0,886.0,982.0,
50.0,57.0,72.0,133.0,139.0,157.0,164.0,180.0,187.0,224.0,250.0,267.0,280.0,354.0,360.0,369.0,393.0,395.0,396.0,447.0,447.0,481.0,506.0,766.0,779.0,918.0,948.0,
98.0,113.0,156.0,157.0,164.0,187.0,208.0,218.0,230.0,251.0,269.0,346.0,384.0,390.0,425.0,457.0,459.0,465.0,502.0,
38.0,59.0,80.0,116.0,151.0,166.0,199.0,201.0,216.0,290.0,302.0,319.0,329.0,348.0,377.0,445.0,474.0,488.0,491.0,510.0,623.0,666.0,712.0,719.0,741.0,813.0,824.0,826.0,875.0,
12.0,38.0,38.0,79.0,82.0,124.0,126.0,173.0,203.0,242.0,244.0,271.0,303.0,306.0,363.0,363.0,427.0,450.0,501.0,550.0,565.0,577.0,598.0,697.0,702.0,711.0,717.0,745.0,754.0,770.0,825.0,830.0,871.0,892.0,938.0,964.0,971.0,
48.0,68.0,73.0,112.0,113.0,117.0,161.0,178.0,190.0,197.0,209.0,215.0,283.0,284.0,284.0,300.0,303.0,324.0,324.0,336.0,344.0,366.0,397.0,431.0,464.0,649.0,686.0,747.0,827.0,857.0,
47.0,89.0,93.0,127.0,143.0,176.0,248.0,250.0,257.0,260.0,288.0,310.0,311.0,334.0,386.0,391.0,403.0,404.0,413.0,413.0,434.0,451.0,503.0,
10.0,20.0,20.0,32.0,32.0,61.0,66.0,123.0,235.0,236.0,236.0,270.0,290.0,322.0,344.0,367.0,369.0,438.0,441.0,444.0,462.0,870.0,917.0,922.0,
68.0,151.0,175.0,216.0,247.0,347.0,360.0,362.0,372.0,373.0,377.0,379.0,380.0,387.0,391.0,434.0,465.0,467.0,480.0,498.0,748.0,805.0,841.0,976.0,
40.0,61.0,63.0,65.0,78.0,97.0,106.0,143.0,195.0,197.0,216.0,227.0,243.0,250.0,278.0,294.0,303.0,318.0,404.0,405.0,409.0,481.0,485.0,486.0,714.0,786.0,910.0,
5.0,21.0,53.0,83.0,89.0,118.0,153.0,193.0,250.0,320.0,333.0,409.0,410.0,432.0,478.0,494.0,768.0,842.0,850.0,853.0,923.0,
22.0,26.0,51.0,67.0,78.0,81.0,108.0,124.0,133.0,144.0,197.0,220.0,262.0,368.0,388.0,449.0,457.0,458.0,466.0,
143.0,188.0,191.0,235.0,256.0,340.0,424.0,450.0,460.0,472.0,
34.0,36.0,37.0,120.0,122.0,206.0,207.0,250.0,272.0,281.0,287.0,289.0,295.0,325.0,363.0,450.0,505.0,658.0,667.0,669.0,689.0,709.0,713.0,713.0,715.0,741.0,761.0,956.0,958.0,965.0,975.0,986.0,1000.0,
36.0,65.0,78.0,78.0,81.0,103.0,117.0,138.0,235.0,239.0,239.0,253.0,279.0,287.0,449.0,458.0,524.0,528.0,577.0,616.0,641.0,645.0,646.0,691.0,717.0,726.0,732.0,780.0,817.0,983.0,993.0,994.0,
8.0,54.0,81.0,84.0,151.0,169.0,172.0,188.0,198.0,204.0,244.0,257.0,310.0,321.0,336.0,369.0,439.0,444.0,457.0,563.0,589.0,598.0,598.0,619.0,647.0,674.0,697.0,704.0,714.0,724.0,741.0,768.0,787.0,797.0,834.0,847.0,868.0,880.0,890.0,890.0,916.0,924.0,958.0,983.0,
29.0,46.0,141.0,145.0,153.0,170.0,286.0,320.0,322.0,323.0,326.0,371.0,374.0,375.0,404.0,487.0,500.0,941.0,963.0,
13.0,16.0,35.0,73.0,83.0,162.0,210.0,251.0,260.0,305.0,327.0,329.0,335.0,362.0,399.0,403.0,407.0,408.0,471.0,494.0,
95.0,99.0,119.0,148.0,288.0,355.0,389.0,405.0,413.0,416.0,446.0,485.0,492.0,
29.0,37.0,72.0,147.0,158.0,160.0,170.0,191.0,193.0,223.0,240.0,252.0,281.0,318.0,358.0,373.0,391.0,411.0,419.0,461.0,469.0,500.0,922.0,969.0,970.0,
4.0,20.0,41.0,87.0,89.0,111.0,137.0,165.0,230.0,253.0,265.0,286.0,319.0,338.0,391.0,405.0,421.0,431.0,443.0,471.0,834.0,845.0,873.0,889.0,988.0,
16.0,38.0,41.0,110.0,142.0,143.0,156.0,160.0,194.0,213.0,275.0,282.0,290.0,366.0,470.0,478.0,482.0,
24.0,32.0,87.0,126.0,159.0,165.0,208.0,224.0,236.0,251.0,256.0,284.0,324.0,344.0,349.0,413.0,443.0,473.0,486.0,787.0,806.0,
14.0,40.0,54.0,55.0,56.0,67.0,96.0,133.0,136.0,149.0,151.0,181.0,249.0,275.0,305.0,338.0,340.0,345.0,346.0,346.0,403.0,409.0,416.0,441.0,602.0,697.0,703.0,720.0,727.0,729.0,742.0,754.0,761.0,777.0,794.0,798.0,818.0,852.0,859.0,890.0,894.0,935.0,970.0,
23.0,28.0,28.0,36.0,40.0,88.0,108.0,141.0,146.0,156.0,161.0,228.0,278.0,297.0,306.0,313.0,330.0,358.0,440.0,447.0,464.0,472.0,473.0,480.0,535.0,536.0,542.0,575.0,581.0,642.0,687.0,698.0,726.0,740.0,757.0,779.0,791.0,812.0,812.0,928.0,980.0,1000.0,
51.0,91.0,104.0,112.0,114.0,135.0,138.0,221.0,247.0,255.0,257.0,272.0,286.0,326.0,331.0,332.0,333.0,346.0,349.0,385.0,449.0,461.0,482.0,528.0,544.0,630.0,641.0,652.0,686.0,701.0,714.0,715.0,725.0,774.0,775.0,800.0,812.0,832.0,861.0,875.0,989.0,
22.0,24.0,32.0,85.0,104.0,170.0,204.0,224.0,355.0,391.0,395.0,417.0,507.0,566.0,597.0,631.0,642.0,659.0,710.0,734.0,735.0,762.0,764.0,783.0,783.0,803.0,847.0,872.0,884.0,887.0,897.0,908.0,909.0,935.0,937.0,942.0,975.0,999.0,
52.0,137.0,154.0,165.0,168.0,229.0,252.0,263.0,335.0,344.0,345.0,370.0,392.0,410.0,941.0,
78.0,96.0,149.0,171.0,192.0,229.0,279.0,374.0,382.0,387.0,431.0,468.0,492.0,
9.0,114.0,121.0,186.0,212.0,218.0,223.0,235.0,238.0,257.0,294.0,304.0,304.0,344.0,403.0,471.0,484.0,
4.0,99.0,126.0,133.0,137.0,204.0,234.0,263.0,285.0,339.0,400.0,404.0,413.0,452.0,
12.0,44.0,94.0,108.0,120.0,123.0,143.0,144.0,180.0,189.0,201.0,211.0,283.0,311.0,329.0,334.0,336.0,343.0,367.0,404.0,504.0,508.0,909.0,982.0,
9.0,24.0,32.0,44.0,63.0,89.0,113.0,114.0,175.0,186.0,203.0,213.0,229.0,248.0,251.0,252.0,260.0,267.0,273.0,308.0,311.0,346.0,366.0,379.0,416.0,416.0,498.0,500.0,637.0,663.0,690.0,711.0,712.0,713.0,731.0,822.0,864.0,888.0,906.0,993.0,
39.0,77.0,83.0,86.0,92.0,134.0,162.0,174.0,185.0,226.0,303.0,307.0,317.0,339.0,404.0,411.0,429.0,432.0,448.0,452.0,489.0,541.0,557.0,558.0,566.0,569.0,571.0,591.0,627.0,647.0,659.0,674.0,709.0,716.0,737.0,753.0,783.0,791.0,815.0,817.0,838.0,889.0,899.0,911.0,913.0,922.0,934.0,
6.0,123.0,129.0,229.0,268.0,272.0,305.0,309.0,315.0,338.0,359.0,373.0,414.0,451.0,501.0,555.0,561.0,618.0,633.0,664.0,693.0,784.0,784.0,786.0,828.0,843.0,846.0,972.0,973.0,973.0,982.0,988.0,991.0,
25.0,68.0,69.0,80.0,93.0,94.0,106.0,110.0,123.0,150.0,196.0,201.0,209.0,211.0,233.0,284.0,347.0,348.0,374.0,386.0,464.0,501.0,542.0,551.0,568.0,600.0,619.0,693.0,702.0,726.0,741.0,768.0,793.0,851.0,897.0,920.0,936.0,940.0,
25.0,33.0,48.0,58.0,171.0,178.0,198.0,212.0,219.0,283.0,291.0,305.0,317.0,332.0,345.0,378.0,402.0,415.0,455.0,457.0,473.0,499.0,506.0,508.0,543.0,666.0,667.0,671.0,690.0,748.0,749.0,756.0,759.0,779.0,780.0,788.0,824.0,851.0,948.0,
21.0,23.0,28.0,46.0,98.0,133.0,136.0,236.0,247.0,341.0,444.0,457.0,463.0,468.0,481.0,626.0,662.0,690.0,735.0,758.0,786.0,790.0,792.0,815.0,817.0,845.0,875.0,889.0,911.0,918.0,923.0,966.0,986.0,
62.0,87.0,93.0,174.0,190.0,235.0,244.0,248.0,306.0,335.0,349.0,364.0,367.0,392.0,502.0,504.0,509.0,605.0,607.0,615.0,725.0,765.0,783.0,806.0,811.0,819.0,844.0,854.0,883.0,894.0,986.0,
10.0,40.0,67.0,68.0,99.0,253.0,275.0,318.0,328.0,372.0,403.0,411.0,429.0,472.0,626.0,652.0,661.0,736.0,740.0,751.0,759.0,759.0,824.0,866.0,894.0,907.0,
33.0,53.0,57.0,106.0,126.0,130.0,199.0,202.0,261.0,269.0,313.0,317.0,325.0,330.0,336.0,350.0,371.0,422.0,452.0,454.0,483.0,488.0,586.0,643.0,647.0,702.0,720.0,742.0,753.0,784.0,784.0,791.0,829.0,868.0,881.0,910.0,929.0,963.0,978.0,990.0,1000.0,
21.0,34.0,113.0,132.0,158.0,172.0,185.0,193.0,265.0,282.0,315.0,317.0,439.0,440.0,446.0,485.0,491.0,496.0,501.0,506.0,532.0,561.0,603.0,604.0,605.0,650.0,656.0,678.0,687.0,730.0,885.0,894.0,934.0,956.0,973.0,
32.0,50.0,144.0,194.0,241.0,259.0,280.0,281.0,316.0,323.0,332.0,342.0,347.0,360.0,364.0,368.0,450.0,476.0,497.0,515.0,522.0,567.0,580.0,584.0,606.0,634.0,655.0,670.0,713.0,776.0,781.0,783.0,785.0,803.0,809.0,844.0,878.0,941.0,953.0,953.0,980.0,1000.0,
13.0,22.0,50.0,65.0,81.0,96.0,154.0,216.0,219.0,242.0,290.0,291.0,315.0,318.0,356.0,384.0,386.0,399.0,410.0,411.0,424.0,441.0,469.0,487.0,501.0,574.0,625.0,668.0,678.0,693.0,755.0,760.0,763.0,774.0,822.0,836.0,887.0,944.0,953.0,981.0,
