21.0,53.0,114.0,124.0,168.0,195.0,244.0,309.0,434.0,478.0,499.0,536.0,544.0,548.0,552.0,561.0,566.0,620.0,628.0,675.0,743.0,743.0,763.0,763.0,765.0,846.0,848.0,850.0,967.0,
62.0,102.0,108.0,132.0,146.0,152.0,189.0,211.0,242.0,317.0,321.0,417.0,434.0,511.0,605.0,647.0,683.0,687.0,698.0,700.0,701.0,709.0,823.0,841.0,924.0,938.0,992.0,
86.0,101.0,111.0,134.0,163.0,189.0,197.0,226.0,232.0,266.0,333.0,362.0,368.0,368.0,404.0,456.0,457.0,466.0,469.0,480.0,492.0,495.0,507.0,747.0,749.0,787.0,849.0,887.0,900.0,916.0,925.0,931.0,937.0,994.0,
13.0,55.0,85.0,104.0,160.0,163.0,194.0,225.0,227.0,228.0,281.0,288.0,330.0,343.0,349.0,425.0,431.0,433.0,446.0,525.0,537.0,541.0,541.0,543.0,550.0,551.0,622.0,633.0,748.0,781.0,855.0,865.0,880.0,924.0,967.0,969.0,969.0,985.0,993.0,
8.0,26.0,31.0,47.0,52.0,54.0,109.0,129.0,185.0,196.0,206.0,208.0,224.0,303.0,364.0,432.0,459.0,464.0,545.0,558.0,564.0,588.0,604.0,663.0,709.0,717.0,721.0,759.0,819.0,872.0,882.0,918.0,947.0,963.0,984.0,988.0,
3.0,29.0,55.0,71.0,82.0,86.0,172.0,205.0,212.0,246.0,268.0,269.0,305.0,309.0,346.0,351.0,356.0,372.0,396.0,423.0,432.0,466.0,478.0,555.0,619.0,643.0,672.0,675.0,694.0,719.0,766.0,792.0,864.0,887.0,900.0,928.0,939.0,950.0,958.0,992.0,995.0,998.0,
74.0,87.0,97.0,121.0,142.0,230.0,239.0,285.0,388.0,401.0,406.0,420.0,446.0,450.0,453.0,453.0,482.0,499.0,504.0,509.0,525.0,538.0,569.0,652.0,672.0,681.0,744.0,755.0,777.0,872.0,880.0,881.0,917.0,924.0,938.0,960.0,974.0,
48.0,61.0,188.0,189.0,243.0,259.0,282.0,286.0,336.0,357.0,453.0,457.0,480.0,484.0,490.0,557.0,568.0,578.0,625.0,630.0,670.0,685.0,690.0,751.0,757.0,823.0,
53.0,59.0,81.0,89.0,91.0,94.0,124.0,134.0,142.0,147.0,207.0,210.0,254.0,299.0,319.0,399.0,418.0,423.0,437.0,523.0,540.0,587.0,703.0,774.0,777.0,801.0,846.0,890.0,942.0,956.0,983.0,995.0,
45.0,54.0,68.0,111.0,117.0,125.0,144.0,170.0,265.0,289.0,372.0,383.0,400.0,413.0,416.0,430.0,434.0,494.0,571.0,605.0,676.0,691.0,701.0,748.0,767.0,782.0,842.0,888.0,940.0,
20.0,62.0,108.0,125.0,161.0,167.0,198.0,230.0,272.0,274.0,306.0,332.0,355.0,359.0,359.0,407.0,443.0,453.0,487.0,497.0,510.0,541.0,544.0,548.0,557.0,567.0,585.0,608.0,696.0,732.0,746.0,768.0,807.0,823.0,839.0,885.0,898.0,922.0,955.0,
43.0,44.0,69.0,121.0,123.0,160.0,192.0,209.0,215.0,221.0,256.0,258.0,285.0,301.0,302.0,325.0,374.0,396.0,412.0,415.0,440.0,443.0,459.0,513.0,571.0,574.0,597.0,601.0,631.0,632.0,645.0,665.0,671.0,672.0,722.0,731.0,787.0,790.0,802.0,805.0,879.0,893.0,915.0,917.0,920.0,990.0,993.0,
16.0,47.0,66.0,76.0,131.0,132.0,158.0,159.0,190.0,289.0,292.0,333.0,358.0,372.0,395.0,402.0,451.0,471.0,474.0,549.0,559.0,578.0,598.0,613.0,666.0,677.0,690.0,722.0,733.0,745.0,757.0,782.0,856.0,880.0,884.0,890.0,909.0,946.0,
5.0,28.0,38.0,44.0,113.0,171.0,178.0,274.0,317.0,326.0,331.0,419.0,424.0,427.0,428.0,441.0,444.0,471.0,493.0,497.0,535.0,567.0,578.0,589.0,591.0,607.0,629.0,662.0,666.0,675.0,689.0,727.0,735.0,774.0,789.0,790.0,817.0,822.0,838.0,846.0,900.0,982.0,
51.0,66.0,80.0,83.0,94.0,134.0,143.0,147.0,162.0,188.0,202.0,239.0,251.0,256.0,317.0,332.0,359.0,378.0,388.0,394.0,400.0,401.0,442.0,469.0,514.0,533.0,611.0,619.0,630.0,632.0,663.0,674.0,676.0,695.0,697.0,699.0,728.0,769.0,799.0,867.0,880.0,949.0,963.0,997.0,
57.0,78.0,108.0,118.0,163.0,237.0,247.0,248.0,258.0,311.0,345.0,377.0,380.0,389.0,407.0,478.0,482.0,491.0,498.0,499.0,546.0,571.0,579.0,585.0,604.0,606.0,675.0,696.0,713.0,801.0,817.0,838.0,873.0,884.0,886.0,922.0,986.0,
116.0,131.0,137.0,167.0,167.0,169.0,174.0,181.0,193.0,196.0,199.0,229.0,255.0,282.0,305.0,326.0,387.0,404.0,414.0,440.0,440.0,496.0,516.0,546.0,552.0,614.0,614.0,634.0,643.0,682.0,688.0,704.0,711.0,725.0,742.0,823.0,830.0,833.0,873.0,892.0,916.0,930.0,940.0,958.0,966.0,
54.0,81.0,99.0,100.0,105.0,112.0,174.0,291.0,356.0,432.0,443.0,462.0,468.0,513.0,551.0,562.0,575.0,632.0,665.0,679.0,687.0,718.0,728.0,728.0,735.0,808.0,833.0,930.0,932.0,
18.0,19.0,24.0,48.0,74.0,83.0,84.0,100.0,111.0,120.0,131.0,140.0,157.0,187.0,194.0,236.0,257.0,293.0,328.0,377.0,408.0,423.0,465.0,499.0,502.0,529.0,542.0,583.0,589.0,605.0,624.0,632.0,639.0,640.0,656.0,715.0,721.0,731.0,853.0,942.0,
2.0,31.0,33.0,58.0,70.0,76.0,85.0,116.0,169.0,259.0,394.0,429.0,457.0,567.0,632.0,636.0,701.0,709.0,805.0,856.0,857.0,944.0,949.0,957.0,961.0,980.0,981.0,
53.0,85.0,88.0,90.0,112.0,113.0,227.0,358.0,365.0,379.0,419.0,422.0,424.0,425.0,459.0,536.0,602.0,664.0,739.0,771.0,825.0,856.0,927.0,976.0,976.0,980.0,
5.0,22.0,60.0,75.0,78.0,103.0,137.0,138.0,145.0,149.0,157.0,176.0,243.0,277.0,277.0,295.0,306.0,334.0,342.0,380.0,391.0,397.0,428.0,432.0,460.0,469.0,493.0,500.0,514.0,546.0,552.0,594.0,646.0,712.0,734.0,787.0,806.0,811.0,837.0,855.0,857.0,878.0,933.0,961.0,
8.0,20.0,24.0,48.0,90.0,112.0,117.0,200.0,213.0,218.0,219.0,246.0,247.0,261.0,279.0,359.0,409.0,437.0,464.0,491.0,510.0,519.0,542.0,553.0,609.0,632.0,641.0,665.0,677.0,713.0,733.0,755.0,772.0,786.0,875.0,895.0,965.0,
3.0,17.0,35.0,54.0,55.0,60.0,72.0,98.0,100.0,130.0,146.0,174.0,211.0,244.0,251.0,286.0,319.0,333.0,349.0,394.0,428.0,434.0,434.0,435.0,448.0,455.0,487.0,536.0,539.0,635.0,646.0,712.0,725.0,763.0,812.0,814.0,845.0,860.0,886.0,900.0,928.0,933.0,937.0,943.0,969.0,983.0,985.0,997.0,
58.0,93.0,95.0,115.0,133.0,169.0,257.0,276.0,292.0,336.0,358.0,366.0,374.0,382.0,412.0,419.0,462.0,478.0,483.0,551.0,570.0,611.0,629.0,671.0,672.0,679.0,734.0,740.0,766.0,786.0,799.0,817.0,873.0,897.0,909.0,910.0,954.0,993.0,
32.0,91.0,108.0,186.0,191.0,196.0,199.0,246.0,247.0,297.0,300.0,301.0,306.0,316.0,340.0,356.0,389.0,406.0,420.0,442.0,444.0,444.0,530.0,539.0,543.0,553.0,554.0,557.0,562.0,578.0,587.0,589.0,595.0,652.0,670.0,689.0,691.0,693.0,695.0,699.0,707.0,734.0,749.0,754.0,754.0,764.0,768.0,791.0,798.0,860.0,882.0,
61.0,73.0,105.0,173.0,177.0,184.0,213.0,223.0,275.0,383.0,384.0,386.0,387.0,392.0,403.0,415.0,438.0,492.0,510.0,527.0,540.0,554.0,607.0,614.0,633.0,634.0,637.0,666.0,669.0,670.0,681.0,696.0,727.0,764.0,779.0,780.0,795.0,803.0,906.0,919.0,960.0,
27.0,52.0,79.0,104.0,127.0,135.0,235.0,293.0,322.0,344.0,402.0,434.0,461.0,466.0,476.0,569.0,571.0,589.0,590.0,674.0,682.0,697.0,705.0,822.0,828.0,829.0,847.0,933.0,947.0,970.0,
14.0,25.0,57.0,59.0,96.0,178.0,227.0,228.0,281.0,305.0,312.0,373.0,461.0,467.0,484.0,496.0,521.0,569.0,617.0,619.0,636.0,717.0,765.0,864.0,911.0,980.0,993.0,
22.0,27.0,31.0,58.0,109.0,132.0,165.0,175.0,251.0,319.0,330.0,418.0,423.0,472.0,498.0,549.0,560.0,585.0,588.0,609.0,639.0,680.0,726.0,744.0,762.0,808.0,817.0,837.0,841.0,866.0,874.0,977.0,
23.0,24.0,26.0,70.0,112.0,115.0,149.0,232.0,236.0,270.0,282.0,304.0,310.0,334.0,349.0,376.0,386.0,429.0,443.0,445.0,452.0,452.0,476.0,506.0,536.0,587.0,591.0,652.0,652.0,702.0,733.0,768.0,804.0,824.0,834.0,891.0,919.0,965.0,972.0,
4.0,46.0,55.0,80.0,82.0,98.0,117.0,185.0,187.0,284.0,285.0,456.0,469.0,503.0,509.0,531.0,553.0,587.0,636.0,658.0,663.0,684.0,689.0,711.0,740.0,741.0,769.0,785.0,797.0,802.0,858.0,884.0,956.0,992.0,
77.0,109.0,110.0,123.0,135.0,162.0,226.0,231.0,269.0,320.0,396.0,405.0,458.0,472.0,541.0,573.0,585.0,630.0,648.0,680.0,686.0,713.0,724.0,818.0,878.0,901.0,920.0,925.0,941.0,970.0,
30.0,64.0,80.0,81.0,81.0,90.0,127.0,139.0,167.0,191.0,230.0,272.0,273.0,279.0,302.0,369.0,419.0,441.0,543.0,563.0,566.0,597.0,600.0,601.0,635.0,643.0,646.0,663.0,687.0,695.0,710.0,711.0,722.0,730.0,784.0,796.0,796.0,827.0,844.0,861.0,865.0,892.0,897.0,927.0,956.0,976.0,995.0,
3.0,24.0,29.0,192.0,204.0,277.0,277.0,293.0,297.0,307.0,332.0,351.0,358.0,393.0,410.0,433.0,458.0,504.0,516.0,566.0,586.0,598.0,604.0,703.0,715.0,717.0,743.0,752.0,756.0,839.0,864.0,892.0,933.0,934.0,995.0,
35.0,66.0,84.0,106.0,236.0,240.0,280.0,281.0,290.0,327.0,336.0,351.0,411.0,475.0,484.0,501.0,632.0,648.0,670.0,673.0,703.0,785.0,822.0,843.0,894.0,910.0,936.0,965.0,970.0,982.0,991.0,
15.0,17.0,26.0,37.0,41.0,45.0,61.0,64.0,107.0,199.0,251.0,256.0,282.0,314.0,320.0,328.0,378.0,393.0,425.0,431.0,446.0,469.0,477.0,484.0,512.0,628.0,658.0,682.0,724.0,757.0,799.0,803.0,860.0,861.0,925.0,947.0,956.0,
22.0,46.0,77.0,80.0,157.0,157.0,198.0,260.0,285.0,312.0,342.0,386.0,413.0,452.0,458.0,475.0,484.0,501.0,502.0,563.0,685.0,686.0,691.0,715.0,748.0,801.0,804.0,827.0,846.0,866.0,878.0,896.0,942.0,966.0,966.0,
21.0,32.0,51.0,112.0,131.0,133.0,158.0,174.0,187.0,198.0,202.0,204.0,213.0,248.0,251.0,275.0,359.0,438.0,460.0,460.0,504.0,517.0,527.0,550.0,561.0,577.0,613.0,620.0,630.0,645.0,650.0,665.0,727.0,777.0,840.0,854.0,900.0,919.0,922.0,944.0,974.0,985.0,988.0,
15.0,20.0,22.0,38.0,39.0,81.0,142.0,180.0,189.0,259.0,265.0,282.0,296.0,300.0,399.0,403.0,427.0,558.0,576.0,653.0,653.0,673.0,677.0,743.0,744.0,801.0,834.0,879.0,926.0,933.0,943.0,961.0,986.0,986.0,997.0,
2.0,11.0,27.0,66.0,131.0,243.0,258.0,283.0,310.0,334.0,398.0,468.0,482.0,511.0,530.0,577.0,619.0,647.0,677.0,722.0,728.0,745.0,759.0,777.0,831.0,887.0,896.0,990.0,996.0,
33.0,37.0,41.0,58.0,92.0,92.0,95.0,100.0,141.0,161.0,265.0,303.0,325.0,349.0,361.0,361.0,442.0,454.0,547.0,554.0,577.0,616.0,649.0,675.0,677.0,685.0,715.0,771.0,816.0,827.0,845.0,903.0,950.0,979.0,
9.0,16.0,46.0,66.0,115.0,142.0,148.0,151.0,168.0,195.0,230.0,262.0,286.0,377.0,380.0,418.0,453.0,479.0,493.0,504.0,517.0,531.0,533.0,561.0,569.0,584.0,591.0,601.0,604.0,631.0,636.0,661.0,715.0,757.0,844.0,859.0,891.0,908.0,912.0,928.0,931.0,936.0,954.0,986.0,
112.0,126.0,194.0,197.0,197.0,222.0,234.0,246.0,261.0,301.0,366.0,384.0,392.0,466.0,478.0,490.0,496.0,561.0,591.0,596.0,605.0,644.0,658.0,710.0,761.0,771.0,778.0,798.0,819.0,830.0,844.0,859.0,896.0,898.0,910.0,926.0,939.0,972.0,978.0,
8.0,105.0,108.0,135.0,157.0,160.0,165.0,173.0,237.0,267.0,284.0,295.0,300.0,307.0,314.0,344.0,347.0,378.0,396.0,412.0,483.0,487.0,
2.0,39.0,72.0,114.0,130.0,148.0,233.0,248.0,248.0,304.0,334.0,339.0,373.0,386.0,389.0,502.0,
9.0,21.0,92.0,92.0,192.0,272.0,284.0,311.0,321.0,367.0,417.0,431.0,455.0,470.0,
14.0,17.0,34.0,47.0,54.0,55.0,78.0,113.0,116.0,119.0,157.0,201.0,241.0,328.0,333.0,350.0,395.0,409.0,473.0,517.0,640.0,731.0,746.0,767.0,768.0,791.0,796.0,803.0,807.0,817.0,838.0,838.0,861.0,870.0,880.0,920.0,951.0,978.0,986.0,
5.0,36.0,50.0,59.0,68.0,74.0,75.0,94.0,212.0,252.0,323.0,364.0,387.0,389.0,395.0,399.0,429.0,459.0,478.0,484.0,491.0,503.0,562.0,578.0,610.0,625.0,647.0,647.0,649.0,665.0,786.0,787.0,789.0,793.0,882.0,899.0,917.0,930.0,948.0,960.0,972.0,976.0,979.0,993.0,
29.0,34.0,75.0,84.0,132.0,135.0,177.0,177.0,204.0,241.0,246.0,315.0,325.0,360.0,363.0,395.0,400.0,423.0,490.0,502.0,507.0,512.0,561.0,618.0,623.0,669.0,692.0,703.0,720.0,747.0,808.0,866.0,894.0,941.0,950.0,
22.0,29.0,30.0,81.0,89.0,109.0,119.0,167.0,188.0,356.0,472.0,486.0,512.0,528.0,700.0,737.0,758.0,778.0,838.0,927.0,931.0,953.0,967.0,974.0,
2.0,6.0,8.0,48.0,93.0,95.0,144.0,153.0,156.0,219.0,245.0,316.0,353.0,360.0,382.0,412.0,434.0,480.0,487.0,531.0,534.0,541.0,637.0,646.0,651.0,681.0,737.0,765.0,766.0,770.0,811.0,813.0,831.0,852.0,940.0,945.0,948.0,949.0,
60.0,72.0,138.0,201.0,222.0,227.0,277.0,284.0,314.0,367.0,409.0,410.0,423.0,432.0,452.0,546.0,549.0,577.0,584.0,594.0,615.0,625.0,691.0,707.0,741.0,755.0,767.0,807.0,810.0,823.0,834.0,850.0,862.0,876.0,980.0,981.0,982.0,995.0,
18.0,117.0,125.0,133.0,142.0,142.0,169.0,196.0,202.0,205.0,214.0,271.0,302.0,305.0,307.0,396.0,428.0,450.0,457.0,462.0,471.0,486.0,661.0,664.0,673.0,732.0,759.0,798.0,821.0,872.0,
3.0,11.0,14.0,24.0,90.0,109.0,171.0,190.0,193.0,211.0,252.0,253.0,274.0,378.0,386.0,399.0,439.0,452.0,461.0,469.0,481.0,
11.0,32.0,89.0,95.0,96.0,97.0,106.0,223.0,232.0,299.0,319.0,343.0,376.0,380.0,388.0,392.0,392.0,409.0,
3.0,5.0,26.0,32.0,60.0,99.0,115.0,121.0,134.0,138.0,154.0,195.0,205.0,217.0,219.0,274.0,277.0,298.0,306.0,315.0,359.0,439.0,439.0,475.0,489.0,503.0,
13.0,15.0,83.0,85.0,122.0,151.0,157.0,197.0,208.0,215.0,234.0,260.0,286.0,300.0,311.0,325.0,328.0,330.0,346.0,397.0,472.0,481.0,604.0,628.0,771.0,821.0,840.0,849.0,851.0,900.0,901.0,923.0,923.0,927.0,
17.0,69.0,70.0,103.0,109.0,129.0,144.0,153.0,161.0,188.0,192.0,234.0,238.0,251.0,307.0,309.0,331.0,384.0,457.0,488.0,495.0,502.0,529.0,539.0,604.0,667.0,683.0,692.0,693.0,713.0,724.0,726.0,737.0,746.0,840.0,880.0,897.0,904.0,923.0,
24.0,50.0,59.0,63.0,111.0,113.0,133.0,151.0,188.0,194.0,222.0,224.0,231.0,259.0,262.0,278.0,296.0,393.0,490.0,529.0,579.0,580.0,589.0,622.0,666.0,670.0,679.0,694.0,712.0,728.0,735.0,751.0,757.0,758.0,852.0,857.0,873.0,900.0,908.0,924.0,950.0,973.0,
3.0,73.0,94.0,107.0,142.0,173.0,187.0,232.0,429.0,455.0,456.0,462.0,495.0,553.0,555.0,583.0,598.0,608.0,642.0,649.0,671.0,695.0,707.0,722.0,784.0,789.0,825.0,826.0,834.0,840.0,852.0,892.0,921.0,965.0,982.0,991.0,
20.0,39.0,45.0,59.0,65.0,95.0,99.0,112.0,124.0,133.0,210.0,218.0,226.0,259.0,280.0,369.0,427.0,455.0,551.0,567.0,594.0,720.0,752.0,837.0,857.0,883.0,908.0,916.0,931.0,968.0,992.0,993.0,
72.0,93.0,97.0,105.0,121.0,126.0,141.0,146.0,184.0,205.0,236.0,246.0,270.0,359.0,411.0,486.0,494.0,496.0,522.0,550.0,587.0,703.0,710.0,762.0,783.0,795.0,813.0,817.0,851.0,853.0,858.0,883.0,883.0,885.0,928.0,980.0,
19.0,33.0,48.0,71.0,73.0,81.0,109.0,117.0,123.0,137.0,188.0,195.0,204.0,231.0,246.0,296.0,336.0,339.0,362.0,372.0,390.0,466.0,470.0,508.0,585.0,599.0,608.0,623.0,637.0,667.0,668.0,703.0,703.0,710.0,722.0,734.0,752.0,774.0,779.0,811.0,820.0,831.0,836.0,840.0,850.0,878.0,883.0,899.0,905.0,921.0,923.0,950.0,959.0,990.0,
46.0,80.0,143.0,198.0,199.0,217.0,230.0,238.0,292.0,305.0,324.0,329.0,342.0,357.0,380.0,426.0,432.0,435.0,439.0,501.0,
16.0,56.0,99.0,104.0,120.0,120.0,131.0,208.0,212.0,213.0,225.0,311.0,351.0,363.0,386.0,419.0,422.0,452.0,471.0,481.0,483.0,485.0,
6.0,13.0,46.0,64.0,85.0,110.0,114.0,126.0,142.0,168.0,171.0,188.0,215.0,252.0,307.0,331.0,342.0,347.0,393.0,422.0,424.0,438.0,473.0,
102.0,128.0,159.0,166.0,183.0,218.0,274.0,286.0,287.0,292.0,307.0,382.0,406.0,424.0,434.0,437.0,438.0,443.0,478.0,512.0,606.0,627.0,633.0,652.0,664.0,696.0,698.0,729.0,738.0,760.0,777.0,787.0,801.0,813.0,817.0,833.0,838.0,840.0,851.0,857.0,865.0,867.0,892.0,926.0,928.0,942.0,968.0,970.0,986.0,995.0,
43.0,71.0,73.0,77.0,101.0,113.0,133.0,138.0,156.0,167.0,191.0,234.0,292.0,348.0,406.0,458.0,524.0,526.0,529.0,534.0,556.0,573.0,620.0,628.0,629.0,634.0,649.0,651.0,656.0,656.0,710.0,730.0,778.0,784.0,839.0,851.0,859.0,915.0,965.0,966.0,993.0,
30.0,34.0,39.0,61.0,97.0,129.0,133.0,148.0,167.0,205.0,244.0,286.0,288.0,293.0,307.0,314.0,326.0,351.0,380.0,391.0,398.0,450.0,495.0,528.0,582.0,584.0,659.0,662.0,667.0,675.0,687.0,733.0,908.0,925.0,994.0,
13.0,80.0,113.0,152.0,155.0,164.0,246.0,265.0,282.0,288.0,291.0,296.0,311.0,355.0,367.0,389.0,436.0,480.0,489.0,495.0,529.0,547.0,566.0,577.0,613.0,641.0,660.0,688.0,726.0,742.0,807.0,858.0,911.0,925.0,941.0,
19.0,20.0,40.0,68.0,109.0,116.0,201.0,201.0,221.0,245.0,265.0,324.0,357.0,365.0,378.0,379.0,389.0,521.0,569.0,594.0,603.0,612.0,616.0,678.0,722.0,779.0,786.0,793.0,806.0,817.0,829.0,841.0,864.0,924.0,990.0,
11.0,46.0,52.0,83.0,109.0,115.0,118.0,133.0,153.0,211.0,239.0,273.0,294.0,321.0,337.0,341.0,357.0,364.0,398.0,477.0,495.0,512.0,515.0,584.0,617.0,618.0,674.0,689.0,697.0,698.0,699.0,705.0,725.0,746.0,758.0,765.0,802.0,804.0,814.0,821.0,852.0,854.0,898.0,953.0,980.0,
7.0,24.0,49.0,112.0,153.0,165.0,167.0,193.0,206.0,244.0,246.0,299.0,414.0,418.0,510.0,544.0,569.0,601.0,608.0,717.0,718.0,740.0,772.0,780.0,792.0,798.0,832.0,885.0,907.0,918.0,923.0,978.0,
94.0,98.0,129.0,146.0,172.0,250.0,302.0,348.0,348.0,364.0,368.0,392.0,440.0,446.0,466.0,522.0,649.0,684.0,692.0,700.0,703.0,705.0,710.0,743.0,782.0,801.0,824.0,826.0,901.0,970.0,
13.0,13.0,14.0,49.0,74.0,100.0,120.0,164.0,200.0,239.0,246.0,252.0,262.0,264.0,264.0,331.0,340.0,348.0,365.0,383.0,387.0,405.0,413.0,454.0,599.0,619.0,619.0,632.0,638.0,718.0,752.0,758.0,781.0,789.0,815.0,926.0,942.0,979.0,
60.0,62.0,140.0,153.0,156.0,196.0,223.0,229.0,277.0,312.0,332.0,358.0,363.0,384.0,404.0,408.0,469.0,675.0,702.0,731.0,734.0,744.0,753.0,779.0,805.0,814.0,843.0,844.0,856.0,872.0,901.0,937.0,949.0,952.0,970.0,976.0,
4.0,43.0,60.0,73.0,85.0,92.0,147.0,158.0,224.0,255.0,269.0,318.0,365.0,430.0,439.0,446.0,452.0,455.0,461.0,462.0,482.0,483.0,484.0,490.0,514.0,570.0,594.0,604.0,634.0,640.0,668.0,698.0,709.0,723.0,750.0,771.0,782.0,828.0,830.0,864.0,903.0,908.0,911.0,968.0,969.0,987.0,992.0,997.0,
59.0,84.0,95.0,102.0,127.0,128.0,157.0,168.0,182.0,239.0,264.0,278.0,280.0,310.0,322.0,354.0,370.0,461.0,476.0,481.0,508.0,572.0,592.0,617.0,629.0,660.0,674.0,775.0,780.0,785.0,838.0,880.0,892.0,912.0,920.0,941.0,945.0,965.0,983.0,984.0,
3.0,12.0,35.0,43.0,89.0,152.0,173.0,218.0,275.0,293.0,303.0,309.0,436.0,450.0,457.0,493.0,498.0,515.0,554.0,559.0,591.0,649.0,656.0,688.0,717.0,717.0,779.0,822.0,845.0,897.0,910.0,960.0,975.0,986.0,
32.0,61.0,86.0,133.0,183.0,192.0,211.0,219.0,232.0,277.0,292.0,292.0,295.0,331.0,371.0,415.0,547.0,578.0,580.0,645.0,648.0,670.0,672.0,693.0,719.0,728.0,847.0,859.0,868.0,925.0,981.0,988.0,
56.0,82.0,104.0,127.0,133.0,161.0,202.0,234.0,255.0,351.0,387.0,436.0,451.0,495.0,495.0,506.0,514.0,519.0,536.0,544.0,590.0,622.0,637.0,647.0,671.0,722.0,736.0,774.0,816.0,887.0,917.0,929.0,952.0,957.0,
6.0,22.0,43.0,45.0,59.0,60.0,83.0,94.0,152.0,210.0,292.0,338.0,365.0,379.0,403.0,427.0,462.0,467.0,470.0,493.0,533.0,545.0,547.0,574.0,603.0,606.0,610.0,672.0,776.0,779.0,798.0,822.0,912.0,931.0,932.0,958.0,959.0,988.0,995.0,
24.0,47.0,70.0,136.0,177.0,190.0,207.0,215.0,259.0,271.0,304.0,322.0,340.0,349.0,365.0,397.0,399.0,435.0,457.0,480.0,562.0,595.0,600.0,638.0,643.0,667.0,668.0,693.0,752.0,763.0,768.0,790.0,794.0,796.0,807.0,809.0,815.0,830.0,856.0,874.0,952.0,968.0,
17.0,45.0,54.0,100.0,122.0,126.0,136.0,140.0,247.0,284.0,309.0,317.0,317.0,407.0,426.0,465.0,489.0,493.0,532.0,579.0,650.0,655.0,684.0,693.0,696.0,723.0,756.0,781.0,793.0,869.0,877.0,883.0,901.0,925.0,972.0,
4.0,26.0,55.0,88.0,89.0,124.0,192.0,222.0,227.0,280.0,337.0,338.0,352.0,422.0,457.0,500.0,521.0,527.0,536.0,576.0,604.0,605.0,630.0,631.0,641.0,698.0,705.0,711.0,719.0,739.0,762.0,771.0,780.0,815.0,873.0,902.0,912.0,948.0,975.0,988.0,
86.0,156.0,222.0,223.0,227.0,244.0,257.0,276.0,284.0,309.0,337.0,395.0,403.0,468.0,481.0,486.0,501.0,526.0,529.0,579.0,602.0,609.0,610.0,625.0,671.0,745.0,800.0,801.0,805.0,827.0,884.0,915.0,959.0,968.0,996.0,
45.0,85.0,115.0,223.0,246.0,268.0,313.0,330.0,330.0,359.0,437.0,457.0,474.0,499.0,528.0,537.0,578.0,600.0,616.0,667.0,704.0,730.0,763.0,764.0,843.0,878.0,909.0,921.0,926.0,929.0,934.0,935.0,968.0,978.0,
19.0,47.0,48.0,108.0,115.0,177.0,180.0,192.0,206.0,207.0,218.0,388.0,412.0,444.0,460.0,504.0,511.0,522.0,537.0,539.0,553.0,562.0,566.0,573.0,607.0,632.0,639.0,653.0,658.0,697.0,729.0,738.0,759.0,787.0,793.0,818.0,827.0,847.0,894.0,963.0,993.0,
56.0,98.0,119.0,200.0,227.0,238.0,262.0,268.0,287.0,310.0,330.0,345.0,376.0,410.0,428.0,450.0,453.0,504.0,607.0,645.0,662.0,674.0,677.0,687.0,708.0,717.0,738.0,741.0,746.0,747.0,836.0,884.0,904.0,944.0,973.0,991.0,
52.0,72.0,83.0,84.0,103.0,153.0,162.0,168.0,188.0,219.0,224.0,228.0,235.0,240.0,266.0,266.0,297.0,298.0,348.0,371.0,393.0,429.0,453.0,474.0,486.0,504.0,508.0,513.0,525.0,538.0,577.0,674.0,680.0,736.0,752.0,777.0,815.0,872.0,873.0,894.0,959.0,998.0,
47.0,50.0,52.0,58.0,97.0,101.0,136.0,162.0,187.0,201.0,270.0,319.0,356.0,400.0,424.0,437.0,447.0,454.0,475.0,482.0,517.0,530.0,532.0,554.0,582.0,589.0,621.0,640.0,641.0,660.0,667.0,731.0,740.0,799.0,809.0,841.0,867.0,885.0,904.0,918.0,990.0,
123.0,125.0,146.0,202.0,214.0,215.0,227.0,247.0,263.0,301.0,322.0,328.0,330.0,344.0,388.0,395.0,434.0,464.0,528.0,617.0,627.0,638.0,640.0,650.0,651.0,724.0,758.0,792.0,812.0,816.0,851.0,912.0,925.0,971.0,
11.0,18.0,24.0,78.0,208.0,228.0,274.0,284.0,297.0,297.0,299.0,301.0,306.0,310.0,313.0,369.0,380.0,386.0,426.0,465.0,498.0,501.0,527.0,541.0,569.0,579.0,584.0,596.0,622.0,633.0,697.0,707.0,752.0,798.0,827.0,900.0,924.0,964.0,966.0,
25.0,52.0,56.0,57.0,62.0,92.0,115.0,134.0,137.0,140.0,254.0,264.0,296.0,306.0,307.0,313.0,318.0,319.0,324.0,325.0,428.0,430.0,436.0,441.0,496.0,503.0,520.0,524.0,525.0,574.0,628.0,655.0,667.0,680.0,698.0,709.0,784.0,801.0,850.0,859.0,866.0,869.0,914.0,938.0,
8.0,45.0,94.0,100.0,146.0,214.0,236.0,244.0,249.0,347.0,435.0,447.0,482.0,516.0,520.0,550.0,625.0,628.0,629.0,634.0,652.0,662.0,670.0,683.0,735.0,794.0,840.0,849.0,919.0,948.0,
43.0,43.0,100.0,115.0,139.0,169.0,191.0,203.0,204.0,208.0,236.0,252.0,298.0,346.0,350.0,372.0,379.0,388.0,450.0,458.0,489.0,490.0,521.0,547.0,670.0,681.0,718.0,772.0,805.0,843.0,862.0,946.0,950.0,964.0,978.0,
20.0,24.0,30.0,44.0,60.0,106.0,106.0,131.0,296.0,315.0,317.0,337.0,350.0,415.0,457.0,501.0,517.0,519.0,561.0,562.0,565.0,589.0,606.0,616.0,622.0,677.0,722.0,780.0,807.0,860.0,870.0,889.0,957.0,960.0,969.0,974.0,978.0,1000.0,
38.0,111.0,127.0,150.0,162.0,179.0,224.0,231.0,266.0,343.0,431.0,438.0,454.0,462.0,473.0,504.0,534.0,537.0,538.0,549.0,560.0,605.0,659.0,660.0,670.0,705.0,788.0,824.0,829.0,831.0,848.0,851.0,853.0,872.0,907.0,942.0,999.0,
52.0,107.0,113.0,130.0,142.0,175.0,182.0,217.0,217.0,220.0,234.0,241.0,263.0,332.0,363.0,396.0,404.0,423.0,507.0,522.0,560.0,608.0,620.0,628.0,643.0,722.0,723.0,724.0,743.0,744.0,749.0,760.0,777.0,802.0,815.0,831.0,851.0,857.0,885.0,985.0,
