95.0,106.0,117.0,136.0,136.0,152.0,167.0,177.0,201.0,260.0,283.0,286.0,358.0,370.0,436.0,447.0,500.0,511.0,538.0,579.0,641.0,662.0,663.0,664.0,674.0,720.0,726.0,738.0,778.0,837.0,883.0,885.0,889.0,909.0,986.0,988.0,999.0,
20.0,40.0,80.0,81.0,94.0,143.0,144.0,164.0,166.0,170.0,261.0,351.0,359.0,362.0,418.0,456.0,466.0,475.0,510.0,525.0,652.0,708.0,779.0,854.0,872.0,887.0,956.0,962.0,
15.0,28.0,83.0,98.0,120.0,120.0,169.0,170.0,247.0,294.0,298.0,301.0,338.0,349.0,384.0,393.0,396.0,438.0,466.0,488.0,625.0,646.0,658.0,685.0,779.0,802.0,846.0,854.0,872.0,880.0,911.0,975.0,
3.0,4.0,131.0,137.0,206.0,236.0,240.0,260.0,300.0,302.0,311.0,315.0,437.0,469.0,496.0,505.0,505.0,553.0,663.0,672.0,752.0,762.0,782.0,835.0,839.0,853.0,874.0,887.0,897.0,905.0,906.0,935.0,938.0,
3.0,20.0,23.0,77.0,124.0,135.0,194.0,223.0,225.0,226.0,230.0,260.0,293.0,304.0,336.0,352.0,360.0,388.0,394.0,458.0,475.0,606.0,643.0,658.0,669.0,683.0,686.0,708.0,712.0,736.0,766.0,820.0,822.0,854.0,856.0,870.0,884.0,915.0,929.0,963.0,999.0,999.0,
6.0,125.0,129.0,139.0,141.0,176.0,226.0,290.0,307.0,324.0,326.0,331.0,333.0,334.0,345.0,348.0,374.0,392.0,418.0,418.0,433.0,465.0,520.0,551.0,579.0,600.0,613.0,630.0,635.0,663.0,698.0,704.0,832.0,880.0,894.0,963.0,
51.0,56.0,89.0,134.0,140.0,191.0,249.0,290.0,313.0,350.0,379.0,438.0,445.0,470.0,488.0,516.0,523.0,577.0,607.0,662.0,679.0,685.0,695.0,722.0,760.0,777.0,784.0,825.0,868.0,882.0,889.0,896.0,897.0,906.0,936.0,942.0,952.0,969.0,978.0,986.0,
53.0,56.0,91.0,155.0,163.0,169.0,228.0,232.0,299.0,326.0,395.0,409.0,409.0,451.0,484.0,488.0,503.0,510.0,534.0,576.0,596.0,615.0,634.0,652.0,693.0,801.0,821.0,864.0,872.0,878.0,883.0,913.0,999.0,1000.0,
7.0,13.0,52.0,83.0,88.0,103.0,121.0,122.0,168.0,264.0,334.0,359.0,378.0,405.0,430.0,511.0,539.0,567.0,601.0,623.0,645.0,659.0,701.0,720.0,726.0,734.0,749.0,845.0,875.0,888.0,911.0,912.0,927.0,1000.0,
4.0,5.0,19.0,75.0,95.0,96.0,117.0,151.0,229.0,307.0,393.0,400.0,425.0,430.0,431.0,445.0,467.0,472.0,600.0,627.0,638.0,712.0,743.0,749.0,752.0,834.0,909.0,926.0,962.0,
8.0,17.0,34.0,110.0,121.0,141.0,175.0,249.0,267.0,269.0,304.0,335.0,340.0,354.0,363.0,374.0,375.0,380.0,401.0,401.0,403.0,404.0,412.0,457.0,466.0,490.0,490.0,496.0,606.0,613.0,641.0,649.0,649.0,651.0,655.0,662.0,726.0,736.0,763.0,797.0,813.0,883.0,911.0,970.0,
22.0,62.0,66.0,131.0,186.0,189.0,220.0,241.0,304.0,345.0,376.0,428.0,496.0,577.0,583.0,597.0,615.0,624.0,641.0,659.0,671.0,679.0,700.0,723.0,754.0,800.0,810.0,843.0,844.0,889.0,936.0,963.0,981.0,981.0,
10.0,11.0,15.0,49.0,78.0,81.0,84.0,92.0,94.0,115.0,121.0,200.0,209.0,220.0,231.0,257.0,276.0,292.0,302.0,343.0,359.0,369.0,384.0,384.0,400.0,429.0,464.0,476.0,531.0,531.0,542.0,553.0,567.0,571.0,588.0,622.0,710.0,722.0,726.0,782.0,799.0,817.0,831.0,835.0,914.0,940.0,952.0,965.0,980.0,
7.0,37.0,108.0,112.0,189.0,198.0,255.0,274.0,304.0,366.0,370.0,404.0,531.0,534.0,535.0,536.0,550.0,578.0,598.0,626.0,628.0,634.0,696.0,749.0,760.0,761.0,769.0,781.0,795.0,826.0,831.0,856.0,937.0,978.0,988.0,994.0,
17.0,66.0,87.0,107.0,149.0,168.0,171.0,196.0,201.0,231.0,243.0,246.0,261.0,308.0,364.0,421.0,426.0,492.0,508.0,554.0,559.0,586.0,610.0,611.0,619.0,666.0,696.0,708.0,711.0,734.0,851.0,871.0,879.0,886.0,900.0,916.0,917.0,946.0,
57.0,84.0,115.0,194.0,247.0,283.0,300.0,304.0,342.0,384.0,392.0,393.0,441.0,450.0,451.0,469.0,492.0,515.0,518.0,533.0,543.0,543.0,546.0,555.0,595.0,615.0,616.0,644.0,652.0,666.0,673.0,696.0,702.0,745.0,753.0,760.0,770.0,781.0,813.0,831.0,837.0,839.0,878.0,882.0,884.0,947.0,959.0,976.0,991.0,
30.0,47.0,53.0,54.0,57.0,72.0,94.0,95.0,97.0,108.0,155.0,167.0,221.0,256.0,282.0,344.0,378.0,384.0,387.0,442.0,463.0,483.0,517.0,539.0,567.0,581.0,597.0,605.0,607.0,710.0,781.0,817.0,818.0,829.0,831.0,872.0,909.0,985.0,
10.0,83.0,103.0,137.0,239.0,247.0,250.0,251.0,291.0,307.0,312.0,344.0,370.0,413.0,414.0,474.0,523.0,535.0,601.0,641.0,666.0,690.0,726.0,733.0,743.0,768.0,779.0,781.0,793.0,807.0,838.0,855.0,928.0,935.0,941.0,949.0,959.0,994.0,
2.0,30.0,58.0,87.0,133.0,173.0,229.0,253.0,256.0,282.0,290.0,353.0,388.0,425.0,436.0,464.0,467.0,509.0,518.0,560.0,586.0,590.0,601.0,634.0,673.0,686.0,722.0,729.0,815.0,850.0,862.0,883.0,925.0,939.0,
16.0,42.0,54.0,55.0,61.0,63.0,69.0,80.0,89.0,131.0,140.0,161.0,167.0,176.0,245.0,250.0,326.0,329.0,329.0,345.0,456.0,471.0,489.0,500.0,525.0,559.0,572.0,607.0,655.0,667.0,670.0,703.0,733.0,739.0,803.0,804.0,811.0,825.0,836.0,842.0,866.0,908.0,929.0,953.0,953.0,955.0,983.0,
35.0,62.0,162.0,167.0,186.0,204.0,213.0,220.0,249.0,257.0,260.0,288.0,320.0,402.0,434.0,456.0,468.0,474.0,508.0,529.0,544.0,556.0,560.0,606.0,662.0,733.0,736.0,739.0,762.0,773.0,817.0,972.0,990.0,
17.0,40.0,48.0,89.0,90.0,98.0,146.0,161.0,185.0,210.0,216.0,221.0,257.0,316.0,486.0,486.0,489.0,519.0,534.0,567.0,567.0,584.0,586.0,596.0,625.0,710.0,718.0,752.0,767.0,777.0,814.0,827.0,838.0,865.0,912.0,942.0,942.0,983.0,
11.0,16.0,17.0,20.0,21.0,26.0,67.0,96.0,176.0,215.0,228.0,298.0,343.0,368.0,396.0,399.0,402.0,446.0,487.0,488.0,508.0,512.0,557.0,577.0,610.0,680.0,686.0,706.0,707.0,716.0,733.0,747.0,751.0,901.0,942.0,951.0,
36.0,39.0,46.0,66.0,87.0,105.0,194.0,211.0,363.0,368.0,379.0,380.0,390.0,439.0,494.0,497.0,595.0,635.0,675.0,684.0,710.0,727.0,738.0,750.0,767.0,768.0,775.0,811.0,857.0,885.0,896.0,896.0,978.0,
45.0,78.0,87.0,87.0,135.0,153.0,163.0,163.0,165.0,219.0,231.0,232.0,248.0,267.0,286.0,326.0,340.0,347.0,371.0,382.0,414.0,416.0,420.0,456.0,469.0,511.0,559.0,565.0,596.0,609.0,627.0,705.0,733.0,795.0,799.0,820.0,846.0,876.0,883.0,899.0,913.0,927.0,989.0,
8.0,18.0,39.0,68.0,79.0,88.0,105.0,121.0,239.0,254.0,256.0,308.0,454.0,457.0,483.0,506.0,517.0,532.0,534.0,581.0,591.0,601.0,633.0,710.0,722.0,788.0,792.0,857.0,869.0,870.0,922.0,928.0,976.0,995.0,999.0,
6.0,9.0,26.0,46.0,51.0,78.0,84.0,90.0,110.0,133.0,150.0,212.0,213.0,225.0,235.0,271.0,320.0,348.0,416.0,431.0,507.0,540.0,566.0,567.0,571.0,579.0,603.0,640.0,642.0,672.0,691.0,715.0,735.0,747.0,799.0,892.0,898.0,910.0,917.0,930.0,947.0,973.0,997.0,
9.0,19.0,24.0,72.0,186.0,189.0,193.0,196.0,209.0,215.0,250.0,274.0,298.0,304.0,347.0,387.0,423.0,431.0,432.0,491.0,539.0,560.0,574.0,581.0,617.0,738.0,748.0,807.0,835.0,840.0,874.0,897.0,918.0,923.0,931.0,948.0,954.0,956.0,
2.0,40.0,64.0,111.0,116.0,139.0,157.0,262.0,288.0,307.0,353.0,399.0,444.0,444.0,449.0,453.0,478.0,489.0,515.0,526.0,635.0,639.0,694.0,699.0,700.0,709.0,718.0,739.0,752.0,781.0,807.0,818.0,836.0,854.0,887.0,897.0,912.0,934.0,953.0,961.0,
5.0,14.0,55.0,117.0,153.0,209.0,233.0,239.0,286.0,293.0,309.0,335.0,432.0,471.0,505.0,530.0,630.0,630.0,646.0,646.0,655.0,664.0,675.0,678.0,700.0,715.0,741.0,771.0,784.0,831.0,841.0,922.0,966.0,988.0,
31.0,46.0,92.0,168.0,234.0,305.0,309.0,324.0,339.0,359.0,387.0,422.0,436.0,447.0,450.0,475.0,506.0,558.0,589.0,600.0,628.0,660.0,660.0,682.0,684.0,740.0,822.0,937.0,967.0,
14.0,46.0,165.0,213.0,242.0,262.0,347.0,409.0,414.0,417.0,459.0,489.0,562.0,595.0,600.0,614.0,688.0,696.0,748.0,762.0,788.0,816.0,822.0,827.0,831.0,885.0,
47.0,126.0,133.0,195.0,204.0,236.0,307.0,336.0,337.0,356.0,359.0,360.0,390.0,400.0,403.0,404.0,420.0,438.0,457.0,479.0,510.0,552.0,553.0,559.0,573.0,595.0,613.0,618.0,690.0,807.0,816.0,821.0,822.0,832.0,894.0,989.0,
4.0,29.0,79.0,88.0,162.0,163.0,174.0,218.0,233.0,261.0,291.0,291.0,315.0,360.0,376.0,400.0,457.0,488.0,495.0,504.0,623.0,674.0,693.0,696.0,712.0,737.0,745.0,753.0,814.0,817.0,825.0,829.0,870.0,874.0,981.0,997.0,
43.0,47.0,50.0,88.0,232.0,243.0,244.0,337.0,451.0,463.0,479.0,617.0,618.0,650.0,660.0,706.0,727.0,733.0,750.0,763.0,844.0,845.0,845.0,849.0,871.0,878.0,893.0,934.0,939.0,963.0,970.0,970.0,980.0,
3.0,11.0,113.0,141.0,200.0,231.0,266.0,275.0,281.0,304.0,316.0,316.0,324.0,371.0,371.0,386.0,397.0,443.0,479.0,607.0,687.0,743.0,756.0,772.0,818.0,854.0,917.0,927.0,992.0,
24.0,60.0,81.0,92.0,112.0,136.0,161.0,168.0,172.0,218.0,225.0,292.0,303.0,324.0,457.0,496.0,504.0,577.0,596.0,621.0,637.0,649.0,660.0,667.0,698.0,709.0,724.0,772.0,780.0,801.0,809.0,864.0,873.0,912.0,973.0,
21.0,26.0,36.0,81.0,101.0,152.0,198.0,201.0,243.0,253.0,259.0,261.0,289.0,328.0,419.0,422.0,422.0,435.0,437.0,486.0,504.0,543.0,569.0,598.0,631.0,663.0,709.0,720.0,723.0,776.0,808.0,836.0,860.0,909.0,922.0,925.0,931.0,958.0,981.0,984.0,1000.0,
74.0,85.0,144.0,145.0,149.0,164.0,190.0,221.0,239.0,268.0,330.0,349.0,360.0,361.0,411.0,420.0,423.0,454.0,460.0,553.0,589.0,612.0,640.0,665.0,666.0,675.0,716.0,732.0,762.0,778.0,802.0,815.0,823.0,868.0,894.0,913.0,917.0,955.0,972.0,1000.0,
48.0,129.0,240.0,253.0,273.0,285.0,308.0,326.0,341.0,373.0,391.0,448.0,488.0,489.0,491.0,493.0,511.0,541.0,579.0,592.0,607.0,662.0,698.0,726.0,741.0,748.0,762.0,762.0,762.0,821.0,841.0,850.0,886.0,922.0,941.0,980.0,990.0,997.0,
19.0,95.0,101.0,117.0,176.0,179.0,211.0,243.0,249.0,262.0,313.0,313.0,318.0,324.0,325.0,340.0,352.0,454.0,455.0,476.0,478.0,482.0,495.0,499.0,509.0,536.0,564.0,576.0,583.0,596.0,604.0,638.0,638.0,644.0,646.0,664.0,690.0,736.0,761.0,771.0,816.0,855.0,858.0,865.0,886.0,888.0,933.0,960.0,974.0,990.0,
34.0,45.0,112.0,113.0,140.0,174.0,182.0,247.0,278.0,279.0,303.0,310.0,310.0,498.0,640.0,737.0,748.0,767.0,827.0,887.0,910.0,943.0,983.0,992.0,
33.0,45.0,136.0,206.0,218.0,245.0,313.0,352.0,358.0,435.0,449.0,461.0,516.0,531.0,543.0,553.0,606.0,608.0,622.0,677.0,736.0,757.0,820.0,860.0,861.0,878.0,892.0,952.0,961.0,994.0,
41.0,167.0,220.0,249.0,274.0,279.0,311.0,387.0,464.0,471.0,509.0,512.0,515.0,519.0,639.0,702.0,706.0,738.0,766.0,792.0,798.0,815.0,842.0,843.0,843.0,852.0,870.0,878.0,934.0,964.0,1000.0,
12.0,53.0,105.0,124.0,266.0,275.0,306.0,335.0,368.0,368.0,387.0,387.0,427.0,440.0,456.0,466.0,480.0,484.0,488.0,499.0,500.0,
16.0,52.0,52.0,93.0,145.0,182.0,209.0,231.0,269.0,351.0,366.0,369.0,414.0,444.0,460.0,
25.0,100.0,120.0,132.0,136.0,151.0,168.0,214.0,253.0,332.0,361.0,415.0,449.0,452.0,
4.0,32.0,37.0,54.0,86.0,102.0,121.0,143.0,169.0,212.0,243.0,299.0,310.0,327.0,342.0,355.0,371.0,394.0,417.0,500.0,539.0,575.0,591.0,598.0,636.0,660.0,680.0,695.0,695.0,717.0,719.0,723.0,745.0,760.0,764.0,804.0,919.0,942.0,
18.0,22.0,98.0,110.0,131.0,156.0,287.0,298.0,362.0,395.0,474.0,485.0,539.0,559.0,599.0,614.0,671.0,718.0,746.0,763.0,763.0,775.0,792.0,830.0,831.0,840.0,870.0,966.0,984.0,992.0,
10.0,45.0,72.0,90.0,186.0,190.0,237.0,241.0,250.0,254.0,366.0,405.0,423.0,462.0,471.0,559.0,598.0,624.0,635.0,710.0,735.0,740.0,754.0,856.0,978.0,982.0,985.0,
24.0,51.0,83.0,94.0,190.0,191.0,196.0,205.0,210.0,223.0,269.0,361.0,419.0,423.0,429.0,464.0,465.0,473.0,518.0,545.0,582.0,625.0,674.0,720.0,745.0,777.0,782.0,852.0,858.0,881.0,903.0,910.0,912.0,923.0,934.0,943.0,953.0,
5.0,39.0,161.0,217.0,241.0,260.0,286.0,319.0,332.0,387.0,409.0,413.0,469.0,481.0,488.0,523.0,533.0,540.0,547.0,566.0,584.0,589.0,607.0,667.0,693.0,713.0,717.0,743.0,768.0,776.0,781.0,804.0,814.0,818.0,822.0,860.0,893.0,906.0,911.0,913.0,938.0,944.0,962.0,967.0,987.0,
31.0,82.0,113.0,152.0,171.0,177.0,272.0,376.0,394.0,411.0,435.0,483.0,539.0,570.0,576.0,676.0,687.0,700.0,813.0,833.0,837.0,863.0,877.0,883.0,963.0,964.0,983.0,
9.0,78.0,80.0,113.0,142.0,145.0,145.0,192.0,241.0,244.0,267.0,318.0,323.0,388.0,397.0,418.0,448.0,458.0,633.0,640.0,710.0,720.0,729.0,758.0,851.0,861.0,876.0,887.0,
27.0,39.0,100.0,115.0,167.0,173.0,234.0,334.0,335.0,337.0,351.0,413.0,482.0,
3.0,36.0,65.0,102.0,134.0,159.0,160.0,177.0,181.0,205.0,248.0,254.0,264.0,270.0,325.0,357.0,363.0,384.0,398.0,401.0,449.0,476.0,506.0,
14.0,103.0,109.0,153.0,253.0,341.0,343.0,402.0,434.0,459.0,477.0,
12.0,47.0,63.0,77.0,132.0,136.0,152.0,174.0,194.0,271.0,305.0,324.0,361.0,368.0,408.0,438.0,446.0,735.0,749.0,803.0,806.0,865.0,888.0,939.0,996.0,
44.0,70.0,97.0,99.0,163.0,232.0,296.0,334.0,360.0,390.0,443.0,445.0,567.0,570.0,575.0,588.0,638.0,646.0,730.0,758.0,774.0,796.0,832.0,833.0,841.0,849.0,901.0,903.0,937.0,964.0,971.0,992.0,
8.0,21.0,127.0,211.0,235.0,253.0,296.0,362.0,378.0,379.0,539.0,543.0,581.0,660.0,738.0,774.0,779.0,791.0,837.0,894.0,918.0,940.0,949.0,
83.0,89.0,104.0,114.0,173.0,187.0,235.0,262.0,280.0,333.0,336.0,337.0,348.0,383.0,399.0,407.0,412.0,589.0,631.0,645.0,711.0,728.0,751.0,755.0,810.0,877.0,886.0,933.0,964.0,972.0,973.0,
26.0,36.0,105.0,123.0,189.0,190.0,260.0,282.0,319.0,345.0,350.0,379.0,438.0,469.0,491.0,497.0,509.0,511.0,540.0,559.0,576.0,607.0,618.0,730.0,761.0,798.0,807.0,821.0,843.0,845.0,871.0,988.0,
17.0,25.0,57.0,76.0,95.0,119.0,130.0,131.0,144.0,200.0,204.0,214.0,222.0,228.0,251.0,408.0,418.0,433.0,500.0,568.0,585.0,615.0,649.0,675.0,687.0,750.0,824.0,829.0,834.0,869.0,913.0,923.0,924.0,957.0,961.0,965.0,982.0,987.0,1000.0,
50.0,87.0,118.0,144.0,181.0,298.0,344.0,349.0,350.0,354.0,361.0,391.0,397.0,405.0,479.0,479.0,496.0,515.0,587.0,596.0,691.0,694.0,695.0,710.0,730.0,817.0,828.0,828.0,831.0,833.0,839.0,878.0,905.0,914.0,948.0,951.0,994.0,
8.0,16.0,25.0,27.0,86.0,90.0,123.0,130.0,165.0,251.0,256.0,271.0,330.0,388.0,436.0,442.0,491.0,
17.0,27.0,63.0,69.0,84.0,96.0,120.0,127.0,154.0,169.0,237.0,260.0,265.0,270.0,289.0,289.0,298.0,335.0,386.0,412.0,428.0,429.0,448.0,450.0,461.0,472.0,493.0,
8.0,27.0,51.0,51.0,71.0,72.0,98.0,190.0,234.0,254.0,270.0,272.0,284.0,293.0,315.0,318.0,318.0,323.0,373.0,428.0,481.0,487.0,503.0,
9.0,23.0,25.0,57.0,58.0,88.0,105.0,179.0,181.0,202.0,230.0,292.0,302.0,320.0,332.0,353.0,407.0,423.0,435.0,449.0,466.0,476.0,561.0,674.0,675.0,680.0,689.0,691.0,701.0,708.0,746.0,751.0,770.0,787.0,796.0,820.0,828.0,834.0,892.0,902.0,926.0,952.0,963.0,977.0,997.0,
53.0,69.0,182.0,238.0,262.0,288.0,289.0,300.0,309.0,367.0,381.0,389.0,407.0,412.0,425.0,449.0,460.0,473.0,475.0,483.0,574.0,622.0,624.0,625.0,675.0,692.0,705.0,713.0,759.0,773.0,775.0,775.0,817.0,832.0,838.0,855.0,883.0,883.0,893.0,907.0,936.0,942.0,966.0,994.0,
32.0,42.0,48.0,111.0,185.0,187.0,228.0,249.0,251.0,278.0,289.0,312.0,355.0,391.0,392.0,406.0,410.0,428.0,472.0,473.0,513.0,519.0,546.0,561.0,569.0,576.0,617.0,657.0,679.0,703.0,714.0,755.0,761.0,782.0,814.0,881.0,889.0,923.0,934.0,995.0,
90.0,106.0,127.0,180.0,215.0,232.0,243.0,263.0,263.0,269.0,270.0,296.0,316.0,321.0,324.0,331.0,396.0,407.0,409.0,448.0,451.0,475.0,520.0,556.0,598.0,602.0,647.0,664.0,688.0,690.0,694.0,725.0,739.0,803.0,839.0,893.0,916.0,993.0,
19.0,21.0,34.0,88.0,95.0,145.0,152.0,184.0,196.0,290.0,295.0,395.0,420.0,428.0,460.0,476.0,518.0,552.0,572.0,602.0,638.0,645.0,654.0,664.0,676.0,676.0,722.0,785.0,786.0,820.0,837.0,850.0,886.0,926.0,936.0,959.0,
40.0,80.0,131.0,147.0,154.0,158.0,170.0,182.0,193.0,243.0,246.0,348.0,374.0,402.0,412.0,423.0,426.0,443.0,467.0,510.0,523.0,533.0,544.0,574.0,620.0,621.0,632.0,647.0,667.0,681.0,692.0,709.0,732.0,742.0,761.0,767.0,950.0,966.0,982.0,
23.0,65.0,75.0,75.0,102.0,106.0,114.0,129.0,141.0,166.0,246.0,277.0,366.0,392.0,398.0,440.0,472.0,481.0,496.0,534.0,610.0,622.0,627.0,642.0,698.0,705.0,732.0,758.0,763.0,763.0,765.0,852.0,867.0,874.0,882.0,885.0,889.0,893.0,916.0,925.0,
10.0,136.0,143.0,184.0,198.0,231.0,235.0,295.0,305.0,337.0,389.0,412.0,413.0,420.0,428.0,452.0,501.0,646.0,679.0,682.0,737.0,777.0,782.0,787.0,792.0,815.0,846.0,883.0,902.0,925.0,944.0,970.0,
2.0,38.0,41.0,43.0,58.0,120.0,135.0,180.0,261.0,275.0,308.0,321.0,371.0,393.0,406.0,429.0,473.0,475.0,508.0,605.0,669.0,672.0,725.0,761.0,764.0,775.0,781.0,839.0,911.0,937.0,946.0,979.0,980.0,
27.0,59.0,95.0,120.0,197.0,242.0,265.0,269.0,296.0,326.0,373.0,394.0,478.0,497.0,503.0,552.0,630.0,635.0,652.0,665.0,699.0,720.0,743.0,749.0,772.0,830.0,876.0,926.0,942.0,951.0,954.0,974.0,985.0,992.0,996.0,998.0,
24.0,62.0,130.0,154.0,287.0,326.0,336.0,425.0,438.0,455.0,463.0,547.0,568.0,573.0,580.0,609.0,671.0,738.0,746.0,752.0,754.0,756.0,784.0,827.0,849.0,872.0,890.0,904.0,923.0,957.0,958.0,961.0,972.0,988.0,
8.0,12.0,23.0,31.0,43.0,52.0,56.0,63.0,75.0,92.0,121.0,133.0,145.0,163.0,171.0,203.0,204.0,208.0,214.0,235.0,249.0,272.0,392.0,539.0,553.0,628.0,640.0,660.0,664.0,678.0,739.0,777.0,815.0,889.0,904.0,908.0,937.0,950.0,1000.0,
27.0,29.0,53.0,111.0,116.0,134.0,148.0,162.0,170.0,190.0,231.0,234.0,243.0,254.0,281.0,294.0,340.0,401.0,411.0,439.0,457.0,515.0,525.0,543.0,548.0,548.0,565.0,574.0,609.0,678.0,742.0,767.0,781.0,823.0,855.0,896.0,925.0,950.0,958.0,961.0,986.0,
75.0,135.0,143.0,176.0,176.0,178.0,200.0,202.0,242.0,331.0,337.0,361.0,365.0,470.0,483.0,519.0,522.0,548.0,552.0,554.0,589.0,666.0,671.0,689.0,709.0,738.0,797.0,806.0,814.0,821.0,837.0,872.0,874.0,878.0,945.0,994.0,
20.0,74.0,110.0,135.0,144.0,183.0,233.0,236.0,257.0,261.0,275.0,312.0,325.0,363.0,398.0,434.0,478.0,488.0,498.0,506.0,563.0,587.0,601.0,606.0,718.0,718.0,779.0,785.0,792.0,811.0,828.0,867.0,876.0,892.0,912.0,935.0,952.0,
19.0,66.0,68.0,85.0,111.0,145.0,165.0,202.0,208.0,227.0,236.0,254.0,277.0,297.0,310.0,324.0,335.0,337.0,351.0,383.0,413.0,414.0,416.0,418.0,431.0,459.0,469.0,469.0,504.0,523.0,561.0,568.0,570.0,582.0,682.0,697.0,700.0,700.0,709.0,751.0,789.0,837.0,888.0,902.0,905.0,947.0,962.0,978.0,979.0,
34.0,49.0,81.0,126.0,149.0,165.0,231.0,241.0,259.0,275.0,313.0,324.0,335.0,410.0,550.0,564.0,580.0,608.0,625.0,631.0,650.0,652.0,670.0,671.0,687.0,688.0,724.0,746.0,768.0,794.0,798.0,855.0,878.0,974.0,
31.0,75.0,96.0,101.0,117.0,141.0,182.0,238.0,269.0,279.0,282.0,289.0,341.0,349.0,351.0,380.0,388.0,405.0,431.0,466.0,467.0,484.0,508.0,622.0,629.0,658.0,683.0,705.0,748.0,771.0,857.0,858.0,866.0,868.0,883.0,970.0,985.0,993.0,
10.0,59.0,120.0,194.0,206.0,218.0,223.0,230.0,262.0,277.0,327.0,331.0,338.0,339.0,481.0,506.0,536.0,639.0,665.0,686.0,691.0,692.0,706.0,722.0,729.0,757.0,800.0,805.0,826.0,884.0,920.0,921.0,957.0,968.0,
17.0,42.0,91.0,115.0,140.0,166.0,175.0,176.0,186.0,205.0,206.0,243.0,254.0,267.0,337.0,353.0,425.0,427.0,434.0,434.0,447.0,471.0,520.0,520.0,590.0,618.0,625.0,646.0,648.0,701.0,710.0,732.0,732.0,821.0,825.0,876.0,905.0,916.0,927.0,935.0,956.0,959.0,997.0,
49.0,62.0,132.0,147.0,209.0,250.0,279.0,288.0,318.0,375.0,423.0,442.0,467.0,518.0,518.0,535.0,547.0,593.0,598.0,610.0,636.0,698.0,699.0,705.0,743.0,768.0,837.0,875.0,
4.0,97.0,211.0,212.0,215.0,232.0,238.0,262.0,295.0,394.0,431.0,435.0,513.0,513.0,517.0,554.0,554.0,573.0,592.0,593.0,676.0,686.0,706.0,731.0,742.0,790.0,812.0,818.0,833.0,856.0,861.0,876.0,937.0,971.0,981.0,997.0,997.0,
12.0,45.0,63.0,94.0,102.0,103.0,106.0,116.0,173.0,184.0,215.0,221.0,221.0,243.0,357.0,372.0,469.0,502.0,510.0,512.0,514.0,520.0,535.0,552.0,589.0,597.0,617.0,643.0,653.0,660.0,683.0,709.0,723.0,727.0,741.0,744.0,750.0,774.0,776.0,825.0,837.0,859.0,874.0,892.0,899.0,986.0,
5.0,13.0,84.0,110.0,143.0,194.0,198.0,226.0,241.0,260.0,264.0,268.0,280.0,329.0,444.0,469.0,470.0,519.0,594.0,627.0,632.0,640.0,696.0,752.0,782.0,783.0,799.0,828.0,883.0,898.0,902.0,915.0,939.0,942.0,954.0,967.0,
23.0,61.0,72.0,117.0,141.0,147.0,148.0,153.0,221.0,238.0,308.0,378.0,409.0,428.0,473.0,475.0,518.0,585.0,615.0,858.0,872.0,892.0,899.0,941.0,
28.0,34.0,37.0,42.0,46.0,122.0,127.0,156.0,163.0,205.0,211.0,257.0,263.0,271.0,297.0,376.0,405.0,421.0,471.0,485.0,518.0,572.0,582.0,608.0,629.0,661.0,693.0,726.0,780.0,784.0,789.0,835.0,882.0,
14.0,16.0,19.0,30.0,70.0,116.0,132.0,171.0,225.0,233.0,257.0,353.0,387.0,407.0,430.0,556.0,614.0,646.0,654.0,683.0,709.0,758.0,767.0,773.0,817.0,821.0,869.0,903.0,921.0,941.0,964.0,964.0,978.0,
67.0,162.0,187.0,226.0,247.0,250.0,273.0,300.0,441.0,475.0,483.0,524.0,558.0,601.0,668.0,689.0,698.0,704.0,717.0,761.0,820.0,825.0,834.0,866.0,868.0,869.0,881.0,886.0,905.0,912.0,917.0,927.0,939.0,957.0,970.0,981.0,
5.0,19.0,23.0,37.0,71.0,88.0,94.0,110.0,168.0,215.0,258.0,286.0,292.0,315.0,336.0,354.0,379.0,381.0,386.0,396.0,554.0,615.0,677.0,687.0,691.0,703.0,712.0,748.0,800.0,814.0,848.0,871.0,969.0,971.0,
9.0,22.0,56.0,73.0,95.0,140.0,207.0,322.0,328.0,352.0,355.0,377.0,379.0,403.0,408.0,411.0,437.0,574.0,584.0,714.0,769.0,803.0,810.0,870.0,891.0,912.0,920.0,921.0,937.0,968.0,
6.0,43.0,73.0,103.0,106.0,110.0,118.0,129.0,179.0,180.0,203.0,264.0,272.0,315.0,364.0,456.0,477.0,481.0,490.0,521.0,524.0,542.0,555.0,574.0,599.0,635.0,638.0,644.0,688.0,733.0,784.0,788.0,806.0,836.0,846.0,854.0,859.0,860.0,875.0,883.0,890.0,903.0,930.0,941.0,977.0,
2.0,9.0,19.0,24.0,30.0,72.0,149.0,183.0,213.0,226.0,240.0,255.0,303.0,378.0,379.0,382.0,387.0,432.0,467.0,472.0,483.0,499.0,550.0,579.0,584.0,676.0,690.0,733.0,814.0,823.0,858.0,919.0,928.0,938.0,948.0,957.0,996.0,
55.0,64.0,84.0,92.0,107.0,139.0,172.0,195.0,198.0,199.0,224.0,238.0,268.0,301.0,315.0,329.0,332.0,367.0,370.0,418.0,425.0,440.0,483.0,491.0,556.0,625.0,637.0,697.0,725.0,728.0,803.0,851.0,860.0,886.0,887.0,897.0,909.0,934.0,989.0,993.0,995.0,
