4.0,8.0,10.0,64.0,74.0,160.0,213.0,255.0,263.0,263.0,269.0,271.0,301.0,302.0,308.0,322.0,350.0,357.0,419.0,427.0,463.0,471.0,516.0,520.0,535.0,547.0,547.0,552.0,564.0,599.0,611.0,622.0,630.0,696.0,733.0,748.0,759.0,803.0,832.0,833.0,846.0,846.0,861.0,870.0,908.0,971.0,977.0,
48.0,129.0,134.0,142.0,143.0,162.0,195.0,204.0,237.0,247.0,254.0,326.0,332.0,400.0,460.0,468.0,517.0,536.0,543.0,582.0,604.0,616.0,617.0,625.0,662.0,717.0,726.0,766.0,786.0,799.0,802.0,814.0,826.0,828.0,857.0,892.0,898.0,919.0,980.0,
72.0,107.0,169.0,170.0,197.0,257.0,287.0,319.0,341.0,405.0,437.0,440.0,445.0,535.0,593.0,604.0,614.0,615.0,685.0,724.0,744.0,753.0,753.0,788.0,831.0,868.0,893.0,929.0,931.0,939.0,949.0,963.0,
32.0,38.0,41.0,95.0,111.0,126.0,127.0,127.0,157.0,159.0,169.0,178.0,204.0,270.0,284.0,295.0,348.0,439.0,443.0,465.0,465.0,517.0,518.0,547.0,595.0,607.0,643.0,657.0,661.0,733.0,790.0,805.0,810.0,819.0,829.0,838.0,838.0,844.0,917.0,944.0,953.0,968.0,991.0,
102.0,119.0,119.0,135.0,145.0,179.0,262.0,304.0,324.0,334.0,347.0,351.0,352.0,413.0,418.0,445.0,446.0,454.0,508.0,522.0,522.0,549.0,555.0,566.0,570.0,577.0,586.0,645.0,667.0,674.0,715.0,739.0,798.0,852.0,873.0,924.0,957.0,967.0,
13.0,48.0,79.0,99.0,100.0,110.0,111.0,122.0,138.0,155.0,165.0,281.0,284.0,295.0,319.0,330.0,331.0,402.0,443.0,447.0,450.0,450.0,455.0,480.0,492.0,502.0,521.0,538.0,539.0,542.0,567.0,594.0,728.0,737.0,740.0,751.0,761.0,781.0,814.0,825.0,827.0,848.0,862.0,864.0,874.0,876.0,892.0,892.0,934.0,952.0,975.0,
5.0,46.0,59.0,84.0,90.0,136.0,176.0,252.0,419.0,451.0,486.0,486.0,495.0,515.0,532.0,614.0,617.0,626.0,659.0,664.0,735.0,741.0,755.0,765.0,790.0,806.0,840.0,842.0,857.0,868.0,889.0,898.0,913.0,953.0,966.0,968.0,974.0,995.0,
3.0,17.0,17.0,37.0,65.0,118.0,126.0,131.0,166.0,195.0,196.0,200.0,291.0,302.0,329.0,337.0,459.0,468.0,487.0,510.0,535.0,535.0,537.0,550.0,570.0,570.0,576.0,608.0,629.0,650.0,680.0,703.0,718.0,782.0,792.0,813.0,818.0,845.0,872.0,885.0,891.0,917.0,936.0,940.0,965.0,968.0,971.0,971.0,
10.0,27.0,34.0,34.0,101.0,122.0,126.0,153.0,221.0,224.0,242.0,257.0,292.0,302.0,352.0,353.0,389.0,392.0,395.0,426.0,461.0,502.0,512.0,513.0,577.0,630.0,667.0,672.0,673.0,673.0,681.0,712.0,718.0,719.0,727.0,792.0,794.0,796.0,823.0,884.0,917.0,919.0,937.0,959.0,976.0,988.0,
12.0,57.0,76.0,85.0,96.0,122.0,130.0,168.0,189.0,218.0,224.0,230.0,241.0,248.0,254.0,268.0,375.0,376.0,384.0,389.0,444.0,444.0,486.0,512.0,540.0,576.0,596.0,600.0,631.0,636.0,655.0,664.0,678.0,690.0,719.0,743.0,766.0,789.0,814.0,874.0,877.0,926.0,941.0,
76.0,78.0,87.0,101.0,138.0,153.0,171.0,219.0,223.0,235.0,261.0,296.0,372.0,373.0,395.0,406.0,426.0,445.0,530.0,551.0,581.0,585.0,592.0,619.0,621.0,629.0,640.0,644.0,675.0,679.0,704.0,733.0,754.0,774.0,788.0,811.0,836.0,844.0,856.0,871.0,876.0,877.0,888.0,892.0,917.0,920.0,989.0,995.0,
14.0,18.0,38.0,47.0,64.0,68.0,76.0,83.0,106.0,223.0,234.0,263.0,279.0,297.0,392.0,392.0,397.0,418.0,420.0,428.0,465.0,473.0,568.0,586.0,593.0,596.0,618.0,643.0,657.0,678.0,690.0,691.0,707.0,735.0,739.0,776.0,783.0,784.0,818.0,841.0,843.0,883.0,896.0,902.0,907.0,923.0,927.0,968.0,
7.0,20.0,25.0,79.0,128.0,130.0,147.0,173.0,175.0,177.0,187.0,191.0,199.0,204.0,208.0,235.0,346.0,352.0,399.0,436.0,437.0,439.0,441.0,442.0,457.0,458.0,483.0,494.0,537.0,570.0,576.0,584.0,611.0,614.0,635.0,650.0,657.0,663.0,665.0,667.0,690.0,705.0,766.0,785.0,794.0,804.0,807.0,812.0,822.0,823.0,833.0,846.0,859.0,865.0,866.0,870.0,900.0,901.0,942.0,958.0,973.0,977.0,
21.0,41.0,98.0,135.0,139.0,141.0,157.0,170.0,195.0,208.0,230.0,241.0,279.0,280.0,318.0,353.0,428.0,456.0,467.0,511.0,571.0,593.0,603.0,614.0,635.0,733.0,746.0,781.0,798.0,801.0,832.0,891.0,964.0,
11.0,63.0,72.0,112.0,115.0,146.0,157.0,159.0,269.0,274.0,299.0,305.0,346.0,353.0,354.0,398.0,456.0,476.0,802.0,836.0,912.0,923.0,970.0,
92.0,99.0,175.0,176.0,177.0,177.0,183.0,204.0,207.0,209.0,259.0,276.0,283.0,292.0,310.0,311.0,330.0,387.0,403.0,415.0,426.0,449.0,480.0,714.0,783.0,804.0,822.0,924.0,942.0,
21.0,26.0,86.0,103.0,117.0,227.0,242.0,244.0,274.0,288.0,313.0,354.0,358.0,381.0,399.0,410.0,439.0,503.0,509.0,645.0,686.0,743.0,759.0,799.0,852.0,878.0,940.0,948.0,
12.0,47.0,57.0,71.0,120.0,213.0,265.0,273.0,328.0,342.0,369.0,372.0,406.0,408.0,439.0,481.0,484.0,505.0,550.0,596.0,694.0,708.0,750.0,789.0,850.0,879.0,906.0,938.0,982.0,
29.0,46.0,169.0,207.0,216.0,241.0,254.0,262.0,272.0,320.0,334.0,363.0,364.0,386.0,393.0,411.0,431.0,462.0,492.0,535.0,581.0,603.0,624.0,666.0,675.0,681.0,723.0,760.0,812.0,812.0,853.0,870.0,877.0,877.0,902.0,932.0,938.0,962.0,975.0,
19.0,44.0,74.0,129.0,164.0,265.0,296.0,370.0,372.0,446.0,490.0,537.0,539.0,597.0,636.0,661.0,695.0,735.0,760.0,772.0,776.0,797.0,808.0,880.0,895.0,906.0,990.0,
29.0,37.0,100.0,114.0,214.0,268.0,290.0,302.0,312.0,329.0,348.0,371.0,387.0,389.0,390.0,395.0,400.0,486.0,522.0,597.0,684.0,702.0,733.0,762.0,817.0,893.0,923.0,1000.0,
23.0,56.0,78.0,80.0,112.0,135.0,141.0,155.0,182.0,184.0,198.0,256.0,256.0,259.0,560.0,690.0,717.0,759.0,794.0,823.0,824.0,851.0,853.0,862.0,869.0,894.0,921.0,954.0,970.0,984.0,994.0,995.0,
64.0,125.0,205.0,233.0,290.0,294.0,315.0,383.0,452.0,462.0,472.0,476.0,490.0,498.0,602.0,627.0,701.0,768.0,937.0,943.0,952.0,
6.0,20.0,21.0,60.0,74.0,76.0,95.0,111.0,126.0,131.0,176.0,232.0,292.0,336.0,379.0,395.0,409.0,411.0,435.0,487.0,
2.0,40.0,119.0,127.0,201.0,242.0,265.0,303.0,362.0,372.0,385.0,400.0,408.0,430.0,441.0,460.0,463.0,464.0,
10.0,34.0,93.0,108.0,112.0,113.0,134.0,144.0,168.0,230.0,236.0,254.0,318.0,343.0,344.0,390.0,418.0,419.0,421.0,442.0,448.0,472.0,842.0,920.0,972.0,
31.0,35.0,69.0,81.0,111.0,176.0,177.0,209.0,231.0,231.0,248.0,275.0,457.0,
29.0,41.0,117.0,126.0,175.0,227.0,233.0,265.0,324.0,358.0,369.0,448.0,452.0,
4.0,24.0,63.0,72.0,84.0,97.0,98.0,105.0,141.0,160.0,168.0,290.0,315.0,323.0,377.0,401.0,431.0,438.0,454.0,458.0,509.0,653.0,665.0,668.0,714.0,721.0,832.0,880.0,906.0,924.0,931.0,958.0,
87.0,99.0,146.0,152.0,188.0,202.0,206.0,269.0,271.0,274.0,287.0,297.0,311.0,321.0,379.0,400.0,443.0,446.0,471.0,506.0,529.0,546.0,579.0,584.0,610.0,617.0,636.0,644.0,646.0,675.0,685.0,692.0,698.0,705.0,705.0,765.0,765.0,769.0,787.0,790.0,837.0,854.0,867.0,876.0,894.0,909.0,936.0,938.0,946.0,951.0,955.0,987.0,992.0,
2.0,151.0,177.0,236.0,245.0,284.0,291.0,349.0,380.0,439.0,557.0,578.0,617.0,651.0,682.0,718.0,724.0,728.0,754.0,758.0,797.0,816.0,893.0,921.0,963.0,974.0,985.0,
46.0,49.0,66.0,75.0,79.0,86.0,86.0,87.0,174.0,197.0,221.0,287.0,326.0,348.0,371.0,437.0,456.0,457.0,467.0,481.0,567.0,647.0,650.0,656.0,681.0,695.0,797.0,813.0,845.0,875.0,913.0,925.0,928.0,946.0,960.0,
35.0,50.0,55.0,69.0,69.0,73.0,104.0,113.0,160.0,222.0,225.0,232.0,237.0,240.0,297.0,309.0,339.0,351.0,408.0,412.0,413.0,
24.0,137.0,139.0,169.0,182.0,184.0,200.0,215.0,235.0,240.0,280.0,305.0,339.0,366.0,369.0,476.0,
58.0,111.0,139.0,141.0,156.0,169.0,173.0,209.0,212.0,258.0,344.0,392.0,398.0,402.0,427.0,432.0,476.0,499.0,805.0,890.0,987.0,
11.0,103.0,147.0,169.0,191.0,207.0,208.0,217.0,230.0,262.0,265.0,295.0,402.0,420.0,432.0,448.0,504.0,758.0,913.0,
3.0,39.0,68.0,160.0,173.0,174.0,240.0,259.0,280.0,286.0,331.0,346.0,363.0,445.0,482.0,493.0,934.0,937.0,973.0,983.0,
2.0,29.0,63.0,98.0,98.0,121.0,180.0,193.0,207.0,236.0,265.0,298.0,331.0,353.0,365.0,368.0,402.0,446.0,
21.0,37.0,122.0,128.0,171.0,266.0,301.0,306.0,311.0,339.0,351.0,366.0,384.0,437.0,473.0,477.0,
15.0,19.0,25.0,40.0,109.0,211.0,226.0,265.0,290.0,293.0,355.0,383.0,394.0,435.0,476.0,477.0,556.0,644.0,656.0,700.0,711.0,719.0,730.0,734.0,734.0,756.0,774.0,798.0,867.0,902.0,925.0,929.0,946.0,960.0,973.0,994.0,995.0,
51.0,92.0,120.0,150.0,179.0,184.0,216.0,276.0,287.0,296.0,344.0,395.0,412.0,413.0,464.0,468.0,484.0,511.0,511.0,517.0,568.0,599.0,639.0,639.0,670.0,670.0,693.0,704.0,707.0,745.0,770.0,771.0,804.0,826.0,838.0,853.0,859.0,960.0,961.0,978.0,
16.0,61.0,117.0,130.0,145.0,163.0,243.0,298.0,319.0,331.0,365.0,404.0,438.0,448.0,471.0,471.0,476.0,484.0,494.0,721.0,767.0,854.0,900.0,905.0,933.0,991.0,
42.0,54.0,55.0,84.0,125.0,151.0,163.0,168.0,216.0,234.0,308.0,429.0,451.0,
95.0,156.0,176.0,187.0,190.0,218.0,263.0,303.0,312.0,322.0,327.0,351.0,356.0,385.0,456.0,471.0,500.0,774.0,820.0,826.0,879.0,940.0,946.0,
14.0,25.0,30.0,47.0,60.0,64.0,81.0,107.0,114.0,122.0,142.0,147.0,148.0,189.0,193.0,236.0,292.0,333.0,357.0,404.0,406.0,445.0,714.0,837.0,
56.0,66.0,72.0,83.0,128.0,160.0,161.0,221.0,231.0,237.0,238.0,280.0,324.0,347.0,414.0,420.0,427.0,451.0,452.0,460.0,472.0,498.0,506.0,814.0,946.0,
21.0,65.0,94.0,110.0,128.0,139.0,159.0,196.0,239.0,253.0,272.0,292.0,297.0,348.0,361.0,400.0,461.0,498.0,796.0,850.0,883.0,
44.0,45.0,58.0,62.0,124.0,126.0,188.0,202.0,206.0,221.0,298.0,298.0,326.0,330.0,338.0,356.0,378.0,404.0,415.0,437.0,482.0,506.0,838.0,866.0,
31.0,87.0,99.0,124.0,156.0,186.0,189.0,208.0,219.0,271.0,349.0,351.0,354.0,402.0,422.0,439.0,440.0,448.0,461.0,473.0,
16.0,22.0,24.0,65.0,93.0,93.0,140.0,142.0,273.0,323.0,333.0,363.0,363.0,375.0,393.0,406.0,407.0,458.0,478.0,511.0,512.0,705.0,709.0,761.0,818.0,819.0,888.0,939.0,939.0,972.0,978.0,989.0,
21.0,87.0,99.0,107.0,146.0,169.0,190.0,201.0,205.0,206.0,243.0,255.0,283.0,293.0,346.0,352.0,422.0,430.0,441.0,513.0,513.0,543.0,592.0,593.0,599.0,617.0,618.0,645.0,649.0,666.0,716.0,717.0,735.0,739.0,763.0,830.0,841.0,879.0,892.0,921.0,952.0,954.0,966.0,974.0,985.0,987.0,
33.0,44.0,69.0,107.0,140.0,143.0,147.0,185.0,192.0,231.0,237.0,294.0,341.0,342.0,350.0,366.0,407.0,495.0,498.0,502.0,729.0,776.0,866.0,928.0,937.0,938.0,967.0,
50.0,56.0,65.0,86.0,141.0,158.0,162.0,190.0,192.0,228.0,236.0,249.0,272.0,285.0,305.0,321.0,341.0,343.0,353.0,389.0,395.0,475.0,
59.0,65.0,75.0,89.0,110.0,148.0,176.0,216.0,224.0,233.0,239.0,275.0,287.0,329.0,331.0,352.0,391.0,398.0,413.0,476.0,495.0,504.0,899.0,953.0,985.0,
50.0,81.0,94.0,141.0,221.0,221.0,288.0,293.0,326.0,360.0,383.0,383.0,400.0,402.0,420.0,473.0,795.0,933.0,
15.0,28.0,95.0,114.0,157.0,162.0,163.0,206.0,227.0,227.0,298.0,311.0,321.0,325.0,408.0,420.0,447.0,448.0,460.0,461.0,508.0,830.0,839.0,949.0,
69.0,169.0,231.0,263.0,293.0,319.0,322.0,350.0,402.0,433.0,458.0,486.0,500.0,926.0,
3.0,44.0,69.0,109.0,133.0,178.0,223.0,234.0,285.0,396.0,434.0,785.0,825.0,919.0,962.0,980.0,
16.0,29.0,56.0,112.0,118.0,128.0,137.0,212.0,276.0,331.0,399.0,441.0,450.0,490.0,
6.0,20.0,20.0,24.0,35.0,58.0,67.0,82.0,169.0,184.0,198.0,214.0,237.0,240.0,286.0,323.0,325.0,407.0,418.0,446.0,477.0,488.0,492.0,799.0,868.0,887.0,891.0,
24.0,26.0,29.0,65.0,105.0,108.0,155.0,196.0,258.0,273.0,277.0,295.0,299.0,324.0,324.0,373.0,387.0,392.0,399.0,409.0,429.0,449.0,450.0,453.0,490.0,527.0,540.0,583.0,682.0,748.0,772.0,802.0,818.0,881.0,916.0,931.0,932.0,975.0,988.0,999.0,
6.0,19.0,168.0,183.0,200.0,200.0,219.0,271.0,357.0,359.0,371.0,381.0,387.0,405.0,411.0,411.0,465.0,480.0,685.0,708.0,738.0,766.0,824.0,864.0,872.0,891.0,913.0,915.0,940.0,983.0,
106.0,112.0,134.0,142.0,148.0,167.0,170.0,193.0,194.0,270.0,281.0,307.0,316.0,341.0,345.0,347.0,349.0,352.0,363.0,368.0,428.0,432.0,450.0,470.0,475.0,
2.0,4.0,5.0,19.0,21.0,27.0,108.0,129.0,135.0,138.0,160.0,172.0,212.0,222.0,235.0,267.0,268.0,282.0,291.0,303.0,309.0,318.0,329.0,360.0,365.0,374.0,396.0,432.0,462.0,466.0,498.0,814.0,841.0,868.0,879.0,886.0,916.0,959.0,
7.0,38.0,109.0,128.0,182.0,196.0,202.0,219.0,223.0,269.0,316.0,317.0,435.0,495.0,507.0,735.0,804.0,882.0,941.0,944.0,946.0,
40.0,67.0,74.0,78.0,105.0,113.0,113.0,131.0,162.0,163.0,165.0,223.0,253.0,265.0,314.0,351.0,368.0,457.0,463.0,738.0,780.0,823.0,896.0,922.0,
11.0,23.0,25.0,36.0,62.0,64.0,101.0,182.0,203.0,276.0,300.0,311.0,327.0,470.0,705.0,853.0,921.0,973.0,995.0,
11.0,32.0,72.0,90.0,132.0,152.0,179.0,196.0,197.0,210.0,242.0,302.0,303.0,364.0,386.0,395.0,432.0,857.0,886.0,905.0,992.0,
45.0,59.0,60.0,77.0,102.0,106.0,129.0,143.0,278.0,289.0,313.0,317.0,351.0,360.0,372.0,373.0,379.0,396.0,407.0,485.0,492.0,492.0,505.0,
58.0,72.0,84.0,118.0,138.0,153.0,193.0,218.0,283.0,318.0,330.0,342.0,350.0,360.0,362.0,378.0,453.0,477.0,494.0,505.0,655.0,740.0,784.0,788.0,794.0,819.0,912.0,949.0,
22.0,57.0,90.0,113.0,180.0,190.0,196.0,199.0,211.0,217.0,227.0,230.0,246.0,251.0,275.0,302.0,345.0,358.0,398.0,434.0,443.0,452.0,493.0,554.0,574.0,595.0,636.0,659.0,668.0,680.0,716.0,723.0,729.0,786.0,797.0,801.0,859.0,875.0,918.0,936.0,985.0,999.0,
2.0,30.0,76.0,113.0,164.0,167.0,178.0,193.0,234.0,263.0,317.0,349.0,397.0,440.0,468.0,497.0,526.0,610.0,614.0,671.0,674.0,676.0,677.0,710.0,726.0,738.0,756.0,776.0,792.0,801.0,819.0,826.0,835.0,847.0,853.0,866.0,902.0,932.0,939.0,976.0,
39.0,49.0,73.0,96.0,151.0,168.0,179.0,182.0,183.0,184.0,210.0,221.0,228.0,235.0,268.0,292.0,314.0,366.0,411.0,422.0,426.0,466.0,481.0,485.0,492.0,502.0,
54.0,62.0,172.0,210.0,222.0,251.0,253.0,260.0,313.0,352.0,392.0,456.0,501.0,
9.0,19.0,55.0,76.0,78.0,83.0,135.0,165.0,177.0,268.0,277.0,310.0,332.0,340.0,393.0,394.0,438.0,735.0,758.0,812.0,901.0,906.0,935.0,950.0,
12.0,38.0,46.0,62.0,94.0,124.0,173.0,186.0,195.0,283.0,292.0,325.0,332.0,374.0,387.0,412.0,416.0,420.0,446.0,451.0,463.0,765.0,778.0,801.0,822.0,823.0,964.0,
26.0,51.0,164.0,166.0,170.0,187.0,196.0,206.0,212.0,234.0,286.0,291.0,317.0,326.0,339.0,369.0,404.0,415.0,415.0,432.0,451.0,457.0,469.0,474.0,494.0,498.0,500.0,763.0,857.0,934.0,
19.0,37.0,38.0,38.0,89.0,90.0,203.0,209.0,216.0,233.0,271.0,342.0,363.0,369.0,442.0,445.0,476.0,497.0,499.0,507.0,804.0,823.0,
33.0,46.0,61.0,75.0,95.0,165.0,218.0,224.0,253.0,268.0,290.0,301.0,333.0,413.0,461.0,471.0,505.0,
3.0,24.0,87.0,91.0,215.0,217.0,245.0,267.0,309.0,363.0,367.0,376.0,390.0,403.0,428.0,447.0,470.0,619.0,626.0,633.0,678.0,679.0,684.0,696.0,732.0,757.0,762.0,803.0,838.0,868.0,872.0,890.0,898.0,910.0,917.0,928.0,985.0,986.0,993.0,
10.0,22.0,36.0,50.0,51.0,54.0,107.0,146.0,154.0,300.0,301.0,355.0,359.0,440.0,443.0,497.0,521.0,554.0,591.0,602.0,606.0,629.0,679.0,709.0,726.0,745.0,745.0,764.0,787.0,898.0,961.0,970.0,979.0,995.0,
25.0,49.0,49.0,102.0,150.0,168.0,187.0,219.0,223.0,283.0,392.0,414.0,462.0,494.0,499.0,602.0,614.0,632.0,636.0,641.0,704.0,708.0,718.0,719.0,721.0,722.0,737.0,767.0,770.0,776.0,835.0,868.0,901.0,958.0,988.0,
25.0,46.0,47.0,84.0,126.0,156.0,163.0,197.0,207.0,211.0,250.0,279.0,279.0,323.0,348.0,376.0,388.0,425.0,500.0,740.0,743.0,752.0,776.0,798.0,845.0,882.0,919.0,931.0,952.0,
3.0,22.0,55.0,107.0,109.0,111.0,151.0,159.0,178.0,189.0,229.0,286.0,298.0,304.0,314.0,348.0,356.0,377.0,413.0,420.0,449.0,458.0,491.0,
83.0,106.0,188.0,229.0,296.0,297.0,303.0,311.0,313.0,347.0,379.0,413.0,
19.0,32.0,36.0,67.0,95.0,122.0,170.0,185.0,186.0,206.0,219.0,232.0,253.0,257.0,271.0,284.0,300.0,327.0,329.0,330.0,346.0,398.0,430.0,488.0,495.0,
35.0,43.0,129.0,247.0,250.0,256.0,304.0,314.0,318.0,319.0,323.0,336.0,337.0,343.0,375.0,461.0,486.0,501.0,
64.0,106.0,113.0,138.0,148.0,148.0,156.0,173.0,176.0,272.0,305.0,416.0,425.0,427.0,431.0,
5.0,13.0,14.0,25.0,77.0,131.0,134.0,208.0,211.0,245.0,249.0,268.0,283.0,392.0,421.0,450.0,460.0,503.0,514.0,704.0,737.0,775.0,781.0,808.0,814.0,841.0,854.0,960.0,
42.0,42.0,43.0,44.0,45.0,47.0,82.0,113.0,176.0,183.0,237.0,256.0,288.0,347.0,368.0,381.0,443.0,446.0,506.0,519.0,536.0,571.0,595.0,605.0,611.0,640.0,642.0,665.0,691.0,710.0,769.0,828.0,840.0,847.0,854.0,863.0,871.0,884.0,925.0,943.0,
55.0,65.0,104.0,176.0,177.0,186.0,208.0,246.0,282.0,292.0,301.0,302.0,336.0,369.0,375.0,385.0,404.0,404.0,409.0,416.0,471.0,484.0,515.0,561.0,561.0,608.0,620.0,631.0,632.0,698.0,739.0,757.0,825.0,828.0,849.0,863.0,868.0,872.0,873.0,902.0,935.0,950.0,970.0,986.0,994.0,
11.0,48.0,51.0,68.0,75.0,152.0,189.0,205.0,207.0,248.0,303.0,316.0,325.0,353.0,357.0,367.0,455.0,542.0,559.0,562.0,603.0,619.0,639.0,683.0,692.0,700.0,767.0,818.0,834.0,836.0,847.0,848.0,867.0,868.0,900.0,967.0,982.0,991.0,
13.0,23.0,24.0,46.0,137.0,144.0,149.0,181.0,192.0,217.0,233.0,243.0,273.0,284.0,294.0,332.0,335.0,342.0,375.0,387.0,403.0,409.0,416.0,440.0,470.0,523.0,548.0,551.0,608.0,631.0,667.0,681.0,683.0,690.0,692.0,694.0,698.0,713.0,720.0,793.0,807.0,818.0,850.0,868.0,897.0,937.0,985.0,
12.0,17.0,44.0,48.0,67.0,97.0,103.0,143.0,159.0,171.0,189.0,227.0,228.0,249.0,255.0,267.0,276.0,290.0,320.0,344.0,356.0,362.0,362.0,376.0,389.0,401.0,401.0,489.0,494.0,500.0,505.0,610.0,617.0,639.0,640.0,670.0,678.0,696.0,710.0,738.0,748.0,765.0,771.0,827.0,843.0,851.0,894.0,907.0,928.0,936.0,988.0,999.0,
6.0,45.0,49.0,51.0,97.0,118.0,125.0,154.0,182.0,228.0,229.0,240.0,241.0,256.0,304.0,317.0,331.0,358.0,388.0,412.0,434.0,435.0,452.0,472.0,501.0,720.0,833.0,859.0,912.0,914.0,915.0,926.0,934.0,971.0,
91.0,94.0,119.0,124.0,132.0,158.0,160.0,208.0,212.0,217.0,258.0,292.0,296.0,296.0,320.0,370.0,415.0,469.0,708.0,796.0,799.0,809.0,858.0,859.0,865.0,899.0,
20.0,74.0,76.0,93.0,115.0,135.0,137.0,140.0,170.0,193.0,209.0,224.0,252.0,278.0,293.0,343.0,360.0,364.0,422.0,464.0,501.0,694.0,765.0,805.0,846.0,868.0,915.0,942.0,944.0,
22.0,42.0,53.0,86.0,94.0,102.0,165.0,205.0,211.0,244.0,302.0,305.0,310.0,336.0,388.0,414.0,433.0,437.0,441.0,463.0,465.0,469.0,510.0,547.0,587.0,596.0,602.0,618.0,665.0,682.0,694.0,712.0,742.0,793.0,812.0,896.0,924.0,963.0,971.0,971.0,975.0,976.0,995.0,998.0,
19.0,82.0,103.0,128.0,137.0,147.0,149.0,198.0,212.0,212.0,251.0,285.0,286.0,292.0,316.0,325.0,337.0,406.0,425.0,483.0,498.0,553.0,568.0,574.0,627.0,659.0,679.0,683.0,703.0,732.0,745.0,745.0,749.0,757.0,760.0,784.0,787.0,807.0,813.0,819.0,822.0,832.0,864.0,866.0,895.0,903.0,908.0,938.0,962.0,971.0,971.0,974.0,978.0,
9.0,68.0,113.0,143.0,146.0,146.0,210.0,322.0,384.0,387.0,402.0,468.0,500.0,548.0,577.0,584.0,598.0,652.0,654.0,671.0,693.0,721.0,755.0,778.0,797.0,802.0,802.0,805.0,809.0,822.0,823.0,954.0,982.0,985.0,
