4.0,5.0,9.0,63.0,84.0,111.0,117.0,119.0,132.0,143.0,186.0,212.0,322.0,406.0,410.0,471.0,553.0,567.0,567.0,581.0,624.0,697.0,754.0,813.0,935.0,948.0,948.0,978.0,989.0,
20.0,33.0,143.0,151.0,152.0,201.0,270.0,301.0,362.0,392.0,396.0,412.0,430.0,432.0,442.0,469.0,490.0,499.0,528.0,532.0,540.0,569.0,607.0,637.0,686.0,713.0,748.0,760.0,775.0,784.0,792.0,823.0,825.0,837.0,846.0,889.0,914.0,932.0,981.0,986.0,
5.0,53.0,150.0,179.0,190.0,295.0,328.0,352.0,382.0,419.0,439.0,511.0,515.0,567.0,574.0,633.0,638.0,675.0,675.0,690.0,706.0,752.0,753.0,763.0,792.0,834.0,837.0,879.0,889.0,899.0,908.0,913.0,931.0,968.0,
6.0,24.0,31.0,64.0,88.0,98.0,127.0,129.0,168.0,209.0,221.0,230.0,231.0,256.0,275.0,303.0,313.0,351.0,352.0,358.0,415.0,504.0,592.0,629.0,713.0,729.0,772.0,777.0,861.0,874.0,878.0,927.0,927.0,931.0,956.0,
19.0,78.0,78.0,112.0,139.0,163.0,174.0,298.0,314.0,334.0,415.0,426.0,434.0,448.0,449.0,454.0,499.0,500.0,522.0,527.0,574.0,594.0,628.0,633.0,698.0,730.0,730.0,773.0,773.0,777.0,779.0,795.0,813.0,823.0,835.0,867.0,899.0,914.0,916.0,934.0,939.0,950.0,956.0,
9.0,14.0,138.0,143.0,152.0,172.0,178.0,198.0,233.0,238.0,253.0,275.0,336.0,392.0,403.0,413.0,437.0,472.0,499.0,584.0,586.0,646.0,721.0,722.0,727.0,744.0,745.0,762.0,782.0,796.0,812.0,813.0,817.0,833.0,851.0,877.0,903.0,934.0,936.0,941.0,994.0,999.0,
20.0,33.0,65.0,79.0,80.0,99.0,117.0,165.0,178.0,219.0,254.0,261.0,271.0,271.0,272.0,287.0,296.0,339.0,348.0,348.0,388.0,462.0,466.0,488.0,508.0,530.0,542.0,542.0,544.0,553.0,566.0,662.0,679.0,692.0,706.0,726.0,730.0,744.0,745.0,791.0,794.0,815.0,816.0,855.0,885.0,893.0,896.0,905.0,906.0,918.0,937.0,952.0,
12.0,76.0,161.0,169.0,171.0,194.0,203.0,207.0,212.0,229.0,248.0,339.0,343.0,357.0,361.0,399.0,456.0,475.0,486.0,599.0,634.0,645.0,679.0,719.0,753.0,763.0,767.0,796.0,807.0,809.0,820.0,839.0,839.0,898.0,928.0,944.0,955.0,976.0,
3.0,3.0,4.0,59.0,63.0,93.0,123.0,130.0,145.0,151.0,162.0,164.0,181.0,189.0,228.0,242.0,264.0,356.0,379.0,449.0,453.0,474.0,483.0,605.0,611.0,619.0,666.0,708.0,711.0,717.0,772.0,780.0,891.0,893.0,905.0,914.0,968.0,
39.0,41.0,54.0,87.0,141.0,215.0,227.0,287.0,294.0,294.0,303.0,346.0,390.0,414.0,533.0,627.0,686.0,696.0,713.0,735.0,757.0,826.0,863.0,866.0,904.0,945.0,948.0,992.0,
22.0,41.0,49.0,63.0,100.0,150.0,184.0,231.0,269.0,360.0,509.0,596.0,616.0,631.0,638.0,640.0,675.0,680.0,727.0,739.0,755.0,779.0,801.0,818.0,823.0,825.0,858.0,858.0,864.0,869.0,916.0,922.0,955.0,998.0,
8.0,62.0,115.0,128.0,138.0,144.0,177.0,181.0,226.0,229.0,259.0,261.0,311.0,340.0,380.0,410.0,417.0,429.0,438.0,494.0,506.0,558.0,568.0,582.0,587.0,589.0,654.0,723.0,725.0,729.0,768.0,777.0,788.0,790.0,875.0,883.0,904.0,912.0,919.0,936.0,962.0,981.0,984.0,994.0,997.0,
65.0,115.0,121.0,121.0,144.0,177.0,178.0,264.0,313.0,315.0,330.0,350.0,353.0,381.0,399.0,425.0,434.0,435.0,435.0,491.0,521.0,568.0,577.0,579.0,579.0,581.0,658.0,701.0,766.0,795.0,801.0,814.0,827.0,831.0,927.0,933.0,953.0,
77.0,94.0,104.0,122.0,180.0,209.0,213.0,322.0,347.0,351.0,401.0,423.0,424.0,468.0,468.0,473.0,588.0,595.0,616.0,713.0,716.0,754.0,762.0,780.0,805.0,856.0,861.0,913.0,980.0,999.0,
11.0,60.0,169.0,187.0,192.0,272.0,348.0,360.0,362.0,381.0,415.0,461.0,484.0,497.0,513.0,706.0,758.0,895.0,
22.0,33.0,79.0,85.0,120.0,125.0,139.0,172.0,186.0,221.0,241.0,247.0,254.0,280.0,338.0,342.0,371.0,376.0,418.0,427.0,447.0,712.0,767.0,862.0,868.0,889.0,940.0,978.0,978.0,
22.0,53.0,77.0,123.0,162.0,181.0,197.0,202.0,210.0,211.0,253.0,341.0,371.0,380.0,401.0,416.0,432.0,470.0,471.0,486.0,505.0,644.0,734.0,773.0,790.0,850.0,885.0,933.0,933.0,946.0,
18.0,44.0,84.0,128.0,160.0,184.0,188.0,199.0,211.0,255.0,293.0,293.0,307.0,351.0,354.0,376.0,387.0,400.0,404.0,407.0,444.0,445.0,499.0,576.0,610.0,619.0,626.0,653.0,695.0,708.0,734.0,788.0,792.0,806.0,826.0,840.0,846.0,866.0,878.0,921.0,925.0,938.0,939.0,950.0,971.0,997.0,
23.0,51.0,78.0,85.0,86.0,94.0,95.0,132.0,132.0,179.0,187.0,219.0,233.0,283.0,285.0,349.0,389.0,392.0,399.0,425.0,475.0,478.0,608.0,617.0,635.0,643.0,680.0,680.0,720.0,741.0,755.0,782.0,793.0,798.0,802.0,827.0,854.0,859.0,917.0,948.0,950.0,969.0,
9.0,26.0,41.0,62.0,101.0,109.0,206.0,272.0,278.0,283.0,343.0,395.0,406.0,409.0,468.0,470.0,532.0,552.0,554.0,584.0,599.0,638.0,651.0,671.0,723.0,741.0,743.0,743.0,747.0,804.0,812.0,838.0,839.0,905.0,926.0,949.0,955.0,961.0,973.0,984.0,996.0,
22.0,41.0,94.0,97.0,130.0,133.0,284.0,284.0,360.0,399.0,424.0,439.0,441.0,462.0,476.0,485.0,485.0,497.0,511.0,526.0,561.0,603.0,606.0,624.0,625.0,676.0,691.0,717.0,797.0,805.0,849.0,876.0,893.0,922.0,930.0,944.0,986.0,
37.0,95.0,132.0,164.0,172.0,218.0,270.0,312.0,344.0,410.0,410.0,425.0,429.0,471.0,527.0,539.0,667.0,677.0,692.0,718.0,724.0,728.0,729.0,742.0,746.0,779.0,782.0,784.0,800.0,849.0,870.0,876.0,877.0,905.0,913.0,942.0,
10.0,44.0,68.0,83.0,109.0,115.0,186.0,188.0,268.0,318.0,318.0,355.0,362.0,362.0,396.0,413.0,432.0,434.0,449.0,613.0,640.0,648.0,700.0,725.0,760.0,772.0,776.0,793.0,805.0,812.0,846.0,859.0,880.0,892.0,
6.0,41.0,52.0,209.0,245.0,311.0,345.0,400.0,411.0,439.0,470.0,
33.0,34.0,42.0,58.0,70.0,100.0,142.0,143.0,169.0,173.0,185.0,189.0,190.0,238.0,266.0,274.0,281.0,311.0,358.0,362.0,383.0,396.0,406.0,449.0,474.0,484.0,505.0,
25.0,37.0,46.0,47.0,69.0,146.0,202.0,214.0,223.0,226.0,237.0,239.0,262.0,277.0,280.0,288.0,310.0,312.0,368.0,383.0,412.0,500.0,507.0,
3.0,47.0,72.0,106.0,109.0,124.0,171.0,179.0,218.0,239.0,257.0,261.0,280.0,316.0,320.0,336.0,385.0,435.0,477.0,491.0,491.0,508.0,
6.0,6.0,23.0,58.0,69.0,76.0,122.0,181.0,249.0,260.0,267.0,269.0,288.0,330.0,357.0,391.0,395.0,397.0,411.0,492.0,495.0,504.0,
8.0,21.0,32.0,37.0,51.0,77.0,97.0,106.0,115.0,122.0,167.0,185.0,195.0,197.0,198.0,219.0,264.0,334.0,384.0,387.0,462.0,474.0,479.0,500.0,701.0,735.0,799.0,807.0,844.0,875.0,875.0,914.0,936.0,986.0,
14.0,48.0,52.0,52.0,79.0,144.0,180.0,204.0,235.0,244.0,294.0,300.0,328.0,377.0,403.0,403.0,406.0,430.0,476.0,477.0,509.0,557.0,558.0,571.0,614.0,619.0,641.0,656.0,663.0,671.0,686.0,689.0,747.0,789.0,797.0,822.0,825.0,858.0,876.0,889.0,892.0,922.0,940.0,966.0,
29.0,50.0,61.0,67.0,70.0,75.0,98.0,102.0,108.0,120.0,213.0,287.0,293.0,319.0,344.0,391.0,406.0,435.0,441.0,456.0,576.0,587.0,600.0,628.0,638.0,653.0,687.0,689.0,763.0,770.0,775.0,802.0,852.0,865.0,885.0,947.0,997.0,
29.0,29.0,94.0,129.0,168.0,174.0,221.0,242.0,308.0,376.0,408.0,429.0,442.0,449.0,523.0,592.0,668.0,683.0,740.0,764.0,775.0,785.0,787.0,823.0,832.0,854.0,870.0,896.0,922.0,927.0,933.0,934.0,937.0,958.0,971.0,992.0,1000.0,
68.0,74.0,75.0,92.0,110.0,117.0,136.0,147.0,192.0,211.0,237.0,242.0,276.0,330.0,357.0,411.0,
15.0,44.0,44.0,54.0,74.0,132.0,177.0,201.0,204.0,225.0,232.0,245.0,254.0,285.0,315.0,378.0,387.0,401.0,795.0,
24.0,29.0,35.0,46.0,48.0,94.0,117.0,121.0,146.0,172.0,173.0,189.0,191.0,214.0,214.0,237.0,243.0,262.0,266.0,279.0,315.0,341.0,386.0,388.0,442.0,497.0,807.0,885.0,954.0,954.0,
59.0,61.0,87.0,135.0,158.0,193.0,260.0,288.0,345.0,381.0,407.0,415.0,491.0,783.0,857.0,949.0,
17.0,44.0,73.0,79.0,95.0,163.0,170.0,178.0,197.0,212.0,234.0,282.0,290.0,299.0,309.0,344.0,423.0,437.0,438.0,500.0,509.0,736.0,835.0,855.0,898.0,
13.0,54.0,67.0,96.0,129.0,136.0,156.0,167.0,177.0,272.0,285.0,290.0,299.0,306.0,372.0,386.0,406.0,448.0,449.0,483.0,497.0,869.0,
34.0,50.0,87.0,101.0,132.0,138.0,198.0,240.0,276.0,421.0,433.0,454.0,456.0,474.0,500.0,504.0,507.0,
3.0,40.0,42.0,80.0,98.0,109.0,112.0,119.0,135.0,173.0,216.0,244.0,305.0,326.0,342.0,361.0,362.0,383.0,390.0,391.0,429.0,436.0,437.0,457.0,477.0,479.0,487.0,501.0,599.0,610.0,620.0,641.0,652.0,660.0,704.0,730.0,749.0,813.0,861.0,874.0,899.0,906.0,945.0,948.0,952.0,973.0,
22.0,34.0,45.0,53.0,59.0,61.0,129.0,140.0,168.0,180.0,186.0,201.0,225.0,258.0,261.0,263.0,267.0,283.0,295.0,313.0,327.0,348.0,446.0,486.0,496.0,502.0,520.0,530.0,537.0,565.0,586.0,590.0,635.0,659.0,687.0,712.0,719.0,762.0,774.0,795.0,805.0,809.0,809.0,814.0,834.0,846.0,858.0,863.0,938.0,939.0,942.0,943.0,944.0,960.0,970.0,
32.0,40.0,41.0,186.0,205.0,292.0,298.0,313.0,323.0,347.0,394.0,412.0,438.0,452.0,462.0,474.0,506.0,697.0,711.0,727.0,787.0,822.0,831.0,915.0,942.0,
49.0,80.0,136.0,184.0,186.0,259.0,296.0,309.0,328.0,336.0,338.0,362.0,376.0,426.0,504.0,
18.0,27.0,44.0,121.0,145.0,155.0,161.0,260.0,278.0,324.0,379.0,381.0,384.0,384.0,421.0,445.0,495.0,501.0,930.0,
18.0,43.0,64.0,84.0,88.0,99.0,131.0,165.0,265.0,333.0,335.0,380.0,391.0,418.0,420.0,457.0,776.0,851.0,881.0,974.0,
9.0,73.0,110.0,111.0,139.0,208.0,210.0,215.0,235.0,250.0,257.0,289.0,292.0,330.0,417.0,437.0,464.0,475.0,481.0,492.0,781.0,811.0,983.0,
48.0,53.0,60.0,72.0,146.0,200.0,201.0,234.0,236.0,260.0,262.0,268.0,288.0,295.0,369.0,480.0,745.0,800.0,818.0,923.0,977.0,990.0,
3.0,10.0,11.0,45.0,58.0,76.0,87.0,104.0,106.0,114.0,150.0,156.0,193.0,233.0,245.0,264.0,266.0,284.0,319.0,331.0,346.0,360.0,367.0,405.0,409.0,484.0,828.0,849.0,869.0,913.0,945.0,
11.0,20.0,41.0,66.0,87.0,93.0,99.0,256.0,264.0,281.0,370.0,404.0,428.0,483.0,504.0,
6.0,163.0,187.0,218.0,236.0,239.0,249.0,317.0,318.0,362.0,370.0,401.0,401.0,408.0,472.0,485.0,493.0,506.0,508.0,509.0,674.0,759.0,765.0,773.0,806.0,810.0,832.0,862.0,915.0,942.0,977.0,
57.0,142.0,156.0,165.0,175.0,251.0,359.0,365.0,432.0,447.0,468.0,482.0,485.0,514.0,558.0,587.0,620.0,671.0,676.0,686.0,700.0,705.0,727.0,729.0,734.0,789.0,810.0,823.0,850.0,855.0,864.0,868.0,872.0,882.0,891.0,962.0,967.0,973.0,
4.0,4.0,64.0,69.0,106.0,139.0,163.0,204.0,260.0,299.0,305.0,317.0,357.0,364.0,427.0,465.0,474.0,692.0,747.0,793.0,814.0,818.0,908.0,919.0,937.0,967.0,971.0,981.0,
9.0,19.0,56.0,66.0,282.0,288.0,319.0,444.0,467.0,894.0,
62.0,90.0,118.0,145.0,181.0,203.0,208.0,240.0,295.0,314.0,364.0,375.0,378.0,409.0,411.0,420.0,430.0,454.0,484.0,884.0,1000.0,
49.0,106.0,122.0,123.0,129.0,130.0,167.0,208.0,260.0,290.0,293.0,403.0,446.0,453.0,464.0,503.0,774.0,796.0,809.0,842.0,851.0,970.0,
86.0,107.0,116.0,150.0,155.0,160.0,183.0,231.0,249.0,251.0,260.0,277.0,283.0,283.0,325.0,328.0,338.0,374.0,438.0,462.0,474.0,495.0,890.0,946.0,994.0,
48.0,101.0,133.0,140.0,150.0,207.0,209.0,209.0,213.0,303.0,335.0,359.0,375.0,392.0,486.0,487.0,498.0,782.0,801.0,894.0,948.0,970.0,974.0,999.0,
21.0,36.0,76.0,133.0,188.0,221.0,241.0,293.0,300.0,311.0,312.0,319.0,322.0,337.0,360.0,368.0,398.0,443.0,482.0,498.0,972.0,
3.0,37.0,39.0,128.0,197.0,200.0,218.0,229.0,254.0,330.0,436.0,
14.0,49.0,63.0,84.0,151.0,156.0,173.0,191.0,202.0,207.0,261.0,277.0,326.0,329.0,347.0,367.0,372.0,395.0,430.0,440.0,448.0,452.0,470.0,478.0,490.0,491.0,502.0,504.0,506.0,510.0,717.0,905.0,941.0,
10.0,65.0,122.0,143.0,144.0,203.0,226.0,228.0,243.0,245.0,293.0,344.0,345.0,371.0,383.0,403.0,409.0,515.0,544.0,554.0,564.0,566.0,570.0,610.0,618.0,619.0,659.0,727.0,767.0,784.0,790.0,800.0,851.0,922.0,930.0,993.0,
2.0,2.0,4.0,15.0,32.0,77.0,84.0,158.0,208.0,217.0,221.0,279.0,296.0,325.0,358.0,363.0,406.0,437.0,443.0,451.0,466.0,473.0,494.0,656.0,864.0,924.0,987.0,999.0,
8.0,33.0,55.0,65.0,78.0,179.0,340.0,356.0,362.0,362.0,375.0,410.0,415.0,416.0,431.0,443.0,
19.0,25.0,88.0,107.0,108.0,158.0,188.0,267.0,275.0,275.0,279.0,423.0,431.0,455.0,461.0,464.0,968.0,
53.0,129.0,131.0,132.0,137.0,201.0,250.0,251.0,268.0,296.0,309.0,424.0,456.0,475.0,481.0,494.0,717.0,724.0,770.0,816.0,898.0,944.0,958.0,
6.0,14.0,19.0,100.0,110.0,129.0,139.0,224.0,247.0,265.0,298.0,315.0,329.0,358.0,386.0,431.0,437.0,448.0,461.0,472.0,473.0,501.0,821.0,896.0,903.0,909.0,997.0,
6.0,54.0,74.0,97.0,120.0,124.0,172.0,178.0,204.0,244.0,279.0,293.0,305.0,355.0,383.0,423.0,496.0,497.0,753.0,834.0,955.0,989.0,
10.0,45.0,105.0,157.0,173.0,176.0,186.0,188.0,219.0,242.0,245.0,326.0,337.0,344.0,396.0,456.0,469.0,472.0,473.0,477.0,804.0,844.0,869.0,871.0,921.0,942.0,987.0,
26.0,62.0,68.0,96.0,105.0,145.0,228.0,281.0,288.0,371.0,393.0,403.0,415.0,417.0,454.0,484.0,488.0,
5.0,7.0,16.0,47.0,53.0,85.0,98.0,99.0,99.0,157.0,223.0,260.0,270.0,286.0,298.0,314.0,315.0,332.0,334.0,344.0,361.0,368.0,408.0,415.0,428.0,507.0,651.0,722.0,778.0,788.0,795.0,907.0,951.0,953.0,971.0,
16.0,27.0,43.0,49.0,76.0,108.0,201.0,210.0,300.0,330.0,348.0,437.0,441.0,455.0,455.0,460.0,465.0,471.0,483.0,533.0,629.0,650.0,685.0,699.0,712.0,772.0,781.0,783.0,804.0,820.0,830.0,847.0,862.0,868.0,889.0,906.0,916.0,941.0,970.0,1000.0,
11.0,13.0,14.0,89.0,96.0,187.0,217.0,233.0,237.0,313.0,318.0,328.0,334.0,418.0,420.0,440.0,447.0,470.0,482.0,490.0,492.0,565.0,615.0,661.0,672.0,756.0,775.0,793.0,806.0,830.0,854.0,869.0,903.0,951.0,953.0,974.0,995.0,1000.0,
22.0,31.0,70.0,85.0,177.0,223.0,234.0,242.0,245.0,308.0,319.0,344.0,344.0,348.0,372.0,378.0,391.0,423.0,434.0,456.0,475.0,486.0,505.0,
71.0,103.0,109.0,133.0,134.0,147.0,174.0,239.0,274.0,302.0,306.0,325.0,370.0,425.0,465.0,472.0,481.0,487.0,908.0,927.0,
17.0,43.0,108.0,109.0,121.0,136.0,188.0,221.0,228.0,312.0,368.0,395.0,405.0,418.0,420.0,461.0,478.0,487.0,933.0,938.0,
7.0,25.0,28.0,65.0,109.0,126.0,183.0,196.0,291.0,330.0,352.0,405.0,411.0,426.0,466.0,471.0,484.0,499.0,509.0,796.0,902.0,907.0,923.0,933.0,
2.0,14.0,21.0,21.0,24.0,66.0,88.0,111.0,181.0,227.0,232.0,257.0,288.0,328.0,335.0,373.0,373.0,387.0,409.0,471.0,482.0,493.0,780.0,926.0,
13.0,27.0,73.0,119.0,219.0,222.0,237.0,254.0,263.0,273.0,276.0,279.0,338.0,342.0,366.0,432.0,443.0,454.0,471.0,477.0,873.0,
5.0,62.0,73.0,106.0,144.0,161.0,195.0,225.0,236.0,239.0,292.0,330.0,392.0,399.0,
3.0,6.0,10.0,33.0,91.0,182.0,222.0,224.0,253.0,258.0,306.0,321.0,321.0,331.0,333.0,364.0,421.0,430.0,478.0,568.0,573.0,593.0,612.0,628.0,644.0,651.0,775.0,777.0,785.0,790.0,806.0,820.0,825.0,836.0,848.0,869.0,869.0,983.0,987.0,
5.0,22.0,57.0,92.0,101.0,106.0,111.0,119.0,126.0,161.0,170.0,174.0,181.0,234.0,236.0,310.0,313.0,346.0,485.0,497.0,507.0,513.0,521.0,531.0,577.0,589.0,620.0,621.0,644.0,728.0,732.0,742.0,747.0,764.0,807.0,854.0,966.0,977.0,984.0,
39.0,47.0,96.0,112.0,117.0,118.0,125.0,160.0,184.0,219.0,237.0,254.0,265.0,300.0,354.0,380.0,457.0,518.0,520.0,598.0,635.0,650.0,654.0,751.0,781.0,788.0,791.0,793.0,811.0,815.0,847.0,871.0,885.0,885.0,886.0,898.0,903.0,921.0,927.0,951.0,963.0,971.0,972.0,
11.0,81.0,110.0,127.0,127.0,138.0,206.0,218.0,228.0,277.0,282.0,307.0,335.0,340.0,352.0,472.0,485.0,498.0,695.0,720.0,724.0,766.0,770.0,794.0,883.0,903.0,904.0,937.0,984.0,
2.0,3.0,22.0,172.0,213.0,246.0,275.0,275.0,303.0,315.0,332.0,335.0,338.0,457.0,
67.0,69.0,120.0,142.0,211.0,213.0,218.0,247.0,261.0,333.0,481.0,496.0,
4.0,6.0,7.0,57.0,67.0,101.0,148.0,149.0,163.0,181.0,188.0,190.0,213.0,420.0,470.0,488.0,488.0,503.0,
4.0,25.0,60.0,104.0,132.0,145.0,147.0,151.0,232.0,265.0,304.0,378.0,384.0,401.0,406.0,441.0,494.0,
13.0,31.0,33.0,107.0,193.0,210.0,255.0,263.0,284.0,295.0,302.0,305.0,341.0,361.0,386.0,420.0,479.0,493.0,504.0,510.0,
129.0,168.0,176.0,235.0,273.0,304.0,337.0,356.0,372.0,389.0,431.0,690.0,716.0,749.0,789.0,825.0,838.0,887.0,901.0,959.0,965.0,
8.0,16.0,22.0,29.0,77.0,90.0,115.0,121.0,127.0,145.0,172.0,204.0,224.0,243.0,294.0,312.0,317.0,330.0,345.0,365.0,367.0,378.0,409.0,439.0,462.0,472.0,494.0,512.0,543.0,548.0,565.0,566.0,572.0,579.0,611.0,643.0,678.0,679.0,715.0,723.0,726.0,745.0,746.0,784.0,788.0,814.0,909.0,909.0,932.0,943.0,
18.0,80.0,106.0,127.0,171.0,180.0,215.0,220.0,291.0,293.0,329.0,341.0,370.0,386.0,398.0,399.0,411.0,415.0,436.0,463.0,628.0,630.0,667.0,741.0,819.0,850.0,892.0,933.0,946.0,963.0,964.0,973.0,998.0,
5.0,20.0,74.0,98.0,123.0,129.0,146.0,149.0,158.0,201.0,208.0,208.0,216.0,235.0,238.0,246.0,256.0,271.0,288.0,297.0,345.0,369.0,393.0,436.0,470.0,494.0,524.0,528.0,563.0,575.0,586.0,590.0,605.0,641.0,676.0,745.0,794.0,831.0,832.0,832.0,893.0,907.0,920.0,925.0,929.0,934.0,938.0,970.0,1000.0,
2.0,19.0,49.0,72.0,91.0,127.0,174.0,274.0,275.0,290.0,297.0,303.0,320.0,324.0,332.0,339.0,384.0,412.0,426.0,451.0,465.0,495.0,613.0,655.0,657.0,664.0,666.0,675.0,682.0,694.0,708.0,709.0,722.0,750.0,761.0,783.0,797.0,815.0,821.0,825.0,858.0,874.0,879.0,886.0,887.0,889.0,903.0,905.0,911.0,928.0,935.0,977.0,
41.0,42.0,84.0,97.0,116.0,120.0,122.0,131.0,134.0,139.0,174.0,189.0,258.0,280.0,306.0,353.0,369.0,389.0,423.0,426.0,442.0,499.0,503.0,618.0,632.0,643.0,648.0,693.0,790.0,800.0,805.0,817.0,837.0,857.0,870.0,879.0,941.0,949.0,966.0,979.0,988.0,
8.0,28.0,67.0,74.0,82.0,101.0,254.0,258.0,364.0,365.0,375.0,419.0,420.0,452.0,628.0,703.0,722.0,820.0,829.0,832.0,839.0,858.0,906.0,929.0,930.0,
28.0,40.0,72.0,133.0,233.0,253.0,325.0,340.0,448.0,485.0,495.0,512.0,711.0,805.0,846.0,877.0,907.0,971.0,978.0,
6.0,38.0,61.0,86.0,88.0,88.0,122.0,173.0,183.0,203.0,260.0,273.0,312.0,313.0,321.0,365.0,389.0,406.0,443.0,470.0,480.0,686.0,722.0,753.0,840.0,875.0,971.0,988.0,
44.0,57.0,71.0,76.0,117.0,147.0,159.0,160.0,165.0,171.0,211.0,224.0,229.0,248.0,266.0,321.0,410.0,425.0,436.0,471.0,477.0,480.0,547.0,611.0,615.0,637.0,637.0,655.0,709.0,714.0,716.0,719.0,720.0,747.0,759.0,784.0,786.0,793.0,794.0,806.0,839.0,881.0,928.0,954.0,956.0,981.0,
31.0,56.0,87.0,90.0,95.0,128.0,140.0,173.0,174.0,194.0,196.0,225.0,234.0,244.0,254.0,293.0,300.0,304.0,331.0,377.0,394.0,403.0,452.0,469.0,483.0,545.0,548.0,559.0,567.0,608.0,622.0,625.0,629.0,640.0,648.0,686.0,696.0,705.0,746.0,792.0,825.0,839.0,843.0,882.0,942.0,957.0,977.0,996.0,
16.0,45.0,49.0,64.0,83.0,87.0,160.0,160.0,190.0,211.0,236.0,344.0,363.0,377.0,385.0,406.0,421.0,422.0,424.0,424.0,438.0,438.0,460.0,467.0,507.0,513.0,513.0,525.0,543.0,558.0,612.0,730.0,746.0,768.0,770.0,809.0,830.0,838.0,862.0,878.0,896.0,897.0,919.0,934.0,
