14.0,25.0,200.0,213.0,225.0,248.0,265.0,302.0,408.0,411.0,411.0,420.0,445.0,473.0,476.0,600.0,621.0,642.0,653.0,674.0,685.0,726.0,731.0,742.0,752.0,805.0,840.0,860.0,871.0,874.0,874.0,922.0,928.0,997.0,
6.0,15.0,33.0,35.0,71.0,103.0,110.0,112.0,132.0,190.0,190.0,212.0,268.0,272.0,275.0,301.0,326.0,353.0,411.0,419.0,435.0,459.0,484.0,501.0,539.0,578.0,583.0,672.0,700.0,728.0,746.0,771.0,878.0,891.0,981.0,991.0,
3.0,36.0,37.0,50.0,57.0,57.0,59.0,62.0,68.0,138.0,164.0,177.0,179.0,180.0,192.0,197.0,204.0,212.0,219.0,333.0,366.0,385.0,432.0,451.0,453.0,461.0,484.0,487.0,502.0,564.0,601.0,641.0,673.0,728.0,753.0,793.0,828.0,838.0,844.0,862.0,885.0,896.0,918.0,976.0,1000.0,
10.0,36.0,38.0,76.0,90.0,120.0,144.0,162.0,218.0,260.0,267.0,312.0,313.0,341.0,389.0,450.0,484.0,488.0,490.0,494.0,553.0,569.0,577.0,583.0,621.0,683.0,695.0,703.0,914.0,924.0,940.0,965.0,995.0,
24.0,49.0,108.0,110.0,213.0,233.0,248.0,288.0,289.0,302.0,323.0,393.0,426.0,443.0,444.0,519.0,534.0,543.0,549.0,553.0,584.0,585.0,622.0,625.0,631.0,685.0,772.0,804.0,805.0,822.0,839.0,841.0,850.0,869.0,895.0,913.0,913.0,917.0,922.0,940.0,957.0,990.0,
54.0,60.0,62.0,78.0,83.0,84.0,106.0,111.0,132.0,152.0,234.0,239.0,257.0,282.0,293.0,300.0,330.0,386.0,398.0,446.0,471.0,472.0,509.0,526.0,538.0,551.0,589.0,635.0,646.0,650.0,654.0,656.0,691.0,702.0,704.0,705.0,707.0,782.0,803.0,807.0,858.0,888.0,891.0,913.0,946.0,948.0,956.0,977.0,985.0,986.0,989.0,
16.0,52.0,60.0,63.0,96.0,106.0,122.0,129.0,254.0,314.0,324.0,385.0,430.0,435.0,462.0,484.0,491.0,512.0,530.0,551.0,572.0,618.0,640.0,683.0,697.0,700.0,702.0,729.0,737.0,889.0,944.0,951.0,955.0,958.0,970.0,
28.0,40.0,64.0,64.0,68.0,83.0,112.0,125.0,162.0,208.0,272.0,286.0,309.0,417.0,420.0,467.0,492.0,499.0,550.0,551.0,551.0,609.0,674.0,716.0,760.0,768.0,768.0,797.0,821.0,839.0,858.0,868.0,877.0,882.0,895.0,956.0,959.0,969.0,985.0,
9.0,16.0,80.0,97.0,100.0,121.0,127.0,141.0,167.0,182.0,203.0,308.0,382.0,388.0,415.0,478.0,518.0,527.0,558.0,565.0,581.0,594.0,600.0,644.0,656.0,664.0,701.0,724.0,728.0,728.0,949.0,960.0,963.0,991.0,
66.0,135.0,149.0,170.0,222.0,236.0,242.0,265.0,273.0,295.0,325.0,365.0,367.0,391.0,415.0,428.0,442.0,443.0,477.0,501.0,512.0,518.0,524.0,534.0,537.0,563.0,569.0,579.0,597.0,600.0,604.0,647.0,683.0,705.0,726.0,732.0,753.0,771.0,789.0,819.0,822.0,846.0,881.0,924.0,931.0,939.0,975.0,
13.0,19.0,21.0,39.0,71.0,83.0,83.0,133.0,145.0,258.0,265.0,273.0,318.0,339.0,353.0,356.0,434.0,439.0,450.0,474.0,482.0,497.0,641.0,648.0,684.0,690.0,779.0,825.0,838.0,841.0,897.0,942.0,949.0,
6.0,9.0,37.0,43.0,82.0,92.0,93.0,173.0,197.0,202.0,251.0,257.0,267.0,305.0,314.0,392.0,419.0,503.0,516.0,526.0,535.0,543.0,588.0,598.0,643.0,704.0,708.0,712.0,752.0,771.0,784.0,824.0,866.0,877.0,882.0,916.0,919.0,940.0,947.0,952.0,997.0,
3.0,47.0,138.0,149.0,160.0,181.0,185.0,233.0,328.0,338.0,395.0,449.0,468.0,609.0,658.0,718.0,742.0,764.0,846.0,890.0,890.0,902.0,921.0,933.0,934.0,946.0,947.0,954.0,957.0,977.0,982.0,990.0,
7.0,45.0,50.0,66.0,113.0,185.0,195.0,251.0,259.0,273.0,288.0,303.0,363.0,388.0,445.0,456.0,568.0,599.0,645.0,650.0,672.0,737.0,750.0,752.0,780.0,797.0,802.0,854.0,866.0,949.0,992.0,
38.0,60.0,74.0,79.0,81.0,117.0,126.0,157.0,160.0,181.0,204.0,220.0,232.0,265.0,291.0,367.0,368.0,379.0,408.0,423.0,428.0,452.0,453.0,475.0,480.0,652.0,745.0,781.0,812.0,846.0,858.0,907.0,909.0,946.0,
10.0,15.0,33.0,34.0,40.0,43.0,98.0,121.0,158.0,175.0,186.0,203.0,243.0,251.0,259.0,261.0,266.0,279.0,301.0,311.0,353.0,365.0,475.0,779.0,881.0,900.0,908.0,929.0,949.0,
48.0,60.0,84.0,176.0,263.0,328.0,395.0,401.0,402.0,500.0,694.0,762.0,872.0,915.0,
10.0,19.0,29.0,34.0,43.0,74.0,93.0,95.0,116.0,131.0,155.0,171.0,233.0,284.0,292.0,310.0,320.0,331.0,373.0,376.0,418.0,468.0,481.0,577.0,599.0,645.0,658.0,660.0,715.0,744.0,779.0,817.0,860.0,866.0,867.0,889.0,890.0,934.0,955.0,983.0,983.0,
55.0,69.0,86.0,106.0,126.0,127.0,130.0,165.0,166.0,203.0,205.0,245.0,290.0,328.0,389.0,416.0,427.0,470.0,546.0,551.0,620.0,633.0,648.0,652.0,658.0,659.0,674.0,676.0,679.0,705.0,717.0,722.0,725.0,743.0,748.0,783.0,791.0,791.0,798.0,817.0,945.0,956.0,977.0,983.0,
22.0,63.0,71.0,83.0,105.0,125.0,172.0,172.0,205.0,262.0,272.0,274.0,276.0,294.0,305.0,311.0,312.0,320.0,324.0,363.0,371.0,394.0,431.0,526.0,546.0,579.0,593.0,611.0,645.0,659.0,660.0,716.0,716.0,783.0,795.0,799.0,817.0,875.0,891.0,905.0,907.0,966.0,996.0,
15.0,47.0,110.0,128.0,158.0,182.0,222.0,238.0,267.0,287.0,307.0,328.0,337.0,342.0,370.0,388.0,420.0,436.0,488.0,502.0,514.0,521.0,529.0,552.0,552.0,573.0,660.0,660.0,669.0,671.0,741.0,742.0,756.0,783.0,805.0,829.0,834.0,834.0,850.0,864.0,874.0,884.0,887.0,887.0,941.0,
31.0,49.0,56.0,167.0,207.0,225.0,253.0,299.0,412.0,459.0,477.0,523.0,538.0,547.0,582.0,589.0,592.0,600.0,637.0,668.0,668.0,676.0,687.0,723.0,757.0,758.0,782.0,799.0,827.0,867.0,876.0,887.0,895.0,945.0,984.0,999.0,
22.0,94.0,150.0,193.0,203.0,216.0,222.0,234.0,438.0,451.0,461.0,504.0,644.0,664.0,672.0,672.0,745.0,798.0,805.0,841.0,861.0,875.0,891.0,915.0,997.0,
5.0,19.0,50.0,63.0,102.0,125.0,137.0,143.0,155.0,163.0,191.0,206.0,327.0,342.0,406.0,414.0,421.0,444.0,461.0,
2.0,27.0,33.0,35.0,55.0,63.0,100.0,158.0,174.0,189.0,237.0,296.0,341.0,392.0,396.0,432.0,453.0,
2.0,19.0,83.0,110.0,119.0,121.0,123.0,131.0,134.0,158.0,168.0,258.0,271.0,324.0,326.0,333.0,364.0,422.0,429.0,469.0,473.0,507.0,
152.0,242.0,274.0,283.0,316.0,360.0,373.0,387.0,406.0,415.0,452.0,452.0,
10.0,11.0,23.0,81.0,98.0,133.0,157.0,167.0,238.0,243.0,249.0,297.0,385.0,398.0,429.0,443.0,451.0,460.0,461.0,468.0,504.0,
2.0,49.0,53.0,60.0,78.0,131.0,141.0,181.0,221.0,289.0,305.0,359.0,368.0,391.0,404.0,431.0,467.0,505.0,644.0,720.0,724.0,742.0,833.0,876.0,
84.0,114.0,132.0,143.0,204.0,283.0,320.0,359.0,408.0,450.0,468.0,500.0,555.0,555.0,584.0,602.0,653.0,656.0,659.0,686.0,700.0,759.0,784.0,836.0,848.0,872.0,881.0,884.0,914.0,916.0,962.0,967.0,973.0,978.0,979.0,991.0,
17.0,62.0,77.0,84.0,92.0,106.0,128.0,170.0,178.0,196.0,243.0,246.0,253.0,255.0,268.0,305.0,345.0,360.0,421.0,436.0,455.0,552.0,572.0,576.0,594.0,636.0,680.0,721.0,796.0,813.0,833.0,865.0,867.0,874.0,882.0,902.0,937.0,940.0,961.0,971.0,975.0,
17.0,27.0,71.0,76.0,144.0,146.0,149.0,191.0,210.0,213.0,229.0,257.0,297.0,327.0,379.0,386.0,429.0,445.0,605.0,606.0,610.0,610.0,640.0,665.0,682.0,682.0,727.0,739.0,773.0,782.0,817.0,835.0,858.0,861.0,873.0,901.0,934.0,957.0,961.0,970.0,980.0,997.0,
2.0,30.0,81.0,87.0,118.0,125.0,190.0,201.0,241.0,261.0,314.0,345.0,352.0,361.0,405.0,425.0,477.0,492.0,494.0,
10.0,44.0,60.0,69.0,106.0,152.0,163.0,188.0,231.0,235.0,250.0,292.0,295.0,360.0,375.0,376.0,382.0,395.0,401.0,430.0,440.0,
13.0,33.0,43.0,60.0,326.0,328.0,338.0,391.0,409.0,429.0,481.0,482.0,841.0,
25.0,43.0,102.0,114.0,137.0,149.0,161.0,193.0,195.0,236.0,238.0,246.0,277.0,277.0,278.0,279.0,279.0,287.0,302.0,356.0,376.0,402.0,438.0,440.0,441.0,483.0,936.0,951.0,
11.0,31.0,35.0,54.0,56.0,76.0,115.0,145.0,155.0,163.0,197.0,222.0,313.0,356.0,376.0,489.0,496.0,982.0,
99.0,124.0,131.0,179.0,201.0,254.0,270.0,277.0,318.0,327.0,338.0,343.0,372.0,380.0,382.0,490.0,494.0,940.0,
11.0,14.0,25.0,99.0,122.0,149.0,172.0,198.0,201.0,230.0,245.0,269.0,291.0,296.0,345.0,360.0,380.0,401.0,433.0,464.0,473.0,
5.0,10.0,35.0,50.0,78.0,142.0,263.0,310.0,322.0,350.0,373.0,455.0,484.0,530.0,594.0,619.0,630.0,733.0,781.0,785.0,793.0,810.0,835.0,854.0,866.0,977.0,994.0,995.0,
41.0,47.0,55.0,56.0,121.0,126.0,241.0,268.0,294.0,304.0,306.0,343.0,422.0,432.0,432.0,432.0,439.0,507.0,540.0,545.0,559.0,580.0,605.0,649.0,665.0,687.0,727.0,747.0,749.0,764.0,795.0,811.0,852.0,873.0,940.0,949.0,963.0,964.0,987.0,993.0,996.0,997.0,
74.0,95.0,100.0,126.0,151.0,174.0,176.0,188.0,221.0,255.0,269.0,310.0,319.0,349.0,355.0,360.0,369.0,405.0,414.0,427.0,457.0,464.0,464.0,504.0,506.0,663.0,691.0,839.0,861.0,875.0,905.0,940.0,944.0,
7.0,38.0,42.0,91.0,95.0,101.0,122.0,125.0,178.0,196.0,229.0,229.0,249.0,268.0,269.0,274.0,281.0,298.0,329.0,330.0,330.0,345.0,353.0,367.0,386.0,408.0,418.0,439.0,466.0,476.0,509.0,
68.0,81.0,113.0,113.0,122.0,122.0,150.0,155.0,163.0,164.0,184.0,190.0,193.0,202.0,206.0,223.0,268.0,404.0,417.0,941.0,964.0,
22.0,34.0,42.0,44.0,49.0,113.0,191.0,201.0,244.0,249.0,274.0,305.0,308.0,372.0,382.0,404.0,440.0,456.0,799.0,866.0,927.0,988.0,
24.0,38.0,47.0,58.0,64.0,84.0,106.0,126.0,134.0,141.0,145.0,148.0,151.0,191.0,214.0,282.0,307.0,308.0,324.0,429.0,477.0,506.0,943.0,982.0,
18.0,39.0,51.0,80.0,105.0,130.0,134.0,167.0,187.0,237.0,270.0,293.0,311.0,313.0,320.0,423.0,465.0,475.0,494.0,509.0,748.0,924.0,958.0,968.0,972.0,
14.0,85.0,149.0,151.0,176.0,180.0,191.0,223.0,240.0,254.0,284.0,331.0,378.0,388.0,388.0,404.0,404.0,451.0,454.0,503.0,807.0,872.0,954.0,955.0,
29.0,53.0,112.0,114.0,130.0,204.0,226.0,289.0,349.0,350.0,353.0,354.0,362.0,409.0,
27.0,31.0,52.0,55.0,72.0,89.0,90.0,143.0,153.0,178.0,218.0,261.0,278.0,287.0,347.0,359.0,362.0,370.0,398.0,435.0,446.0,467.0,487.0,721.0,813.0,932.0,940.0,942.0,959.0,966.0,996.0,
36.0,42.0,80.0,111.0,127.0,134.0,161.0,182.0,214.0,223.0,234.0,382.0,387.0,398.0,447.0,472.0,472.0,527.0,657.0,659.0,666.0,724.0,725.0,731.0,759.0,769.0,771.0,800.0,803.0,808.0,822.0,849.0,852.0,870.0,871.0,891.0,894.0,917.0,918.0,925.0,942.0,954.0,979.0,979.0,
31.0,52.0,59.0,116.0,128.0,132.0,145.0,220.0,225.0,256.0,258.0,328.0,330.0,356.0,375.0,380.0,467.0,722.0,806.0,864.0,877.0,901.0,926.0,942.0,950.0,976.0,
25.0,68.0,107.0,121.0,176.0,219.0,254.0,273.0,363.0,393.0,409.0,417.0,436.0,451.0,464.0,469.0,476.0,508.0,
28.0,36.0,59.0,66.0,73.0,117.0,173.0,183.0,190.0,241.0,374.0,438.0,443.0,862.0,
80.0,87.0,139.0,168.0,172.0,195.0,225.0,306.0,307.0,319.0,378.0,424.0,481.0,899.0,925.0,
36.0,147.0,152.0,182.0,282.0,317.0,343.0,367.0,376.0,391.0,399.0,448.0,464.0,496.0,734.0,798.0,979.0,986.0,996.0,
37.0,80.0,93.0,117.0,120.0,123.0,143.0,166.0,167.0,177.0,223.0,249.0,282.0,295.0,309.0,344.0,357.0,398.0,407.0,413.0,431.0,450.0,460.0,478.0,497.0,505.0,822.0,905.0,944.0,997.0,
55.0,84.0,110.0,135.0,153.0,156.0,163.0,205.0,225.0,228.0,241.0,242.0,302.0,326.0,333.0,351.0,372.0,396.0,396.0,414.0,444.0,468.0,489.0,501.0,748.0,846.0,935.0,978.0,
5.0,73.0,103.0,128.0,184.0,187.0,206.0,240.0,244.0,262.0,281.0,300.0,313.0,321.0,326.0,370.0,376.0,378.0,383.0,387.0,393.0,433.0,488.0,
53.0,83.0,101.0,227.0,272.0,284.0,291.0,296.0,301.0,303.0,319.0,344.0,382.0,842.0,942.0,
27.0,33.0,68.0,94.0,114.0,143.0,156.0,161.0,178.0,182.0,183.0,246.0,258.0,269.0,274.0,295.0,297.0,302.0,317.0,342.0,380.0,404.0,421.0,479.0,500.0,571.0,600.0,658.0,679.0,721.0,747.0,754.0,816.0,817.0,827.0,829.0,870.0,872.0,886.0,890.0,946.0,973.0,
15.0,32.0,70.0,85.0,90.0,142.0,143.0,144.0,153.0,161.0,198.0,267.0,283.0,283.0,318.0,347.0,360.0,384.0,396.0,454.0,498.0,805.0,827.0,
28.0,33.0,40.0,131.0,141.0,157.0,165.0,230.0,259.0,272.0,273.0,283.0,287.0,313.0,359.0,402.0,425.0,449.0,
35.0,41.0,43.0,56.0,80.0,85.0,96.0,144.0,147.0,153.0,154.0,209.0,226.0,257.0,302.0,389.0,498.0,506.0,717.0,
4.0,12.0,16.0,19.0,26.0,45.0,59.0,60.0,64.0,87.0,119.0,204.0,205.0,212.0,388.0,420.0,422.0,467.0,498.0,498.0,508.0,987.0,
27.0,29.0,47.0,76.0,150.0,167.0,168.0,183.0,188.0,203.0,231.0,233.0,291.0,292.0,313.0,314.0,347.0,425.0,442.0,446.0,475.0,487.0,496.0,502.0,510.0,791.0,804.0,816.0,915.0,972.0,
33.0,98.0,127.0,208.0,209.0,316.0,323.0,394.0,395.0,430.0,447.0,504.0,866.0,897.0,920.0,940.0,961.0,
3.0,6.0,11.0,16.0,58.0,74.0,92.0,102.0,137.0,205.0,225.0,299.0,313.0,327.0,336.0,382.0,424.0,469.0,856.0,865.0,867.0,
40.0,43.0,67.0,88.0,112.0,145.0,149.0,218.0,252.0,252.0,315.0,330.0,334.0,340.0,382.0,423.0,442.0,447.0,
44.0,86.0,112.0,117.0,132.0,208.0,230.0,262.0,281.0,300.0,325.0,333.0,378.0,396.0,405.0,493.0,493.0,502.0,725.0,738.0,738.0,742.0,844.0,872.0,878.0,937.0,948.0,967.0,969.0,997.0,
9.0,16.0,18.0,23.0,46.0,51.0,71.0,106.0,131.0,137.0,175.0,189.0,198.0,216.0,246.0,319.0,322.0,380.0,387.0,388.0,397.0,408.0,413.0,436.0,515.0,540.0,562.0,572.0,582.0,587.0,596.0,642.0,686.0,703.0,718.0,751.0,772.0,812.0,815.0,827.0,850.0,872.0,896.0,901.0,905.0,929.0,959.0,969.0,990.0,
25.0,27.0,38.0,50.0,58.0,121.0,191.0,195.0,214.0,253.0,282.0,304.0,326.0,337.0,348.0,376.0,399.0,401.0,441.0,475.0,596.0,646.0,684.0,718.0,741.0,766.0,771.0,782.0,786.0,805.0,880.0,885.0,918.0,921.0,926.0,948.0,969.0,
45.0,80.0,96.0,101.0,147.0,162.0,282.0,285.0,295.0,302.0,310.0,369.0,427.0,480.0,498.0,507.0,
10.0,11.0,69.0,127.0,144.0,145.0,148.0,156.0,193.0,199.0,209.0,238.0,245.0,274.0,286.0,294.0,318.0,343.0,361.0,385.0,438.0,439.0,467.0,780.0,907.0,955.0,957.0,1000.0,
38.0,64.0,69.0,82.0,89.0,90.0,101.0,144.0,243.0,260.0,280.0,281.0,285.0,309.0,351.0,354.0,373.0,405.0,443.0,463.0,503.0,815.0,980.0,
23.0,34.0,43.0,73.0,76.0,103.0,108.0,112.0,114.0,182.0,248.0,287.0,338.0,343.0,396.0,411.0,413.0,427.0,464.0,471.0,848.0,862.0,867.0,
3.0,49.0,79.0,114.0,146.0,157.0,167.0,272.0,280.0,298.0,307.0,348.0,381.0,385.0,391.0,415.0,492.0,492.0,749.0,757.0,773.0,872.0,892.0,966.0,978.0,996.0,
141.0,143.0,149.0,165.0,189.0,196.0,222.0,238.0,244.0,274.0,296.0,349.0,368.0,369.0,454.0,466.0,469.0,472.0,480.0,
26.0,39.0,41.0,48.0,68.0,95.0,154.0,174.0,227.0,235.0,241.0,249.0,252.0,305.0,320.0,324.0,375.0,402.0,404.0,478.0,483.0,490.0,
47.0,84.0,96.0,104.0,142.0,165.0,185.0,236.0,315.0,317.0,339.0,342.0,363.0,369.0,375.0,432.0,485.0,494.0,495.0,517.0,526.0,612.0,638.0,689.0,700.0,708.0,758.0,759.0,761.0,780.0,793.0,833.0,861.0,896.0,898.0,952.0,960.0,986.0,
38.0,57.0,72.0,76.0,90.0,99.0,143.0,154.0,157.0,164.0,186.0,193.0,261.0,349.0,407.0,411.0,443.0,457.0,472.0,482.0,498.0,530.0,555.0,567.0,582.0,626.0,647.0,683.0,685.0,690.0,698.0,698.0,714.0,761.0,776.0,778.0,792.0,806.0,890.0,891.0,935.0,947.0,956.0,963.0,968.0,982.0,
29.0,87.0,105.0,115.0,127.0,140.0,146.0,147.0,154.0,171.0,204.0,233.0,256.0,309.0,343.0,367.0,375.0,398.0,398.0,410.0,436.0,470.0,544.0,548.0,551.0,571.0,576.0,608.0,643.0,654.0,707.0,710.0,724.0,752.0,766.0,776.0,789.0,799.0,802.0,815.0,836.0,846.0,849.0,867.0,879.0,906.0,933.0,946.0,952.0,987.0,
71.0,149.0,202.0,224.0,247.0,285.0,299.0,334.0,392.0,398.0,425.0,425.0,432.0,443.0,485.0,508.0,513.0,669.0,671.0,711.0,720.0,746.0,747.0,759.0,773.0,776.0,776.0,791.0,794.0,803.0,921.0,937.0,952.0,
3.0,60.0,81.0,115.0,131.0,141.0,148.0,174.0,208.0,233.0,248.0,296.0,303.0,322.0,325.0,362.0,373.0,393.0,397.0,403.0,450.0,460.0,
82.0,96.0,118.0,119.0,180.0,208.0,287.0,324.0,333.0,349.0,353.0,363.0,372.0,416.0,428.0,434.0,460.0,464.0,472.0,477.0,483.0,495.0,504.0,
22.0,44.0,80.0,81.0,100.0,114.0,123.0,138.0,145.0,176.0,210.0,224.0,248.0,267.0,284.0,284.0,296.0,304.0,342.0,368.0,406.0,408.0,445.0,467.0,
30.0,129.0,163.0,190.0,216.0,232.0,237.0,253.0,278.0,356.0,360.0,386.0,414.0,415.0,
47.0,85.0,117.0,126.0,147.0,153.0,171.0,189.0,202.0,206.0,244.0,246.0,269.0,295.0,298.0,320.0,344.0,359.0,381.0,383.0,405.0,426.0,486.0,497.0,
7.0,68.0,73.0,111.0,139.0,255.0,257.0,311.0,335.0,361.0,373.0,378.0,722.0,769.0,795.0,802.0,867.0,868.0,920.0,927.0,945.0,993.0,
126.0,131.0,163.0,214.0,276.0,326.0,342.0,374.0,401.0,402.0,418.0,432.0,450.0,481.0,494.0,511.0,527.0,535.0,540.0,540.0,565.0,566.0,568.0,574.0,638.0,645.0,651.0,725.0,728.0,746.0,754.0,781.0,795.0,810.0,865.0,888.0,892.0,921.0,950.0,965.0,
3.0,66.0,90.0,279.0,317.0,323.0,430.0,523.0,561.0,669.0,710.0,748.0,757.0,796.0,839.0,870.0,871.0,915.0,918.0,941.0,989.0,994.0,
9.0,188.0,197.0,257.0,260.0,289.0,317.0,370.0,375.0,385.0,425.0,434.0,548.0,548.0,560.0,605.0,606.0,623.0,633.0,640.0,640.0,684.0,695.0,712.0,733.0,748.0,765.0,813.0,816.0,840.0,858.0,858.0,875.0,926.0,1000.0,
17.0,24.0,110.0,150.0,186.0,195.0,208.0,217.0,238.0,252.0,254.0,258.0,268.0,268.0,334.0,337.0,373.0,411.0,487.0,496.0,497.0,498.0,503.0,515.0,526.0,561.0,575.0,575.0,587.0,615.0,648.0,655.0,685.0,697.0,721.0,726.0,732.0,736.0,748.0,777.0,782.0,809.0,819.0,820.0,881.0,927.0,975.0,975.0,
21.0,23.0,49.0,81.0,121.0,146.0,171.0,215.0,266.0,353.0,363.0,376.0,477.0,498.0,508.0,606.0,653.0,666.0,676.0,717.0,743.0,756.0,780.0,794.0,794.0,805.0,809.0,820.0,825.0,825.0,860.0,958.0,963.0,964.0,969.0,970.0,979.0,993.0,
80.0,90.0,94.0,137.0,180.0,210.0,217.0,260.0,265.0,275.0,302.0,366.0,369.0,401.0,453.0,462.0,503.0,743.0,811.0,822.0,847.0,898.0,900.0,923.0,929.0,930.0,991.0,
57.0,63.0,68.0,130.0,133.0,224.0,231.0,261.0,276.0,293.0,443.0,491.0,778.0,841.0,858.0,943.0,
26.0,30.0,60.0,89.0,90.0,96.0,173.0,173.0,237.0,301.0,306.0,338.0,369.0,386.0,388.0,395.0,439.0,476.0,484.0,495.0,729.0,786.0,822.0,827.0,846.0,957.0,
23.0,56.0,59.0,62.0,178.0,209.0,231.0,276.0,279.0,287.0,327.0,336.0,371.0,383.0,386.0,422.0,427.0,481.0,490.0,500.0,593.0,650.0,678.0,688.0,689.0,690.0,691.0,727.0,773.0,785.0,790.0,839.0,846.0,901.0,918.0,944.0,945.0,949.0,963.0,979.0,982.0,986.0,997.0,
32.0,33.0,63.0,67.0,108.0,161.0,227.0,286.0,292.0,297.0,308.0,314.0,375.0,411.0,427.0,440.0,481.0,490.0,491.0,591.0,615.0,620.0,637.0,667.0,738.0,749.0,799.0,832.0,835.0,845.0,875.0,881.0,923.0,930.0,931.0,950.0,962.0,969.0,
25.0,53.0,160.0,248.0,263.0,340.0,353.0,354.0,361.0,376.0,425.0,436.0,456.0,481.0,490.0,495.0,537.0,563.0,573.0,640.0,694.0,706.0,718.0,729.0,785.0,805.0,843.0,852.0,866.0,882.0,887.0,929.0,937.0,948.0,954.0,961.0,992.0,
