33.0,55.0,80.0,84.0,87.0,95.0,128.0,153.0,202.0,213.0,284.0,421.0,422.0,427.0,435.0,437.0,442.0,442.0,519.0,620.0,626.0,632.0,640.0,651.0,760.0,766.0,774.0,829.0,844.0,853.0,904.0,942.0,954.0,
4.0,43.0,87.0,107.0,174.0,208.0,213.0,213.0,256.0,351.0,356.0,366.0,368.0,384.0,422.0,465.0,512.0,515.0,526.0,534.0,582.0,584.0,609.0,673.0,677.0,742.0,841.0,851.0,856.0,863.0,957.0,
10.0,57.0,108.0,154.0,159.0,229.0,244.0,250.0,276.0,323.0,328.0,345.0,354.0,355.0,359.0,378.0,385.0,420.0,434.0,454.0,460.0,472.0,512.0,517.0,589.0,598.0,614.0,617.0,688.0,731.0,741.0,846.0,847.0,896.0,909.0,946.0,968.0,971.0,
50.0,119.0,136.0,140.0,140.0,158.0,160.0,179.0,216.0,222.0,240.0,240.0,267.0,269.0,292.0,302.0,328.0,347.0,350.0,389.0,408.0,428.0,441.0,558.0,565.0,567.0,600.0,601.0,639.0,659.0,672.0,698.0,765.0,829.0,853.0,876.0,880.0,
8.0,50.0,90.0,123.0,152.0,172.0,178.0,206.0,210.0,214.0,358.0,373.0,378.0,411.0,422.0,488.0,500.0,574.0,578.0,582.0,627.0,650.0,680.0,681.0,710.0,726.0,795.0,861.0,864.0,864.0,864.0,867.0,896.0,946.0,
24.0,80.0,133.0,179.0,198.0,309.0,322.0,360.0,399.0,443.0,484.0,491.0,508.0,544.0,606.0,621.0,623.0,636.0,665.0,674.0,680.0,733.0,756.0,776.0,842.0,845.0,879.0,899.0,913.0,932.0,942.0,972.0,
20.0,28.0,38.0,94.0,122.0,158.0,206.0,212.0,229.0,235.0,237.0,251.0,265.0,327.0,338.0,349.0,359.0,375.0,456.0,537.0,559.0,560.0,595.0,598.0,670.0,683.0,756.0,786.0,789.0,807.0,851.0,875.0,880.0,944.0,967.0,984.0,
7.0,21.0,43.0,64.0,103.0,106.0,119.0,129.0,149.0,214.0,257.0,295.0,301.0,352.0,365.0,392.0,395.0,430.0,437.0,437.0,460.0,491.0,496.0,540.0,549.0,587.0,595.0,598.0,618.0,629.0,649.0,665.0,688.0,700.0,711.0,714.0,738.0,754.0,808.0,837.0,859.0,908.0,911.0,915.0,983.0,
37.0,48.0,56.0,58.0,113.0,189.0,204.0,266.0,271.0,299.0,309.0,311.0,353.0,371.0,410.0,430.0,430.0,451.0,456.0,466.0,474.0,498.0,569.0,596.0,606.0,638.0,653.0,686.0,691.0,692.0,703.0,747.0,777.0,808.0,831.0,856.0,866.0,880.0,886.0,900.0,922.0,939.0,974.0,
5.0,24.0,42.0,124.0,142.0,149.0,246.0,280.0,289.0,295.0,298.0,302.0,379.0,424.0,436.0,452.0,454.0,457.0,483.0,491.0,505.0,574.0,575.0,581.0,637.0,640.0,743.0,749.0,750.0,780.0,785.0,790.0,795.0,812.0,816.0,829.0,831.0,847.0,861.0,863.0,870.0,890.0,902.0,911.0,917.0,961.0,977.0,
41.0,59.0,87.0,90.0,124.0,246.0,298.0,301.0,318.0,354.0,366.0,367.0,404.0,413.0,427.0,431.0,479.0,492.0,534.0,541.0,579.0,593.0,614.0,621.0,630.0,790.0,797.0,842.0,867.0,881.0,894.0,906.0,955.0,963.0,987.0,
58.0,72.0,130.0,139.0,166.0,168.0,236.0,255.0,271.0,283.0,299.0,337.0,364.0,365.0,411.0,446.0,486.0,494.0,519.0,521.0,534.0,535.0,556.0,576.0,634.0,659.0,662.0,692.0,719.0,732.0,742.0,758.0,798.0,819.0,839.0,854.0,918.0,921.0,923.0,931.0,933.0,959.0,982.0,995.0,
33.0,57.0,67.0,83.0,119.0,121.0,174.0,236.0,265.0,279.0,286.0,349.0,381.0,381.0,388.0,444.0,483.0,483.0,494.0,499.0,512.0,534.0,606.0,645.0,660.0,679.0,681.0,691.0,731.0,750.0,756.0,770.0,770.0,781.0,806.0,826.0,849.0,855.0,890.0,895.0,905.0,922.0,922.0,958.0,
65.0,109.0,114.0,120.0,158.0,176.0,185.0,195.0,246.0,265.0,270.0,295.0,339.0,368.0,370.0,378.0,385.0,405.0,466.0,511.0,573.0,576.0,613.0,619.0,638.0,650.0,654.0,690.0,710.0,716.0,729.0,771.0,772.0,782.0,976.0,989.0,990.0,990.0,1000.0,
21.0,44.0,86.0,90.0,98.0,113.0,140.0,154.0,158.0,185.0,204.0,208.0,213.0,234.0,234.0,361.0,361.0,363.0,412.0,414.0,452.0,453.0,464.0,498.0,702.0,722.0,727.0,753.0,759.0,765.0,776.0,878.0,909.0,909.0,927.0,
11.0,30.0,131.0,140.0,146.0,230.0,247.0,291.0,293.0,314.0,326.0,335.0,343.0,346.0,354.0,387.0,392.0,411.0,464.0,466.0,472.0,493.0,710.0,738.0,769.0,789.0,828.0,891.0,892.0,993.0,
3.0,3.0,6.0,30.0,79.0,97.0,168.0,184.0,186.0,187.0,188.0,219.0,231.0,245.0,253.0,268.0,274.0,286.0,291.0,291.0,306.0,336.0,380.0,392.0,396.0,407.0,411.0,441.0,507.0,650.0,651.0,667.0,680.0,708.0,726.0,746.0,774.0,828.0,859.0,904.0,
25.0,37.0,40.0,43.0,52.0,97.0,99.0,117.0,138.0,218.0,223.0,225.0,335.0,371.0,385.0,415.0,437.0,449.0,505.0,505.0,570.0,600.0,618.0,755.0,788.0,796.0,813.0,816.0,816.0,836.0,879.0,882.0,918.0,988.0,
3.0,73.0,159.0,201.0,203.0,217.0,246.0,253.0,256.0,269.0,287.0,296.0,309.0,332.0,342.0,346.0,347.0,381.0,386.0,400.0,402.0,423.0,440.0,440.0,450.0,468.0,470.0,486.0,503.0,516.0,534.0,628.0,673.0,742.0,746.0,747.0,788.0,823.0,838.0,858.0,874.0,919.0,919.0,938.0,947.0,962.0,969.0,986.0,988.0,
59.0,67.0,69.0,98.0,100.0,104.0,138.0,260.0,283.0,359.0,373.0,416.0,441.0,526.0,542.0,545.0,566.0,571.0,619.0,651.0,653.0,707.0,708.0,715.0,733.0,782.0,815.0,816.0,847.0,849.0,852.0,872.0,940.0,999.0,
11.0,34.0,74.0,109.0,146.0,160.0,172.0,221.0,267.0,311.0,367.0,421.0,428.0,453.0,458.0,514.0,518.0,536.0,580.0,601.0,653.0,747.0,765.0,787.0,839.0,856.0,889.0,919.0,950.0,954.0,
11.0,59.0,62.0,77.0,148.0,245.0,297.0,313.0,325.0,347.0,391.0,419.0,419.0,425.0,426.0,445.0,479.0,487.0,518.0,561.0,589.0,631.0,633.0,657.0,769.0,779.0,814.0,814.0,859.0,866.0,871.0,876.0,894.0,931.0,980.0,
9.0,53.0,54.0,97.0,180.0,199.0,270.0,304.0,332.0,346.0,370.0,387.0,409.0,437.0,480.0,485.0,494.0,502.0,626.0,662.0,687.0,700.0,739.0,756.0,766.0,769.0,791.0,816.0,816.0,875.0,918.0,
15.0,39.0,50.0,57.0,73.0,83.0,112.0,178.0,179.0,259.0,267.0,325.0,372.0,402.0,416.0,419.0,434.0,452.0,469.0,
27.0,55.0,59.0,63.0,123.0,136.0,165.0,171.0,227.0,253.0,279.0,282.0,292.0,303.0,312.0,334.0,365.0,372.0,413.0,437.0,447.0,484.0,
26.0,35.0,41.0,51.0,94.0,103.0,131.0,154.0,175.0,213.0,217.0,260.0,286.0,315.0,324.0,357.0,366.0,415.0,431.0,472.0,
14.0,19.0,34.0,77.0,194.0,201.0,207.0,208.0,240.0,296.0,319.0,331.0,347.0,394.0,396.0,425.0,431.0,447.0,480.0,491.0,
11.0,21.0,25.0,78.0,126.0,128.0,185.0,189.0,223.0,231.0,238.0,246.0,265.0,321.0,346.0,381.0,430.0,509.0,
36.0,57.0,104.0,106.0,124.0,140.0,173.0,216.0,241.0,241.0,254.0,290.0,290.0,315.0,364.0,462.0,490.0,645.0,651.0,673.0,678.0,686.0,720.0,737.0,791.0,815.0,834.0,839.0,862.0,864.0,889.0,900.0,922.0,935.0,970.0,
19.0,22.0,65.0,78.0,121.0,123.0,148.0,163.0,197.0,201.0,246.0,248.0,294.0,348.0,355.0,356.0,381.0,403.0,544.0,545.0,566.0,568.0,622.0,673.0,715.0,741.0,747.0,798.0,824.0,829.0,831.0,840.0,866.0,869.0,886.0,935.0,946.0,972.0,985.0,991.0,996.0,
33.0,40.0,65.0,82.0,114.0,310.0,355.0,368.0,388.0,421.0,431.0,433.0,455.0,457.0,478.0,499.0,527.0,540.0,577.0,632.0,640.0,729.0,729.0,729.0,747.0,761.0,777.0,780.0,802.0,812.0,829.0,833.0,854.0,855.0,876.0,887.0,985.0,
10.0,41.0,54.0,102.0,103.0,151.0,186.0,188.0,206.0,249.0,274.0,294.0,296.0,297.0,305.0,314.0,361.0,382.0,383.0,426.0,428.0,447.0,467.0,470.0,474.0,516.0,537.0,555.0,568.0,642.0,700.0,709.0,719.0,757.0,790.0,829.0,847.0,863.0,913.0,922.0,923.0,926.0,961.0,977.0,
23.0,37.0,73.0,92.0,131.0,183.0,185.0,211.0,232.0,297.0,323.0,363.0,374.0,409.0,423.0,429.0,448.0,460.0,461.0,497.0,511.0,
13.0,51.0,71.0,73.0,91.0,212.0,241.0,250.0,269.0,323.0,352.0,358.0,381.0,382.0,382.0,410.0,410.0,426.0,441.0,446.0,461.0,
26.0,30.0,37.0,57.0,69.0,90.0,103.0,105.0,116.0,130.0,140.0,182.0,218.0,219.0,221.0,258.0,312.0,316.0,321.0,371.0,452.0,468.0,498.0,754.0,826.0,837.0,867.0,
20.0,58.0,92.0,144.0,158.0,183.0,205.0,206.0,239.0,242.0,268.0,317.0,349.0,371.0,430.0,434.0,476.0,886.0,964.0,
2.0,29.0,80.0,80.0,125.0,152.0,190.0,224.0,234.0,236.0,271.0,284.0,302.0,341.0,390.0,416.0,423.0,437.0,452.0,493.0,503.0,780.0,
15.0,55.0,60.0,104.0,175.0,181.0,186.0,209.0,221.0,307.0,311.0,339.0,349.0,386.0,408.0,410.0,431.0,438.0,497.0,
7.0,50.0,66.0,95.0,97.0,100.0,101.0,176.0,190.0,215.0,219.0,245.0,274.0,277.0,291.0,291.0,299.0,316.0,326.0,337.0,385.0,441.0,455.0,478.0,499.0,
15.0,48.0,53.0,77.0,118.0,120.0,130.0,233.0,249.0,308.0,318.0,335.0,364.0,373.0,385.0,402.0,411.0,559.0,565.0,632.0,632.0,657.0,695.0,720.0,770.0,778.0,779.0,781.0,840.0,842.0,869.0,872.0,905.0,922.0,948.0,948.0,949.0,959.0,963.0,980.0,982.0,
2.0,57.0,71.0,79.0,85.0,98.0,109.0,140.0,143.0,157.0,214.0,219.0,246.0,265.0,280.0,307.0,314.0,320.0,331.0,337.0,357.0,368.0,428.0,470.0,483.0,499.0,517.0,544.0,557.0,631.0,645.0,653.0,691.0,700.0,712.0,714.0,722.0,775.0,778.0,792.0,858.0,869.0,883.0,922.0,927.0,930.0,948.0,957.0,968.0,984.0,1000.0,
53.0,56.0,114.0,116.0,174.0,220.0,328.0,384.0,439.0,442.0,449.0,494.0,497.0,711.0,767.0,898.0,928.0,
29.0,31.0,50.0,53.0,140.0,169.0,187.0,201.0,213.0,219.0,281.0,287.0,309.0,325.0,379.0,394.0,422.0,
61.0,62.0,62.0,76.0,146.0,193.0,202.0,261.0,305.0,338.0,341.0,389.0,428.0,454.0,455.0,483.0,488.0,500.0,814.0,817.0,
32.0,103.0,120.0,152.0,195.0,210.0,248.0,260.0,379.0,400.0,755.0,779.0,874.0,895.0,901.0,932.0,945.0,
4.0,34.0,51.0,57.0,59.0,102.0,105.0,197.0,258.0,260.0,268.0,336.0,338.0,442.0,452.0,455.0,483.0,737.0,795.0,
5.0,94.0,106.0,122.0,130.0,157.0,158.0,170.0,189.0,200.0,225.0,250.0,265.0,290.0,299.0,314.0,325.0,413.0,433.0,450.0,877.0,959.0,
18.0,31.0,70.0,131.0,139.0,154.0,189.0,217.0,230.0,289.0,344.0,351.0,376.0,408.0,433.0,437.0,446.0,453.0,468.0,821.0,888.0,
64.0,75.0,76.0,104.0,111.0,117.0,212.0,241.0,295.0,315.0,381.0,392.0,413.0,422.0,456.0,489.0,
16.0,37.0,64.0,84.0,102.0,181.0,216.0,237.0,264.0,284.0,331.0,355.0,390.0,395.0,412.0,438.0,468.0,472.0,611.0,622.0,716.0,732.0,816.0,831.0,853.0,870.0,888.0,929.0,968.0,1000.0,
3.0,7.0,33.0,35.0,42.0,65.0,121.0,147.0,152.0,159.0,165.0,173.0,176.0,208.0,215.0,336.0,443.0,473.0,484.0,527.0,574.0,577.0,588.0,594.0,612.0,636.0,660.0,666.0,678.0,700.0,739.0,742.0,746.0,752.0,763.0,790.0,811.0,821.0,841.0,880.0,895.0,928.0,977.0,999.0,
8.0,17.0,48.0,89.0,97.0,98.0,117.0,170.0,221.0,337.0,348.0,429.0,445.0,453.0,487.0,489.0,718.0,806.0,878.0,904.0,912.0,955.0,973.0,998.0,
7.0,40.0,81.0,98.0,113.0,124.0,166.0,193.0,198.0,292.0,334.0,340.0,367.0,387.0,427.0,433.0,474.0,479.0,
99.0,147.0,156.0,225.0,232.0,256.0,269.0,349.0,352.0,405.0,419.0,434.0,442.0,478.0,761.0,953.0,
14.0,32.0,87.0,100.0,100.0,133.0,287.0,299.0,309.0,333.0,382.0,397.0,500.0,501.0,506.0,794.0,794.0,848.0,955.0,
11.0,16.0,33.0,53.0,93.0,110.0,145.0,157.0,190.0,204.0,210.0,313.0,321.0,411.0,441.0,446.0,480.0,492.0,499.0,761.0,773.0,785.0,894.0,900.0,977.0,982.0,
19.0,23.0,146.0,172.0,203.0,318.0,339.0,340.0,494.0,904.0,953.0,1000.0,
5.0,15.0,19.0,30.0,98.0,141.0,150.0,217.0,218.0,224.0,233.0,302.0,343.0,419.0,421.0,460.0,461.0,933.0,973.0,999.0,
69.0,69.0,112.0,114.0,141.0,179.0,196.0,280.0,373.0,380.0,383.0,385.0,408.0,423.0,437.0,473.0,
7.0,37.0,38.0,39.0,67.0,94.0,118.0,121.0,181.0,209.0,216.0,225.0,250.0,301.0,310.0,327.0,336.0,348.0,387.0,427.0,442.0,445.0,471.0,717.0,732.0,813.0,864.0,864.0,968.0,
33.0,48.0,66.0,84.0,138.0,144.0,167.0,210.0,259.0,305.0,313.0,343.0,412.0,419.0,441.0,460.0,535.0,577.0,578.0,615.0,680.0,682.0,685.0,687.0,693.0,730.0,749.0,766.0,769.0,818.0,826.0,833.0,858.0,864.0,883.0,893.0,902.0,931.0,935.0,951.0,985.0,993.0,
3.0,5.0,47.0,73.0,83.0,85.0,118.0,121.0,179.0,180.0,233.0,296.0,327.0,337.0,339.0,339.0,350.0,378.0,395.0,396.0,422.0,428.0,428.0,477.0,508.0,679.0,696.0,776.0,780.0,788.0,797.0,804.0,844.0,854.0,943.0,949.0,965.0,
50.0,109.0,138.0,168.0,215.0,251.0,261.0,284.0,308.0,318.0,378.0,395.0,430.0,439.0,460.0,466.0,469.0,
49.0,51.0,86.0,120.0,176.0,218.0,236.0,265.0,304.0,322.0,331.0,371.0,392.0,402.0,454.0,975.0,
44.0,46.0,60.0,64.0,114.0,120.0,126.0,144.0,148.0,163.0,179.0,181.0,236.0,253.0,253.0,325.0,339.0,375.0,389.0,392.0,401.0,424.0,463.0,474.0,482.0,489.0,503.0,755.0,802.0,853.0,857.0,
4.0,6.0,90.0,116.0,213.0,222.0,228.0,256.0,257.0,267.0,292.0,324.0,364.0,392.0,412.0,438.0,464.0,467.0,477.0,483.0,502.0,737.0,788.0,876.0,892.0,
31.0,83.0,84.0,105.0,111.0,227.0,239.0,242.0,286.0,291.0,304.0,330.0,330.0,360.0,377.0,395.0,420.0,447.0,463.0,481.0,782.0,
79.0,110.0,151.0,152.0,164.0,173.0,175.0,257.0,264.0,288.0,406.0,442.0,492.0,494.0,847.0,864.0,
37.0,42.0,49.0,58.0,80.0,111.0,116.0,138.0,142.0,170.0,213.0,249.0,262.0,265.0,273.0,456.0,464.0,489.0,495.0,
40.0,94.0,109.0,116.0,116.0,128.0,146.0,169.0,181.0,253.0,269.0,276.0,278.0,282.0,316.0,374.0,411.0,476.0,495.0,685.0,719.0,735.0,743.0,772.0,774.0,826.0,838.0,898.0,914.0,964.0,994.0,
14.0,38.0,58.0,136.0,165.0,178.0,215.0,252.0,258.0,278.0,299.0,314.0,320.0,330.0,362.0,366.0,409.0,468.0,509.0,567.0,577.0,590.0,604.0,604.0,621.0,636.0,636.0,641.0,644.0,681.0,692.0,726.0,791.0,807.0,831.0,952.0,957.0,960.0,963.0,980.0,
15.0,22.0,42.0,45.0,47.0,108.0,113.0,121.0,175.0,177.0,187.0,215.0,370.0,382.0,388.0,437.0,494.0,535.0,569.0,671.0,678.0,683.0,733.0,740.0,740.0,755.0,768.0,790.0,814.0,827.0,836.0,840.0,856.0,870.0,927.0,929.0,935.0,979.0,981.0,998.0,
12.0,45.0,86.0,105.0,117.0,130.0,171.0,215.0,249.0,263.0,312.0,340.0,358.0,373.0,403.0,414.0,431.0,493.0,
57.0,61.0,116.0,118.0,120.0,137.0,141.0,158.0,190.0,191.0,193.0,200.0,224.0,228.0,253.0,259.0,266.0,297.0,302.0,380.0,398.0,414.0,461.0,467.0,485.0,489.0,499.0,878.0,
42.0,75.0,87.0,91.0,142.0,145.0,163.0,188.0,224.0,225.0,250.0,258.0,264.0,268.0,297.0,297.0,371.0,411.0,426.0,438.0,449.0,479.0,480.0,775.0,922.0,
7.0,26.0,39.0,57.0,85.0,180.0,234.0,255.0,259.0,275.0,291.0,343.0,397.0,434.0,442.0,457.0,479.0,492.0,816.0,859.0,893.0,895.0,929.0,961.0,968.0,
6.0,41.0,55.0,169.0,190.0,204.0,263.0,306.0,314.0,342.0,422.0,431.0,475.0,476.0,479.0,501.0,502.0,502.0,774.0,850.0,921.0,946.0,
3.0,14.0,74.0,130.0,137.0,142.0,207.0,229.0,259.0,301.0,303.0,335.0,340.0,354.0,417.0,421.0,430.0,441.0,
61.0,94.0,138.0,186.0,239.0,252.0,267.0,273.0,298.0,321.0,326.0,339.0,370.0,383.0,395.0,399.0,418.0,451.0,452.0,954.0,
28.0,49.0,51.0,107.0,117.0,119.0,167.0,224.0,224.0,262.0,273.0,309.0,360.0,377.0,381.0,433.0,459.0,464.0,473.0,518.0,560.0,562.0,583.0,603.0,661.0,681.0,682.0,722.0,807.0,870.0,898.0,906.0,912.0,912.0,941.0,957.0,976.0,
28.0,63.0,88.0,212.0,227.0,229.0,240.0,266.0,276.0,311.0,321.0,406.0,479.0,507.0,527.0,528.0,546.0,566.0,569.0,654.0,680.0,707.0,707.0,723.0,736.0,767.0,768.0,787.0,788.0,884.0,888.0,898.0,927.0,937.0,943.0,949.0,
11.0,14.0,22.0,39.0,70.0,201.0,209.0,235.0,246.0,303.0,315.0,355.0,367.0,408.0,415.0,508.0,561.0,568.0,601.0,636.0,655.0,674.0,685.0,710.0,734.0,772.0,775.0,789.0,819.0,870.0,891.0,897.0,901.0,904.0,919.0,924.0,943.0,943.0,950.0,958.0,979.0,986.0,
24.0,26.0,50.0,53.0,76.0,92.0,121.0,125.0,139.0,148.0,153.0,165.0,170.0,206.0,255.0,268.0,271.0,324.0,330.0,394.0,400.0,416.0,450.0,482.0,503.0,598.0,618.0,650.0,656.0,664.0,708.0,732.0,804.0,817.0,827.0,845.0,868.0,876.0,877.0,894.0,904.0,975.0,977.0,
16.0,49.0,121.0,200.0,220.0,237.0,241.0,261.0,285.0,325.0,327.0,359.0,449.0,489.0,
54.0,58.0,156.0,198.0,251.0,387.0,395.0,407.0,415.0,438.0,
49.0,82.0,153.0,158.0,216.0,303.0,373.0,438.0,443.0,476.0,480.0,
17.0,36.0,101.0,123.0,130.0,144.0,145.0,167.0,173.0,176.0,180.0,191.0,202.0,262.0,279.0,297.0,313.0,333.0,336.0,340.0,372.0,384.0,443.0,449.0,480.0,488.0,492.0,
24.0,45.0,75.0,96.0,104.0,157.0,170.0,179.0,247.0,300.0,325.0,363.0,434.0,449.0,466.0,
5.0,29.0,70.0,93.0,121.0,129.0,157.0,250.0,255.0,257.0,323.0,397.0,405.0,452.0,489.0,494.0,514.0,615.0,621.0,698.0,741.0,756.0,788.0,791.0,817.0,827.0,840.0,940.0,955.0,969.0,979.0,982.0,996.0,
22.0,27.0,56.0,70.0,81.0,196.0,280.0,292.0,304.0,330.0,356.0,357.0,432.0,481.0,483.0,486.0,488.0,515.0,520.0,547.0,573.0,592.0,599.0,634.0,652.0,670.0,688.0,701.0,706.0,708.0,716.0,788.0,789.0,800.0,805.0,830.0,861.0,869.0,880.0,903.0,924.0,925.0,929.0,961.0,969.0,987.0,991.0,
70.0,75.0,81.0,133.0,145.0,145.0,230.0,259.0,260.0,271.0,283.0,353.0,364.0,399.0,401.0,430.0,438.0,504.0,612.0,627.0,669.0,712.0,823.0,863.0,905.0,919.0,927.0,940.0,954.0,
10.0,13.0,16.0,34.0,177.0,188.0,190.0,196.0,199.0,201.0,203.0,204.0,207.0,274.0,277.0,298.0,310.0,371.0,410.0,418.0,444.0,446.0,486.0,503.0,648.0,664.0,692.0,729.0,765.0,797.0,865.0,908.0,912.0,956.0,957.0,961.0,971.0,985.0,
16.0,61.0,93.0,94.0,118.0,126.0,205.0,219.0,225.0,251.0,251.0,252.0,333.0,344.0,361.0,429.0,492.0,589.0,614.0,628.0,651.0,682.0,697.0,716.0,738.0,743.0,748.0,760.0,787.0,787.0,793.0,801.0,801.0,821.0,848.0,858.0,875.0,878.0,888.0,896.0,917.0,919.0,919.0,939.0,943.0,950.0,955.0,962.0,
34.0,154.0,181.0,194.0,208.0,234.0,263.0,269.0,301.0,316.0,330.0,335.0,361.0,422.0,444.0,471.0,472.0,485.0,577.0,580.0,619.0,693.0,696.0,704.0,706.0,734.0,743.0,758.0,853.0,857.0,866.0,869.0,872.0,875.0,884.0,896.0,910.0,930.0,954.0,956.0,960.0,972.0,
89.0,98.0,113.0,119.0,135.0,179.0,185.0,188.0,199.0,263.0,320.0,333.0,346.0,379.0,412.0,428.0,439.0,466.0,504.0,647.0,671.0,699.0,716.0,745.0,769.0,859.0,919.0,973.0,
21.0,97.0,121.0,198.0,240.0,271.0,336.0,350.0,393.0,420.0,496.0,800.0,815.0,853.0,886.0,911.0,915.0,975.0,990.0,993.0,
49.0,64.0,94.0,139.0,182.0,182.0,186.0,195.0,197.0,217.0,222.0,269.0,277.0,285.0,323.0,361.0,368.0,371.0,385.0,452.0,457.0,473.0,482.0,665.0,693.0,796.0,815.0,819.0,823.0,929.0,968.0,
23.0,35.0,36.0,65.0,92.0,105.0,106.0,113.0,123.0,158.0,187.0,203.0,206.0,215.0,236.0,255.0,276.0,310.0,331.0,353.0,387.0,421.0,430.0,434.0,453.0,457.0,491.0,506.0,553.0,580.0,633.0,636.0,644.0,720.0,720.0,731.0,768.0,769.0,780.0,783.0,801.0,807.0,822.0,845.0,904.0,906.0,913.0,957.0,
44.0,110.0,117.0,137.0,163.0,197.0,203.0,256.0,258.0,268.0,285.0,325.0,355.0,355.0,358.0,383.0,391.0,413.0,450.0,468.0,478.0,533.0,548.0,610.0,649.0,659.0,671.0,684.0,686.0,687.0,735.0,740.0,746.0,780.0,785.0,813.0,822.0,828.0,844.0,874.0,876.0,916.0,919.0,935.0,935.0,938.0,993.0,
36.0,110.0,111.0,122.0,204.0,307.0,333.0,476.0,515.0,546.0,578.0,616.0,633.0,635.0,666.0,674.0,703.0,739.0,782.0,786.0,807.0,820.0,837.0,855.0,879.0,889.0,921.0,950.0,953.0,964.0,984.0,987.0,
