76.0,82.0,89.0,91.0,103.0,107.0,134.0,185.0,241.0,268.0,291.0,306.0,315.0,375.0,379.0,407.0,491.0,505.0,593.0,623.0,684.0,695.0,728.0,738.0,809.0,824.0,834.0,870.0,874.0,894.0,903.0,919.0,946.0,965.0,
27.0,28.0,44.0,56.0,77.0,87.0,119.0,123.0,128.0,132.0,134.0,158.0,161.0,182.0,199.0,201.0,215.0,289.0,345.0,348.0,370.0,372.0,380.0,394.0,395.0,419.0,447.0,449.0,453.0,496.0,499.0,548.0,561.0,564.0,570.0,620.0,626.0,648.0,661.0,694.0,703.0,745.0,780.0,787.0,849.0,856.0,899.0,911.0,923.0,930.0,943.0,950.0,966.0,
13.0,84.0,91.0,114.0,136.0,159.0,185.0,220.0,231.0,240.0,245.0,258.0,289.0,291.0,323.0,343.0,384.0,408.0,410.0,422.0,447.0,491.0,511.0,531.0,548.0,563.0,592.0,620.0,694.0,765.0,793.0,797.0,878.0,888.0,919.0,921.0,983.0,994.0,
3.0,25.0,27.0,33.0,44.0,58.0,76.0,85.0,144.0,175.0,200.0,272.0,302.0,306.0,434.0,442.0,493.0,592.0,603.0,656.0,659.0,715.0,718.0,724.0,734.0,758.0,768.0,769.0,808.0,820.0,872.0,872.0,901.0,924.0,939.0,953.0,963.0,
12.0,15.0,18.0,48.0,51.0,58.0,160.0,188.0,209.0,233.0,251.0,310.0,317.0,347.0,361.0,384.0,387.0,419.0,429.0,509.0,550.0,558.0,616.0,642.0,710.0,724.0,756.0,765.0,768.0,770.0,814.0,826.0,834.0,835.0,915.0,
72.0,72.0,76.0,93.0,104.0,105.0,113.0,135.0,146.0,177.0,215.0,229.0,268.0,327.0,405.0,428.0,469.0,473.0,502.0,504.0,507.0,511.0,513.0,544.0,551.0,626.0,632.0,685.0,770.0,802.0,845.0,853.0,904.0,916.0,931.0,986.0,
18.0,45.0,46.0,67.0,80.0,82.0,96.0,98.0,103.0,126.0,161.0,190.0,201.0,228.0,249.0,367.0,395.0,434.0,445.0,468.0,475.0,496.0,565.0,583.0,586.0,599.0,682.0,689.0,743.0,784.0,808.0,812.0,814.0,817.0,819.0,834.0,849.0,869.0,889.0,919.0,956.0,961.0,976.0,999.0,
49.0,73.0,150.0,199.0,202.0,222.0,225.0,233.0,309.0,315.0,357.0,372.0,411.0,428.0,444.0,462.0,475.0,480.0,482.0,494.0,630.0,703.0,770.0,797.0,800.0,872.0,914.0,928.0,945.0,952.0,967.0,995.0,
14.0,23.0,25.0,39.0,113.0,126.0,145.0,269.0,289.0,331.0,334.0,370.0,387.0,426.0,493.0,496.0,523.0,528.0,556.0,580.0,585.0,592.0,599.0,643.0,654.0,657.0,756.0,791.0,809.0,813.0,824.0,861.0,882.0,904.0,915.0,956.0,958.0,
3.0,14.0,38.0,83.0,102.0,122.0,156.0,166.0,178.0,260.0,274.0,297.0,299.0,305.0,342.0,343.0,388.0,389.0,395.0,402.0,411.0,451.0,475.0,511.0,520.0,546.0,588.0,588.0,603.0,628.0,641.0,648.0,708.0,754.0,803.0,818.0,825.0,830.0,848.0,883.0,889.0,919.0,931.0,964.0,975.0,982.0,
26.0,119.0,131.0,148.0,161.0,194.0,196.0,318.0,323.0,344.0,360.0,405.0,435.0,446.0,502.0,515.0,525.0,550.0,558.0,588.0,600.0,611.0,614.0,621.0,631.0,665.0,666.0,701.0,701.0,703.0,708.0,728.0,736.0,781.0,863.0,907.0,986.0,
72.0,81.0,151.0,156.0,157.0,174.0,183.0,196.0,200.0,205.0,257.0,281.0,282.0,296.0,326.0,336.0,389.0,415.0,453.0,462.0,548.0,576.0,634.0,665.0,725.0,727.0,807.0,932.0,934.0,998.0,
11.0,15.0,124.0,140.0,197.0,208.0,214.0,217.0,237.0,272.0,273.0,276.0,276.0,285.0,319.0,338.0,357.0,360.0,402.0,404.0,405.0,414.0,506.0,514.0,515.0,536.0,581.0,593.0,598.0,600.0,618.0,672.0,674.0,678.0,689.0,700.0,705.0,708.0,767.0,795.0,854.0,883.0,886.0,921.0,976.0,980.0,980.0,987.0,
7.0,13.0,48.0,62.0,90.0,164.0,167.0,169.0,189.0,238.0,240.0,267.0,276.0,354.0,361.0,388.0,405.0,418.0,426.0,435.0,450.0,487.0,503.0,584.0,655.0,668.0,682.0,690.0,699.0,800.0,846.0,878.0,888.0,894.0,900.0,914.0,937.0,952.0,958.0,
48.0,80.0,93.0,195.0,196.0,203.0,206.0,293.0,333.0,348.0,360.0,363.0,380.0,402.0,403.0,443.0,465.0,482.0,495.0,503.0,509.0,544.0,557.0,571.0,602.0,609.0,613.0,651.0,708.0,723.0,736.0,759.0,773.0,823.0,855.0,856.0,858.0,867.0,871.0,881.0,927.0,959.0,985.0,
12.0,15.0,66.0,133.0,133.0,139.0,200.0,203.0,211.0,235.0,243.0,337.0,339.0,343.0,420.0,451.0,454.0,458.0,480.0,487.0,494.0,546.0,579.0,600.0,602.0,632.0,639.0,644.0,650.0,672.0,674.0,716.0,725.0,742.0,762.0,767.0,800.0,840.0,846.0,858.0,900.0,
54.0,71.0,149.0,162.0,183.0,197.0,205.0,217.0,295.0,328.0,376.0,397.0,413.0,430.0,448.0,469.0,484.0,506.0,513.0,527.0,580.0,621.0,668.0,763.0,789.0,827.0,838.0,887.0,894.0,905.0,912.0,
14.0,25.0,25.0,46.0,76.0,83.0,106.0,182.0,198.0,204.0,214.0,222.0,224.0,231.0,239.0,244.0,270.0,286.0,302.0,319.0,355.0,377.0,448.0,488.0,489.0,506.0,526.0,548.0,574.0,673.0,684.0,713.0,715.0,754.0,760.0,813.0,836.0,856.0,883.0,918.0,963.0,989.0,
30.0,58.0,68.0,109.0,156.0,163.0,178.0,217.0,316.0,326.0,336.0,351.0,430.0,441.0,445.0,452.0,462.0,462.0,486.0,496.0,506.0,506.0,538.0,551.0,551.0,554.0,614.0,618.0,658.0,694.0,706.0,717.0,728.0,768.0,771.0,774.0,828.0,845.0,888.0,949.0,950.0,968.0,988.0,
7.0,28.0,48.0,108.0,121.0,139.0,149.0,166.0,173.0,187.0,295.0,316.0,358.0,383.0,475.0,530.0,532.0,534.0,565.0,568.0,569.0,581.0,602.0,647.0,703.0,744.0,755.0,762.0,866.0,911.0,924.0,943.0,
12.0,23.0,25.0,39.0,69.0,84.0,88.0,105.0,185.0,259.0,285.0,301.0,306.0,333.0,373.0,399.0,404.0,447.0,461.0,465.0,580.0,593.0,640.0,644.0,679.0,702.0,720.0,731.0,739.0,748.0,779.0,787.0,849.0,910.0,935.0,972.0,
19.0,32.0,64.0,75.0,98.0,103.0,138.0,147.0,165.0,189.0,213.0,224.0,259.0,274.0,342.0,351.0,366.0,371.0,464.0,518.0,519.0,583.0,584.0,588.0,590.0,619.0,626.0,663.0,681.0,754.0,767.0,777.0,811.0,842.0,879.0,902.0,910.0,957.0,972.0,989.0,991.0,
19.0,39.0,55.0,60.0,63.0,105.0,106.0,118.0,179.0,188.0,217.0,271.0,299.0,333.0,334.0,356.0,422.0,494.0,524.0,537.0,546.0,562.0,562.0,664.0,675.0,690.0,711.0,730.0,764.0,766.0,785.0,789.0,810.0,828.0,930.0,957.0,
5.0,16.0,114.0,142.0,148.0,162.0,166.0,190.0,199.0,202.0,236.0,318.0,339.0,382.0,464.0,503.0,506.0,527.0,560.0,656.0,695.0,704.0,738.0,754.0,763.0,784.0,853.0,855.0,977.0,
16.0,38.0,44.0,105.0,140.0,168.0,224.0,265.0,300.0,305.0,354.0,364.0,400.0,479.0,523.0,529.0,558.0,585.0,659.0,659.0,684.0,738.0,833.0,851.0,888.0,937.0,948.0,955.0,959.0,981.0,
43.0,77.0,112.0,117.0,129.0,158.0,163.0,180.0,182.0,263.0,276.0,369.0,384.0,415.0,417.0,461.0,474.0,538.0,654.0,696.0,738.0,758.0,792.0,836.0,907.0,922.0,941.0,996.0,
14.0,20.0,38.0,76.0,125.0,135.0,141.0,200.0,225.0,228.0,242.0,246.0,246.0,255.0,262.0,307.0,330.0,337.0,337.0,360.0,393.0,428.0,428.0,464.0,511.0,521.0,534.0,556.0,571.0,574.0,608.0,652.0,654.0,711.0,753.0,755.0,781.0,843.0,880.0,891.0,911.0,
44.0,61.0,176.0,184.0,185.0,188.0,213.0,214.0,262.0,364.0,381.0,388.0,412.0,421.0,439.0,442.0,470.0,497.0,518.0,521.0,535.0,565.0,611.0,643.0,720.0,734.0,743.0,803.0,803.0,820.0,851.0,856.0,904.0,983.0,
64.0,77.0,85.0,103.0,127.0,244.0,313.0,342.0,375.0,402.0,418.0,428.0,439.0,476.0,483.0,547.0,566.0,585.0,657.0,697.0,704.0,749.0,793.0,809.0,826.0,885.0,901.0,903.0,940.0,991.0,
6.0,54.0,54.0,85.0,92.0,118.0,182.0,192.0,282.0,285.0,287.0,348.0,398.0,415.0,438.0,446.0,469.0,480.0,516.0,555.0,567.0,577.0,590.0,629.0,630.0,642.0,643.0,718.0,742.0,744.0,782.0,806.0,823.0,867.0,883.0,900.0,901.0,927.0,975.0,981.0,
31.0,51.0,94.0,99.0,131.0,169.0,227.0,234.0,260.0,264.0,303.0,303.0,327.0,329.0,362.0,366.0,400.0,433.0,445.0,447.0,501.0,507.0,563.0,588.0,648.0,705.0,706.0,732.0,781.0,842.0,869.0,885.0,920.0,947.0,
2.0,69.0,127.0,127.0,136.0,188.0,285.0,292.0,345.0,356.0,375.0,382.0,414.0,423.0,485.0,559.0,580.0,632.0,651.0,659.0,679.0,728.0,773.0,787.0,813.0,875.0,886.0,933.0,977.0,
21.0,35.0,100.0,115.0,185.0,218.0,288.0,295.0,352.0,353.0,368.0,370.0,372.0,432.0,435.0,441.0,451.0,531.0,539.0,570.0,621.0,664.0,690.0,752.0,784.0,829.0,913.0,932.0,944.0,976.0,992.0,
28.0,46.0,56.0,57.0,79.0,90.0,95.0,95.0,177.0,221.0,269.0,303.0,343.0,359.0,362.0,377.0,382.0,382.0,392.0,399.0,428.0,451.0,480.0,486.0,487.0,518.0,555.0,573.0,611.0,634.0,757.0,790.0,804.0,877.0,884.0,887.0,888.0,949.0,970.0,
69.0,152.0,190.0,211.0,213.0,278.0,293.0,346.0,401.0,413.0,423.0,447.0,521.0,593.0,600.0,610.0,619.0,686.0,769.0,794.0,886.0,894.0,951.0,963.0,971.0,
35.0,39.0,72.0,182.0,191.0,247.0,254.0,305.0,330.0,334.0,348.0,359.0,408.0,413.0,414.0,474.0,482.0,522.0,535.0,550.0,569.0,583.0,588.0,605.0,607.0,616.0,689.0,698.0,700.0,761.0,878.0,936.0,958.0,
60.0,70.0,91.0,139.0,197.0,204.0,292.0,306.0,309.0,319.0,331.0,388.0,426.0,481.0,493.0,545.0,551.0,623.0,652.0,672.0,679.0,708.0,804.0,807.0,814.0,838.0,888.0,961.0,
3.0,15.0,70.0,90.0,99.0,113.0,145.0,154.0,167.0,178.0,186.0,242.0,257.0,261.0,273.0,274.0,298.0,318.0,322.0,327.0,414.0,463.0,470.0,505.0,534.0,572.0,599.0,631.0,648.0,801.0,821.0,827.0,842.0,846.0,899.0,961.0,
121.0,196.0,208.0,216.0,275.0,362.0,421.0,506.0,530.0,553.0,572.0,668.0,709.0,721.0,731.0,738.0,767.0,898.0,915.0,920.0,925.0,958.0,968.0,987.0,
2.0,5.0,45.0,106.0,143.0,163.0,167.0,195.0,237.0,267.0,347.0,373.0,389.0,415.0,430.0,432.0,452.0,467.0,494.0,495.0,496.0,518.0,535.0,551.0,556.0,570.0,590.0,625.0,643.0,663.0,675.0,690.0,732.0,766.0,781.0,855.0,855.0,867.0,890.0,927.0,972.0,
2.0,87.0,91.0,116.0,167.0,168.0,181.0,195.0,241.0,247.0,272.0,285.0,318.0,453.0,458.0,473.0,576.0,591.0,595.0,605.0,631.0,682.0,687.0,699.0,710.0,722.0,747.0,763.0,833.0,870.0,880.0,905.0,928.0,936.0,954.0,961.0,968.0,969.0,981.0,
11.0,18.0,51.0,84.0,112.0,159.0,178.0,187.0,201.0,222.0,246.0,335.0,337.0,362.0,395.0,396.0,407.0,407.0,413.0,452.0,465.0,467.0,490.0,510.0,513.0,543.0,579.0,598.0,605.0,737.0,739.0,757.0,762.0,769.0,801.0,897.0,903.0,954.0,960.0,997.0,
5.0,13.0,24.0,117.0,167.0,167.0,247.0,266.0,282.0,283.0,290.0,323.0,335.0,381.0,386.0,456.0,524.0,549.0,565.0,588.0,652.0,668.0,727.0,728.0,742.0,790.0,796.0,807.0,859.0,865.0,906.0,989.0,
20.0,71.0,123.0,131.0,142.0,249.0,336.0,376.0,376.0,456.0,484.0,525.0,533.0,535.0,551.0,565.0,578.0,580.0,663.0,715.0,728.0,775.0,812.0,937.0,
27.0,55.0,80.0,88.0,101.0,131.0,269.0,271.0,291.0,319.0,339.0,366.0,390.0,399.0,420.0,511.0,516.0,531.0,532.0,536.0,542.0,544.0,549.0,578.0,582.0,588.0,591.0,594.0,622.0,624.0,627.0,629.0,640.0,642.0,667.0,668.0,671.0,673.0,683.0,685.0,688.0,696.0,699.0,713.0,722.0,732.0,745.0,747.0,748.0,772.0,773.0,779.0,783.0,792.0,795.0,800.0,802.0,804.0,818.0,828.0,837.0,868.0,883.0,890.0,893.0,919.0,960.0,
7.0,16.0,17.0,34.0,39.0,46.0,62.0,85.0,87.0,91.0,99.0,109.0,133.0,148.0,152.0,208.0,209.0,210.0,211.0,216.0,230.0,302.0,305.0,322.0,350.0,362.0,393.0,400.0,402.0,429.0,449.0,516.0,517.0,519.0,526.0,532.0,534.0,536.0,539.0,544.0,544.0,548.0,554.0,556.0,567.0,570.0,582.0,604.0,613.0,615.0,625.0,627.0,644.0,645.0,664.0,690.0,691.0,714.0,719.0,729.0,763.0,771.0,772.0,792.0,792.0,801.0,824.0,880.0,905.0,909.0,914.0,940.0,942.0,978.0,992.0,992.0,
7.0,69.0,74.0,114.0,119.0,169.0,180.0,182.0,212.0,239.0,310.0,318.0,434.0,448.0,463.0,516.0,526.0,532.0,532.0,533.0,533.0,535.0,536.0,539.0,542.0,548.0,551.0,552.0,554.0,566.0,571.0,571.0,571.0,579.0,602.0,626.0,636.0,651.0,665.0,667.0,697.0,702.0,713.0,726.0,747.0,764.0,780.0,793.0,801.0,804.0,814.0,823.0,825.0,887.0,891.0,899.0,920.0,926.0,937.0,941.0,960.0,967.0,973.0,974.0,981.0,994.0,
2.0,10.0,29.0,53.0,68.0,91.0,129.0,171.0,196.0,198.0,208.0,211.0,240.0,292.0,337.0,341.0,395.0,480.0,525.0,531.0,532.0,535.0,583.0,595.0,610.0,629.0,638.0,643.0,651.0,661.0,681.0,702.0,775.0,794.0,824.0,864.0,869.0,915.0,924.0,952.0,
15.0,18.0,62.0,75.0,112.0,132.0,248.0,356.0,390.0,419.0,431.0,434.0,440.0,481.0,545.0,562.0,623.0,631.0,651.0,700.0,746.0,751.0,879.0,938.0,999.0,
9.0,96.0,101.0,149.0,155.0,158.0,188.0,210.0,256.0,271.0,275.0,277.0,288.0,322.0,326.0,352.0,394.0,408.0,414.0,451.0,479.0,535.0,542.0,554.0,613.0,716.0,726.0,740.0,756.0,769.0,773.0,798.0,883.0,997.0,
43.0,44.0,146.0,243.0,261.0,261.0,281.0,300.0,308.0,344.0,396.0,421.0,425.0,444.0,464.0,471.0,522.0,523.0,530.0,564.0,587.0,608.0,614.0,615.0,622.0,651.0,651.0,682.0,706.0,709.0,732.0,780.0,803.0,824.0,876.0,887.0,956.0,973.0,
43.0,70.0,89.0,182.0,185.0,186.0,188.0,198.0,250.0,257.0,276.0,280.0,315.0,317.0,353.0,397.0,505.0,525.0,547.0,574.0,659.0,686.0,700.0,707.0,730.0,745.0,763.0,817.0,881.0,908.0,928.0,930.0,976.0,
31.0,90.0,107.0,150.0,160.0,167.0,180.0,233.0,236.0,242.0,252.0,277.0,279.0,286.0,294.0,297.0,304.0,349.0,353.0,478.0,483.0,499.0,500.0,517.0,534.0,623.0,625.0,629.0,653.0,671.0,701.0,711.0,752.0,780.0,873.0,878.0,908.0,942.0,956.0,986.0,999.0,
21.0,58.0,119.0,173.0,177.0,183.0,197.0,290.0,292.0,296.0,299.0,301.0,302.0,381.0,447.0,530.0,556.0,576.0,609.0,626.0,639.0,686.0,742.0,747.0,934.0,977.0,
11.0,48.0,69.0,81.0,151.0,200.0,217.0,235.0,290.0,296.0,356.0,362.0,472.0,476.0,510.0,522.0,532.0,534.0,541.0,543.0,554.0,562.0,565.0,567.0,571.0,572.0,580.0,580.0,580.0,580.0,585.0,588.0,593.0,598.0,600.0,608.0,608.0,614.0,620.0,654.0,660.0,691.0,694.0,710.0,710.0,757.0,768.0,777.0,782.0,784.0,787.0,795.0,796.0,818.0,830.0,841.0,843.0,849.0,868.0,888.0,912.0,921.0,941.0,948.0,948.0,950.0,952.0,963.0,970.0,974.0,974.0,977.0,983.0,992.0,995.0,
23.0,54.0,55.0,146.0,182.0,182.0,267.0,270.0,306.0,321.0,325.0,407.0,415.0,481.0,499.0,518.0,524.0,526.0,543.0,547.0,550.0,555.0,557.0,570.0,581.0,600.0,600.0,607.0,607.0,613.0,613.0,613.0,618.0,631.0,633.0,635.0,636.0,642.0,643.0,669.0,675.0,678.0,682.0,686.0,687.0,691.0,699.0,710.0,720.0,721.0,723.0,726.0,732.0,740.0,761.0,770.0,774.0,778.0,779.0,795.0,804.0,805.0,806.0,813.0,828.0,842.0,848.0,850.0,882.0,888.0,891.0,953.0,967.0,974.0,976.0,
35.0,80.0,170.0,175.0,180.0,189.0,223.0,225.0,261.0,329.0,332.0,388.0,414.0,440.0,442.0,456.0,475.0,484.0,511.0,517.0,521.0,524.0,524.0,529.0,538.0,546.0,558.0,561.0,564.0,567.0,575.0,579.0,586.0,600.0,609.0,610.0,611.0,612.0,616.0,624.0,630.0,634.0,646.0,663.0,664.0,699.0,701.0,706.0,715.0,720.0,725.0,748.0,762.0,777.0,832.0,839.0,846.0,859.0,871.0,880.0,884.0,903.0,915.0,950.0,990.0,993.0,996.0,1000.0,
43.0,52.0,77.0,94.0,115.0,119.0,147.0,191.0,193.0,203.0,231.0,257.0,273.0,298.0,311.0,322.0,331.0,445.0,454.0,462.0,495.0,498.0,500.0,523.0,546.0,560.0,562.0,564.0,627.0,639.0,660.0,674.0,694.0,694.0,697.0,699.0,703.0,755.0,784.0,820.0,853.0,882.0,888.0,943.0,957.0,974.0,999.0,
7.0,28.0,86.0,104.0,131.0,178.0,228.0,231.0,245.0,284.0,333.0,365.0,419.0,422.0,509.0,514.0,566.0,637.0,709.0,760.0,768.0,775.0,781.0,814.0,844.0,873.0,875.0,876.0,885.0,918.0,918.0,996.0,
2.0,30.0,40.0,102.0,108.0,196.0,202.0,259.0,269.0,278.0,338.0,412.0,427.0,430.0,439.0,441.0,447.0,476.0,486.0,495.0,534.0,708.0,708.0,725.0,752.0,766.0,791.0,802.0,803.0,808.0,830.0,836.0,865.0,880.0,905.0,923.0,927.0,932.0,951.0,955.0,997.0,
40.0,40.0,48.0,60.0,107.0,117.0,141.0,164.0,209.0,217.0,237.0,270.0,279.0,382.0,389.0,399.0,489.0,489.0,516.0,548.0,570.0,579.0,602.0,610.0,637.0,638.0,685.0,809.0,818.0,899.0,909.0,931.0,941.0,943.0,997.0,
18.0,31.0,54.0,61.0,95.0,106.0,147.0,189.0,228.0,278.0,300.0,302.0,312.0,321.0,323.0,340.0,351.0,353.0,399.0,400.0,400.0,471.0,484.0,503.0,546.0,572.0,587.0,675.0,787.0,794.0,803.0,804.0,953.0,958.0,959.0,
45.0,48.0,50.0,52.0,71.0,83.0,90.0,142.0,202.0,212.0,260.0,271.0,276.0,303.0,342.0,369.0,373.0,406.0,429.0,480.0,514.0,521.0,522.0,531.0,532.0,532.0,534.0,538.0,540.0,566.0,613.0,628.0,647.0,698.0,726.0,738.0,753.0,809.0,826.0,859.0,865.0,905.0,938.0,957.0,965.0,
7.0,25.0,50.0,111.0,153.0,160.0,228.0,239.0,245.0,273.0,299.0,311.0,311.0,374.0,381.0,415.0,437.0,458.0,511.0,570.0,613.0,618.0,663.0,770.0,791.0,842.0,885.0,977.0,
62.0,166.0,177.0,200.0,203.0,224.0,242.0,252.0,277.0,288.0,337.0,348.0,388.0,432.0,477.0,495.0,498.0,519.0,528.0,553.0,557.0,561.0,563.0,564.0,580.0,586.0,589.0,590.0,591.0,602.0,605.0,606.0,609.0,619.0,642.0,651.0,656.0,660.0,670.0,678.0,689.0,694.0,753.0,770.0,775.0,779.0,790.0,803.0,811.0,835.0,877.0,895.0,926.0,928.0,935.0,954.0,958.0,969.0,976.0,981.0,
40.0,99.0,133.0,158.0,192.0,202.0,232.0,251.0,287.0,319.0,344.0,399.0,406.0,408.0,408.0,412.0,428.0,437.0,451.0,464.0,524.0,529.0,535.0,540.0,551.0,557.0,560.0,576.0,582.0,584.0,586.0,598.0,642.0,653.0,655.0,658.0,665.0,667.0,670.0,679.0,693.0,696.0,703.0,712.0,725.0,729.0,737.0,737.0,753.0,757.0,760.0,787.0,790.0,798.0,803.0,836.0,861.0,868.0,871.0,889.0,894.0,914.0,918.0,920.0,991.0,992.0,997.0,
29.0,48.0,63.0,97.0,114.0,126.0,148.0,157.0,161.0,182.0,246.0,297.0,300.0,340.0,345.0,380.0,388.0,431.0,470.0,516.0,522.0,531.0,532.0,534.0,536.0,539.0,544.0,545.0,585.0,595.0,600.0,604.0,611.0,613.0,615.0,627.0,632.0,633.0,634.0,639.0,654.0,661.0,699.0,721.0,740.0,775.0,775.0,780.0,785.0,792.0,825.0,892.0,904.0,906.0,907.0,923.0,
16.0,54.0,57.0,71.0,98.0,155.0,165.0,184.0,194.0,211.0,246.0,251.0,301.0,334.0,352.0,406.0,418.0,443.0,449.0,523.0,527.0,544.0,577.0,582.0,598.0,657.0,770.0,772.0,803.0,813.0,836.0,859.0,911.0,926.0,963.0,
6.0,58.0,217.0,264.0,278.0,290.0,305.0,312.0,334.0,353.0,384.0,443.0,566.0,579.0,691.0,705.0,799.0,814.0,822.0,846.0,858.0,896.0,933.0,967.0,971.0,
83.0,95.0,151.0,168.0,171.0,174.0,225.0,254.0,262.0,302.0,329.0,332.0,386.0,419.0,452.0,474.0,476.0,503.0,534.0,569.0,617.0,793.0,945.0,998.0,
12.0,28.0,32.0,89.0,159.0,169.0,197.0,219.0,219.0,226.0,285.0,311.0,333.0,343.0,352.0,357.0,367.0,378.0,382.0,409.0,424.0,449.0,454.0,472.0,474.0,499.0,515.0,584.0,661.0,679.0,690.0,808.0,884.0,916.0,926.0,979.0,
10.0,42.0,45.0,60.0,74.0,94.0,139.0,152.0,209.0,210.0,211.0,220.0,233.0,242.0,248.0,482.0,500.0,502.0,507.0,509.0,524.0,538.0,586.0,588.0,608.0,654.0,670.0,673.0,718.0,752.0,772.0,826.0,868.0,879.0,882.0,948.0,955.0,
16.0,64.0,134.0,140.0,151.0,165.0,180.0,222.0,234.0,242.0,249.0,254.0,255.0,272.0,279.0,279.0,293.0,298.0,316.0,382.0,386.0,441.0,448.0,467.0,483.0,514.0,539.0,573.0,603.0,625.0,672.0,710.0,755.0,757.0,908.0,942.0,945.0,960.0,964.0,
26.0,50.0,70.0,73.0,82.0,104.0,111.0,114.0,121.0,156.0,156.0,165.0,194.0,229.0,239.0,297.0,321.0,374.0,381.0,446.0,473.0,506.0,520.0,526.0,546.0,584.0,623.0,628.0,647.0,663.0,667.0,727.0,773.0,838.0,935.0,967.0,
8.0,39.0,50.0,79.0,84.0,100.0,108.0,185.0,190.0,200.0,200.0,203.0,207.0,234.0,274.0,283.0,298.0,346.0,361.0,361.0,388.0,407.0,420.0,427.0,435.0,483.0,515.0,517.0,571.0,603.0,623.0,657.0,767.0,853.0,959.0,
20.0,70.0,86.0,125.0,144.0,149.0,178.0,195.0,220.0,235.0,242.0,265.0,341.0,381.0,407.0,422.0,447.0,487.0,494.0,495.0,512.0,515.0,525.0,529.0,554.0,623.0,641.0,642.0,655.0,663.0,667.0,711.0,767.0,811.0,826.0,896.0,899.0,986.0,987.0,989.0,
13.0,13.0,30.0,98.0,108.0,134.0,155.0,164.0,177.0,184.0,187.0,187.0,190.0,234.0,240.0,281.0,345.0,373.0,384.0,389.0,391.0,393.0,434.0,484.0,487.0,500.0,526.0,533.0,551.0,551.0,554.0,563.0,580.0,615.0,660.0,683.0,709.0,767.0,795.0,887.0,928.0,937.0,966.0,
6.0,9.0,65.0,80.0,128.0,146.0,153.0,181.0,237.0,244.0,354.0,387.0,394.0,394.0,401.0,407.0,408.0,454.0,477.0,512.0,560.0,609.0,613.0,635.0,662.0,719.0,730.0,836.0,882.0,916.0,932.0,
15.0,41.0,119.0,145.0,172.0,188.0,209.0,223.0,251.0,332.0,343.0,346.0,391.0,401.0,432.0,435.0,470.0,580.0,593.0,713.0,726.0,731.0,778.0,800.0,808.0,842.0,853.0,927.0,954.0,981.0,
7.0,14.0,40.0,124.0,129.0,166.0,167.0,167.0,174.0,177.0,190.0,235.0,252.0,310.0,338.0,396.0,399.0,428.0,472.0,482.0,507.0,544.0,547.0,618.0,661.0,678.0,704.0,732.0,778.0,812.0,819.0,829.0,921.0,972.0,977.0,990.0,991.0,
32.0,70.0,144.0,145.0,160.0,189.0,210.0,277.0,311.0,315.0,322.0,330.0,371.0,389.0,390.0,400.0,426.0,481.0,485.0,502.0,505.0,549.0,563.0,565.0,575.0,597.0,617.0,639.0,660.0,665.0,670.0,685.0,724.0,729.0,765.0,783.0,831.0,831.0,875.0,891.0,935.0,
87.0,99.0,128.0,167.0,204.0,221.0,257.0,275.0,290.0,309.0,393.0,472.0,500.0,536.0,568.0,584.0,603.0,610.0,666.0,695.0,725.0,726.0,742.0,805.0,813.0,833.0,835.0,860.0,884.0,945.0,955.0,961.0,989.0,
12.0,36.0,53.0,69.0,72.0,120.0,150.0,288.0,292.0,292.0,316.0,360.0,361.0,369.0,410.0,431.0,513.0,521.0,528.0,565.0,587.0,609.0,617.0,637.0,647.0,686.0,710.0,760.0,762.0,763.0,768.0,770.0,774.0,794.0,819.0,821.0,868.0,876.0,899.0,899.0,914.0,
18.0,69.0,80.0,97.0,101.0,106.0,110.0,117.0,124.0,160.0,187.0,196.0,263.0,287.0,340.0,359.0,437.0,482.0,489.0,505.0,553.0,568.0,598.0,608.0,613.0,637.0,641.0,651.0,669.0,697.0,720.0,732.0,732.0,739.0,748.0,772.0,788.0,804.0,885.0,927.0,976.0,982.0,991.0,
15.0,19.0,37.0,107.0,110.0,182.0,201.0,220.0,220.0,233.0,238.0,241.0,253.0,257.0,300.0,391.0,409.0,410.0,461.0,471.0,591.0,604.0,617.0,617.0,642.0,713.0,730.0,736.0,744.0,769.0,773.0,776.0,780.0,782.0,785.0,793.0,798.0,858.0,948.0,965.0,997.0,
15.0,32.0,147.0,151.0,163.0,165.0,209.0,210.0,215.0,238.0,262.0,290.0,293.0,295.0,307.0,357.0,363.0,391.0,420.0,420.0,452.0,560.0,564.0,627.0,661.0,679.0,693.0,723.0,727.0,801.0,804.0,814.0,835.0,867.0,986.0,
32.0,69.0,83.0,93.0,110.0,111.0,183.0,272.0,286.0,297.0,304.0,389.0,407.0,469.0,479.0,497.0,608.0,687.0,760.0,765.0,775.0,781.0,787.0,816.0,885.0,933.0,936.0,949.0,953.0,973.0,998.0,
31.0,44.0,91.0,140.0,147.0,148.0,152.0,206.0,224.0,238.0,288.0,299.0,302.0,557.0,568.0,617.0,637.0,653.0,665.0,675.0,710.0,712.0,720.0,788.0,830.0,851.0,887.0,903.0,969.0,
31.0,40.0,43.0,43.0,116.0,134.0,187.0,217.0,225.0,240.0,288.0,299.0,302.0,339.0,401.0,421.0,441.0,483.0,510.0,513.0,518.0,545.0,598.0,646.0,685.0,714.0,734.0,756.0,768.0,780.0,813.0,822.0,827.0,829.0,886.0,896.0,965.0,969.0,
8.0,16.0,34.0,41.0,43.0,51.0,106.0,142.0,231.0,293.0,335.0,348.0,369.0,378.0,404.0,409.0,423.0,425.0,454.0,461.0,507.0,577.0,709.0,743.0,743.0,803.0,820.0,822.0,851.0,852.0,899.0,914.0,919.0,945.0,988.0,
3.0,11.0,49.0,56.0,66.0,88.0,96.0,116.0,131.0,155.0,177.0,186.0,194.0,227.0,301.0,326.0,334.0,413.0,445.0,456.0,511.0,532.0,546.0,615.0,709.0,721.0,747.0,864.0,871.0,890.0,898.0,971.0,
21.0,77.0,77.0,86.0,87.0,101.0,140.0,144.0,157.0,162.0,182.0,211.0,216.0,224.0,253.0,257.0,263.0,266.0,269.0,275.0,300.0,337.0,426.0,447.0,461.0,463.0,482.0,485.0,533.0,609.0,706.0,734.0,746.0,760.0,769.0,813.0,817.0,840.0,847.0,863.0,904.0,927.0,941.0,959.0,
76.0,109.0,141.0,184.0,237.0,253.0,254.0,272.0,277.0,285.0,387.0,414.0,461.0,478.0,483.0,537.0,569.0,650.0,656.0,700.0,707.0,757.0,822.0,830.0,877.0,915.0,926.0,979.0,
2.0,52.0,59.0,194.0,294.0,305.0,310.0,313.0,413.0,417.0,466.0,476.0,513.0,558.0,565.0,607.0,616.0,645.0,678.0,705.0,756.0,765.0,791.0,948.0,998.0,
18.0,28.0,45.0,46.0,57.0,65.0,66.0,76.0,80.0,130.0,249.0,262.0,275.0,348.0,350.0,357.0,387.0,413.0,444.0,465.0,480.0,559.0,635.0,697.0,713.0,727.0,778.0,842.0,846.0,914.0,936.0,937.0,982.0,983.0,
22.0,142.0,200.0,221.0,223.0,309.0,334.0,335.0,357.0,369.0,426.0,464.0,498.0,539.0,553.0,571.0,636.0,649.0,668.0,683.0,684.0,713.0,822.0,825.0,834.0,910.0,924.0,951.0,974.0,
96.0,104.0,115.0,119.0,134.0,140.0,194.0,200.0,222.0,224.0,228.0,242.0,277.0,305.0,342.0,369.0,378.0,387.0,435.0,473.0,512.0,524.0,538.0,547.0,556.0,558.0,559.0,574.0,615.0,640.0,642.0,654.0,698.0,707.0,803.0,814.0,842.0,905.0,919.0,943.0,948.0,963.0,965.0,969.0,981.0,
3.0,25.0,41.0,57.0,108.0,111.0,178.0,185.0,201.0,215.0,223.0,256.0,266.0,292.0,305.0,313.0,350.0,360.0,368.0,393.0,404.0,442.0,450.0,465.0,483.0,528.0,614.0,625.0,635.0,659.0,681.0,716.0,727.0,743.0,794.0,810.0,837.0,876.0,903.0,952.0,
15.0,42.0,43.0,63.0,129.0,163.0,176.0,266.0,278.0,288.0,379.0,380.0,395.0,430.0,440.0,455.0,456.0,586.0,614.0,644.0,660.0,687.0,779.0,839.0,951.0,963.0,966.0,967.0,
4.0,7.0,49.0,56.0,65.0,148.0,155.0,158.0,195.0,198.0,222.0,276.0,291.0,303.0,338.0,375.0,393.0,413.0,455.0,482.0,503.0,566.0,576.0,611.0,617.0,618.0,619.0,652.0,671.0,720.0,733.0,748.0,767.0,784.0,873.0,894.0,944.0,974.0,
