2.0,73.0,80.0,101.0,175.0,206.0,218.0,228.0,331.0,334.0,343.0,391.0,394.0,460.0,487.0,526.0,528.0,697.0,707.0,762.0,782.0,791.0,806.0,808.0,809.0,854.0,877.0,880.0,917.0,930.0,965.0,
71.0,96.0,101.0,101.0,176.0,190.0,230.0,270.0,328.0,370.0,381.0,449.0,471.0,568.0,636.0,651.0,653.0,733.0,739.0,756.0,762.0,823.0,856.0,900.0,967.0,
18.0,24.0,79.0,131.0,152.0,313.0,315.0,323.0,352.0,366.0,370.0,371.0,377.0,384.0,404.0,435.0,483.0,501.0,514.0,514.0,528.0,560.0,567.0,667.0,728.0,796.0,819.0,830.0,856.0,878.0,885.0,889.0,892.0,962.0,
26.0,46.0,111.0,116.0,133.0,138.0,170.0,222.0,233.0,240.0,242.0,266.0,270.0,321.0,335.0,364.0,366.0,375.0,398.0,408.0,439.0,501.0,604.0,607.0,670.0,672.0,754.0,803.0,877.0,929.0,953.0,989.0,998.0,
10.0,38.0,108.0,127.0,128.0,164.0,197.0,253.0,256.0,257.0,286.0,351.0,414.0,468.0,477.0,490.0,498.0,508.0,514.0,516.0,566.0,569.0,575.0,598.0,612.0,623.0,653.0,676.0,685.0,695.0,737.0,740.0,848.0,849.0,882.0,922.0,926.0,926.0,981.0,983.0,
23.0,82.0,146.0,182.0,186.0,242.0,287.0,366.0,401.0,434.0,444.0,494.0,534.0,546.0,634.0,642.0,650.0,667.0,695.0,813.0,828.0,933.0,982.0,990.0,
36.0,52.0,61.0,99.0,99.0,110.0,112.0,128.0,154.0,157.0,174.0,209.0,221.0,241.0,258.0,274.0,337.0,338.0,400.0,402.0,461.0,491.0,522.0,552.0,574.0,581.0,631.0,678.0,702.0,818.0,829.0,831.0,902.0,908.0,916.0,934.0,952.0,974.0,990.0,995.0,
47.0,84.0,116.0,123.0,130.0,133.0,157.0,199.0,210.0,238.0,249.0,250.0,260.0,274.0,301.0,307.0,378.0,412.0,486.0,501.0,506.0,506.0,513.0,543.0,575.0,589.0,606.0,682.0,714.0,734.0,734.0,847.0,936.0,
11.0,47.0,148.0,179.0,197.0,232.0,251.0,311.0,317.0,328.0,378.0,381.0,409.0,440.0,462.0,504.0,544.0,546.0,546.0,560.0,561.0,604.0,614.0,619.0,633.0,655.0,691.0,717.0,727.0,757.0,771.0,828.0,952.0,
12.0,64.0,72.0,77.0,94.0,113.0,174.0,179.0,188.0,226.0,300.0,329.0,425.0,461.0,482.0,592.0,618.0,668.0,677.0,772.0,803.0,826.0,828.0,829.0,830.0,839.0,863.0,880.0,884.0,889.0,954.0,990.0,
35.0,105.0,115.0,129.0,189.0,205.0,276.0,356.0,430.0,461.0,493.0,510.0,531.0,612.0,617.0,716.0,719.0,771.0,819.0,923.0,978.0,
15.0,82.0,148.0,153.0,159.0,187.0,273.0,325.0,336.0,344.0,355.0,432.0,434.0,441.0,491.0,509.0,558.0,559.0,570.0,575.0,605.0,612.0,630.0,677.0,679.0,761.0,769.0,770.0,857.0,865.0,865.0,868.0,883.0,919.0,
4.0,46.0,73.0,93.0,96.0,109.0,128.0,129.0,131.0,204.0,270.0,276.0,276.0,317.0,341.0,350.0,399.0,399.0,407.0,408.0,507.0,515.0,519.0,527.0,554.0,557.0,585.0,591.0,621.0,624.0,628.0,632.0,636.0,672.0,679.0,749.0,752.0,837.0,943.0,997.0,
49.0,65.0,88.0,97.0,113.0,165.0,183.0,205.0,290.0,341.0,365.0,372.0,377.0,379.0,397.0,455.0,475.0,507.0,542.0,607.0,650.0,677.0,710.0,727.0,749.0,805.0,821.0,836.0,838.0,847.0,878.0,935.0,957.0,957.0,961.0,971.0,976.0,991.0,998.0,
91.0,152.0,185.0,265.0,279.0,294.0,318.0,362.0,380.0,390.0,401.0,422.0,472.0,475.0,513.0,524.0,529.0,538.0,581.0,605.0,656.0,665.0,693.0,699.0,721.0,725.0,733.0,747.0,793.0,807.0,811.0,839.0,910.0,912.0,918.0,946.0,987.0,
12.0,54.0,71.0,73.0,117.0,122.0,123.0,129.0,135.0,164.0,203.0,324.0,338.0,361.0,377.0,383.0,407.0,486.0,589.0,651.0,659.0,719.0,725.0,744.0,748.0,748.0,801.0,810.0,813.0,832.0,847.0,904.0,924.0,953.0,
6.0,29.0,37.0,64.0,65.0,111.0,164.0,168.0,247.0,254.0,275.0,299.0,302.0,372.0,423.0,446.0,498.0,504.0,505.0,549.0,700.0,762.0,763.0,767.0,830.0,853.0,873.0,915.0,954.0,955.0,958.0,959.0,963.0,
14.0,83.0,98.0,129.0,130.0,142.0,147.0,148.0,191.0,199.0,208.0,240.0,247.0,436.0,464.0,476.0,509.0,512.0,517.0,523.0,525.0,538.0,630.0,655.0,682.0,722.0,750.0,762.0,764.0,784.0,790.0,794.0,819.0,838.0,907.0,
5.0,11.0,58.0,70.0,105.0,148.0,155.0,157.0,161.0,256.0,264.0,292.0,317.0,319.0,383.0,400.0,434.0,469.0,472.0,473.0,486.0,496.0,518.0,529.0,537.0,555.0,568.0,579.0,614.0,615.0,630.0,643.0,692.0,710.0,746.0,757.0,801.0,886.0,928.0,953.0,
25.0,40.0,43.0,60.0,86.0,121.0,139.0,145.0,145.0,149.0,159.0,159.0,189.0,195.0,235.0,278.0,280.0,325.0,325.0,330.0,341.0,358.0,364.0,370.0,375.0,407.0,408.0,429.0,433.0,450.0,501.0,516.0,517.0,681.0,696.0,705.0,705.0,752.0,767.0,780.0,802.0,821.0,850.0,861.0,879.0,897.0,899.0,904.0,950.0,980.0,
4.0,33.0,47.0,53.0,105.0,131.0,154.0,223.0,224.0,301.0,321.0,414.0,475.0,549.0,599.0,601.0,719.0,741.0,747.0,815.0,828.0,839.0,929.0,931.0,941.0,
31.0,61.0,106.0,125.0,176.0,246.0,254.0,282.0,286.0,315.0,403.0,406.0,502.0,505.0,581.0,593.0,631.0,723.0,723.0,724.0,731.0,759.0,876.0,906.0,926.0,969.0,
30.0,68.0,69.0,79.0,148.0,186.0,198.0,217.0,242.0,254.0,261.0,270.0,286.0,334.0,355.0,361.0,366.0,366.0,372.0,398.0,407.0,418.0,448.0,471.0,482.0,557.0,559.0,575.0,612.0,620.0,704.0,730.0,749.0,780.0,790.0,790.0,792.0,855.0,880.0,929.0,989.0,
8.0,25.0,38.0,38.0,66.0,76.0,119.0,214.0,223.0,248.0,259.0,311.0,311.0,372.0,377.0,409.0,416.0,453.0,466.0,482.0,496.0,502.0,583.0,625.0,693.0,755.0,758.0,788.0,789.0,805.0,845.0,895.0,909.0,969.0,980.0,990.0,
22.0,39.0,62.0,81.0,93.0,187.0,216.0,221.0,244.0,250.0,252.0,253.0,258.0,281.0,287.0,330.0,347.0,363.0,377.0,377.0,432.0,483.0,524.0,550.0,568.0,580.0,582.0,678.0,694.0,720.0,789.0,825.0,898.0,936.0,946.0,968.0,976.0,984.0,991.0,
12.0,37.0,50.0,56.0,88.0,116.0,118.0,183.0,215.0,229.0,243.0,246.0,253.0,268.0,308.0,333.0,359.0,380.0,389.0,397.0,411.0,454.0,466.0,488.0,490.0,513.0,521.0,535.0,599.0,635.0,686.0,687.0,709.0,731.0,770.0,776.0,788.0,791.0,802.0,843.0,877.0,925.0,951.0,959.0,
22.0,51.0,71.0,89.0,119.0,138.0,146.0,218.0,312.0,321.0,349.0,359.0,360.0,513.0,518.0,554.0,560.0,584.0,614.0,717.0,721.0,722.0,762.0,772.0,798.0,883.0,969.0,994.0,
4.0,31.0,48.0,59.0,92.0,118.0,157.0,181.0,207.0,277.0,318.0,390.0,392.0,448.0,545.0,546.0,564.0,570.0,571.0,586.0,595.0,656.0,676.0,698.0,762.0,773.0,821.0,844.0,846.0,862.0,872.0,913.0,960.0,967.0,984.0,985.0,
6.0,8.0,18.0,50.0,190.0,194.0,204.0,207.0,207.0,225.0,289.0,294.0,352.0,439.0,441.0,467.0,486.0,514.0,520.0,583.0,588.0,825.0,826.0,869.0,894.0,894.0,913.0,942.0,946.0,962.0,991.0,
6.0,47.0,63.0,105.0,112.0,156.0,158.0,162.0,204.0,216.0,219.0,233.0,238.0,257.0,305.0,332.0,352.0,395.0,408.0,470.0,501.0,510.0,530.0,549.0,626.0,630.0,643.0,678.0,690.0,705.0,741.0,750.0,776.0,816.0,856.0,890.0,892.0,907.0,928.0,
14.0,102.0,109.0,120.0,132.0,136.0,136.0,137.0,150.0,151.0,220.0,279.0,300.0,352.0,392.0,405.0,417.0,425.0,476.0,523.0,555.0,569.0,570.0,580.0,591.0,599.0,612.0,613.0,648.0,663.0,784.0,860.0,884.0,903.0,932.0,991.0,
19.0,47.0,87.0,96.0,98.0,118.0,123.0,166.0,188.0,212.0,244.0,254.0,285.0,296.0,311.0,350.0,358.0,412.0,417.0,448.0,468.0,469.0,471.0,491.0,527.0,528.0,564.0,572.0,577.0,582.0,628.0,645.0,654.0,712.0,750.0,783.0,824.0,870.0,875.0,875.0,899.0,904.0,922.0,950.0,963.0,
62.0,113.0,119.0,142.0,143.0,179.0,238.0,239.0,256.0,308.0,320.0,324.0,324.0,345.0,390.0,402.0,414.0,428.0,470.0,486.0,504.0,512.0,519.0,563.0,638.0,661.0,702.0,726.0,736.0,739.0,745.0,749.0,759.0,817.0,820.0,851.0,859.0,882.0,889.0,945.0,971.0,993.0,
14.0,44.0,48.0,58.0,93.0,148.0,189.0,257.0,286.0,357.0,364.0,447.0,457.0,460.0,505.0,538.0,549.0,653.0,683.0,716.0,774.0,830.0,859.0,873.0,885.0,919.0,928.0,987.0,
10.0,43.0,74.0,163.0,209.0,218.0,242.0,257.0,259.0,275.0,282.0,285.0,294.0,330.0,348.0,410.0,418.0,495.0,528.0,586.0,772.0,824.0,874.0,877.0,887.0,916.0,958.0,
21.0,115.0,162.0,178.0,205.0,229.0,262.0,267.0,315.0,346.0,354.0,384.0,387.0,430.0,443.0,451.0,465.0,471.0,558.0,590.0,617.0,651.0,657.0,658.0,699.0,708.0,735.0,735.0,756.0,802.0,915.0,923.0,965.0,982.0,983.0,
4.0,11.0,56.0,117.0,170.0,190.0,238.0,358.0,372.0,372.0,402.0,421.0,431.0,575.0,602.0,651.0,673.0,698.0,814.0,919.0,933.0,976.0,998.0,
24.0,132.0,167.0,198.0,208.0,228.0,228.0,242.0,319.0,328.0,355.0,367.0,440.0,442.0,504.0,556.0,572.0,625.0,645.0,666.0,696.0,721.0,749.0,770.0,804.0,830.0,860.0,931.0,950.0,973.0,
68.0,70.0,73.0,149.0,182.0,213.0,213.0,219.0,254.0,292.0,340.0,351.0,360.0,367.0,390.0,429.0,429.0,434.0,437.0,447.0,467.0,472.0,506.0,540.0,545.0,560.0,597.0,608.0,614.0,634.0,722.0,750.0,755.0,851.0,853.0,944.0,961.0,997.0,
19.0,93.0,102.0,106.0,114.0,146.0,153.0,201.0,204.0,215.0,218.0,226.0,243.0,266.0,300.0,312.0,346.0,354.0,381.0,396.0,399.0,416.0,426.0,429.0,483.0,532.0,561.0,592.0,593.0,598.0,625.0,641.0,646.0,677.0,695.0,730.0,731.0,775.0,799.0,813.0,820.0,853.0,886.0,910.0,961.0,973.0,
6.0,49.0,58.0,130.0,133.0,133.0,141.0,179.0,204.0,220.0,242.0,245.0,289.0,364.0,378.0,378.0,402.0,413.0,427.0,545.0,617.0,717.0,720.0,734.0,782.0,823.0,906.0,916.0,961.0,
7.0,14.0,43.0,52.0,140.0,158.0,172.0,188.0,193.0,196.0,216.0,250.0,278.0,281.0,314.0,326.0,346.0,419.0,432.0,528.0,556.0,572.0,586.0,587.0,627.0,680.0,731.0,740.0,747.0,765.0,819.0,884.0,905.0,906.0,942.0,
50.0,72.0,114.0,127.0,131.0,156.0,168.0,171.0,178.0,183.0,211.0,216.0,236.0,259.0,261.0,265.0,286.0,290.0,297.0,315.0,325.0,377.0,397.0,406.0,419.0,453.0,516.0,531.0,559.0,620.0,706.0,840.0,857.0,875.0,880.0,952.0,961.0,976.0,
33.0,53.0,72.0,84.0,134.0,136.0,142.0,178.0,238.0,258.0,270.0,275.0,278.0,288.0,293.0,294.0,313.0,322.0,333.0,339.0,359.0,375.0,435.0,446.0,449.0,472.0,502.0,545.0,577.0,582.0,632.0,704.0,758.0,772.0,842.0,846.0,853.0,893.0,927.0,931.0,992.0,
5.0,15.0,63.0,103.0,115.0,154.0,207.0,235.0,249.0,257.0,271.0,316.0,369.0,408.0,456.0,470.0,494.0,508.0,524.0,528.0,531.0,537.0,539.0,545.0,548.0,550.0,572.0,586.0,612.0,618.0,630.0,647.0,662.0,674.0,686.0,687.0,695.0,707.0,872.0,887.0,888.0,894.0,898.0,899.0,901.0,921.0,936.0,936.0,938.0,970.0,974.0,976.0,982.0,986.0,993.0,
11.0,36.0,44.0,82.0,100.0,103.0,152.0,187.0,200.0,262.0,278.0,286.0,318.0,337.0,376.0,446.0,457.0,484.0,485.0,501.0,522.0,528.0,533.0,535.0,538.0,541.0,542.0,548.0,552.0,559.0,560.0,562.0,572.0,574.0,587.0,589.0,599.0,619.0,621.0,637.0,640.0,644.0,661.0,685.0,693.0,694.0,716.0,729.0,732.0,738.0,739.0,748.0,757.0,761.0,762.0,786.0,804.0,808.0,836.0,842.0,863.0,880.0,888.0,890.0,893.0,900.0,906.0,910.0,921.0,940.0,943.0,944.0,948.0,958.0,967.0,973.0,
14.0,33.0,39.0,46.0,87.0,92.0,117.0,135.0,140.0,187.0,189.0,207.0,252.0,261.0,268.0,379.0,381.0,411.0,437.0,448.0,472.0,474.0,501.0,521.0,526.0,544.0,551.0,559.0,567.0,578.0,583.0,590.0,603.0,603.0,610.0,651.0,661.0,661.0,700.0,707.0,716.0,719.0,722.0,755.0,779.0,795.0,808.0,817.0,835.0,883.0,909.0,936.0,936.0,957.0,968.0,980.0,990.0,997.0,
8.0,31.0,75.0,84.0,88.0,96.0,151.0,212.0,224.0,236.0,249.0,268.0,345.0,360.0,382.0,405.0,429.0,442.0,447.0,452.0,499.0,510.0,516.0,547.0,560.0,596.0,598.0,657.0,669.0,821.0,842.0,863.0,868.0,887.0,910.0,918.0,980.0,
29.0,33.0,52.0,80.0,183.0,210.0,229.0,329.0,386.0,394.0,396.0,470.0,486.0,489.0,557.0,569.0,629.0,654.0,663.0,697.0,711.0,732.0,779.0,855.0,885.0,911.0,943.0,
3.0,14.0,72.0,101.0,124.0,180.0,210.0,256.0,266.0,298.0,420.0,535.0,541.0,559.0,575.0,608.0,623.0,756.0,780.0,831.0,841.0,903.0,945.0,986.0,994.0,
16.0,39.0,47.0,52.0,70.0,95.0,134.0,149.0,157.0,252.0,330.0,365.0,390.0,395.0,445.0,537.0,567.0,602.0,635.0,638.0,646.0,664.0,669.0,709.0,727.0,739.0,740.0,761.0,797.0,816.0,825.0,842.0,847.0,858.0,872.0,882.0,892.0,908.0,942.0,1000.0,
14.0,19.0,37.0,50.0,69.0,71.0,77.0,98.0,128.0,144.0,163.0,204.0,206.0,209.0,276.0,327.0,338.0,348.0,356.0,364.0,366.0,380.0,385.0,451.0,461.0,467.0,519.0,521.0,550.0,634.0,667.0,723.0,738.0,747.0,788.0,798.0,801.0,805.0,817.0,819.0,830.0,865.0,892.0,900.0,913.0,924.0,928.0,941.0,977.0,980.0,
3.0,52.0,86.0,155.0,169.0,224.0,225.0,230.0,232.0,318.0,347.0,359.0,372.0,393.0,409.0,458.0,591.0,652.0,656.0,678.0,684.0,693.0,694.0,713.0,734.0,767.0,770.0,774.0,832.0,869.0,872.0,897.0,905.0,933.0,971.0,
8.0,20.0,43.0,126.0,147.0,152.0,199.0,240.0,408.0,408.0,454.0,479.0,483.0,504.0,505.0,566.0,574.0,584.0,613.0,670.0,672.0,700.0,722.0,753.0,769.0,803.0,811.0,853.0,862.0,871.0,883.0,893.0,911.0,917.0,981.0,997.0,
31.0,42.0,66.0,75.0,95.0,122.0,185.0,275.0,283.0,289.0,323.0,398.0,420.0,429.0,429.0,443.0,461.0,523.0,526.0,543.0,546.0,553.0,554.0,561.0,581.0,582.0,582.0,588.0,593.0,596.0,598.0,606.0,616.0,617.0,619.0,624.0,631.0,634.0,638.0,648.0,657.0,660.0,668.0,696.0,700.0,702.0,740.0,747.0,747.0,762.0,772.0,778.0,784.0,786.0,795.0,810.0,813.0,820.0,831.0,843.0,846.0,846.0,856.0,870.0,899.0,907.0,909.0,928.0,931.0,935.0,938.0,959.0,978.0,
6.0,30.0,43.0,53.0,55.0,74.0,74.0,74.0,109.0,112.0,122.0,132.0,142.0,183.0,205.0,219.0,236.0,247.0,296.0,299.0,313.0,322.0,368.0,404.0,411.0,446.0,469.0,505.0,522.0,527.0,527.0,537.0,540.0,542.0,548.0,557.0,563.0,565.0,568.0,576.0,578.0,581.0,582.0,582.0,584.0,586.0,593.0,628.0,639.0,644.0,660.0,661.0,666.0,689.0,693.0,718.0,720.0,742.0,745.0,752.0,758.0,771.0,802.0,805.0,821.0,822.0,840.0,842.0,857.0,873.0,885.0,891.0,910.0,919.0,927.0,935.0,963.0,965.0,
35.0,39.0,49.0,52.0,54.0,123.0,137.0,140.0,157.0,168.0,176.0,187.0,252.0,305.0,337.0,362.0,466.0,467.0,474.0,500.0,518.0,519.0,521.0,526.0,534.0,535.0,537.0,541.0,547.0,569.0,577.0,578.0,578.0,579.0,584.0,585.0,588.0,593.0,601.0,625.0,625.0,666.0,668.0,669.0,679.0,680.0,690.0,695.0,709.0,717.0,733.0,773.0,780.0,790.0,796.0,799.0,802.0,804.0,818.0,818.0,823.0,828.0,832.0,846.0,848.0,864.0,866.0,875.0,916.0,917.0,929.0,932.0,934.0,940.0,954.0,962.0,988.0,995.0,1000.0,
9.0,64.0,76.0,121.0,132.0,167.0,167.0,196.0,220.0,247.0,345.0,359.0,363.0,366.0,372.0,391.0,402.0,409.0,481.0,488.0,499.0,526.0,532.0,547.0,549.0,613.0,656.0,661.0,672.0,679.0,740.0,861.0,889.0,998.0,
31.0,45.0,186.0,222.0,233.0,391.0,440.0,455.0,456.0,487.0,514.0,520.0,533.0,602.0,610.0,626.0,729.0,733.0,745.0,772.0,775.0,837.0,878.0,888.0,922.0,928.0,973.0,988.0,
36.0,151.0,169.0,309.0,325.0,376.0,402.0,421.0,475.0,496.0,536.0,574.0,588.0,611.0,616.0,619.0,642.0,700.0,716.0,719.0,729.0,786.0,796.0,805.0,880.0,905.0,920.0,
10.0,38.0,49.0,50.0,57.0,85.0,131.0,147.0,176.0,203.0,217.0,217.0,251.0,277.0,288.0,304.0,321.0,323.0,398.0,419.0,429.0,439.0,444.0,506.0,512.0,522.0,609.0,617.0,628.0,641.0,659.0,715.0,803.0,848.0,861.0,924.0,928.0,947.0,951.0,980.0,
23.0,26.0,44.0,103.0,108.0,122.0,133.0,149.0,218.0,246.0,277.0,284.0,293.0,302.0,342.0,435.0,462.0,509.0,512.0,525.0,529.0,545.0,549.0,609.0,618.0,659.0,671.0,674.0,689.0,708.0,724.0,782.0,782.0,801.0,810.0,849.0,863.0,884.0,886.0,897.0,912.0,949.0,957.0,963.0,979.0,
6.0,21.0,53.0,110.0,116.0,199.0,202.0,204.0,212.0,238.0,254.0,271.0,444.0,456.0,458.0,525.0,558.0,601.0,602.0,619.0,638.0,657.0,693.0,701.0,729.0,747.0,751.0,812.0,860.0,903.0,904.0,923.0,933.0,957.0,959.0,
10.0,30.0,82.0,149.0,175.0,203.0,250.0,253.0,260.0,280.0,283.0,312.0,415.0,453.0,462.0,468.0,502.0,550.0,633.0,703.0,727.0,744.0,797.0,862.0,884.0,
25.0,77.0,145.0,153.0,164.0,180.0,186.0,188.0,191.0,254.0,281.0,320.0,330.0,354.0,419.0,437.0,465.0,469.0,484.0,522.0,529.0,531.0,532.0,542.0,545.0,547.0,550.0,553.0,554.0,564.0,575.0,582.0,591.0,594.0,598.0,637.0,638.0,651.0,654.0,658.0,662.0,690.0,698.0,700.0,712.0,718.0,719.0,739.0,744.0,747.0,760.0,765.0,778.0,802.0,806.0,810.0,852.0,882.0,884.0,884.0,910.0,912.0,920.0,927.0,931.0,939.0,954.0,958.0,962.0,995.0,
14.0,51.0,97.0,101.0,103.0,174.0,251.0,252.0,255.0,275.0,286.0,302.0,375.0,394.0,437.0,453.0,458.0,498.0,516.0,526.0,527.0,527.0,534.0,538.0,541.0,542.0,543.0,548.0,553.0,553.0,554.0,569.0,575.0,581.0,598.0,598.0,602.0,603.0,606.0,610.0,624.0,627.0,628.0,632.0,634.0,636.0,649.0,663.0,689.0,689.0,693.0,697.0,698.0,702.0,710.0,715.0,739.0,742.0,755.0,770.0,776.0,799.0,811.0,821.0,824.0,827.0,837.0,865.0,871.0,875.0,902.0,906.0,915.0,928.0,930.0,958.0,960.0,979.0,
11.0,96.0,143.0,145.0,170.0,181.0,193.0,230.0,232.0,338.0,373.0,375.0,381.0,392.0,410.0,514.0,516.0,519.0,524.0,530.0,531.0,537.0,558.0,576.0,586.0,600.0,600.0,610.0,613.0,615.0,637.0,643.0,648.0,653.0,666.0,692.0,695.0,710.0,711.0,713.0,715.0,719.0,721.0,721.0,731.0,733.0,741.0,755.0,761.0,768.0,772.0,783.0,819.0,827.0,833.0,844.0,852.0,856.0,868.0,877.0,907.0,931.0,959.0,995.0,
3.0,83.0,84.0,88.0,108.0,128.0,167.0,209.0,219.0,219.0,229.0,240.0,255.0,283.0,316.0,356.0,389.0,409.0,447.0,450.0,458.0,459.0,493.0,495.0,498.0,505.0,508.0,534.0,738.0,808.0,849.0,856.0,884.0,904.0,947.0,989.0,
3.0,56.0,66.0,79.0,87.0,99.0,117.0,213.0,231.0,236.0,261.0,271.0,332.0,353.0,388.0,417.0,439.0,461.0,529.0,644.0,651.0,668.0,671.0,683.0,725.0,744.0,776.0,783.0,793.0,799.0,809.0,826.0,843.0,930.0,954.0,966.0,
9.0,42.0,44.0,63.0,74.0,109.0,127.0,156.0,156.0,158.0,258.0,280.0,281.0,320.0,395.0,457.0,462.0,522.0,532.0,634.0,634.0,657.0,672.0,674.0,687.0,693.0,744.0,768.0,781.0,800.0,829.0,858.0,864.0,867.0,911.0,924.0,935.0,986.0,
2.0,9.0,22.0,76.0,78.0,126.0,158.0,163.0,189.0,245.0,255.0,258.0,296.0,316.0,346.0,372.0,518.0,533.0,564.0,610.0,683.0,697.0,701.0,731.0,776.0,776.0,782.0,819.0,821.0,853.0,854.0,891.0,895.0,898.0,912.0,928.0,931.0,941.0,959.0,962.0,963.0,966.0,978.0,986.0,
8.0,26.0,49.0,50.0,51.0,95.0,115.0,119.0,178.0,223.0,250.0,252.0,305.0,323.0,330.0,336.0,349.0,361.0,384.0,392.0,400.0,416.0,481.0,484.0,518.0,548.0,554.0,639.0,679.0,759.0,763.0,765.0,802.0,807.0,818.0,819.0,863.0,879.0,886.0,892.0,894.0,970.0,994.0,
23.0,45.0,60.0,86.0,152.0,209.0,389.0,391.0,407.0,453.0,478.0,504.0,515.0,538.0,555.0,597.0,609.0,614.0,634.0,641.0,710.0,713.0,739.0,745.0,760.0,763.0,799.0,807.0,815.0,885.0,951.0,955.0,
8.0,21.0,87.0,118.0,165.0,188.0,189.0,214.0,227.0,230.0,273.0,292.0,292.0,333.0,361.0,469.0,534.0,550.0,579.0,638.0,644.0,677.0,680.0,715.0,740.0,746.0,748.0,766.0,789.0,869.0,878.0,902.0,927.0,982.0,
31.0,64.0,65.0,99.0,99.0,168.0,199.0,223.0,226.0,230.0,237.0,238.0,244.0,250.0,257.0,285.0,338.0,393.0,419.0,422.0,426.0,482.0,484.0,496.0,503.0,514.0,518.0,531.0,533.0,537.0,578.0,579.0,586.0,586.0,591.0,673.0,681.0,695.0,747.0,781.0,837.0,860.0,914.0,922.0,929.0,942.0,
67.0,76.0,84.0,96.0,164.0,185.0,196.0,197.0,226.0,237.0,269.0,271.0,283.0,345.0,350.0,368.0,377.0,387.0,427.0,436.0,486.0,537.0,547.0,548.0,603.0,618.0,685.0,693.0,726.0,749.0,753.0,795.0,797.0,836.0,863.0,942.0,977.0,
13.0,54.0,86.0,117.0,117.0,130.0,145.0,147.0,172.0,203.0,291.0,310.0,349.0,389.0,557.0,559.0,569.0,588.0,621.0,772.0,859.0,893.0,909.0,954.0,997.0,
143.0,171.0,211.0,245.0,263.0,295.0,312.0,322.0,338.0,356.0,431.0,437.0,446.0,458.0,516.0,535.0,539.0,541.0,549.0,626.0,630.0,641.0,650.0,651.0,653.0,706.0,725.0,795.0,820.0,835.0,863.0,929.0,929.0,943.0,944.0,961.0,
50.0,72.0,83.0,86.0,106.0,140.0,154.0,156.0,188.0,201.0,228.0,264.0,300.0,385.0,413.0,421.0,428.0,429.0,438.0,459.0,477.0,481.0,524.0,535.0,580.0,598.0,612.0,638.0,657.0,725.0,735.0,790.0,831.0,855.0,866.0,898.0,898.0,931.0,971.0,993.0,
23.0,23.0,25.0,37.0,58.0,62.0,133.0,135.0,179.0,237.0,280.0,287.0,320.0,330.0,336.0,345.0,367.0,399.0,430.0,448.0,463.0,475.0,524.0,551.0,563.0,716.0,739.0,752.0,783.0,792.0,829.0,832.0,863.0,875.0,936.0,939.0,986.0,
26.0,40.0,54.0,106.0,118.0,144.0,213.0,224.0,337.0,360.0,398.0,422.0,448.0,485.0,494.0,573.0,587.0,599.0,609.0,616.0,624.0,635.0,642.0,676.0,722.0,739.0,746.0,747.0,773.0,793.0,846.0,858.0,881.0,904.0,941.0,
7.0,34.0,64.0,97.0,218.0,243.0,272.0,299.0,306.0,315.0,318.0,324.0,325.0,341.0,377.0,378.0,379.0,401.0,435.0,475.0,513.0,548.0,635.0,637.0,673.0,680.0,780.0,856.0,889.0,936.0,965.0,986.0,
12.0,130.0,179.0,211.0,217.0,224.0,245.0,287.0,302.0,312.0,393.0,394.0,402.0,435.0,440.0,471.0,475.0,484.0,515.0,610.0,641.0,651.0,675.0,767.0,839.0,937.0,962.0,990.0,
31.0,52.0,79.0,83.0,101.0,101.0,131.0,135.0,173.0,203.0,206.0,208.0,220.0,226.0,251.0,278.0,279.0,306.0,316.0,384.0,384.0,385.0,417.0,427.0,444.0,451.0,460.0,535.0,538.0,560.0,564.0,567.0,571.0,649.0,664.0,675.0,701.0,757.0,770.0,787.0,850.0,867.0,880.0,933.0,961.0,977.0,
127.0,154.0,155.0,196.0,229.0,231.0,247.0,250.0,267.0,288.0,326.0,384.0,394.0,403.0,428.0,494.0,523.0,575.0,614.0,671.0,687.0,723.0,776.0,791.0,801.0,892.0,901.0,923.0,926.0,959.0,
15.0,77.0,93.0,106.0,111.0,114.0,144.0,158.0,173.0,223.0,231.0,244.0,338.0,463.0,465.0,488.0,520.0,613.0,618.0,627.0,630.0,636.0,672.0,679.0,723.0,734.0,743.0,763.0,794.0,817.0,868.0,932.0,948.0,
45.0,129.0,189.0,283.0,302.0,304.0,317.0,355.0,362.0,387.0,398.0,401.0,409.0,449.0,491.0,536.0,617.0,642.0,658.0,670.0,673.0,674.0,686.0,816.0,839.0,857.0,871.0,
84.0,87.0,95.0,119.0,157.0,178.0,188.0,250.0,276.0,281.0,311.0,316.0,323.0,365.0,371.0,383.0,408.0,462.0,474.0,497.0,559.0,580.0,585.0,617.0,669.0,672.0,675.0,678.0,686.0,713.0,812.0,846.0,866.0,884.0,969.0,971.0,974.0,
8.0,33.0,77.0,93.0,118.0,127.0,143.0,160.0,182.0,228.0,269.0,293.0,371.0,486.0,507.0,549.0,568.0,580.0,640.0,680.0,682.0,686.0,726.0,736.0,750.0,771.0,825.0,850.0,858.0,865.0,874.0,887.0,983.0,985.0,989.0,993.0,
17.0,57.0,68.0,99.0,124.0,156.0,194.0,198.0,272.0,279.0,329.0,365.0,371.0,395.0,408.0,444.0,492.0,524.0,526.0,644.0,700.0,712.0,722.0,736.0,739.0,745.0,770.0,829.0,851.0,948.0,986.0,
12.0,22.0,46.0,114.0,116.0,126.0,170.0,188.0,206.0,234.0,254.0,290.0,315.0,351.0,383.0,454.0,470.0,489.0,500.0,502.0,502.0,520.0,524.0,530.0,534.0,546.0,582.0,637.0,660.0,677.0,682.0,706.0,726.0,768.0,777.0,808.0,821.0,932.0,969.0,
5.0,32.0,55.0,73.0,83.0,89.0,96.0,125.0,139.0,154.0,183.0,189.0,207.0,258.0,258.0,274.0,289.0,376.0,391.0,398.0,430.0,460.0,479.0,511.0,536.0,542.0,596.0,652.0,669.0,692.0,692.0,695.0,697.0,699.0,707.0,761.0,769.0,804.0,829.0,849.0,900.0,915.0,960.0,984.0,996.0,
13.0,15.0,38.0,96.0,109.0,116.0,133.0,174.0,210.0,237.0,241.0,254.0,318.0,343.0,347.0,364.0,389.0,418.0,442.0,472.0,474.0,509.0,513.0,523.0,556.0,557.0,610.0,626.0,646.0,682.0,711.0,715.0,732.0,745.0,789.0,826.0,856.0,878.0,891.0,
56.0,71.0,121.0,259.0,269.0,310.0,328.0,436.0,445.0,501.0,507.0,508.0,557.0,559.0,565.0,607.0,632.0,652.0,657.0,690.0,723.0,727.0,738.0,765.0,830.0,838.0,855.0,866.0,927.0,950.0,970.0,988.0,
7.0,10.0,134.0,134.0,143.0,149.0,169.0,171.0,205.0,221.0,253.0,266.0,305.0,358.0,534.0,570.0,570.0,639.0,664.0,669.0,672.0,689.0,828.0,853.0,890.0,911.0,930.0,931.0,988.0,992.0,1000.0,
6.0,31.0,45.0,72.0,96.0,102.0,122.0,156.0,196.0,199.0,213.0,250.0,259.0,275.0,276.0,336.0,365.0,387.0,390.0,411.0,492.0,504.0,531.0,565.0,597.0,651.0,656.0,712.0,714.0,724.0,759.0,773.0,784.0,808.0,823.0,926.0,974.0,976.0,
61.0,89.0,233.0,256.0,264.0,279.0,280.0,285.0,288.0,307.0,386.0,400.0,443.0,517.0,523.0,561.0,580.0,635.0,648.0,789.0,793.0,853.0,867.0,872.0,897.0,926.0,961.0,993.0,994.0,
83.0,86.0,96.0,199.0,200.0,220.0,220.0,227.0,285.0,289.0,345.0,364.0,375.0,400.0,406.0,427.0,431.0,435.0,450.0,501.0,520.0,533.0,537.0,561.0,594.0,635.0,674.0,683.0,741.0,779.0,843.0,890.0,908.0,948.0,982.0,984.0,986.0,
20.0,41.0,43.0,45.0,68.0,88.0,211.0,233.0,239.0,283.0,284.0,307.0,367.0,382.0,387.0,393.0,581.0,650.0,685.0,720.0,721.0,740.0,751.0,754.0,800.0,804.0,863.0,900.0,949.0,953.0,954.0,972.0,
21.0,43.0,72.0,72.0,120.0,143.0,157.0,185.0,249.0,266.0,271.0,279.0,324.0,344.0,392.0,404.0,407.0,420.0,442.0,464.0,477.0,498.0,524.0,558.0,577.0,588.0,675.0,684.0,706.0,708.0,717.0,740.0,780.0,804.0,841.0,846.0,967.0,994.0,999.0,
