39.0,47.0,71.0,93.0,122.0,147.0,154.0,167.0,229.0,269.0,291.0,311.0,324.0,342.0,376.0,380.0,381.0,436.0,441.0,482.0,491.0,512.0,516.0,526.0,559.0,640.0,676.0,715.0,771.0,875.0,891.0,903.0,904.0,918.0,961.0,984.0,991.0,999.0,
4.0,20.0,29.0,74.0,85.0,108.0,141.0,162.0,174.0,183.0,202.0,222.0,234.0,290.0,302.0,321.0,323.0,395.0,404.0,412.0,415.0,421.0,423.0,446.0,453.0,460.0,478.0,490.0,493.0,524.0,528.0,550.0,659.0,661.0,698.0,718.0,757.0,794.0,802.0,814.0,830.0,832.0,837.0,886.0,910.0,911.0,975.0,
4.0,29.0,32.0,91.0,110.0,149.0,162.0,179.0,200.0,200.0,227.0,229.0,258.0,270.0,354.0,362.0,382.0,456.0,463.0,479.0,484.0,495.0,499.0,514.0,523.0,532.0,541.0,541.0,553.0,562.0,608.0,662.0,678.0,690.0,694.0,695.0,756.0,836.0,854.0,856.0,873.0,897.0,913.0,931.0,960.0,969.0,974.0,
47.0,75.0,87.0,112.0,175.0,250.0,271.0,342.0,380.0,404.0,416.0,420.0,425.0,487.0,500.0,508.0,534.0,543.0,559.0,573.0,584.0,592.0,598.0,610.0,631.0,631.0,710.0,712.0,848.0,873.0,899.0,945.0,958.0,
61.0,66.0,69.0,121.0,127.0,177.0,182.0,219.0,224.0,241.0,278.0,288.0,292.0,304.0,365.0,373.0,375.0,382.0,411.0,438.0,486.0,486.0,495.0,508.0,510.0,555.0,586.0,595.0,615.0,633.0,664.0,675.0,716.0,758.0,763.0,774.0,823.0,838.0,840.0,846.0,857.0,877.0,892.0,900.0,924.0,930.0,932.0,
15.0,42.0,43.0,70.0,83.0,91.0,126.0,179.0,220.0,250.0,292.0,297.0,369.0,376.0,376.0,437.0,449.0,476.0,477.0,509.0,568.0,578.0,591.0,615.0,727.0,757.0,831.0,837.0,848.0,887.0,902.0,923.0,939.0,944.0,950.0,969.0,974.0,990.0,999.0,
11.0,69.0,69.0,113.0,143.0,157.0,174.0,190.0,227.0,255.0,297.0,334.0,351.0,435.0,463.0,490.0,495.0,557.0,571.0,586.0,592.0,596.0,645.0,681.0,688.0,717.0,757.0,767.0,781.0,805.0,855.0,908.0,972.0,986.0,
22.0,93.0,143.0,149.0,249.0,335.0,349.0,353.0,359.0,385.0,392.0,410.0,416.0,426.0,465.0,480.0,544.0,590.0,634.0,635.0,734.0,828.0,847.0,876.0,907.0,941.0,
38.0,59.0,89.0,90.0,98.0,123.0,152.0,158.0,214.0,220.0,240.0,258.0,268.0,312.0,348.0,353.0,358.0,369.0,466.0,549.0,555.0,567.0,573.0,597.0,622.0,653.0,717.0,741.0,749.0,778.0,784.0,829.0,849.0,885.0,911.0,978.0,
2.0,72.0,102.0,160.0,168.0,170.0,195.0,202.0,224.0,248.0,273.0,290.0,311.0,332.0,334.0,408.0,423.0,441.0,528.0,544.0,552.0,590.0,612.0,652.0,667.0,676.0,677.0,680.0,714.0,724.0,726.0,730.0,769.0,822.0,850.0,856.0,886.0,887.0,901.0,935.0,949.0,986.0,
40.0,58.0,81.0,116.0,122.0,156.0,203.0,212.0,274.0,300.0,327.0,328.0,333.0,334.0,337.0,355.0,356.0,359.0,412.0,485.0,532.0,540.0,559.0,595.0,614.0,645.0,650.0,661.0,663.0,666.0,680.0,684.0,754.0,762.0,765.0,827.0,891.0,936.0,943.0,977.0,985.0,988.0,992.0,994.0,
20.0,129.0,141.0,148.0,191.0,195.0,246.0,279.0,317.0,374.0,428.0,449.0,476.0,497.0,574.0,575.0,605.0,659.0,663.0,683.0,695.0,749.0,777.0,828.0,830.0,840.0,855.0,860.0,899.0,973.0,978.0,1000.0,
17.0,47.0,57.0,74.0,75.0,105.0,116.0,138.0,197.0,230.0,246.0,251.0,251.0,265.0,277.0,322.0,338.0,410.0,463.0,468.0,513.0,648.0,651.0,721.0,770.0,814.0,818.0,861.0,868.0,895.0,902.0,910.0,926.0,962.0,969.0,983.0,
30.0,71.0,100.0,157.0,159.0,210.0,225.0,227.0,255.0,255.0,313.0,326.0,346.0,357.0,407.0,470.0,551.0,619.0,622.0,628.0,633.0,640.0,658.0,680.0,689.0,811.0,834.0,890.0,896.0,906.0,927.0,976.0,993.0,997.0,
22.0,26.0,62.0,112.0,175.0,179.0,230.0,242.0,253.0,254.0,262.0,267.0,296.0,296.0,301.0,306.0,320.0,330.0,349.0,380.0,384.0,431.0,447.0,461.0,465.0,476.0,477.0,504.0,511.0,559.0,580.0,595.0,658.0,659.0,669.0,677.0,682.0,706.0,712.0,713.0,741.0,754.0,788.0,795.0,837.0,863.0,867.0,912.0,925.0,936.0,936.0,980.0,1000.0,
7.0,77.0,80.0,162.0,207.0,214.0,218.0,221.0,222.0,232.0,240.0,269.0,303.0,310.0,394.0,401.0,406.0,452.0,481.0,490.0,587.0,619.0,642.0,648.0,653.0,658.0,664.0,741.0,744.0,752.0,769.0,797.0,821.0,887.0,
44.0,54.0,138.0,166.0,195.0,202.0,216.0,320.0,323.0,361.0,419.0,437.0,500.0,607.0,614.0,620.0,627.0,657.0,665.0,696.0,730.0,742.0,773.0,777.0,794.0,810.0,830.0,840.0,908.0,919.0,
21.0,23.0,30.0,69.0,106.0,109.0,118.0,121.0,187.0,221.0,235.0,238.0,286.0,433.0,497.0,533.0,602.0,614.0,661.0,685.0,703.0,715.0,719.0,748.0,755.0,760.0,806.0,813.0,824.0,826.0,827.0,840.0,871.0,871.0,874.0,949.0,958.0,972.0,978.0,984.0,
23.0,47.0,47.0,96.0,103.0,111.0,129.0,158.0,179.0,239.0,240.0,268.0,347.0,353.0,448.0,462.0,465.0,477.0,483.0,512.0,522.0,531.0,567.0,582.0,589.0,636.0,652.0,659.0,710.0,734.0,778.0,799.0,807.0,903.0,910.0,942.0,942.0,959.0,992.0,
7.0,54.0,60.0,61.0,76.0,90.0,101.0,102.0,115.0,135.0,145.0,166.0,177.0,184.0,240.0,280.0,284.0,287.0,365.0,400.0,410.0,429.0,433.0,599.0,633.0,670.0,688.0,831.0,853.0,868.0,910.0,932.0,936.0,963.0,963.0,976.0,982.0,983.0,
43.0,55.0,95.0,126.0,141.0,151.0,188.0,191.0,281.0,297.0,308.0,351.0,364.0,402.0,410.0,429.0,496.0,502.0,558.0,561.0,637.0,706.0,757.0,767.0,767.0,818.0,835.0,858.0,887.0,922.0,945.0,967.0,969.0,981.0,988.0,
33.0,80.0,83.0,106.0,127.0,174.0,210.0,263.0,277.0,282.0,308.0,325.0,390.0,410.0,456.0,462.0,495.0,506.0,598.0,708.0,713.0,750.0,780.0,799.0,843.0,883.0,910.0,915.0,918.0,964.0,
15.0,21.0,97.0,108.0,130.0,146.0,152.0,153.0,165.0,190.0,281.0,288.0,485.0,491.0,544.0,549.0,630.0,640.0,680.0,710.0,740.0,751.0,773.0,805.0,822.0,865.0,876.0,913.0,968.0,991.0,
23.0,83.0,83.0,141.0,154.0,158.0,182.0,260.0,264.0,306.0,333.0,344.0,345.0,355.0,367.0,374.0,460.0,546.0,713.0,748.0,771.0,824.0,833.0,836.0,893.0,924.0,925.0,953.0,976.0,981.0,991.0,
36.0,45.0,60.0,101.0,118.0,135.0,147.0,151.0,178.0,178.0,225.0,231.0,242.0,256.0,266.0,268.0,274.0,286.0,294.0,405.0,458.0,465.0,476.0,513.0,578.0,643.0,661.0,730.0,750.0,751.0,768.0,911.0,934.0,959.0,963.0,965.0,984.0,986.0,994.0,
24.0,98.0,116.0,189.0,212.0,244.0,300.0,301.0,317.0,326.0,387.0,401.0,412.0,444.0,453.0,513.0,514.0,517.0,524.0,598.0,605.0,640.0,683.0,708.0,781.0,823.0,828.0,845.0,886.0,915.0,950.0,958.0,987.0,989.0,997.0,999.0,
48.0,55.0,76.0,95.0,100.0,127.0,188.0,190.0,194.0,201.0,234.0,263.0,266.0,266.0,316.0,338.0,394.0,418.0,422.0,439.0,567.0,657.0,668.0,673.0,706.0,764.0,938.0,945.0,965.0,
45.0,68.0,76.0,83.0,84.0,90.0,117.0,124.0,128.0,155.0,190.0,198.0,211.0,221.0,225.0,280.0,285.0,288.0,292.0,296.0,319.0,347.0,354.0,362.0,404.0,457.0,463.0,482.0,485.0,511.0,546.0,619.0,678.0,688.0,765.0,786.0,842.0,867.0,882.0,902.0,909.0,929.0,967.0,
64.0,67.0,84.0,115.0,150.0,150.0,169.0,192.0,205.0,278.0,321.0,322.0,326.0,329.0,346.0,372.0,392.0,407.0,414.0,467.0,477.0,495.0,510.0,542.0,544.0,593.0,630.0,682.0,695.0,713.0,728.0,788.0,814.0,815.0,837.0,856.0,898.0,925.0,942.0,957.0,984.0,
69.0,98.0,140.0,166.0,228.0,234.0,248.0,284.0,343.0,417.0,441.0,446.0,465.0,480.0,606.0,609.0,617.0,628.0,800.0,845.0,916.0,927.0,974.0,996.0,
62.0,66.0,111.0,115.0,136.0,154.0,162.0,185.0,314.0,495.0,504.0,507.0,526.0,615.0,634.0,678.0,716.0,725.0,828.0,852.0,860.0,905.0,934.0,939.0,
53.0,55.0,131.0,143.0,289.0,300.0,314.0,314.0,325.0,380.0,386.0,418.0,425.0,466.0,511.0,513.0,533.0,556.0,576.0,595.0,596.0,602.0,655.0,700.0,709.0,721.0,726.0,746.0,765.0,783.0,790.0,797.0,821.0,855.0,866.0,889.0,892.0,920.0,923.0,924.0,926.0,932.0,955.0,964.0,989.0,
52.0,74.0,88.0,122.0,124.0,130.0,171.0,244.0,247.0,254.0,282.0,339.0,353.0,369.0,420.0,435.0,439.0,465.0,472.0,500.0,501.0,524.0,538.0,558.0,576.0,581.0,634.0,652.0,663.0,671.0,779.0,800.0,805.0,816.0,850.0,897.0,899.0,907.0,924.0,925.0,925.0,952.0,992.0,992.0,
18.0,90.0,96.0,162.0,220.0,228.0,229.0,273.0,288.0,307.0,326.0,331.0,410.0,417.0,418.0,418.0,422.0,434.0,461.0,514.0,539.0,583.0,592.0,595.0,599.0,609.0,665.0,728.0,735.0,746.0,815.0,849.0,859.0,890.0,930.0,938.0,970.0,989.0,997.0,
8.0,12.0,21.0,53.0,62.0,87.0,134.0,135.0,169.0,215.0,276.0,301.0,319.0,323.0,356.0,358.0,408.0,414.0,421.0,465.0,506.0,527.0,541.0,547.0,577.0,616.0,619.0,705.0,727.0,853.0,911.0,915.0,989.0,
3.0,35.0,38.0,87.0,91.0,98.0,247.0,251.0,255.0,297.0,332.0,479.0,492.0,521.0,528.0,553.0,558.0,563.0,567.0,572.0,605.0,622.0,671.0,674.0,746.0,772.0,806.0,810.0,831.0,851.0,857.0,863.0,908.0,941.0,966.0,995.0,997.0,
38.0,40.0,99.0,113.0,125.0,163.0,168.0,214.0,235.0,294.0,357.0,389.0,413.0,456.0,487.0,533.0,540.0,629.0,648.0,679.0,764.0,870.0,873.0,905.0,920.0,947.0,972.0,
10.0,62.0,88.0,116.0,122.0,122.0,124.0,132.0,135.0,137.0,140.0,153.0,154.0,231.0,237.0,252.0,270.0,293.0,299.0,367.0,402.0,438.0,526.0,589.0,626.0,640.0,673.0,681.0,745.0,809.0,820.0,824.0,878.0,885.0,933.0,934.0,941.0,981.0,984.0,
19.0,33.0,36.0,48.0,86.0,126.0,137.0,169.0,227.0,313.0,326.0,348.0,378.0,390.0,459.0,476.0,596.0,614.0,664.0,717.0,740.0,749.0,814.0,920.0,
35.0,70.0,102.0,109.0,143.0,156.0,181.0,185.0,196.0,204.0,208.0,212.0,216.0,241.0,255.0,259.0,290.0,296.0,305.0,358.0,445.0,468.0,499.0,503.0,505.0,515.0,515.0,521.0,555.0,558.0,575.0,615.0,636.0,684.0,697.0,721.0,767.0,770.0,839.0,856.0,863.0,897.0,909.0,912.0,922.0,
19.0,73.0,108.0,202.0,209.0,250.0,360.0,385.0,386.0,477.0,493.0,512.0,642.0,674.0,678.0,725.0,734.0,776.0,777.0,785.0,810.0,849.0,853.0,936.0,945.0,978.0,
34.0,72.0,107.0,134.0,166.0,190.0,203.0,269.0,276.0,308.0,335.0,338.0,351.0,389.0,421.0,442.0,492.0,501.0,699.0,709.0,710.0,715.0,717.0,728.0,731.0,748.0,809.0,810.0,812.0,870.0,870.0,889.0,929.0,948.0,958.0,973.0,996.0,
5.0,8.0,24.0,63.0,66.0,67.0,85.0,91.0,213.0,224.0,243.0,266.0,308.0,340.0,361.0,399.0,452.0,455.0,574.0,583.0,594.0,638.0,681.0,737.0,738.0,776.0,778.0,814.0,824.0,841.0,876.0,876.0,919.0,928.0,943.0,995.0,
18.0,55.0,59.0,62.0,72.0,118.0,192.0,310.0,321.0,428.0,446.0,448.0,456.0,476.0,498.0,529.0,565.0,567.0,619.0,625.0,677.0,767.0,780.0,791.0,798.0,801.0,810.0,816.0,830.0,894.0,923.0,983.0,
13.0,14.0,97.0,187.0,208.0,227.0,233.0,330.0,338.0,363.0,386.0,453.0,465.0,472.0,472.0,499.0,526.0,529.0,541.0,555.0,559.0,573.0,579.0,582.0,585.0,639.0,655.0,657.0,670.0,673.0,698.0,706.0,717.0,746.0,753.0,797.0,833.0,834.0,836.0,857.0,883.0,906.0,909.0,919.0,927.0,927.0,927.0,946.0,972.0,983.0,
20.0,45.0,128.0,140.0,147.0,156.0,198.0,199.0,207.0,227.0,232.0,254.0,300.0,319.0,349.0,364.0,372.0,394.0,396.0,403.0,428.0,442.0,467.0,468.0,513.0,518.0,527.0,531.0,538.0,542.0,559.0,560.0,561.0,573.0,589.0,590.0,613.0,620.0,622.0,623.0,626.0,632.0,641.0,656.0,666.0,670.0,670.0,686.0,690.0,703.0,708.0,722.0,724.0,724.0,735.0,747.0,754.0,766.0,807.0,833.0,837.0,842.0,843.0,846.0,849.0,866.0,872.0,874.0,877.0,881.0,891.0,894.0,898.0,911.0,914.0,915.0,921.0,925.0,931.0,950.0,959.0,962.0,979.0,986.0,991.0,991.0,1000.0,
26.0,97.0,103.0,144.0,176.0,200.0,217.0,238.0,239.0,258.0,301.0,310.0,319.0,322.0,338.0,340.0,354.0,390.0,397.0,398.0,440.0,458.0,510.0,511.0,517.0,521.0,530.0,533.0,535.0,543.0,556.0,559.0,566.0,575.0,577.0,585.0,592.0,592.0,600.0,610.0,620.0,642.0,659.0,660.0,665.0,669.0,674.0,702.0,764.0,784.0,796.0,802.0,804.0,824.0,847.0,854.0,861.0,872.0,914.0,923.0,924.0,935.0,949.0,952.0,955.0,978.0,989.0,
3.0,19.0,49.0,50.0,94.0,143.0,152.0,155.0,223.0,286.0,287.0,289.0,328.0,354.0,356.0,357.0,387.0,407.0,415.0,441.0,522.0,560.0,591.0,638.0,643.0,645.0,651.0,691.0,701.0,708.0,965.0,997.0,998.0,
24.0,91.0,93.0,134.0,204.0,207.0,230.0,274.0,352.0,365.0,372.0,443.0,468.0,494.0,510.0,593.0,622.0,623.0,665.0,705.0,731.0,748.0,772.0,822.0,830.0,955.0,956.0,971.0,972.0,
27.0,32.0,58.0,94.0,100.0,128.0,149.0,206.0,264.0,330.0,330.0,372.0,387.0,404.0,449.0,453.0,467.0,484.0,519.0,541.0,546.0,602.0,620.0,621.0,628.0,641.0,657.0,687.0,691.0,703.0,760.0,783.0,837.0,851.0,852.0,892.0,971.0,981.0,
31.0,44.0,49.0,52.0,54.0,69.0,92.0,144.0,158.0,171.0,179.0,203.0,252.0,265.0,276.0,315.0,333.0,371.0,445.0,524.0,563.0,590.0,661.0,676.0,703.0,721.0,764.0,822.0,835.0,934.0,959.0,
4.0,31.0,35.0,98.0,149.0,172.0,182.0,220.0,347.0,349.0,355.0,357.0,382.0,385.0,409.0,428.0,455.0,509.0,547.0,570.0,620.0,632.0,647.0,700.0,723.0,733.0,827.0,868.0,931.0,
5.0,23.0,28.0,74.0,115.0,160.0,212.0,297.0,340.0,376.0,381.0,406.0,429.0,457.0,509.0,519.0,539.0,545.0,555.0,562.0,621.0,698.0,713.0,716.0,718.0,750.0,756.0,777.0,808.0,820.0,842.0,904.0,907.0,925.0,932.0,955.0,978.0,
34.0,46.0,74.0,99.0,158.0,164.0,171.0,227.0,316.0,355.0,396.0,406.0,429.0,431.0,446.0,506.0,531.0,535.0,573.0,596.0,604.0,604.0,643.0,644.0,699.0,710.0,712.0,714.0,750.0,771.0,777.0,863.0,872.0,959.0,
5.0,29.0,33.0,110.0,146.0,149.0,166.0,180.0,192.0,262.0,314.0,322.0,333.0,343.0,361.0,376.0,403.0,519.0,528.0,529.0,532.0,541.0,547.0,550.0,552.0,553.0,554.0,558.0,559.0,561.0,564.0,566.0,569.0,572.0,580.0,585.0,586.0,598.0,604.0,609.0,614.0,622.0,627.0,631.0,643.0,646.0,656.0,692.0,697.0,703.0,706.0,718.0,721.0,725.0,732.0,736.0,747.0,750.0,787.0,816.0,816.0,828.0,834.0,839.0,839.0,846.0,876.0,883.0,884.0,890.0,913.0,917.0,920.0,922.0,924.0,926.0,927.0,941.0,951.0,985.0,989.0,994.0,994.0,997.0,
13.0,17.0,35.0,70.0,76.0,112.0,146.0,169.0,200.0,216.0,231.0,267.0,297.0,298.0,309.0,373.0,397.0,418.0,429.0,460.0,463.0,465.0,468.0,503.0,519.0,523.0,523.0,528.0,533.0,546.0,562.0,568.0,575.0,575.0,580.0,589.0,595.0,599.0,601.0,605.0,606.0,608.0,617.0,624.0,625.0,635.0,636.0,641.0,646.0,652.0,675.0,679.0,710.0,710.0,710.0,715.0,776.0,798.0,810.0,811.0,813.0,824.0,851.0,860.0,874.0,904.0,921.0,951.0,972.0,974.0,979.0,983.0,
12.0,27.0,32.0,206.0,248.0,275.0,290.0,304.0,315.0,315.0,321.0,348.0,401.0,403.0,418.0,424.0,468.0,527.0,529.0,533.0,533.0,534.0,535.0,535.0,549.0,553.0,566.0,567.0,576.0,578.0,581.0,592.0,596.0,617.0,619.0,624.0,627.0,632.0,634.0,636.0,638.0,639.0,639.0,667.0,704.0,711.0,744.0,744.0,758.0,764.0,782.0,784.0,785.0,785.0,790.0,814.0,823.0,825.0,858.0,861.0,862.0,863.0,865.0,884.0,902.0,917.0,927.0,929.0,930.0,957.0,969.0,972.0,992.0,995.0,
79.0,86.0,103.0,105.0,122.0,125.0,177.0,177.0,184.0,186.0,260.0,272.0,286.0,294.0,302.0,321.0,394.0,411.0,413.0,440.0,469.0,537.0,680.0,716.0,721.0,735.0,776.0,801.0,810.0,865.0,906.0,921.0,953.0,955.0,1000.0,
57.0,79.0,83.0,88.0,133.0,136.0,159.0,203.0,280.0,289.0,322.0,329.0,371.0,389.0,433.0,451.0,453.0,463.0,464.0,467.0,477.0,529.0,546.0,561.0,566.0,596.0,638.0,644.0,807.0,821.0,876.0,951.0,957.0,966.0,
41.0,84.0,111.0,146.0,166.0,170.0,176.0,176.0,213.0,221.0,254.0,332.0,333.0,374.0,378.0,406.0,437.0,449.0,451.0,478.0,480.0,512.0,521.0,534.0,569.0,574.0,604.0,639.0,662.0,663.0,703.0,714.0,716.0,729.0,760.0,763.0,777.0,791.0,807.0,823.0,895.0,958.0,973.0,977.0,985.0,
21.0,44.0,57.0,107.0,181.0,195.0,234.0,248.0,312.0,333.0,340.0,445.0,452.0,525.0,581.0,598.0,621.0,682.0,684.0,751.0,759.0,771.0,780.0,801.0,811.0,828.0,946.0,947.0,
4.0,56.0,101.0,185.0,214.0,220.0,231.0,256.0,270.0,317.0,374.0,389.0,404.0,415.0,428.0,436.0,544.0,560.0,698.0,712.0,726.0,743.0,745.0,757.0,760.0,825.0,872.0,891.0,912.0,954.0,968.0,
25.0,38.0,60.0,116.0,144.0,145.0,174.0,239.0,288.0,300.0,358.0,398.0,399.0,400.0,407.0,413.0,427.0,434.0,480.0,493.0,531.0,531.0,589.0,625.0,659.0,729.0,741.0,743.0,753.0,771.0,817.0,846.0,865.0,884.0,910.0,918.0,955.0,956.0,
40.0,84.0,85.0,88.0,173.0,199.0,217.0,219.0,232.0,302.0,326.0,362.0,380.0,429.0,485.0,537.0,587.0,595.0,684.0,755.0,784.0,873.0,921.0,
23.0,39.0,43.0,53.0,66.0,154.0,173.0,234.0,294.0,306.0,343.0,349.0,372.0,414.0,471.0,525.0,529.0,541.0,551.0,559.0,561.0,568.0,583.0,593.0,594.0,602.0,610.0,615.0,658.0,697.0,699.0,701.0,736.0,741.0,748.0,757.0,760.0,762.0,780.0,793.0,815.0,827.0,831.0,848.0,884.0,892.0,895.0,897.0,913.0,930.0,931.0,950.0,962.0,966.0,985.0,
10.0,10.0,17.0,20.0,20.0,30.0,55.0,80.0,104.0,139.0,285.0,418.0,437.0,439.0,444.0,511.0,518.0,523.0,524.0,529.0,545.0,546.0,550.0,550.0,565.0,567.0,571.0,578.0,597.0,612.0,623.0,626.0,630.0,631.0,653.0,654.0,656.0,664.0,665.0,667.0,680.0,685.0,688.0,711.0,727.0,754.0,761.0,769.0,786.0,810.0,833.0,833.0,834.0,868.0,871.0,917.0,925.0,963.0,967.0,982.0,998.0,
12.0,51.0,81.0,102.0,167.0,183.0,194.0,212.0,224.0,290.0,293.0,327.0,346.0,517.0,518.0,520.0,523.0,544.0,547.0,561.0,561.0,567.0,569.0,570.0,570.0,574.0,578.0,583.0,586.0,622.0,630.0,663.0,667.0,670.0,682.0,695.0,697.0,698.0,710.0,716.0,716.0,730.0,738.0,740.0,745.0,756.0,775.0,804.0,816.0,829.0,839.0,848.0,890.0,939.0,941.0,943.0,952.0,957.0,977.0,984.0,988.0,992.0,996.0,
3.0,7.0,48.0,88.0,123.0,142.0,159.0,166.0,186.0,195.0,229.0,324.0,332.0,333.0,336.0,418.0,422.0,474.0,476.0,511.0,514.0,548.0,560.0,561.0,582.0,639.0,640.0,775.0,798.0,847.0,879.0,906.0,926.0,930.0,948.0,950.0,983.0,991.0,
43.0,84.0,88.0,107.0,126.0,160.0,168.0,179.0,220.0,334.0,347.0,398.0,455.0,460.0,496.0,522.0,562.0,621.0,625.0,718.0,721.0,814.0,856.0,864.0,929.0,953.0,955.0,966.0,989.0,
43.0,65.0,82.0,87.0,154.0,155.0,160.0,173.0,219.0,223.0,224.0,225.0,252.0,283.0,291.0,322.0,336.0,389.0,441.0,441.0,447.0,458.0,502.0,506.0,533.0,567.0,593.0,626.0,651.0,670.0,705.0,730.0,744.0,767.0,770.0,819.0,827.0,839.0,854.0,917.0,918.0,971.0,975.0,976.0,979.0,
98.0,118.0,126.0,180.0,196.0,199.0,268.0,308.0,415.0,513.0,554.0,579.0,587.0,717.0,789.0,801.0,856.0,880.0,883.0,894.0,897.0,926.0,
112.0,131.0,142.0,150.0,228.0,232.0,250.0,283.0,300.0,375.0,399.0,406.0,420.0,424.0,425.0,440.0,486.0,518.0,560.0,563.0,581.0,610.0,620.0,651.0,656.0,656.0,663.0,696.0,698.0,720.0,764.0,815.0,820.0,820.0,859.0,910.0,943.0,967.0,
27.0,101.0,176.0,203.0,230.0,239.0,242.0,243.0,298.0,394.0,464.0,483.0,581.0,587.0,597.0,695.0,700.0,711.0,740.0,802.0,804.0,820.0,821.0,839.0,889.0,935.0,954.0,
3.0,22.0,25.0,36.0,41.0,52.0,63.0,92.0,101.0,131.0,143.0,144.0,154.0,245.0,256.0,270.0,285.0,313.0,336.0,423.0,439.0,440.0,479.0,493.0,551.0,564.0,581.0,645.0,657.0,771.0,791.0,822.0,875.0,928.0,947.0,952.0,959.0,972.0,
23.0,121.0,177.0,189.0,206.0,227.0,230.0,350.0,439.0,446.0,461.0,467.0,473.0,504.0,546.0,548.0,550.0,557.0,637.0,653.0,678.0,689.0,696.0,812.0,841.0,861.0,887.0,
43.0,95.0,104.0,138.0,187.0,206.0,211.0,240.0,266.0,292.0,351.0,362.0,400.0,403.0,423.0,441.0,455.0,456.0,503.0,508.0,511.0,512.0,525.0,526.0,547.0,554.0,571.0,601.0,617.0,750.0,819.0,831.0,846.0,867.0,908.0,946.0,980.0,989.0,
9.0,15.0,18.0,18.0,77.0,86.0,125.0,146.0,187.0,206.0,259.0,268.0,290.0,310.0,329.0,333.0,339.0,372.0,424.0,477.0,506.0,520.0,534.0,581.0,612.0,665.0,691.0,697.0,724.0,849.0,858.0,884.0,974.0,979.0,
9.0,38.0,60.0,61.0,78.0,141.0,186.0,205.0,207.0,217.0,234.0,244.0,274.0,289.0,314.0,317.0,346.0,387.0,405.0,428.0,470.0,506.0,596.0,649.0,668.0,770.0,838.0,841.0,874.0,952.0,976.0,
47.0,47.0,55.0,271.0,271.0,327.0,386.0,398.0,437.0,444.0,461.0,496.0,504.0,546.0,672.0,710.0,723.0,727.0,734.0,768.0,807.0,856.0,888.0,889.0,958.0,995.0,
70.0,82.0,86.0,87.0,131.0,164.0,167.0,192.0,237.0,238.0,289.0,301.0,338.0,364.0,371.0,374.0,393.0,396.0,432.0,452.0,471.0,481.0,498.0,526.0,567.0,588.0,606.0,619.0,641.0,650.0,667.0,676.0,682.0,721.0,731.0,794.0,818.0,832.0,833.0,860.0,867.0,887.0,903.0,926.0,957.0,975.0,
62.0,81.0,96.0,103.0,118.0,207.0,224.0,227.0,250.0,313.0,348.0,351.0,411.0,457.0,534.0,552.0,561.0,586.0,626.0,631.0,641.0,686.0,693.0,730.0,747.0,775.0,815.0,836.0,859.0,881.0,
28.0,104.0,149.0,161.0,208.0,209.0,218.0,279.0,290.0,430.0,440.0,456.0,535.0,567.0,629.0,657.0,702.0,748.0,760.0,776.0,776.0,844.0,853.0,867.0,951.0,957.0,963.0,979.0,999.0,999.0,
31.0,92.0,137.0,181.0,252.0,258.0,268.0,288.0,322.0,329.0,337.0,431.0,435.0,498.0,506.0,543.0,604.0,606.0,648.0,666.0,667.0,669.0,731.0,760.0,814.0,815.0,843.0,871.0,873.0,910.0,941.0,956.0,
64.0,121.0,136.0,136.0,166.0,171.0,184.0,190.0,191.0,198.0,240.0,281.0,307.0,315.0,323.0,340.0,352.0,380.0,386.0,412.0,476.0,492.0,548.0,612.0,615.0,616.0,621.0,630.0,631.0,663.0,673.0,675.0,684.0,718.0,790.0,815.0,815.0,822.0,836.0,924.0,938.0,938.0,941.0,980.0,993.0,997.0,
22.0,35.0,80.0,91.0,114.0,173.0,191.0,221.0,225.0,290.0,306.0,316.0,317.0,400.0,404.0,460.0,471.0,502.0,574.0,654.0,665.0,678.0,707.0,745.0,747.0,820.0,855.0,864.0,937.0,945.0,963.0,971.0,
35.0,75.0,77.0,87.0,100.0,121.0,156.0,172.0,196.0,214.0,224.0,234.0,236.0,347.0,446.0,483.0,486.0,517.0,539.0,555.0,610.0,655.0,709.0,725.0,826.0,837.0,911.0,930.0,941.0,944.0,976.0,
33.0,60.0,72.0,77.0,97.0,99.0,101.0,101.0,103.0,104.0,143.0,164.0,186.0,241.0,249.0,276.0,283.0,286.0,316.0,384.0,401.0,449.0,453.0,463.0,502.0,524.0,537.0,575.0,716.0,728.0,735.0,774.0,810.0,927.0,941.0,971.0,
16.0,46.0,170.0,175.0,314.0,376.0,415.0,426.0,447.0,450.0,461.0,495.0,498.0,516.0,581.0,602.0,633.0,678.0,692.0,708.0,713.0,722.0,722.0,729.0,759.0,768.0,800.0,823.0,844.0,845.0,857.0,859.0,861.0,870.0,1000.0,
46.0,48.0,75.0,98.0,137.0,171.0,189.0,208.0,215.0,223.0,225.0,328.0,350.0,356.0,436.0,440.0,492.0,495.0,502.0,532.0,568.0,584.0,594.0,607.0,634.0,706.0,724.0,752.0,866.0,892.0,897.0,999.0,
3.0,8.0,20.0,59.0,91.0,144.0,183.0,191.0,203.0,211.0,212.0,215.0,270.0,276.0,481.0,496.0,513.0,530.0,554.0,568.0,589.0,608.0,643.0,662.0,671.0,711.0,797.0,802.0,810.0,823.0,997.0,
14.0,24.0,45.0,53.0,88.0,107.0,152.0,177.0,219.0,225.0,242.0,252.0,291.0,333.0,422.0,485.0,487.0,508.0,532.0,552.0,608.0,635.0,637.0,647.0,670.0,692.0,714.0,721.0,741.0,758.0,778.0,798.0,814.0,854.0,884.0,903.0,942.0,944.0,950.0,968.0,
22.0,28.0,44.0,49.0,99.0,156.0,204.0,238.0,304.0,320.0,332.0,343.0,350.0,434.0,441.0,461.0,551.0,610.0,613.0,618.0,630.0,644.0,653.0,657.0,663.0,694.0,727.0,734.0,752.0,770.0,784.0,805.0,811.0,859.0,860.0,881.0,904.0,936.0,986.0,
16.0,30.0,44.0,51.0,82.0,134.0,149.0,165.0,217.0,220.0,284.0,299.0,307.0,308.0,315.0,322.0,344.0,346.0,353.0,360.0,370.0,434.0,438.0,487.0,499.0,565.0,642.0,647.0,721.0,740.0,777.0,817.0,819.0,824.0,852.0,886.0,919.0,941.0,960.0,971.0,973.0,
71.0,78.0,115.0,150.0,228.0,231.0,244.0,261.0,312.0,340.0,341.0,357.0,372.0,379.0,465.0,466.0,473.0,480.0,480.0,505.0,531.0,537.0,538.0,566.0,591.0,686.0,687.0,715.0,720.0,751.0,768.0,788.0,792.0,816.0,853.0,868.0,872.0,894.0,910.0,917.0,980.0,
50.0,81.0,96.0,100.0,123.0,141.0,168.0,220.0,221.0,223.0,243.0,249.0,264.0,273.0,277.0,351.0,353.0,430.0,481.0,483.0,496.0,501.0,516.0,523.0,576.0,590.0,598.0,620.0,622.0,638.0,683.0,749.0,818.0,849.0,850.0,851.0,860.0,959.0,972.0,973.0,985.0,
27.0,60.0,75.0,174.0,211.0,243.0,252.0,257.0,335.0,375.0,378.0,391.0,425.0,436.0,461.0,466.0,497.0,499.0,509.0,511.0,532.0,548.0,601.0,606.0,752.0,753.0,777.0,803.0,811.0,876.0,894.0,908.0,921.0,991.0,998.0,999.0,
6.0,76.0,79.0,92.0,103.0,103.0,113.0,143.0,254.0,296.0,344.0,368.0,402.0,404.0,423.0,431.0,444.0,470.0,496.0,510.0,512.0,545.0,575.0,597.0,637.0,640.0,668.0,676.0,688.0,694.0,723.0,785.0,914.0,971.0,
39.0,54.0,63.0,67.0,74.0,76.0,126.0,128.0,166.0,170.0,178.0,183.0,240.0,267.0,277.0,289.0,305.0,306.0,313.0,441.0,472.0,473.0,499.0,542.0,556.0,569.0,596.0,671.0,698.0,725.0,815.0,916.0,945.0,978.0,
117.0,119.0,149.0,250.0,274.0,307.0,342.0,390.0,395.0,441.0,456.0,461.0,480.0,493.0,517.0,534.0,538.0,542.0,574.0,603.0,615.0,658.0,705.0,714.0,720.0,753.0,785.0,812.0,859.0,
4.0,12.0,19.0,29.0,39.0,41.0,47.0,67.0,117.0,117.0,123.0,162.0,176.0,220.0,237.0,259.0,276.0,374.0,399.0,432.0,538.0,628.0,630.0,648.0,677.0,706.0,706.0,726.0,773.0,787.0,815.0,832.0,893.0,925.0,985.0,1000.0,
