21.0,47.0,53.0,86.0,98.0,101.0,164.0,213.0,223.0,224.0,300.0,304.0,307.0,311.0,326.0,365.0,397.0,436.0,450.0,456.0,497.0,558.0,566.0,572.0,580.0,664.0,673.0,692.0,748.0,760.0,772.0,772.0,862.0,912.0,920.0,933.0,957.0,958.0,973.0,
2.0,8.0,55.0,71.0,104.0,112.0,119.0,121.0,124.0,153.0,162.0,170.0,174.0,193.0,244.0,244.0,278.0,335.0,375.0,377.0,382.0,383.0,409.0,421.0,435.0,438.0,449.0,478.0,525.0,529.0,532.0,537.0,543.0,566.0,610.0,657.0,662.0,662.0,669.0,676.0,722.0,829.0,832.0,853.0,860.0,904.0,911.0,977.0,1000.0,
47.0,74.0,77.0,118.0,124.0,167.0,200.0,206.0,250.0,269.0,292.0,312.0,320.0,336.0,346.0,381.0,413.0,420.0,441.0,467.0,547.0,602.0,613.0,621.0,673.0,678.0,686.0,688.0,730.0,741.0,741.0,768.0,854.0,881.0,894.0,940.0,963.0,964.0,983.0,
13.0,21.0,33.0,73.0,85.0,86.0,113.0,122.0,134.0,164.0,169.0,177.0,235.0,246.0,251.0,327.0,394.0,419.0,423.0,427.0,438.0,455.0,511.0,577.0,586.0,596.0,597.0,645.0,662.0,688.0,690.0,735.0,819.0,842.0,853.0,860.0,869.0,882.0,959.0,964.0,971.0,982.0,996.0,
66.0,132.0,140.0,149.0,164.0,183.0,186.0,193.0,194.0,297.0,344.0,376.0,415.0,442.0,448.0,455.0,456.0,475.0,494.0,530.0,623.0,623.0,646.0,651.0,692.0,702.0,704.0,707.0,720.0,772.0,794.0,826.0,831.0,844.0,860.0,987.0,
22.0,23.0,27.0,29.0,45.0,98.0,107.0,109.0,150.0,163.0,174.0,191.0,237.0,238.0,261.0,354.0,407.0,424.0,441.0,448.0,475.0,514.0,550.0,601.0,645.0,687.0,693.0,705.0,716.0,746.0,751.0,752.0,759.0,767.0,772.0,784.0,814.0,838.0,868.0,922.0,925.0,982.0,
64.0,92.0,99.0,104.0,138.0,225.0,239.0,242.0,308.0,441.0,459.0,467.0,526.0,542.0,577.0,586.0,592.0,598.0,619.0,632.0,693.0,720.0,746.0,793.0,796.0,797.0,800.0,821.0,835.0,858.0,877.0,958.0,986.0,996.0,
10.0,18.0,26.0,38.0,98.0,107.0,109.0,110.0,133.0,158.0,203.0,253.0,278.0,296.0,303.0,326.0,349.0,401.0,451.0,471.0,484.0,496.0,544.0,564.0,576.0,577.0,594.0,620.0,631.0,632.0,657.0,697.0,700.0,711.0,713.0,745.0,748.0,770.0,777.0,802.0,811.0,833.0,839.0,848.0,849.0,895.0,936.0,941.0,988.0,
35.0,48.0,68.0,72.0,74.0,116.0,165.0,189.0,244.0,265.0,303.0,316.0,330.0,366.0,421.0,428.0,429.0,452.0,488.0,543.0,561.0,576.0,703.0,708.0,719.0,738.0,761.0,771.0,857.0,941.0,959.0,974.0,984.0,987.0,
160.0,168.0,187.0,208.0,233.0,253.0,289.0,303.0,342.0,346.0,373.0,488.0,507.0,507.0,588.0,616.0,652.0,671.0,733.0,791.0,797.0,799.0,842.0,857.0,873.0,893.0,913.0,952.0,952.0,955.0,965.0,
14.0,19.0,38.0,41.0,71.0,75.0,79.0,80.0,85.0,93.0,99.0,102.0,109.0,128.0,177.0,282.0,318.0,330.0,349.0,368.0,376.0,391.0,424.0,431.0,437.0,461.0,475.0,479.0,489.0,549.0,552.0,580.0,626.0,630.0,750.0,799.0,853.0,857.0,921.0,937.0,963.0,991.0,995.0,997.0,
24.0,27.0,45.0,102.0,160.0,173.0,199.0,203.0,212.0,236.0,303.0,312.0,357.0,366.0,388.0,449.0,472.0,478.0,545.0,599.0,660.0,672.0,699.0,704.0,731.0,796.0,853.0,853.0,853.0,889.0,919.0,941.0,952.0,995.0,
16.0,23.0,90.0,104.0,117.0,169.0,187.0,189.0,204.0,266.0,285.0,319.0,357.0,409.0,411.0,417.0,434.0,439.0,442.0,448.0,484.0,524.0,600.0,622.0,662.0,727.0,729.0,731.0,744.0,764.0,772.0,808.0,819.0,830.0,978.0,
4.0,16.0,24.0,32.0,56.0,56.0,57.0,76.0,94.0,127.0,131.0,133.0,160.0,202.0,204.0,234.0,271.0,365.0,451.0,451.0,469.0,478.0,573.0,573.0,590.0,615.0,626.0,632.0,638.0,684.0,685.0,707.0,714.0,729.0,767.0,775.0,783.0,821.0,823.0,827.0,835.0,914.0,914.0,923.0,939.0,960.0,
2.0,15.0,23.0,67.0,75.0,125.0,130.0,152.0,174.0,194.0,236.0,242.0,281.0,301.0,303.0,335.0,350.0,355.0,400.0,403.0,431.0,463.0,502.0,511.0,514.0,621.0,691.0,708.0,709.0,715.0,717.0,730.0,747.0,775.0,852.0,940.0,955.0,976.0,
46.0,64.0,72.0,80.0,96.0,107.0,142.0,179.0,184.0,185.0,192.0,225.0,239.0,286.0,294.0,300.0,319.0,351.0,380.0,472.0,484.0,498.0,500.0,511.0,586.0,635.0,635.0,657.0,677.0,738.0,759.0,765.0,766.0,833.0,837.0,837.0,841.0,846.0,847.0,857.0,866.0,889.0,932.0,940.0,941.0,952.0,967.0,971.0,981.0,
59.0,94.0,104.0,142.0,185.0,204.0,223.0,232.0,245.0,277.0,300.0,346.0,367.0,369.0,403.0,440.0,487.0,488.0,494.0,499.0,506.0,518.0,552.0,569.0,588.0,605.0,652.0,662.0,663.0,666.0,737.0,758.0,764.0,770.0,776.0,778.0,815.0,876.0,885.0,911.0,933.0,936.0,941.0,962.0,991.0,
37.0,127.0,157.0,229.0,302.0,324.0,342.0,366.0,379.0,395.0,425.0,470.0,486.0,486.0,504.0,541.0,564.0,566.0,568.0,603.0,615.0,623.0,629.0,643.0,660.0,670.0,673.0,706.0,730.0,737.0,740.0,744.0,750.0,791.0,829.0,882.0,882.0,899.0,905.0,919.0,936.0,965.0,965.0,991.0,
20.0,41.0,78.0,81.0,89.0,98.0,119.0,138.0,179.0,205.0,209.0,251.0,260.0,264.0,369.0,390.0,425.0,486.0,493.0,569.0,612.0,642.0,645.0,675.0,717.0,726.0,741.0,743.0,751.0,755.0,788.0,825.0,847.0,862.0,932.0,953.0,965.0,
9.0,11.0,135.0,232.0,280.0,289.0,327.0,332.0,442.0,464.0,469.0,541.0,555.0,600.0,614.0,617.0,693.0,714.0,723.0,759.0,779.0,792.0,836.0,896.0,933.0,978.0,981.0,998.0,
79.0,82.0,105.0,162.0,179.0,184.0,204.0,209.0,220.0,260.0,272.0,298.0,302.0,309.0,330.0,433.0,445.0,468.0,471.0,497.0,498.0,502.0,615.0,646.0,652.0,703.0,704.0,707.0,731.0,763.0,771.0,791.0,809.0,809.0,816.0,824.0,827.0,833.0,951.0,985.0,994.0,996.0,
48.0,102.0,111.0,173.0,176.0,326.0,388.0,471.0,477.0,536.0,536.0,556.0,564.0,575.0,581.0,585.0,632.0,655.0,672.0,691.0,719.0,736.0,753.0,757.0,798.0,809.0,839.0,847.0,963.0,967.0,998.0,998.0,
26.0,43.0,50.0,73.0,83.0,120.0,187.0,213.0,214.0,251.0,259.0,301.0,366.0,395.0,450.0,458.0,477.0,479.0,480.0,487.0,492.0,495.0,549.0,589.0,595.0,622.0,639.0,641.0,725.0,790.0,799.0,804.0,825.0,838.0,850.0,851.0,862.0,899.0,918.0,932.0,1000.0,
30.0,31.0,99.0,104.0,182.0,194.0,196.0,285.0,355.0,358.0,368.0,389.0,404.0,432.0,641.0,703.0,754.0,774.0,790.0,821.0,854.0,922.0,960.0,976.0,986.0,
10.0,12.0,34.0,65.0,108.0,147.0,165.0,201.0,244.0,256.0,297.0,318.0,321.0,363.0,381.0,385.0,423.0,465.0,470.0,492.0,
18.0,21.0,116.0,145.0,166.0,223.0,303.0,340.0,412.0,
9.0,10.0,31.0,49.0,56.0,306.0,325.0,355.0,489.0,493.0,494.0,
35.0,36.0,59.0,64.0,174.0,178.0,230.0,240.0,269.0,301.0,356.0,417.0,421.0,422.0,450.0,458.0,485.0,699.0,703.0,710.0,770.0,787.0,834.0,904.0,905.0,911.0,941.0,965.0,988.0,
11.0,56.0,70.0,78.0,100.0,103.0,132.0,163.0,181.0,195.0,203.0,281.0,286.0,335.0,352.0,361.0,428.0,443.0,481.0,512.0,604.0,635.0,653.0,682.0,684.0,688.0,696.0,742.0,762.0,822.0,831.0,841.0,856.0,940.0,943.0,968.0,999.0,
10.0,32.0,37.0,70.0,110.0,112.0,163.0,166.0,166.0,176.0,181.0,243.0,263.0,299.0,346.0,351.0,371.0,393.0,475.0,539.0,574.0,585.0,627.0,636.0,648.0,691.0,773.0,782.0,783.0,820.0,833.0,842.0,872.0,873.0,886.0,916.0,953.0,977.0,
3.0,4.0,23.0,30.0,131.0,134.0,194.0,340.0,373.0,390.0,407.0,428.0,429.0,447.0,451.0,475.0,507.0,515.0,574.0,588.0,597.0,649.0,651.0,656.0,678.0,757.0,763.0,851.0,855.0,865.0,883.0,911.0,912.0,918.0,984.0,
43.0,48.0,129.0,134.0,146.0,162.0,186.0,243.0,269.0,311.0,346.0,350.0,469.0,512.0,515.0,538.0,551.0,591.0,607.0,633.0,647.0,664.0,707.0,708.0,720.0,721.0,758.0,760.0,763.0,775.0,782.0,782.0,786.0,789.0,804.0,850.0,858.0,900.0,973.0,
15.0,16.0,38.0,82.0,98.0,127.0,135.0,151.0,218.0,219.0,232.0,271.0,276.0,347.0,369.0,390.0,397.0,411.0,413.0,466.0,484.0,512.0,723.0,760.0,788.0,819.0,945.0,945.0,949.0,998.0,
21.0,40.0,190.0,264.0,319.0,385.0,425.0,448.0,505.0,506.0,
87.0,94.0,104.0,117.0,123.0,202.0,202.0,219.0,225.0,231.0,253.0,302.0,336.0,354.0,377.0,386.0,418.0,471.0,828.0,924.0,
6.0,15.0,45.0,108.0,140.0,158.0,180.0,181.0,256.0,291.0,411.0,415.0,433.0,473.0,485.0,486.0,488.0,494.0,930.0,
8.0,20.0,53.0,145.0,148.0,148.0,223.0,231.0,242.0,268.0,292.0,377.0,379.0,406.0,427.0,472.0,765.0,843.0,956.0,
33.0,58.0,59.0,115.0,116.0,168.0,260.0,280.0,309.0,318.0,329.0,335.0,338.0,362.0,367.0,421.0,430.0,439.0,506.0,
22.0,39.0,106.0,255.0,256.0,267.0,280.0,290.0,293.0,294.0,322.0,353.0,370.0,407.0,409.0,414.0,418.0,422.0,440.0,455.0,461.0,476.0,502.0,712.0,775.0,783.0,793.0,810.0,810.0,948.0,
3.0,45.0,68.0,108.0,127.0,189.0,211.0,272.0,275.0,300.0,301.0,319.0,350.0,357.0,486.0,531.0,532.0,572.0,626.0,633.0,674.0,736.0,772.0,804.0,807.0,818.0,824.0,860.0,864.0,917.0,945.0,963.0,981.0,
16.0,24.0,44.0,60.0,66.0,67.0,75.0,87.0,99.0,101.0,117.0,129.0,134.0,145.0,163.0,195.0,203.0,213.0,256.0,262.0,283.0,290.0,302.0,317.0,318.0,350.0,378.0,393.0,393.0,427.0,428.0,431.0,476.0,480.0,483.0,507.0,588.0,612.0,637.0,645.0,655.0,666.0,745.0,746.0,755.0,800.0,803.0,822.0,847.0,893.0,912.0,956.0,996.0,1000.0,
62.0,125.0,138.0,186.0,206.0,290.0,365.0,385.0,418.0,443.0,445.0,459.0,485.0,495.0,496.0,534.0,581.0,607.0,624.0,656.0,657.0,666.0,669.0,695.0,722.0,725.0,752.0,771.0,781.0,815.0,869.0,920.0,941.0,948.0,969.0,
80.0,117.0,152.0,159.0,171.0,245.0,254.0,288.0,298.0,330.0,348.0,372.0,453.0,473.0,
50.0,54.0,72.0,104.0,105.0,106.0,109.0,138.0,146.0,163.0,281.0,290.0,304.0,313.0,330.0,363.0,405.0,415.0,505.0,936.0,969.0,
37.0,47.0,85.0,87.0,121.0,130.0,133.0,153.0,160.0,179.0,179.0,191.0,217.0,224.0,273.0,328.0,341.0,347.0,376.0,426.0,452.0,469.0,507.0,811.0,888.0,947.0,
41.0,47.0,60.0,64.0,94.0,105.0,169.0,173.0,178.0,179.0,194.0,238.0,239.0,245.0,248.0,360.0,371.0,379.0,381.0,393.0,403.0,410.0,441.0,454.0,462.0,485.0,788.0,978.0,994.0,
17.0,96.0,120.0,152.0,181.0,206.0,273.0,276.0,282.0,283.0,291.0,310.0,336.0,337.0,352.0,356.0,379.0,409.0,448.0,477.0,503.0,509.0,760.0,777.0,778.0,797.0,916.0,983.0,
3.0,29.0,62.0,192.0,218.0,228.0,240.0,242.0,272.0,277.0,331.0,411.0,447.0,453.0,468.0,478.0,922.0,994.0,
8.0,31.0,84.0,120.0,147.0,151.0,155.0,305.0,308.0,338.0,339.0,353.0,392.0,403.0,450.0,500.0,
4.0,11.0,14.0,42.0,117.0,128.0,201.0,217.0,265.0,266.0,273.0,298.0,318.0,355.0,368.0,373.0,383.0,404.0,418.0,422.0,440.0,478.0,483.0,510.0,591.0,626.0,699.0,713.0,780.0,806.0,806.0,820.0,823.0,853.0,874.0,882.0,924.0,966.0,983.0,983.0,
18.0,38.0,84.0,102.0,137.0,138.0,139.0,188.0,209.0,214.0,250.0,254.0,289.0,298.0,309.0,313.0,334.0,363.0,378.0,392.0,425.0,429.0,443.0,448.0,493.0,521.0,617.0,620.0,624.0,633.0,651.0,669.0,688.0,744.0,783.0,816.0,854.0,900.0,931.0,938.0,965.0,
12.0,26.0,49.0,56.0,98.0,101.0,123.0,124.0,130.0,131.0,173.0,196.0,224.0,224.0,242.0,262.0,293.0,295.0,329.0,347.0,360.0,416.0,467.0,549.0,570.0,580.0,602.0,607.0,631.0,633.0,659.0,660.0,731.0,748.0,764.0,918.0,933.0,938.0,958.0,
20.0,26.0,78.0,101.0,137.0,162.0,177.0,198.0,213.0,220.0,229.0,244.0,251.0,272.0,337.0,347.0,372.0,392.0,449.0,459.0,482.0,
45.0,70.0,76.0,88.0,91.0,99.0,132.0,146.0,160.0,160.0,194.0,218.0,243.0,271.0,280.0,287.0,328.0,421.0,431.0,446.0,465.0,478.0,487.0,495.0,844.0,875.0,978.0,
7.0,45.0,89.0,127.0,164.0,185.0,230.0,231.0,232.0,281.0,318.0,367.0,376.0,412.0,473.0,479.0,483.0,809.0,830.0,890.0,974.0,
15.0,57.0,69.0,74.0,92.0,164.0,169.0,192.0,197.0,205.0,255.0,262.0,269.0,296.0,297.0,340.0,351.0,381.0,385.0,502.0,
55.0,74.0,174.0,174.0,178.0,223.0,250.0,257.0,282.0,319.0,348.0,348.0,386.0,405.0,407.0,433.0,465.0,472.0,478.0,494.0,502.0,508.0,857.0,859.0,910.0,933.0,939.0,957.0,
6.0,52.0,54.0,57.0,68.0,83.0,145.0,151.0,185.0,185.0,198.0,204.0,242.0,261.0,266.0,275.0,367.0,463.0,469.0,485.0,487.0,498.0,511.0,775.0,808.0,
5.0,47.0,72.0,135.0,152.0,205.0,211.0,239.0,239.0,255.0,280.0,344.0,365.0,400.0,416.0,460.0,466.0,493.0,
22.0,35.0,42.0,50.0,70.0,71.0,100.0,206.0,214.0,217.0,241.0,246.0,274.0,294.0,310.0,332.0,430.0,432.0,494.0,496.0,509.0,556.0,559.0,639.0,642.0,657.0,674.0,677.0,678.0,680.0,695.0,712.0,733.0,752.0,759.0,771.0,784.0,809.0,814.0,873.0,873.0,880.0,893.0,920.0,962.0,965.0,980.0,
16.0,61.0,70.0,149.0,162.0,179.0,191.0,194.0,267.0,273.0,274.0,325.0,344.0,377.0,387.0,419.0,469.0,481.0,481.0,483.0,597.0,618.0,619.0,635.0,645.0,727.0,738.0,750.0,779.0,808.0,812.0,816.0,824.0,851.0,858.0,899.0,922.0,952.0,971.0,
65.0,86.0,114.0,119.0,152.0,211.0,221.0,232.0,266.0,326.0,329.0,330.0,331.0,361.0,380.0,420.0,453.0,482.0,502.0,505.0,566.0,579.0,623.0,646.0,649.0,662.0,664.0,674.0,685.0,697.0,734.0,750.0,784.0,793.0,821.0,829.0,845.0,847.0,847.0,869.0,899.0,905.0,941.0,977.0,
34.0,43.0,100.0,100.0,164.0,170.0,192.0,197.0,270.0,295.0,309.0,343.0,346.0,392.0,396.0,413.0,418.0,487.0,
10.0,29.0,34.0,91.0,105.0,108.0,117.0,171.0,183.0,246.0,277.0,281.0,399.0,400.0,406.0,417.0,448.0,449.0,475.0,477.0,
192.0,213.0,283.0,334.0,367.0,368.0,411.0,422.0,438.0,472.0,490.0,506.0,740.0,927.0,
5.0,26.0,39.0,45.0,98.0,122.0,152.0,189.0,207.0,210.0,258.0,328.0,337.0,351.0,355.0,370.0,435.0,446.0,456.0,468.0,845.0,863.0,877.0,993.0,
36.0,74.0,83.0,105.0,126.0,197.0,231.0,250.0,273.0,291.0,299.0,323.0,344.0,381.0,389.0,423.0,738.0,849.0,850.0,852.0,895.0,930.0,956.0,956.0,993.0,
49.0,54.0,90.0,132.0,141.0,144.0,147.0,159.0,173.0,187.0,192.0,193.0,216.0,246.0,269.0,271.0,273.0,276.0,301.0,357.0,382.0,389.0,481.0,484.0,
32.0,156.0,158.0,199.0,213.0,233.0,260.0,323.0,359.0,364.0,376.0,383.0,433.0,473.0,
10.0,48.0,100.0,136.0,168.0,181.0,220.0,228.0,243.0,332.0,388.0,390.0,406.0,411.0,436.0,437.0,539.0,556.0,576.0,625.0,660.0,681.0,717.0,741.0,811.0,823.0,847.0,851.0,866.0,882.0,891.0,893.0,893.0,915.0,924.0,950.0,967.0,974.0,988.0,
58.0,64.0,160.0,166.0,167.0,185.0,231.0,246.0,270.0,273.0,281.0,304.0,315.0,330.0,343.0,348.0,349.0,383.0,510.0,510.0,618.0,662.0,674.0,694.0,716.0,836.0,862.0,894.0,933.0,943.0,953.0,956.0,974.0,
39.0,54.0,69.0,107.0,164.0,189.0,192.0,199.0,204.0,219.0,248.0,257.0,270.0,298.0,298.0,418.0,426.0,427.0,428.0,444.0,495.0,518.0,529.0,541.0,563.0,580.0,619.0,623.0,730.0,740.0,750.0,764.0,785.0,786.0,800.0,821.0,828.0,852.0,859.0,877.0,894.0,930.0,936.0,942.0,994.0,
37.0,38.0,57.0,65.0,74.0,100.0,129.0,173.0,220.0,243.0,283.0,301.0,317.0,337.0,358.0,396.0,413.0,435.0,701.0,762.0,762.0,781.0,821.0,826.0,840.0,840.0,920.0,929.0,939.0,979.0,994.0,
21.0,32.0,40.0,42.0,61.0,109.0,120.0,129.0,165.0,180.0,185.0,220.0,349.0,371.0,379.0,412.0,487.0,
9.0,16.0,43.0,62.0,113.0,186.0,217.0,218.0,221.0,240.0,258.0,268.0,275.0,303.0,362.0,381.0,464.0,894.0,
109.0,148.0,226.0,229.0,252.0,262.0,305.0,394.0,399.0,478.0,495.0,502.0,828.0,886.0,958.0,
12.0,26.0,84.0,123.0,128.0,179.0,190.0,204.0,208.0,212.0,239.0,259.0,324.0,328.0,329.0,382.0,390.0,435.0,436.0,448.0,872.0,967.0,
4.0,17.0,78.0,84.0,99.0,113.0,121.0,130.0,156.0,176.0,217.0,228.0,243.0,333.0,349.0,358.0,389.0,451.0,492.0,
30.0,123.0,132.0,198.0,204.0,231.0,254.0,263.0,305.0,306.0,338.0,382.0,412.0,461.0,478.0,486.0,492.0,495.0,817.0,818.0,850.0,924.0,933.0,
36.0,37.0,40.0,54.0,57.0,74.0,105.0,156.0,173.0,174.0,176.0,180.0,209.0,213.0,255.0,323.0,356.0,398.0,452.0,531.0,532.0,564.0,569.0,595.0,611.0,622.0,683.0,718.0,720.0,726.0,733.0,821.0,839.0,854.0,871.0,873.0,877.0,901.0,909.0,946.0,
38.0,42.0,47.0,143.0,153.0,176.0,234.0,258.0,266.0,281.0,287.0,317.0,320.0,357.0,393.0,410.0,424.0,500.0,519.0,547.0,548.0,549.0,583.0,589.0,614.0,617.0,620.0,620.0,645.0,658.0,674.0,715.0,746.0,747.0,781.0,800.0,855.0,863.0,887.0,
14.0,55.0,77.0,80.0,101.0,146.0,149.0,169.0,207.0,228.0,262.0,316.0,340.0,368.0,371.0,392.0,392.0,520.0,526.0,532.0,563.0,574.0,607.0,628.0,656.0,769.0,808.0,816.0,881.0,924.0,946.0,967.0,998.0,
8.0,35.0,48.0,64.0,141.0,163.0,317.0,333.0,336.0,340.0,341.0,355.0,362.0,380.0,410.0,412.0,451.0,462.0,478.0,484.0,492.0,549.0,564.0,572.0,613.0,624.0,656.0,672.0,694.0,700.0,703.0,716.0,782.0,788.0,818.0,846.0,851.0,874.0,880.0,943.0,946.0,958.0,997.0,
215.0,219.0,252.0,287.0,288.0,322.0,326.0,327.0,337.0,398.0,420.0,439.0,464.0,704.0,812.0,838.0,840.0,953.0,
51.0,59.0,60.0,71.0,118.0,193.0,205.0,225.0,275.0,285.0,301.0,301.0,318.0,387.0,407.0,418.0,437.0,478.0,484.0,
71.0,113.0,125.0,130.0,187.0,245.0,285.0,288.0,380.0,436.0,505.0,
18.0,29.0,49.0,52.0,96.0,111.0,120.0,127.0,146.0,159.0,177.0,184.0,213.0,314.0,323.0,339.0,367.0,374.0,391.0,410.0,465.0,494.0,504.0,
13.0,26.0,43.0,52.0,73.0,145.0,161.0,163.0,214.0,321.0,386.0,409.0,460.0,462.0,486.0,735.0,745.0,851.0,903.0,989.0,
3.0,21.0,26.0,26.0,86.0,94.0,153.0,156.0,173.0,175.0,232.0,241.0,278.0,298.0,334.0,348.0,423.0,433.0,478.0,495.0,515.0,538.0,545.0,566.0,579.0,606.0,626.0,640.0,645.0,648.0,661.0,688.0,776.0,779.0,814.0,847.0,878.0,946.0,947.0,950.0,969.0,982.0,
45.0,83.0,148.0,184.0,185.0,209.0,248.0,268.0,291.0,310.0,316.0,324.0,329.0,380.0,414.0,416.0,421.0,466.0,480.0,516.0,537.0,538.0,590.0,598.0,619.0,621.0,626.0,630.0,700.0,739.0,751.0,756.0,764.0,828.0,859.0,869.0,876.0,888.0,906.0,928.0,962.0,
7.0,51.0,63.0,72.0,96.0,125.0,226.0,262.0,281.0,348.0,348.0,439.0,451.0,592.0,640.0,669.0,723.0,726.0,730.0,746.0,784.0,789.0,818.0,827.0,848.0,876.0,893.0,924.0,938.0,991.0,
11.0,57.0,64.0,84.0,180.0,197.0,202.0,211.0,225.0,243.0,253.0,270.0,275.0,290.0,334.0,353.0,394.0,409.0,426.0,458.0,470.0,504.0,693.0,713.0,716.0,746.0,759.0,772.0,838.0,850.0,881.0,976.0,985.0,
68.0,120.0,136.0,182.0,205.0,226.0,226.0,268.0,280.0,290.0,304.0,305.0,324.0,332.0,348.0,381.0,407.0,447.0,530.0,546.0,574.0,579.0,579.0,596.0,620.0,621.0,624.0,661.0,704.0,737.0,746.0,769.0,781.0,783.0,807.0,861.0,871.0,901.0,913.0,973.0,
8.0,23.0,44.0,62.0,85.0,192.0,247.0,259.0,288.0,313.0,324.0,348.0,351.0,366.0,401.0,411.0,511.0,518.0,530.0,559.0,564.0,584.0,587.0,610.0,613.0,649.0,662.0,662.0,671.0,734.0,758.0,780.0,786.0,816.0,843.0,875.0,889.0,940.0,955.0,957.0,971.0,
26.0,83.0,85.0,116.0,137.0,166.0,167.0,173.0,227.0,238.0,254.0,308.0,324.0,325.0,342.0,348.0,355.0,365.0,471.0,492.0,501.0,578.0,586.0,628.0,689.0,695.0,704.0,740.0,754.0,794.0,800.0,881.0,973.0,985.0,1000.0,
2.0,71.0,161.0,196.0,198.0,199.0,232.0,233.0,240.0,253.0,272.0,272.0,284.0,364.0,411.0,419.0,492.0,655.0,661.0,661.0,672.0,676.0,689.0,693.0,733.0,754.0,757.0,778.0,812.0,849.0,871.0,890.0,916.0,941.0,952.0,974.0,984.0,
7.0,24.0,51.0,53.0,56.0,57.0,76.0,82.0,186.0,221.0,258.0,295.0,309.0,325.0,358.0,365.0,380.0,414.0,475.0,527.0,541.0,558.0,579.0,586.0,605.0,626.0,669.0,671.0,683.0,693.0,715.0,723.0,733.0,758.0,760.0,792.0,824.0,852.0,856.0,897.0,937.0,945.0,981.0,982.0,
55.0,94.0,111.0,247.0,266.0,276.0,296.0,315.0,325.0,331.0,348.0,352.0,355.0,495.0,535.0,543.0,601.0,606.0,623.0,630.0,779.0,784.0,786.0,903.0,939.0,975.0,996.0,
23.0,31.0,65.0,84.0,112.0,115.0,126.0,171.0,211.0,215.0,217.0,227.0,233.0,295.0,350.0,365.0,432.0,533.0,575.0,581.0,626.0,638.0,692.0,694.0,703.0,735.0,759.0,791.0,800.0,837.0,851.0,854.0,924.0,932.0,952.0,960.0,
23.0,56.0,106.0,128.0,135.0,154.0,173.0,185.0,237.0,294.0,302.0,325.0,348.0,355.0,387.0,389.0,414.0,420.0,425.0,432.0,443.0,457.0,545.0,545.0,550.0,554.0,556.0,576.0,579.0,609.0,618.0,624.0,634.0,649.0,660.0,766.0,799.0,813.0,884.0,902.0,961.0,
