10.0,81.0,104.0,150.0,183.0,196.0,222.0,295.0,338.0,364.0,398.0,422.0,442.0,481.0,502.0,519.0,588.0,594.0,626.0,635.0,686.0,696.0,700.0,711.0,804.0,807.0,808.0,812.0,825.0,853.0,861.0,891.0,940.0,964.0,982.0,
36.0,55.0,82.0,87.0,154.0,209.0,240.0,300.0,320.0,339.0,343.0,361.0,394.0,457.0,514.0,606.0,626.0,631.0,657.0,708.0,737.0,755.0,779.0,850.0,883.0,896.0,916.0,924.0,941.0,987.0,999.0,
31.0,115.0,133.0,148.0,168.0,172.0,202.0,212.0,257.0,331.0,384.0,417.0,419.0,426.0,470.0,483.0,508.0,515.0,574.0,625.0,628.0,744.0,849.0,911.0,917.0,917.0,932.0,955.0,979.0,995.0,
25.0,41.0,84.0,182.0,186.0,192.0,225.0,240.0,268.0,297.0,327.0,329.0,352.0,369.0,375.0,377.0,419.0,431.0,440.0,465.0,482.0,502.0,507.0,515.0,545.0,557.0,571.0,617.0,625.0,638.0,678.0,714.0,716.0,771.0,786.0,787.0,837.0,843.0,935.0,967.0,973.0,
5.0,11.0,31.0,93.0,94.0,97.0,112.0,113.0,144.0,144.0,196.0,214.0,219.0,231.0,267.0,311.0,345.0,396.0,414.0,445.0,478.0,501.0,519.0,532.0,575.0,613.0,630.0,664.0,685.0,715.0,768.0,795.0,822.0,
23.0,34.0,35.0,49.0,50.0,100.0,112.0,185.0,222.0,229.0,270.0,287.0,289.0,300.0,304.0,308.0,311.0,324.0,343.0,397.0,410.0,424.0,449.0,459.0,461.0,477.0,521.0,530.0,558.0,569.0,573.0,591.0,646.0,738.0,742.0,804.0,806.0,813.0,890.0,907.0,967.0,978.0,
49.0,74.0,87.0,106.0,153.0,167.0,197.0,211.0,252.0,320.0,364.0,478.0,504.0,554.0,593.0,605.0,641.0,735.0,751.0,772.0,839.0,842.0,906.0,921.0,974.0,
9.0,56.0,104.0,124.0,135.0,161.0,180.0,213.0,215.0,233.0,257.0,260.0,283.0,288.0,311.0,315.0,376.0,410.0,434.0,470.0,471.0,499.0,511.0,528.0,539.0,609.0,661.0,682.0,686.0,691.0,695.0,770.0,790.0,793.0,796.0,839.0,857.0,884.0,891.0,902.0,924.0,936.0,968.0,972.0,
74.0,82.0,99.0,106.0,121.0,179.0,245.0,248.0,336.0,364.0,432.0,452.0,485.0,488.0,489.0,553.0,645.0,704.0,774.0,781.0,786.0,845.0,981.0,
16.0,19.0,33.0,74.0,161.0,168.0,235.0,239.0,286.0,320.0,361.0,390.0,434.0,435.0,453.0,497.0,522.0,523.0,536.0,564.0,646.0,656.0,682.0,701.0,758.0,812.0,827.0,890.0,943.0,958.0,976.0,988.0,
21.0,21.0,21.0,35.0,62.0,142.0,167.0,190.0,202.0,243.0,253.0,260.0,262.0,304.0,325.0,327.0,333.0,349.0,458.0,513.0,529.0,561.0,591.0,600.0,603.0,636.0,636.0,712.0,734.0,766.0,772.0,776.0,794.0,819.0,841.0,909.0,921.0,924.0,935.0,969.0,
11.0,103.0,118.0,136.0,163.0,218.0,230.0,272.0,326.0,396.0,397.0,427.0,480.0,571.0,588.0,616.0,629.0,709.0,726.0,726.0,777.0,778.0,843.0,847.0,871.0,926.0,937.0,964.0,974.0,994.0,
55.0,62.0,82.0,99.0,101.0,134.0,184.0,186.0,194.0,340.0,407.0,476.0,485.0,513.0,555.0,558.0,580.0,598.0,628.0,642.0,720.0,724.0,739.0,773.0,895.0,912.0,
36.0,56.0,70.0,173.0,225.0,230.0,254.0,259.0,262.0,273.0,371.0,423.0,436.0,486.0,518.0,576.0,595.0,632.0,634.0,662.0,686.0,704.0,704.0,710.0,727.0,774.0,837.0,839.0,900.0,905.0,926.0,958.0,970.0,
44.0,75.0,88.0,91.0,135.0,147.0,154.0,284.0,292.0,302.0,344.0,375.0,379.0,379.0,494.0,495.0,498.0,522.0,545.0,548.0,566.0,609.0,617.0,619.0,662.0,750.0,759.0,771.0,800.0,853.0,889.0,919.0,933.0,
25.0,36.0,52.0,53.0,62.0,79.0,93.0,98.0,103.0,122.0,126.0,144.0,157.0,181.0,207.0,268.0,313.0,317.0,342.0,346.0,386.0,446.0,454.0,488.0,490.0,495.0,519.0,520.0,520.0,523.0,530.0,532.0,534.0,540.0,550.0,552.0,562.0,562.0,567.0,586.0,602.0,619.0,621.0,630.0,657.0,703.0,709.0,736.0,770.0,788.0,817.0,835.0,885.0,949.0,
27.0,79.0,134.0,138.0,181.0,219.0,230.0,234.0,285.0,331.0,362.0,371.0,403.0,418.0,420.0,447.0,461.0,465.0,490.0,494.0,521.0,526.0,533.0,539.0,546.0,549.0,556.0,561.0,577.0,581.0,584.0,592.0,598.0,681.0,683.0,708.0,765.0,783.0,803.0,844.0,848.0,891.0,921.0,987.0,
44.0,94.0,204.0,263.0,272.0,318.0,440.0,443.0,446.0,465.0,480.0,552.0,605.0,620.0,649.0,695.0,713.0,747.0,761.0,769.0,780.0,792.0,796.0,811.0,818.0,820.0,912.0,937.0,
9.0,86.0,101.0,145.0,206.0,234.0,235.0,252.0,265.0,268.0,337.0,388.0,389.0,436.0,436.0,572.0,572.0,657.0,715.0,793.0,835.0,891.0,921.0,931.0,949.0,
23.0,54.0,59.0,66.0,104.0,125.0,131.0,167.0,180.0,203.0,257.0,274.0,279.0,337.0,387.0,434.0,462.0,501.0,501.0,577.0,585.0,593.0,691.0,731.0,737.0,783.0,797.0,866.0,905.0,996.0,
2.0,12.0,59.0,63.0,65.0,82.0,131.0,168.0,190.0,191.0,245.0,258.0,271.0,296.0,299.0,327.0,329.0,516.0,557.0,572.0,607.0,616.0,630.0,669.0,689.0,713.0,715.0,741.0,767.0,778.0,780.0,784.0,857.0,869.0,901.0,925.0,936.0,941.0,965.0,972.0,974.0,994.0,
4.0,28.0,133.0,220.0,301.0,301.0,302.0,339.0,363.0,364.0,385.0,416.0,435.0,436.0,496.0,515.0,523.0,540.0,628.0,650.0,687.0,697.0,942.0,953.0,958.0,978.0,
7.0,58.0,95.0,163.0,166.0,170.0,224.0,229.0,231.0,237.0,259.0,307.0,326.0,330.0,358.0,393.0,415.0,479.0,511.0,513.0,539.0,545.0,549.0,559.0,570.0,578.0,614.0,624.0,664.0,712.0,740.0,742.0,771.0,789.0,840.0,885.0,962.0,
32.0,46.0,65.0,87.0,91.0,119.0,132.0,178.0,193.0,235.0,245.0,270.0,296.0,300.0,318.0,358.0,388.0,459.0,517.0,518.0,524.0,526.0,530.0,532.0,536.0,542.0,547.0,553.0,557.0,566.0,568.0,571.0,578.0,584.0,601.0,620.0,635.0,635.0,642.0,655.0,678.0,694.0,759.0,760.0,782.0,799.0,818.0,818.0,836.0,840.0,849.0,851.0,858.0,864.0,876.0,885.0,888.0,900.0,911.0,922.0,934.0,939.0,939.0,943.0,946.0,951.0,979.0,988.0,
37.0,78.0,118.0,127.0,136.0,149.0,232.0,252.0,259.0,280.0,292.0,314.0,333.0,388.0,399.0,445.0,461.0,495.0,498.0,500.0,514.0,524.0,526.0,528.0,530.0,532.0,537.0,537.0,541.0,543.0,547.0,552.0,555.0,561.0,562.0,562.0,583.0,606.0,607.0,620.0,622.0,630.0,637.0,644.0,677.0,687.0,694.0,695.0,700.0,700.0,719.0,752.0,782.0,783.0,797.0,804.0,822.0,843.0,895.0,895.0,937.0,950.0,978.0,981.0,985.0,985.0,986.0,
66.0,76.0,86.0,88.0,148.0,163.0,166.0,185.0,227.0,261.0,325.0,331.0,382.0,382.0,412.0,415.0,468.0,532.0,542.0,545.0,557.0,561.0,566.0,573.0,577.0,578.0,581.0,585.0,605.0,610.0,620.0,642.0,651.0,660.0,691.0,707.0,720.0,725.0,731.0,739.0,745.0,774.0,797.0,806.0,831.0,832.0,847.0,857.0,858.0,872.0,872.0,896.0,902.0,905.0,915.0,946.0,953.0,953.0,954.0,970.0,970.0,971.0,979.0,980.0,981.0,988.0,
22.0,33.0,73.0,85.0,121.0,146.0,241.0,254.0,254.0,266.0,266.0,284.0,308.0,311.0,314.0,317.0,335.0,337.0,347.0,370.0,397.0,453.0,475.0,481.0,488.0,492.0,503.0,506.0,523.0,529.0,536.0,537.0,540.0,553.0,554.0,555.0,562.0,564.0,574.0,602.0,614.0,618.0,627.0,636.0,660.0,665.0,677.0,687.0,689.0,693.0,708.0,711.0,734.0,735.0,736.0,757.0,811.0,812.0,845.0,847.0,859.0,871.0,896.0,902.0,917.0,921.0,941.0,944.0,961.0,963.0,974.0,985.0,988.0,998.0,
60.0,149.0,166.0,173.0,185.0,188.0,216.0,220.0,226.0,243.0,262.0,306.0,331.0,406.0,431.0,456.0,491.0,525.0,533.0,535.0,536.0,545.0,552.0,556.0,570.0,595.0,610.0,613.0,627.0,636.0,637.0,642.0,653.0,659.0,665.0,686.0,686.0,693.0,706.0,711.0,712.0,712.0,732.0,752.0,771.0,781.0,794.0,801.0,815.0,848.0,869.0,895.0,902.0,902.0,938.0,949.0,969.0,993.0,
10.0,47.0,49.0,64.0,82.0,82.0,118.0,124.0,132.0,157.0,186.0,198.0,198.0,208.0,219.0,226.0,237.0,238.0,261.0,269.0,313.0,381.0,411.0,418.0,440.0,490.0,502.0,510.0,535.0,547.0,562.0,568.0,571.0,582.0,588.0,593.0,666.0,729.0,788.0,810.0,823.0,848.0,850.0,857.0,857.0,900.0,906.0,912.0,947.0,987.0,
87.0,114.0,140.0,185.0,228.0,233.0,344.0,345.0,380.0,447.0,487.0,499.0,543.0,560.0,585.0,618.0,671.0,672.0,875.0,876.0,887.0,976.0,985.0,990.0,
18.0,22.0,43.0,48.0,105.0,108.0,125.0,166.0,167.0,171.0,173.0,176.0,190.0,201.0,237.0,245.0,310.0,359.0,386.0,402.0,437.0,468.0,472.0,476.0,517.0,546.0,554.0,556.0,644.0,658.0,658.0,691.0,701.0,705.0,707.0,718.0,721.0,754.0,842.0,845.0,852.0,865.0,866.0,905.0,
44.0,47.0,56.0,78.0,85.0,137.0,242.0,243.0,323.0,367.0,387.0,450.0,466.0,500.0,528.0,535.0,545.0,555.0,559.0,582.0,603.0,636.0,675.0,713.0,713.0,731.0,765.0,806.0,959.0,
50.0,80.0,101.0,125.0,134.0,160.0,234.0,244.0,248.0,270.0,378.0,416.0,483.0,517.0,533.0,540.0,540.0,544.0,553.0,556.0,577.0,592.0,595.0,603.0,617.0,617.0,622.0,623.0,675.0,707.0,707.0,708.0,742.0,765.0,768.0,773.0,775.0,799.0,806.0,806.0,814.0,861.0,908.0,915.0,918.0,948.0,975.0,989.0,992.0,997.0,998.0,
37.0,54.0,56.0,62.0,116.0,126.0,188.0,204.0,221.0,304.0,350.0,355.0,394.0,396.0,400.0,420.0,456.0,461.0,466.0,466.0,477.0,499.0,525.0,534.0,543.0,544.0,547.0,549.0,553.0,559.0,560.0,562.0,566.0,571.0,575.0,586.0,590.0,595.0,596.0,596.0,601.0,609.0,618.0,618.0,626.0,637.0,695.0,698.0,711.0,716.0,722.0,723.0,729.0,730.0,736.0,743.0,747.0,757.0,762.0,768.0,777.0,790.0,800.0,801.0,820.0,822.0,823.0,828.0,830.0,846.0,848.0,868.0,883.0,887.0,891.0,909.0,918.0,927.0,955.0,956.0,975.0,979.0,984.0,988.0,
74.0,185.0,189.0,230.0,300.0,303.0,406.0,415.0,429.0,448.0,465.0,489.0,491.0,512.0,521.0,524.0,527.0,534.0,535.0,538.0,538.0,538.0,539.0,545.0,545.0,546.0,551.0,553.0,553.0,555.0,557.0,560.0,562.0,576.0,579.0,580.0,582.0,587.0,589.0,592.0,594.0,608.0,626.0,635.0,638.0,656.0,658.0,691.0,694.0,702.0,713.0,771.0,772.0,800.0,819.0,821.0,829.0,859.0,861.0,883.0,883.0,902.0,905.0,940.0,946.0,959.0,985.0,
21.0,24.0,56.0,122.0,145.0,161.0,162.0,164.0,183.0,207.0,219.0,224.0,224.0,253.0,261.0,299.0,416.0,430.0,430.0,451.0,485.0,490.0,491.0,512.0,514.0,520.0,521.0,528.0,530.0,535.0,536.0,538.0,546.0,547.0,549.0,550.0,555.0,558.0,562.0,582.0,585.0,600.0,600.0,603.0,615.0,620.0,639.0,653.0,662.0,665.0,674.0,693.0,696.0,747.0,766.0,767.0,775.0,807.0,810.0,823.0,831.0,849.0,859.0,888.0,897.0,964.0,978.0,
10.0,19.0,22.0,26.0,60.0,63.0,65.0,115.0,162.0,165.0,183.0,200.0,249.0,262.0,267.0,272.0,310.0,370.0,370.0,389.0,396.0,409.0,428.0,448.0,448.0,483.0,508.0,533.0,542.0,543.0,553.0,554.0,558.0,573.0,594.0,605.0,617.0,630.0,637.0,641.0,645.0,651.0,684.0,704.0,763.0,771.0,786.0,793.0,793.0,795.0,801.0,816.0,844.0,851.0,861.0,869.0,904.0,910.0,930.0,933.0,957.0,966.0,
152.0,152.0,160.0,213.0,225.0,248.0,254.0,267.0,332.0,347.0,353.0,404.0,407.0,412.0,456.0,484.0,488.0,515.0,530.0,531.0,534.0,541.0,544.0,546.0,563.0,566.0,582.0,582.0,589.0,595.0,601.0,608.0,610.0,622.0,631.0,633.0,642.0,644.0,649.0,649.0,650.0,681.0,688.0,691.0,703.0,703.0,705.0,724.0,730.0,774.0,810.0,827.0,834.0,835.0,845.0,849.0,898.0,901.0,912.0,917.0,928.0,928.0,932.0,943.0,952.0,975.0,993.0,997.0,
22.0,31.0,42.0,87.0,100.0,179.0,179.0,198.0,232.0,274.0,316.0,322.0,338.0,351.0,360.0,387.0,398.0,435.0,468.0,476.0,498.0,504.0,505.0,519.0,524.0,539.0,541.0,549.0,553.0,555.0,566.0,572.0,574.0,586.0,596.0,601.0,602.0,628.0,634.0,670.0,670.0,678.0,678.0,681.0,685.0,715.0,775.0,788.0,791.0,800.0,806.0,823.0,823.0,872.0,906.0,913.0,914.0,916.0,945.0,954.0,974.0,991.0,996.0,
33.0,35.0,40.0,51.0,119.0,222.0,233.0,247.0,261.0,282.0,296.0,324.0,345.0,347.0,355.0,387.0,403.0,456.0,457.0,460.0,472.0,475.0,485.0,489.0,542.0,548.0,552.0,570.0,592.0,674.0,721.0,734.0,739.0,769.0,848.0,858.0,927.0,939.0,972.0,992.0,995.0,
18.0,76.0,93.0,134.0,160.0,163.0,173.0,228.0,248.0,264.0,288.0,339.0,339.0,351.0,354.0,389.0,397.0,474.0,484.0,525.0,533.0,545.0,551.0,600.0,616.0,623.0,692.0,797.0,899.0,903.0,911.0,954.0,975.0,990.0,998.0,
16.0,117.0,146.0,179.0,198.0,209.0,251.0,306.0,345.0,450.0,465.0,472.0,477.0,485.0,503.0,524.0,527.0,540.0,540.0,555.0,560.0,563.0,566.0,571.0,609.0,611.0,611.0,630.0,633.0,666.0,672.0,679.0,832.0,868.0,917.0,934.0,
22.0,70.0,141.0,142.0,149.0,154.0,158.0,190.0,191.0,215.0,264.0,296.0,390.0,394.0,397.0,478.0,505.0,518.0,522.0,524.0,529.0,532.0,533.0,535.0,548.0,550.0,552.0,557.0,571.0,574.0,575.0,576.0,580.0,592.0,593.0,600.0,609.0,648.0,655.0,659.0,659.0,692.0,702.0,709.0,720.0,733.0,756.0,756.0,761.0,768.0,774.0,784.0,790.0,815.0,820.0,825.0,825.0,840.0,841.0,844.0,845.0,852.0,853.0,864.0,878.0,885.0,898.0,943.0,955.0,960.0,975.0,993.0,997.0,1000.0,
47.0,50.0,56.0,65.0,87.0,99.0,102.0,155.0,176.0,184.0,281.0,283.0,399.0,416.0,461.0,484.0,491.0,516.0,518.0,533.0,534.0,535.0,540.0,548.0,555.0,555.0,561.0,562.0,563.0,563.0,566.0,566.0,575.0,578.0,586.0,592.0,606.0,618.0,627.0,647.0,663.0,691.0,691.0,721.0,726.0,749.0,751.0,764.0,781.0,804.0,848.0,859.0,873.0,893.0,903.0,908.0,936.0,940.0,941.0,971.0,973.0,979.0,982.0,
57.0,99.0,165.0,173.0,175.0,195.0,199.0,251.0,276.0,292.0,304.0,320.0,341.0,350.0,352.0,417.0,422.0,446.0,448.0,523.0,526.0,527.0,527.0,530.0,530.0,533.0,534.0,539.0,541.0,542.0,554.0,556.0,568.0,568.0,573.0,576.0,578.0,582.0,603.0,608.0,611.0,618.0,643.0,649.0,680.0,700.0,705.0,712.0,725.0,729.0,825.0,849.0,875.0,890.0,896.0,900.0,951.0,976.0,993.0,
35.0,39.0,52.0,96.0,102.0,268.0,325.0,342.0,446.0,479.0,481.0,505.0,520.0,523.0,524.0,525.0,533.0,539.0,542.0,545.0,568.0,573.0,573.0,576.0,585.0,602.0,621.0,639.0,643.0,665.0,676.0,697.0,703.0,707.0,713.0,745.0,746.0,780.0,799.0,818.0,838.0,868.0,869.0,872.0,881.0,916.0,926.0,934.0,945.0,950.0,955.0,968.0,991.0,
93.0,155.0,158.0,201.0,256.0,277.0,324.0,388.0,390.0,439.0,442.0,448.0,459.0,473.0,483.0,519.0,526.0,533.0,536.0,540.0,541.0,548.0,549.0,550.0,552.0,553.0,561.0,564.0,565.0,567.0,572.0,577.0,582.0,619.0,627.0,634.0,649.0,658.0,666.0,677.0,715.0,722.0,749.0,773.0,775.0,792.0,800.0,824.0,885.0,907.0,936.0,940.0,946.0,947.0,958.0,976.0,
27.0,71.0,104.0,113.0,168.0,222.0,244.0,246.0,300.0,302.0,409.0,451.0,455.0,499.0,504.0,510.0,524.0,524.0,525.0,531.0,536.0,538.0,543.0,544.0,544.0,547.0,560.0,569.0,574.0,574.0,580.0,590.0,591.0,608.0,615.0,621.0,622.0,661.0,694.0,699.0,700.0,700.0,706.0,709.0,709.0,711.0,741.0,741.0,754.0,755.0,759.0,775.0,781.0,790.0,825.0,828.0,831.0,840.0,866.0,890.0,905.0,915.0,939.0,952.0,
2.0,16.0,32.0,59.0,116.0,142.0,158.0,166.0,195.0,196.0,234.0,235.0,242.0,383.0,402.0,420.0,420.0,421.0,434.0,442.0,453.0,470.0,494.0,515.0,519.0,521.0,522.0,526.0,533.0,533.0,535.0,542.0,547.0,547.0,555.0,561.0,567.0,567.0,573.0,576.0,579.0,590.0,595.0,597.0,601.0,602.0,610.0,614.0,617.0,623.0,640.0,646.0,648.0,657.0,689.0,694.0,694.0,695.0,708.0,709.0,715.0,733.0,748.0,755.0,763.0,795.0,800.0,802.0,820.0,844.0,854.0,866.0,885.0,896.0,914.0,932.0,946.0,950.0,962.0,981.0,983.0,999.0,
56.0,58.0,71.0,121.0,157.0,168.0,199.0,213.0,262.0,263.0,306.0,309.0,320.0,337.0,356.0,356.0,388.0,403.0,417.0,465.0,498.0,510.0,517.0,541.0,549.0,551.0,555.0,565.0,568.0,571.0,578.0,596.0,597.0,598.0,607.0,615.0,616.0,617.0,626.0,628.0,660.0,695.0,706.0,707.0,741.0,785.0,875.0,883.0,889.0,920.0,939.0,954.0,981.0,983.0,
27.0,45.0,89.0,152.0,182.0,196.0,223.0,239.0,249.0,261.0,345.0,352.0,381.0,381.0,387.0,550.0,599.0,669.0,671.0,675.0,697.0,746.0,751.0,844.0,849.0,878.0,940.0,941.0,963.0,973.0,999.0,
73.0,118.0,123.0,141.0,155.0,157.0,165.0,185.0,188.0,189.0,196.0,222.0,236.0,274.0,318.0,324.0,347.0,357.0,377.0,409.0,410.0,526.0,537.0,539.0,542.0,545.0,567.0,579.0,603.0,652.0,685.0,694.0,703.0,711.0,712.0,717.0,719.0,744.0,745.0,762.0,782.0,816.0,844.0,902.0,918.0,922.0,977.0,994.0,995.0,
11.0,30.0,40.0,50.0,120.0,134.0,147.0,182.0,216.0,251.0,257.0,294.0,317.0,318.0,348.0,363.0,377.0,401.0,413.0,440.0,478.0,482.0,488.0,504.0,526.0,540.0,548.0,551.0,555.0,560.0,563.0,565.0,566.0,574.0,580.0,580.0,582.0,585.0,586.0,621.0,626.0,626.0,632.0,642.0,654.0,655.0,655.0,662.0,679.0,688.0,695.0,698.0,701.0,710.0,710.0,717.0,730.0,737.0,740.0,778.0,789.0,793.0,805.0,848.0,852.0,860.0,871.0,877.0,879.0,910.0,929.0,932.0,940.0,941.0,947.0,977.0,987.0,
34.0,53.0,97.0,102.0,117.0,150.0,175.0,227.0,227.0,256.0,257.0,276.0,284.0,285.0,333.0,385.0,407.0,416.0,438.0,501.0,510.0,515.0,527.0,527.0,535.0,535.0,537.0,541.0,542.0,550.0,560.0,573.0,587.0,595.0,610.0,615.0,616.0,627.0,631.0,650.0,656.0,691.0,709.0,749.0,758.0,761.0,793.0,811.0,818.0,843.0,844.0,855.0,862.0,911.0,967.0,986.0,993.0,
31.0,69.0,112.0,115.0,193.0,217.0,232.0,245.0,270.0,348.0,378.0,405.0,407.0,430.0,488.0,507.0,518.0,523.0,528.0,529.0,533.0,537.0,537.0,541.0,542.0,543.0,543.0,547.0,548.0,550.0,552.0,552.0,556.0,556.0,558.0,568.0,580.0,584.0,590.0,596.0,597.0,619.0,622.0,635.0,637.0,667.0,694.0,737.0,741.0,746.0,751.0,756.0,783.0,807.0,823.0,853.0,893.0,893.0,899.0,914.0,920.0,981.0,991.0,998.0,
97.0,189.0,196.0,211.0,266.0,294.0,336.0,340.0,341.0,355.0,404.0,420.0,440.0,494.0,504.0,504.0,508.0,512.0,514.0,526.0,526.0,526.0,527.0,537.0,551.0,555.0,564.0,581.0,586.0,596.0,607.0,613.0,613.0,616.0,667.0,671.0,672.0,685.0,691.0,716.0,718.0,733.0,740.0,748.0,781.0,788.0,821.0,852.0,861.0,862.0,895.0,923.0,938.0,938.0,941.0,956.0,959.0,976.0,989.0,993.0,
28.0,99.0,107.0,108.0,174.0,176.0,272.0,281.0,312.0,350.0,350.0,410.0,471.0,526.0,536.0,542.0,542.0,543.0,555.0,557.0,564.0,564.0,575.0,587.0,595.0,601.0,624.0,650.0,658.0,661.0,684.0,700.0,744.0,765.0,775.0,785.0,796.0,801.0,838.0,870.0,915.0,917.0,918.0,940.0,967.0,976.0,982.0,997.0,1000.0,
25.0,157.0,170.0,177.0,271.0,274.0,374.0,395.0,414.0,416.0,438.0,453.0,460.0,477.0,494.0,533.0,534.0,537.0,539.0,543.0,544.0,553.0,556.0,561.0,561.0,575.0,576.0,586.0,589.0,600.0,601.0,604.0,605.0,608.0,609.0,630.0,633.0,636.0,672.0,675.0,684.0,687.0,689.0,720.0,758.0,783.0,790.0,808.0,875.0,894.0,908.0,921.0,937.0,946.0,969.0,
19.0,47.0,80.0,83.0,101.0,118.0,151.0,160.0,225.0,238.0,262.0,311.0,312.0,320.0,332.0,365.0,378.0,384.0,389.0,448.0,452.0,476.0,503.0,525.0,528.0,538.0,539.0,540.0,541.0,543.0,560.0,561.0,564.0,566.0,567.0,589.0,595.0,614.0,625.0,630.0,633.0,647.0,666.0,670.0,686.0,692.0,697.0,704.0,712.0,718.0,723.0,751.0,753.0,770.0,771.0,798.0,800.0,812.0,819.0,866.0,874.0,879.0,884.0,890.0,913.0,913.0,934.0,939.0,954.0,992.0,993.0,
9.0,12.0,63.0,78.0,79.0,117.0,119.0,245.0,277.0,284.0,301.0,308.0,346.0,347.0,365.0,373.0,403.0,421.0,434.0,464.0,470.0,483.0,504.0,524.0,531.0,533.0,540.0,542.0,542.0,552.0,571.0,577.0,615.0,647.0,660.0,665.0,702.0,706.0,712.0,791.0,846.0,865.0,874.0,988.0,990.0,
23.0,61.0,103.0,122.0,194.0,254.0,263.0,279.0,302.0,322.0,348.0,368.0,402.0,429.0,462.0,486.0,520.0,556.0,581.0,621.0,637.0,687.0,729.0,742.0,799.0,819.0,874.0,929.0,
10.0,35.0,35.0,83.0,130.0,199.0,206.0,248.0,291.0,368.0,381.0,388.0,429.0,470.0,479.0,504.0,536.0,544.0,547.0,604.0,608.0,616.0,636.0,640.0,685.0,693.0,743.0,749.0,826.0,853.0,859.0,908.0,916.0,932.0,962.0,
63.0,65.0,91.0,110.0,157.0,159.0,222.0,267.0,287.0,346.0,354.0,358.0,374.0,412.0,471.0,507.0,515.0,515.0,522.0,523.0,528.0,530.0,531.0,535.0,540.0,549.0,551.0,556.0,567.0,568.0,569.0,570.0,578.0,583.0,591.0,615.0,626.0,635.0,646.0,646.0,664.0,692.0,698.0,706.0,741.0,778.0,858.0,875.0,889.0,897.0,906.0,917.0,940.0,975.0,980.0,998.0,
9.0,11.0,28.0,36.0,69.0,82.0,85.0,114.0,133.0,146.0,333.0,424.0,450.0,468.0,480.0,493.0,515.0,525.0,527.0,535.0,546.0,550.0,552.0,552.0,555.0,555.0,574.0,576.0,578.0,578.0,580.0,583.0,584.0,586.0,597.0,609.0,622.0,627.0,644.0,651.0,656.0,663.0,668.0,679.0,685.0,686.0,735.0,753.0,754.0,755.0,765.0,772.0,778.0,789.0,800.0,807.0,820.0,824.0,849.0,850.0,863.0,882.0,882.0,906.0,942.0,949.0,951.0,961.0,970.0,972.0,
8.0,41.0,59.0,79.0,92.0,121.0,186.0,202.0,210.0,234.0,241.0,243.0,246.0,268.0,288.0,295.0,295.0,297.0,333.0,456.0,500.0,505.0,526.0,526.0,528.0,530.0,539.0,542.0,542.0,546.0,551.0,557.0,558.0,564.0,571.0,574.0,574.0,574.0,580.0,582.0,600.0,602.0,603.0,607.0,608.0,614.0,628.0,629.0,632.0,664.0,676.0,676.0,679.0,710.0,737.0,746.0,748.0,761.0,761.0,766.0,774.0,809.0,839.0,843.0,865.0,881.0,890.0,912.0,918.0,926.0,947.0,956.0,973.0,973.0,976.0,981.0,999.0,
31.0,52.0,111.0,202.0,209.0,226.0,288.0,295.0,311.0,327.0,342.0,376.0,412.0,413.0,527.0,530.0,532.0,533.0,535.0,541.0,543.0,544.0,550.0,551.0,552.0,554.0,563.0,568.0,579.0,583.0,585.0,586.0,608.0,624.0,625.0,647.0,650.0,654.0,673.0,703.0,703.0,710.0,720.0,724.0,728.0,780.0,784.0,809.0,836.0,852.0,858.0,919.0,965.0,965.0,985.0,992.0,995.0,
95.0,107.0,110.0,110.0,122.0,130.0,138.0,144.0,163.0,194.0,199.0,217.0,224.0,258.0,267.0,298.0,301.0,302.0,304.0,304.0,355.0,365.0,372.0,376.0,430.0,447.0,467.0,515.0,521.0,524.0,530.0,532.0,533.0,540.0,545.0,547.0,548.0,567.0,576.0,578.0,584.0,589.0,605.0,607.0,622.0,647.0,680.0,681.0,687.0,704.0,756.0,758.0,790.0,825.0,862.0,885.0,926.0,949.0,960.0,984.0,997.0,
97.0,107.0,133.0,143.0,145.0,176.0,210.0,291.0,319.0,347.0,378.0,401.0,428.0,473.0,475.0,479.0,483.0,489.0,503.0,508.0,510.0,522.0,526.0,534.0,534.0,547.0,549.0,554.0,557.0,560.0,562.0,563.0,564.0,565.0,567.0,573.0,574.0,577.0,580.0,582.0,589.0,595.0,604.0,613.0,617.0,624.0,635.0,636.0,637.0,641.0,652.0,660.0,660.0,662.0,664.0,683.0,690.0,695.0,709.0,725.0,733.0,736.0,741.0,752.0,769.0,787.0,797.0,808.0,811.0,829.0,841.0,857.0,857.0,892.0,898.0,898.0,904.0,904.0,908.0,912.0,914.0,917.0,924.0,938.0,965.0,991.0,995.0,
29.0,52.0,77.0,82.0,194.0,244.0,311.0,323.0,360.0,407.0,412.0,417.0,430.0,446.0,477.0,480.0,487.0,516.0,521.0,524.0,530.0,538.0,548.0,550.0,550.0,561.0,571.0,587.0,592.0,594.0,596.0,603.0,603.0,618.0,618.0,636.0,645.0,653.0,671.0,676.0,688.0,700.0,713.0,718.0,724.0,740.0,741.0,758.0,767.0,769.0,769.0,783.0,807.0,814.0,830.0,855.0,865.0,871.0,881.0,904.0,916.0,963.0,964.0,972.0,979.0,985.0,988.0,991.0,991.0,
94.0,97.0,104.0,113.0,149.0,150.0,163.0,169.0,205.0,233.0,239.0,257.0,288.0,308.0,355.0,364.0,364.0,382.0,396.0,429.0,442.0,446.0,472.0,522.0,528.0,529.0,531.0,553.0,554.0,570.0,611.0,634.0,652.0,671.0,674.0,691.0,734.0,770.0,825.0,865.0,922.0,926.0,934.0,953.0,996.0,
18.0,43.0,50.0,76.0,93.0,118.0,134.0,168.0,169.0,174.0,186.0,208.0,208.0,214.0,238.0,240.0,244.0,324.0,337.0,340.0,369.0,395.0,402.0,410.0,415.0,464.0,506.0,525.0,577.0,584.0,596.0,598.0,624.0,664.0,677.0,716.0,797.0,822.0,852.0,962.0,
34.0,125.0,191.0,220.0,229.0,229.0,274.0,284.0,294.0,312.0,339.0,348.0,364.0,429.0,438.0,461.0,513.0,524.0,538.0,539.0,569.0,662.0,677.0,761.0,768.0,802.0,859.0,882.0,945.0,
15.0,59.0,60.0,64.0,119.0,120.0,128.0,162.0,182.0,222.0,233.0,247.0,252.0,279.0,299.0,331.0,362.0,388.0,398.0,403.0,433.0,461.0,464.0,480.0,518.0,518.0,522.0,522.0,523.0,528.0,538.0,555.0,555.0,556.0,558.0,577.0,588.0,599.0,605.0,613.0,626.0,638.0,639.0,644.0,653.0,656.0,664.0,666.0,667.0,669.0,686.0,728.0,734.0,755.0,756.0,767.0,769.0,791.0,815.0,840.0,901.0,904.0,918.0,921.0,945.0,983.0,
64.0,67.0,114.0,114.0,149.0,161.0,197.0,210.0,228.0,248.0,251.0,268.0,270.0,289.0,304.0,349.0,379.0,379.0,413.0,498.0,502.0,524.0,527.0,529.0,532.0,533.0,535.0,537.0,542.0,545.0,557.0,561.0,562.0,562.0,563.0,565.0,570.0,571.0,579.0,581.0,583.0,588.0,597.0,598.0,600.0,608.0,632.0,632.0,633.0,634.0,637.0,649.0,659.0,674.0,681.0,684.0,733.0,737.0,741.0,745.0,759.0,768.0,776.0,787.0,813.0,821.0,826.0,834.0,844.0,848.0,855.0,886.0,897.0,919.0,926.0,957.0,967.0,968.0,999.0,
2.0,6.0,10.0,30.0,106.0,200.0,205.0,225.0,247.0,253.0,264.0,294.0,311.0,345.0,350.0,359.0,405.0,406.0,415.0,438.0,466.0,478.0,483.0,516.0,523.0,524.0,526.0,530.0,540.0,545.0,546.0,552.0,556.0,575.0,577.0,577.0,582.0,586.0,596.0,602.0,611.0,626.0,627.0,628.0,636.0,639.0,643.0,646.0,651.0,656.0,666.0,673.0,678.0,685.0,686.0,691.0,697.0,753.0,770.0,795.0,805.0,808.0,847.0,877.0,918.0,955.0,982.0,984.0,986.0,994.0,997.0,998.0,
14.0,16.0,71.0,99.0,111.0,126.0,158.0,163.0,227.0,257.0,277.0,281.0,283.0,313.0,317.0,319.0,345.0,374.0,413.0,414.0,424.0,432.0,466.0,473.0,491.0,491.0,524.0,529.0,532.0,540.0,540.0,540.0,548.0,553.0,557.0,557.0,561.0,566.0,573.0,575.0,576.0,588.0,593.0,595.0,599.0,607.0,607.0,622.0,630.0,631.0,663.0,689.0,690.0,693.0,720.0,737.0,741.0,746.0,785.0,810.0,852.0,876.0,912.0,965.0,
41.0,54.0,71.0,138.0,142.0,156.0,158.0,237.0,259.0,309.0,321.0,336.0,356.0,364.0,404.0,411.0,451.0,508.0,512.0,520.0,521.0,524.0,524.0,525.0,538.0,548.0,554.0,566.0,573.0,573.0,575.0,581.0,590.0,599.0,600.0,607.0,621.0,622.0,623.0,634.0,642.0,648.0,660.0,673.0,680.0,692.0,695.0,713.0,717.0,719.0,723.0,727.0,739.0,741.0,771.0,793.0,794.0,795.0,795.0,796.0,836.0,867.0,884.0,921.0,926.0,974.0,986.0,995.0,998.0,
14.0,66.0,70.0,78.0,79.0,82.0,82.0,97.0,111.0,116.0,125.0,130.0,136.0,155.0,204.0,206.0,227.0,238.0,245.0,257.0,279.0,301.0,325.0,340.0,382.0,393.0,404.0,523.0,534.0,534.0,535.0,539.0,544.0,552.0,569.0,573.0,595.0,602.0,615.0,619.0,619.0,631.0,633.0,665.0,689.0,691.0,692.0,697.0,714.0,714.0,717.0,729.0,742.0,742.0,745.0,752.0,767.0,779.0,802.0,814.0,816.0,820.0,842.0,853.0,890.0,907.0,917.0,928.0,933.0,935.0,938.0,948.0,960.0,962.0,968.0,976.0,976.0,987.0,998.0,
5.0,49.0,73.0,78.0,125.0,152.0,181.0,218.0,272.0,301.0,322.0,347.0,359.0,360.0,377.0,447.0,452.0,453.0,495.0,515.0,531.0,540.0,542.0,542.0,546.0,550.0,550.0,553.0,556.0,562.0,563.0,564.0,565.0,580.0,585.0,588.0,599.0,601.0,616.0,629.0,663.0,668.0,670.0,686.0,714.0,721.0,723.0,731.0,761.0,772.0,789.0,794.0,802.0,815.0,847.0,856.0,899.0,914.0,915.0,933.0,935.0,936.0,939.0,945.0,962.0,979.0,992.0,
26.0,48.0,55.0,82.0,112.0,146.0,148.0,150.0,169.0,171.0,194.0,197.0,201.0,209.0,214.0,228.0,257.0,265.0,277.0,336.0,377.0,390.0,394.0,425.0,446.0,457.0,466.0,530.0,530.0,536.0,537.0,604.0,635.0,675.0,783.0,801.0,811.0,824.0,922.0,
44.0,46.0,54.0,76.0,100.0,136.0,156.0,205.0,214.0,250.0,265.0,298.0,303.0,361.0,419.0,434.0,460.0,461.0,480.0,511.0,582.0,584.0,621.0,625.0,627.0,655.0,657.0,659.0,675.0,683.0,696.0,741.0,747.0,758.0,834.0,970.0,
106.0,116.0,167.0,217.0,221.0,227.0,230.0,247.0,294.0,308.0,321.0,324.0,328.0,341.0,344.0,347.0,416.0,432.0,455.0,469.0,499.0,518.0,520.0,526.0,528.0,541.0,584.0,601.0,613.0,633.0,663.0,669.0,670.0,691.0,696.0,775.0,793.0,864.0,902.0,922.0,938.0,946.0,948.0,983.0,
2.0,17.0,61.0,62.0,69.0,71.0,111.0,143.0,154.0,164.0,166.0,265.0,286.0,303.0,304.0,327.0,363.0,378.0,410.0,492.0,504.0,527.0,533.0,553.0,562.0,603.0,650.0,652.0,660.0,669.0,703.0,726.0,733.0,744.0,756.0,757.0,798.0,802.0,807.0,821.0,836.0,893.0,993.0,996.0,
46.0,73.0,83.0,90.0,114.0,152.0,159.0,179.0,228.0,241.0,246.0,283.0,289.0,312.0,435.0,456.0,467.0,472.0,498.0,519.0,529.0,534.0,535.0,544.0,546.0,558.0,558.0,562.0,562.0,574.0,579.0,581.0,585.0,588.0,605.0,607.0,618.0,624.0,625.0,642.0,642.0,649.0,655.0,666.0,676.0,757.0,759.0,768.0,771.0,782.0,790.0,804.0,805.0,837.0,883.0,885.0,891.0,924.0,932.0,971.0,978.0,987.0,992.0,
57.0,102.0,162.0,167.0,178.0,193.0,220.0,228.0,258.0,293.0,304.0,327.0,331.0,379.0,381.0,388.0,414.0,424.0,431.0,433.0,455.0,465.0,470.0,507.0,514.0,519.0,520.0,530.0,536.0,539.0,541.0,542.0,545.0,547.0,552.0,572.0,580.0,584.0,586.0,593.0,598.0,617.0,636.0,648.0,650.0,666.0,669.0,679.0,681.0,687.0,689.0,704.0,712.0,717.0,718.0,718.0,723.0,737.0,742.0,753.0,759.0,784.0,800.0,812.0,844.0,883.0,885.0,886.0,922.0,956.0,958.0,982.0,987.0,989.0,992.0,
27.0,34.0,100.0,151.0,160.0,181.0,190.0,201.0,208.0,218.0,227.0,229.0,351.0,366.0,409.0,423.0,440.0,477.0,478.0,483.0,510.0,516.0,519.0,519.0,525.0,526.0,533.0,538.0,542.0,543.0,548.0,550.0,553.0,557.0,563.0,570.0,573.0,585.0,586.0,588.0,589.0,600.0,611.0,624.0,632.0,635.0,640.0,653.0,659.0,661.0,678.0,678.0,685.0,689.0,700.0,722.0,724.0,757.0,771.0,781.0,785.0,794.0,807.0,832.0,832.0,833.0,841.0,865.0,877.0,910.0,916.0,918.0,933.0,952.0,957.0,964.0,973.0,974.0,976.0,977.0,983.0,
27.0,75.0,86.0,127.0,144.0,145.0,151.0,154.0,270.0,279.0,292.0,319.0,326.0,328.0,401.0,404.0,520.0,521.0,521.0,537.0,544.0,546.0,547.0,553.0,559.0,560.0,561.0,562.0,566.0,574.0,579.0,592.0,593.0,596.0,598.0,602.0,608.0,609.0,612.0,634.0,646.0,647.0,648.0,663.0,698.0,705.0,709.0,710.0,754.0,763.0,770.0,799.0,801.0,806.0,842.0,845.0,854.0,861.0,913.0,918.0,922.0,923.0,925.0,936.0,938.0,939.0,944.0,953.0,958.0,
14.0,98.0,136.0,196.0,306.0,306.0,321.0,371.0,393.0,394.0,462.0,503.0,512.0,521.0,531.0,533.0,536.0,540.0,543.0,551.0,558.0,570.0,589.0,590.0,593.0,593.0,621.0,635.0,637.0,643.0,652.0,668.0,676.0,697.0,714.0,724.0,751.0,769.0,788.0,796.0,810.0,812.0,860.0,883.0,884.0,921.0,925.0,928.0,941.0,986.0,998.0,
7.0,56.0,68.0,107.0,109.0,110.0,149.0,196.0,290.0,305.0,319.0,348.0,431.0,443.0,447.0,465.0,467.0,525.0,529.0,544.0,548.0,550.0,568.0,592.0,624.0,625.0,636.0,689.0,715.0,811.0,837.0,931.0,932.0,
17.0,190.0,195.0,222.0,267.0,312.0,429.0,430.0,473.0,486.0,526.0,618.0,663.0,716.0,803.0,848.0,860.0,888.0,910.0,
62.0,66.0,73.0,82.0,94.0,224.0,228.0,302.0,330.0,381.0,409.0,435.0,450.0,456.0,476.0,512.0,519.0,526.0,530.0,586.0,690.0,703.0,724.0,747.0,759.0,786.0,788.0,815.0,819.0,856.0,977.0,
5.0,40.0,73.0,107.0,112.0,133.0,140.0,147.0,151.0,164.0,165.0,165.0,268.0,323.0,324.0,377.0,399.0,459.0,489.0,494.0,584.0,617.0,618.0,673.0,699.0,783.0,809.0,863.0,869.0,886.0,908.0,953.0,970.0,982.0,983.0,998.0,
90.0,99.0,130.0,181.0,216.0,289.0,303.0,305.0,332.0,340.0,377.0,380.0,382.0,391.0,505.0,696.0,707.0,770.0,786.0,824.0,833.0,869.0,877.0,892.0,917.0,936.0,950.0,962.0,987.0,
7.0,38.0,90.0,180.0,256.0,278.0,341.0,357.0,385.0,395.0,428.0,466.0,490.0,641.0,694.0,698.0,838.0,877.0,985.0,
68.0,69.0,85.0,151.0,166.0,195.0,281.0,282.0,342.0,384.0,397.0,429.0,442.0,456.0,506.0,527.0,538.0,541.0,545.0,545.0,560.0,566.0,636.0,659.0,693.0,725.0,747.0,749.0,756.0,842.0,851.0,964.0,975.0,
4.0,23.0,28.0,31.0,102.0,150.0,201.0,264.0,269.0,327.0,346.0,364.0,365.0,372.0,389.0,391.0,442.0,443.0,470.0,489.0,520.0,529.0,539.0,544.0,548.0,561.0,565.0,675.0,677.0,713.0,742.0,746.0,805.0,809.0,838.0,864.0,872.0,882.0,885.0,894.0,918.0,938.0,956.0,957.0,976.0,
39.0,40.0,48.0,58.0,60.0,82.0,106.0,135.0,160.0,169.0,175.0,189.0,216.0,217.0,220.0,278.0,298.0,314.0,341.0,355.0,370.0,382.0,416.0,425.0,490.0,492.0,506.0,521.0,526.0,532.0,534.0,540.0,541.0,552.0,557.0,566.0,580.0,589.0,591.0,599.0,634.0,661.0,669.0,728.0,736.0,763.0,856.0,902.0,914.0,922.0,
8.0,13.0,66.0,67.0,104.0,121.0,134.0,142.0,146.0,156.0,169.0,176.0,250.0,252.0,278.0,301.0,314.0,322.0,333.0,337.0,365.0,366.0,393.0,437.0,485.0,510.0,530.0,533.0,537.0,545.0,559.0,646.0,676.0,686.0,748.0,887.0,917.0,
28.0,80.0,106.0,112.0,131.0,170.0,197.0,238.0,246.0,275.0,287.0,363.0,439.0,486.0,499.0,505.0,518.0,520.0,567.0,594.0,620.0,679.0,724.0,833.0,846.0,942.0,957.0,974.0,975.0,986.0,999.0,
8.0,87.0,103.0,114.0,213.0,306.0,363.0,411.0,445.0,447.0,473.0,513.0,529.0,551.0,587.0,601.0,607.0,620.0,626.0,681.0,742.0,744.0,769.0,773.0,796.0,884.0,961.0,964.0,990.0,
