8.0,30.0,90.0,105.0,106.0,131.0,149.0,167.0,173.0,182.0,183.0,184.0,185.0,202.0,259.0,314.0,363.0,395.0,439.0,456.0,477.0,493.0,512.0,513.0,523.0,584.0,600.0,613.0,647.0,676.0,766.0,808.0,810.0,810.0,876.0,916.0,941.0,941.0,994.0,
66.0,69.0,71.0,153.0,169.0,180.0,203.0,216.0,246.0,307.0,448.0,454.0,476.0,477.0,484.0,534.0,548.0,582.0,607.0,647.0,660.0,669.0,700.0,721.0,745.0,784.0,813.0,895.0,949.0,950.0,975.0,975.0,990.0,
20.0,46.0,58.0,129.0,147.0,168.0,170.0,175.0,245.0,264.0,288.0,292.0,292.0,301.0,304.0,376.0,379.0,381.0,386.0,440.0,486.0,487.0,528.0,605.0,643.0,644.0,677.0,732.0,742.0,779.0,796.0,815.0,828.0,858.0,904.0,939.0,945.0,955.0,965.0,
45.0,47.0,56.0,90.0,126.0,134.0,159.0,169.0,197.0,306.0,329.0,337.0,386.0,390.0,406.0,517.0,523.0,551.0,602.0,611.0,701.0,705.0,728.0,739.0,753.0,760.0,765.0,784.0,794.0,831.0,837.0,866.0,906.0,926.0,942.0,948.0,964.0,985.0,
38.0,42.0,94.0,117.0,166.0,178.0,185.0,196.0,232.0,270.0,277.0,296.0,300.0,423.0,428.0,442.0,482.0,486.0,487.0,488.0,506.0,506.0,547.0,562.0,578.0,614.0,632.0,820.0,834.0,935.0,962.0,979.0,983.0,992.0,995.0,
109.0,142.0,143.0,145.0,146.0,179.0,198.0,209.0,219.0,246.0,261.0,276.0,277.0,304.0,310.0,314.0,336.0,347.0,366.0,396.0,403.0,405.0,427.0,431.0,547.0,593.0,765.0,798.0,863.0,866.0,872.0,942.0,
35.0,39.0,74.0,100.0,144.0,144.0,317.0,337.0,356.0,378.0,468.0,481.0,489.0,534.0,542.0,560.0,797.0,812.0,826.0,844.0,904.0,
9.0,35.0,66.0,74.0,78.0,90.0,94.0,120.0,125.0,133.0,133.0,166.0,169.0,176.0,190.0,190.0,199.0,266.0,283.0,293.0,324.0,346.0,360.0,388.0,420.0,447.0,476.0,493.0,498.0,502.0,510.0,524.0,529.0,608.0,639.0,655.0,797.0,809.0,815.0,830.0,935.0,939.0,971.0,977.0,
23.0,58.0,64.0,95.0,127.0,132.0,162.0,166.0,241.0,255.0,257.0,279.0,282.0,294.0,322.0,336.0,408.0,412.0,440.0,514.0,624.0,699.0,751.0,764.0,792.0,807.0,852.0,885.0,899.0,967.0,
48.0,95.0,110.0,181.0,193.0,225.0,288.0,303.0,312.0,321.0,410.0,449.0,458.0,488.0,491.0,505.0,509.0,579.0,604.0,615.0,618.0,660.0,662.0,680.0,720.0,732.0,909.0,927.0,960.0,982.0,982.0,
37.0,38.0,85.0,99.0,112.0,134.0,135.0,145.0,170.0,206.0,218.0,230.0,361.0,369.0,408.0,417.0,428.0,430.0,445.0,499.0,503.0,517.0,596.0,628.0,644.0,648.0,669.0,686.0,738.0,758.0,763.0,783.0,822.0,832.0,919.0,953.0,998.0,999.0,
21.0,66.0,82.0,102.0,130.0,172.0,178.0,180.0,188.0,191.0,241.0,277.0,279.0,317.0,320.0,359.0,385.0,390.0,393.0,459.0,468.0,487.0,562.0,618.0,666.0,679.0,731.0,746.0,815.0,861.0,869.0,900.0,902.0,905.0,962.0,976.0,
22.0,65.0,135.0,162.0,196.0,202.0,211.0,231.0,260.0,264.0,282.0,319.0,333.0,343.0,345.0,358.0,359.0,364.0,381.0,396.0,444.0,461.0,472.0,477.0,480.0,519.0,523.0,564.0,599.0,639.0,654.0,686.0,721.0,783.0,804.0,891.0,947.0,991.0,997.0,
5.0,7.0,61.0,77.0,117.0,154.0,170.0,191.0,263.0,282.0,309.0,331.0,347.0,382.0,385.0,443.0,478.0,496.0,516.0,519.0,539.0,597.0,601.0,602.0,627.0,650.0,666.0,669.0,829.0,857.0,904.0,946.0,957.0,961.0,
18.0,84.0,91.0,118.0,132.0,134.0,189.0,211.0,226.0,226.0,233.0,254.0,281.0,355.0,364.0,375.0,386.0,404.0,482.0,482.0,487.0,507.0,512.0,543.0,547.0,552.0,553.0,571.0,582.0,591.0,603.0,676.0,704.0,829.0,853.0,882.0,948.0,956.0,
8.0,20.0,64.0,112.0,140.0,273.0,312.0,385.0,404.0,428.0,476.0,506.0,512.0,553.0,561.0,570.0,575.0,583.0,587.0,612.0,614.0,675.0,695.0,697.0,701.0,709.0,718.0,748.0,756.0,802.0,844.0,855.0,868.0,905.0,940.0,953.0,
37.0,48.0,85.0,93.0,128.0,138.0,157.0,168.0,183.0,195.0,251.0,284.0,290.0,350.0,358.0,373.0,382.0,418.0,434.0,437.0,463.0,465.0,476.0,486.0,543.0,546.0,550.0,592.0,607.0,636.0,638.0,641.0,655.0,701.0,724.0,741.0,761.0,771.0,788.0,805.0,826.0,832.0,889.0,902.0,906.0,967.0,
11.0,23.0,33.0,42.0,59.0,93.0,226.0,253.0,281.0,303.0,305.0,337.0,423.0,442.0,442.0,495.0,495.0,496.0,503.0,515.0,517.0,521.0,542.0,551.0,563.0,646.0,849.0,879.0,932.0,965.0,
5.0,34.0,36.0,51.0,91.0,106.0,142.0,146.0,270.0,354.0,358.0,421.0,476.0,518.0,524.0,534.0,691.0,705.0,716.0,734.0,839.0,856.0,861.0,871.0,970.0,982.0,
20.0,25.0,56.0,88.0,141.0,208.0,234.0,280.0,283.0,351.0,370.0,383.0,477.0,492.0,496.0,531.0,552.0,596.0,635.0,635.0,659.0,661.0,837.0,856.0,867.0,925.0,999.0,
32.0,72.0,111.0,144.0,145.0,148.0,173.0,199.0,209.0,211.0,226.0,234.0,235.0,287.0,294.0,300.0,306.0,319.0,359.0,368.0,373.0,392.0,427.0,444.0,467.0,468.0,510.0,513.0,527.0,602.0,647.0,660.0,675.0,685.0,698.0,749.0,758.0,764.0,816.0,818.0,830.0,865.0,869.0,873.0,987.0,
6.0,31.0,32.0,55.0,66.0,74.0,128.0,134.0,195.0,211.0,279.0,283.0,303.0,329.0,384.0,413.0,416.0,476.0,506.0,560.0,573.0,583.0,647.0,663.0,665.0,672.0,689.0,691.0,704.0,704.0,709.0,756.0,760.0,852.0,879.0,924.0,932.0,943.0,982.0,
7.0,15.0,21.0,38.0,68.0,170.0,175.0,241.0,268.0,280.0,383.0,406.0,449.0,451.0,472.0,499.0,548.0,562.0,567.0,570.0,571.0,581.0,590.0,612.0,622.0,678.0,678.0,774.0,780.0,834.0,849.0,910.0,923.0,933.0,940.0,940.0,984.0,992.0,
68.0,72.0,81.0,93.0,106.0,117.0,120.0,131.0,138.0,159.0,182.0,183.0,202.0,223.0,291.0,329.0,391.0,396.0,454.0,459.0,489.0,522.0,530.0,532.0,537.0,538.0,542.0,551.0,551.0,560.0,564.0,593.0,601.0,603.0,609.0,620.0,632.0,648.0,662.0,674.0,694.0,708.0,733.0,759.0,765.0,770.0,785.0,812.0,814.0,824.0,847.0,849.0,856.0,864.0,866.0,869.0,880.0,882.0,887.0,898.0,916.0,939.0,992.0,
57.0,59.0,68.0,68.0,90.0,197.0,213.0,218.0,232.0,243.0,290.0,291.0,291.0,329.0,355.0,366.0,394.0,401.0,425.0,492.0,516.0,529.0,532.0,536.0,547.0,548.0,552.0,560.0,572.0,600.0,604.0,612.0,614.0,618.0,622.0,626.0,654.0,660.0,685.0,689.0,695.0,709.0,711.0,717.0,724.0,753.0,775.0,789.0,803.0,804.0,804.0,808.0,810.0,827.0,828.0,831.0,831.0,857.0,879.0,887.0,917.0,936.0,945.0,951.0,963.0,976.0,976.0,978.0,990.0,992.0,994.0,996.0,
3.0,22.0,41.0,66.0,76.0,85.0,91.0,138.0,155.0,172.0,191.0,195.0,200.0,222.0,253.0,268.0,270.0,275.0,282.0,289.0,316.0,320.0,323.0,365.0,406.0,409.0,436.0,447.0,484.0,501.0,503.0,514.0,529.0,542.0,543.0,552.0,556.0,556.0,557.0,563.0,565.0,575.0,575.0,577.0,578.0,581.0,589.0,592.0,592.0,596.0,601.0,622.0,638.0,650.0,650.0,674.0,682.0,687.0,691.0,713.0,717.0,720.0,726.0,748.0,753.0,764.0,785.0,791.0,796.0,803.0,829.0,830.0,835.0,862.0,867.0,870.0,908.0,954.0,956.0,962.0,969.0,971.0,978.0,
38.0,47.0,62.0,86.0,88.0,98.0,147.0,152.0,206.0,227.0,227.0,400.0,440.0,480.0,487.0,487.0,501.0,521.0,525.0,525.0,528.0,532.0,535.0,535.0,536.0,540.0,542.0,556.0,556.0,558.0,559.0,559.0,564.0,564.0,565.0,566.0,566.0,569.0,572.0,575.0,576.0,582.0,582.0,585.0,603.0,605.0,607.0,613.0,621.0,622.0,626.0,632.0,636.0,648.0,648.0,661.0,667.0,678.0,705.0,730.0,731.0,743.0,763.0,764.0,770.0,787.0,800.0,816.0,843.0,860.0,868.0,878.0,887.0,899.0,905.0,917.0,920.0,925.0,946.0,955.0,964.0,983.0,992.0,998.0,
33.0,42.0,84.0,104.0,128.0,142.0,159.0,197.0,201.0,233.0,246.0,281.0,289.0,298.0,359.0,399.0,442.0,451.0,482.0,496.0,513.0,518.0,519.0,523.0,528.0,531.0,542.0,559.0,565.0,566.0,587.0,600.0,604.0,612.0,613.0,631.0,633.0,642.0,667.0,689.0,712.0,748.0,760.0,761.0,767.0,800.0,804.0,807.0,822.0,843.0,849.0,854.0,855.0,887.0,903.0,906.0,917.0,927.0,951.0,957.0,966.0,970.0,994.0,995.0,998.0,
30.0,35.0,80.0,85.0,113.0,148.0,149.0,185.0,198.0,219.0,219.0,223.0,229.0,259.0,278.0,382.0,383.0,417.0,439.0,460.0,494.0,541.0,556.0,570.0,579.0,599.0,606.0,607.0,622.0,624.0,636.0,651.0,652.0,698.0,765.0,775.0,780.0,786.0,825.0,886.0,886.0,960.0,994.0,
13.0,58.0,59.0,86.0,127.0,145.0,151.0,238.0,292.0,310.0,319.0,379.0,379.0,396.0,397.0,402.0,409.0,420.0,434.0,443.0,464.0,475.0,502.0,520.0,566.0,567.0,636.0,667.0,689.0,743.0,754.0,764.0,792.0,835.0,837.0,
28.0,48.0,114.0,128.0,129.0,189.0,208.0,244.0,249.0,292.0,342.0,364.0,392.0,396.0,483.0,530.0,561.0,573.0,581.0,610.0,624.0,632.0,706.0,770.0,849.0,852.0,885.0,889.0,917.0,919.0,929.0,
7.0,25.0,53.0,63.0,83.0,107.0,108.0,129.0,131.0,131.0,137.0,142.0,148.0,171.0,173.0,204.0,223.0,231.0,265.0,291.0,305.0,305.0,306.0,339.0,367.0,403.0,435.0,451.0,500.0,522.0,551.0,560.0,572.0,613.0,636.0,641.0,658.0,660.0,677.0,701.0,744.0,745.0,788.0,801.0,916.0,938.0,984.0,
19.0,41.0,49.0,138.0,154.0,157.0,214.0,232.0,245.0,249.0,282.0,283.0,295.0,296.0,311.0,324.0,364.0,375.0,379.0,390.0,396.0,422.0,505.0,508.0,529.0,532.0,533.0,533.0,536.0,539.0,542.0,544.0,549.0,564.0,569.0,569.0,573.0,574.0,588.0,605.0,608.0,624.0,633.0,643.0,650.0,651.0,678.0,697.0,709.0,716.0,719.0,726.0,730.0,739.0,760.0,767.0,777.0,778.0,791.0,792.0,796.0,801.0,802.0,817.0,829.0,843.0,866.0,876.0,877.0,895.0,928.0,933.0,938.0,957.0,983.0,990.0,
3.0,17.0,24.0,26.0,37.0,39.0,82.0,87.0,97.0,101.0,104.0,109.0,147.0,156.0,168.0,173.0,179.0,208.0,214.0,227.0,231.0,278.0,280.0,299.0,333.0,333.0,341.0,342.0,351.0,374.0,376.0,378.0,395.0,419.0,456.0,464.0,472.0,516.0,517.0,518.0,522.0,523.0,525.0,533.0,551.0,552.0,569.0,569.0,582.0,584.0,642.0,644.0,649.0,654.0,684.0,685.0,703.0,710.0,716.0,722.0,729.0,737.0,741.0,746.0,750.0,770.0,784.0,819.0,829.0,842.0,843.0,868.0,880.0,882.0,884.0,896.0,896.0,926.0,927.0,
10.0,13.0,33.0,127.0,129.0,163.0,182.0,206.0,235.0,270.0,270.0,278.0,291.0,322.0,328.0,329.0,351.0,365.0,402.0,454.0,510.0,513.0,519.0,524.0,524.0,526.0,527.0,533.0,536.0,541.0,541.0,546.0,557.0,557.0,559.0,568.0,579.0,589.0,591.0,596.0,603.0,603.0,627.0,634.0,649.0,682.0,684.0,685.0,712.0,721.0,746.0,769.0,774.0,789.0,789.0,789.0,826.0,832.0,853.0,859.0,876.0,879.0,883.0,918.0,923.0,927.0,955.0,991.0,999.0,
6.0,27.0,50.0,64.0,103.0,118.0,166.0,186.0,208.0,245.0,258.0,262.0,264.0,321.0,372.0,372.0,503.0,505.0,520.0,535.0,537.0,538.0,540.0,544.0,545.0,547.0,556.0,562.0,564.0,567.0,581.0,583.0,588.0,597.0,603.0,615.0,615.0,618.0,621.0,625.0,636.0,638.0,648.0,668.0,672.0,682.0,690.0,698.0,740.0,742.0,752.0,776.0,791.0,792.0,793.0,795.0,819.0,883.0,904.0,915.0,933.0,949.0,952.0,963.0,966.0,969.0,985.0,999.0,
85.0,101.0,158.0,178.0,204.0,227.0,227.0,284.0,313.0,423.0,505.0,510.0,515.0,535.0,537.0,539.0,548.0,548.0,549.0,550.0,555.0,559.0,566.0,571.0,575.0,577.0,579.0,579.0,584.0,588.0,592.0,610.0,615.0,621.0,651.0,666.0,688.0,722.0,735.0,748.0,748.0,775.0,782.0,805.0,815.0,826.0,862.0,877.0,884.0,889.0,917.0,917.0,929.0,954.0,957.0,989.0,
13.0,14.0,21.0,26.0,60.0,79.0,104.0,129.0,273.0,295.0,297.0,307.0,312.0,324.0,326.0,338.0,372.0,375.0,379.0,465.0,483.0,528.0,530.0,534.0,536.0,546.0,553.0,558.0,564.0,573.0,581.0,602.0,613.0,616.0,618.0,622.0,628.0,632.0,645.0,652.0,656.0,669.0,675.0,677.0,686.0,700.0,710.0,720.0,751.0,754.0,761.0,770.0,781.0,781.0,800.0,845.0,879.0,909.0,947.0,954.0,975.0,984.0,991.0,998.0,
25.0,62.0,73.0,135.0,149.0,154.0,186.0,192.0,209.0,230.0,253.0,361.0,361.0,407.0,411.0,421.0,465.0,467.0,479.0,480.0,518.0,519.0,526.0,539.0,554.0,559.0,559.0,566.0,566.0,570.0,586.0,593.0,597.0,606.0,607.0,617.0,618.0,645.0,662.0,673.0,675.0,676.0,682.0,694.0,701.0,707.0,728.0,731.0,739.0,744.0,776.0,777.0,777.0,777.0,786.0,816.0,818.0,818.0,822.0,858.0,870.0,878.0,925.0,932.0,999.0,
4.0,44.0,71.0,74.0,80.0,126.0,134.0,166.0,168.0,185.0,254.0,306.0,320.0,339.0,344.0,383.0,391.0,403.0,466.0,499.0,543.0,559.0,670.0,732.0,736.0,752.0,761.0,800.0,830.0,849.0,863.0,908.0,914.0,952.0,
2.0,6.0,14.0,15.0,18.0,32.0,42.0,53.0,93.0,138.0,180.0,235.0,265.0,319.0,363.0,365.0,373.0,376.0,385.0,446.0,524.0,548.0,550.0,551.0,651.0,673.0,706.0,739.0,762.0,794.0,804.0,853.0,862.0,876.0,876.0,879.0,881.0,890.0,931.0,998.0,
3.0,15.0,103.0,111.0,173.0,184.0,192.0,199.0,204.0,207.0,245.0,260.0,261.0,377.0,379.0,401.0,407.0,411.0,412.0,427.0,455.0,505.0,514.0,525.0,538.0,546.0,560.0,566.0,568.0,570.0,587.0,609.0,619.0,632.0,710.0,733.0,772.0,785.0,807.0,831.0,850.0,860.0,915.0,975.0,
21.0,29.0,45.0,189.0,199.0,231.0,254.0,271.0,338.0,363.0,395.0,405.0,443.0,446.0,451.0,494.0,519.0,521.0,522.0,524.0,525.0,536.0,537.0,546.0,546.0,552.0,554.0,558.0,560.0,560.0,560.0,563.0,566.0,591.0,593.0,619.0,620.0,622.0,626.0,627.0,632.0,635.0,636.0,657.0,662.0,681.0,682.0,692.0,710.0,715.0,722.0,742.0,755.0,759.0,762.0,801.0,814.0,825.0,841.0,848.0,853.0,853.0,870.0,877.0,879.0,883.0,891.0,892.0,901.0,912.0,926.0,932.0,939.0,957.0,964.0,966.0,971.0,981.0,
31.0,57.0,103.0,114.0,143.0,160.0,177.0,183.0,224.0,243.0,245.0,268.0,288.0,359.0,411.0,415.0,445.0,489.0,496.0,517.0,520.0,522.0,527.0,536.0,548.0,554.0,583.0,584.0,586.0,587.0,588.0,589.0,597.0,618.0,621.0,623.0,647.0,660.0,662.0,663.0,664.0,671.0,676.0,676.0,710.0,739.0,758.0,765.0,774.0,782.0,787.0,790.0,813.0,871.0,965.0,976.0,982.0,983.0,985.0,986.0,995.0,
2.0,53.0,63.0,75.0,83.0,85.0,87.0,98.0,155.0,173.0,176.0,212.0,251.0,255.0,261.0,278.0,291.0,393.0,405.0,437.0,438.0,439.0,442.0,442.0,443.0,511.0,518.0,527.0,535.0,536.0,542.0,546.0,550.0,562.0,563.0,566.0,585.0,585.0,590.0,597.0,629.0,662.0,664.0,680.0,689.0,693.0,703.0,713.0,723.0,743.0,779.0,789.0,792.0,815.0,867.0,873.0,874.0,878.0,893.0,896.0,900.0,990.0,
4.0,57.0,97.0,201.0,211.0,253.0,271.0,277.0,290.0,335.0,355.0,358.0,360.0,478.0,493.0,514.0,527.0,527.0,533.0,533.0,539.0,542.0,542.0,545.0,551.0,559.0,559.0,564.0,566.0,568.0,571.0,584.0,589.0,594.0,597.0,601.0,606.0,609.0,615.0,619.0,627.0,628.0,637.0,637.0,647.0,655.0,670.0,677.0,708.0,710.0,732.0,756.0,762.0,772.0,797.0,800.0,914.0,926.0,937.0,955.0,972.0,
28.0,94.0,137.0,147.0,148.0,166.0,171.0,174.0,267.0,286.0,291.0,338.0,340.0,423.0,434.0,441.0,456.0,473.0,474.0,518.0,518.0,532.0,544.0,566.0,590.0,605.0,612.0,622.0,635.0,650.0,670.0,682.0,685.0,696.0,698.0,706.0,713.0,716.0,717.0,734.0,739.0,756.0,766.0,771.0,775.0,797.0,850.0,880.0,892.0,929.0,936.0,967.0,981.0,
84.0,140.0,149.0,161.0,256.0,279.0,302.0,316.0,323.0,340.0,363.0,366.0,398.0,429.0,441.0,455.0,483.0,515.0,521.0,525.0,526.0,529.0,530.0,532.0,534.0,535.0,542.0,556.0,562.0,565.0,566.0,567.0,570.0,574.0,583.0,587.0,596.0,607.0,612.0,620.0,642.0,642.0,645.0,646.0,667.0,669.0,670.0,673.0,687.0,711.0,714.0,716.0,731.0,742.0,750.0,767.0,771.0,772.0,782.0,784.0,804.0,805.0,818.0,825.0,826.0,945.0,951.0,953.0,959.0,965.0,971.0,984.0,995.0,
11.0,22.0,38.0,128.0,151.0,188.0,204.0,214.0,266.0,282.0,298.0,313.0,333.0,354.0,382.0,451.0,455.0,487.0,511.0,522.0,525.0,526.0,528.0,533.0,544.0,549.0,549.0,549.0,553.0,558.0,558.0,563.0,567.0,594.0,605.0,615.0,615.0,620.0,627.0,643.0,643.0,665.0,686.0,688.0,690.0,692.0,700.0,710.0,715.0,737.0,743.0,752.0,768.0,776.0,782.0,785.0,792.0,798.0,806.0,811.0,817.0,848.0,849.0,859.0,859.0,896.0,903.0,917.0,927.0,933.0,972.0,973.0,975.0,988.0,994.0,
39.0,42.0,52.0,84.0,99.0,149.0,178.0,178.0,198.0,272.0,292.0,370.0,378.0,379.0,414.0,429.0,452.0,486.0,496.0,520.0,565.0,567.0,567.0,589.0,628.0,632.0,652.0,656.0,665.0,675.0,682.0,682.0,712.0,740.0,762.0,820.0,892.0,951.0,
6.0,42.0,60.0,80.0,90.0,93.0,100.0,141.0,155.0,158.0,169.0,187.0,217.0,253.0,255.0,364.0,376.0,419.0,426.0,452.0,469.0,498.0,510.0,579.0,585.0,587.0,599.0,726.0,785.0,832.0,843.0,868.0,976.0,984.0,
25.0,39.0,106.0,120.0,139.0,177.0,185.0,220.0,221.0,228.0,369.0,393.0,443.0,470.0,473.0,489.0,509.0,521.0,521.0,524.0,533.0,535.0,536.0,551.0,566.0,589.0,592.0,606.0,620.0,621.0,623.0,626.0,628.0,637.0,637.0,661.0,669.0,669.0,712.0,714.0,734.0,780.0,790.0,797.0,813.0,848.0,853.0,911.0,926.0,942.0,989.0,
21.0,29.0,49.0,65.0,87.0,111.0,111.0,149.0,180.0,221.0,238.0,243.0,281.0,293.0,302.0,317.0,365.0,375.0,379.0,475.0,493.0,518.0,527.0,529.0,543.0,561.0,562.0,562.0,563.0,565.0,581.0,582.0,591.0,594.0,611.0,617.0,624.0,625.0,649.0,664.0,669.0,670.0,679.0,682.0,683.0,683.0,690.0,705.0,707.0,712.0,725.0,726.0,730.0,748.0,757.0,776.0,801.0,802.0,804.0,816.0,826.0,853.0,915.0,923.0,927.0,947.0,952.0,989.0,993.0,994.0,999.0,999.0,
68.0,70.0,114.0,123.0,139.0,228.0,255.0,278.0,308.0,310.0,402.0,419.0,443.0,451.0,475.0,513.0,514.0,518.0,523.0,529.0,535.0,545.0,552.0,557.0,563.0,568.0,569.0,570.0,571.0,577.0,584.0,595.0,606.0,606.0,640.0,645.0,645.0,654.0,677.0,708.0,748.0,766.0,785.0,799.0,810.0,811.0,829.0,862.0,863.0,889.0,894.0,900.0,932.0,950.0,986.0,
68.0,72.0,77.0,93.0,132.0,176.0,179.0,221.0,239.0,241.0,280.0,283.0,297.0,336.0,338.0,377.0,400.0,428.0,446.0,475.0,477.0,499.0,510.0,520.0,528.0,531.0,532.0,545.0,547.0,553.0,554.0,556.0,560.0,563.0,566.0,581.0,586.0,594.0,596.0,599.0,607.0,617.0,623.0,624.0,637.0,641.0,668.0,727.0,750.0,773.0,776.0,780.0,786.0,794.0,805.0,814.0,819.0,823.0,823.0,848.0,894.0,949.0,951.0,
22.0,47.0,65.0,83.0,108.0,115.0,177.0,209.0,288.0,356.0,357.0,357.0,436.0,473.0,513.0,530.0,531.0,539.0,547.0,549.0,558.0,560.0,561.0,562.0,564.0,574.0,575.0,577.0,579.0,582.0,591.0,593.0,597.0,625.0,634.0,648.0,650.0,650.0,660.0,665.0,674.0,686.0,689.0,712.0,716.0,718.0,733.0,765.0,782.0,844.0,852.0,869.0,873.0,874.0,882.0,884.0,886.0,888.0,896.0,974.0,982.0,990.0,
105.0,119.0,124.0,191.0,192.0,267.0,289.0,293.0,327.0,356.0,481.0,535.0,535.0,535.0,536.0,542.0,547.0,548.0,554.0,560.0,565.0,567.0,568.0,570.0,572.0,573.0,579.0,583.0,586.0,592.0,595.0,608.0,628.0,633.0,644.0,651.0,672.0,677.0,679.0,680.0,684.0,720.0,736.0,748.0,765.0,779.0,789.0,790.0,811.0,817.0,830.0,831.0,911.0,945.0,971.0,973.0,998.0,
31.0,47.0,81.0,156.0,203.0,211.0,301.0,327.0,393.0,396.0,427.0,445.0,450.0,482.0,483.0,485.0,514.0,519.0,526.0,540.0,548.0,587.0,588.0,625.0,627.0,663.0,686.0,705.0,716.0,729.0,742.0,748.0,761.0,763.0,775.0,795.0,806.0,813.0,829.0,829.0,857.0,900.0,909.0,932.0,942.0,949.0,950.0,955.0,961.0,988.0,989.0,992.0,
6.0,77.0,84.0,97.0,105.0,113.0,120.0,125.0,184.0,197.0,223.0,271.0,311.0,312.0,378.0,390.0,520.0,533.0,534.0,534.0,540.0,540.0,544.0,544.0,544.0,549.0,549.0,551.0,554.0,560.0,580.0,590.0,594.0,601.0,611.0,617.0,617.0,641.0,670.0,671.0,674.0,676.0,695.0,701.0,705.0,720.0,723.0,743.0,750.0,754.0,757.0,769.0,772.0,797.0,816.0,824.0,843.0,848.0,861.0,861.0,866.0,868.0,868.0,874.0,878.0,878.0,888.0,890.0,897.0,902.0,928.0,938.0,941.0,943.0,947.0,950.0,951.0,965.0,966.0,983.0,
24.0,100.0,129.0,141.0,160.0,179.0,236.0,256.0,275.0,328.0,334.0,355.0,365.0,391.0,393.0,515.0,524.0,539.0,543.0,549.0,572.0,573.0,594.0,598.0,603.0,605.0,627.0,628.0,635.0,697.0,700.0,725.0,853.0,880.0,890.0,895.0,903.0,937.0,943.0,965.0,991.0,
11.0,40.0,48.0,94.0,104.0,111.0,120.0,141.0,208.0,212.0,217.0,225.0,281.0,288.0,317.0,332.0,379.0,420.0,424.0,459.0,481.0,510.0,523.0,551.0,597.0,645.0,685.0,707.0,746.0,748.0,753.0,760.0,780.0,801.0,827.0,864.0,884.0,903.0,927.0,969.0,982.0,988.0,990.0,
2.0,92.0,235.0,299.0,308.0,324.0,345.0,347.0,357.0,385.0,389.0,419.0,479.0,492.0,521.0,522.0,538.0,546.0,561.0,578.0,586.0,614.0,636.0,654.0,659.0,669.0,688.0,704.0,743.0,746.0,795.0,799.0,821.0,830.0,830.0,838.0,862.0,864.0,924.0,938.0,
5.0,55.0,67.0,82.0,110.0,193.0,225.0,230.0,251.0,269.0,322.0,332.0,352.0,394.0,446.0,484.0,524.0,532.0,536.0,541.0,545.0,551.0,552.0,568.0,584.0,601.0,602.0,603.0,606.0,609.0,629.0,643.0,649.0,655.0,658.0,659.0,676.0,683.0,688.0,707.0,709.0,713.0,717.0,723.0,739.0,767.0,775.0,788.0,791.0,795.0,800.0,822.0,828.0,833.0,834.0,834.0,839.0,854.0,865.0,873.0,886.0,902.0,911.0,926.0,926.0,931.0,937.0,949.0,960.0,966.0,969.0,979.0,994.0,
2.0,31.0,36.0,95.0,176.0,199.0,213.0,255.0,308.0,311.0,337.0,344.0,370.0,414.0,424.0,447.0,522.0,523.0,533.0,537.0,538.0,539.0,539.0,542.0,543.0,546.0,548.0,549.0,553.0,555.0,557.0,559.0,564.0,576.0,585.0,586.0,596.0,602.0,617.0,617.0,621.0,623.0,624.0,626.0,646.0,648.0,649.0,650.0,659.0,663.0,676.0,688.0,694.0,711.0,722.0,740.0,745.0,749.0,769.0,801.0,806.0,826.0,829.0,873.0,889.0,906.0,909.0,979.0,980.0,995.0,996.0,
3.0,4.0,50.0,51.0,137.0,228.0,244.0,250.0,265.0,280.0,341.0,342.0,361.0,370.0,416.0,431.0,466.0,501.0,517.0,522.0,533.0,541.0,554.0,560.0,578.0,589.0,592.0,604.0,605.0,616.0,617.0,617.0,619.0,624.0,634.0,642.0,694.0,701.0,746.0,789.0,812.0,848.0,892.0,919.0,935.0,994.0,994.0,995.0,
5.0,9.0,45.0,68.0,103.0,115.0,126.0,131.0,143.0,179.0,193.0,205.0,212.0,222.0,269.0,299.0,304.0,380.0,401.0,459.0,462.0,518.0,525.0,528.0,530.0,545.0,547.0,548.0,552.0,560.0,565.0,570.0,570.0,609.0,618.0,620.0,622.0,635.0,660.0,669.0,687.0,688.0,691.0,698.0,698.0,709.0,725.0,750.0,766.0,776.0,777.0,787.0,787.0,810.0,826.0,845.0,860.0,873.0,878.0,891.0,896.0,905.0,932.0,951.0,953.0,959.0,977.0,994.0,997.0,
15.0,29.0,53.0,64.0,90.0,110.0,142.0,146.0,148.0,168.0,232.0,253.0,342.0,363.0,415.0,441.0,449.0,451.0,513.0,520.0,523.0,528.0,533.0,535.0,547.0,549.0,562.0,575.0,588.0,591.0,595.0,601.0,610.0,613.0,632.0,635.0,641.0,657.0,664.0,673.0,685.0,693.0,708.0,716.0,717.0,722.0,727.0,727.0,736.0,748.0,753.0,760.0,771.0,790.0,797.0,809.0,821.0,833.0,855.0,911.0,918.0,948.0,975.0,976.0,979.0,999.0,1000.0,
12.0,21.0,23.0,56.0,62.0,105.0,107.0,135.0,147.0,148.0,163.0,215.0,217.0,242.0,243.0,254.0,277.0,278.0,347.0,389.0,394.0,407.0,447.0,448.0,493.0,509.0,509.0,527.0,527.0,534.0,544.0,548.0,550.0,554.0,562.0,565.0,576.0,583.0,583.0,598.0,606.0,623.0,649.0,651.0,655.0,655.0,659.0,669.0,684.0,697.0,734.0,757.0,758.0,775.0,780.0,817.0,820.0,847.0,848.0,858.0,874.0,889.0,896.0,896.0,910.0,926.0,928.0,930.0,938.0,942.0,953.0,976.0,
8.0,11.0,77.0,112.0,185.0,247.0,248.0,261.0,272.0,358.0,384.0,412.0,451.0,458.0,483.0,508.0,509.0,515.0,520.0,522.0,525.0,525.0,531.0,532.0,540.0,546.0,551.0,560.0,570.0,571.0,572.0,573.0,578.0,581.0,595.0,597.0,604.0,612.0,621.0,626.0,644.0,645.0,647.0,648.0,650.0,657.0,663.0,664.0,667.0,679.0,693.0,709.0,725.0,742.0,742.0,774.0,775.0,783.0,784.0,784.0,822.0,849.0,879.0,887.0,889.0,893.0,893.0,895.0,909.0,921.0,928.0,950.0,967.0,971.0,975.0,975.0,
33.0,38.0,58.0,67.0,106.0,151.0,156.0,177.0,214.0,261.0,283.0,332.0,348.0,354.0,381.0,407.0,451.0,480.0,493.0,550.0,579.0,590.0,633.0,636.0,689.0,719.0,784.0,817.0,831.0,835.0,840.0,846.0,851.0,963.0,981.0,985.0,999.0,
4.0,7.0,60.0,86.0,103.0,135.0,145.0,182.0,244.0,284.0,285.0,323.0,335.0,337.0,352.0,365.0,431.0,487.0,513.0,530.0,534.0,538.0,638.0,665.0,680.0,695.0,739.0,757.0,771.0,775.0,786.0,800.0,858.0,861.0,866.0,878.0,902.0,988.0,
30.0,48.0,83.0,83.0,106.0,112.0,132.0,166.0,183.0,188.0,194.0,233.0,277.0,297.0,307.0,310.0,323.0,338.0,369.0,394.0,413.0,442.0,457.0,488.0,637.0,681.0,682.0,687.0,693.0,701.0,810.0,811.0,884.0,908.0,935.0,938.0,957.0,966.0,983.0,984.0,999.0,
25.0,57.0,63.0,75.0,131.0,167.0,203.0,245.0,249.0,297.0,340.0,342.0,350.0,351.0,382.0,390.0,409.0,428.0,429.0,442.0,461.0,519.0,522.0,546.0,552.0,555.0,560.0,561.0,562.0,569.0,573.0,583.0,585.0,590.0,591.0,607.0,611.0,621.0,627.0,628.0,636.0,638.0,649.0,657.0,660.0,670.0,677.0,694.0,713.0,717.0,730.0,731.0,739.0,762.0,789.0,824.0,829.0,837.0,855.0,891.0,893.0,896.0,899.0,915.0,917.0,929.0,935.0,939.0,970.0,992.0,999.0,
29.0,81.0,186.0,212.0,234.0,237.0,254.0,269.0,277.0,328.0,371.0,371.0,385.0,390.0,439.0,461.0,463.0,467.0,480.0,499.0,502.0,524.0,526.0,535.0,539.0,549.0,553.0,559.0,564.0,577.0,583.0,594.0,601.0,601.0,604.0,611.0,612.0,646.0,656.0,664.0,665.0,682.0,687.0,690.0,692.0,701.0,728.0,732.0,774.0,776.0,818.0,824.0,859.0,887.0,899.0,903.0,910.0,980.0,980.0,
25.0,26.0,42.0,49.0,60.0,102.0,115.0,135.0,204.0,208.0,257.0,298.0,300.0,305.0,327.0,370.0,415.0,489.0,520.0,521.0,524.0,528.0,545.0,545.0,548.0,549.0,550.0,560.0,560.0,570.0,575.0,577.0,582.0,584.0,594.0,600.0,604.0,609.0,614.0,619.0,628.0,635.0,635.0,636.0,652.0,675.0,698.0,710.0,724.0,727.0,734.0,747.0,750.0,751.0,786.0,795.0,812.0,812.0,825.0,829.0,839.0,851.0,867.0,881.0,893.0,900.0,908.0,976.0,977.0,977.0,
48.0,63.0,120.0,123.0,135.0,158.0,160.0,162.0,181.0,194.0,200.0,253.0,272.0,286.0,308.0,343.0,344.0,365.0,396.0,509.0,525.0,529.0,530.0,531.0,536.0,542.0,548.0,550.0,552.0,556.0,556.0,568.0,574.0,581.0,585.0,604.0,616.0,632.0,635.0,638.0,641.0,643.0,651.0,652.0,688.0,711.0,712.0,714.0,728.0,776.0,795.0,800.0,804.0,808.0,814.0,858.0,861.0,883.0,924.0,986.0,
8.0,53.0,96.0,144.0,144.0,144.0,145.0,182.0,229.0,334.0,335.0,348.0,358.0,366.0,372.0,435.0,439.0,469.0,478.0,500.0,517.0,520.0,524.0,528.0,528.0,536.0,547.0,550.0,550.0,558.0,562.0,571.0,585.0,586.0,587.0,613.0,613.0,614.0,618.0,632.0,645.0,647.0,671.0,676.0,684.0,692.0,705.0,717.0,726.0,730.0,731.0,767.0,768.0,786.0,860.0,894.0,909.0,912.0,935.0,964.0,968.0,995.0,997.0,
5.0,9.0,60.0,63.0,69.0,96.0,103.0,104.0,107.0,148.0,164.0,205.0,267.0,272.0,283.0,326.0,403.0,413.0,447.0,447.0,449.0,488.0,490.0,519.0,531.0,538.0,543.0,546.0,551.0,556.0,568.0,572.0,575.0,580.0,586.0,590.0,600.0,602.0,603.0,624.0,641.0,645.0,646.0,649.0,663.0,669.0,692.0,707.0,713.0,720.0,728.0,730.0,736.0,737.0,754.0,758.0,760.0,779.0,787.0,800.0,810.0,833.0,845.0,879.0,890.0,896.0,898.0,907.0,928.0,930.0,933.0,941.0,947.0,951.0,981.0,982.0,984.0,994.0,
24.0,57.0,71.0,202.0,215.0,326.0,378.0,393.0,401.0,401.0,424.0,437.0,517.0,527.0,528.0,535.0,545.0,545.0,545.0,549.0,555.0,566.0,568.0,573.0,589.0,600.0,604.0,605.0,616.0,616.0,620.0,626.0,631.0,640.0,654.0,657.0,659.0,681.0,707.0,711.0,712.0,741.0,749.0,756.0,775.0,782.0,822.0,827.0,834.0,864.0,869.0,874.0,874.0,922.0,939.0,
17.0,42.0,44.0,78.0,98.0,99.0,102.0,198.0,236.0,253.0,284.0,336.0,366.0,369.0,486.0,539.0,554.0,562.0,633.0,781.0,927.0,950.0,
7.0,24.0,37.0,48.0,59.0,71.0,73.0,91.0,96.0,97.0,105.0,135.0,145.0,185.0,236.0,274.0,286.0,290.0,299.0,341.0,365.0,390.0,396.0,439.0,461.0,482.0,487.0,564.0,565.0,572.0,574.0,593.0,605.0,625.0,633.0,649.0,683.0,722.0,732.0,742.0,754.0,779.0,797.0,824.0,825.0,904.0,949.0,955.0,967.0,
57.0,63.0,100.0,222.0,288.0,288.0,330.0,351.0,386.0,406.0,407.0,427.0,474.0,482.0,495.0,559.0,627.0,645.0,650.0,722.0,789.0,813.0,850.0,854.0,887.0,
3.0,47.0,67.0,70.0,122.0,125.0,136.0,149.0,172.0,204.0,215.0,240.0,243.0,283.0,297.0,305.0,317.0,334.0,336.0,339.0,352.0,403.0,456.0,456.0,462.0,485.0,518.0,524.0,531.0,556.0,564.0,619.0,622.0,693.0,858.0,925.0,
60.0,69.0,105.0,127.0,131.0,159.0,165.0,210.0,216.0,242.0,264.0,290.0,343.0,347.0,358.0,358.0,372.0,381.0,387.0,421.0,457.0,471.0,476.0,510.0,522.0,533.0,536.0,536.0,541.0,560.0,581.0,592.0,604.0,609.0,625.0,626.0,635.0,637.0,643.0,652.0,666.0,672.0,717.0,721.0,724.0,735.0,739.0,765.0,790.0,792.0,831.0,840.0,846.0,846.0,858.0,863.0,865.0,872.0,885.0,896.0,897.0,952.0,955.0,957.0,
69.0,171.0,178.0,186.0,197.0,221.0,234.0,300.0,338.0,338.0,396.0,468.0,476.0,480.0,522.0,526.0,532.0,533.0,535.0,539.0,549.0,558.0,561.0,564.0,567.0,570.0,584.0,588.0,588.0,597.0,605.0,614.0,628.0,628.0,632.0,633.0,634.0,635.0,646.0,647.0,653.0,662.0,672.0,683.0,684.0,689.0,697.0,701.0,710.0,719.0,723.0,747.0,748.0,793.0,812.0,819.0,824.0,837.0,848.0,857.0,880.0,884.0,912.0,912.0,922.0,939.0,961.0,971.0,987.0,995.0,
59.0,72.0,75.0,78.0,161.0,173.0,173.0,177.0,262.0,299.0,420.0,508.0,520.0,521.0,523.0,536.0,538.0,543.0,546.0,547.0,549.0,552.0,553.0,559.0,569.0,570.0,574.0,575.0,579.0,579.0,591.0,592.0,609.0,614.0,614.0,614.0,618.0,620.0,626.0,631.0,633.0,643.0,654.0,658.0,676.0,678.0,680.0,694.0,695.0,709.0,710.0,721.0,734.0,758.0,783.0,805.0,806.0,822.0,842.0,862.0,875.0,878.0,888.0,914.0,954.0,955.0,962.0,965.0,966.0,972.0,983.0,990.0,
8.0,133.0,168.0,236.0,306.0,344.0,371.0,396.0,400.0,415.0,418.0,421.0,450.0,455.0,467.0,488.0,502.0,511.0,527.0,532.0,538.0,539.0,545.0,546.0,552.0,557.0,557.0,564.0,573.0,579.0,583.0,586.0,588.0,601.0,614.0,614.0,623.0,647.0,653.0,666.0,667.0,682.0,686.0,690.0,698.0,703.0,707.0,758.0,779.0,783.0,785.0,787.0,790.0,802.0,845.0,849.0,857.0,860.0,864.0,879.0,920.0,952.0,976.0,978.0,
54.0,90.0,115.0,133.0,184.0,197.0,207.0,270.0,277.0,306.0,317.0,324.0,351.0,377.0,433.0,461.0,481.0,522.0,532.0,535.0,536.0,537.0,543.0,546.0,563.0,572.0,577.0,584.0,590.0,590.0,600.0,605.0,610.0,613.0,614.0,620.0,641.0,642.0,656.0,669.0,683.0,689.0,698.0,715.0,728.0,735.0,751.0,760.0,807.0,810.0,811.0,811.0,824.0,842.0,864.0,868.0,876.0,919.0,937.0,939.0,941.0,945.0,985.0,1000.0,
12.0,25.0,32.0,64.0,113.0,148.0,150.0,172.0,184.0,185.0,228.0,239.0,249.0,313.0,313.0,342.0,439.0,447.0,482.0,487.0,515.0,535.0,545.0,553.0,554.0,561.0,566.0,576.0,579.0,594.0,596.0,663.0,712.0,749.0,795.0,832.0,941.0,
7.0,20.0,50.0,113.0,134.0,150.0,168.0,187.0,211.0,229.0,283.0,323.0,332.0,334.0,394.0,423.0,449.0,459.0,476.0,600.0,661.0,702.0,760.0,760.0,769.0,795.0,919.0,929.0,994.0,
18.0,28.0,41.0,46.0,54.0,61.0,71.0,104.0,105.0,106.0,128.0,153.0,222.0,240.0,257.0,260.0,339.0,344.0,357.0,382.0,392.0,444.0,457.0,465.0,467.0,470.0,517.0,519.0,636.0,655.0,683.0,701.0,721.0,740.0,746.0,797.0,798.0,859.0,981.0,
104.0,157.0,186.0,254.0,261.0,268.0,282.0,310.0,314.0,337.0,382.0,392.0,446.0,477.0,499.0,543.0,690.0,710.0,787.0,797.0,830.0,902.0,920.0,953.0,
7.0,30.0,60.0,202.0,224.0,224.0,307.0,324.0,389.0,390.0,421.0,439.0,461.0,483.0,491.0,493.0,541.0,559.0,560.0,596.0,646.0,721.0,740.0,780.0,781.0,920.0,923.0,
16.0,93.0,149.0,150.0,214.0,232.0,301.0,323.0,337.0,351.0,370.0,429.0,454.0,456.0,489.0,512.0,521.0,545.0,702.0,732.0,747.0,812.0,830.0,854.0,864.0,873.0,908.0,915.0,916.0,952.0,
51.0,61.0,86.0,96.0,105.0,133.0,163.0,190.0,199.0,215.0,218.0,229.0,234.0,258.0,339.0,395.0,422.0,464.0,505.0,516.0,518.0,527.0,532.0,538.0,544.0,547.0,552.0,558.0,566.0,572.0,599.0,601.0,628.0,633.0,635.0,646.0,659.0,662.0,682.0,785.0,823.0,833.0,837.0,853.0,860.0,885.0,902.0,924.0,932.0,
7.0,36.0,43.0,55.0,87.0,112.0,113.0,116.0,118.0,126.0,150.0,168.0,176.0,230.0,264.0,266.0,309.0,313.0,348.0,400.0,416.0,424.0,491.0,506.0,508.0,525.0,536.0,537.0,540.0,541.0,542.0,544.0,559.0,568.0,582.0,592.0,625.0,649.0,649.0,658.0,683.0,698.0,726.0,765.0,776.0,790.0,819.0,819.0,835.0,918.0,976.0,
15.0,34.0,100.0,102.0,111.0,121.0,123.0,156.0,162.0,271.0,273.0,286.0,290.0,312.0,338.0,371.0,380.0,451.0,463.0,531.0,533.0,571.0,571.0,585.0,605.0,610.0,632.0,648.0,656.0,702.0,711.0,720.0,744.0,752.0,829.0,843.0,889.0,905.0,
3.0,28.0,106.0,183.0,269.0,272.0,302.0,322.0,334.0,335.0,358.0,379.0,426.0,471.0,523.0,544.0,550.0,554.0,635.0,679.0,783.0,838.0,928.0,931.0,937.0,971.0,978.0,
30.0,55.0,91.0,101.0,125.0,131.0,150.0,181.0,195.0,198.0,200.0,203.0,231.0,307.0,327.0,387.0,403.0,423.0,431.0,444.0,474.0,496.0,514.0,535.0,577.0,596.0,603.0,628.0,638.0,647.0,659.0,758.0,836.0,838.0,882.0,885.0,891.0,909.0,937.0,944.0,
64.0,78.0,144.0,191.0,201.0,253.0,255.0,258.0,302.0,363.0,380.0,399.0,414.0,456.0,546.0,556.0,560.0,600.0,605.0,622.0,651.0,662.0,678.0,735.0,766.0,779.0,875.0,878.0,953.0,965.0,970.0,977.0,
