27.0,32.0,45.0,73.0,74.0,83.0,90.0,110.0,130.0,204.0,209.0,259.0,291.0,308.0,337.0,398.0,420.0,436.0,437.0,439.0,493.0,537.0,538.0,561.0,589.0,651.0,666.0,669.0,689.0,707.0,733.0,764.0,766.0,775.0,807.0,837.0,872.0,894.0,910.0,911.0,932.0,935.0,939.0,981.0,981.0,
20.0,22.0,38.0,47.0,56.0,65.0,80.0,107.0,119.0,139.0,163.0,168.0,271.0,292.0,296.0,301.0,321.0,343.0,373.0,383.0,390.0,523.0,523.0,558.0,589.0,617.0,633.0,689.0,729.0,740.0,787.0,800.0,820.0,905.0,927.0,939.0,966.0,989.0,
12.0,20.0,108.0,126.0,140.0,147.0,190.0,235.0,238.0,262.0,296.0,304.0,346.0,409.0,422.0,423.0,438.0,466.0,494.0,544.0,559.0,564.0,579.0,614.0,625.0,639.0,649.0,675.0,717.0,771.0,799.0,807.0,824.0,827.0,857.0,858.0,861.0,863.0,868.0,902.0,
9.0,47.0,67.0,69.0,85.0,88.0,98.0,100.0,104.0,167.0,191.0,193.0,205.0,225.0,225.0,258.0,277.0,327.0,361.0,397.0,446.0,505.0,520.0,533.0,580.0,637.0,781.0,791.0,795.0,797.0,804.0,807.0,866.0,867.0,902.0,912.0,930.0,952.0,
6.0,6.0,120.0,149.0,214.0,223.0,241.0,245.0,262.0,265.0,373.0,396.0,409.0,458.0,494.0,500.0,537.0,545.0,574.0,591.0,617.0,885.0,889.0,907.0,944.0,969.0,983.0,
9.0,150.0,152.0,266.0,357.0,366.0,377.0,432.0,448.0,491.0,625.0,769.0,853.0,859.0,882.0,901.0,915.0,973.0,990.0,
3.0,16.0,35.0,40.0,110.0,144.0,153.0,184.0,186.0,194.0,197.0,224.0,235.0,235.0,237.0,242.0,288.0,313.0,377.0,402.0,453.0,461.0,483.0,515.0,529.0,540.0,555.0,660.0,721.0,782.0,893.0,
90.0,102.0,113.0,115.0,122.0,160.0,204.0,263.0,288.0,316.0,330.0,333.0,366.0,373.0,377.0,396.0,437.0,495.0,517.0,680.0,726.0,750.0,758.0,766.0,779.0,804.0,824.0,829.0,932.0,934.0,942.0,951.0,975.0,
4.0,19.0,33.0,53.0,77.0,133.0,233.0,324.0,329.0,332.0,373.0,453.0,474.0,480.0,519.0,521.0,529.0,578.0,591.0,611.0,634.0,725.0,752.0,777.0,777.0,799.0,809.0,834.0,862.0,908.0,910.0,914.0,920.0,976.0,977.0,
7.0,13.0,15.0,80.0,85.0,116.0,129.0,176.0,180.0,230.0,290.0,329.0,372.0,403.0,404.0,413.0,423.0,440.0,512.0,534.0,547.0,594.0,613.0,624.0,630.0,636.0,659.0,694.0,694.0,698.0,726.0,740.0,768.0,845.0,892.0,894.0,910.0,918.0,
10.0,66.0,101.0,124.0,147.0,161.0,175.0,206.0,338.0,342.0,361.0,385.0,390.0,397.0,413.0,418.0,488.0,513.0,522.0,545.0,546.0,572.0,620.0,645.0,674.0,734.0,744.0,764.0,777.0,805.0,810.0,835.0,839.0,874.0,935.0,947.0,955.0,985.0,1000.0,
12.0,45.0,92.0,100.0,118.0,123.0,143.0,150.0,155.0,182.0,188.0,213.0,236.0,236.0,254.0,286.0,333.0,335.0,383.0,396.0,440.0,509.0,512.0,519.0,533.0,604.0,620.0,661.0,683.0,769.0,828.0,912.0,944.0,967.0,981.0,998.0,
9.0,43.0,144.0,186.0,188.0,189.0,260.0,270.0,333.0,370.0,380.0,394.0,399.0,411.0,420.0,432.0,453.0,469.0,494.0,520.0,563.0,603.0,690.0,696.0,720.0,810.0,860.0,979.0,998.0,999.0,
128.0,213.0,239.0,249.0,251.0,301.0,301.0,318.0,346.0,424.0,501.0,554.0,569.0,587.0,663.0,807.0,859.0,880.0,882.0,891.0,894.0,904.0,917.0,958.0,
100.0,123.0,140.0,166.0,178.0,190.0,231.0,264.0,267.0,380.0,406.0,463.0,484.0,494.0,505.0,508.0,536.0,539.0,539.0,595.0,604.0,613.0,647.0,673.0,680.0,683.0,715.0,736.0,750.0,796.0,797.0,836.0,897.0,976.0,
23.0,31.0,40.0,70.0,92.0,95.0,129.0,131.0,147.0,162.0,195.0,198.0,207.0,218.0,246.0,275.0,300.0,345.0,377.0,390.0,430.0,443.0,446.0,453.0,466.0,474.0,480.0,491.0,520.0,526.0,528.0,537.0,548.0,567.0,570.0,579.0,584.0,592.0,593.0,612.0,620.0,640.0,653.0,655.0,676.0,679.0,687.0,689.0,748.0,753.0,762.0,769.0,788.0,797.0,824.0,837.0,843.0,858.0,906.0,908.0,933.0,942.0,952.0,966.0,968.0,971.0,994.0,
16.0,19.0,49.0,66.0,119.0,134.0,204.0,215.0,244.0,245.0,263.0,268.0,282.0,294.0,295.0,317.0,319.0,387.0,419.0,429.0,475.0,478.0,481.0,493.0,503.0,520.0,525.0,548.0,554.0,556.0,559.0,577.0,600.0,637.0,654.0,659.0,659.0,661.0,684.0,686.0,707.0,709.0,711.0,720.0,742.0,759.0,795.0,825.0,830.0,864.0,870.0,899.0,917.0,970.0,971.0,975.0,977.0,
41.0,76.0,100.0,137.0,167.0,195.0,201.0,202.0,224.0,265.0,319.0,337.0,370.0,428.0,433.0,443.0,446.0,447.0,491.0,494.0,495.0,496.0,516.0,524.0,551.0,617.0,624.0,683.0,717.0,861.0,
61.0,81.0,114.0,150.0,188.0,191.0,205.0,265.0,271.0,281.0,308.0,387.0,449.0,519.0,537.0,595.0,649.0,655.0,656.0,727.0,746.0,842.0,851.0,872.0,876.0,920.0,967.0,976.0,996.0,
2.0,41.0,114.0,115.0,147.0,148.0,158.0,180.0,196.0,199.0,211.0,259.0,316.0,356.0,358.0,369.0,448.0,455.0,466.0,485.0,523.0,535.0,634.0,660.0,674.0,697.0,765.0,766.0,826.0,846.0,850.0,858.0,871.0,893.0,935.0,935.0,964.0,
34.0,49.0,138.0,207.0,233.0,247.0,263.0,283.0,322.0,328.0,348.0,408.0,420.0,498.0,507.0,538.0,562.0,595.0,649.0,656.0,681.0,716.0,741.0,776.0,789.0,803.0,834.0,834.0,854.0,873.0,877.0,925.0,937.0,943.0,977.0,994.0,
92.0,162.0,196.0,206.0,213.0,244.0,254.0,306.0,405.0,424.0,446.0,462.0,520.0,529.0,542.0,557.0,611.0,615.0,635.0,642.0,712.0,820.0,894.0,930.0,933.0,937.0,955.0,983.0,
11.0,12.0,41.0,48.0,106.0,123.0,143.0,163.0,177.0,204.0,211.0,211.0,245.0,257.0,284.0,357.0,369.0,404.0,418.0,423.0,431.0,451.0,479.0,503.0,519.0,540.0,543.0,551.0,558.0,560.0,567.0,569.0,627.0,641.0,645.0,655.0,663.0,703.0,714.0,732.0,741.0,826.0,902.0,920.0,956.0,999.0,
22.0,24.0,86.0,107.0,121.0,145.0,182.0,188.0,188.0,207.0,263.0,276.0,289.0,406.0,413.0,430.0,501.0,523.0,528.0,530.0,535.0,542.0,543.0,543.0,544.0,546.0,555.0,560.0,564.0,564.0,566.0,572.0,574.0,595.0,600.0,611.0,617.0,635.0,636.0,642.0,653.0,677.0,690.0,731.0,737.0,745.0,758.0,765.0,768.0,775.0,792.0,793.0,809.0,826.0,835.0,839.0,839.0,841.0,866.0,913.0,967.0,970.0,
7.0,12.0,93.0,133.0,167.0,185.0,191.0,222.0,226.0,253.0,257.0,316.0,383.0,424.0,426.0,449.0,502.0,513.0,515.0,528.0,532.0,535.0,535.0,536.0,538.0,546.0,546.0,546.0,547.0,550.0,552.0,563.0,564.0,567.0,575.0,581.0,582.0,582.0,601.0,612.0,615.0,622.0,623.0,645.0,660.0,676.0,695.0,704.0,705.0,708.0,730.0,733.0,738.0,751.0,766.0,782.0,799.0,812.0,816.0,837.0,844.0,855.0,866.0,868.0,876.0,877.0,891.0,954.0,961.0,966.0,966.0,977.0,979.0,991.0,994.0,994.0,997.0,
20.0,62.0,64.0,164.0,186.0,188.0,195.0,315.0,375.0,393.0,415.0,423.0,447.0,477.0,481.0,530.0,531.0,534.0,549.0,560.0,564.0,570.0,580.0,583.0,605.0,608.0,615.0,618.0,620.0,630.0,653.0,656.0,694.0,700.0,703.0,706.0,729.0,729.0,735.0,751.0,752.0,758.0,832.0,867.0,915.0,931.0,934.0,946.0,947.0,984.0,992.0,
20.0,62.0,93.0,119.0,142.0,165.0,184.0,197.0,224.0,284.0,291.0,299.0,301.0,315.0,323.0,337.0,357.0,368.0,375.0,411.0,414.0,422.0,450.0,462.0,521.0,530.0,536.0,538.0,545.0,549.0,562.0,563.0,572.0,581.0,583.0,588.0,588.0,600.0,603.0,609.0,613.0,614.0,631.0,653.0,674.0,685.0,693.0,699.0,713.0,715.0,718.0,733.0,737.0,751.0,755.0,790.0,839.0,844.0,857.0,869.0,879.0,909.0,913.0,919.0,928.0,931.0,939.0,944.0,948.0,952.0,969.0,970.0,978.0,
19.0,61.0,186.0,187.0,188.0,202.0,226.0,229.0,240.0,247.0,248.0,388.0,394.0,397.0,401.0,405.0,448.0,460.0,495.0,503.0,530.0,532.0,532.0,542.0,544.0,549.0,553.0,558.0,561.0,570.0,571.0,572.0,573.0,574.0,574.0,576.0,584.0,593.0,598.0,601.0,603.0,610.0,614.0,619.0,650.0,658.0,666.0,684.0,693.0,699.0,711.0,723.0,723.0,728.0,730.0,745.0,746.0,751.0,752.0,773.0,795.0,809.0,826.0,831.0,832.0,835.0,876.0,881.0,893.0,911.0,944.0,945.0,957.0,986.0,989.0,1000.0,
12.0,39.0,67.0,74.0,79.0,81.0,94.0,134.0,166.0,216.0,248.0,325.0,347.0,388.0,522.0,541.0,555.0,562.0,565.0,570.0,604.0,608.0,640.0,665.0,669.0,693.0,697.0,701.0,706.0,752.0,753.0,759.0,780.0,816.0,838.0,871.0,876.0,908.0,911.0,931.0,933.0,948.0,977.0,986.0,988.0,993.0,
6.0,43.0,48.0,59.0,79.0,125.0,147.0,159.0,200.0,254.0,291.0,296.0,326.0,448.0,456.0,460.0,468.0,479.0,494.0,512.0,561.0,606.0,622.0,623.0,758.0,858.0,878.0,900.0,920.0,944.0,947.0,997.0,
23.0,59.0,108.0,127.0,165.0,176.0,183.0,271.0,310.0,313.0,318.0,329.0,367.0,397.0,406.0,408.0,429.0,436.0,451.0,468.0,486.0,546.0,574.0,585.0,589.0,619.0,621.0,630.0,643.0,644.0,665.0,703.0,717.0,782.0,810.0,847.0,848.0,902.0,905.0,912.0,947.0,990.0,
22.0,38.0,62.0,139.0,172.0,283.0,299.0,306.0,340.0,340.0,344.0,373.0,420.0,458.0,472.0,501.0,513.0,528.0,556.0,561.0,580.0,593.0,596.0,659.0,703.0,703.0,752.0,810.0,818.0,829.0,830.0,883.0,963.0,
2.0,27.0,42.0,81.0,193.0,243.0,254.0,331.0,357.0,361.0,433.0,442.0,452.0,460.0,471.0,508.0,514.0,514.0,542.0,552.0,555.0,558.0,591.0,609.0,617.0,636.0,642.0,653.0,670.0,671.0,685.0,685.0,697.0,711.0,712.0,732.0,745.0,770.0,775.0,779.0,784.0,787.0,791.0,801.0,813.0,823.0,831.0,845.0,853.0,863.0,869.0,914.0,931.0,944.0,949.0,
28.0,105.0,144.0,169.0,201.0,225.0,247.0,295.0,329.0,329.0,386.0,445.0,468.0,497.0,498.0,499.0,513.0,516.0,527.0,536.0,537.0,538.0,544.0,545.0,549.0,557.0,572.0,573.0,579.0,581.0,586.0,610.0,624.0,624.0,626.0,645.0,669.0,671.0,672.0,677.0,683.0,689.0,692.0,708.0,727.0,749.0,756.0,847.0,848.0,863.0,868.0,870.0,871.0,872.0,875.0,889.0,892.0,894.0,912.0,930.0,935.0,941.0,984.0,990.0,
27.0,42.0,110.0,129.0,144.0,197.0,202.0,300.0,362.0,374.0,410.0,484.0,517.0,525.0,528.0,530.0,530.0,533.0,537.0,542.0,548.0,551.0,555.0,567.0,568.0,569.0,570.0,584.0,600.0,605.0,608.0,627.0,627.0,634.0,635.0,644.0,647.0,655.0,685.0,687.0,724.0,738.0,749.0,762.0,767.0,770.0,770.0,793.0,807.0,835.0,893.0,897.0,911.0,914.0,925.0,955.0,967.0,
16.0,39.0,43.0,43.0,44.0,50.0,50.0,56.0,76.0,95.0,134.0,162.0,183.0,186.0,243.0,246.0,277.0,347.0,383.0,445.0,529.0,536.0,537.0,542.0,548.0,548.0,552.0,553.0,562.0,567.0,573.0,588.0,589.0,596.0,602.0,612.0,621.0,634.0,665.0,670.0,679.0,685.0,698.0,702.0,709.0,710.0,712.0,713.0,762.0,784.0,801.0,806.0,808.0,809.0,828.0,831.0,831.0,839.0,851.0,878.0,886.0,889.0,898.0,905.0,907.0,931.0,961.0,964.0,966.0,969.0,996.0,
9.0,13.0,15.0,63.0,65.0,128.0,132.0,155.0,199.0,218.0,220.0,246.0,250.0,281.0,299.0,306.0,398.0,418.0,442.0,449.0,488.0,518.0,525.0,529.0,529.0,531.0,535.0,535.0,538.0,539.0,539.0,539.0,555.0,559.0,559.0,571.0,576.0,577.0,580.0,580.0,580.0,597.0,598.0,604.0,612.0,617.0,617.0,636.0,638.0,647.0,661.0,684.0,691.0,699.0,706.0,715.0,715.0,728.0,744.0,754.0,764.0,767.0,772.0,781.0,790.0,812.0,844.0,874.0,888.0,889.0,963.0,986.0,998.0,
30.0,82.0,85.0,110.0,110.0,136.0,139.0,185.0,234.0,247.0,258.0,324.0,360.0,389.0,474.0,491.0,494.0,499.0,507.0,512.0,516.0,522.0,533.0,538.0,538.0,540.0,542.0,543.0,543.0,543.0,557.0,560.0,561.0,562.0,574.0,580.0,587.0,592.0,592.0,595.0,627.0,645.0,650.0,652.0,695.0,727.0,759.0,764.0,817.0,818.0,851.0,852.0,865.0,885.0,924.0,942.0,944.0,948.0,976.0,978.0,
30.0,34.0,151.0,165.0,175.0,176.0,262.0,329.0,337.0,379.0,428.0,440.0,530.0,546.0,548.0,551.0,557.0,565.0,569.0,570.0,572.0,578.0,589.0,590.0,627.0,655.0,659.0,664.0,680.0,686.0,703.0,705.0,726.0,747.0,788.0,804.0,826.0,837.0,848.0,880.0,882.0,888.0,915.0,920.0,932.0,952.0,979.0,
15.0,50.0,78.0,122.0,124.0,125.0,127.0,133.0,138.0,172.0,173.0,173.0,191.0,220.0,223.0,260.0,286.0,289.0,436.0,497.0,509.0,540.0,542.0,555.0,570.0,582.0,607.0,691.0,774.0,790.0,881.0,889.0,919.0,946.0,986.0,
11.0,71.0,114.0,121.0,148.0,158.0,165.0,239.0,260.0,305.0,306.0,313.0,326.0,347.0,373.0,411.0,472.0,489.0,512.0,532.0,573.0,725.0,783.0,849.0,856.0,938.0,981.0,
15.0,25.0,77.0,100.0,171.0,186.0,194.0,203.0,248.0,251.0,271.0,276.0,277.0,277.0,360.0,362.0,454.0,470.0,480.0,488.0,502.0,527.0,535.0,535.0,539.0,539.0,546.0,560.0,576.0,582.0,589.0,599.0,622.0,625.0,642.0,653.0,696.0,718.0,732.0,736.0,772.0,806.0,810.0,836.0,937.0,961.0,971.0,980.0,
10.0,16.0,30.0,31.0,44.0,56.0,69.0,89.0,121.0,145.0,182.0,251.0,305.0,315.0,322.0,332.0,344.0,463.0,501.0,522.0,533.0,540.0,544.0,552.0,560.0,565.0,568.0,570.0,575.0,582.0,584.0,588.0,593.0,612.0,614.0,620.0,623.0,623.0,637.0,642.0,644.0,675.0,675.0,677.0,684.0,684.0,689.0,727.0,730.0,732.0,752.0,758.0,788.0,788.0,799.0,810.0,812.0,840.0,840.0,861.0,899.0,900.0,900.0,912.0,919.0,929.0,934.0,977.0,
24.0,52.0,84.0,99.0,179.0,206.0,214.0,229.0,231.0,233.0,283.0,345.0,351.0,363.0,371.0,392.0,425.0,436.0,454.0,468.0,473.0,490.0,490.0,515.0,522.0,524.0,529.0,531.0,536.0,540.0,547.0,557.0,558.0,575.0,595.0,596.0,619.0,646.0,655.0,657.0,659.0,660.0,661.0,677.0,679.0,685.0,689.0,694.0,722.0,725.0,756.0,785.0,786.0,786.0,814.0,831.0,883.0,883.0,890.0,911.0,918.0,946.0,952.0,962.0,964.0,974.0,978.0,985.0,998.0,1000.0,
22.0,25.0,63.0,72.0,94.0,110.0,122.0,130.0,149.0,193.0,275.0,316.0,341.0,353.0,357.0,397.0,400.0,407.0,416.0,425.0,435.0,456.0,489.0,500.0,518.0,521.0,521.0,530.0,531.0,544.0,554.0,556.0,563.0,565.0,566.0,577.0,581.0,590.0,594.0,597.0,598.0,599.0,608.0,614.0,647.0,653.0,660.0,677.0,680.0,692.0,710.0,753.0,758.0,769.0,822.0,824.0,829.0,856.0,866.0,891.0,892.0,899.0,908.0,916.0,918.0,921.0,924.0,947.0,953.0,960.0,980.0,990.0,
13.0,37.0,68.0,138.0,150.0,164.0,166.0,168.0,190.0,202.0,209.0,306.0,308.0,328.0,344.0,357.0,359.0,472.0,493.0,511.0,516.0,524.0,525.0,530.0,533.0,547.0,550.0,556.0,558.0,559.0,561.0,564.0,569.0,570.0,570.0,587.0,597.0,603.0,612.0,631.0,637.0,646.0,700.0,701.0,702.0,722.0,726.0,732.0,750.0,750.0,756.0,792.0,830.0,832.0,842.0,858.0,861.0,873.0,877.0,883.0,894.0,938.0,951.0,991.0,1000.0,
62.0,148.0,201.0,254.0,286.0,312.0,385.0,409.0,473.0,511.0,518.0,523.0,526.0,532.0,536.0,539.0,541.0,544.0,556.0,562.0,563.0,563.0,568.0,573.0,583.0,584.0,589.0,607.0,607.0,612.0,615.0,616.0,622.0,625.0,646.0,660.0,671.0,673.0,683.0,692.0,715.0,736.0,739.0,757.0,758.0,764.0,771.0,823.0,829.0,845.0,847.0,905.0,906.0,943.0,966.0,967.0,995.0,998.0,
15.0,31.0,54.0,85.0,143.0,143.0,149.0,158.0,184.0,184.0,214.0,281.0,284.0,318.0,359.0,405.0,480.0,487.0,521.0,525.0,528.0,530.0,530.0,534.0,536.0,544.0,544.0,545.0,555.0,555.0,559.0,563.0,565.0,565.0,566.0,568.0,569.0,570.0,572.0,573.0,575.0,583.0,591.0,599.0,619.0,635.0,656.0,658.0,680.0,698.0,701.0,718.0,749.0,752.0,777.0,791.0,849.0,879.0,881.0,947.0,948.0,965.0,979.0,984.0,987.0,988.0,
32.0,33.0,62.0,82.0,91.0,94.0,103.0,151.0,207.0,290.0,313.0,319.0,336.0,347.0,392.0,419.0,447.0,473.0,475.0,520.0,533.0,537.0,542.0,555.0,558.0,559.0,562.0,564.0,565.0,566.0,570.0,570.0,573.0,575.0,576.0,577.0,577.0,580.0,582.0,596.0,612.0,625.0,635.0,636.0,680.0,685.0,688.0,702.0,730.0,755.0,765.0,775.0,775.0,778.0,796.0,801.0,808.0,824.0,862.0,869.0,873.0,875.0,945.0,948.0,968.0,968.0,978.0,991.0,
8.0,15.0,52.0,129.0,187.0,193.0,199.0,235.0,247.0,304.0,345.0,379.0,411.0,428.0,437.0,442.0,471.0,489.0,499.0,519.0,526.0,526.0,544.0,545.0,552.0,558.0,585.0,601.0,602.0,607.0,626.0,644.0,680.0,684.0,711.0,713.0,793.0,830.0,862.0,870.0,919.0,927.0,997.0,
21.0,23.0,37.0,39.0,130.0,131.0,181.0,242.0,253.0,254.0,308.0,319.0,333.0,349.0,397.0,422.0,442.0,448.0,459.0,526.0,725.0,739.0,757.0,766.0,802.0,820.0,862.0,
46.0,291.0,301.0,352.0,412.0,424.0,432.0,471.0,491.0,512.0,515.0,519.0,526.0,532.0,547.0,548.0,558.0,597.0,600.0,600.0,606.0,612.0,629.0,631.0,650.0,650.0,695.0,738.0,761.0,807.0,811.0,826.0,847.0,852.0,890.0,896.0,900.0,901.0,930.0,930.0,931.0,942.0,958.0,997.0,
2.0,59.0,66.0,86.0,89.0,139.0,164.0,185.0,252.0,259.0,268.0,288.0,390.0,422.0,460.0,469.0,487.0,496.0,502.0,512.0,521.0,526.0,551.0,553.0,555.0,557.0,564.0,567.0,576.0,587.0,591.0,595.0,604.0,613.0,618.0,620.0,621.0,623.0,627.0,628.0,632.0,644.0,661.0,680.0,681.0,719.0,732.0,737.0,746.0,759.0,770.0,773.0,789.0,818.0,840.0,865.0,867.0,878.0,885.0,890.0,891.0,904.0,927.0,939.0,949.0,958.0,978.0,995.0,997.0,
18.0,42.0,93.0,120.0,135.0,139.0,139.0,145.0,163.0,190.0,223.0,224.0,234.0,241.0,299.0,329.0,334.0,362.0,371.0,372.0,388.0,524.0,528.0,550.0,556.0,557.0,557.0,560.0,561.0,565.0,567.0,583.0,587.0,597.0,625.0,638.0,646.0,665.0,667.0,690.0,702.0,712.0,724.0,725.0,746.0,769.0,772.0,811.0,826.0,833.0,840.0,843.0,878.0,883.0,888.0,910.0,915.0,922.0,929.0,943.0,948.0,955.0,971.0,976.0,981.0,990.0,
11.0,38.0,45.0,48.0,72.0,72.0,100.0,106.0,112.0,143.0,147.0,159.0,222.0,372.0,386.0,393.0,414.0,415.0,435.0,455.0,490.0,511.0,523.0,525.0,529.0,535.0,537.0,540.0,543.0,567.0,571.0,573.0,586.0,590.0,591.0,598.0,608.0,612.0,615.0,620.0,638.0,648.0,664.0,665.0,669.0,696.0,698.0,698.0,699.0,701.0,717.0,735.0,763.0,767.0,782.0,808.0,812.0,839.0,844.0,866.0,901.0,903.0,941.0,962.0,983.0,989.0,
79.0,93.0,98.0,168.0,198.0,241.0,263.0,281.0,287.0,288.0,308.0,314.0,319.0,331.0,391.0,486.0,511.0,525.0,527.0,528.0,530.0,534.0,537.0,538.0,541.0,542.0,543.0,554.0,562.0,563.0,564.0,572.0,573.0,574.0,576.0,583.0,587.0,619.0,627.0,629.0,662.0,682.0,694.0,697.0,702.0,709.0,711.0,730.0,733.0,759.0,841.0,850.0,891.0,918.0,937.0,952.0,
12.0,35.0,90.0,145.0,151.0,233.0,238.0,299.0,331.0,372.0,488.0,511.0,512.0,516.0,519.0,525.0,525.0,532.0,532.0,535.0,536.0,547.0,548.0,555.0,556.0,559.0,570.0,571.0,577.0,602.0,616.0,635.0,638.0,655.0,663.0,739.0,740.0,750.0,763.0,773.0,779.0,781.0,799.0,804.0,839.0,873.0,895.0,909.0,933.0,959.0,
46.0,53.0,77.0,125.0,147.0,148.0,171.0,186.0,207.0,208.0,216.0,251.0,273.0,328.0,339.0,350.0,376.0,388.0,396.0,462.0,470.0,491.0,498.0,501.0,506.0,519.0,521.0,529.0,529.0,530.0,538.0,539.0,540.0,553.0,553.0,560.0,561.0,567.0,591.0,591.0,594.0,599.0,607.0,614.0,618.0,640.0,645.0,660.0,670.0,677.0,684.0,685.0,686.0,687.0,698.0,711.0,713.0,739.0,798.0,804.0,810.0,829.0,841.0,856.0,867.0,888.0,945.0,955.0,972.0,974.0,979.0,995.0,999.0,
75.0,77.0,134.0,174.0,266.0,292.0,314.0,367.0,398.0,402.0,515.0,520.0,522.0,530.0,532.0,534.0,534.0,539.0,540.0,542.0,544.0,546.0,553.0,554.0,555.0,560.0,561.0,563.0,567.0,569.0,574.0,577.0,589.0,595.0,597.0,599.0,605.0,626.0,632.0,657.0,660.0,663.0,680.0,684.0,691.0,695.0,710.0,714.0,727.0,730.0,736.0,751.0,765.0,781.0,795.0,795.0,862.0,863.0,873.0,904.0,918.0,919.0,923.0,929.0,938.0,949.0,952.0,959.0,963.0,984.0,992.0,
13.0,58.0,65.0,91.0,141.0,198.0,231.0,254.0,310.0,330.0,340.0,347.0,413.0,422.0,487.0,521.0,527.0,530.0,538.0,567.0,572.0,575.0,592.0,595.0,598.0,609.0,618.0,632.0,634.0,647.0,650.0,668.0,675.0,682.0,700.0,709.0,770.0,773.0,862.0,865.0,875.0,902.0,922.0,930.0,974.0,979.0,986.0,
8.0,24.0,39.0,39.0,98.0,109.0,167.0,226.0,242.0,272.0,361.0,398.0,421.0,447.0,447.0,448.0,517.0,520.0,548.0,630.0,664.0,665.0,695.0,769.0,815.0,817.0,850.0,864.0,875.0,915.0,932.0,943.0,947.0,982.0,982.0,
10.0,12.0,15.0,38.0,44.0,62.0,81.0,123.0,140.0,235.0,243.0,260.0,297.0,353.0,358.0,372.0,386.0,390.0,412.0,461.0,499.0,525.0,555.0,555.0,563.0,618.0,620.0,684.0,693.0,772.0,846.0,904.0,955.0,971.0,974.0,
163.0,220.0,261.0,312.0,341.0,361.0,403.0,436.0,449.0,458.0,471.0,517.0,526.0,528.0,531.0,543.0,544.0,545.0,548.0,551.0,553.0,554.0,573.0,574.0,582.0,586.0,586.0,587.0,590.0,593.0,596.0,599.0,607.0,616.0,622.0,638.0,662.0,681.0,684.0,696.0,696.0,724.0,739.0,755.0,760.0,765.0,778.0,793.0,845.0,853.0,854.0,884.0,885.0,889.0,903.0,912.0,925.0,931.0,934.0,964.0,966.0,968.0,
27.0,62.0,100.0,121.0,128.0,143.0,211.0,222.0,250.0,262.0,275.0,287.0,304.0,308.0,369.0,371.0,398.0,420.0,429.0,450.0,453.0,481.0,501.0,520.0,525.0,526.0,533.0,537.0,537.0,538.0,540.0,541.0,551.0,565.0,569.0,588.0,592.0,592.0,610.0,627.0,633.0,659.0,671.0,676.0,679.0,731.0,739.0,741.0,760.0,791.0,799.0,805.0,816.0,843.0,864.0,875.0,879.0,879.0,896.0,977.0,989.0,
5.0,20.0,41.0,120.0,153.0,165.0,190.0,240.0,263.0,297.0,334.0,349.0,359.0,389.0,408.0,436.0,455.0,477.0,481.0,484.0,493.0,519.0,519.0,521.0,522.0,525.0,528.0,544.0,544.0,555.0,555.0,562.0,562.0,568.0,574.0,606.0,606.0,608.0,609.0,621.0,631.0,635.0,649.0,654.0,661.0,669.0,670.0,670.0,686.0,687.0,695.0,700.0,760.0,761.0,772.0,794.0,818.0,843.0,899.0,917.0,921.0,955.0,965.0,981.0,987.0,
4.0,28.0,31.0,162.0,207.0,219.0,258.0,261.0,276.0,310.0,315.0,354.0,354.0,357.0,358.0,360.0,407.0,505.0,520.0,524.0,528.0,529.0,542.0,553.0,567.0,574.0,581.0,586.0,586.0,600.0,601.0,611.0,659.0,659.0,704.0,716.0,733.0,774.0,798.0,802.0,853.0,865.0,886.0,895.0,906.0,916.0,922.0,940.0,955.0,962.0,990.0,999.0,
67.0,129.0,150.0,183.0,202.0,222.0,258.0,268.0,292.0,306.0,312.0,327.0,344.0,425.0,444.0,466.0,495.0,517.0,525.0,527.0,533.0,533.0,542.0,546.0,555.0,559.0,559.0,577.0,579.0,586.0,626.0,628.0,632.0,634.0,645.0,657.0,658.0,661.0,674.0,687.0,704.0,704.0,713.0,731.0,752.0,757.0,766.0,767.0,795.0,806.0,811.0,811.0,821.0,835.0,902.0,936.0,937.0,937.0,974.0,
4.0,21.0,44.0,73.0,78.0,79.0,99.0,127.0,176.0,274.0,285.0,288.0,305.0,323.0,352.0,352.0,369.0,383.0,393.0,403.0,409.0,504.0,517.0,527.0,534.0,537.0,537.0,543.0,560.0,563.0,563.0,566.0,576.0,579.0,589.0,597.0,602.0,609.0,630.0,634.0,636.0,637.0,650.0,651.0,661.0,678.0,694.0,701.0,709.0,724.0,752.0,754.0,765.0,780.0,880.0,883.0,923.0,936.0,942.0,987.0,
8.0,16.0,36.0,76.0,108.0,129.0,161.0,173.0,221.0,264.0,273.0,279.0,294.0,307.0,320.0,356.0,372.0,378.0,404.0,431.0,504.0,517.0,519.0,523.0,527.0,530.0,536.0,537.0,542.0,542.0,543.0,545.0,552.0,559.0,563.0,575.0,578.0,582.0,582.0,584.0,601.0,608.0,613.0,616.0,616.0,649.0,659.0,662.0,668.0,685.0,687.0,721.0,740.0,746.0,755.0,766.0,768.0,773.0,807.0,809.0,829.0,842.0,846.0,855.0,863.0,864.0,881.0,891.0,908.0,910.0,946.0,971.0,980.0,
13.0,17.0,42.0,71.0,74.0,98.0,190.0,210.0,211.0,247.0,252.0,267.0,285.0,318.0,327.0,403.0,526.0,537.0,544.0,545.0,549.0,554.0,569.0,590.0,652.0,699.0,706.0,728.0,768.0,789.0,826.0,855.0,855.0,856.0,865.0,868.0,915.0,956.0,
65.0,98.0,105.0,130.0,136.0,147.0,173.0,180.0,184.0,202.0,249.0,320.0,355.0,391.0,405.0,413.0,419.0,438.0,454.0,458.0,475.0,553.0,598.0,621.0,657.0,667.0,685.0,763.0,767.0,783.0,798.0,806.0,829.0,871.0,878.0,926.0,965.0,966.0,972.0,
48.0,48.0,95.0,115.0,142.0,156.0,157.0,170.0,203.0,221.0,233.0,245.0,255.0,281.0,373.0,374.0,385.0,438.0,463.0,466.0,536.0,543.0,556.0,560.0,582.0,623.0,665.0,726.0,754.0,771.0,774.0,793.0,804.0,848.0,868.0,887.0,
25.0,110.0,177.0,205.0,267.0,280.0,282.0,352.0,393.0,402.0,419.0,433.0,442.0,517.0,522.0,532.0,537.0,541.0,546.0,549.0,551.0,578.0,580.0,588.0,590.0,591.0,604.0,604.0,616.0,634.0,635.0,653.0,657.0,666.0,712.0,743.0,748.0,748.0,790.0,819.0,846.0,910.0,958.0,974.0,977.0,978.0,
51.0,93.0,106.0,136.0,189.0,243.0,262.0,266.0,328.0,341.0,364.0,392.0,450.0,465.0,465.0,479.0,524.0,524.0,537.0,539.0,548.0,549.0,558.0,563.0,566.0,566.0,573.0,573.0,577.0,580.0,582.0,589.0,589.0,598.0,601.0,609.0,613.0,617.0,625.0,628.0,630.0,632.0,640.0,642.0,657.0,662.0,711.0,727.0,727.0,743.0,756.0,765.0,780.0,795.0,814.0,815.0,831.0,832.0,841.0,890.0,894.0,898.0,903.0,922.0,946.0,954.0,973.0,
72.0,77.0,93.0,129.0,169.0,171.0,191.0,298.0,308.0,328.0,359.0,409.0,440.0,521.0,522.0,526.0,533.0,536.0,542.0,543.0,549.0,554.0,556.0,558.0,562.0,563.0,566.0,572.0,572.0,575.0,581.0,582.0,591.0,598.0,613.0,637.0,638.0,641.0,646.0,648.0,659.0,662.0,671.0,692.0,697.0,727.0,731.0,733.0,734.0,742.0,772.0,787.0,819.0,849.0,850.0,871.0,877.0,881.0,885.0,892.0,894.0,905.0,905.0,909.0,912.0,938.0,949.0,971.0,974.0,
10.0,28.0,44.0,58.0,82.0,104.0,156.0,225.0,266.0,270.0,299.0,312.0,335.0,427.0,438.0,448.0,476.0,523.0,527.0,545.0,547.0,550.0,551.0,553.0,556.0,564.0,569.0,570.0,575.0,576.0,583.0,594.0,599.0,602.0,612.0,613.0,627.0,634.0,651.0,652.0,671.0,676.0,685.0,700.0,714.0,738.0,741.0,742.0,745.0,745.0,765.0,772.0,785.0,788.0,812.0,847.0,861.0,868.0,882.0,945.0,947.0,948.0,951.0,957.0,968.0,976.0,
59.0,94.0,98.0,119.0,150.0,216.0,240.0,253.0,292.0,303.0,315.0,317.0,365.0,366.0,456.0,457.0,487.0,490.0,491.0,494.0,501.0,512.0,512.0,519.0,520.0,525.0,537.0,550.0,553.0,556.0,560.0,561.0,565.0,568.0,574.0,574.0,585.0,586.0,598.0,599.0,604.0,607.0,609.0,629.0,635.0,643.0,655.0,657.0,678.0,689.0,700.0,714.0,724.0,763.0,775.0,776.0,788.0,792.0,794.0,797.0,803.0,851.0,854.0,883.0,913.0,928.0,929.0,941.0,947.0,977.0,
22.0,80.0,127.0,142.0,144.0,157.0,166.0,192.0,200.0,240.0,279.0,287.0,314.0,329.0,338.0,373.0,421.0,466.0,482.0,512.0,519.0,526.0,527.0,531.0,534.0,540.0,546.0,552.0,554.0,555.0,556.0,561.0,561.0,562.0,564.0,565.0,571.0,573.0,575.0,589.0,591.0,600.0,607.0,615.0,623.0,639.0,643.0,645.0,652.0,654.0,665.0,666.0,678.0,681.0,689.0,693.0,699.0,702.0,729.0,738.0,750.0,770.0,771.0,784.0,802.0,807.0,826.0,850.0,851.0,900.0,901.0,911.0,935.0,956.0,959.0,964.0,968.0,968.0,984.0,988.0,
7.0,43.0,70.0,71.0,82.0,106.0,124.0,161.0,163.0,187.0,214.0,288.0,299.0,424.0,432.0,434.0,454.0,475.0,508.0,516.0,526.0,529.0,533.0,538.0,543.0,546.0,551.0,555.0,557.0,566.0,567.0,569.0,572.0,573.0,580.0,588.0,598.0,604.0,612.0,618.0,621.0,622.0,629.0,632.0,641.0,645.0,659.0,663.0,664.0,720.0,765.0,766.0,811.0,820.0,854.0,860.0,876.0,891.0,912.0,927.0,940.0,952.0,972.0,980.0,
99.0,119.0,159.0,165.0,224.0,243.0,245.0,255.0,286.0,288.0,293.0,299.0,332.0,334.0,389.0,403.0,450.0,455.0,461.0,463.0,474.0,533.0,550.0,552.0,560.0,567.0,608.0,628.0,641.0,644.0,767.0,797.0,863.0,901.0,946.0,995.0,
21.0,46.0,76.0,92.0,98.0,104.0,160.0,233.0,247.0,269.0,297.0,309.0,327.0,378.0,433.0,440.0,494.0,494.0,539.0,623.0,629.0,639.0,646.0,659.0,674.0,730.0,754.0,809.0,847.0,899.0,933.0,972.0,979.0,
4.0,18.0,68.0,87.0,102.0,111.0,131.0,150.0,166.0,187.0,262.0,266.0,273.0,279.0,301.0,325.0,404.0,431.0,481.0,532.0,540.0,551.0,560.0,590.0,634.0,649.0,676.0,680.0,692.0,705.0,753.0,799.0,807.0,891.0,901.0,981.0,
2.0,28.0,34.0,41.0,44.0,50.0,60.0,76.0,122.0,166.0,192.0,196.0,230.0,231.0,265.0,282.0,289.0,342.0,360.0,390.0,391.0,424.0,439.0,447.0,450.0,477.0,556.0,574.0,590.0,610.0,681.0,730.0,752.0,778.0,838.0,865.0,870.0,898.0,949.0,998.0,
39.0,89.0,109.0,136.0,139.0,183.0,203.0,208.0,212.0,237.0,247.0,256.0,261.0,310.0,334.0,336.0,392.0,405.0,438.0,476.0,482.0,517.0,527.0,528.0,542.0,544.0,547.0,550.0,550.0,551.0,558.0,569.0,572.0,578.0,586.0,603.0,607.0,620.0,623.0,625.0,645.0,654.0,662.0,664.0,682.0,689.0,703.0,712.0,730.0,752.0,807.0,813.0,817.0,864.0,868.0,881.0,906.0,928.0,934.0,962.0,967.0,983.0,999.0,
19.0,66.0,102.0,143.0,158.0,159.0,161.0,205.0,229.0,239.0,289.0,391.0,405.0,452.0,457.0,464.0,477.0,495.0,514.0,517.0,522.0,524.0,528.0,531.0,533.0,540.0,547.0,552.0,563.0,569.0,576.0,594.0,596.0,599.0,611.0,618.0,619.0,637.0,671.0,684.0,687.0,692.0,704.0,722.0,738.0,740.0,759.0,774.0,805.0,807.0,821.0,858.0,873.0,917.0,941.0,962.0,994.0,
206.0,266.0,267.0,294.0,349.0,367.0,389.0,390.0,528.0,534.0,535.0,541.0,544.0,545.0,547.0,549.0,552.0,554.0,557.0,557.0,562.0,567.0,570.0,571.0,580.0,587.0,595.0,603.0,611.0,627.0,638.0,639.0,641.0,643.0,648.0,651.0,663.0,684.0,728.0,732.0,756.0,775.0,790.0,792.0,806.0,818.0,820.0,824.0,833.0,842.0,846.0,854.0,859.0,861.0,871.0,918.0,919.0,920.0,921.0,925.0,926.0,958.0,959.0,967.0,971.0,
4.0,5.0,85.0,98.0,105.0,112.0,129.0,129.0,147.0,148.0,159.0,166.0,238.0,265.0,268.0,344.0,349.0,354.0,360.0,363.0,377.0,377.0,406.0,434.0,447.0,475.0,518.0,524.0,524.0,532.0,536.0,537.0,549.0,571.0,575.0,579.0,582.0,584.0,600.0,601.0,607.0,616.0,619.0,633.0,635.0,645.0,648.0,675.0,676.0,691.0,698.0,703.0,709.0,716.0,718.0,719.0,726.0,728.0,753.0,790.0,875.0,887.0,914.0,916.0,920.0,938.0,959.0,971.0,972.0,974.0,993.0,997.0,
5.0,14.0,34.0,56.0,77.0,83.0,87.0,93.0,112.0,162.0,180.0,196.0,299.0,308.0,318.0,334.0,364.0,367.0,390.0,398.0,420.0,422.0,450.0,465.0,473.0,520.0,534.0,538.0,539.0,540.0,542.0,542.0,544.0,549.0,552.0,552.0,555.0,569.0,580.0,582.0,589.0,592.0,597.0,606.0,628.0,645.0,655.0,660.0,677.0,708.0,722.0,730.0,738.0,741.0,766.0,799.0,802.0,804.0,836.0,844.0,846.0,878.0,889.0,894.0,917.0,955.0,966.0,971.0,
6.0,7.0,69.0,82.0,127.0,151.0,170.0,265.0,273.0,279.0,288.0,303.0,327.0,352.0,405.0,429.0,435.0,461.0,530.0,578.0,599.0,602.0,602.0,607.0,693.0,705.0,708.0,709.0,745.0,773.0,778.0,796.0,837.0,884.0,899.0,913.0,945.0,994.0,998.0,
10.0,71.0,79.0,256.0,260.0,263.0,272.0,307.0,355.0,363.0,421.0,423.0,428.0,438.0,462.0,463.0,482.0,489.0,506.0,514.0,518.0,537.0,550.0,597.0,633.0,723.0,727.0,846.0,924.0,
14.0,15.0,92.0,107.0,111.0,128.0,152.0,215.0,250.0,266.0,272.0,291.0,301.0,355.0,373.0,461.0,483.0,503.0,617.0,623.0,640.0,642.0,707.0,741.0,751.0,763.0,776.0,838.0,845.0,874.0,884.0,935.0,940.0,949.0,963.0,991.0,
9.0,57.0,89.0,98.0,121.0,132.0,151.0,213.0,213.0,296.0,351.0,427.0,475.0,481.0,485.0,547.0,592.0,614.0,632.0,663.0,671.0,700.0,726.0,736.0,748.0,818.0,853.0,885.0,963.0,967.0,973.0,999.0,
10.0,12.0,58.0,60.0,76.0,110.0,119.0,132.0,147.0,156.0,226.0,249.0,269.0,269.0,282.0,283.0,334.0,344.0,352.0,389.0,441.0,462.0,494.0,515.0,540.0,552.0,608.0,611.0,641.0,682.0,719.0,733.0,749.0,766.0,777.0,782.0,848.0,861.0,868.0,923.0,936.0,939.0,963.0,976.0,
54.0,83.0,118.0,122.0,142.0,155.0,157.0,170.0,182.0,188.0,194.0,197.0,209.0,277.0,288.0,312.0,314.0,332.0,338.0,339.0,347.0,413.0,426.0,428.0,482.0,501.0,531.0,531.0,534.0,536.0,547.0,636.0,726.0,756.0,800.0,862.0,891.0,989.0,991.0,
51.0,63.0,103.0,133.0,150.0,168.0,185.0,209.0,214.0,225.0,251.0,256.0,259.0,297.0,337.0,361.0,364.0,399.0,402.0,419.0,442.0,500.0,504.0,514.0,516.0,528.0,529.0,537.0,576.0,583.0,584.0,641.0,648.0,745.0,756.0,759.0,799.0,823.0,827.0,843.0,926.0,979.0,999.0,
9.0,18.0,124.0,206.0,252.0,258.0,264.0,267.0,327.0,378.0,379.0,396.0,407.0,411.0,416.0,428.0,429.0,439.0,521.0,543.0,556.0,556.0,560.0,563.0,567.0,569.0,572.0,575.0,579.0,582.0,591.0,595.0,601.0,608.0,609.0,633.0,637.0,638.0,660.0,713.0,734.0,746.0,774.0,801.0,845.0,861.0,877.0,920.0,973.0,
19.0,19.0,26.0,39.0,49.0,55.0,58.0,80.0,81.0,85.0,90.0,91.0,126.0,144.0,162.0,165.0,195.0,215.0,243.0,295.0,357.0,369.0,407.0,432.0,453.0,460.0,491.0,535.0,540.0,546.0,547.0,550.0,575.0,581.0,583.0,594.0,628.0,637.0,654.0,660.0,738.0,776.0,785.0,796.0,804.0,815.0,832.0,861.0,892.0,922.0,972.0,990.0,
21.0,57.0,58.0,60.0,182.0,198.0,233.0,248.0,264.0,305.0,378.0,390.0,398.0,409.0,506.0,519.0,548.0,615.0,617.0,640.0,729.0,733.0,735.0,781.0,812.0,902.0,917.0,965.0,
16.0,19.0,32.0,99.0,156.0,247.0,251.0,254.0,261.0,263.0,277.0,304.0,320.0,338.0,358.0,361.0,368.0,417.0,442.0,583.0,605.0,670.0,750.0,764.0,853.0,892.0,951.0,951.0,
4.0,18.0,39.0,132.0,195.0,195.0,195.0,323.0,406.0,407.0,460.0,469.0,647.0,678.0,684.0,693.0,705.0,707.0,752.0,760.0,783.0,785.0,818.0,832.0,839.0,915.0,920.0,948.0,954.0,975.0,984.0,994.0,
