2.0,4.0,70.0,75.0,80.0,106.0,117.0,120.0,144.0,181.0,296.0,334.0,347.0,362.0,368.0,457.0,483.0,484.0,531.0,534.0,559.0,561.0,564.0,570.0,595.0,661.0,686.0,696.0,705.0,707.0,746.0,773.0,782.0,788.0,823.0,852.0,876.0,876.0,887.0,903.0,920.0,979.0,
24.0,25.0,59.0,93.0,93.0,147.0,162.0,210.0,237.0,298.0,313.0,335.0,359.0,365.0,367.0,369.0,441.0,458.0,460.0,490.0,491.0,500.0,519.0,531.0,545.0,563.0,574.0,584.0,592.0,739.0,802.0,813.0,822.0,847.0,852.0,883.0,893.0,919.0,962.0,967.0,971.0,987.0,
85.0,115.0,121.0,138.0,160.0,181.0,198.0,251.0,299.0,314.0,320.0,342.0,348.0,366.0,403.0,430.0,441.0,455.0,490.0,515.0,550.0,574.0,589.0,609.0,611.0,614.0,629.0,720.0,721.0,741.0,749.0,752.0,756.0,775.0,779.0,786.0,794.0,858.0,883.0,891.0,893.0,903.0,940.0,972.0,
23.0,35.0,58.0,58.0,103.0,105.0,121.0,168.0,179.0,206.0,218.0,233.0,244.0,262.0,265.0,280.0,286.0,287.0,295.0,341.0,380.0,479.0,524.0,529.0,538.0,570.0,592.0,668.0,692.0,700.0,710.0,716.0,776.0,783.0,800.0,829.0,839.0,898.0,947.0,981.0,
37.0,120.0,120.0,136.0,152.0,162.0,203.0,215.0,260.0,330.0,337.0,401.0,425.0,450.0,489.0,563.0,571.0,611.0,633.0,649.0,661.0,683.0,705.0,795.0,799.0,804.0,804.0,822.0,825.0,858.0,898.0,935.0,947.0,949.0,996.0,
141.0,142.0,204.0,347.0,401.0,518.0,551.0,567.0,588.0,588.0,684.0,726.0,794.0,884.0,997.0,
11.0,88.0,113.0,119.0,131.0,158.0,197.0,216.0,222.0,242.0,254.0,267.0,312.0,388.0,396.0,413.0,435.0,499.0,504.0,510.0,512.0,519.0,525.0,536.0,541.0,566.0,567.0,569.0,586.0,591.0,614.0,622.0,680.0,696.0,809.0,821.0,847.0,859.0,871.0,894.0,926.0,980.0,
102.0,104.0,187.0,227.0,305.0,311.0,321.0,334.0,369.0,389.0,392.0,397.0,409.0,439.0,490.0,504.0,532.0,547.0,574.0,643.0,684.0,695.0,761.0,764.0,778.0,798.0,837.0,839.0,856.0,857.0,863.0,864.0,867.0,869.0,892.0,896.0,912.0,
39.0,85.0,130.0,142.0,157.0,189.0,213.0,303.0,321.0,332.0,362.0,388.0,394.0,452.0,460.0,460.0,472.0,499.0,533.0,550.0,551.0,563.0,590.0,631.0,637.0,643.0,686.0,812.0,818.0,854.0,892.0,895.0,900.0,902.0,928.0,945.0,978.0,994.0,
27.0,92.0,121.0,133.0,153.0,237.0,237.0,247.0,252.0,262.0,281.0,283.0,310.0,340.0,349.0,361.0,364.0,412.0,416.0,438.0,456.0,467.0,481.0,518.0,531.0,627.0,636.0,638.0,664.0,664.0,716.0,737.0,822.0,825.0,869.0,887.0,892.0,901.0,947.0,957.0,984.0,
14.0,51.0,62.0,82.0,136.0,151.0,174.0,181.0,205.0,275.0,287.0,313.0,437.0,456.0,462.0,484.0,484.0,528.0,548.0,603.0,617.0,646.0,653.0,658.0,716.0,722.0,772.0,793.0,813.0,823.0,874.0,915.0,941.0,961.0,
18.0,21.0,24.0,55.0,69.0,113.0,152.0,177.0,238.0,284.0,360.0,382.0,446.0,456.0,493.0,497.0,576.0,577.0,589.0,628.0,697.0,733.0,743.0,753.0,799.0,822.0,852.0,858.0,865.0,891.0,892.0,909.0,913.0,950.0,983.0,999.0,
31.0,63.0,67.0,75.0,80.0,81.0,121.0,133.0,148.0,177.0,214.0,248.0,256.0,288.0,333.0,338.0,382.0,420.0,461.0,539.0,547.0,583.0,587.0,604.0,646.0,667.0,670.0,683.0,693.0,718.0,747.0,755.0,757.0,780.0,782.0,809.0,816.0,845.0,891.0,929.0,951.0,968.0,
82.0,96.0,150.0,152.0,195.0,196.0,200.0,205.0,258.0,270.0,441.0,451.0,494.0,510.0,523.0,564.0,570.0,599.0,616.0,637.0,658.0,691.0,692.0,726.0,732.0,783.0,832.0,832.0,856.0,864.0,869.0,878.0,883.0,896.0,902.0,904.0,935.0,936.0,943.0,952.0,960.0,965.0,967.0,977.0,977.0,
15.0,16.0,77.0,98.0,101.0,104.0,109.0,127.0,130.0,136.0,137.0,157.0,230.0,241.0,258.0,285.0,323.0,344.0,409.0,422.0,424.0,442.0,460.0,469.0,480.0,486.0,503.0,518.0,594.0,622.0,645.0,656.0,676.0,700.0,744.0,749.0,750.0,792.0,793.0,827.0,836.0,884.0,887.0,910.0,937.0,953.0,960.0,973.0,986.0,
16.0,16.0,43.0,128.0,131.0,143.0,175.0,177.0,196.0,210.0,226.0,270.0,304.0,308.0,332.0,398.0,437.0,443.0,466.0,468.0,491.0,523.0,536.0,550.0,561.0,568.0,606.0,617.0,628.0,654.0,658.0,661.0,662.0,735.0,735.0,740.0,743.0,795.0,795.0,840.0,848.0,871.0,876.0,893.0,912.0,932.0,932.0,942.0,998.0,
64.0,82.0,102.0,118.0,145.0,151.0,153.0,156.0,196.0,256.0,300.0,307.0,325.0,340.0,348.0,377.0,379.0,399.0,414.0,535.0,548.0,611.0,615.0,638.0,679.0,777.0,781.0,785.0,811.0,812.0,838.0,872.0,877.0,939.0,944.0,957.0,958.0,960.0,
29.0,72.0,75.0,110.0,160.0,172.0,207.0,252.0,274.0,294.0,388.0,400.0,403.0,406.0,421.0,422.0,444.0,446.0,494.0,502.0,587.0,596.0,615.0,627.0,628.0,643.0,651.0,677.0,767.0,783.0,784.0,785.0,805.0,827.0,850.0,856.0,866.0,869.0,898.0,931.0,948.0,961.0,982.0,
17.0,71.0,87.0,159.0,163.0,164.0,171.0,193.0,204.0,207.0,229.0,251.0,271.0,293.0,328.0,354.0,388.0,403.0,411.0,429.0,445.0,447.0,469.0,487.0,487.0,550.0,593.0,599.0,606.0,618.0,625.0,631.0,656.0,685.0,702.0,705.0,719.0,723.0,741.0,752.0,768.0,782.0,795.0,801.0,826.0,829.0,866.0,901.0,913.0,961.0,969.0,
5.0,37.0,56.0,79.0,89.0,98.0,102.0,120.0,154.0,161.0,162.0,309.0,367.0,390.0,407.0,428.0,443.0,483.0,561.0,595.0,595.0,603.0,616.0,624.0,645.0,738.0,808.0,815.0,815.0,817.0,920.0,941.0,994.0,
10.0,11.0,31.0,54.0,56.0,69.0,135.0,268.0,336.0,396.0,479.0,484.0,501.0,502.0,517.0,528.0,573.0,584.0,662.0,706.0,721.0,742.0,756.0,788.0,797.0,853.0,858.0,873.0,915.0,928.0,934.0,975.0,983.0,992.0,
72.0,136.0,191.0,225.0,281.0,286.0,319.0,331.0,403.0,448.0,456.0,461.0,471.0,553.0,561.0,576.0,607.0,613.0,679.0,717.0,741.0,760.0,806.0,817.0,829.0,844.0,852.0,855.0,883.0,888.0,888.0,891.0,975.0,1000.0,
76.0,109.0,133.0,186.0,191.0,240.0,244.0,246.0,264.0,300.0,316.0,317.0,317.0,377.0,382.0,384.0,470.0,505.0,507.0,516.0,524.0,542.0,550.0,591.0,601.0,661.0,675.0,719.0,724.0,724.0,726.0,745.0,764.0,796.0,801.0,812.0,816.0,820.0,826.0,866.0,879.0,893.0,940.0,967.0,
9.0,70.0,76.0,95.0,154.0,266.0,292.0,328.0,342.0,363.0,421.0,439.0,512.0,523.0,604.0,611.0,613.0,743.0,743.0,759.0,834.0,884.0,892.0,912.0,923.0,928.0,936.0,943.0,952.0,969.0,970.0,983.0,
9.0,11.0,25.0,93.0,96.0,146.0,162.0,180.0,197.0,197.0,217.0,224.0,272.0,320.0,343.0,368.0,386.0,416.0,438.0,441.0,461.0,507.0,509.0,509.0,649.0,666.0,779.0,803.0,864.0,902.0,923.0,973.0,984.0,
70.0,80.0,85.0,104.0,141.0,159.0,167.0,172.0,195.0,208.0,218.0,248.0,290.0,316.0,359.0,425.0,431.0,434.0,453.0,486.0,489.0,497.0,666.0,718.0,739.0,801.0,886.0,890.0,897.0,917.0,985.0,997.0,
4.0,10.0,14.0,25.0,114.0,165.0,173.0,195.0,274.0,287.0,334.0,371.0,388.0,433.0,445.0,447.0,458.0,463.0,470.0,500.0,673.0,799.0,855.0,869.0,916.0,938.0,965.0,
7.0,44.0,109.0,121.0,130.0,167.0,171.0,173.0,197.0,201.0,224.0,245.0,255.0,258.0,310.0,358.0,360.0,360.0,382.0,385.0,392.0,431.0,435.0,444.0,493.0,527.0,623.0,632.0,686.0,729.0,739.0,746.0,848.0,868.0,871.0,879.0,880.0,881.0,882.0,973.0,978.0,978.0,
10.0,20.0,34.0,51.0,76.0,87.0,121.0,132.0,160.0,163.0,171.0,176.0,193.0,210.0,231.0,238.0,245.0,253.0,276.0,333.0,334.0,337.0,377.0,405.0,416.0,437.0,443.0,476.0,490.0,516.0,550.0,573.0,581.0,599.0,600.0,612.0,641.0,653.0,655.0,671.0,702.0,703.0,739.0,740.0,754.0,797.0,821.0,824.0,873.0,906.0,913.0,932.0,936.0,980.0,986.0,990.0,992.0,
3.0,4.0,23.0,52.0,54.0,78.0,122.0,206.0,207.0,211.0,212.0,217.0,248.0,260.0,295.0,296.0,299.0,307.0,334.0,337.0,343.0,363.0,412.0,418.0,434.0,485.0,511.0,526.0,536.0,568.0,656.0,692.0,712.0,715.0,759.0,778.0,788.0,804.0,823.0,838.0,906.0,907.0,919.0,950.0,978.0,
65.0,90.0,92.0,119.0,134.0,222.0,239.0,272.0,274.0,274.0,347.0,383.0,389.0,415.0,419.0,428.0,493.0,599.0,610.0,620.0,643.0,646.0,648.0,661.0,662.0,677.0,678.0,701.0,715.0,729.0,770.0,788.0,847.0,866.0,867.0,895.0,914.0,957.0,994.0,999.0,
103.0,259.0,350.0,352.0,379.0,400.0,439.0,449.0,615.0,643.0,658.0,669.0,687.0,688.0,700.0,774.0,828.0,851.0,866.0,869.0,883.0,886.0,903.0,921.0,922.0,944.0,952.0,955.0,962.0,
39.0,72.0,84.0,90.0,114.0,125.0,310.0,347.0,347.0,353.0,376.0,403.0,411.0,425.0,434.0,438.0,441.0,442.0,490.0,496.0,549.0,565.0,569.0,576.0,711.0,739.0,764.0,767.0,801.0,803.0,814.0,818.0,849.0,856.0,867.0,910.0,914.0,917.0,928.0,937.0,957.0,980.0,996.0,999.0,
5.0,8.0,9.0,47.0,136.0,210.0,217.0,242.0,345.0,372.0,415.0,422.0,445.0,456.0,476.0,509.0,891.0,
138.0,146.0,163.0,210.0,216.0,241.0,303.0,308.0,350.0,366.0,368.0,380.0,385.0,442.0,478.0,
22.0,37.0,50.0,132.0,158.0,165.0,181.0,210.0,222.0,235.0,255.0,256.0,256.0,272.0,286.0,352.0,353.0,381.0,444.0,475.0,476.0,
22.0,33.0,248.0,310.0,317.0,342.0,350.0,383.0,388.0,451.0,463.0,481.0,494.0,
36.0,62.0,71.0,78.0,110.0,186.0,189.0,191.0,221.0,233.0,286.0,286.0,299.0,342.0,355.0,356.0,358.0,435.0,449.0,491.0,886.0,919.0,943.0,
15.0,28.0,60.0,64.0,74.0,104.0,126.0,157.0,212.0,236.0,246.0,275.0,277.0,288.0,333.0,347.0,360.0,389.0,396.0,428.0,473.0,523.0,524.0,533.0,541.0,682.0,695.0,708.0,726.0,817.0,819.0,855.0,882.0,888.0,925.0,927.0,971.0,980.0,
36.0,72.0,140.0,142.0,156.0,187.0,190.0,232.0,238.0,238.0,304.0,329.0,351.0,355.0,359.0,369.0,385.0,392.0,413.0,426.0,434.0,579.0,631.0,675.0,681.0,689.0,715.0,728.0,788.0,815.0,829.0,859.0,863.0,876.0,944.0,947.0,951.0,954.0,
16.0,68.0,87.0,90.0,107.0,116.0,119.0,182.0,184.0,195.0,211.0,234.0,248.0,262.0,306.0,344.0,357.0,373.0,383.0,393.0,444.0,451.0,468.0,474.0,496.0,506.0,541.0,570.0,585.0,604.0,608.0,615.0,619.0,624.0,627.0,648.0,658.0,660.0,675.0,692.0,797.0,838.0,880.0,892.0,898.0,909.0,917.0,926.0,963.0,967.0,
26.0,37.0,39.0,49.0,60.0,69.0,145.0,172.0,175.0,232.0,269.0,281.0,304.0,311.0,312.0,347.0,358.0,370.0,380.0,398.0,409.0,471.0,504.0,532.0,541.0,549.0,574.0,615.0,626.0,634.0,656.0,698.0,720.0,721.0,726.0,739.0,764.0,790.0,795.0,848.0,855.0,856.0,857.0,871.0,933.0,939.0,949.0,979.0,
2.0,3.0,20.0,53.0,72.0,81.0,96.0,117.0,124.0,148.0,173.0,182.0,191.0,256.0,261.0,278.0,305.0,356.0,363.0,409.0,440.0,441.0,485.0,496.0,500.0,665.0,669.0,689.0,693.0,702.0,757.0,797.0,912.0,952.0,953.0,970.0,973.0,
3.0,176.0,238.0,243.0,263.0,273.0,274.0,281.0,299.0,364.0,367.0,387.0,390.0,453.0,454.0,464.0,
9.0,70.0,101.0,167.0,168.0,178.0,194.0,257.0,266.0,349.0,355.0,499.0,948.0,955.0,1000.0,
22.0,46.0,67.0,148.0,164.0,202.0,202.0,203.0,208.0,211.0,225.0,300.0,358.0,363.0,421.0,428.0,456.0,784.0,871.0,876.0,885.0,887.0,887.0,950.0,962.0,
30.0,105.0,113.0,121.0,192.0,202.0,219.0,234.0,259.0,265.0,285.0,326.0,379.0,395.0,426.0,448.0,451.0,484.0,811.0,828.0,
18.0,36.0,42.0,89.0,92.0,105.0,115.0,117.0,119.0,134.0,177.0,223.0,225.0,253.0,270.0,271.0,303.0,327.0,340.0,347.0,363.0,378.0,392.0,393.0,440.0,485.0,508.0,
2.0,51.0,59.0,108.0,126.0,189.0,210.0,211.0,228.0,243.0,259.0,298.0,319.0,352.0,385.0,392.0,404.0,415.0,431.0,610.0,681.0,687.0,740.0,743.0,
104.0,112.0,122.0,190.0,248.0,258.0,262.0,295.0,319.0,379.0,384.0,395.0,449.0,493.0,507.0,514.0,536.0,539.0,549.0,691.0,691.0,729.0,731.0,731.0,766.0,807.0,836.0,840.0,843.0,847.0,876.0,900.0,923.0,942.0,980.0,
27.0,58.0,59.0,91.0,104.0,120.0,134.0,210.0,270.0,352.0,382.0,394.0,445.0,511.0,533.0,598.0,608.0,689.0,705.0,720.0,774.0,827.0,842.0,874.0,875.0,893.0,904.0,907.0,987.0,996.0,
11.0,39.0,127.0,152.0,166.0,172.0,269.0,291.0,323.0,346.0,380.0,389.0,404.0,426.0,428.0,459.0,544.0,628.0,639.0,659.0,669.0,700.0,731.0,770.0,781.0,791.0,793.0,797.0,820.0,872.0,894.0,897.0,911.0,968.0,970.0,990.0,
12.0,48.0,93.0,141.0,153.0,219.0,298.0,311.0,314.0,331.0,382.0,384.0,456.0,488.0,488.0,490.0,638.0,640.0,731.0,817.0,904.0,930.0,941.0,998.0,
60.0,74.0,86.0,163.0,171.0,194.0,198.0,236.0,265.0,273.0,288.0,381.0,418.0,419.0,421.0,465.0,486.0,
2.0,6.0,9.0,10.0,11.0,100.0,101.0,139.0,153.0,162.0,166.0,176.0,177.0,211.0,233.0,250.0,256.0,258.0,263.0,315.0,320.0,365.0,370.0,389.0,429.0,443.0,450.0,472.0,826.0,
67.0,84.0,115.0,130.0,131.0,147.0,161.0,212.0,239.0,243.0,265.0,313.0,320.0,326.0,349.0,351.0,371.0,401.0,481.0,760.0,786.0,
18.0,68.0,108.0,110.0,113.0,119.0,123.0,152.0,160.0,209.0,221.0,227.0,247.0,256.0,286.0,329.0,382.0,388.0,391.0,421.0,476.0,495.0,879.0,888.0,890.0,
11.0,85.0,123.0,130.0,177.0,182.0,186.0,226.0,255.0,261.0,339.0,352.0,381.0,427.0,439.0,480.0,497.0,499.0,
4.0,5.0,10.0,25.0,34.0,37.0,61.0,111.0,118.0,128.0,136.0,160.0,224.0,255.0,258.0,279.0,316.0,321.0,350.0,437.0,452.0,482.0,502.0,646.0,698.0,717.0,841.0,843.0,874.0,917.0,977.0,
7.0,77.0,87.0,120.0,134.0,152.0,171.0,180.0,182.0,236.0,264.0,316.0,320.0,366.0,377.0,388.0,392.0,429.0,456.0,537.0,563.0,569.0,578.0,587.0,668.0,751.0,787.0,806.0,813.0,834.0,836.0,857.0,860.0,863.0,864.0,870.0,878.0,913.0,950.0,954.0,955.0,959.0,959.0,967.0,982.0,998.0,
116.0,131.0,137.0,140.0,175.0,176.0,183.0,207.0,264.0,274.0,334.0,335.0,338.0,356.0,378.0,397.0,420.0,444.0,479.0,500.0,521.0,528.0,537.0,578.0,582.0,625.0,698.0,732.0,740.0,788.0,789.0,843.0,884.0,886.0,887.0,915.0,925.0,955.0,987.0,988.0,
12.0,63.0,75.0,140.0,182.0,328.0,388.0,420.0,426.0,439.0,457.0,458.0,495.0,577.0,582.0,589.0,647.0,677.0,719.0,723.0,803.0,846.0,859.0,865.0,904.0,926.0,941.0,950.0,977.0,988.0,
55.0,66.0,134.0,171.0,182.0,233.0,234.0,239.0,253.0,262.0,272.0,292.0,358.0,359.0,361.0,419.0,497.0,602.0,653.0,678.0,728.0,731.0,786.0,820.0,823.0,857.0,888.0,897.0,929.0,941.0,974.0,
29.0,30.0,47.0,49.0,51.0,156.0,276.0,373.0,398.0,436.0,
24.0,61.0,167.0,276.0,307.0,330.0,403.0,410.0,447.0,504.0,507.0,
40.0,80.0,123.0,125.0,158.0,178.0,207.0,286.0,305.0,307.0,310.0,318.0,349.0,399.0,446.0,945.0,
38.0,78.0,82.0,110.0,118.0,183.0,224.0,224.0,323.0,399.0,404.0,412.0,431.0,431.0,501.0,785.0,914.0,987.0,
2.0,18.0,132.0,156.0,186.0,206.0,254.0,319.0,325.0,374.0,383.0,401.0,404.0,417.0,435.0,487.0,502.0,
17.0,21.0,44.0,57.0,58.0,67.0,84.0,109.0,159.0,180.0,189.0,189.0,213.0,213.0,221.0,253.0,312.0,318.0,319.0,329.0,358.0,377.0,401.0,433.0,440.0,469.0,475.0,494.0,506.0,603.0,617.0,736.0,782.0,784.0,940.0,947.0,985.0,989.0,
34.0,70.0,98.0,105.0,131.0,151.0,156.0,182.0,186.0,192.0,289.0,297.0,311.0,338.0,347.0,363.0,375.0,384.0,462.0,475.0,478.0,494.0,520.0,600.0,607.0,651.0,774.0,783.0,818.0,821.0,824.0,830.0,861.0,867.0,874.0,912.0,933.0,966.0,968.0,985.0,
38.0,90.0,100.0,108.0,133.0,204.0,243.0,254.0,291.0,314.0,372.0,404.0,404.0,408.0,416.0,427.0,436.0,436.0,442.0,453.0,476.0,481.0,494.0,510.0,526.0,620.0,667.0,694.0,724.0,728.0,735.0,769.0,813.0,816.0,915.0,939.0,943.0,
44.0,80.0,80.0,94.0,143.0,147.0,160.0,183.0,187.0,192.0,203.0,210.0,219.0,223.0,232.0,300.0,315.0,336.0,347.0,367.0,375.0,395.0,451.0,458.0,464.0,507.0,528.0,563.0,572.0,575.0,578.0,579.0,603.0,604.0,658.0,672.0,685.0,690.0,701.0,707.0,720.0,741.0,760.0,762.0,809.0,883.0,933.0,966.0,967.0,978.0,
15.0,16.0,91.0,116.0,152.0,167.0,184.0,197.0,211.0,238.0,305.0,316.0,320.0,323.0,455.0,514.0,528.0,567.0,572.0,584.0,588.0,588.0,599.0,668.0,709.0,710.0,738.0,742.0,753.0,758.0,826.0,838.0,850.0,857.0,888.0,895.0,935.0,941.0,953.0,953.0,973.0,975.0,979.0,991.0,
11.0,18.0,21.0,39.0,107.0,136.0,230.0,253.0,285.0,287.0,294.0,302.0,304.0,340.0,345.0,350.0,362.0,376.0,389.0,416.0,417.0,441.0,475.0,773.0,817.0,860.0,918.0,936.0,992.0,
28.0,46.0,48.0,59.0,87.0,90.0,145.0,148.0,149.0,184.0,187.0,192.0,195.0,245.0,333.0,339.0,343.0,446.0,
10.0,24.0,42.0,137.0,169.0,178.0,231.0,258.0,277.0,334.0,336.0,369.0,404.0,406.0,448.0,
2.0,31.0,69.0,115.0,137.0,153.0,170.0,187.0,221.0,223.0,226.0,247.0,255.0,329.0,331.0,373.0,418.0,427.0,463.0,
3.0,14.0,16.0,28.0,64.0,72.0,99.0,111.0,134.0,174.0,174.0,285.0,294.0,294.0,366.0,462.0,466.0,468.0,487.0,499.0,974.0,
6.0,64.0,65.0,99.0,117.0,138.0,141.0,167.0,231.0,233.0,234.0,256.0,265.0,337.0,338.0,347.0,369.0,394.0,438.0,451.0,455.0,474.0,508.0,558.0,610.0,630.0,657.0,724.0,749.0,749.0,770.0,773.0,805.0,808.0,811.0,814.0,866.0,874.0,880.0,898.0,924.0,926.0,952.0,957.0,960.0,966.0,974.0,975.0,975.0,983.0,
2.0,26.0,36.0,85.0,116.0,146.0,201.0,221.0,235.0,259.0,267.0,283.0,288.0,289.0,321.0,323.0,330.0,414.0,419.0,426.0,445.0,476.0,493.0,496.0,499.0,598.0,688.0,700.0,783.0,789.0,811.0,818.0,834.0,849.0,856.0,858.0,872.0,900.0,923.0,939.0,989.0,
29.0,39.0,61.0,144.0,146.0,171.0,172.0,173.0,217.0,240.0,247.0,256.0,327.0,340.0,390.0,396.0,407.0,410.0,449.0,466.0,471.0,478.0,530.0,536.0,539.0,584.0,638.0,641.0,660.0,668.0,676.0,735.0,783.0,815.0,818.0,863.0,890.0,931.0,955.0,957.0,996.0,
14.0,34.0,53.0,83.0,99.0,254.0,285.0,294.0,314.0,338.0,341.0,387.0,490.0,504.0,540.0,541.0,551.0,561.0,565.0,575.0,586.0,591.0,613.0,615.0,660.0,742.0,746.0,866.0,896.0,896.0,944.0,953.0,960.0,971.0,
45.0,48.0,256.0,288.0,289.0,290.0,295.0,296.0,333.0,350.0,394.0,398.0,445.0,492.0,509.0,607.0,626.0,710.0,782.0,794.0,819.0,847.0,861.0,865.0,915.0,923.0,940.0,949.0,999.0,
60.0,75.0,77.0,144.0,168.0,174.0,223.0,262.0,340.0,341.0,360.0,425.0,518.0,578.0,600.0,622.0,641.0,652.0,655.0,684.0,693.0,694.0,695.0,697.0,702.0,714.0,732.0,745.0,753.0,789.0,795.0,796.0,804.0,846.0,872.0,903.0,909.0,915.0,952.0,964.0,
7.0,25.0,33.0,36.0,53.0,87.0,149.0,159.0,163.0,176.0,181.0,218.0,223.0,245.0,260.0,276.0,338.0,358.0,398.0,421.0,423.0,459.0,499.0,507.0,618.0,642.0,652.0,690.0,730.0,770.0,797.0,834.0,862.0,868.0,880.0,884.0,886.0,916.0,932.0,964.0,970.0,
3.0,73.0,91.0,103.0,118.0,132.0,156.0,166.0,169.0,184.0,184.0,194.0,246.0,263.0,271.0,287.0,314.0,366.0,403.0,414.0,436.0,452.0,505.0,902.0,917.0,
16.0,26.0,38.0,58.0,81.0,125.0,164.0,190.0,230.0,257.0,270.0,285.0,290.0,295.0,299.0,379.0,382.0,384.0,396.0,398.0,411.0,470.0,473.0,478.0,499.0,636.0,664.0,756.0,784.0,789.0,801.0,806.0,952.0,980.0,
12.0,13.0,17.0,25.0,86.0,96.0,118.0,141.0,189.0,207.0,212.0,225.0,246.0,253.0,253.0,291.0,297.0,334.0,343.0,355.0,414.0,452.0,453.0,478.0,500.0,559.0,571.0,630.0,659.0,663.0,675.0,762.0,767.0,776.0,781.0,793.0,816.0,830.0,862.0,867.0,888.0,890.0,894.0,902.0,955.0,966.0,978.0,
58.0,59.0,156.0,181.0,188.0,227.0,251.0,252.0,252.0,274.0,286.0,296.0,304.0,356.0,359.0,385.0,401.0,457.0,471.0,481.0,511.0,516.0,557.0,577.0,580.0,593.0,598.0,635.0,656.0,710.0,711.0,726.0,727.0,737.0,770.0,781.0,785.0,824.0,828.0,837.0,855.0,877.0,899.0,946.0,967.0,
93.0,216.0,226.0,247.0,261.0,275.0,303.0,309.0,330.0,355.0,372.0,392.0,422.0,432.0,464.0,468.0,549.0,568.0,608.0,654.0,660.0,695.0,701.0,712.0,716.0,722.0,742.0,745.0,795.0,868.0,875.0,876.0,900.0,962.0,962.0,986.0,991.0,
5.0,14.0,15.0,26.0,35.0,50.0,77.0,89.0,110.0,181.0,197.0,207.0,236.0,291.0,427.0,431.0,437.0,443.0,476.0,541.0,542.0,547.0,554.0,570.0,668.0,694.0,736.0,738.0,755.0,780.0,785.0,785.0,801.0,818.0,834.0,860.0,870.0,878.0,930.0,940.0,957.0,977.0,994.0,1000.0,
20.0,53.0,119.0,126.0,235.0,254.0,261.0,278.0,357.0,495.0,508.0,529.0,594.0,604.0,616.0,632.0,665.0,744.0,745.0,772.0,785.0,821.0,897.0,905.0,905.0,952.0,970.0,974.0,
35.0,50.0,65.0,78.0,95.0,147.0,227.0,235.0,246.0,295.0,344.0,397.0,419.0,432.0,475.0,502.0,529.0,571.0,593.0,621.0,621.0,650.0,774.0,774.0,823.0,828.0,858.0,861.0,873.0,904.0,919.0,920.0,935.0,1000.0,
31.0,33.0,36.0,69.0,96.0,100.0,142.0,157.0,193.0,257.0,268.0,283.0,291.0,295.0,310.0,400.0,401.0,412.0,413.0,423.0,433.0,447.0,486.0,503.0,509.0,563.0,565.0,576.0,585.0,586.0,640.0,654.0,683.0,711.0,756.0,757.0,767.0,780.0,844.0,853.0,859.0,865.0,891.0,893.0,960.0,
24.0,31.0,32.0,49.0,61.0,91.0,123.0,133.0,145.0,182.0,182.0,189.0,240.0,247.0,344.0,349.0,367.0,384.0,433.0,442.0,545.0,558.0,570.0,576.0,702.0,721.0,730.0,739.0,802.0,814.0,843.0,862.0,883.0,884.0,885.0,889.0,910.0,910.0,913.0,920.0,947.0,982.0,999.0,
23.0,29.0,31.0,35.0,44.0,72.0,110.0,119.0,133.0,136.0,185.0,277.0,296.0,303.0,319.0,320.0,362.0,381.0,386.0,441.0,505.0,506.0,542.0,543.0,567.0,586.0,594.0,700.0,714.0,737.0,739.0,742.0,766.0,872.0,916.0,918.0,958.0,960.0,974.0,
6.0,12.0,16.0,17.0,23.0,28.0,71.0,72.0,93.0,105.0,159.0,177.0,181.0,271.0,311.0,341.0,345.0,402.0,430.0,441.0,458.0,476.0,484.0,515.0,541.0,546.0,583.0,584.0,596.0,636.0,662.0,699.0,706.0,707.0,707.0,739.0,744.0,745.0,775.0,812.0,816.0,846.0,863.0,871.0,886.0,897.0,916.0,917.0,920.0,929.0,958.0,966.0,972.0,
2.0,16.0,25.0,39.0,43.0,62.0,75.0,105.0,141.0,176.0,210.0,341.0,352.0,367.0,381.0,412.0,416.0,424.0,428.0,435.0,445.0,499.0,510.0,546.0,574.0,592.0,608.0,608.0,651.0,675.0,682.0,765.0,779.0,805.0,828.0,843.0,867.0,895.0,955.0,988.0,
43.0,87.0,91.0,100.0,118.0,130.0,142.0,156.0,185.0,206.0,230.0,231.0,381.0,404.0,436.0,441.0,480.0,528.0,548.0,592.0,597.0,616.0,633.0,645.0,678.0,688.0,707.0,727.0,743.0,773.0,840.0,869.0,881.0,894.0,904.0,936.0,968.0,981.0,
13.0,14.0,20.0,40.0,103.0,114.0,118.0,149.0,164.0,201.0,205.0,224.0,226.0,249.0,308.0,315.0,317.0,323.0,344.0,376.0,432.0,463.0,465.0,478.0,480.0,507.0,584.0,595.0,638.0,689.0,694.0,726.0,738.0,747.0,837.0,868.0,900.0,929.0,956.0,964.0,971.0,984.0,
