5.0,22.0,74.0,109.0,116.0,134.0,171.0,175.0,183.0,227.0,230.0,240.0,279.0,300.0,315.0,332.0,418.0,439.0,442.0,490.0,503.0,600.0,606.0,638.0,640.0,685.0,711.0,724.0,742.0,792.0,802.0,802.0,819.0,826.0,852.0,874.0,897.0,905.0,980.0,
28.0,52.0,59.0,75.0,87.0,120.0,139.0,165.0,177.0,274.0,277.0,371.0,380.0,403.0,407.0,412.0,428.0,441.0,441.0,461.0,504.0,519.0,536.0,591.0,612.0,629.0,653.0,655.0,668.0,697.0,740.0,749.0,754.0,791.0,792.0,805.0,822.0,825.0,886.0,921.0,922.0,949.0,
12.0,14.0,17.0,20.0,21.0,31.0,58.0,115.0,159.0,163.0,247.0,258.0,278.0,308.0,361.0,388.0,436.0,491.0,498.0,509.0,581.0,588.0,692.0,711.0,719.0,742.0,837.0,853.0,925.0,940.0,
31.0,52.0,79.0,80.0,104.0,106.0,181.0,192.0,234.0,253.0,276.0,356.0,456.0,458.0,463.0,465.0,501.0,552.0,561.0,564.0,594.0,608.0,621.0,641.0,660.0,734.0,783.0,854.0,869.0,874.0,910.0,923.0,923.0,992.0,
26.0,42.0,59.0,85.0,87.0,152.0,167.0,225.0,249.0,269.0,317.0,377.0,381.0,390.0,406.0,408.0,417.0,428.0,460.0,480.0,487.0,514.0,530.0,532.0,580.0,594.0,632.0,634.0,660.0,675.0,690.0,713.0,722.0,745.0,748.0,759.0,810.0,825.0,846.0,853.0,876.0,912.0,924.0,996.0,
57.0,130.0,142.0,151.0,167.0,226.0,247.0,260.0,316.0,318.0,340.0,357.0,383.0,408.0,442.0,462.0,462.0,477.0,481.0,497.0,517.0,531.0,573.0,609.0,644.0,663.0,701.0,710.0,711.0,730.0,741.0,748.0,766.0,773.0,852.0,864.0,894.0,899.0,942.0,963.0,983.0,
64.0,115.0,144.0,150.0,198.0,210.0,246.0,280.0,281.0,325.0,335.0,343.0,351.0,439.0,521.0,571.0,598.0,602.0,618.0,625.0,643.0,689.0,720.0,732.0,745.0,831.0,867.0,868.0,881.0,908.0,916.0,931.0,939.0,945.0,961.0,971.0,997.0,
4.0,8.0,28.0,44.0,58.0,72.0,87.0,114.0,152.0,167.0,176.0,255.0,284.0,307.0,314.0,319.0,348.0,361.0,367.0,367.0,407.0,418.0,452.0,487.0,528.0,530.0,551.0,642.0,676.0,692.0,714.0,717.0,724.0,783.0,852.0,897.0,918.0,925.0,934.0,936.0,989.0,991.0,994.0,
5.0,6.0,94.0,126.0,130.0,158.0,164.0,176.0,211.0,252.0,365.0,408.0,413.0,442.0,477.0,569.0,616.0,645.0,674.0,693.0,700.0,741.0,769.0,784.0,787.0,809.0,852.0,891.0,894.0,895.0,921.0,921.0,931.0,973.0,980.0,
18.0,26.0,34.0,66.0,68.0,72.0,75.0,96.0,148.0,173.0,185.0,248.0,249.0,267.0,271.0,278.0,279.0,288.0,293.0,306.0,310.0,340.0,352.0,486.0,503.0,519.0,525.0,549.0,599.0,613.0,632.0,633.0,750.0,750.0,756.0,768.0,773.0,786.0,790.0,816.0,823.0,882.0,915.0,936.0,944.0,952.0,958.0,977.0,
24.0,47.0,87.0,156.0,218.0,219.0,258.0,284.0,346.0,439.0,449.0,454.0,473.0,498.0,513.0,533.0,566.0,595.0,624.0,666.0,676.0,711.0,712.0,713.0,716.0,760.0,820.0,841.0,846.0,854.0,923.0,974.0,975.0,
54.0,65.0,103.0,137.0,141.0,156.0,174.0,226.0,241.0,350.0,352.0,368.0,382.0,409.0,438.0,450.0,450.0,461.0,492.0,494.0,588.0,592.0,620.0,621.0,681.0,720.0,747.0,769.0,784.0,797.0,813.0,829.0,839.0,865.0,890.0,975.0,
83.0,198.0,198.0,250.0,275.0,280.0,310.0,340.0,354.0,362.0,375.0,395.0,396.0,408.0,530.0,591.0,625.0,657.0,661.0,683.0,718.0,782.0,814.0,817.0,842.0,864.0,899.0,921.0,922.0,925.0,983.0,
11.0,13.0,30.0,62.0,244.0,252.0,272.0,275.0,310.0,353.0,378.0,430.0,446.0,455.0,465.0,503.0,513.0,514.0,566.0,580.0,628.0,672.0,778.0,779.0,796.0,806.0,812.0,819.0,856.0,889.0,915.0,937.0,954.0,990.0,
19.0,22.0,23.0,97.0,131.0,139.0,158.0,172.0,183.0,197.0,216.0,244.0,278.0,300.0,301.0,320.0,368.0,369.0,383.0,388.0,420.0,450.0,453.0,459.0,515.0,515.0,521.0,528.0,548.0,595.0,623.0,640.0,645.0,649.0,726.0,824.0,830.0,831.0,837.0,846.0,863.0,876.0,894.0,897.0,925.0,946.0,988.0,
22.0,30.0,98.0,106.0,116.0,127.0,159.0,234.0,319.0,360.0,374.0,385.0,405.0,407.0,434.0,478.0,511.0,534.0,558.0,562.0,577.0,598.0,685.0,689.0,730.0,732.0,759.0,826.0,848.0,870.0,882.0,908.0,917.0,949.0,977.0,1000.0,
28.0,46.0,52.0,67.0,135.0,159.0,194.0,214.0,280.0,299.0,340.0,369.0,418.0,419.0,425.0,451.0,470.0,579.0,589.0,592.0,617.0,629.0,699.0,739.0,742.0,772.0,773.0,816.0,870.0,880.0,921.0,925.0,933.0,964.0,966.0,982.0,
12.0,68.0,78.0,91.0,127.0,152.0,168.0,248.0,294.0,378.0,426.0,436.0,460.0,462.0,468.0,478.0,486.0,487.0,491.0,520.0,540.0,571.0,578.0,588.0,664.0,680.0,701.0,750.0,756.0,813.0,848.0,851.0,855.0,859.0,870.0,871.0,892.0,897.0,912.0,920.0,944.0,984.0,996.0,
5.0,11.0,15.0,18.0,20.0,34.0,55.0,60.0,105.0,108.0,165.0,201.0,276.0,306.0,312.0,327.0,329.0,383.0,392.0,401.0,402.0,405.0,418.0,420.0,462.0,502.0,515.0,553.0,558.0,571.0,638.0,642.0,662.0,711.0,717.0,738.0,763.0,773.0,808.0,816.0,835.0,856.0,867.0,876.0,898.0,902.0,918.0,934.0,982.0,991.0,
5.0,9.0,69.0,140.0,143.0,150.0,156.0,161.0,220.0,228.0,252.0,348.0,397.0,412.0,414.0,474.0,475.0,493.0,511.0,524.0,551.0,571.0,593.0,598.0,602.0,604.0,626.0,654.0,706.0,734.0,817.0,831.0,854.0,856.0,862.0,879.0,890.0,963.0,
9.0,68.0,89.0,110.0,112.0,115.0,143.0,196.0,283.0,301.0,350.0,429.0,435.0,461.0,463.0,470.0,477.0,496.0,520.0,553.0,568.0,605.0,608.0,645.0,651.0,701.0,721.0,746.0,764.0,782.0,786.0,805.0,814.0,859.0,860.0,873.0,881.0,893.0,944.0,988.0,992.0,
45.0,76.0,81.0,101.0,116.0,119.0,157.0,205.0,229.0,323.0,354.0,360.0,410.0,454.0,477.0,554.0,576.0,578.0,599.0,600.0,648.0,669.0,707.0,714.0,722.0,745.0,785.0,790.0,863.0,913.0,971.0,
7.0,58.0,79.0,97.0,103.0,113.0,122.0,136.0,142.0,188.0,201.0,213.0,221.0,254.0,297.0,312.0,325.0,333.0,429.0,442.0,482.0,530.0,600.0,606.0,608.0,624.0,628.0,641.0,649.0,665.0,706.0,713.0,735.0,750.0,757.0,760.0,820.0,825.0,852.0,862.0,883.0,906.0,919.0,934.0,
7.0,18.0,19.0,56.0,63.0,118.0,122.0,182.0,211.0,211.0,251.0,267.0,297.0,355.0,357.0,379.0,393.0,399.0,440.0,452.0,470.0,494.0,584.0,617.0,636.0,662.0,694.0,721.0,721.0,723.0,727.0,759.0,760.0,766.0,790.0,820.0,822.0,828.0,836.0,880.0,882.0,887.0,918.0,943.0,950.0,954.0,
6.0,25.0,45.0,47.0,49.0,69.0,73.0,76.0,85.0,90.0,130.0,142.0,174.0,179.0,206.0,206.0,236.0,257.0,277.0,284.0,348.0,417.0,486.0,639.0,700.0,707.0,730.0,736.0,742.0,747.0,771.0,878.0,886.0,928.0,952.0,
13.0,48.0,51.0,91.0,106.0,146.0,206.0,299.0,320.0,359.0,365.0,417.0,419.0,424.0,450.0,454.0,461.0,489.0,515.0,706.0,759.0,766.0,824.0,862.0,874.0,941.0,942.0,951.0,
22.0,94.0,100.0,111.0,126.0,138.0,139.0,233.0,250.0,258.0,332.0,428.0,465.0,480.0,716.0,780.0,849.0,893.0,931.0,951.0,989.0,992.0,
46.0,60.0,128.0,134.0,138.0,143.0,151.0,163.0,195.0,198.0,226.0,259.0,272.0,318.0,349.0,354.0,401.0,444.0,463.0,519.0,544.0,590.0,599.0,614.0,693.0,700.0,703.0,728.0,729.0,738.0,753.0,795.0,842.0,850.0,860.0,862.0,873.0,876.0,897.0,902.0,939.0,943.0,951.0,956.0,968.0,973.0,
16.0,31.0,92.0,102.0,225.0,234.0,252.0,254.0,263.0,298.0,300.0,344.0,361.0,361.0,383.0,390.0,448.0,479.0,509.0,511.0,516.0,533.0,536.0,593.0,594.0,643.0,661.0,665.0,676.0,727.0,732.0,732.0,737.0,798.0,813.0,824.0,907.0,911.0,940.0,950.0,962.0,964.0,970.0,973.0,976.0,980.0,995.0,
11.0,25.0,62.0,107.0,112.0,118.0,126.0,239.0,243.0,257.0,364.0,408.0,415.0,415.0,459.0,466.0,488.0,497.0,500.0,528.0,536.0,537.0,554.0,559.0,628.0,665.0,719.0,752.0,773.0,801.0,812.0,822.0,823.0,829.0,836.0,843.0,851.0,891.0,892.0,898.0,934.0,938.0,993.0,
7.0,11.0,67.0,67.0,81.0,88.0,133.0,134.0,178.0,188.0,209.0,223.0,238.0,244.0,303.0,323.0,416.0,423.0,424.0,427.0,500.0,510.0,534.0,575.0,592.0,595.0,603.0,649.0,675.0,685.0,690.0,701.0,706.0,755.0,774.0,775.0,779.0,809.0,877.0,893.0,917.0,925.0,928.0,931.0,937.0,
32.0,86.0,114.0,118.0,126.0,138.0,157.0,171.0,197.0,322.0,356.0,391.0,397.0,426.0,431.0,468.0,477.0,492.0,569.0,575.0,599.0,623.0,646.0,719.0,726.0,765.0,779.0,791.0,798.0,824.0,827.0,831.0,833.0,847.0,855.0,859.0,882.0,914.0,915.0,920.0,953.0,982.0,988.0,
14.0,63.0,74.0,101.0,135.0,153.0,182.0,188.0,250.0,254.0,255.0,294.0,311.0,313.0,322.0,371.0,383.0,412.0,412.0,453.0,511.0,592.0,604.0,606.0,610.0,653.0,672.0,710.0,772.0,773.0,852.0,868.0,885.0,899.0,936.0,938.0,942.0,
89.0,166.0,247.0,251.0,292.0,316.0,329.0,384.0,385.0,388.0,402.0,411.0,439.0,450.0,479.0,
61.0,63.0,94.0,175.0,207.0,229.0,261.0,270.0,281.0,290.0,310.0,310.0,314.0,316.0,350.0,362.0,378.0,485.0,492.0,
70.0,75.0,88.0,107.0,125.0,162.0,210.0,265.0,265.0,331.0,376.0,386.0,400.0,413.0,424.0,474.0,493.0,
12.0,41.0,44.0,56.0,59.0,78.0,95.0,108.0,119.0,228.0,233.0,245.0,251.0,257.0,265.0,287.0,328.0,391.0,423.0,481.0,488.0,498.0,
49.0,51.0,100.0,112.0,150.0,150.0,178.0,187.0,191.0,200.0,274.0,316.0,352.0,360.0,370.0,389.0,420.0,443.0,459.0,713.0,934.0,942.0,
2.0,4.0,62.0,78.0,90.0,109.0,119.0,140.0,213.0,226.0,228.0,282.0,358.0,370.0,377.0,384.0,398.0,411.0,468.0,534.0,600.0,620.0,646.0,709.0,739.0,747.0,752.0,774.0,775.0,795.0,842.0,869.0,932.0,935.0,945.0,946.0,975.0,994.0,
26.0,71.0,250.0,262.0,321.0,333.0,377.0,395.0,397.0,452.0,620.0,656.0,679.0,683.0,739.0,755.0,781.0,818.0,826.0,829.0,848.0,856.0,893.0,899.0,921.0,923.0,945.0,
17.0,43.0,44.0,51.0,90.0,124.0,131.0,185.0,197.0,223.0,226.0,257.0,321.0,325.0,334.0,359.0,397.0,426.0,470.0,555.0,579.0,607.0,613.0,627.0,678.0,727.0,738.0,774.0,819.0,821.0,824.0,826.0,830.0,843.0,866.0,900.0,932.0,933.0,975.0,987.0,
48.0,70.0,77.0,103.0,108.0,132.0,159.0,167.0,175.0,350.0,378.0,379.0,382.0,439.0,460.0,460.0,593.0,599.0,634.0,636.0,640.0,651.0,656.0,698.0,705.0,720.0,739.0,742.0,769.0,776.0,777.0,799.0,842.0,864.0,894.0,923.0,
29.0,132.0,135.0,182.0,204.0,210.0,245.0,262.0,270.0,271.0,306.0,324.0,335.0,401.0,412.0,414.0,433.0,444.0,488.0,503.0,516.0,639.0,661.0,683.0,711.0,719.0,740.0,761.0,780.0,805.0,826.0,859.0,880.0,896.0,988.0,
40.0,76.0,81.0,121.0,134.0,135.0,151.0,206.0,232.0,264.0,320.0,331.0,346.0,373.0,381.0,415.0,426.0,
43.0,49.0,81.0,150.0,153.0,180.0,198.0,242.0,418.0,972.0,
113.0,196.0,219.0,288.0,289.0,304.0,354.0,357.0,359.0,366.0,455.0,480.0,776.0,942.0,966.0,
66.0,80.0,84.0,87.0,185.0,204.0,236.0,258.0,298.0,322.0,361.0,373.0,408.0,427.0,463.0,507.0,819.0,856.0,
3.0,48.0,51.0,70.0,71.0,104.0,121.0,139.0,152.0,158.0,185.0,197.0,199.0,221.0,263.0,278.0,308.0,328.0,333.0,426.0,442.0,463.0,468.0,498.0,
70.0,78.0,109.0,168.0,186.0,194.0,204.0,212.0,265.0,310.0,331.0,354.0,368.0,372.0,385.0,389.0,400.0,410.0,426.0,448.0,488.0,490.0,505.0,618.0,686.0,714.0,719.0,722.0,746.0,761.0,793.0,794.0,839.0,927.0,932.0,942.0,948.0,
16.0,38.0,59.0,108.0,123.0,123.0,146.0,149.0,177.0,229.0,232.0,297.0,309.0,320.0,342.0,344.0,360.0,384.0,386.0,453.0,455.0,498.0,501.0,509.0,534.0,562.0,576.0,592.0,615.0,640.0,650.0,660.0,673.0,704.0,715.0,764.0,770.0,798.0,837.0,838.0,922.0,922.0,938.0,
16.0,23.0,57.0,68.0,69.0,267.0,283.0,437.0,471.0,486.0,494.0,536.0,559.0,596.0,607.0,655.0,703.0,719.0,726.0,778.0,788.0,811.0,950.0,994.0,
52.0,54.0,81.0,112.0,125.0,128.0,140.0,148.0,169.0,192.0,250.0,273.0,321.0,394.0,408.0,424.0,442.0,463.0,485.0,527.0,536.0,545.0,558.0,617.0,721.0,732.0,743.0,763.0,797.0,837.0,845.0,895.0,906.0,938.0,944.0,946.0,963.0,964.0,974.0,978.0,985.0,
12.0,19.0,23.0,29.0,45.0,88.0,94.0,114.0,132.0,136.0,161.0,166.0,170.0,241.0,307.0,324.0,437.0,449.0,504.0,512.0,710.0,740.0,772.0,786.0,821.0,837.0,859.0,877.0,929.0,937.0,940.0,947.0,974.0,
31.0,47.0,54.0,64.0,68.0,110.0,160.0,166.0,170.0,212.0,236.0,254.0,258.0,263.0,319.0,324.0,331.0,370.0,415.0,421.0,431.0,432.0,496.0,500.0,
40.0,95.0,139.0,147.0,218.0,251.0,253.0,313.0,328.0,357.0,358.0,412.0,424.0,427.0,436.0,441.0,461.0,470.0,483.0,838.0,839.0,914.0,988.0,
115.0,143.0,155.0,163.0,193.0,195.0,207.0,285.0,286.0,312.0,406.0,415.0,428.0,434.0,491.0,504.0,901.0,942.0,986.0,988.0,
56.0,85.0,102.0,103.0,188.0,194.0,308.0,311.0,336.0,343.0,361.0,422.0,444.0,786.0,880.0,999.0,
13.0,70.0,96.0,97.0,113.0,151.0,152.0,199.0,211.0,222.0,255.0,262.0,282.0,295.0,330.0,355.0,393.0,404.0,419.0,424.0,446.0,448.0,449.0,456.0,
21.0,121.0,121.0,128.0,186.0,206.0,214.0,293.0,441.0,446.0,471.0,502.0,710.0,783.0,808.0,810.0,843.0,846.0,870.0,891.0,970.0,982.0,988.0,997.0,998.0,
8.0,85.0,106.0,176.0,182.0,188.0,192.0,270.0,284.0,308.0,324.0,361.0,498.0,505.0,560.0,582.0,592.0,642.0,647.0,653.0,669.0,697.0,699.0,720.0,755.0,797.0,841.0,853.0,859.0,877.0,899.0,929.0,932.0,996.0,
12.0,13.0,22.0,40.0,64.0,118.0,194.0,371.0,394.0,426.0,466.0,503.0,524.0,565.0,635.0,676.0,731.0,772.0,774.0,792.0,811.0,823.0,827.0,843.0,849.0,870.0,882.0,919.0,990.0,999.0,
78.0,79.0,139.0,175.0,196.0,217.0,224.0,296.0,348.0,357.0,370.0,418.0,421.0,447.0,448.0,457.0,481.0,481.0,512.0,522.0,528.0,568.0,587.0,588.0,592.0,599.0,601.0,605.0,622.0,633.0,649.0,651.0,655.0,684.0,693.0,695.0,721.0,733.0,776.0,787.0,797.0,814.0,847.0,862.0,894.0,897.0,906.0,912.0,916.0,923.0,927.0,937.0,941.0,979.0,
33.0,67.0,138.0,154.0,164.0,211.0,225.0,297.0,315.0,334.0,347.0,358.0,375.0,381.0,423.0,438.0,503.0,643.0,706.0,721.0,737.0,784.0,788.0,819.0,898.0,923.0,926.0,939.0,970.0,973.0,
36.0,70.0,93.0,100.0,159.0,207.0,253.0,263.0,273.0,388.0,430.0,439.0,
7.0,128.0,182.0,237.0,267.0,273.0,312.0,326.0,344.0,406.0,465.0,488.0,884.0,
6.0,39.0,40.0,51.0,77.0,77.0,78.0,84.0,93.0,123.0,205.0,218.0,241.0,284.0,311.0,321.0,327.0,373.0,413.0,416.0,422.0,463.0,469.0,811.0,842.0,
3.0,11.0,18.0,37.0,59.0,120.0,222.0,226.0,230.0,262.0,275.0,288.0,359.0,396.0,438.0,439.0,448.0,451.0,465.0,472.0,491.0,899.0,931.0,
41.0,42.0,43.0,45.0,64.0,81.0,100.0,161.0,188.0,203.0,225.0,238.0,306.0,315.0,318.0,335.0,349.0,385.0,400.0,429.0,470.0,476.0,486.0,
48.0,55.0,74.0,120.0,125.0,153.0,203.0,229.0,235.0,250.0,256.0,343.0,352.0,376.0,397.0,411.0,418.0,419.0,454.0,469.0,481.0,498.0,660.0,662.0,668.0,682.0,684.0,720.0,824.0,962.0,989.0,
4.0,35.0,73.0,97.0,114.0,204.0,234.0,255.0,258.0,266.0,296.0,317.0,354.0,366.0,409.0,432.0,471.0,471.0,474.0,480.0,484.0,495.0,524.0,549.0,568.0,575.0,581.0,582.0,593.0,600.0,603.0,663.0,677.0,710.0,715.0,730.0,744.0,749.0,787.0,798.0,815.0,827.0,845.0,857.0,889.0,941.0,944.0,946.0,949.0,970.0,971.0,977.0,1000.0,1000.0,
70.0,74.0,103.0,154.0,210.0,214.0,265.0,307.0,341.0,365.0,386.0,499.0,508.0,650.0,703.0,741.0,744.0,763.0,782.0,784.0,821.0,850.0,932.0,932.0,1000.0,
40.0,80.0,175.0,197.0,201.0,320.0,370.0,375.0,385.0,391.0,435.0,468.0,481.0,504.0,520.0,566.0,575.0,624.0,660.0,732.0,744.0,813.0,884.0,930.0,939.0,963.0,980.0,984.0,991.0,999.0,
11.0,23.0,25.0,64.0,121.0,150.0,156.0,183.0,207.0,284.0,286.0,288.0,302.0,342.0,366.0,377.0,447.0,448.0,455.0,490.0,580.0,606.0,654.0,661.0,665.0,673.0,701.0,705.0,739.0,798.0,805.0,822.0,847.0,860.0,866.0,910.0,912.0,916.0,940.0,947.0,971.0,
31.0,34.0,61.0,148.0,154.0,214.0,236.0,239.0,244.0,269.0,275.0,282.0,327.0,346.0,358.0,484.0,508.0,510.0,825.0,855.0,947.0,
39.0,78.0,112.0,121.0,170.0,175.0,200.0,221.0,269.0,295.0,325.0,339.0,352.0,410.0,420.0,438.0,452.0,
7.0,36.0,51.0,88.0,108.0,137.0,211.0,347.0,355.0,367.0,373.0,378.0,394.0,440.0,505.0,
24.0,27.0,79.0,81.0,92.0,134.0,137.0,146.0,175.0,205.0,250.0,254.0,260.0,275.0,313.0,419.0,425.0,453.0,461.0,497.0,
8.0,32.0,98.0,115.0,172.0,182.0,261.0,267.0,330.0,389.0,396.0,406.0,410.0,421.0,447.0,456.0,472.0,506.0,723.0,772.0,785.0,888.0,921.0,974.0,
18.0,25.0,45.0,60.0,89.0,175.0,235.0,258.0,263.0,354.0,427.0,444.0,487.0,498.0,524.0,551.0,585.0,616.0,620.0,638.0,660.0,665.0,697.0,711.0,733.0,785.0,787.0,831.0,883.0,895.0,948.0,963.0,983.0,
26.0,31.0,105.0,110.0,130.0,146.0,157.0,201.0,211.0,225.0,230.0,257.0,294.0,304.0,316.0,335.0,360.0,428.0,430.0,455.0,457.0,496.0,507.0,559.0,579.0,594.0,602.0,610.0,615.0,656.0,692.0,694.0,703.0,708.0,741.0,772.0,810.0,837.0,840.0,924.0,936.0,942.0,979.0,990.0,
13.0,15.0,21.0,40.0,74.0,82.0,107.0,209.0,228.0,232.0,274.0,290.0,315.0,364.0,440.0,459.0,466.0,488.0,492.0,516.0,526.0,535.0,537.0,554.0,568.0,572.0,618.0,710.0,717.0,790.0,902.0,909.0,920.0,927.0,949.0,
4.0,15.0,46.0,55.0,79.0,111.0,132.0,138.0,157.0,212.0,213.0,230.0,247.0,259.0,267.0,294.0,302.0,304.0,324.0,384.0,387.0,413.0,462.0,485.0,507.0,521.0,523.0,539.0,551.0,565.0,572.0,609.0,615.0,616.0,617.0,628.0,644.0,646.0,653.0,668.0,706.0,786.0,846.0,852.0,860.0,866.0,935.0,935.0,961.0,965.0,
12.0,30.0,43.0,114.0,141.0,149.0,171.0,246.0,251.0,273.0,297.0,297.0,354.0,375.0,405.0,459.0,469.0,516.0,527.0,549.0,560.0,570.0,585.0,587.0,624.0,694.0,719.0,754.0,762.0,785.0,786.0,820.0,825.0,848.0,863.0,873.0,874.0,955.0,965.0,967.0,992.0,
13.0,39.0,68.0,78.0,90.0,94.0,119.0,150.0,182.0,225.0,238.0,257.0,310.0,333.0,336.0,344.0,374.0,413.0,413.0,464.0,497.0,570.0,579.0,607.0,613.0,615.0,617.0,639.0,688.0,821.0,828.0,847.0,859.0,871.0,872.0,879.0,882.0,893.0,944.0,959.0,983.0,991.0,
2.0,46.0,50.0,76.0,124.0,162.0,202.0,236.0,240.0,307.0,321.0,386.0,413.0,430.0,459.0,467.0,669.0,730.0,738.0,743.0,799.0,806.0,817.0,872.0,979.0,
76.0,80.0,125.0,129.0,129.0,158.0,177.0,195.0,245.0,264.0,296.0,298.0,310.0,373.0,390.0,423.0,434.0,449.0,465.0,501.0,749.0,799.0,860.0,
16.0,75.0,128.0,157.0,236.0,280.0,291.0,327.0,382.0,385.0,450.0,455.0,462.0,510.0,617.0,664.0,685.0,696.0,740.0,760.0,775.0,825.0,870.0,909.0,925.0,
72.0,111.0,125.0,155.0,162.0,172.0,177.0,209.0,212.0,246.0,317.0,319.0,331.0,361.0,362.0,372.0,381.0,494.0,531.0,588.0,608.0,655.0,658.0,717.0,743.0,789.0,792.0,793.0,854.0,877.0,901.0,940.0,954.0,978.0,981.0,998.0,
44.0,77.0,123.0,130.0,165.0,220.0,249.0,252.0,352.0,370.0,372.0,427.0,451.0,481.0,515.0,516.0,533.0,539.0,585.0,667.0,670.0,686.0,699.0,740.0,777.0,808.0,815.0,865.0,873.0,874.0,974.0,992.0,
14.0,108.0,128.0,259.0,297.0,303.0,350.0,403.0,421.0,474.0,491.0,495.0,509.0,559.0,578.0,583.0,603.0,646.0,659.0,704.0,782.0,824.0,839.0,853.0,853.0,866.0,898.0,951.0,975.0,
5.0,7.0,55.0,154.0,196.0,221.0,241.0,245.0,254.0,263.0,264.0,266.0,280.0,292.0,303.0,349.0,352.0,358.0,404.0,446.0,532.0,567.0,608.0,613.0,619.0,623.0,628.0,665.0,695.0,705.0,708.0,715.0,738.0,743.0,766.0,837.0,845.0,865.0,894.0,926.0,964.0,970.0,988.0,993.0,
57.0,86.0,93.0,119.0,127.0,140.0,142.0,189.0,230.0,259.0,306.0,376.0,410.0,412.0,435.0,462.0,487.0,513.0,537.0,543.0,565.0,574.0,602.0,660.0,662.0,688.0,745.0,758.0,773.0,782.0,833.0,895.0,968.0,
73.0,75.0,76.0,122.0,125.0,190.0,213.0,216.0,250.0,271.0,336.0,340.0,369.0,385.0,465.0,571.0,632.0,664.0,692.0,712.0,746.0,747.0,773.0,815.0,861.0,864.0,886.0,945.0,953.0,968.0,969.0,976.0,
20.0,79.0,98.0,104.0,116.0,178.0,181.0,207.0,218.0,242.0,267.0,339.0,354.0,359.0,369.0,377.0,398.0,407.0,412.0,508.0,508.0,550.0,562.0,564.0,569.0,600.0,626.0,665.0,683.0,729.0,748.0,800.0,808.0,852.0,934.0,954.0,973.0,985.0,986.0,
26.0,27.0,54.0,56.0,71.0,162.0,211.0,245.0,265.0,266.0,311.0,317.0,378.0,400.0,411.0,423.0,426.0,440.0,462.0,493.0,502.0,523.0,523.0,543.0,596.0,611.0,616.0,637.0,645.0,666.0,693.0,717.0,743.0,750.0,821.0,843.0,914.0,928.0,
13.0,38.0,39.0,46.0,60.0,76.0,99.0,107.0,115.0,123.0,145.0,151.0,155.0,159.0,183.0,227.0,250.0,251.0,287.0,295.0,331.0,345.0,355.0,362.0,380.0,415.0,446.0,450.0,455.0,474.0,527.0,536.0,584.0,604.0,604.0,647.0,709.0,711.0,715.0,720.0,734.0,781.0,802.0,808.0,829.0,841.0,851.0,868.0,890.0,893.0,894.0,898.0,901.0,913.0,934.0,
12.0,55.0,117.0,148.0,150.0,160.0,224.0,228.0,231.0,243.0,326.0,326.0,327.0,401.0,408.0,418.0,447.0,465.0,498.0,537.0,557.0,558.0,559.0,564.0,604.0,605.0,640.0,716.0,727.0,790.0,798.0,803.0,818.0,843.0,845.0,852.0,873.0,889.0,889.0,910.0,942.0,946.0,967.0,973.0,976.0,1000.0,
21.0,109.0,124.0,156.0,203.0,227.0,489.0,495.0,501.0,524.0,540.0,638.0,658.0,725.0,783.0,804.0,807.0,811.0,818.0,844.0,897.0,
63.0,78.0,170.0,176.0,181.0,243.0,255.0,268.0,275.0,320.0,357.0,359.0,398.0,408.0,454.0,491.0,496.0,505.0,527.0,537.0,560.0,561.0,575.0,579.0,614.0,665.0,769.0,786.0,834.0,845.0,868.0,878.0,879.0,899.0,919.0,933.0,943.0,950.0,965.0,984.0,990.0,
71.0,85.0,87.0,87.0,108.0,159.0,220.0,227.0,238.0,243.0,245.0,320.0,322.0,331.0,387.0,396.0,401.0,402.0,420.0,454.0,467.0,688.0,718.0,774.0,815.0,829.0,908.0,928.0,969.0,978.0,989.0,989.0,1000.0,
