23.0,65.0,90.0,122.0,124.0,160.0,168.0,200.0,278.0,307.0,318.0,323.0,340.0,348.0,348.0,367.0,419.0,435.0,493.0,510.0,512.0,519.0,522.0,536.0,546.0,614.0,622.0,627.0,635.0,636.0,667.0,695.0,720.0,727.0,730.0,740.0,838.0,841.0,914.0,918.0,932.0,936.0,942.0,
19.0,34.0,47.0,67.0,71.0,103.0,117.0,146.0,201.0,228.0,272.0,342.0,351.0,369.0,386.0,411.0,435.0,440.0,450.0,551.0,592.0,618.0,661.0,692.0,700.0,703.0,731.0,772.0,832.0,913.0,949.0,970.0,993.0,
69.0,88.0,123.0,136.0,204.0,233.0,234.0,236.0,249.0,253.0,274.0,302.0,324.0,331.0,337.0,343.0,349.0,364.0,442.0,451.0,493.0,505.0,521.0,557.0,575.0,577.0,600.0,644.0,722.0,733.0,743.0,777.0,806.0,809.0,847.0,866.0,876.0,883.0,917.0,934.0,935.0,968.0,988.0,
16.0,19.0,47.0,180.0,212.0,249.0,274.0,298.0,335.0,350.0,362.0,424.0,426.0,443.0,447.0,470.0,478.0,506.0,552.0,576.0,581.0,590.0,615.0,635.0,641.0,661.0,663.0,741.0,753.0,759.0,780.0,782.0,792.0,835.0,842.0,843.0,861.0,883.0,932.0,949.0,962.0,962.0,974.0,993.0,
33.0,54.0,68.0,87.0,104.0,119.0,139.0,171.0,183.0,205.0,342.0,348.0,383.0,427.0,431.0,442.0,446.0,481.0,512.0,513.0,515.0,545.0,558.0,619.0,648.0,654.0,686.0,693.0,699.0,706.0,708.0,708.0,728.0,736.0,748.0,788.0,820.0,826.0,868.0,889.0,949.0,981.0,
4.0,43.0,48.0,96.0,105.0,227.0,253.0,264.0,270.0,288.0,344.0,347.0,351.0,352.0,373.0,418.0,429.0,564.0,584.0,633.0,640.0,643.0,652.0,699.0,715.0,729.0,780.0,797.0,828.0,828.0,842.0,904.0,911.0,924.0,955.0,956.0,
3.0,16.0,36.0,57.0,86.0,120.0,122.0,222.0,246.0,249.0,251.0,251.0,280.0,285.0,348.0,404.0,505.0,568.0,585.0,590.0,639.0,645.0,681.0,698.0,723.0,767.0,796.0,818.0,830.0,833.0,837.0,839.0,849.0,
34.0,47.0,90.0,116.0,192.0,213.0,240.0,259.0,269.0,288.0,304.0,306.0,332.0,344.0,364.0,403.0,404.0,420.0,507.0,511.0,543.0,544.0,599.0,614.0,625.0,628.0,640.0,641.0,647.0,655.0,682.0,692.0,708.0,714.0,718.0,731.0,731.0,774.0,794.0,798.0,802.0,856.0,893.0,907.0,942.0,946.0,946.0,954.0,966.0,
17.0,30.0,31.0,46.0,83.0,105.0,113.0,142.0,144.0,145.0,188.0,194.0,195.0,197.0,217.0,246.0,350.0,380.0,385.0,401.0,452.0,469.0,520.0,538.0,576.0,614.0,619.0,625.0,628.0,648.0,659.0,668.0,699.0,781.0,792.0,801.0,967.0,977.0,989.0,991.0,995.0,
21.0,99.0,102.0,127.0,129.0,209.0,227.0,246.0,266.0,266.0,291.0,304.0,390.0,501.0,535.0,604.0,644.0,644.0,702.0,746.0,786.0,816.0,835.0,875.0,875.0,880.0,886.0,906.0,920.0,940.0,950.0,
42.0,45.0,46.0,61.0,65.0,129.0,171.0,174.0,239.0,267.0,271.0,284.0,298.0,358.0,369.0,406.0,423.0,434.0,472.0,521.0,552.0,584.0,600.0,606.0,635.0,646.0,655.0,655.0,685.0,689.0,725.0,771.0,789.0,803.0,827.0,849.0,865.0,948.0,957.0,972.0,975.0,987.0,993.0,
33.0,70.0,113.0,130.0,193.0,205.0,266.0,307.0,314.0,330.0,339.0,398.0,463.0,466.0,491.0,549.0,587.0,641.0,673.0,686.0,738.0,743.0,744.0,745.0,753.0,765.0,768.0,769.0,810.0,825.0,841.0,847.0,852.0,873.0,970.0,
7.0,7.0,15.0,18.0,60.0,63.0,89.0,94.0,156.0,168.0,175.0,185.0,280.0,291.0,314.0,324.0,328.0,353.0,377.0,416.0,418.0,439.0,598.0,644.0,645.0,676.0,714.0,736.0,740.0,757.0,761.0,763.0,773.0,777.0,784.0,837.0,854.0,874.0,885.0,923.0,932.0,943.0,954.0,969.0,980.0,
87.0,91.0,91.0,101.0,104.0,134.0,170.0,229.0,262.0,301.0,387.0,400.0,400.0,408.0,419.0,441.0,447.0,480.0,669.0,671.0,706.0,715.0,765.0,871.0,873.0,928.0,940.0,
76.0,91.0,102.0,129.0,159.0,191.0,206.0,207.0,288.0,314.0,348.0,397.0,404.0,406.0,444.0,479.0,974.0,
19.0,25.0,43.0,44.0,67.0,82.0,93.0,120.0,123.0,201.0,234.0,323.0,371.0,376.0,390.0,400.0,
7.0,20.0,40.0,82.0,145.0,204.0,217.0,224.0,231.0,234.0,240.0,288.0,303.0,305.0,310.0,376.0,418.0,461.0,476.0,480.0,
6.0,9.0,14.0,39.0,82.0,103.0,141.0,156.0,182.0,213.0,258.0,264.0,281.0,316.0,334.0,381.0,431.0,467.0,480.0,481.0,817.0,870.0,955.0,999.0,
7.0,29.0,54.0,55.0,56.0,66.0,72.0,96.0,111.0,120.0,143.0,148.0,148.0,174.0,185.0,218.0,225.0,267.0,276.0,287.0,299.0,313.0,338.0,365.0,386.0,430.0,432.0,469.0,484.0,528.0,532.0,584.0,587.0,600.0,626.0,738.0,788.0,820.0,829.0,838.0,841.0,874.0,879.0,920.0,946.0,947.0,
9.0,45.0,58.0,77.0,137.0,157.0,167.0,178.0,189.0,230.0,263.0,276.0,295.0,380.0,413.0,455.0,458.0,544.0,568.0,627.0,666.0,674.0,676.0,686.0,689.0,731.0,781.0,783.0,817.0,858.0,859.0,874.0,900.0,916.0,931.0,940.0,945.0,950.0,953.0,
63.0,64.0,65.0,78.0,86.0,164.0,168.0,292.0,300.0,322.0,332.0,349.0,367.0,424.0,437.0,538.0,538.0,590.0,600.0,660.0,679.0,721.0,728.0,805.0,869.0,874.0,878.0,897.0,937.0,944.0,977.0,
15.0,56.0,77.0,95.0,123.0,150.0,197.0,224.0,225.0,237.0,263.0,356.0,383.0,417.0,450.0,456.0,483.0,510.0,528.0,560.0,571.0,583.0,590.0,617.0,638.0,679.0,696.0,700.0,741.0,752.0,753.0,818.0,849.0,867.0,876.0,892.0,914.0,946.0,962.0,966.0,999.0,
102.0,109.0,126.0,149.0,194.0,198.0,201.0,236.0,295.0,302.0,307.0,309.0,365.0,397.0,979.0,
25.0,84.0,89.0,98.0,136.0,170.0,187.0,211.0,222.0,236.0,267.0,283.0,333.0,368.0,373.0,380.0,406.0,414.0,481.0,
95.0,97.0,125.0,138.0,148.0,151.0,160.0,213.0,243.0,265.0,271.0,288.0,290.0,291.0,349.0,350.0,361.0,381.0,395.0,412.0,427.0,428.0,
6.0,14.0,128.0,196.0,201.0,248.0,283.0,310.0,314.0,326.0,366.0,367.0,388.0,460.0,795.0,939.0,
44.0,71.0,77.0,155.0,179.0,192.0,193.0,193.0,210.0,222.0,243.0,291.0,428.0,483.0,488.0,497.0,
7.0,82.0,108.0,153.0,170.0,179.0,202.0,210.0,211.0,244.0,272.0,293.0,297.0,452.0,456.0,498.0,500.0,
3.0,26.0,59.0,88.0,101.0,104.0,117.0,126.0,161.0,227.0,233.0,268.0,306.0,320.0,342.0,371.0,379.0,389.0,439.0,449.0,450.0,457.0,487.0,489.0,502.0,509.0,974.0,
16.0,44.0,95.0,153.0,167.0,179.0,225.0,227.0,295.0,326.0,383.0,385.0,406.0,473.0,484.0,486.0,506.0,528.0,585.0,586.0,605.0,635.0,642.0,720.0,765.0,781.0,782.0,824.0,855.0,858.0,878.0,897.0,906.0,926.0,958.0,963.0,
4.0,14.0,25.0,49.0,58.0,82.0,99.0,106.0,115.0,125.0,147.0,158.0,181.0,216.0,257.0,258.0,261.0,263.0,282.0,292.0,335.0,350.0,393.0,396.0,403.0,409.0,434.0,480.0,500.0,550.0,582.0,591.0,630.0,640.0,654.0,663.0,669.0,695.0,709.0,714.0,734.0,766.0,784.0,790.0,816.0,835.0,858.0,870.0,877.0,877.0,886.0,924.0,927.0,934.0,941.0,954.0,985.0,985.0,999.0,
3.0,22.0,27.0,83.0,94.0,142.0,170.0,196.0,226.0,226.0,316.0,347.0,420.0,448.0,474.0,491.0,506.0,688.0,729.0,733.0,861.0,861.0,907.0,939.0,944.0,985.0,
6.0,37.0,82.0,107.0,113.0,138.0,207.0,214.0,239.0,276.0,300.0,355.0,371.0,386.0,416.0,425.0,431.0,437.0,452.0,468.0,497.0,
8.0,21.0,35.0,117.0,120.0,124.0,140.0,144.0,205.0,207.0,239.0,284.0,314.0,346.0,357.0,745.0,823.0,929.0,948.0,
6.0,9.0,43.0,65.0,66.0,83.0,97.0,145.0,146.0,173.0,197.0,202.0,243.0,253.0,293.0,311.0,329.0,362.0,366.0,411.0,442.0,463.0,911.0,922.0,
7.0,43.0,52.0,64.0,78.0,91.0,146.0,173.0,208.0,209.0,235.0,241.0,241.0,243.0,263.0,277.0,310.0,312.0,354.0,393.0,401.0,428.0,445.0,457.0,488.0,494.0,829.0,847.0,903.0,953.0,
54.0,56.0,70.0,72.0,85.0,136.0,145.0,149.0,164.0,164.0,167.0,178.0,179.0,192.0,206.0,212.0,332.0,386.0,434.0,491.0,755.0,812.0,812.0,833.0,869.0,991.0,
45.0,71.0,74.0,106.0,174.0,183.0,200.0,216.0,265.0,278.0,285.0,320.0,357.0,367.0,389.0,451.0,465.0,823.0,953.0,982.0,
38.0,40.0,52.0,68.0,90.0,125.0,142.0,180.0,199.0,200.0,215.0,216.0,229.0,241.0,288.0,337.0,349.0,373.0,406.0,443.0,504.0,
2.0,60.0,97.0,127.0,133.0,210.0,233.0,311.0,368.0,377.0,427.0,429.0,506.0,827.0,832.0,919.0,924.0,944.0,945.0,
34.0,49.0,141.0,253.0,316.0,348.0,421.0,425.0,458.0,463.0,476.0,566.0,625.0,636.0,638.0,712.0,740.0,818.0,820.0,832.0,833.0,851.0,854.0,872.0,878.0,884.0,923.0,928.0,943.0,978.0,994.0,
5.0,29.0,80.0,96.0,123.0,149.0,159.0,203.0,229.0,241.0,271.0,274.0,301.0,322.0,371.0,374.0,399.0,400.0,401.0,421.0,425.0,427.0,438.0,449.0,489.0,
10.0,25.0,26.0,98.0,134.0,152.0,193.0,213.0,215.0,303.0,311.0,375.0,386.0,419.0,421.0,424.0,456.0,460.0,805.0,
5.0,9.0,31.0,112.0,168.0,174.0,182.0,257.0,281.0,285.0,312.0,345.0,388.0,432.0,434.0,501.0,892.0,905.0,
22.0,67.0,85.0,103.0,174.0,197.0,214.0,252.0,283.0,286.0,288.0,293.0,315.0,318.0,326.0,339.0,349.0,350.0,446.0,453.0,464.0,470.0,477.0,499.0,901.0,919.0,931.0,932.0,962.0,
8.0,20.0,31.0,44.0,80.0,93.0,113.0,115.0,147.0,159.0,195.0,229.0,233.0,265.0,268.0,297.0,338.0,355.0,386.0,437.0,
58.0,62.0,83.0,177.0,182.0,237.0,254.0,263.0,309.0,342.0,359.0,361.0,398.0,414.0,445.0,461.0,463.0,488.0,502.0,733.0,827.0,
12.0,14.0,38.0,130.0,151.0,169.0,178.0,180.0,214.0,234.0,245.0,255.0,260.0,291.0,305.0,323.0,335.0,360.0,408.0,428.0,428.0,459.0,490.0,499.0,793.0,803.0,823.0,885.0,894.0,951.0,953.0,
12.0,19.0,53.0,67.0,76.0,76.0,141.0,272.0,276.0,302.0,353.0,355.0,393.0,429.0,792.0,824.0,928.0,961.0,
27.0,66.0,90.0,99.0,119.0,149.0,173.0,209.0,231.0,266.0,279.0,312.0,328.0,338.0,349.0,373.0,462.0,
21.0,121.0,125.0,130.0,131.0,177.0,239.0,243.0,253.0,268.0,298.0,379.0,400.0,423.0,457.0,519.0,559.0,572.0,627.0,635.0,679.0,685.0,713.0,737.0,755.0,766.0,782.0,789.0,791.0,824.0,838.0,848.0,877.0,885.0,891.0,915.0,925.0,948.0,950.0,954.0,998.0,
25.0,37.0,78.0,81.0,92.0,111.0,136.0,167.0,234.0,241.0,265.0,279.0,314.0,335.0,336.0,393.0,395.0,450.0,459.0,466.0,
29.0,54.0,57.0,101.0,123.0,143.0,161.0,218.0,218.0,253.0,266.0,319.0,322.0,343.0,362.0,392.0,394.0,408.0,434.0,500.0,510.0,902.0,986.0,
21.0,59.0,71.0,73.0,121.0,150.0,157.0,206.0,215.0,215.0,226.0,240.0,277.0,279.0,305.0,356.0,386.0,453.0,468.0,479.0,746.0,813.0,838.0,950.0,
36.0,48.0,76.0,81.0,92.0,192.0,217.0,282.0,424.0,460.0,496.0,788.0,
6.0,34.0,48.0,104.0,115.0,116.0,126.0,158.0,161.0,215.0,224.0,225.0,295.0,393.0,428.0,467.0,718.0,736.0,806.0,877.0,944.0,957.0,993.0,
27.0,31.0,62.0,134.0,141.0,146.0,148.0,159.0,172.0,190.0,239.0,316.0,361.0,378.0,451.0,453.0,494.0,497.0,796.0,809.0,894.0,939.0,
58.0,66.0,79.0,116.0,126.0,151.0,158.0,178.0,279.0,306.0,314.0,317.0,319.0,332.0,336.0,354.0,369.0,372.0,390.0,410.0,416.0,432.0,460.0,489.0,726.0,886.0,971.0,992.0,
31.0,37.0,69.0,82.0,126.0,128.0,147.0,206.0,207.0,224.0,234.0,288.0,305.0,307.0,327.0,345.0,362.0,382.0,388.0,426.0,466.0,873.0,877.0,898.0,958.0,
17.0,19.0,19.0,28.0,36.0,92.0,98.0,108.0,163.0,176.0,179.0,198.0,204.0,211.0,289.0,362.0,365.0,365.0,386.0,398.0,403.0,437.0,457.0,491.0,
3.0,11.0,18.0,31.0,34.0,73.0,90.0,91.0,98.0,122.0,192.0,263.0,276.0,289.0,306.0,313.0,342.0,386.0,397.0,410.0,411.0,423.0,428.0,478.0,485.0,544.0,567.0,571.0,607.0,646.0,682.0,688.0,712.0,760.0,779.0,797.0,809.0,811.0,829.0,832.0,843.0,863.0,885.0,896.0,946.0,954.0,975.0,994.0,995.0,999.0,
32.0,38.0,68.0,84.0,92.0,104.0,180.0,201.0,211.0,247.0,312.0,332.0,353.0,387.0,433.0,438.0,466.0,928.0,935.0,
40.0,82.0,131.0,147.0,273.0,276.0,297.0,360.0,417.0,421.0,428.0,437.0,483.0,485.0,852.0,
124.0,134.0,172.0,221.0,222.0,292.0,304.0,406.0,437.0,457.0,473.0,477.0,498.0,774.0,
10.0,27.0,125.0,167.0,253.0,304.0,306.0,330.0,369.0,370.0,499.0,742.0,967.0,975.0,980.0,987.0,
98.0,109.0,126.0,172.0,231.0,294.0,309.0,317.0,346.0,360.0,364.0,364.0,421.0,485.0,758.0,819.0,877.0,879.0,883.0,
4.0,19.0,49.0,87.0,103.0,104.0,161.0,172.0,254.0,258.0,270.0,314.0,317.0,347.0,354.0,364.0,370.0,392.0,399.0,455.0,476.0,504.0,954.0,991.0,
8.0,18.0,34.0,57.0,76.0,115.0,175.0,185.0,304.0,349.0,386.0,406.0,437.0,484.0,504.0,787.0,803.0,901.0,
28.0,65.0,102.0,108.0,153.0,157.0,168.0,210.0,246.0,264.0,275.0,306.0,315.0,351.0,371.0,382.0,385.0,427.0,958.0,980.0,
15.0,21.0,22.0,23.0,40.0,42.0,44.0,61.0,89.0,169.0,181.0,200.0,204.0,218.0,236.0,250.0,302.0,374.0,440.0,462.0,468.0,
2.0,33.0,40.0,51.0,388.0,401.0,409.0,481.0,501.0,538.0,551.0,556.0,560.0,561.0,585.0,600.0,621.0,624.0,641.0,642.0,697.0,729.0,747.0,761.0,785.0,845.0,856.0,883.0,958.0,968.0,987.0,
5.0,26.0,36.0,68.0,69.0,90.0,160.0,168.0,200.0,205.0,227.0,248.0,277.0,353.0,355.0,359.0,386.0,451.0,718.0,736.0,824.0,891.0,919.0,924.0,963.0,
12.0,14.0,33.0,78.0,81.0,89.0,143.0,146.0,147.0,153.0,260.0,271.0,272.0,318.0,403.0,413.0,416.0,417.0,421.0,423.0,486.0,
58.0,67.0,81.0,104.0,123.0,131.0,191.0,193.0,206.0,280.0,305.0,306.0,376.0,404.0,405.0,407.0,413.0,465.0,467.0,505.0,760.0,820.0,905.0,905.0,926.0,
27.0,47.0,48.0,167.0,184.0,195.0,206.0,218.0,234.0,306.0,337.0,351.0,403.0,479.0,835.0,913.0,982.0,991.0,
23.0,51.0,91.0,97.0,148.0,148.0,149.0,166.0,192.0,203.0,215.0,234.0,251.0,254.0,265.0,295.0,300.0,351.0,379.0,386.0,399.0,414.0,416.0,424.0,456.0,477.0,500.0,509.0,783.0,830.0,883.0,884.0,973.0,977.0,
58.0,114.0,116.0,119.0,134.0,181.0,195.0,197.0,205.0,217.0,309.0,393.0,395.0,414.0,429.0,462.0,482.0,482.0,485.0,922.0,984.0,
2.0,65.0,81.0,117.0,142.0,148.0,152.0,154.0,158.0,161.0,172.0,192.0,261.0,309.0,368.0,377.0,380.0,394.0,396.0,449.0,508.0,796.0,866.0,
25.0,51.0,58.0,80.0,80.0,115.0,116.0,147.0,152.0,162.0,183.0,190.0,241.0,291.0,293.0,329.0,349.0,417.0,418.0,444.0,446.0,455.0,
8.0,11.0,120.0,134.0,262.0,300.0,306.0,321.0,361.0,428.0,432.0,437.0,446.0,464.0,469.0,694.0,754.0,791.0,862.0,977.0,
95.0,155.0,173.0,257.0,292.0,304.0,343.0,381.0,401.0,405.0,418.0,469.0,489.0,492.0,501.0,547.0,556.0,557.0,559.0,562.0,563.0,570.0,601.0,644.0,689.0,699.0,718.0,724.0,730.0,746.0,755.0,760.0,762.0,772.0,863.0,867.0,871.0,916.0,945.0,997.0,
58.0,60.0,64.0,72.0,87.0,106.0,110.0,117.0,127.0,180.0,186.0,205.0,265.0,320.0,342.0,374.0,494.0,507.0,661.0,681.0,685.0,703.0,715.0,723.0,727.0,738.0,746.0,806.0,828.0,836.0,890.0,908.0,923.0,934.0,989.0,999.0,
13.0,13.0,15.0,45.0,62.0,66.0,121.0,141.0,176.0,207.0,211.0,231.0,245.0,269.0,292.0,309.0,320.0,338.0,340.0,362.0,368.0,377.0,379.0,459.0,487.0,872.0,962.0,
9.0,28.0,55.0,120.0,192.0,209.0,236.0,250.0,271.0,298.0,327.0,372.0,397.0,428.0,484.0,
31.0,33.0,33.0,40.0,78.0,128.0,137.0,170.0,205.0,217.0,232.0,235.0,243.0,248.0,261.0,266.0,304.0,342.0,360.0,400.0,423.0,454.0,473.0,792.0,966.0,
16.0,33.0,40.0,50.0,102.0,104.0,106.0,124.0,133.0,140.0,162.0,196.0,208.0,272.0,335.0,387.0,423.0,446.0,482.0,488.0,490.0,779.0,899.0,
109.0,114.0,144.0,149.0,171.0,208.0,251.0,292.0,296.0,326.0,327.0,357.0,401.0,414.0,426.0,435.0,449.0,452.0,981.0,
16.0,21.0,30.0,70.0,122.0,158.0,159.0,258.0,266.0,333.0,340.0,350.0,363.0,422.0,435.0,464.0,480.0,
18.0,86.0,88.0,90.0,154.0,178.0,186.0,213.0,213.0,218.0,219.0,245.0,272.0,274.0,305.0,335.0,375.0,388.0,395.0,413.0,422.0,453.0,471.0,475.0,944.0,992.0,993.0,
2.0,10.0,25.0,150.0,182.0,284.0,286.0,360.0,411.0,413.0,435.0,494.0,524.0,559.0,574.0,601.0,602.0,611.0,617.0,628.0,629.0,655.0,715.0,715.0,734.0,741.0,743.0,749.0,783.0,842.0,845.0,849.0,880.0,961.0,962.0,986.0,989.0,993.0,
27.0,36.0,51.0,104.0,117.0,125.0,169.0,186.0,199.0,202.0,222.0,237.0,243.0,254.0,266.0,270.0,302.0,315.0,318.0,319.0,362.0,385.0,415.0,437.0,468.0,470.0,486.0,496.0,515.0,529.0,579.0,595.0,653.0,654.0,709.0,718.0,731.0,757.0,762.0,790.0,791.0,871.0,873.0,924.0,928.0,978.0,984.0,
34.0,84.0,141.0,151.0,157.0,169.0,178.0,182.0,194.0,198.0,228.0,233.0,247.0,248.0,288.0,307.0,313.0,318.0,345.0,376.0,380.0,398.0,414.0,467.0,551.0,563.0,564.0,565.0,566.0,596.0,600.0,625.0,640.0,683.0,686.0,698.0,704.0,721.0,722.0,744.0,794.0,817.0,845.0,845.0,864.0,865.0,936.0,936.0,940.0,958.0,994.0,
23.0,118.0,157.0,252.0,279.0,288.0,290.0,298.0,303.0,312.0,353.0,363.0,370.0,391.0,437.0,455.0,457.0,465.0,492.0,503.0,593.0,608.0,623.0,639.0,653.0,655.0,669.0,680.0,682.0,684.0,717.0,739.0,757.0,780.0,784.0,785.0,838.0,874.0,924.0,928.0,933.0,957.0,983.0,984.0,991.0,
51.0,160.0,225.0,225.0,235.0,271.0,282.0,306.0,307.0,327.0,330.0,336.0,338.0,354.0,420.0,437.0,445.0,490.0,669.0,727.0,750.0,794.0,828.0,837.0,897.0,976.0,
7.0,149.0,154.0,158.0,174.0,183.0,258.0,275.0,299.0,305.0,338.0,425.0,487.0,896.0,
60.0,103.0,106.0,130.0,157.0,178.0,185.0,207.0,223.0,253.0,300.0,347.0,
18.0,38.0,40.0,101.0,111.0,166.0,192.0,221.0,241.0,272.0,290.0,301.0,342.0,358.0,366.0,381.0,385.0,394.0,432.0,456.0,494.0,939.0,
50.0,84.0,85.0,133.0,200.0,223.0,239.0,261.0,368.0,399.0,456.0,480.0,487.0,777.0,798.0,886.0,948.0,963.0,963.0,976.0,
11.0,32.0,51.0,57.0,61.0,74.0,160.0,172.0,194.0,208.0,213.0,305.0,357.0,373.0,374.0,381.0,421.0,496.0,503.0,510.0,512.0,525.0,588.0,678.0,686.0,706.0,714.0,714.0,770.0,779.0,815.0,835.0,883.0,915.0,945.0,949.0,991.0,
29.0,35.0,71.0,90.0,90.0,106.0,113.0,133.0,137.0,165.0,167.0,171.0,216.0,234.0,258.0,321.0,376.0,411.0,415.0,440.0,512.0,533.0,618.0,671.0,674.0,691.0,706.0,724.0,731.0,825.0,860.0,864.0,870.0,873.0,885.0,908.0,935.0,942.0,
