67.0,71.0,81.0,100.0,147.0,154.0,208.0,236.0,237.0,271.0,330.0,357.0,378.0,401.0,413.0,465.0,500.0,512.0,552.0,616.0,635.0,678.0,702.0,727.0,797.0,801.0,822.0,829.0,947.0,
36.0,36.0,78.0,84.0,113.0,145.0,151.0,162.0,176.0,188.0,285.0,324.0,350.0,372.0,397.0,425.0,435.0,495.0,510.0,560.0,572.0,577.0,612.0,656.0,656.0,656.0,664.0,688.0,704.0,708.0,746.0,790.0,833.0,862.0,928.0,951.0,995.0,
4.0,6.0,11.0,31.0,54.0,63.0,66.0,183.0,219.0,236.0,249.0,275.0,295.0,350.0,352.0,378.0,409.0,418.0,440.0,483.0,497.0,504.0,510.0,564.0,588.0,613.0,683.0,684.0,709.0,719.0,719.0,729.0,754.0,771.0,820.0,848.0,849.0,872.0,875.0,892.0,893.0,920.0,926.0,980.0,997.0,
16.0,88.0,100.0,104.0,128.0,189.0,259.0,279.0,305.0,306.0,324.0,337.0,361.0,366.0,387.0,422.0,425.0,429.0,447.0,516.0,519.0,524.0,528.0,565.0,614.0,647.0,651.0,661.0,664.0,668.0,699.0,705.0,707.0,723.0,724.0,734.0,756.0,758.0,782.0,804.0,805.0,851.0,853.0,857.0,860.0,879.0,960.0,997.0,
20.0,42.0,68.0,70.0,102.0,103.0,143.0,183.0,257.0,293.0,316.0,371.0,412.0,431.0,440.0,550.0,598.0,613.0,712.0,738.0,748.0,755.0,762.0,778.0,783.0,792.0,850.0,872.0,915.0,
24.0,40.0,54.0,59.0,71.0,84.0,86.0,149.0,154.0,175.0,186.0,190.0,202.0,203.0,213.0,224.0,228.0,258.0,297.0,304.0,335.0,443.0,455.0,455.0,483.0,507.0,508.0,509.0,555.0,580.0,593.0,611.0,618.0,639.0,645.0,645.0,704.0,733.0,784.0,808.0,815.0,829.0,842.0,860.0,875.0,894.0,917.0,927.0,939.0,945.0,952.0,976.0,
16.0,33.0,51.0,82.0,89.0,90.0,129.0,133.0,160.0,221.0,264.0,301.0,333.0,357.0,360.0,384.0,432.0,460.0,461.0,489.0,525.0,546.0,593.0,610.0,631.0,641.0,649.0,680.0,707.0,717.0,725.0,735.0,739.0,740.0,764.0,793.0,823.0,888.0,911.0,988.0,994.0,998.0,1000.0,
11.0,62.0,132.0,156.0,165.0,206.0,215.0,236.0,241.0,245.0,316.0,335.0,347.0,355.0,376.0,424.0,448.0,501.0,506.0,538.0,579.0,597.0,601.0,635.0,690.0,701.0,716.0,718.0,738.0,741.0,742.0,800.0,810.0,841.0,862.0,897.0,915.0,916.0,926.0,928.0,955.0,961.0,964.0,964.0,968.0,973.0,
2.0,26.0,50.0,67.0,83.0,84.0,105.0,132.0,207.0,210.0,221.0,236.0,257.0,310.0,311.0,313.0,330.0,358.0,367.0,386.0,394.0,403.0,430.0,463.0,517.0,566.0,589.0,591.0,634.0,667.0,671.0,679.0,723.0,776.0,780.0,859.0,907.0,908.0,917.0,947.0,957.0,961.0,
7.0,14.0,66.0,70.0,73.0,78.0,86.0,105.0,109.0,120.0,121.0,198.0,204.0,206.0,253.0,253.0,303.0,312.0,315.0,321.0,341.0,349.0,388.0,398.0,445.0,479.0,551.0,691.0,698.0,698.0,707.0,754.0,792.0,802.0,814.0,839.0,878.0,883.0,892.0,893.0,894.0,903.0,922.0,
7.0,56.0,58.0,66.0,83.0,99.0,114.0,116.0,119.0,137.0,167.0,229.0,277.0,300.0,309.0,382.0,384.0,417.0,418.0,434.0,437.0,495.0,543.0,702.0,707.0,719.0,814.0,831.0,838.0,841.0,864.0,880.0,885.0,907.0,958.0,962.0,972.0,
63.0,101.0,103.0,150.0,162.0,165.0,187.0,236.0,285.0,323.0,369.0,380.0,382.0,387.0,442.0,447.0,482.0,519.0,592.0,607.0,618.0,624.0,678.0,745.0,768.0,778.0,795.0,799.0,839.0,847.0,921.0,925.0,995.0,
2.0,41.0,54.0,89.0,94.0,110.0,118.0,124.0,147.0,176.0,194.0,206.0,210.0,274.0,281.0,297.0,300.0,306.0,306.0,385.0,407.0,485.0,581.0,596.0,620.0,639.0,641.0,658.0,666.0,682.0,715.0,730.0,770.0,773.0,780.0,787.0,801.0,809.0,813.0,843.0,848.0,881.0,883.0,897.0,900.0,932.0,945.0,957.0,960.0,962.0,981.0,
7.0,13.0,50.0,207.0,208.0,212.0,227.0,259.0,316.0,324.0,326.0,352.0,365.0,416.0,422.0,463.0,469.0,480.0,796.0,803.0,836.0,864.0,867.0,886.0,905.0,919.0,939.0,944.0,968.0,970.0,
91.0,119.0,130.0,145.0,187.0,218.0,239.0,239.0,246.0,252.0,297.0,302.0,346.0,355.0,358.0,376.0,387.0,443.0,448.0,475.0,954.0,987.0,
109.0,131.0,135.0,303.0,310.0,318.0,322.0,355.0,361.0,382.0,387.0,469.0,496.0,501.0,
147.0,187.0,193.0,252.0,292.0,314.0,318.0,324.0,348.0,369.0,386.0,392.0,436.0,
6.0,43.0,64.0,73.0,114.0,141.0,185.0,196.0,200.0,222.0,339.0,422.0,423.0,436.0,474.0,477.0,489.0,498.0,707.0,734.0,772.0,791.0,797.0,853.0,914.0,963.0,
58.0,81.0,98.0,163.0,192.0,258.0,319.0,325.0,360.0,364.0,373.0,393.0,546.0,605.0,624.0,635.0,671.0,672.0,702.0,741.0,751.0,761.0,783.0,788.0,837.0,850.0,883.0,885.0,890.0,892.0,917.0,950.0,966.0,
16.0,19.0,76.0,95.0,112.0,158.0,160.0,190.0,203.0,267.0,277.0,282.0,288.0,317.0,374.0,426.0,454.0,454.0,491.0,543.0,580.0,629.0,637.0,639.0,643.0,660.0,661.0,663.0,689.0,706.0,708.0,718.0,740.0,758.0,765.0,785.0,791.0,797.0,813.0,837.0,854.0,866.0,877.0,987.0,
14.0,28.0,32.0,61.0,80.0,82.0,121.0,123.0,167.0,178.0,191.0,254.0,270.0,321.0,342.0,379.0,449.0,454.0,455.0,492.0,583.0,648.0,674.0,686.0,688.0,695.0,705.0,707.0,713.0,721.0,807.0,828.0,828.0,847.0,867.0,913.0,916.0,933.0,963.0,
26.0,40.0,41.0,49.0,102.0,174.0,204.0,214.0,218.0,223.0,225.0,305.0,325.0,330.0,346.0,347.0,375.0,419.0,456.0,483.0,504.0,557.0,587.0,595.0,612.0,618.0,625.0,633.0,648.0,651.0,672.0,679.0,707.0,710.0,714.0,775.0,785.0,791.0,815.0,844.0,864.0,884.0,890.0,911.0,912.0,953.0,999.0,
37.0,51.0,113.0,127.0,157.0,163.0,181.0,186.0,236.0,241.0,263.0,382.0,415.0,432.0,440.0,464.0,850.0,
14.0,36.0,76.0,112.0,124.0,139.0,143.0,163.0,166.0,185.0,192.0,201.0,230.0,232.0,253.0,261.0,270.0,278.0,301.0,334.0,352.0,369.0,397.0,419.0,444.0,461.0,470.0,470.0,476.0,
11.0,33.0,60.0,62.0,90.0,140.0,157.0,212.0,290.0,327.0,354.0,394.0,400.0,407.0,410.0,463.0,466.0,477.0,
9.0,9.0,15.0,17.0,63.0,68.0,103.0,134.0,145.0,147.0,183.0,199.0,225.0,263.0,295.0,365.0,423.0,464.0,488.0,878.0,
4.0,45.0,79.0,80.0,88.0,108.0,151.0,185.0,188.0,195.0,226.0,227.0,270.0,380.0,384.0,431.0,445.0,458.0,471.0,931.0,981.0,
34.0,40.0,44.0,57.0,87.0,111.0,112.0,113.0,122.0,167.0,191.0,329.0,346.0,369.0,378.0,379.0,386.0,396.0,411.0,419.0,423.0,423.0,
41.0,97.0,176.0,201.0,256.0,257.0,269.0,286.0,359.0,396.0,424.0,440.0,451.0,473.0,495.0,885.0,893.0,983.0,
54.0,105.0,205.0,224.0,262.0,267.0,292.0,303.0,313.0,388.0,405.0,429.0,482.0,543.0,564.0,575.0,612.0,619.0,666.0,687.0,687.0,716.0,721.0,752.0,752.0,759.0,785.0,819.0,822.0,824.0,852.0,873.0,877.0,884.0,955.0,984.0,990.0,
26.0,49.0,70.0,150.0,205.0,236.0,256.0,263.0,291.0,309.0,316.0,410.0,474.0,478.0,509.0,577.0,596.0,621.0,677.0,702.0,732.0,739.0,739.0,760.0,824.0,825.0,861.0,882.0,907.0,956.0,973.0,
54.0,96.0,103.0,153.0,159.0,182.0,252.0,256.0,282.0,287.0,300.0,301.0,314.0,339.0,340.0,362.0,410.0,481.0,507.0,666.0,707.0,729.0,776.0,782.0,810.0,908.0,944.0,988.0,
28.0,37.0,88.0,109.0,137.0,159.0,174.0,194.0,205.0,206.0,207.0,250.0,270.0,279.0,282.0,294.0,316.0,322.0,403.0,421.0,441.0,448.0,506.0,
27.0,39.0,53.0,87.0,138.0,145.0,146.0,169.0,172.0,200.0,300.0,386.0,833.0,858.0,875.0,944.0,
31.0,40.0,40.0,53.0,61.0,64.0,153.0,157.0,171.0,189.0,232.0,250.0,265.0,292.0,293.0,339.0,381.0,395.0,448.0,492.0,753.0,757.0,794.0,796.0,828.0,835.0,837.0,972.0,
54.0,73.0,103.0,179.0,208.0,258.0,281.0,314.0,325.0,337.0,349.0,352.0,354.0,368.0,373.0,382.0,410.0,429.0,444.0,449.0,455.0,
16.0,20.0,84.0,87.0,106.0,107.0,139.0,141.0,170.0,179.0,193.0,202.0,220.0,226.0,316.0,318.0,403.0,429.0,429.0,436.0,439.0,463.0,791.0,804.0,820.0,974.0,985.0,
3.0,34.0,91.0,119.0,120.0,120.0,124.0,145.0,146.0,175.0,189.0,209.0,275.0,281.0,295.0,295.0,415.0,441.0,444.0,450.0,471.0,483.0,783.0,804.0,864.0,904.0,962.0,
5.0,32.0,49.0,77.0,134.0,154.0,156.0,163.0,164.0,211.0,279.0,381.0,436.0,479.0,480.0,492.0,505.0,
20.0,33.0,35.0,59.0,85.0,184.0,196.0,208.0,213.0,219.0,219.0,283.0,323.0,335.0,340.0,365.0,382.0,413.0,437.0,488.0,496.0,674.0,721.0,724.0,736.0,820.0,857.0,861.0,
45.0,108.0,130.0,144.0,194.0,200.0,203.0,315.0,336.0,381.0,386.0,432.0,465.0,466.0,509.0,510.0,517.0,547.0,576.0,583.0,596.0,652.0,656.0,682.0,691.0,722.0,736.0,743.0,781.0,799.0,803.0,819.0,843.0,884.0,895.0,945.0,958.0,
30.0,45.0,63.0,83.0,112.0,113.0,117.0,124.0,169.0,177.0,178.0,210.0,223.0,243.0,269.0,289.0,296.0,314.0,323.0,377.0,381.0,410.0,411.0,494.0,
17.0,19.0,35.0,40.0,43.0,53.0,119.0,267.0,305.0,357.0,418.0,427.0,432.0,441.0,458.0,878.0,
7.0,12.0,38.0,45.0,103.0,138.0,247.0,265.0,269.0,269.0,270.0,276.0,308.0,324.0,337.0,369.0,388.0,392.0,392.0,419.0,444.0,453.0,471.0,766.0,873.0,879.0,902.0,972.0,
6.0,40.0,57.0,64.0,78.0,98.0,102.0,163.0,168.0,215.0,232.0,274.0,275.0,295.0,308.0,351.0,379.0,423.0,427.0,446.0,746.0,889.0,980.0,985.0,986.0,
27.0,33.0,50.0,64.0,83.0,126.0,183.0,223.0,259.0,278.0,303.0,307.0,382.0,386.0,400.0,411.0,446.0,764.0,797.0,
13.0,18.0,20.0,24.0,53.0,73.0,104.0,249.0,280.0,295.0,319.0,335.0,336.0,356.0,381.0,391.0,403.0,433.0,483.0,487.0,499.0,928.0,971.0,977.0,
41.0,45.0,72.0,100.0,101.0,126.0,163.0,187.0,228.0,254.0,264.0,300.0,318.0,341.0,408.0,440.0,447.0,449.0,464.0,487.0,495.0,496.0,955.0,
71.0,76.0,86.0,96.0,119.0,200.0,252.0,262.0,273.0,278.0,307.0,339.0,349.0,350.0,358.0,469.0,471.0,483.0,
15.0,15.0,43.0,71.0,111.0,177.0,241.0,300.0,333.0,335.0,361.0,362.0,370.0,389.0,392.0,424.0,444.0,472.0,496.0,922.0,
9.0,10.0,34.0,38.0,74.0,93.0,118.0,242.0,264.0,266.0,293.0,300.0,363.0,408.0,441.0,449.0,464.0,489.0,546.0,620.0,626.0,630.0,665.0,736.0,780.0,780.0,815.0,828.0,831.0,840.0,845.0,870.0,877.0,900.0,901.0,911.0,919.0,922.0,937.0,964.0,
5.0,79.0,86.0,127.0,146.0,163.0,218.0,224.0,242.0,262.0,293.0,310.0,345.0,351.0,365.0,386.0,423.0,428.0,436.0,442.0,456.0,476.0,477.0,488.0,504.0,
20.0,27.0,78.0,121.0,164.0,168.0,179.0,180.0,183.0,188.0,236.0,284.0,351.0,365.0,392.0,398.0,410.0,412.0,419.0,428.0,429.0,433.0,452.0,817.0,861.0,898.0,977.0,
57.0,68.0,103.0,164.0,168.0,200.0,228.0,235.0,236.0,279.0,296.0,301.0,349.0,390.0,398.0,424.0,425.0,434.0,445.0,487.0,800.0,878.0,
17.0,58.0,65.0,107.0,120.0,130.0,134.0,148.0,176.0,181.0,185.0,210.0,252.0,253.0,265.0,321.0,322.0,323.0,343.0,443.0,468.0,717.0,789.0,811.0,832.0,956.0,
103.0,104.0,151.0,153.0,162.0,187.0,236.0,253.0,255.0,318.0,341.0,343.0,367.0,425.0,914.0,975.0,
48.0,55.0,64.0,87.0,132.0,148.0,164.0,225.0,244.0,286.0,339.0,349.0,392.0,407.0,416.0,417.0,769.0,963.0,978.0,
5.0,21.0,42.0,128.0,143.0,214.0,260.0,272.0,274.0,332.0,346.0,369.0,380.0,416.0,456.0,466.0,473.0,492.0,795.0,802.0,896.0,955.0,963.0,1000.0,
35.0,58.0,71.0,97.0,197.0,205.0,306.0,306.0,326.0,330.0,419.0,465.0,489.0,510.0,
10.0,53.0,148.0,153.0,163.0,172.0,182.0,206.0,276.0,305.0,425.0,487.0,
20.0,37.0,63.0,94.0,104.0,127.0,132.0,137.0,180.0,253.0,255.0,283.0,285.0,295.0,296.0,318.0,322.0,347.0,359.0,369.0,402.0,457.0,471.0,477.0,483.0,505.0,574.0,594.0,612.0,615.0,675.0,703.0,705.0,718.0,741.0,743.0,753.0,777.0,780.0,790.0,800.0,825.0,859.0,907.0,921.0,929.0,946.0,950.0,956.0,976.0,
15.0,45.0,57.0,67.0,136.0,147.0,149.0,188.0,213.0,233.0,308.0,317.0,323.0,349.0,360.0,424.0,466.0,487.0,
19.0,29.0,43.0,82.0,152.0,159.0,182.0,205.0,219.0,234.0,234.0,280.0,285.0,290.0,324.0,336.0,343.0,387.0,413.0,842.0,937.0,
62.0,85.0,119.0,127.0,161.0,168.0,187.0,199.0,211.0,237.0,248.0,308.0,342.0,419.0,437.0,453.0,467.0,469.0,780.0,819.0,945.0,951.0,
8.0,32.0,44.0,96.0,121.0,166.0,180.0,205.0,218.0,219.0,224.0,280.0,297.0,382.0,397.0,421.0,482.0,486.0,887.0,945.0,989.0,
9.0,42.0,54.0,54.0,75.0,158.0,171.0,247.0,254.0,262.0,308.0,327.0,361.0,364.0,367.0,387.0,419.0,472.0,491.0,505.0,893.0,963.0,
59.0,65.0,65.0,68.0,76.0,82.0,111.0,140.0,175.0,186.0,196.0,288.0,290.0,294.0,321.0,374.0,380.0,395.0,408.0,458.0,459.0,778.0,793.0,851.0,865.0,931.0,
38.0,38.0,115.0,135.0,174.0,210.0,215.0,245.0,253.0,257.0,281.0,301.0,352.0,357.0,383.0,393.0,494.0,839.0,893.0,917.0,923.0,938.0,964.0,976.0,
11.0,17.0,30.0,135.0,141.0,151.0,208.0,218.0,235.0,333.0,350.0,414.0,439.0,829.0,940.0,981.0,
26.0,41.0,136.0,220.0,224.0,227.0,237.0,251.0,253.0,291.0,307.0,384.0,388.0,427.0,431.0,440.0,460.0,
7.0,24.0,54.0,92.0,108.0,109.0,110.0,141.0,167.0,178.0,185.0,206.0,236.0,252.0,260.0,263.0,279.0,305.0,329.0,333.0,375.0,406.0,412.0,421.0,459.0,464.0,471.0,472.0,496.0,502.0,521.0,528.0,548.0,562.0,622.0,633.0,646.0,655.0,665.0,672.0,695.0,746.0,753.0,770.0,807.0,823.0,836.0,837.0,866.0,942.0,966.0,981.0,
43.0,55.0,67.0,69.0,81.0,121.0,183.0,229.0,236.0,240.0,266.0,324.0,356.0,441.0,467.0,492.0,507.0,674.0,727.0,745.0,802.0,813.0,846.0,853.0,899.0,916.0,964.0,990.0,
91.0,99.0,126.0,161.0,165.0,223.0,283.0,315.0,342.0,383.0,393.0,408.0,414.0,473.0,483.0,497.0,
31.0,57.0,67.0,111.0,142.0,157.0,172.0,208.0,226.0,304.0,310.0,331.0,396.0,400.0,417.0,472.0,482.0,795.0,
89.0,98.0,188.0,195.0,210.0,233.0,281.0,285.0,310.0,332.0,334.0,343.0,362.0,441.0,466.0,472.0,480.0,499.0,503.0,508.0,763.0,809.0,939.0,973.0,
47.0,48.0,71.0,100.0,104.0,163.0,198.0,222.0,242.0,282.0,323.0,330.0,350.0,365.0,377.0,379.0,434.0,460.0,473.0,772.0,922.0,950.0,
26.0,36.0,60.0,106.0,126.0,149.0,163.0,164.0,178.0,273.0,290.0,299.0,302.0,338.0,385.0,410.0,416.0,424.0,446.0,452.0,455.0,472.0,477.0,745.0,776.0,778.0,785.0,848.0,858.0,905.0,956.0,
75.0,87.0,94.0,103.0,135.0,151.0,191.0,192.0,206.0,208.0,271.0,293.0,370.0,397.0,443.0,494.0,497.0,733.0,939.0,
21.0,39.0,41.0,61.0,65.0,75.0,89.0,102.0,140.0,161.0,167.0,194.0,197.0,205.0,234.0,250.0,271.0,296.0,316.0,344.0,367.0,372.0,382.0,386.0,416.0,419.0,475.0,498.0,
49.0,75.0,152.0,184.0,250.0,262.0,268.0,275.0,278.0,280.0,292.0,299.0,322.0,361.0,375.0,387.0,389.0,456.0,457.0,464.0,481.0,728.0,754.0,841.0,891.0,892.0,994.0,
39.0,40.0,47.0,57.0,72.0,84.0,119.0,132.0,197.0,214.0,242.0,261.0,289.0,290.0,303.0,355.0,357.0,361.0,362.0,364.0,376.0,410.0,433.0,436.0,535.0,549.0,587.0,596.0,599.0,606.0,646.0,674.0,691.0,718.0,737.0,744.0,753.0,769.0,786.0,802.0,803.0,821.0,825.0,861.0,899.0,902.0,917.0,918.0,956.0,956.0,965.0,990.0,
2.0,67.0,84.0,151.0,174.0,183.0,189.0,198.0,222.0,223.0,223.0,236.0,241.0,249.0,263.0,291.0,292.0,334.0,356.0,381.0,402.0,453.0,484.0,486.0,510.0,556.0,576.0,586.0,595.0,643.0,684.0,731.0,741.0,776.0,788.0,820.0,861.0,983.0,993.0,1000.0,
2.0,15.0,41.0,57.0,62.0,62.0,68.0,87.0,108.0,128.0,162.0,164.0,166.0,194.0,196.0,227.0,234.0,235.0,252.0,271.0,312.0,325.0,326.0,415.0,419.0,456.0,504.0,967.0,
7.0,42.0,69.0,81.0,86.0,89.0,111.0,171.0,197.0,201.0,233.0,307.0,307.0,319.0,322.0,347.0,355.0,385.0,475.0,500.0,
75.0,90.0,107.0,142.0,189.0,224.0,235.0,237.0,245.0,287.0,309.0,322.0,326.0,330.0,376.0,390.0,419.0,442.0,447.0,454.0,459.0,462.0,476.0,476.0,493.0,505.0,764.0,856.0,990.0,
149.0,204.0,258.0,270.0,274.0,313.0,343.0,350.0,382.0,393.0,447.0,814.0,868.0,922.0,965.0,1000.0,
19.0,101.0,140.0,151.0,162.0,173.0,176.0,238.0,290.0,293.0,299.0,305.0,306.0,318.0,354.0,386.0,421.0,428.0,431.0,449.0,495.0,954.0,999.0,
85.0,90.0,139.0,182.0,190.0,193.0,204.0,206.0,208.0,234.0,239.0,308.0,313.0,338.0,360.0,387.0,427.0,431.0,446.0,473.0,487.0,
5.0,11.0,16.0,30.0,78.0,197.0,204.0,241.0,296.0,297.0,363.0,376.0,380.0,464.0,485.0,511.0,898.0,993.0,
52.0,71.0,87.0,91.0,121.0,171.0,207.0,230.0,236.0,239.0,252.0,254.0,283.0,285.0,299.0,317.0,324.0,347.0,404.0,420.0,561.0,572.0,586.0,618.0,656.0,682.0,701.0,704.0,707.0,709.0,714.0,716.0,722.0,751.0,773.0,818.0,825.0,839.0,857.0,871.0,876.0,888.0,898.0,919.0,932.0,963.0,969.0,1000.0,
14.0,32.0,56.0,83.0,97.0,132.0,164.0,219.0,335.0,342.0,358.0,365.0,367.0,375.0,401.0,443.0,446.0,461.0,473.0,521.0,529.0,595.0,681.0,696.0,707.0,713.0,800.0,811.0,820.0,821.0,861.0,904.0,909.0,928.0,935.0,980.0,
52.0,106.0,110.0,117.0,178.0,190.0,195.0,212.0,240.0,340.0,361.0,396.0,401.0,424.0,429.0,442.0,443.0,454.0,504.0,557.0,595.0,615.0,629.0,646.0,653.0,653.0,674.0,696.0,701.0,707.0,711.0,742.0,745.0,780.0,785.0,785.0,845.0,849.0,853.0,871.0,907.0,931.0,938.0,951.0,
11.0,25.0,32.0,40.0,67.0,94.0,110.0,151.0,224.0,273.0,300.0,352.0,399.0,427.0,556.0,608.0,719.0,737.0,759.0,768.0,769.0,808.0,813.0,859.0,885.0,892.0,897.0,919.0,920.0,926.0,926.0,932.0,951.0,957.0,998.0,
16.0,56.0,80.0,106.0,141.0,143.0,153.0,180.0,198.0,209.0,218.0,219.0,258.0,273.0,286.0,295.0,297.0,307.0,313.0,395.0,422.0,453.0,460.0,494.0,503.0,508.0,696.0,705.0,754.0,779.0,782.0,834.0,850.0,913.0,946.0,
9.0,46.0,54.0,93.0,120.0,132.0,148.0,159.0,227.0,234.0,266.0,294.0,308.0,335.0,361.0,371.0,375.0,390.0,431.0,436.0,454.0,460.0,460.0,479.0,916.0,
4.0,5.0,19.0,57.0,64.0,73.0,74.0,76.0,139.0,160.0,160.0,172.0,199.0,263.0,298.0,320.0,335.0,367.0,399.0,450.0,
130.0,240.0,264.0,331.0,349.0,394.0,425.0,433.0,463.0,867.0,
45.0,73.0,141.0,188.0,192.0,220.0,230.0,276.0,277.0,281.0,283.0,285.0,306.0,361.0,377.0,384.0,396.0,423.0,430.0,445.0,463.0,685.0,707.0,810.0,858.0,889.0,917.0,925.0,
52.0,68.0,71.0,85.0,103.0,119.0,205.0,258.0,285.0,287.0,356.0,386.0,391.0,400.0,440.0,460.0,486.0,496.0,511.0,576.0,593.0,636.0,649.0,665.0,716.0,732.0,776.0,784.0,792.0,808.0,809.0,810.0,823.0,829.0,842.0,882.0,890.0,935.0,948.0,966.0,972.0,977.0,980.0,989.0,
4.0,20.0,52.0,64.0,69.0,245.0,259.0,289.0,337.0,355.0,411.0,440.0,451.0,452.0,454.0,508.0,554.0,572.0,581.0,585.0,591.0,610.0,698.0,704.0,710.0,712.0,718.0,753.0,754.0,756.0,768.0,830.0,831.0,833.0,855.0,866.0,887.0,943.0,965.0,975.0,989.0,997.0,
