7.0,72.0,80.0,104.0,119.0,161.0,171.0,200.0,293.0,300.0,341.0,347.0,391.0,408.0,460.0,468.0,475.0,494.0,513.0,520.0,531.0,565.0,570.0,580.0,599.0,612.0,637.0,642.0,661.0,688.0,707.0,740.0,780.0,781.0,824.0,830.0,849.0,875.0,887.0,911.0,912.0,949.0,949.0,958.0,986.0,991.0,
20.0,48.0,57.0,77.0,98.0,113.0,142.0,215.0,246.0,246.0,258.0,292.0,302.0,312.0,386.0,405.0,451.0,477.0,495.0,502.0,505.0,520.0,529.0,536.0,564.0,568.0,568.0,640.0,656.0,692.0,694.0,756.0,781.0,877.0,939.0,955.0,972.0,
11.0,42.0,60.0,63.0,66.0,159.0,203.0,257.0,263.0,284.0,291.0,397.0,438.0,453.0,463.0,467.0,480.0,511.0,597.0,738.0,740.0,760.0,848.0,868.0,889.0,918.0,930.0,941.0,
8.0,14.0,17.0,41.0,113.0,132.0,151.0,155.0,215.0,223.0,231.0,252.0,253.0,255.0,256.0,262.0,270.0,292.0,308.0,338.0,423.0,491.0,513.0,535.0,547.0,555.0,601.0,612.0,665.0,666.0,674.0,689.0,710.0,749.0,923.0,977.0,
12.0,34.0,53.0,62.0,134.0,202.0,216.0,264.0,264.0,273.0,289.0,296.0,312.0,334.0,340.0,360.0,377.0,401.0,420.0,443.0,458.0,467.0,493.0,507.0,587.0,588.0,613.0,632.0,636.0,727.0,732.0,738.0,752.0,759.0,781.0,829.0,836.0,841.0,850.0,863.0,933.0,
159.0,188.0,195.0,204.0,228.0,259.0,281.0,302.0,303.0,312.0,315.0,322.0,327.0,342.0,344.0,345.0,402.0,405.0,432.0,498.0,517.0,547.0,590.0,614.0,628.0,654.0,662.0,671.0,680.0,740.0,742.0,770.0,794.0,799.0,824.0,827.0,903.0,918.0,931.0,972.0,
85.0,97.0,123.0,149.0,158.0,159.0,166.0,205.0,218.0,231.0,309.0,344.0,347.0,377.0,476.0,479.0,516.0,586.0,636.0,663.0,741.0,788.0,849.0,856.0,895.0,906.0,985.0,
65.0,89.0,90.0,98.0,134.0,145.0,206.0,268.0,296.0,310.0,335.0,344.0,344.0,365.0,377.0,457.0,479.0,479.0,676.0,713.0,713.0,737.0,758.0,764.0,771.0,776.0,855.0,875.0,890.0,953.0,
5.0,42.0,49.0,119.0,128.0,161.0,183.0,197.0,292.0,359.0,431.0,438.0,467.0,478.0,480.0,509.0,547.0,567.0,628.0,634.0,685.0,708.0,738.0,752.0,764.0,774.0,823.0,953.0,997.0,
22.0,26.0,78.0,84.0,92.0,116.0,121.0,160.0,180.0,237.0,254.0,256.0,260.0,261.0,331.0,358.0,373.0,393.0,397.0,419.0,497.0,508.0,509.0,582.0,603.0,617.0,636.0,647.0,723.0,728.0,730.0,739.0,745.0,747.0,791.0,839.0,862.0,922.0,960.0,960.0,961.0,997.0,
48.0,70.0,75.0,79.0,81.0,90.0,102.0,135.0,154.0,203.0,203.0,203.0,257.0,265.0,266.0,297.0,464.0,486.0,499.0,521.0,552.0,618.0,664.0,665.0,703.0,728.0,737.0,791.0,800.0,801.0,861.0,875.0,900.0,914.0,925.0,
4.0,10.0,60.0,105.0,144.0,258.0,296.0,323.0,453.0,454.0,523.0,544.0,575.0,590.0,633.0,667.0,677.0,684.0,694.0,713.0,713.0,738.0,748.0,823.0,870.0,901.0,952.0,965.0,995.0,
12.0,32.0,57.0,110.0,126.0,149.0,170.0,172.0,234.0,240.0,285.0,292.0,457.0,489.0,507.0,596.0,619.0,636.0,636.0,642.0,679.0,741.0,747.0,774.0,806.0,826.0,836.0,841.0,877.0,899.0,908.0,948.0,971.0,972.0,986.0,
63.0,102.0,121.0,166.0,167.0,187.0,196.0,254.0,261.0,266.0,275.0,282.0,360.0,385.0,399.0,469.0,481.0,491.0,496.0,565.0,579.0,585.0,590.0,626.0,634.0,644.0,653.0,662.0,719.0,726.0,783.0,789.0,811.0,812.0,874.0,916.0,928.0,931.0,944.0,949.0,988.0,999.0,1000.0,
21.0,74.0,78.0,105.0,135.0,143.0,155.0,157.0,166.0,176.0,234.0,240.0,250.0,297.0,301.0,335.0,342.0,365.0,378.0,380.0,405.0,406.0,412.0,430.0,438.0,480.0,485.0,523.0,527.0,548.0,560.0,591.0,645.0,665.0,667.0,681.0,751.0,770.0,789.0,840.0,844.0,860.0,903.0,906.0,936.0,938.0,939.0,954.0,968.0,972.0,985.0,987.0,994.0,
62.0,73.0,102.0,103.0,181.0,222.0,235.0,239.0,257.0,273.0,316.0,337.0,361.0,409.0,418.0,478.0,489.0,520.0,546.0,554.0,597.0,609.0,640.0,782.0,786.0,830.0,855.0,873.0,930.0,
30.0,35.0,83.0,87.0,110.0,114.0,166.0,316.0,324.0,325.0,342.0,420.0,421.0,426.0,466.0,492.0,494.0,531.0,543.0,547.0,719.0,805.0,813.0,835.0,848.0,876.0,943.0,959.0,
9.0,42.0,47.0,64.0,81.0,104.0,115.0,121.0,142.0,177.0,182.0,210.0,237.0,281.0,288.0,297.0,298.0,346.0,374.0,375.0,392.0,393.0,412.0,413.0,510.0,552.0,577.0,579.0,584.0,672.0,705.0,713.0,735.0,741.0,771.0,797.0,807.0,867.0,918.0,957.0,972.0,976.0,977.0,983.0,
7.0,87.0,126.0,128.0,151.0,168.0,202.0,223.0,254.0,262.0,355.0,375.0,444.0,454.0,455.0,485.0,518.0,523.0,523.0,562.0,576.0,578.0,634.0,688.0,707.0,707.0,755.0,786.0,835.0,838.0,867.0,905.0,925.0,955.0,964.0,
19.0,40.0,57.0,67.0,138.0,149.0,165.0,176.0,327.0,387.0,391.0,415.0,419.0,427.0,443.0,457.0,458.0,485.0,507.0,532.0,639.0,673.0,679.0,680.0,753.0,803.0,860.0,905.0,918.0,926.0,941.0,947.0,951.0,993.0,
11.0,21.0,41.0,53.0,54.0,58.0,99.0,222.0,245.0,274.0,306.0,314.0,378.0,394.0,404.0,427.0,458.0,511.0,551.0,556.0,560.0,590.0,637.0,650.0,697.0,707.0,707.0,739.0,743.0,747.0,748.0,856.0,861.0,887.0,916.0,920.0,954.0,981.0,984.0,998.0,
81.0,87.0,187.0,190.0,215.0,231.0,235.0,328.0,392.0,409.0,414.0,440.0,446.0,455.0,469.0,518.0,521.0,531.0,640.0,677.0,696.0,725.0,785.0,790.0,818.0,843.0,861.0,886.0,902.0,906.0,921.0,937.0,977.0,994.0,995.0,
16.0,43.0,117.0,132.0,145.0,156.0,169.0,193.0,208.0,230.0,237.0,264.0,281.0,318.0,340.0,355.0,365.0,404.0,405.0,406.0,426.0,435.0,447.0,464.0,473.0,515.0,522.0,547.0,569.0,574.0,574.0,643.0,646.0,646.0,669.0,689.0,745.0,794.0,805.0,852.0,897.0,955.0,
17.0,39.0,64.0,71.0,141.0,142.0,180.0,267.0,284.0,305.0,311.0,335.0,438.0,452.0,465.0,570.0,591.0,596.0,602.0,605.0,669.0,738.0,755.0,765.0,808.0,847.0,945.0,967.0,983.0,998.0,
78.0,85.0,119.0,139.0,201.0,233.0,250.0,352.0,358.0,467.0,479.0,516.0,544.0,547.0,570.0,578.0,645.0,700.0,712.0,732.0,826.0,852.0,868.0,874.0,885.0,941.0,
27.0,49.0,99.0,105.0,117.0,138.0,164.0,165.0,165.0,196.0,270.0,274.0,297.0,350.0,368.0,411.0,440.0,446.0,454.0,464.0,480.0,486.0,547.0,564.0,583.0,733.0,773.0,833.0,848.0,897.0,943.0,983.0,1000.0,
3.0,13.0,18.0,20.0,53.0,71.0,128.0,131.0,178.0,193.0,194.0,213.0,238.0,274.0,309.0,363.0,363.0,409.0,421.0,438.0,443.0,544.0,556.0,565.0,607.0,612.0,627.0,651.0,695.0,695.0,696.0,697.0,753.0,781.0,788.0,790.0,806.0,821.0,823.0,876.0,943.0,946.0,983.0,
28.0,55.0,97.0,117.0,118.0,133.0,143.0,207.0,272.0,357.0,377.0,381.0,405.0,409.0,421.0,421.0,467.0,471.0,476.0,478.0,520.0,549.0,571.0,586.0,593.0,625.0,639.0,680.0,712.0,749.0,790.0,835.0,841.0,917.0,939.0,976.0,
18.0,84.0,144.0,149.0,164.0,168.0,219.0,246.0,269.0,292.0,316.0,364.0,398.0,423.0,460.0,478.0,503.0,544.0,567.0,650.0,660.0,698.0,724.0,724.0,766.0,810.0,811.0,938.0,971.0,
10.0,11.0,54.0,103.0,126.0,150.0,161.0,161.0,196.0,289.0,333.0,368.0,381.0,468.0,506.0,528.0,541.0,545.0,575.0,587.0,600.0,629.0,638.0,660.0,676.0,695.0,698.0,728.0,746.0,841.0,912.0,912.0,927.0,933.0,946.0,954.0,964.0,983.0,1000.0,
13.0,51.0,75.0,110.0,112.0,205.0,206.0,228.0,262.0,266.0,308.0,353.0,367.0,402.0,442.0,445.0,453.0,492.0,506.0,563.0,563.0,641.0,653.0,659.0,675.0,705.0,718.0,718.0,737.0,738.0,746.0,747.0,773.0,876.0,881.0,966.0,983.0,
28.0,47.0,90.0,102.0,112.0,144.0,154.0,222.0,229.0,241.0,258.0,316.0,318.0,325.0,338.0,362.0,371.0,398.0,403.0,430.0,504.0,506.0,527.0,560.0,622.0,664.0,669.0,684.0,696.0,825.0,843.0,880.0,887.0,997.0,998.0,
5.0,17.0,21.0,30.0,42.0,43.0,45.0,77.0,124.0,126.0,126.0,143.0,156.0,157.0,191.0,321.0,342.0,350.0,425.0,436.0,547.0,575.0,592.0,673.0,692.0,792.0,814.0,827.0,850.0,859.0,981.0,986.0,989.0,
116.0,140.0,150.0,155.0,163.0,176.0,217.0,219.0,251.0,297.0,345.0,384.0,394.0,432.0,456.0,523.0,531.0,538.0,550.0,608.0,712.0,720.0,735.0,783.0,811.0,869.0,893.0,895.0,
32.0,69.0,83.0,178.0,233.0,288.0,301.0,330.0,375.0,395.0,402.0,509.0,528.0,540.0,544.0,544.0,547.0,549.0,554.0,560.0,572.0,574.0,586.0,597.0,602.0,609.0,618.0,628.0,642.0,677.0,682.0,685.0,689.0,694.0,710.0,726.0,732.0,738.0,740.0,753.0,757.0,759.0,799.0,825.0,854.0,867.0,913.0,924.0,933.0,949.0,
47.0,85.0,171.0,175.0,246.0,299.0,338.0,339.0,384.0,399.0,464.0,475.0,478.0,489.0,502.0,518.0,526.0,527.0,538.0,541.0,542.0,544.0,546.0,548.0,554.0,561.0,566.0,571.0,573.0,574.0,578.0,583.0,586.0,604.0,626.0,649.0,655.0,657.0,659.0,669.0,673.0,676.0,676.0,694.0,711.0,715.0,726.0,741.0,778.0,795.0,796.0,804.0,821.0,823.0,836.0,845.0,857.0,876.0,919.0,923.0,927.0,962.0,986.0,
14.0,54.0,55.0,58.0,71.0,115.0,122.0,130.0,147.0,180.0,190.0,272.0,299.0,305.0,348.0,381.0,415.0,475.0,494.0,518.0,526.0,529.0,553.0,601.0,615.0,615.0,630.0,630.0,639.0,669.0,690.0,709.0,722.0,733.0,738.0,749.0,761.0,767.0,781.0,788.0,794.0,797.0,803.0,814.0,827.0,828.0,858.0,907.0,933.0,941.0,950.0,953.0,
33.0,45.0,73.0,83.0,120.0,179.0,191.0,207.0,209.0,225.0,244.0,279.0,300.0,314.0,373.0,397.0,399.0,418.0,422.0,444.0,522.0,531.0,554.0,616.0,627.0,646.0,659.0,669.0,670.0,722.0,760.0,833.0,936.0,974.0,999.0,
37.0,126.0,171.0,175.0,185.0,205.0,247.0,282.0,313.0,337.0,360.0,407.0,431.0,437.0,555.0,645.0,742.0,778.0,784.0,786.0,799.0,851.0,858.0,880.0,890.0,891.0,893.0,918.0,959.0,989.0,
3.0,18.0,48.0,66.0,102.0,122.0,136.0,161.0,198.0,256.0,285.0,314.0,326.0,405.0,444.0,487.0,509.0,528.0,547.0,559.0,609.0,618.0,656.0,737.0,754.0,826.0,888.0,922.0,946.0,966.0,972.0,974.0,
39.0,154.0,155.0,158.0,172.0,213.0,227.0,250.0,326.0,360.0,381.0,563.0,591.0,621.0,630.0,683.0,707.0,771.0,781.0,783.0,786.0,794.0,806.0,824.0,866.0,870.0,885.0,934.0,941.0,953.0,992.0,994.0,
41.0,79.0,119.0,128.0,225.0,237.0,271.0,333.0,335.0,351.0,455.0,491.0,496.0,517.0,525.0,537.0,544.0,559.0,598.0,610.0,619.0,619.0,628.0,640.0,725.0,750.0,781.0,801.0,820.0,828.0,869.0,877.0,887.0,896.0,928.0,932.0,991.0,992.0,
26.0,49.0,141.0,165.0,204.0,206.0,313.0,321.0,337.0,345.0,345.0,364.0,425.0,450.0,480.0,502.0,517.0,529.0,561.0,654.0,725.0,729.0,758.0,785.0,968.0,
35.0,53.0,73.0,82.0,91.0,175.0,193.0,198.0,246.0,251.0,264.0,342.0,354.0,360.0,362.0,387.0,393.0,438.0,516.0,530.0,531.0,539.0,540.0,544.0,560.0,562.0,572.0,577.0,577.0,586.0,587.0,591.0,636.0,645.0,663.0,689.0,729.0,747.0,776.0,798.0,800.0,860.0,876.0,883.0,914.0,924.0,946.0,982.0,992.0,
3.0,9.0,212.0,233.0,245.0,251.0,281.0,323.0,353.0,387.0,457.0,490.0,496.0,514.0,522.0,527.0,527.0,527.0,529.0,529.0,532.0,536.0,542.0,546.0,556.0,556.0,567.0,569.0,577.0,593.0,593.0,617.0,623.0,625.0,631.0,634.0,638.0,642.0,657.0,666.0,674.0,677.0,699.0,701.0,723.0,723.0,764.0,775.0,776.0,781.0,795.0,798.0,806.0,829.0,835.0,846.0,852.0,870.0,874.0,878.0,895.0,895.0,924.0,944.0,948.0,950.0,966.0,974.0,975.0,984.0,989.0,996.0,999.0,
23.0,26.0,61.0,70.0,75.0,100.0,150.0,219.0,251.0,252.0,311.0,325.0,378.0,381.0,385.0,420.0,515.0,516.0,516.0,532.0,537.0,538.0,538.0,539.0,539.0,539.0,540.0,543.0,550.0,551.0,557.0,564.0,564.0,569.0,574.0,600.0,600.0,600.0,611.0,612.0,676.0,687.0,693.0,695.0,698.0,708.0,712.0,712.0,712.0,735.0,743.0,743.0,766.0,801.0,803.0,811.0,820.0,825.0,849.0,849.0,878.0,895.0,925.0,933.0,944.0,976.0,988.0,
34.0,69.0,83.0,84.0,123.0,130.0,140.0,200.0,241.0,262.0,265.0,265.0,270.0,276.0,348.0,358.0,366.0,377.0,399.0,406.0,423.0,430.0,463.0,469.0,497.0,515.0,527.0,530.0,536.0,541.0,542.0,545.0,549.0,552.0,555.0,560.0,561.0,562.0,567.0,570.0,573.0,576.0,576.0,579.0,588.0,588.0,589.0,602.0,606.0,607.0,611.0,611.0,613.0,616.0,631.0,636.0,637.0,641.0,647.0,656.0,660.0,665.0,677.0,678.0,678.0,680.0,682.0,691.0,695.0,705.0,707.0,711.0,741.0,749.0,752.0,773.0,774.0,796.0,827.0,828.0,894.0,901.0,907.0,915.0,931.0,935.0,937.0,949.0,951.0,959.0,962.0,997.0,999.0,
26.0,33.0,106.0,108.0,163.0,166.0,179.0,247.0,253.0,253.0,254.0,270.0,295.0,307.0,336.0,384.0,416.0,472.0,526.0,534.0,538.0,538.0,540.0,541.0,545.0,580.0,605.0,630.0,631.0,638.0,645.0,646.0,673.0,674.0,686.0,688.0,700.0,717.0,729.0,739.0,774.0,848.0,882.0,900.0,924.0,925.0,929.0,967.0,979.0,980.0,991.0,997.0,
32.0,58.0,60.0,61.0,65.0,109.0,137.0,158.0,177.0,315.0,317.0,348.0,348.0,379.0,463.0,468.0,511.0,517.0,555.0,556.0,709.0,724.0,733.0,862.0,879.0,904.0,914.0,935.0,
61.0,157.0,158.0,246.0,288.0,309.0,320.0,377.0,438.0,448.0,510.0,520.0,539.0,545.0,552.0,576.0,599.0,606.0,625.0,655.0,677.0,680.0,759.0,820.0,936.0,951.0,978.0,
10.0,33.0,70.0,72.0,98.0,100.0,104.0,107.0,152.0,172.0,194.0,211.0,250.0,306.0,320.0,339.0,372.0,426.0,427.0,582.0,656.0,691.0,784.0,788.0,793.0,799.0,817.0,844.0,867.0,883.0,906.0,963.0,
21.0,36.0,41.0,70.0,73.0,79.0,92.0,140.0,152.0,154.0,183.0,193.0,207.0,218.0,251.0,275.0,310.0,315.0,319.0,430.0,436.0,443.0,452.0,509.0,515.0,527.0,574.0,576.0,646.0,690.0,715.0,744.0,760.0,774.0,803.0,807.0,
70.0,87.0,90.0,119.0,137.0,153.0,167.0,167.0,233.0,259.0,270.0,288.0,303.0,314.0,374.0,397.0,403.0,485.0,500.0,556.0,627.0,713.0,740.0,754.0,786.0,819.0,828.0,867.0,951.0,953.0,
52.0,59.0,108.0,119.0,169.0,175.0,184.0,212.0,220.0,274.0,278.0,285.0,352.0,354.0,357.0,373.0,380.0,443.0,480.0,501.0,522.0,524.0,529.0,532.0,532.0,545.0,555.0,558.0,561.0,563.0,565.0,569.0,571.0,572.0,577.0,579.0,590.0,597.0,606.0,610.0,613.0,626.0,656.0,665.0,707.0,713.0,715.0,722.0,728.0,747.0,772.0,774.0,779.0,837.0,838.0,869.0,870.0,877.0,887.0,905.0,920.0,923.0,933.0,942.0,947.0,960.0,
18.0,32.0,33.0,37.0,39.0,74.0,74.0,90.0,154.0,157.0,158.0,163.0,181.0,209.0,242.0,258.0,278.0,290.0,314.0,364.0,365.0,375.0,426.0,469.0,471.0,529.0,532.0,535.0,540.0,544.0,546.0,553.0,553.0,555.0,558.0,562.0,576.0,581.0,582.0,585.0,598.0,601.0,606.0,610.0,622.0,623.0,636.0,649.0,651.0,691.0,715.0,719.0,724.0,765.0,769.0,830.0,848.0,855.0,866.0,903.0,907.0,921.0,932.0,953.0,1000.0,
68.0,84.0,110.0,137.0,144.0,145.0,152.0,210.0,217.0,264.0,270.0,339.0,341.0,383.0,392.0,415.0,427.0,487.0,487.0,499.0,520.0,527.0,531.0,536.0,543.0,546.0,554.0,555.0,556.0,562.0,568.0,569.0,575.0,579.0,592.0,602.0,607.0,615.0,617.0,620.0,639.0,647.0,650.0,654.0,657.0,666.0,675.0,681.0,688.0,725.0,727.0,727.0,735.0,771.0,772.0,828.0,831.0,853.0,868.0,890.0,960.0,991.0,996.0,1000.0,
15.0,58.0,72.0,94.0,106.0,107.0,192.0,207.0,259.0,260.0,524.0,528.0,528.0,534.0,537.0,540.0,542.0,545.0,550.0,561.0,561.0,564.0,564.0,569.0,579.0,580.0,581.0,585.0,591.0,594.0,599.0,605.0,605.0,608.0,612.0,613.0,619.0,632.0,634.0,663.0,677.0,689.0,690.0,708.0,715.0,727.0,741.0,744.0,759.0,762.0,779.0,803.0,847.0,853.0,887.0,917.0,919.0,930.0,935.0,940.0,981.0,999.0,
64.0,89.0,124.0,165.0,208.0,237.0,253.0,271.0,284.0,296.0,305.0,328.0,399.0,452.0,482.0,498.0,501.0,513.0,525.0,527.0,540.0,550.0,552.0,555.0,560.0,560.0,566.0,568.0,586.0,593.0,601.0,605.0,606.0,612.0,617.0,631.0,653.0,666.0,690.0,700.0,728.0,732.0,736.0,737.0,754.0,756.0,761.0,762.0,771.0,792.0,834.0,884.0,886.0,899.0,900.0,903.0,913.0,924.0,940.0,962.0,971.0,
43.0,104.0,108.0,124.0,127.0,166.0,202.0,261.0,264.0,282.0,349.0,351.0,355.0,444.0,458.0,462.0,476.0,507.0,516.0,535.0,537.0,632.0,691.0,698.0,700.0,701.0,710.0,769.0,907.0,913.0,936.0,950.0,982.0,995.0,
58.0,77.0,77.0,176.0,177.0,181.0,229.0,313.0,329.0,361.0,392.0,404.0,491.0,497.0,555.0,556.0,572.0,637.0,647.0,665.0,672.0,704.0,710.0,721.0,769.0,774.0,774.0,778.0,801.0,804.0,827.0,860.0,864.0,907.0,943.0,951.0,
46.0,132.0,215.0,233.0,244.0,257.0,263.0,269.0,288.0,293.0,314.0,320.0,342.0,362.0,365.0,386.0,410.0,413.0,426.0,453.0,473.0,485.0,501.0,569.0,572.0,581.0,599.0,713.0,717.0,720.0,735.0,798.0,817.0,842.0,852.0,855.0,920.0,
23.0,36.0,75.0,98.0,110.0,141.0,154.0,177.0,181.0,199.0,214.0,217.0,235.0,238.0,264.0,276.0,280.0,298.0,329.0,332.0,347.0,375.0,382.0,390.0,433.0,508.0,571.0,663.0,706.0,721.0,752.0,785.0,908.0,926.0,937.0,950.0,988.0,
14.0,34.0,38.0,57.0,79.0,83.0,181.0,192.0,249.0,307.0,313.0,385.0,437.0,453.0,459.0,489.0,557.0,570.0,618.0,626.0,636.0,636.0,661.0,872.0,873.0,929.0,941.0,951.0,993.0,
5.0,8.0,20.0,22.0,58.0,166.0,197.0,247.0,255.0,257.0,272.0,278.0,299.0,371.0,383.0,453.0,455.0,459.0,464.0,490.0,513.0,514.0,535.0,545.0,558.0,578.0,587.0,590.0,606.0,607.0,619.0,648.0,649.0,661.0,668.0,669.0,681.0,728.0,730.0,734.0,741.0,746.0,764.0,771.0,782.0,786.0,826.0,828.0,865.0,875.0,881.0,882.0,919.0,932.0,953.0,981.0,993.0,
56.0,96.0,109.0,153.0,165.0,167.0,169.0,211.0,213.0,256.0,257.0,301.0,304.0,361.0,414.0,460.0,471.0,483.0,485.0,497.0,525.0,526.0,526.0,531.0,533.0,537.0,540.0,541.0,542.0,549.0,554.0,554.0,555.0,558.0,559.0,561.0,582.0,587.0,589.0,593.0,598.0,605.0,608.0,619.0,625.0,628.0,638.0,650.0,656.0,661.0,674.0,688.0,691.0,693.0,693.0,694.0,710.0,711.0,712.0,721.0,735.0,747.0,747.0,749.0,781.0,782.0,789.0,800.0,803.0,815.0,823.0,866.0,869.0,875.0,892.0,901.0,908.0,908.0,951.0,954.0,985.0,995.0,
23.0,26.0,40.0,46.0,56.0,102.0,115.0,172.0,193.0,210.0,215.0,224.0,285.0,288.0,363.0,520.0,524.0,524.0,526.0,537.0,540.0,540.0,547.0,549.0,555.0,567.0,567.0,575.0,579.0,584.0,585.0,586.0,591.0,607.0,607.0,618.0,637.0,641.0,646.0,654.0,656.0,658.0,670.0,680.0,682.0,697.0,712.0,723.0,767.0,770.0,795.0,798.0,822.0,863.0,879.0,880.0,903.0,933.0,941.0,970.0,973.0,
37.0,85.0,87.0,89.0,104.0,121.0,177.0,186.0,190.0,247.0,264.0,298.0,299.0,337.0,345.0,353.0,385.0,388.0,392.0,402.0,422.0,529.0,530.0,540.0,552.0,554.0,562.0,569.0,575.0,580.0,597.0,603.0,605.0,613.0,633.0,652.0,659.0,673.0,673.0,676.0,683.0,684.0,701.0,728.0,728.0,740.0,742.0,750.0,791.0,797.0,832.0,883.0,889.0,895.0,917.0,941.0,945.0,946.0,957.0,967.0,974.0,
21.0,26.0,49.0,55.0,57.0,67.0,70.0,94.0,157.0,172.0,264.0,267.0,310.0,320.0,329.0,335.0,349.0,394.0,510.0,518.0,526.0,531.0,546.0,546.0,550.0,553.0,560.0,561.0,568.0,573.0,574.0,587.0,593.0,601.0,610.0,614.0,630.0,634.0,641.0,643.0,656.0,679.0,687.0,692.0,692.0,694.0,716.0,748.0,751.0,782.0,824.0,826.0,834.0,886.0,909.0,914.0,946.0,953.0,966.0,971.0,997.0,
48.0,63.0,73.0,76.0,110.0,115.0,117.0,148.0,151.0,199.0,207.0,225.0,240.0,311.0,354.0,412.0,414.0,428.0,433.0,436.0,505.0,522.0,530.0,534.0,560.0,561.0,563.0,642.0,764.0,806.0,931.0,
26.0,40.0,58.0,113.0,114.0,137.0,197.0,203.0,211.0,223.0,247.0,260.0,265.0,267.0,324.0,335.0,367.0,382.0,416.0,429.0,437.0,438.0,518.0,535.0,539.0,568.0,685.0,723.0,735.0,737.0,737.0,767.0,838.0,838.0,868.0,886.0,901.0,915.0,934.0,935.0,936.0,940.0,958.0,969.0,976.0,991.0,
10.0,80.0,155.0,190.0,202.0,234.0,245.0,275.0,293.0,354.0,365.0,374.0,393.0,427.0,432.0,481.0,485.0,486.0,492.0,493.0,500.0,502.0,511.0,574.0,585.0,585.0,600.0,635.0,705.0,739.0,742.0,781.0,792.0,801.0,804.0,912.0,958.0,975.0,
72.0,90.0,102.0,115.0,128.0,133.0,137.0,151.0,155.0,161.0,196.0,211.0,256.0,302.0,319.0,320.0,321.0,359.0,367.0,421.0,466.0,480.0,484.0,495.0,504.0,513.0,523.0,530.0,539.0,582.0,617.0,637.0,713.0,736.0,742.0,747.0,752.0,782.0,788.0,842.0,867.0,901.0,919.0,
2.0,3.0,32.0,58.0,71.0,80.0,93.0,100.0,134.0,146.0,152.0,184.0,185.0,230.0,254.0,327.0,352.0,359.0,382.0,400.0,411.0,467.0,487.0,508.0,511.0,543.0,590.0,592.0,673.0,682.0,749.0,810.0,812.0,876.0,893.0,971.0,
8.0,24.0,97.0,111.0,222.0,252.0,264.0,303.0,304.0,331.0,338.0,342.0,362.0,381.0,396.0,484.0,500.0,547.0,559.0,609.0,620.0,644.0,662.0,705.0,713.0,787.0,803.0,819.0,827.0,917.0,967.0,
84.0,89.0,100.0,137.0,138.0,151.0,216.0,272.0,274.0,275.0,309.0,317.0,333.0,336.0,340.0,340.0,403.0,414.0,424.0,425.0,470.0,511.0,526.0,531.0,531.0,535.0,547.0,553.0,553.0,556.0,556.0,565.0,567.0,589.0,613.0,615.0,647.0,660.0,676.0,686.0,704.0,706.0,720.0,740.0,763.0,781.0,839.0,854.0,859.0,891.0,958.0,958.0,960.0,974.0,977.0,985.0,995.0,
51.0,76.0,84.0,85.0,123.0,170.0,203.0,221.0,236.0,243.0,261.0,291.0,301.0,315.0,351.0,371.0,436.0,494.0,522.0,523.0,525.0,534.0,535.0,538.0,541.0,547.0,553.0,559.0,559.0,574.0,578.0,579.0,581.0,583.0,592.0,597.0,603.0,619.0,633.0,651.0,658.0,659.0,686.0,688.0,694.0,716.0,724.0,755.0,796.0,801.0,831.0,839.0,841.0,843.0,848.0,854.0,903.0,906.0,919.0,921.0,921.0,959.0,972.0,973.0,984.0,
16.0,22.0,23.0,31.0,43.0,47.0,52.0,54.0,105.0,111.0,163.0,181.0,217.0,222.0,223.0,238.0,260.0,295.0,338.0,339.0,372.0,386.0,455.0,476.0,478.0,481.0,525.0,529.0,530.0,546.0,546.0,558.0,560.0,575.0,583.0,584.0,596.0,623.0,651.0,654.0,669.0,671.0,705.0,707.0,760.0,764.0,768.0,859.0,865.0,876.0,878.0,881.0,922.0,935.0,935.0,936.0,939.0,961.0,971.0,
33.0,34.0,75.0,80.0,85.0,97.0,149.0,154.0,201.0,208.0,303.0,320.0,330.0,359.0,414.0,433.0,469.0,493.0,498.0,498.0,518.0,651.0,742.0,769.0,782.0,831.0,900.0,917.0,990.0,
9.0,16.0,49.0,154.0,216.0,216.0,295.0,298.0,306.0,341.0,372.0,464.0,510.0,534.0,570.0,598.0,599.0,622.0,688.0,706.0,721.0,749.0,846.0,894.0,899.0,960.0,982.0,
79.0,92.0,130.0,148.0,148.0,200.0,211.0,236.0,244.0,257.0,279.0,280.0,283.0,296.0,310.0,389.0,425.0,456.0,463.0,469.0,488.0,512.0,521.0,537.0,620.0,628.0,662.0,715.0,734.0,748.0,780.0,813.0,819.0,827.0,942.0,964.0,
14.0,47.0,53.0,91.0,100.0,121.0,136.0,207.0,217.0,246.0,250.0,260.0,302.0,323.0,334.0,341.0,362.0,375.0,378.0,393.0,452.0,472.0,535.0,580.0,582.0,598.0,623.0,643.0,656.0,766.0,766.0,788.0,805.0,829.0,840.0,845.0,854.0,883.0,888.0,916.0,936.0,937.0,943.0,945.0,953.0,978.0,
14.0,16.0,24.0,79.0,82.0,87.0,102.0,102.0,196.0,238.0,239.0,246.0,259.0,299.0,336.0,409.0,409.0,421.0,428.0,480.0,550.0,587.0,670.0,729.0,767.0,770.0,775.0,776.0,794.0,805.0,813.0,833.0,838.0,875.0,933.0,952.0,968.0,1000.0,
86.0,129.0,142.0,145.0,152.0,158.0,197.0,216.0,300.0,302.0,320.0,414.0,419.0,428.0,443.0,451.0,498.0,525.0,539.0,576.0,599.0,635.0,635.0,645.0,648.0,689.0,693.0,706.0,827.0,873.0,886.0,963.0,
17.0,21.0,38.0,68.0,72.0,103.0,156.0,177.0,179.0,226.0,231.0,243.0,284.0,300.0,321.0,332.0,356.0,366.0,405.0,418.0,421.0,422.0,445.0,453.0,453.0,503.0,516.0,518.0,594.0,608.0,612.0,627.0,673.0,776.0,844.0,854.0,856.0,875.0,935.0,
9.0,23.0,27.0,121.0,163.0,191.0,193.0,210.0,233.0,246.0,271.0,280.0,375.0,380.0,398.0,411.0,421.0,428.0,528.0,551.0,561.0,613.0,631.0,674.0,691.0,788.0,801.0,809.0,870.0,906.0,943.0,
43.0,56.0,69.0,106.0,140.0,144.0,198.0,201.0,208.0,217.0,237.0,274.0,318.0,399.0,413.0,423.0,474.0,500.0,512.0,543.0,546.0,586.0,660.0,660.0,684.0,771.0,789.0,875.0,889.0,904.0,934.0,944.0,954.0,975.0,
2.0,20.0,42.0,52.0,56.0,89.0,98.0,99.0,126.0,144.0,166.0,191.0,198.0,208.0,245.0,273.0,273.0,304.0,305.0,389.0,440.0,456.0,536.0,544.0,544.0,560.0,582.0,624.0,777.0,836.0,933.0,966.0,
10.0,44.0,74.0,123.0,124.0,136.0,138.0,139.0,167.0,194.0,196.0,219.0,219.0,247.0,250.0,265.0,280.0,284.0,297.0,301.0,330.0,352.0,355.0,379.0,409.0,415.0,481.0,482.0,484.0,522.0,537.0,608.0,678.0,683.0,691.0,707.0,743.0,792.0,814.0,852.0,853.0,871.0,876.0,903.0,925.0,965.0,995.0,
4.0,67.0,74.0,83.0,127.0,190.0,227.0,262.0,290.0,342.0,352.0,357.0,382.0,411.0,493.0,539.0,574.0,574.0,620.0,668.0,668.0,713.0,719.0,723.0,778.0,793.0,870.0,906.0,988.0,
17.0,89.0,95.0,149.0,161.0,192.0,219.0,228.0,263.0,267.0,284.0,319.0,370.0,381.0,404.0,438.0,509.0,532.0,577.0,642.0,644.0,685.0,716.0,719.0,748.0,751.0,777.0,839.0,865.0,880.0,885.0,972.0,997.0,
48.0,49.0,140.0,202.0,204.0,209.0,267.0,282.0,308.0,371.0,465.0,497.0,519.0,526.0,542.0,553.0,606.0,610.0,665.0,707.0,740.0,775.0,785.0,800.0,832.0,854.0,902.0,904.0,946.0,981.0,986.0,992.0,
19.0,90.0,106.0,111.0,193.0,216.0,239.0,315.0,376.0,384.0,399.0,406.0,411.0,429.0,436.0,461.0,464.0,490.0,501.0,513.0,524.0,542.0,542.0,569.0,615.0,623.0,666.0,691.0,759.0,780.0,825.0,840.0,901.0,969.0,996.0,999.0,
6.0,110.0,115.0,124.0,132.0,166.0,181.0,215.0,264.0,264.0,303.0,359.0,392.0,487.0,501.0,501.0,514.0,526.0,541.0,581.0,640.0,658.0,671.0,717.0,752.0,793.0,832.0,886.0,905.0,
20.0,72.0,78.0,98.0,146.0,207.0,220.0,225.0,247.0,286.0,310.0,315.0,340.0,348.0,382.0,388.0,401.0,468.0,531.0,543.0,546.0,557.0,564.0,657.0,668.0,686.0,738.0,744.0,868.0,905.0,935.0,949.0,1000.0,
95.0,97.0,98.0,105.0,280.0,291.0,316.0,374.0,447.0,453.0,642.0,682.0,766.0,777.0,807.0,809.0,846.0,847.0,871.0,877.0,892.0,931.0,949.0,959.0,
29.0,55.0,63.0,76.0,83.0,83.0,124.0,135.0,149.0,149.0,151.0,200.0,208.0,260.0,264.0,267.0,280.0,286.0,286.0,327.0,350.0,394.0,404.0,405.0,422.0,464.0,478.0,507.0,524.0,607.0,648.0,670.0,675.0,685.0,771.0,783.0,784.0,842.0,908.0,927.0,932.0,939.0,
54.0,114.0,121.0,175.0,226.0,261.0,312.0,377.0,412.0,412.0,452.0,473.0,487.0,491.0,500.0,524.0,559.0,592.0,625.0,645.0,676.0,695.0,722.0,727.0,945.0,965.0,
11.0,15.0,45.0,69.0,78.0,84.0,121.0,122.0,151.0,161.0,169.0,207.0,212.0,236.0,254.0,297.0,369.0,382.0,393.0,498.0,574.0,583.0,587.0,590.0,623.0,635.0,654.0,667.0,707.0,729.0,734.0,751.0,755.0,773.0,775.0,781.0,815.0,833.0,924.0,926.0,961.0,
50.0,69.0,101.0,110.0,123.0,160.0,216.0,243.0,263.0,303.0,442.0,450.0,470.0,472.0,474.0,516.0,553.0,650.0,704.0,709.0,754.0,760.0,762.0,768.0,792.0,815.0,817.0,897.0,898.0,957.0,
16.0,48.0,93.0,143.0,158.0,213.0,271.0,280.0,296.0,336.0,354.0,372.0,391.0,405.0,424.0,442.0,455.0,473.0,509.0,548.0,581.0,604.0,655.0,657.0,703.0,712.0,819.0,839.0,841.0,847.0,855.0,967.0,984.0,
