59.0,69.0,150.0,166.0,181.0,201.0,282.0,300.0,320.0,351.0,353.0,441.0,444.0,453.0,530.0,559.0,608.0,647.0,666.0,673.0,736.0,739.0,764.0,771.0,783.0,792.0,795.0,826.0,828.0,848.0,851.0,855.0,868.0,987.0,992.0,
18.0,49.0,117.0,157.0,177.0,178.0,182.0,195.0,213.0,227.0,278.0,329.0,355.0,371.0,427.0,447.0,494.0,509.0,560.0,571.0,587.0,603.0,621.0,651.0,688.0,697.0,709.0,723.0,727.0,763.0,811.0,842.0,858.0,860.0,867.0,924.0,944.0,957.0,
38.0,42.0,47.0,69.0,70.0,106.0,113.0,125.0,139.0,146.0,229.0,231.0,231.0,232.0,259.0,275.0,312.0,317.0,378.0,419.0,481.0,486.0,596.0,598.0,617.0,633.0,634.0,717.0,741.0,772.0,802.0,902.0,911.0,921.0,938.0,
9.0,25.0,41.0,49.0,52.0,132.0,178.0,243.0,260.0,270.0,273.0,319.0,395.0,410.0,418.0,440.0,477.0,502.0,506.0,518.0,540.0,542.0,609.0,641.0,642.0,675.0,744.0,775.0,787.0,856.0,912.0,950.0,956.0,970.0,987.0,
8.0,49.0,72.0,76.0,80.0,110.0,185.0,205.0,214.0,221.0,238.0,252.0,288.0,341.0,347.0,402.0,429.0,440.0,444.0,468.0,475.0,480.0,557.0,596.0,623.0,688.0,734.0,822.0,866.0,
16.0,18.0,36.0,57.0,60.0,75.0,85.0,123.0,133.0,140.0,146.0,157.0,196.0,218.0,224.0,236.0,240.0,310.0,381.0,387.0,415.0,449.0,485.0,489.0,492.0,502.0,516.0,581.0,650.0,712.0,744.0,752.0,780.0,796.0,899.0,927.0,937.0,968.0,996.0,
10.0,36.0,93.0,93.0,99.0,101.0,196.0,200.0,224.0,241.0,247.0,248.0,292.0,336.0,343.0,366.0,388.0,417.0,453.0,489.0,520.0,542.0,640.0,640.0,646.0,698.0,704.0,728.0,739.0,760.0,785.0,863.0,885.0,888.0,896.0,897.0,913.0,932.0,961.0,961.0,968.0,980.0,982.0,983.0,989.0,992.0,995.0,
40.0,65.0,69.0,135.0,244.0,247.0,263.0,272.0,300.0,360.0,362.0,373.0,393.0,396.0,455.0,470.0,474.0,504.0,525.0,581.0,582.0,596.0,613.0,708.0,763.0,782.0,804.0,806.0,851.0,895.0,919.0,943.0,965.0,982.0,989.0,
34.0,101.0,131.0,154.0,180.0,208.0,271.0,287.0,295.0,340.0,392.0,502.0,538.0,546.0,548.0,605.0,640.0,651.0,732.0,739.0,777.0,784.0,793.0,865.0,884.0,893.0,906.0,927.0,975.0,995.0,
26.0,67.0,73.0,81.0,117.0,143.0,156.0,174.0,194.0,199.0,200.0,272.0,272.0,364.0,371.0,406.0,415.0,446.0,466.0,471.0,493.0,501.0,524.0,547.0,556.0,585.0,589.0,641.0,705.0,761.0,772.0,784.0,792.0,831.0,848.0,887.0,943.0,952.0,998.0,
25.0,98.0,117.0,208.0,212.0,248.0,250.0,256.0,285.0,311.0,312.0,349.0,371.0,399.0,453.0,455.0,493.0,495.0,597.0,598.0,598.0,604.0,618.0,647.0,684.0,685.0,688.0,750.0,767.0,771.0,799.0,812.0,828.0,830.0,831.0,862.0,898.0,908.0,914.0,917.0,
4.0,11.0,37.0,58.0,70.0,105.0,181.0,225.0,248.0,252.0,263.0,350.0,359.0,404.0,404.0,444.0,445.0,454.0,477.0,490.0,517.0,520.0,535.0,537.0,571.0,608.0,631.0,632.0,651.0,655.0,661.0,673.0,681.0,684.0,733.0,743.0,744.0,818.0,834.0,858.0,868.0,883.0,909.0,926.0,965.0,
30.0,83.0,88.0,98.0,115.0,121.0,133.0,134.0,134.0,137.0,146.0,162.0,240.0,322.0,335.0,342.0,384.0,387.0,399.0,412.0,416.0,435.0,475.0,496.0,557.0,616.0,622.0,629.0,705.0,734.0,734.0,753.0,764.0,822.0,824.0,905.0,907.0,954.0,966.0,984.0,987.0,
45.0,58.0,61.0,62.0,66.0,145.0,184.0,192.0,202.0,236.0,246.0,274.0,300.0,340.0,383.0,387.0,393.0,402.0,413.0,426.0,426.0,440.0,478.0,505.0,514.0,530.0,538.0,544.0,552.0,558.0,607.0,610.0,648.0,653.0,687.0,737.0,739.0,741.0,759.0,829.0,874.0,919.0,991.0,
10.0,55.0,104.0,161.0,170.0,198.0,253.0,262.0,269.0,321.0,330.0,337.0,343.0,347.0,371.0,375.0,414.0,487.0,502.0,522.0,598.0,604.0,632.0,632.0,632.0,681.0,715.0,725.0,788.0,803.0,822.0,845.0,856.0,858.0,950.0,962.0,990.0,
6.0,14.0,16.0,83.0,118.0,165.0,183.0,187.0,214.0,221.0,229.0,283.0,286.0,291.0,329.0,354.0,365.0,371.0,425.0,427.0,458.0,459.0,539.0,560.0,614.0,629.0,634.0,636.0,675.0,682.0,722.0,776.0,807.0,852.0,870.0,901.0,907.0,932.0,938.0,961.0,965.0,968.0,990.0,995.0,
4.0,10.0,17.0,131.0,137.0,172.0,222.0,264.0,284.0,292.0,317.0,338.0,396.0,434.0,486.0,572.0,591.0,625.0,626.0,662.0,681.0,704.0,705.0,707.0,710.0,922.0,970.0,
80.0,88.0,119.0,129.0,138.0,170.0,174.0,197.0,212.0,248.0,290.0,309.0,323.0,358.0,372.0,391.0,415.0,547.0,552.0,558.0,569.0,648.0,674.0,703.0,706.0,732.0,792.0,793.0,826.0,912.0,936.0,950.0,955.0,974.0,981.0,983.0,997.0,
49.0,69.0,202.0,228.0,229.0,239.0,254.0,267.0,294.0,296.0,306.0,325.0,395.0,401.0,428.0,464.0,497.0,503.0,504.0,537.0,543.0,566.0,631.0,683.0,770.0,809.0,872.0,892.0,935.0,948.0,
32.0,56.0,66.0,79.0,80.0,142.0,166.0,189.0,238.0,280.0,379.0,384.0,396.0,537.0,540.0,546.0,547.0,569.0,619.0,634.0,679.0,723.0,750.0,771.0,774.0,816.0,818.0,844.0,853.0,873.0,918.0,980.0,990.0,992.0,998.0,
38.0,83.0,92.0,139.0,142.0,143.0,155.0,300.0,313.0,343.0,461.0,571.0,606.0,612.0,620.0,662.0,700.0,702.0,706.0,721.0,759.0,823.0,831.0,845.0,862.0,880.0,886.0,987.0,992.0,
7.0,55.0,59.0,82.0,94.0,104.0,165.0,166.0,169.0,172.0,182.0,196.0,211.0,218.0,266.0,274.0,488.0,524.0,534.0,547.0,562.0,588.0,739.0,751.0,799.0,819.0,851.0,868.0,874.0,879.0,890.0,895.0,904.0,945.0,975.0,993.0,
76.0,144.0,146.0,150.0,166.0,186.0,204.0,220.0,262.0,274.0,312.0,329.0,404.0,412.0,431.0,437.0,558.0,575.0,608.0,638.0,648.0,648.0,662.0,728.0,774.0,798.0,838.0,870.0,887.0,904.0,974.0,979.0,982.0,
45.0,60.0,84.0,113.0,142.0,167.0,176.0,189.0,211.0,265.0,298.0,336.0,344.0,388.0,408.0,417.0,459.0,490.0,495.0,509.0,533.0,539.0,556.0,681.0,733.0,750.0,754.0,762.0,958.0,959.0,972.0,984.0,
96.0,116.0,179.0,186.0,196.0,265.0,298.0,299.0,334.0,342.0,367.0,377.0,430.0,448.0,461.0,466.0,475.0,507.0,527.0,532.0,542.0,569.0,580.0,608.0,697.0,771.0,798.0,818.0,851.0,890.0,971.0,
16.0,39.0,42.0,53.0,78.0,82.0,93.0,115.0,118.0,142.0,151.0,173.0,184.0,208.0,217.0,276.0,315.0,319.0,353.0,354.0,421.0,437.0,438.0,527.0,555.0,579.0,583.0,684.0,704.0,721.0,747.0,777.0,894.0,
14.0,119.0,143.0,144.0,241.0,248.0,249.0,250.0,250.0,252.0,293.0,296.0,341.0,361.0,416.0,421.0,424.0,449.0,500.0,502.0,504.0,640.0,673.0,740.0,753.0,760.0,782.0,803.0,815.0,852.0,853.0,895.0,901.0,919.0,
40.0,45.0,53.0,64.0,70.0,98.0,112.0,139.0,181.0,201.0,207.0,250.0,257.0,331.0,368.0,400.0,417.0,441.0,490.0,500.0,504.0,524.0,563.0,576.0,577.0,586.0,606.0,620.0,629.0,641.0,703.0,764.0,775.0,846.0,867.0,880.0,890.0,911.0,953.0,
39.0,49.0,144.0,154.0,162.0,172.0,205.0,207.0,261.0,395.0,398.0,412.0,539.0,566.0,595.0,630.0,682.0,717.0,747.0,750.0,798.0,829.0,840.0,841.0,930.0,935.0,948.0,980.0,982.0,
15.0,74.0,81.0,90.0,95.0,137.0,177.0,215.0,243.0,243.0,271.0,276.0,311.0,329.0,336.0,360.0,408.0,426.0,466.0,477.0,530.0,539.0,541.0,589.0,604.0,624.0,673.0,748.0,762.0,845.0,861.0,899.0,916.0,960.0,970.0,
14.0,118.0,159.0,162.0,174.0,202.0,253.0,266.0,283.0,294.0,306.0,324.0,338.0,351.0,367.0,378.0,402.0,426.0,432.0,446.0,447.0,448.0,478.0,486.0,520.0,528.0,539.0,555.0,564.0,621.0,637.0,647.0,669.0,722.0,727.0,752.0,799.0,853.0,868.0,872.0,896.0,898.0,914.0,979.0,982.0,1000.0,
8.0,28.0,62.0,93.0,94.0,146.0,178.0,181.0,183.0,193.0,195.0,210.0,220.0,292.0,299.0,326.0,394.0,415.0,480.0,490.0,512.0,514.0,577.0,597.0,618.0,643.0,657.0,676.0,692.0,711.0,712.0,745.0,798.0,861.0,881.0,905.0,936.0,943.0,983.0,996.0,
59.0,64.0,75.0,84.0,121.0,141.0,165.0,181.0,241.0,255.0,262.0,281.0,285.0,334.0,337.0,344.0,360.0,380.0,384.0,469.0,494.0,561.0,595.0,621.0,669.0,705.0,710.0,783.0,792.0,884.0,887.0,912.0,945.0,
27.0,37.0,54.0,73.0,90.0,153.0,163.0,187.0,237.0,264.0,272.0,287.0,301.0,374.0,477.0,522.0,529.0,555.0,556.0,603.0,632.0,777.0,835.0,883.0,947.0,948.0,985.0,988.0,
13.0,40.0,77.0,153.0,162.0,173.0,173.0,183.0,198.0,198.0,239.0,246.0,266.0,287.0,307.0,325.0,350.0,397.0,401.0,456.0,457.0,480.0,505.0,521.0,521.0,534.0,539.0,539.0,547.0,551.0,566.0,567.0,568.0,572.0,572.0,573.0,574.0,575.0,578.0,582.0,589.0,597.0,599.0,604.0,625.0,627.0,628.0,668.0,672.0,675.0,675.0,677.0,679.0,687.0,703.0,711.0,726.0,729.0,744.0,811.0,826.0,837.0,843.0,851.0,887.0,907.0,929.0,948.0,971.0,997.0,
55.0,58.0,147.0,153.0,158.0,169.0,187.0,191.0,195.0,262.0,272.0,332.0,378.0,389.0,390.0,395.0,411.0,420.0,512.0,528.0,531.0,538.0,539.0,540.0,542.0,552.0,561.0,573.0,580.0,584.0,591.0,600.0,607.0,623.0,631.0,631.0,636.0,637.0,639.0,643.0,655.0,655.0,656.0,671.0,683.0,683.0,709.0,720.0,727.0,741.0,742.0,780.0,782.0,792.0,794.0,798.0,799.0,815.0,829.0,833.0,847.0,849.0,891.0,924.0,924.0,938.0,941.0,961.0,990.0,
12.0,16.0,44.0,45.0,59.0,63.0,72.0,79.0,126.0,132.0,155.0,155.0,155.0,211.0,278.0,283.0,306.0,329.0,339.0,373.0,378.0,422.0,447.0,479.0,497.0,517.0,527.0,570.0,571.0,575.0,592.0,595.0,603.0,610.0,623.0,637.0,640.0,648.0,658.0,660.0,668.0,716.0,730.0,738.0,769.0,780.0,845.0,846.0,858.0,889.0,900.0,924.0,925.0,948.0,987.0,
16.0,20.0,40.0,47.0,76.0,84.0,104.0,114.0,144.0,195.0,196.0,212.0,220.0,224.0,252.0,299.0,320.0,383.0,390.0,427.0,429.0,478.0,483.0,486.0,489.0,498.0,503.0,509.0,511.0,543.0,550.0,566.0,638.0,654.0,669.0,731.0,818.0,859.0,878.0,895.0,908.0,938.0,
128.0,138.0,144.0,157.0,170.0,226.0,249.0,288.0,293.0,351.0,373.0,392.0,427.0,471.0,497.0,513.0,540.0,590.0,597.0,633.0,640.0,731.0,732.0,778.0,843.0,852.0,886.0,996.0,
28.0,55.0,120.0,126.0,132.0,137.0,181.0,184.0,213.0,283.0,285.0,330.0,337.0,392.0,421.0,424.0,503.0,507.0,587.0,602.0,628.0,650.0,688.0,689.0,716.0,735.0,739.0,740.0,749.0,772.0,783.0,798.0,840.0,888.0,906.0,951.0,968.0,980.0,991.0,
21.0,141.0,178.0,191.0,198.0,226.0,421.0,427.0,460.0,489.0,528.0,576.0,650.0,714.0,715.0,791.0,808.0,843.0,911.0,915.0,922.0,926.0,940.0,963.0,966.0,982.0,991.0,
6.0,13.0,25.0,28.0,42.0,71.0,100.0,184.0,224.0,258.0,339.0,341.0,342.0,385.0,417.0,435.0,522.0,537.0,584.0,590.0,641.0,694.0,700.0,702.0,708.0,712.0,713.0,738.0,742.0,745.0,751.0,753.0,795.0,825.0,862.0,863.0,889.0,907.0,969.0,980.0,981.0,985.0,
6.0,139.0,190.0,195.0,207.0,215.0,220.0,240.0,248.0,254.0,284.0,292.0,318.0,323.0,369.0,484.0,517.0,550.0,619.0,634.0,644.0,651.0,676.0,724.0,725.0,738.0,788.0,839.0,916.0,926.0,956.0,963.0,980.0,
5.0,35.0,37.0,61.0,89.0,109.0,112.0,125.0,155.0,188.0,360.0,376.0,412.0,466.0,486.0,490.0,523.0,525.0,531.0,570.0,570.0,583.0,596.0,618.0,630.0,635.0,642.0,647.0,654.0,656.0,661.0,673.0,675.0,691.0,692.0,716.0,730.0,738.0,755.0,825.0,826.0,858.0,859.0,862.0,894.0,933.0,942.0,959.0,969.0,972.0,972.0,975.0,986.0,998.0,999.0,
3.0,54.0,118.0,153.0,154.0,231.0,291.0,317.0,332.0,382.0,402.0,419.0,455.0,459.0,462.0,503.0,514.0,527.0,530.0,531.0,533.0,535.0,536.0,536.0,545.0,550.0,550.0,559.0,560.0,572.0,574.0,575.0,580.0,592.0,594.0,601.0,606.0,610.0,612.0,622.0,625.0,631.0,654.0,656.0,664.0,688.0,689.0,693.0,708.0,723.0,723.0,740.0,746.0,767.0,774.0,776.0,841.0,846.0,847.0,852.0,870.0,870.0,879.0,899.0,903.0,943.0,945.0,974.0,994.0,
22.0,27.0,52.0,92.0,157.0,200.0,212.0,239.0,251.0,270.0,284.0,288.0,288.0,299.0,312.0,313.0,315.0,382.0,406.0,414.0,436.0,520.0,524.0,538.0,538.0,547.0,548.0,549.0,556.0,559.0,561.0,563.0,567.0,568.0,585.0,593.0,594.0,639.0,645.0,656.0,657.0,662.0,674.0,677.0,694.0,694.0,705.0,716.0,720.0,766.0,767.0,777.0,810.0,818.0,830.0,836.0,871.0,873.0,876.0,896.0,934.0,949.0,951.0,957.0,960.0,977.0,978.0,
5.0,7.0,27.0,37.0,73.0,126.0,130.0,139.0,222.0,248.0,334.0,347.0,408.0,434.0,440.0,460.0,493.0,511.0,524.0,525.0,530.0,532.0,532.0,539.0,543.0,550.0,551.0,555.0,558.0,577.0,588.0,590.0,600.0,602.0,605.0,605.0,607.0,619.0,627.0,632.0,653.0,653.0,656.0,660.0,662.0,670.0,674.0,681.0,686.0,690.0,695.0,717.0,720.0,740.0,771.0,776.0,792.0,823.0,831.0,837.0,838.0,855.0,865.0,872.0,891.0,900.0,901.0,951.0,954.0,959.0,981.0,987.0,
16.0,16.0,39.0,41.0,56.0,74.0,92.0,123.0,129.0,193.0,217.0,263.0,279.0,283.0,283.0,306.0,356.0,411.0,425.0,464.0,484.0,519.0,527.0,530.0,552.0,564.0,585.0,585.0,593.0,604.0,615.0,679.0,680.0,685.0,691.0,693.0,712.0,716.0,722.0,724.0,741.0,773.0,791.0,824.0,897.0,947.0,956.0,965.0,
62.0,69.0,94.0,113.0,117.0,201.0,245.0,361.0,368.0,391.0,425.0,453.0,516.0,516.0,519.0,536.0,572.0,615.0,616.0,645.0,714.0,794.0,796.0,803.0,837.0,860.0,905.0,913.0,946.0,987.0,990.0,
14.0,27.0,31.0,35.0,66.0,119.0,128.0,133.0,138.0,175.0,206.0,315.0,318.0,373.0,376.0,381.0,412.0,440.0,498.0,532.0,562.0,578.0,642.0,653.0,681.0,700.0,722.0,731.0,735.0,785.0,790.0,863.0,925.0,974.0,975.0,982.0,987.0,999.0,
14.0,20.0,41.0,60.0,68.0,68.0,77.0,89.0,109.0,133.0,160.0,185.0,202.0,208.0,240.0,245.0,246.0,330.0,386.0,401.0,439.0,486.0,606.0,626.0,637.0,660.0,686.0,694.0,710.0,716.0,717.0,718.0,721.0,776.0,777.0,797.0,802.0,815.0,840.0,851.0,863.0,874.0,881.0,912.0,933.0,943.0,961.0,962.0,990.0,
12.0,31.0,55.0,135.0,199.0,207.0,216.0,231.0,244.0,245.0,279.0,309.0,424.0,430.0,442.0,445.0,447.0,448.0,470.0,487.0,501.0,509.0,536.0,558.0,562.0,563.0,568.0,639.0,644.0,693.0,713.0,732.0,733.0,760.0,764.0,896.0,912.0,913.0,943.0,950.0,
15.0,20.0,21.0,42.0,71.0,118.0,158.0,205.0,206.0,222.0,262.0,272.0,273.0,277.0,327.0,349.0,379.0,493.0,494.0,516.0,629.0,656.0,690.0,756.0,833.0,845.0,860.0,914.0,965.0,966.0,
9.0,14.0,38.0,57.0,62.0,82.0,90.0,105.0,125.0,125.0,173.0,184.0,188.0,219.0,306.0,312.0,318.0,320.0,387.0,425.0,434.0,491.0,513.0,518.0,524.0,540.0,541.0,563.0,581.0,588.0,591.0,600.0,604.0,608.0,609.0,615.0,626.0,628.0,636.0,637.0,660.0,671.0,675.0,677.0,685.0,694.0,704.0,740.0,781.0,791.0,793.0,813.0,814.0,831.0,842.0,869.0,879.0,894.0,905.0,918.0,937.0,943.0,946.0,950.0,981.0,
35.0,45.0,123.0,146.0,152.0,174.0,256.0,266.0,306.0,357.0,363.0,383.0,412.0,417.0,430.0,444.0,459.0,499.0,508.0,511.0,516.0,517.0,519.0,522.0,524.0,529.0,531.0,541.0,542.0,544.0,545.0,550.0,551.0,553.0,562.0,564.0,566.0,568.0,568.0,580.0,581.0,587.0,590.0,591.0,595.0,596.0,598.0,612.0,623.0,625.0,642.0,644.0,646.0,653.0,656.0,657.0,665.0,696.0,708.0,724.0,724.0,729.0,740.0,749.0,766.0,796.0,800.0,805.0,809.0,822.0,845.0,868.0,869.0,918.0,931.0,933.0,937.0,959.0,965.0,968.0,989.0,
34.0,50.0,71.0,82.0,107.0,161.0,234.0,281.0,290.0,307.0,312.0,318.0,333.0,338.0,373.0,377.0,399.0,407.0,463.0,468.0,475.0,480.0,520.0,529.0,532.0,534.0,540.0,545.0,546.0,565.0,574.0,581.0,583.0,593.0,598.0,602.0,608.0,617.0,648.0,649.0,654.0,672.0,672.0,676.0,698.0,705.0,713.0,729.0,735.0,739.0,779.0,792.0,801.0,802.0,810.0,823.0,843.0,843.0,882.0,908.0,927.0,935.0,945.0,993.0,
64.0,146.0,169.0,196.0,227.0,252.0,259.0,265.0,265.0,289.0,303.0,305.0,310.0,346.0,354.0,356.0,361.0,388.0,395.0,437.0,467.0,481.0,501.0,502.0,505.0,516.0,517.0,523.0,525.0,533.0,543.0,550.0,555.0,561.0,566.0,567.0,572.0,591.0,600.0,630.0,632.0,655.0,658.0,671.0,682.0,691.0,697.0,718.0,724.0,751.0,782.0,799.0,807.0,820.0,825.0,826.0,872.0,882.0,888.0,895.0,905.0,906.0,926.0,937.0,942.0,966.0,967.0,975.0,
28.0,46.0,92.0,144.0,181.0,189.0,213.0,243.0,272.0,286.0,326.0,350.0,455.0,521.0,525.0,525.0,527.0,543.0,559.0,560.0,566.0,566.0,568.0,598.0,601.0,603.0,613.0,618.0,619.0,621.0,628.0,668.0,672.0,672.0,690.0,695.0,708.0,720.0,743.0,748.0,789.0,795.0,799.0,860.0,864.0,873.0,889.0,893.0,918.0,956.0,967.0,981.0,
21.0,25.0,33.0,87.0,119.0,129.0,186.0,187.0,247.0,277.0,308.0,320.0,328.0,458.0,556.0,568.0,571.0,611.0,664.0,674.0,710.0,745.0,855.0,895.0,938.0,
7.0,11.0,66.0,78.0,84.0,93.0,93.0,133.0,156.0,224.0,235.0,380.0,424.0,454.0,461.0,549.0,552.0,561.0,566.0,571.0,679.0,707.0,754.0,763.0,873.0,878.0,964.0,979.0,
34.0,92.0,101.0,103.0,119.0,160.0,230.0,291.0,315.0,354.0,386.0,418.0,462.0,496.0,577.0,647.0,648.0,714.0,772.0,779.0,782.0,783.0,800.0,812.0,864.0,896.0,970.0,979.0,980.0,998.0,
41.0,60.0,88.0,94.0,122.0,133.0,146.0,164.0,170.0,260.0,267.0,291.0,303.0,323.0,324.0,390.0,390.0,449.0,479.0,501.0,529.0,607.0,610.0,614.0,637.0,643.0,687.0,710.0,730.0,732.0,750.0,757.0,810.0,849.0,880.0,939.0,
56.0,64.0,78.0,90.0,135.0,139.0,142.0,174.0,189.0,190.0,214.0,244.0,280.0,323.0,339.0,350.0,358.0,394.0,461.0,469.0,503.0,528.0,549.0,549.0,565.0,583.0,632.0,678.0,694.0,694.0,816.0,827.0,848.0,850.0,888.0,907.0,930.0,937.0,
19.0,67.0,81.0,98.0,102.0,112.0,117.0,131.0,144.0,153.0,157.0,189.0,212.0,227.0,250.0,258.0,316.0,337.0,376.0,398.0,403.0,404.0,408.0,471.0,533.0,551.0,551.0,552.0,556.0,559.0,564.0,566.0,580.0,593.0,600.0,610.0,613.0,627.0,627.0,631.0,670.0,678.0,679.0,682.0,685.0,693.0,761.0,791.0,801.0,801.0,827.0,850.0,863.0,884.0,895.0,900.0,907.0,919.0,926.0,933.0,963.0,979.0,985.0,986.0,
2.0,6.0,41.0,128.0,144.0,150.0,156.0,158.0,190.0,194.0,231.0,246.0,249.0,250.0,287.0,294.0,334.0,390.0,399.0,413.0,489.0,512.0,518.0,531.0,541.0,542.0,546.0,546.0,548.0,550.0,550.0,551.0,570.0,572.0,580.0,581.0,583.0,583.0,608.0,619.0,621.0,621.0,625.0,638.0,646.0,655.0,658.0,662.0,675.0,676.0,682.0,693.0,693.0,704.0,709.0,736.0,737.0,754.0,806.0,818.0,827.0,836.0,842.0,844.0,851.0,863.0,912.0,927.0,940.0,952.0,960.0,974.0,981.0,987.0,
21.0,60.0,83.0,129.0,140.0,152.0,208.0,220.0,233.0,286.0,288.0,322.0,331.0,369.0,414.0,425.0,444.0,518.0,520.0,524.0,535.0,536.0,546.0,548.0,549.0,551.0,553.0,553.0,561.0,565.0,569.0,569.0,570.0,580.0,586.0,593.0,593.0,602.0,603.0,607.0,611.0,613.0,630.0,633.0,636.0,643.0,643.0,675.0,677.0,677.0,680.0,683.0,685.0,701.0,708.0,717.0,722.0,732.0,756.0,770.0,788.0,798.0,813.0,831.0,850.0,884.0,891.0,891.0,912.0,915.0,922.0,935.0,954.0,984.0,988.0,993.0,993.0,997.0,
5.0,22.0,25.0,62.0,128.0,150.0,170.0,176.0,181.0,197.0,223.0,226.0,231.0,250.0,250.0,329.0,332.0,344.0,365.0,370.0,379.0,417.0,418.0,460.0,484.0,490.0,508.0,509.0,513.0,520.0,521.0,524.0,526.0,528.0,531.0,539.0,539.0,546.0,577.0,582.0,585.0,586.0,593.0,595.0,595.0,597.0,599.0,608.0,622.0,622.0,626.0,630.0,648.0,652.0,681.0,689.0,692.0,698.0,708.0,710.0,710.0,726.0,734.0,748.0,749.0,754.0,759.0,766.0,771.0,782.0,794.0,817.0,822.0,837.0,839.0,868.0,884.0,905.0,906.0,920.0,930.0,951.0,964.0,972.0,976.0,981.0,984.0,987.0,989.0,
22.0,28.0,28.0,48.0,88.0,132.0,137.0,168.0,181.0,248.0,248.0,294.0,309.0,312.0,360.0,361.0,394.0,401.0,443.0,453.0,480.0,528.0,535.0,543.0,544.0,545.0,548.0,549.0,558.0,561.0,564.0,566.0,568.0,575.0,591.0,593.0,601.0,602.0,626.0,633.0,645.0,674.0,688.0,710.0,781.0,831.0,837.0,853.0,880.0,925.0,982.0,988.0,
4.0,15.0,60.0,92.0,155.0,158.0,186.0,208.0,226.0,228.0,232.0,235.0,261.0,293.0,305.0,340.0,357.0,437.0,454.0,480.0,490.0,587.0,645.0,650.0,673.0,674.0,719.0,736.0,775.0,823.0,853.0,872.0,881.0,
3.0,27.0,117.0,130.0,131.0,138.0,140.0,171.0,176.0,192.0,203.0,205.0,263.0,279.0,322.0,369.0,430.0,477.0,516.0,543.0,598.0,633.0,666.0,688.0,695.0,756.0,766.0,784.0,816.0,875.0,894.0,902.0,953.0,
19.0,35.0,76.0,116.0,178.0,208.0,228.0,288.0,292.0,332.0,344.0,353.0,394.0,401.0,455.0,461.0,480.0,577.0,587.0,653.0,656.0,694.0,704.0,707.0,713.0,753.0,755.0,765.0,787.0,825.0,851.0,886.0,969.0,986.0,989.0,995.0,
7.0,8.0,11.0,25.0,44.0,78.0,79.0,115.0,124.0,152.0,163.0,166.0,204.0,259.0,283.0,285.0,289.0,300.0,356.0,362.0,364.0,475.0,526.0,535.0,559.0,604.0,613.0,667.0,679.0,735.0,764.0,770.0,779.0,813.0,870.0,923.0,962.0,976.0,979.0,
14.0,57.0,98.0,117.0,126.0,153.0,170.0,175.0,180.0,229.0,246.0,254.0,281.0,289.0,306.0,309.0,353.0,386.0,392.0,395.0,399.0,470.0,477.0,502.0,546.0,548.0,599.0,617.0,632.0,655.0,662.0,747.0,754.0,782.0,839.0,860.0,895.0,919.0,925.0,931.0,980.0,
7.0,16.0,69.0,77.0,99.0,117.0,121.0,144.0,146.0,149.0,150.0,173.0,207.0,240.0,285.0,287.0,302.0,326.0,405.0,500.0,501.0,534.0,613.0,666.0,733.0,933.0,966.0,981.0,
22.0,38.0,66.0,71.0,80.0,99.0,120.0,147.0,152.0,195.0,225.0,228.0,261.0,308.0,312.0,316.0,333.0,339.0,339.0,350.0,387.0,413.0,456.0,461.0,473.0,474.0,489.0,501.0,506.0,527.0,534.0,545.0,559.0,564.0,576.0,582.0,587.0,598.0,633.0,635.0,642.0,658.0,680.0,696.0,704.0,706.0,718.0,721.0,721.0,746.0,748.0,763.0,765.0,792.0,804.0,819.0,827.0,859.0,865.0,876.0,891.0,917.0,923.0,953.0,966.0,970.0,
16.0,55.0,73.0,80.0,147.0,156.0,163.0,171.0,176.0,179.0,200.0,218.0,223.0,230.0,246.0,287.0,330.0,356.0,357.0,449.0,463.0,473.0,488.0,492.0,510.0,517.0,534.0,536.0,543.0,545.0,547.0,550.0,559.0,564.0,569.0,570.0,570.0,572.0,572.0,583.0,585.0,586.0,589.0,595.0,602.0,607.0,632.0,669.0,670.0,684.0,689.0,701.0,705.0,707.0,719.0,736.0,762.0,787.0,813.0,831.0,842.0,853.0,884.0,919.0,921.0,922.0,936.0,939.0,944.0,945.0,948.0,980.0,
9.0,78.0,95.0,206.0,286.0,354.0,383.0,390.0,392.0,400.0,404.0,420.0,506.0,520.0,544.0,546.0,546.0,553.0,553.0,567.0,568.0,597.0,646.0,653.0,666.0,719.0,721.0,749.0,753.0,775.0,790.0,817.0,837.0,842.0,890.0,912.0,913.0,961.0,969.0,969.0,988.0,
25.0,56.0,64.0,68.0,79.0,170.0,180.0,206.0,209.0,221.0,248.0,277.0,283.0,307.0,324.0,330.0,333.0,376.0,441.0,469.0,473.0,660.0,662.0,704.0,711.0,783.0,826.0,921.0,938.0,958.0,
97.0,117.0,139.0,144.0,154.0,159.0,200.0,281.0,312.0,330.0,449.0,471.0,487.0,490.0,494.0,564.0,605.0,617.0,620.0,771.0,780.0,781.0,799.0,803.0,838.0,896.0,979.0,
3.0,14.0,120.0,122.0,166.0,244.0,246.0,322.0,395.0,408.0,479.0,527.0,541.0,593.0,633.0,640.0,657.0,693.0,717.0,718.0,725.0,783.0,858.0,882.0,886.0,899.0,899.0,
2.0,64.0,116.0,141.0,186.0,261.0,284.0,300.0,350.0,351.0,433.0,468.0,495.0,497.0,527.0,667.0,671.0,674.0,690.0,709.0,727.0,761.0,765.0,788.0,803.0,870.0,887.0,902.0,971.0,984.0,
38.0,127.0,129.0,131.0,133.0,165.0,181.0,182.0,195.0,233.0,256.0,292.0,298.0,301.0,328.0,332.0,383.0,387.0,392.0,451.0,453.0,466.0,483.0,499.0,501.0,536.0,539.0,544.0,568.0,598.0,601.0,631.0,654.0,658.0,664.0,699.0,704.0,706.0,727.0,739.0,769.0,774.0,811.0,820.0,869.0,904.0,919.0,953.0,
10.0,15.0,28.0,99.0,112.0,211.0,215.0,226.0,269.0,326.0,330.0,420.0,428.0,438.0,443.0,453.0,495.0,539.0,655.0,688.0,745.0,766.0,827.0,868.0,869.0,896.0,898.0,909.0,940.0,944.0,953.0,973.0,979.0,981.0,
13.0,60.0,132.0,180.0,219.0,252.0,267.0,291.0,340.0,346.0,413.0,438.0,484.0,533.0,589.0,727.0,743.0,747.0,770.0,780.0,864.0,871.0,910.0,942.0,977.0,993.0,
5.0,32.0,60.0,116.0,135.0,137.0,156.0,163.0,172.0,199.0,203.0,207.0,215.0,223.0,224.0,251.0,269.0,270.0,291.0,308.0,313.0,327.0,338.0,427.0,428.0,451.0,509.0,524.0,524.0,526.0,528.0,583.0,660.0,728.0,733.0,817.0,905.0,935.0,939.0,954.0,977.0,1000.0,
25.0,89.0,134.0,183.0,189.0,200.0,272.0,277.0,293.0,305.0,326.0,327.0,437.0,459.0,463.0,470.0,475.0,490.0,523.0,525.0,525.0,533.0,534.0,538.0,547.0,551.0,573.0,601.0,645.0,668.0,670.0,705.0,744.0,857.0,889.0,899.0,922.0,974.0,983.0,
30.0,35.0,46.0,56.0,67.0,122.0,134.0,171.0,235.0,256.0,338.0,351.0,354.0,371.0,386.0,396.0,400.0,411.0,417.0,436.0,442.0,536.0,590.0,608.0,608.0,614.0,615.0,687.0,742.0,753.0,793.0,808.0,878.0,917.0,949.0,955.0,989.0,997.0,
102.0,111.0,114.0,115.0,181.0,219.0,248.0,250.0,333.0,341.0,348.0,352.0,352.0,355.0,365.0,381.0,428.0,439.0,464.0,543.0,612.0,613.0,620.0,674.0,728.0,742.0,762.0,771.0,777.0,799.0,800.0,852.0,865.0,875.0,946.0,957.0,969.0,990.0,
78.0,92.0,148.0,208.0,215.0,226.0,234.0,270.0,308.0,348.0,364.0,368.0,381.0,434.0,467.0,511.0,591.0,693.0,758.0,793.0,880.0,917.0,935.0,953.0,961.0,
7.0,67.0,68.0,109.0,116.0,134.0,178.0,184.0,232.0,236.0,238.0,257.0,322.0,338.0,342.0,372.0,383.0,395.0,421.0,432.0,437.0,449.0,467.0,521.0,524.0,533.0,539.0,544.0,598.0,602.0,627.0,714.0,735.0,756.0,758.0,766.0,782.0,799.0,819.0,850.0,899.0,908.0,940.0,944.0,980.0,
9.0,13.0,26.0,37.0,93.0,132.0,200.0,201.0,206.0,211.0,223.0,244.0,270.0,315.0,318.0,355.0,408.0,455.0,553.0,592.0,611.0,623.0,633.0,765.0,770.0,772.0,794.0,805.0,821.0,848.0,879.0,884.0,896.0,917.0,950.0,975.0,995.0,
2.0,8.0,44.0,75.0,115.0,116.0,133.0,145.0,156.0,163.0,227.0,229.0,251.0,275.0,335.0,384.0,435.0,456.0,458.0,499.0,505.0,529.0,536.0,568.0,634.0,709.0,822.0,847.0,964.0,966.0,
37.0,44.0,105.0,111.0,116.0,131.0,140.0,170.0,183.0,192.0,224.0,274.0,298.0,316.0,345.0,381.0,390.0,468.0,492.0,502.0,515.0,529.0,566.0,594.0,597.0,611.0,664.0,676.0,701.0,701.0,702.0,812.0,853.0,864.0,868.0,882.0,916.0,919.0,928.0,931.0,934.0,944.0,962.0,987.0,991.0,
9.0,31.0,35.0,90.0,131.0,243.0,315.0,318.0,345.0,347.0,398.0,398.0,401.0,412.0,417.0,460.0,465.0,480.0,501.0,504.0,540.0,555.0,566.0,579.0,605.0,646.0,652.0,705.0,800.0,817.0,845.0,845.0,903.0,910.0,940.0,969.0,970.0,983.0,993.0,
13.0,36.0,66.0,68.0,92.0,113.0,142.0,177.0,180.0,207.0,212.0,328.0,342.0,375.0,426.0,431.0,472.0,474.0,483.0,490.0,506.0,543.0,583.0,630.0,650.0,652.0,655.0,664.0,701.0,732.0,765.0,891.0,953.0,955.0,987.0,
17.0,19.0,37.0,51.0,52.0,92.0,101.0,121.0,135.0,171.0,177.0,273.0,276.0,334.0,382.0,435.0,445.0,515.0,551.0,555.0,629.0,683.0,699.0,700.0,711.0,753.0,777.0,798.0,809.0,812.0,876.0,885.0,911.0,915.0,923.0,941.0,954.0,
11.0,21.0,30.0,74.0,106.0,158.0,171.0,252.0,307.0,378.0,379.0,381.0,391.0,402.0,435.0,463.0,472.0,519.0,546.0,548.0,558.0,603.0,607.0,635.0,698.0,767.0,773.0,805.0,817.0,845.0,850.0,875.0,915.0,919.0,935.0,970.0,980.0,
27.0,112.0,126.0,134.0,151.0,172.0,172.0,238.0,266.0,269.0,296.0,338.0,355.0,416.0,433.0,521.0,554.0,572.0,582.0,626.0,876.0,897.0,945.0,959.0,960.0,
13.0,39.0,77.0,147.0,155.0,218.0,235.0,260.0,265.0,284.0,293.0,316.0,316.0,358.0,376.0,418.0,491.0,516.0,571.0,594.0,624.0,647.0,672.0,690.0,691.0,738.0,749.0,765.0,793.0,794.0,816.0,840.0,865.0,867.0,873.0,883.0,919.0,
13.0,15.0,36.0,97.0,115.0,120.0,138.0,139.0,163.0,211.0,268.0,273.0,313.0,323.0,358.0,429.0,509.0,533.0,534.0,554.0,558.0,645.0,691.0,693.0,736.0,761.0,795.0,837.0,841.0,861.0,912.0,
