30.0,36.0,38.0,58.0,105.0,125.0,161.0,224.0,302.0,307.0,314.0,324.0,347.0,392.0,435.0,439.0,475.0,515.0,524.0,532.0,533.0,538.0,563.0,725.0,752.0,759.0,760.0,790.0,821.0,822.0,882.0,894.0,895.0,900.0,908.0,938.0,978.0,
56.0,67.0,87.0,104.0,137.0,150.0,175.0,187.0,242.0,262.0,315.0,319.0,328.0,375.0,385.0,406.0,408.0,450.0,473.0,518.0,536.0,602.0,615.0,616.0,619.0,653.0,678.0,705.0,715.0,731.0,736.0,766.0,833.0,837.0,870.0,910.0,965.0,
5.0,62.0,113.0,121.0,122.0,139.0,251.0,262.0,272.0,304.0,316.0,321.0,367.0,397.0,402.0,403.0,439.0,462.0,464.0,491.0,504.0,505.0,524.0,529.0,534.0,542.0,562.0,616.0,636.0,639.0,660.0,671.0,703.0,711.0,714.0,782.0,814.0,848.0,858.0,874.0,881.0,916.0,938.0,969.0,
43.0,98.0,122.0,134.0,137.0,165.0,171.0,173.0,182.0,210.0,213.0,244.0,275.0,379.0,395.0,411.0,419.0,480.0,481.0,503.0,507.0,514.0,547.0,559.0,627.0,653.0,683.0,709.0,723.0,723.0,741.0,770.0,801.0,803.0,811.0,903.0,950.0,960.0,975.0,981.0,
21.0,30.0,79.0,111.0,112.0,137.0,158.0,176.0,202.0,215.0,220.0,234.0,252.0,267.0,353.0,357.0,438.0,472.0,485.0,496.0,510.0,515.0,529.0,599.0,615.0,623.0,656.0,657.0,671.0,719.0,729.0,766.0,814.0,830.0,859.0,865.0,882.0,904.0,905.0,936.0,
16.0,22.0,34.0,51.0,79.0,104.0,127.0,141.0,148.0,215.0,237.0,251.0,273.0,478.0,482.0,531.0,543.0,566.0,566.0,584.0,595.0,604.0,614.0,670.0,689.0,758.0,778.0,803.0,810.0,862.0,871.0,872.0,909.0,939.0,958.0,982.0,991.0,
19.0,22.0,38.0,75.0,104.0,118.0,150.0,176.0,202.0,218.0,320.0,358.0,366.0,375.0,384.0,398.0,407.0,417.0,438.0,439.0,449.0,494.0,506.0,562.0,576.0,584.0,639.0,644.0,651.0,682.0,732.0,735.0,736.0,749.0,800.0,856.0,868.0,891.0,893.0,907.0,918.0,936.0,945.0,
10.0,11.0,22.0,129.0,141.0,163.0,184.0,200.0,205.0,225.0,278.0,288.0,297.0,301.0,318.0,352.0,435.0,455.0,460.0,489.0,490.0,509.0,525.0,542.0,589.0,600.0,605.0,616.0,624.0,672.0,675.0,701.0,709.0,736.0,783.0,801.0,812.0,822.0,827.0,831.0,833.0,857.0,860.0,862.0,867.0,886.0,916.0,971.0,
2.0,21.0,64.0,73.0,92.0,99.0,140.0,157.0,160.0,161.0,178.0,198.0,238.0,328.0,339.0,394.0,398.0,401.0,409.0,450.0,497.0,591.0,638.0,682.0,686.0,691.0,756.0,795.0,859.0,881.0,926.0,953.0,977.0,997.0,
5.0,31.0,41.0,51.0,117.0,118.0,153.0,188.0,188.0,195.0,211.0,225.0,226.0,249.0,268.0,339.0,340.0,377.0,378.0,386.0,404.0,486.0,492.0,506.0,557.0,597.0,615.0,639.0,644.0,660.0,671.0,677.0,688.0,694.0,724.0,747.0,773.0,780.0,851.0,889.0,894.0,945.0,973.0,
126.0,127.0,191.0,211.0,240.0,262.0,267.0,270.0,271.0,293.0,306.0,434.0,466.0,476.0,477.0,489.0,494.0,580.0,587.0,603.0,604.0,636.0,637.0,654.0,720.0,729.0,810.0,812.0,820.0,883.0,902.0,925.0,925.0,929.0,942.0,970.0,972.0,996.0,
25.0,27.0,82.0,100.0,114.0,164.0,168.0,200.0,244.0,257.0,263.0,267.0,322.0,355.0,355.0,384.0,386.0,423.0,461.0,528.0,535.0,602.0,612.0,652.0,668.0,687.0,707.0,717.0,735.0,764.0,772.0,950.0,952.0,978.0,
12.0,16.0,76.0,125.0,133.0,162.0,182.0,193.0,201.0,256.0,266.0,359.0,367.0,445.0,447.0,456.0,466.0,486.0,498.0,509.0,519.0,532.0,615.0,643.0,650.0,663.0,711.0,752.0,754.0,787.0,873.0,910.0,916.0,920.0,939.0,949.0,992.0,
33.0,56.0,75.0,125.0,127.0,151.0,182.0,201.0,270.0,367.0,381.0,394.0,431.0,434.0,446.0,473.0,500.0,554.0,579.0,601.0,615.0,649.0,687.0,701.0,711.0,721.0,746.0,751.0,821.0,837.0,841.0,860.0,875.0,891.0,893.0,926.0,930.0,973.0,993.0,
29.0,61.0,68.0,91.0,119.0,152.0,184.0,190.0,196.0,227.0,240.0,246.0,247.0,313.0,347.0,365.0,388.0,404.0,413.0,451.0,461.0,484.0,516.0,544.0,565.0,565.0,637.0,654.0,670.0,689.0,694.0,703.0,707.0,725.0,738.0,747.0,750.0,751.0,759.0,775.0,790.0,802.0,803.0,912.0,928.0,956.0,996.0,999.0,
40.0,70.0,127.0,155.0,178.0,280.0,306.0,315.0,320.0,361.0,388.0,419.0,421.0,472.0,504.0,523.0,551.0,558.0,566.0,566.0,575.0,586.0,592.0,603.0,629.0,645.0,659.0,688.0,715.0,762.0,803.0,815.0,830.0,836.0,857.0,913.0,937.0,942.0,957.0,963.0,977.0,
4.0,19.0,84.0,103.0,104.0,266.0,272.0,273.0,284.0,301.0,324.0,393.0,461.0,473.0,502.0,569.0,641.0,690.0,696.0,711.0,746.0,757.0,766.0,812.0,888.0,896.0,932.0,950.0,998.0,
64.0,73.0,157.0,174.0,182.0,189.0,194.0,200.0,210.0,219.0,238.0,238.0,241.0,320.0,417.0,428.0,436.0,456.0,474.0,476.0,490.0,580.0,587.0,587.0,592.0,609.0,610.0,625.0,682.0,734.0,747.0,755.0,759.0,781.0,784.0,830.0,851.0,865.0,869.0,926.0,931.0,953.0,973.0,983.0,
9.0,20.0,33.0,97.0,126.0,141.0,141.0,168.0,206.0,221.0,236.0,280.0,345.0,347.0,351.0,381.0,393.0,399.0,467.0,478.0,517.0,530.0,537.0,619.0,663.0,705.0,738.0,777.0,831.0,890.0,904.0,913.0,930.0,933.0,938.0,971.0,
26.0,27.0,87.0,98.0,100.0,198.0,231.0,329.0,404.0,423.0,454.0,480.0,546.0,559.0,575.0,636.0,724.0,741.0,763.0,784.0,815.0,817.0,832.0,862.0,865.0,920.0,928.0,946.0,964.0,968.0,981.0,988.0,998.0,
7.0,19.0,73.0,109.0,117.0,120.0,161.0,182.0,194.0,213.0,220.0,255.0,319.0,435.0,454.0,472.0,501.0,536.0,591.0,608.0,621.0,636.0,680.0,720.0,756.0,756.0,776.0,814.0,831.0,874.0,920.0,923.0,929.0,959.0,
24.0,114.0,121.0,155.0,164.0,216.0,252.0,267.0,280.0,290.0,319.0,321.0,322.0,396.0,421.0,458.0,467.0,489.0,539.0,546.0,581.0,632.0,655.0,659.0,659.0,682.0,692.0,766.0,801.0,876.0,879.0,907.0,943.0,954.0,957.0,968.0,972.0,
35.0,38.0,131.0,200.0,332.0,337.0,431.0,431.0,442.0,451.0,464.0,464.0,498.0,503.0,562.0,592.0,615.0,629.0,642.0,657.0,659.0,684.0,723.0,732.0,794.0,809.0,810.0,828.0,869.0,959.0,973.0,999.0,
43.0,64.0,86.0,103.0,107.0,131.0,150.0,235.0,259.0,271.0,271.0,276.0,301.0,324.0,337.0,343.0,348.0,350.0,357.0,362.0,386.0,404.0,436.0,478.0,517.0,533.0,542.0,591.0,687.0,702.0,709.0,711.0,722.0,744.0,751.0,767.0,768.0,794.0,802.0,813.0,832.0,832.0,847.0,847.0,898.0,921.0,943.0,975.0,979.0,992.0,
21.0,32.0,66.0,72.0,105.0,113.0,119.0,138.0,149.0,149.0,173.0,178.0,179.0,201.0,203.0,208.0,258.0,262.0,308.0,332.0,337.0,355.0,389.0,405.0,432.0,462.0,504.0,505.0,513.0,520.0,623.0,647.0,710.0,736.0,876.0,897.0,918.0,966.0,1000.0,
8.0,14.0,71.0,72.0,105.0,116.0,125.0,135.0,137.0,160.0,160.0,188.0,224.0,245.0,267.0,331.0,334.0,363.0,369.0,371.0,401.0,409.0,415.0,484.0,487.0,499.0,501.0,502.0,619.0,653.0,687.0,714.0,728.0,730.0,830.0,850.0,859.0,886.0,902.0,947.0,984.0,988.0,
9.0,12.0,31.0,35.0,47.0,56.0,71.0,79.0,145.0,147.0,186.0,194.0,231.0,244.0,253.0,283.0,285.0,302.0,326.0,351.0,358.0,371.0,444.0,477.0,501.0,579.0,604.0,629.0,634.0,661.0,687.0,718.0,727.0,813.0,833.0,898.0,937.0,958.0,985.0,
5.0,66.0,100.0,139.0,140.0,190.0,192.0,239.0,303.0,320.0,324.0,411.0,419.0,446.0,446.0,511.0,530.0,585.0,586.0,588.0,596.0,622.0,633.0,687.0,716.0,803.0,812.0,833.0,839.0,853.0,886.0,901.0,914.0,985.0,
12.0,64.0,111.0,169.0,172.0,211.0,227.0,244.0,264.0,277.0,281.0,353.0,357.0,361.0,397.0,406.0,424.0,426.0,431.0,483.0,564.0,573.0,641.0,652.0,667.0,688.0,694.0,704.0,724.0,724.0,738.0,750.0,770.0,802.0,828.0,835.0,841.0,875.0,879.0,880.0,907.0,950.0,
2.0,27.0,69.0,115.0,141.0,174.0,182.0,190.0,245.0,253.0,259.0,260.0,261.0,284.0,320.0,338.0,381.0,447.0,450.0,476.0,532.0,532.0,559.0,576.0,582.0,592.0,632.0,636.0,650.0,650.0,692.0,745.0,833.0,851.0,915.0,938.0,940.0,989.0,989.0,999.0,
11.0,24.0,28.0,39.0,94.0,117.0,177.0,183.0,225.0,267.0,288.0,372.0,438.0,464.0,475.0,545.0,558.0,610.0,624.0,631.0,657.0,659.0,660.0,699.0,729.0,731.0,735.0,738.0,742.0,752.0,781.0,805.0,826.0,831.0,842.0,896.0,914.0,992.0,
14.0,48.0,64.0,74.0,78.0,79.0,114.0,120.0,141.0,222.0,239.0,249.0,257.0,288.0,335.0,337.0,342.0,362.0,366.0,395.0,404.0,432.0,443.0,459.0,512.0,539.0,561.0,573.0,575.0,600.0,619.0,653.0,716.0,718.0,729.0,729.0,741.0,751.0,773.0,794.0,812.0,838.0,838.0,847.0,852.0,870.0,922.0,927.0,981.0,985.0,986.0,
36.0,82.0,111.0,190.0,199.0,222.0,226.0,229.0,231.0,253.0,261.0,274.0,285.0,300.0,352.0,377.0,424.0,467.0,580.0,599.0,602.0,608.0,610.0,611.0,639.0,639.0,659.0,735.0,748.0,750.0,751.0,784.0,786.0,888.0,930.0,958.0,969.0,992.0,994.0,997.0,
30.0,86.0,91.0,148.0,158.0,176.0,204.0,293.0,316.0,331.0,331.0,339.0,385.0,394.0,401.0,407.0,471.0,473.0,487.0,680.0,780.0,832.0,854.0,901.0,961.0,966.0,
2.0,59.0,62.0,69.0,75.0,77.0,95.0,106.0,124.0,124.0,134.0,172.0,225.0,242.0,328.0,330.0,343.0,358.0,360.0,384.0,397.0,413.0,426.0,438.0,450.0,470.0,490.0,491.0,500.0,
63.0,110.0,113.0,154.0,167.0,225.0,235.0,247.0,367.0,419.0,432.0,
23.0,30.0,48.0,74.0,74.0,91.0,111.0,163.0,176.0,275.0,281.0,286.0,304.0,314.0,350.0,407.0,435.0,455.0,
19.0,95.0,107.0,122.0,123.0,125.0,138.0,139.0,140.0,170.0,191.0,221.0,224.0,256.0,284.0,298.0,302.0,306.0,313.0,323.0,340.0,353.0,367.0,375.0,386.0,435.0,445.0,478.0,887.0,959.0,
27.0,110.0,136.0,138.0,155.0,162.0,206.0,246.0,280.0,284.0,288.0,295.0,316.0,370.0,398.0,407.0,408.0,482.0,501.0,513.0,516.0,543.0,548.0,582.0,601.0,635.0,668.0,671.0,757.0,773.0,802.0,815.0,896.0,913.0,918.0,996.0,
21.0,38.0,42.0,86.0,113.0,143.0,229.0,253.0,261.0,265.0,266.0,273.0,280.0,296.0,344.0,346.0,407.0,431.0,501.0,507.0,529.0,536.0,540.0,558.0,571.0,661.0,665.0,671.0,674.0,684.0,691.0,699.0,730.0,747.0,767.0,769.0,779.0,787.0,811.0,822.0,823.0,824.0,829.0,864.0,880.0,881.0,883.0,1000.0,
19.0,38.0,77.0,86.0,92.0,115.0,115.0,130.0,147.0,181.0,188.0,261.0,341.0,342.0,355.0,363.0,401.0,406.0,425.0,447.0,478.0,490.0,534.0,629.0,707.0,708.0,712.0,715.0,798.0,822.0,848.0,880.0,913.0,919.0,922.0,923.0,923.0,933.0,952.0,
38.0,68.0,134.0,164.0,176.0,188.0,204.0,211.0,227.0,241.0,257.0,264.0,282.0,282.0,291.0,330.0,398.0,400.0,428.0,431.0,456.0,467.0,469.0,516.0,523.0,555.0,581.0,587.0,656.0,659.0,670.0,699.0,748.0,784.0,790.0,791.0,801.0,823.0,833.0,840.0,854.0,892.0,893.0,901.0,918.0,920.0,942.0,975.0,997.0,
24.0,87.0,146.0,194.0,234.0,253.0,260.0,265.0,268.0,291.0,305.0,313.0,322.0,351.0,358.0,368.0,379.0,403.0,435.0,487.0,578.0,610.0,683.0,702.0,702.0,708.0,728.0,747.0,758.0,788.0,799.0,804.0,805.0,828.0,863.0,870.0,894.0,894.0,930.0,935.0,938.0,960.0,985.0,994.0,
42.0,44.0,64.0,105.0,122.0,150.0,167.0,196.0,204.0,217.0,254.0,272.0,275.0,418.0,441.0,460.0,
8.0,16.0,23.0,36.0,106.0,120.0,180.0,211.0,288.0,327.0,334.0,443.0,459.0,477.0,478.0,485.0,492.0,852.0,983.0,
5.0,15.0,44.0,46.0,89.0,102.0,118.0,162.0,204.0,209.0,237.0,275.0,384.0,412.0,428.0,432.0,438.0,444.0,489.0,491.0,505.0,946.0,967.0,
14.0,21.0,54.0,101.0,121.0,123.0,177.0,212.0,263.0,273.0,293.0,303.0,311.0,326.0,349.0,352.0,357.0,369.0,420.0,421.0,490.0,
6.0,17.0,82.0,109.0,115.0,117.0,123.0,155.0,171.0,184.0,185.0,218.0,248.0,266.0,268.0,283.0,299.0,305.0,311.0,315.0,354.0,371.0,376.0,381.0,435.0,481.0,
23.0,45.0,58.0,73.0,73.0,75.0,93.0,129.0,147.0,228.0,240.0,282.0,293.0,299.0,336.0,352.0,367.0,371.0,381.0,386.0,442.0,471.0,475.0,494.0,500.0,515.0,520.0,612.0,685.0,721.0,764.0,769.0,836.0,857.0,883.0,884.0,896.0,910.0,913.0,985.0,989.0,
14.0,21.0,53.0,89.0,91.0,166.0,173.0,194.0,202.0,239.0,243.0,262.0,274.0,395.0,419.0,448.0,575.0,621.0,653.0,665.0,673.0,707.0,743.0,802.0,823.0,848.0,881.0,909.0,967.0,984.0,
121.0,135.0,143.0,200.0,226.0,246.0,257.0,266.0,397.0,444.0,450.0,453.0,498.0,501.0,540.0,546.0,615.0,632.0,639.0,657.0,678.0,706.0,718.0,734.0,777.0,778.0,787.0,832.0,842.0,860.0,875.0,898.0,913.0,954.0,959.0,997.0,
4.0,43.0,79.0,106.0,110.0,169.0,213.0,261.0,276.0,286.0,296.0,359.0,362.0,383.0,410.0,417.0,519.0,572.0,591.0,687.0,716.0,717.0,735.0,753.0,765.0,778.0,780.0,797.0,844.0,853.0,858.0,885.0,891.0,932.0,960.0,
24.0,37.0,37.0,54.0,57.0,64.0,96.0,128.0,315.0,315.0,338.0,385.0,449.0,482.0,493.0,637.0,642.0,753.0,773.0,791.0,846.0,847.0,890.0,897.0,960.0,
23.0,32.0,52.0,77.0,102.0,112.0,129.0,132.0,166.0,240.0,327.0,365.0,379.0,397.0,403.0,425.0,490.0,504.0,504.0,
7.0,30.0,46.0,149.0,171.0,181.0,200.0,212.0,249.0,272.0,337.0,423.0,430.0,431.0,447.0,462.0,467.0,770.0,788.0,817.0,862.0,873.0,892.0,900.0,932.0,
31.0,41.0,44.0,48.0,49.0,62.0,73.0,120.0,178.0,183.0,234.0,236.0,255.0,321.0,345.0,345.0,353.0,362.0,366.0,373.0,427.0,447.0,465.0,476.0,477.0,486.0,492.0,496.0,831.0,939.0,1000.0,
28.0,107.0,111.0,128.0,163.0,190.0,204.0,217.0,234.0,242.0,251.0,261.0,280.0,300.0,303.0,416.0,422.0,436.0,472.0,801.0,839.0,938.0,
18.0,32.0,53.0,65.0,70.0,168.0,172.0,183.0,204.0,231.0,241.0,296.0,313.0,362.0,366.0,375.0,384.0,481.0,
21.0,43.0,45.0,49.0,72.0,112.0,144.0,171.0,216.0,224.0,258.0,312.0,319.0,320.0,366.0,368.0,435.0,442.0,457.0,713.0,757.0,803.0,809.0,845.0,914.0,988.0,997.0,999.0,
95.0,150.0,160.0,211.0,226.0,242.0,334.0,354.0,368.0,374.0,430.0,442.0,476.0,483.0,484.0,546.0,550.0,557.0,602.0,613.0,617.0,650.0,658.0,676.0,690.0,746.0,748.0,750.0,759.0,792.0,864.0,875.0,900.0,907.0,919.0,930.0,955.0,970.0,971.0,988.0,992.0,999.0,
18.0,50.0,83.0,152.0,156.0,183.0,191.0,225.0,235.0,236.0,264.0,309.0,339.0,377.0,384.0,388.0,390.0,407.0,443.0,468.0,470.0,479.0,494.0,508.0,521.0,533.0,549.0,583.0,585.0,601.0,613.0,630.0,651.0,660.0,683.0,695.0,697.0,698.0,720.0,731.0,840.0,858.0,870.0,884.0,897.0,915.0,956.0,997.0,
20.0,25.0,58.0,62.0,105.0,116.0,215.0,219.0,240.0,241.0,250.0,344.0,347.0,357.0,362.0,388.0,415.0,415.0,425.0,426.0,444.0,523.0,537.0,579.0,580.0,637.0,668.0,730.0,768.0,829.0,838.0,851.0,856.0,859.0,862.0,865.0,879.0,896.0,925.0,940.0,953.0,
6.0,8.0,9.0,17.0,63.0,81.0,96.0,109.0,120.0,122.0,136.0,145.0,146.0,171.0,183.0,200.0,255.0,289.0,305.0,326.0,369.0,419.0,423.0,443.0,453.0,468.0,575.0,661.0,678.0,693.0,694.0,702.0,709.0,716.0,719.0,786.0,803.0,812.0,812.0,865.0,889.0,944.0,963.0,982.0,986.0,
10.0,24.0,43.0,91.0,117.0,122.0,128.0,143.0,164.0,175.0,195.0,205.0,223.0,251.0,298.0,399.0,410.0,413.0,413.0,415.0,486.0,500.0,
11.0,43.0,66.0,79.0,79.0,163.0,247.0,251.0,252.0,364.0,381.0,392.0,393.0,423.0,783.0,958.0,
17.0,60.0,70.0,97.0,163.0,174.0,177.0,187.0,251.0,294.0,328.0,364.0,424.0,446.0,454.0,819.0,891.0,
178.0,217.0,241.0,243.0,250.0,251.0,269.0,310.0,336.0,339.0,358.0,383.0,390.0,403.0,414.0,430.0,463.0,873.0,
5.0,41.0,80.0,115.0,149.0,186.0,237.0,263.0,266.0,306.0,310.0,348.0,436.0,449.0,476.0,
23.0,42.0,81.0,95.0,124.0,131.0,136.0,142.0,157.0,183.0,187.0,209.0,221.0,226.0,265.0,277.0,411.0,595.0,630.0,634.0,696.0,709.0,716.0,726.0,732.0,736.0,760.0,764.0,770.0,788.0,830.0,899.0,906.0,930.0,966.0,
105.0,124.0,130.0,199.0,223.0,253.0,263.0,311.0,318.0,362.0,365.0,384.0,399.0,407.0,413.0,416.0,419.0,451.0,482.0,493.0,584.0,600.0,611.0,617.0,631.0,636.0,688.0,699.0,703.0,711.0,735.0,740.0,780.0,791.0,815.0,881.0,892.0,893.0,911.0,923.0,946.0,963.0,981.0,
29.0,33.0,58.0,63.0,82.0,134.0,189.0,249.0,271.0,291.0,333.0,334.0,362.0,371.0,436.0,441.0,515.0,564.0,567.0,590.0,597.0,642.0,666.0,673.0,718.0,764.0,764.0,783.0,842.0,853.0,879.0,914.0,929.0,934.0,964.0,
14.0,23.0,27.0,34.0,74.0,132.0,179.0,190.0,205.0,209.0,211.0,212.0,217.0,227.0,298.0,379.0,446.0,461.0,500.0,538.0,570.0,615.0,616.0,643.0,657.0,741.0,743.0,758.0,787.0,809.0,869.0,876.0,887.0,895.0,907.0,930.0,939.0,979.0,
20.0,24.0,25.0,29.0,33.0,41.0,44.0,76.0,83.0,161.0,162.0,162.0,168.0,227.0,230.0,236.0,253.0,259.0,265.0,283.0,330.0,378.0,380.0,381.0,390.0,419.0,433.0,462.0,482.0,500.0,503.0,504.0,526.0,539.0,543.0,565.0,605.0,606.0,638.0,649.0,656.0,660.0,670.0,674.0,707.0,718.0,764.0,797.0,804.0,815.0,820.0,862.0,867.0,872.0,890.0,905.0,916.0,942.0,945.0,957.0,
32.0,44.0,94.0,97.0,110.0,138.0,141.0,143.0,143.0,153.0,184.0,207.0,214.0,277.0,289.0,294.0,304.0,339.0,457.0,488.0,503.0,670.0,719.0,877.0,
16.0,26.0,65.0,67.0,77.0,79.0,81.0,86.0,87.0,106.0,127.0,129.0,134.0,163.0,200.0,205.0,241.0,282.0,287.0,330.0,351.0,356.0,362.0,368.0,405.0,408.0,454.0,490.0,
146.0,164.0,186.0,223.0,302.0,308.0,327.0,334.0,369.0,416.0,443.0,454.0,502.0,509.0,
2.0,26.0,38.0,51.0,68.0,68.0,77.0,103.0,115.0,155.0,156.0,272.0,274.0,308.0,349.0,393.0,401.0,420.0,422.0,452.0,489.0,498.0,
19.0,23.0,41.0,51.0,66.0,67.0,83.0,89.0,147.0,175.0,208.0,224.0,257.0,324.0,332.0,359.0,367.0,368.0,368.0,386.0,486.0,687.0,700.0,757.0,776.0,815.0,895.0,971.0,
20.0,49.0,93.0,134.0,155.0,155.0,158.0,163.0,167.0,254.0,265.0,279.0,288.0,288.0,371.0,372.0,425.0,453.0,497.0,504.0,552.0,571.0,608.0,634.0,638.0,643.0,645.0,693.0,707.0,707.0,732.0,735.0,740.0,748.0,753.0,755.0,799.0,805.0,805.0,827.0,867.0,906.0,912.0,927.0,977.0,
101.0,117.0,179.0,181.0,193.0,193.0,202.0,220.0,226.0,261.0,289.0,296.0,356.0,430.0,460.0,476.0,515.0,531.0,603.0,657.0,716.0,717.0,747.0,759.0,770.0,771.0,798.0,814.0,819.0,845.0,853.0,863.0,885.0,899.0,948.0,
3.0,21.0,39.0,54.0,65.0,66.0,132.0,168.0,177.0,220.0,317.0,337.0,342.0,342.0,343.0,383.0,389.0,398.0,403.0,429.0,470.0,511.0,531.0,560.0,599.0,652.0,667.0,673.0,711.0,712.0,741.0,753.0,764.0,767.0,838.0,849.0,929.0,937.0,943.0,957.0,983.0,999.0,
48.0,114.0,122.0,210.0,211.0,220.0,240.0,263.0,327.0,353.0,362.0,374.0,402.0,411.0,417.0,426.0,470.0,480.0,508.0,513.0,535.0,603.0,626.0,631.0,639.0,639.0,649.0,674.0,679.0,746.0,774.0,816.0,849.0,852.0,861.0,863.0,887.0,891.0,913.0,914.0,916.0,960.0,980.0,
16.0,57.0,62.0,62.0,81.0,87.0,87.0,108.0,148.0,167.0,174.0,176.0,237.0,283.0,368.0,427.0,428.0,487.0,538.0,548.0,577.0,589.0,611.0,651.0,670.0,765.0,807.0,813.0,814.0,816.0,848.0,871.0,954.0,978.0,978.0,980.0,
22.0,84.0,127.0,134.0,137.0,157.0,168.0,169.0,169.0,218.0,278.0,390.0,396.0,410.0,517.0,541.0,541.0,557.0,614.0,617.0,621.0,682.0,727.0,760.0,793.0,813.0,826.0,826.0,890.0,894.0,901.0,929.0,989.0,
76.0,108.0,155.0,190.0,243.0,319.0,326.0,380.0,412.0,417.0,436.0,628.0,655.0,674.0,681.0,732.0,834.0,889.0,898.0,899.0,912.0,932.0,946.0,976.0,994.0,
31.0,113.0,125.0,131.0,137.0,168.0,184.0,227.0,229.0,231.0,231.0,233.0,244.0,249.0,256.0,267.0,305.0,319.0,354.0,358.0,362.0,365.0,408.0,431.0,454.0,468.0,503.0,621.0,623.0,634.0,644.0,691.0,699.0,734.0,763.0,815.0,828.0,844.0,846.0,852.0,853.0,872.0,937.0,950.0,987.0,990.0,992.0,998.0,
87.0,113.0,202.0,243.0,296.0,298.0,359.0,408.0,409.0,434.0,448.0,462.0,475.0,475.0,629.0,654.0,692.0,712.0,713.0,718.0,756.0,785.0,790.0,797.0,802.0,922.0,946.0,960.0,983.0,
27.0,53.0,72.0,91.0,125.0,162.0,166.0,228.0,236.0,252.0,253.0,342.0,381.0,382.0,424.0,431.0,435.0,476.0,503.0,514.0,520.0,555.0,595.0,600.0,652.0,677.0,689.0,711.0,712.0,737.0,807.0,874.0,890.0,912.0,936.0,936.0,974.0,
81.0,129.0,132.0,165.0,165.0,226.0,229.0,235.0,239.0,262.0,282.0,334.0,345.0,361.0,368.0,393.0,474.0,475.0,489.0,500.0,513.0,515.0,548.0,557.0,614.0,653.0,691.0,706.0,744.0,764.0,768.0,786.0,795.0,817.0,818.0,862.0,895.0,902.0,
6.0,8.0,53.0,95.0,107.0,136.0,207.0,219.0,238.0,296.0,300.0,307.0,427.0,428.0,473.0,523.0,531.0,533.0,557.0,567.0,581.0,633.0,637.0,638.0,647.0,661.0,682.0,687.0,698.0,770.0,816.0,819.0,905.0,935.0,949.0,970.0,
74.0,80.0,88.0,183.0,204.0,233.0,290.0,310.0,321.0,336.0,360.0,396.0,400.0,411.0,425.0,460.0,462.0,478.0,536.0,547.0,616.0,635.0,639.0,642.0,685.0,786.0,792.0,799.0,804.0,804.0,830.0,833.0,836.0,870.0,884.0,913.0,925.0,930.0,942.0,990.0,992.0,
15.0,70.0,127.0,139.0,147.0,150.0,308.0,390.0,418.0,461.0,527.0,556.0,587.0,590.0,630.0,634.0,638.0,643.0,726.0,830.0,857.0,877.0,884.0,892.0,912.0,932.0,952.0,983.0,
42.0,61.0,112.0,116.0,133.0,192.0,196.0,259.0,282.0,306.0,325.0,371.0,376.0,403.0,442.0,454.0,458.0,493.0,598.0,613.0,634.0,685.0,709.0,715.0,747.0,808.0,841.0,846.0,866.0,891.0,959.0,963.0,971.0,989.0,
31.0,103.0,110.0,113.0,205.0,215.0,224.0,240.0,241.0,259.0,316.0,317.0,330.0,347.0,378.0,389.0,395.0,403.0,424.0,439.0,444.0,466.0,571.0,576.0,681.0,720.0,733.0,741.0,765.0,770.0,772.0,816.0,817.0,826.0,845.0,869.0,872.0,874.0,875.0,876.0,877.0,904.0,905.0,945.0,958.0,985.0,998.0,
33.0,55.0,95.0,156.0,160.0,187.0,203.0,214.0,259.0,307.0,387.0,578.0,633.0,678.0,705.0,726.0,735.0,738.0,836.0,918.0,929.0,939.0,980.0,997.0,1000.0,
30.0,64.0,69.0,107.0,110.0,130.0,168.0,171.0,171.0,195.0,204.0,210.0,214.0,232.0,244.0,254.0,315.0,349.0,351.0,454.0,477.0,561.0,585.0,592.0,643.0,646.0,739.0,755.0,775.0,869.0,879.0,897.0,922.0,994.0,
17.0,37.0,117.0,204.0,207.0,241.0,267.0,276.0,285.0,316.0,372.0,390.0,464.0,476.0,479.0,614.0,641.0,674.0,678.0,704.0,750.0,776.0,788.0,792.0,797.0,805.0,824.0,825.0,894.0,902.0,934.0,942.0,988.0,994.0,
3.0,75.0,118.0,138.0,163.0,190.0,192.0,207.0,383.0,538.0,560.0,561.0,594.0,655.0,678.0,688.0,690.0,707.0,723.0,754.0,761.0,767.0,775.0,811.0,816.0,838.0,876.0,884.0,919.0,973.0,975.0,
7.0,21.0,22.0,38.0,95.0,101.0,136.0,162.0,172.0,187.0,189.0,190.0,210.0,275.0,302.0,306.0,316.0,348.0,390.0,438.0,442.0,443.0,444.0,452.0,453.0,469.0,496.0,517.0,649.0,723.0,744.0,799.0,829.0,845.0,871.0,897.0,906.0,923.0,957.0,973.0,
22.0,45.0,58.0,98.0,102.0,121.0,125.0,146.0,155.0,173.0,210.0,212.0,269.0,278.0,302.0,348.0,352.0,391.0,421.0,464.0,516.0,526.0,594.0,622.0,691.0,709.0,747.0,802.0,803.0,815.0,934.0,948.0,
