18.0,32.0,50.0,56.0,58.0,130.0,156.0,174.0,183.0,190.0,194.0,218.0,254.0,278.0,294.0,304.0,336.0,398.0,436.0,457.0,580.0,634.0,637.0,652.0,716.0,719.0,724.0,727.0,757.0,786.0,798.0,805.0,855.0,868.0,872.0,885.0,896.0,919.0,937.0,
2.0,16.0,27.0,44.0,52.0,79.0,80.0,113.0,151.0,166.0,168.0,190.0,210.0,241.0,260.0,326.0,344.0,396.0,400.0,405.0,410.0,411.0,440.0,441.0,442.0,468.0,487.0,489.0,530.0,532.0,534.0,544.0,549.0,553.0,579.0,588.0,591.0,607.0,639.0,654.0,683.0,692.0,716.0,728.0,773.0,802.0,809.0,813.0,843.0,859.0,868.0,872.0,957.0,
48.0,88.0,101.0,169.0,290.0,386.0,396.0,398.0,409.0,424.0,448.0,462.0,487.0,562.0,653.0,704.0,708.0,768.0,817.0,832.0,855.0,913.0,915.0,946.0,976.0,999.0,
3.0,17.0,39.0,50.0,66.0,87.0,102.0,161.0,199.0,278.0,318.0,327.0,334.0,336.0,360.0,401.0,406.0,431.0,453.0,472.0,472.0,481.0,504.0,541.0,577.0,644.0,698.0,779.0,791.0,800.0,937.0,958.0,971.0,973.0,994.0,
8.0,36.0,47.0,68.0,70.0,94.0,116.0,151.0,152.0,161.0,230.0,260.0,305.0,311.0,319.0,327.0,336.0,372.0,376.0,421.0,424.0,455.0,461.0,465.0,487.0,544.0,560.0,571.0,645.0,666.0,670.0,716.0,719.0,720.0,783.0,787.0,790.0,849.0,930.0,963.0,966.0,
10.0,12.0,43.0,54.0,138.0,164.0,194.0,218.0,218.0,232.0,283.0,302.0,363.0,397.0,418.0,443.0,457.0,467.0,469.0,474.0,483.0,563.0,645.0,671.0,695.0,742.0,800.0,828.0,856.0,881.0,
27.0,39.0,103.0,110.0,121.0,123.0,167.0,184.0,198.0,216.0,246.0,253.0,275.0,294.0,329.0,335.0,341.0,373.0,397.0,478.0,547.0,553.0,565.0,569.0,589.0,589.0,621.0,681.0,711.0,722.0,751.0,778.0,883.0,885.0,928.0,930.0,931.0,969.0,980.0,993.0,
11.0,19.0,60.0,80.0,137.0,150.0,224.0,225.0,270.0,458.0,475.0,506.0,531.0,531.0,546.0,554.0,659.0,695.0,718.0,741.0,767.0,779.0,801.0,806.0,806.0,813.0,827.0,827.0,875.0,912.0,928.0,963.0,967.0,969.0,973.0,
26.0,69.0,115.0,132.0,135.0,144.0,158.0,193.0,200.0,215.0,229.0,241.0,244.0,268.0,293.0,300.0,306.0,334.0,381.0,422.0,432.0,434.0,441.0,452.0,467.0,478.0,479.0,496.0,503.0,559.0,592.0,625.0,642.0,659.0,692.0,757.0,766.0,817.0,818.0,838.0,845.0,859.0,879.0,887.0,905.0,984.0,998.0,
11.0,34.0,57.0,62.0,123.0,130.0,157.0,170.0,192.0,257.0,286.0,318.0,362.0,429.0,500.0,515.0,532.0,569.0,574.0,619.0,641.0,724.0,739.0,800.0,806.0,874.0,893.0,897.0,926.0,
4.0,19.0,38.0,48.0,65.0,75.0,80.0,87.0,125.0,155.0,157.0,227.0,234.0,247.0,252.0,292.0,312.0,317.0,359.0,421.0,473.0,480.0,498.0,541.0,572.0,583.0,588.0,589.0,603.0,607.0,623.0,657.0,671.0,720.0,769.0,771.0,875.0,877.0,924.0,930.0,933.0,949.0,
9.0,13.0,134.0,165.0,168.0,221.0,246.0,249.0,259.0,268.0,287.0,315.0,391.0,407.0,455.0,501.0,543.0,584.0,609.0,616.0,678.0,698.0,702.0,723.0,727.0,759.0,778.0,785.0,785.0,798.0,855.0,890.0,901.0,922.0,932.0,964.0,987.0,993.0,999.0,
11.0,28.0,46.0,147.0,154.0,168.0,195.0,202.0,249.0,255.0,276.0,296.0,300.0,302.0,338.0,338.0,370.0,407.0,411.0,412.0,463.0,465.0,488.0,498.0,524.0,554.0,649.0,685.0,693.0,725.0,727.0,730.0,731.0,813.0,830.0,871.0,890.0,905.0,922.0,974.0,976.0,995.0,
15.0,37.0,66.0,86.0,95.0,143.0,173.0,208.0,249.0,260.0,261.0,318.0,337.0,347.0,452.0,468.0,505.0,509.0,518.0,521.0,539.0,568.0,574.0,625.0,675.0,677.0,680.0,682.0,688.0,734.0,796.0,805.0,808.0,836.0,840.0,843.0,859.0,871.0,941.0,963.0,993.0,
83.0,125.0,133.0,234.0,251.0,272.0,274.0,332.0,409.0,417.0,448.0,499.0,539.0,603.0,656.0,666.0,706.0,748.0,784.0,793.0,812.0,862.0,868.0,898.0,915.0,918.0,921.0,921.0,946.0,952.0,957.0,964.0,
57.0,127.0,153.0,167.0,214.0,219.0,245.0,302.0,340.0,343.0,349.0,440.0,440.0,544.0,555.0,615.0,631.0,642.0,651.0,668.0,687.0,703.0,721.0,721.0,749.0,752.0,753.0,774.0,789.0,799.0,876.0,888.0,904.0,904.0,905.0,961.0,
10.0,129.0,152.0,167.0,171.0,193.0,205.0,215.0,215.0,279.0,284.0,301.0,336.0,353.0,382.0,386.0,387.0,415.0,433.0,458.0,492.0,526.0,543.0,571.0,606.0,609.0,682.0,709.0,731.0,741.0,748.0,768.0,795.0,818.0,878.0,893.0,895.0,898.0,
35.0,41.0,62.0,64.0,73.0,119.0,120.0,123.0,133.0,147.0,170.0,186.0,206.0,249.0,296.0,341.0,355.0,371.0,408.0,442.0,452.0,481.0,485.0,512.0,529.0,680.0,693.0,781.0,824.0,835.0,844.0,874.0,893.0,902.0,934.0,963.0,981.0,
11.0,45.0,60.0,74.0,120.0,166.0,174.0,268.0,273.0,307.0,308.0,311.0,347.0,388.0,412.0,437.0,446.0,468.0,470.0,486.0,504.0,548.0,576.0,583.0,597.0,620.0,697.0,715.0,784.0,796.0,822.0,838.0,846.0,906.0,906.0,913.0,934.0,943.0,979.0,
7.0,18.0,21.0,57.0,84.0,106.0,127.0,154.0,164.0,181.0,250.0,263.0,265.0,268.0,325.0,346.0,360.0,400.0,412.0,413.0,423.0,440.0,447.0,461.0,474.0,508.0,512.0,537.0,552.0,583.0,675.0,737.0,790.0,792.0,808.0,825.0,840.0,843.0,895.0,956.0,964.0,
6.0,31.0,99.0,109.0,122.0,144.0,145.0,146.0,180.0,193.0,197.0,228.0,263.0,276.0,300.0,337.0,340.0,383.0,398.0,399.0,404.0,420.0,485.0,495.0,515.0,648.0,649.0,653.0,665.0,673.0,698.0,732.0,739.0,775.0,797.0,803.0,820.0,830.0,864.0,898.0,958.0,968.0,976.0,
23.0,43.0,48.0,55.0,60.0,71.0,89.0,103.0,105.0,105.0,144.0,160.0,185.0,246.0,266.0,268.0,272.0,277.0,319.0,328.0,329.0,362.0,375.0,416.0,424.0,428.0,446.0,450.0,494.0,502.0,512.0,516.0,534.0,578.0,592.0,603.0,681.0,690.0,742.0,763.0,772.0,772.0,800.0,836.0,839.0,842.0,856.0,859.0,983.0,992.0,998.0,999.0,
2.0,2.0,41.0,57.0,72.0,94.0,107.0,127.0,131.0,164.0,238.0,247.0,332.0,341.0,367.0,367.0,387.0,403.0,467.0,490.0,523.0,526.0,528.0,548.0,557.0,589.0,630.0,647.0,651.0,656.0,656.0,667.0,673.0,772.0,777.0,781.0,792.0,793.0,826.0,867.0,868.0,890.0,901.0,941.0,963.0,965.0,
3.0,68.0,68.0,113.0,124.0,129.0,166.0,168.0,179.0,202.0,220.0,222.0,255.0,266.0,333.0,335.0,338.0,348.0,364.0,409.0,420.0,473.0,483.0,497.0,500.0,514.0,573.0,600.0,631.0,634.0,645.0,650.0,652.0,693.0,699.0,719.0,753.0,758.0,772.0,778.0,796.0,803.0,813.0,820.0,822.0,847.0,848.0,886.0,946.0,971.0,989.0,993.0,994.0,
5.0,27.0,39.0,48.0,60.0,85.0,93.0,142.0,147.0,165.0,174.0,178.0,192.0,203.0,208.0,230.0,233.0,235.0,294.0,323.0,324.0,336.0,343.0,378.0,384.0,392.0,451.0,453.0,475.0,507.0,624.0,664.0,692.0,705.0,711.0,712.0,729.0,757.0,774.0,798.0,846.0,896.0,918.0,954.0,963.0,970.0,991.0,992.0,997.0,
72.0,77.0,97.0,98.0,125.0,153.0,170.0,197.0,217.0,244.0,271.0,316.0,319.0,322.0,323.0,332.0,348.0,427.0,462.0,464.0,486.0,505.0,650.0,753.0,803.0,848.0,888.0,891.0,938.0,
8.0,9.0,12.0,46.0,96.0,117.0,167.0,231.0,238.0,239.0,249.0,258.0,285.0,342.0,345.0,362.0,370.0,370.0,379.0,407.0,432.0,433.0,465.0,495.0,503.0,509.0,520.0,597.0,597.0,603.0,614.0,690.0,694.0,699.0,753.0,793.0,809.0,901.0,906.0,911.0,979.0,
2.0,32.0,61.0,73.0,149.0,241.0,269.0,297.0,302.0,319.0,338.0,366.0,366.0,402.0,415.0,439.0,485.0,594.0,619.0,624.0,628.0,666.0,705.0,718.0,737.0,822.0,826.0,827.0,847.0,858.0,872.0,894.0,899.0,926.0,942.0,967.0,978.0,997.0,
2.0,10.0,25.0,67.0,82.0,91.0,128.0,171.0,195.0,280.0,284.0,298.0,323.0,347.0,426.0,507.0,563.0,574.0,588.0,732.0,753.0,778.0,779.0,808.0,819.0,828.0,831.0,834.0,855.0,877.0,908.0,924.0,935.0,968.0,980.0,984.0,
13.0,34.0,35.0,62.0,66.0,68.0,76.0,77.0,96.0,129.0,174.0,197.0,205.0,252.0,259.0,308.0,312.0,324.0,341.0,357.0,378.0,379.0,390.0,396.0,405.0,460.0,460.0,484.0,496.0,521.0,655.0,666.0,697.0,699.0,701.0,704.0,706.0,709.0,718.0,731.0,831.0,840.0,847.0,879.0,888.0,915.0,949.0,
9.0,48.0,59.0,78.0,106.0,118.0,129.0,146.0,184.0,215.0,238.0,274.0,291.0,292.0,296.0,313.0,356.0,365.0,373.0,375.0,375.0,437.0,453.0,453.0,453.0,516.0,541.0,636.0,694.0,731.0,798.0,816.0,866.0,889.0,955.0,
34.0,57.0,63.0,115.0,143.0,183.0,202.0,347.0,350.0,356.0,364.0,384.0,426.0,458.0,494.0,542.0,562.0,582.0,589.0,591.0,636.0,655.0,680.0,705.0,724.0,770.0,779.0,781.0,799.0,806.0,816.0,827.0,838.0,862.0,881.0,885.0,886.0,906.0,907.0,909.0,920.0,961.0,
9.0,19.0,23.0,48.0,66.0,72.0,98.0,128.0,153.0,197.0,201.0,224.0,232.0,261.0,293.0,297.0,298.0,307.0,309.0,374.0,394.0,403.0,414.0,450.0,477.0,494.0,506.0,544.0,576.0,590.0,617.0,648.0,680.0,730.0,749.0,776.0,793.0,799.0,808.0,857.0,901.0,903.0,918.0,918.0,920.0,921.0,929.0,934.0,935.0,947.0,948.0,962.0,
2.0,26.0,78.0,178.0,211.0,244.0,267.0,275.0,341.0,347.0,382.0,440.0,462.0,699.0,767.0,885.0,929.0,972.0,974.0,
28.0,35.0,58.0,62.0,91.0,119.0,128.0,186.0,203.0,213.0,265.0,308.0,335.0,359.0,390.0,419.0,426.0,444.0,457.0,457.0,
94.0,124.0,147.0,161.0,166.0,183.0,207.0,241.0,271.0,285.0,299.0,304.0,345.0,350.0,411.0,439.0,450.0,
34.0,71.0,104.0,133.0,207.0,298.0,310.0,319.0,347.0,384.0,391.0,397.0,405.0,485.0,
5.0,23.0,25.0,27.0,46.0,97.0,127.0,142.0,172.0,199.0,210.0,214.0,214.0,245.0,273.0,290.0,296.0,337.0,362.0,384.0,410.0,416.0,445.0,466.0,479.0,501.0,810.0,843.0,856.0,901.0,
12.0,29.0,30.0,67.0,70.0,99.0,136.0,186.0,215.0,281.0,284.0,291.0,309.0,310.0,335.0,355.0,357.0,364.0,372.0,381.0,385.0,416.0,420.0,426.0,429.0,462.0,518.0,564.0,575.0,581.0,587.0,600.0,603.0,634.0,674.0,721.0,744.0,781.0,795.0,813.0,819.0,839.0,864.0,875.0,876.0,876.0,920.0,926.0,939.0,993.0,
18.0,37.0,81.0,119.0,124.0,172.0,268.0,301.0,310.0,311.0,427.0,434.0,438.0,460.0,478.0,482.0,530.0,566.0,603.0,616.0,618.0,619.0,666.0,718.0,719.0,735.0,753.0,766.0,831.0,863.0,869.0,913.0,941.0,966.0,992.0,994.0,
54.0,87.0,115.0,118.0,181.0,183.0,192.0,193.0,193.0,199.0,288.0,305.0,381.0,399.0,461.0,491.0,491.0,492.0,497.0,507.0,530.0,571.0,593.0,595.0,630.0,664.0,688.0,747.0,766.0,774.0,774.0,822.0,823.0,855.0,872.0,874.0,881.0,917.0,931.0,963.0,965.0,
56.0,77.0,89.0,168.0,180.0,192.0,201.0,210.0,250.0,310.0,345.0,370.0,371.0,400.0,412.0,421.0,431.0,468.0,470.0,488.0,500.0,532.0,568.0,606.0,623.0,644.0,667.0,684.0,692.0,737.0,743.0,763.0,810.0,856.0,861.0,893.0,968.0,985.0,988.0,
9.0,23.0,73.0,80.0,103.0,123.0,136.0,155.0,183.0,205.0,213.0,220.0,229.0,232.0,233.0,243.0,280.0,299.0,320.0,343.0,376.0,417.0,426.0,432.0,466.0,477.0,486.0,595.0,618.0,647.0,658.0,668.0,686.0,733.0,886.0,889.0,901.0,969.0,995.0,
19.0,66.0,116.0,142.0,170.0,181.0,243.0,246.0,249.0,264.0,277.0,319.0,337.0,397.0,404.0,412.0,419.0,433.0,485.0,502.0,
9.0,15.0,20.0,34.0,88.0,96.0,144.0,147.0,168.0,178.0,181.0,199.0,206.0,244.0,261.0,307.0,351.0,375.0,379.0,431.0,473.0,487.0,
33.0,59.0,74.0,214.0,232.0,234.0,243.0,246.0,262.0,272.0,288.0,316.0,374.0,392.0,406.0,913.0,
19.0,44.0,52.0,90.0,101.0,191.0,254.0,258.0,271.0,285.0,295.0,335.0,348.0,379.0,390.0,393.0,396.0,473.0,485.0,498.0,947.0,
10.0,16.0,22.0,73.0,84.0,96.0,107.0,107.0,115.0,142.0,153.0,269.0,289.0,316.0,419.0,490.0,
25.0,36.0,41.0,47.0,52.0,106.0,123.0,130.0,146.0,149.0,178.0,205.0,208.0,215.0,215.0,225.0,241.0,285.0,289.0,313.0,326.0,350.0,352.0,395.0,405.0,466.0,477.0,486.0,497.0,624.0,679.0,689.0,693.0,766.0,826.0,842.0,846.0,862.0,866.0,870.0,870.0,874.0,965.0,
12.0,36.0,51.0,57.0,95.0,278.0,288.0,289.0,296.0,305.0,313.0,386.0,480.0,510.0,528.0,528.0,542.0,577.0,620.0,653.0,653.0,665.0,691.0,743.0,772.0,780.0,817.0,826.0,860.0,869.0,872.0,888.0,894.0,895.0,900.0,952.0,960.0,965.0,966.0,966.0,968.0,978.0,
17.0,34.0,61.0,80.0,151.0,152.0,178.0,236.0,238.0,265.0,267.0,397.0,514.0,532.0,590.0,590.0,591.0,636.0,663.0,676.0,702.0,708.0,742.0,761.0,818.0,825.0,874.0,889.0,905.0,915.0,930.0,964.0,
89.0,122.0,180.0,197.0,211.0,244.0,257.0,304.0,434.0,449.0,482.0,484.0,574.0,579.0,590.0,639.0,645.0,646.0,725.0,737.0,744.0,744.0,752.0,760.0,784.0,821.0,893.0,992.0,
46.0,49.0,55.0,88.0,147.0,151.0,157.0,169.0,236.0,238.0,245.0,253.0,311.0,321.0,328.0,368.0,382.0,392.0,400.0,401.0,405.0,418.0,456.0,473.0,495.0,499.0,670.0,746.0,775.0,817.0,828.0,844.0,848.0,854.0,874.0,907.0,940.0,940.0,968.0,969.0,984.0,
5.0,41.0,86.0,88.0,103.0,116.0,151.0,166.0,243.0,246.0,312.0,330.0,372.0,386.0,423.0,439.0,467.0,
19.0,23.0,38.0,55.0,65.0,78.0,84.0,100.0,103.0,194.0,213.0,249.0,280.0,305.0,344.0,380.0,387.0,407.0,453.0,460.0,496.0,869.0,900.0,916.0,
39.0,50.0,214.0,223.0,257.0,291.0,293.0,490.0,491.0,766.0,814.0,891.0,906.0,933.0,940.0,997.0,
38.0,99.0,128.0,171.0,221.0,234.0,268.0,329.0,366.0,372.0,406.0,414.0,493.0,794.0,848.0,924.0,962.0,976.0,
5.0,103.0,133.0,180.0,181.0,323.0,330.0,365.0,434.0,447.0,
9.0,12.0,27.0,44.0,46.0,58.0,80.0,104.0,159.0,224.0,237.0,255.0,342.0,345.0,392.0,667.0,728.0,737.0,753.0,777.0,863.0,898.0,910.0,996.0,
56.0,58.0,65.0,109.0,124.0,132.0,135.0,156.0,163.0,238.0,299.0,301.0,358.0,405.0,479.0,538.0,555.0,562.0,577.0,582.0,591.0,612.0,703.0,705.0,734.0,759.0,761.0,920.0,946.0,954.0,960.0,975.0,982.0,985.0,
46.0,54.0,84.0,102.0,129.0,161.0,168.0,254.0,284.0,300.0,330.0,337.0,342.0,349.0,355.0,384.0,433.0,457.0,536.0,546.0,560.0,589.0,609.0,617.0,648.0,677.0,712.0,714.0,741.0,797.0,822.0,915.0,937.0,937.0,970.0,991.0,
20.0,21.0,92.0,128.0,131.0,143.0,162.0,182.0,185.0,189.0,193.0,212.0,217.0,269.0,297.0,300.0,329.0,392.0,426.0,449.0,461.0,486.0,494.0,524.0,526.0,555.0,603.0,611.0,617.0,651.0,678.0,685.0,764.0,776.0,779.0,792.0,819.0,837.0,860.0,954.0,976.0,
33.0,46.0,79.0,94.0,102.0,130.0,239.0,248.0,261.0,333.0,346.0,367.0,419.0,460.0,488.0,583.0,590.0,623.0,630.0,631.0,640.0,758.0,765.0,773.0,793.0,884.0,929.0,939.0,963.0,966.0,975.0,
51.0,70.0,107.0,144.0,145.0,158.0,174.0,236.0,237.0,279.0,280.0,299.0,313.0,313.0,349.0,355.0,364.0,372.0,417.0,437.0,448.0,
71.0,93.0,122.0,165.0,203.0,212.0,250.0,273.0,297.0,356.0,377.0,429.0,439.0,460.0,493.0,500.0,951.0,958.0,
19.0,20.0,41.0,59.0,68.0,87.0,121.0,145.0,205.0,206.0,230.0,266.0,287.0,329.0,340.0,346.0,410.0,451.0,490.0,887.0,
22.0,49.0,111.0,117.0,155.0,187.0,188.0,197.0,199.0,254.0,273.0,280.0,285.0,297.0,335.0,373.0,400.0,416.0,453.0,454.0,463.0,483.0,910.0,916.0,
49.0,61.0,76.0,85.0,117.0,126.0,140.0,156.0,242.0,256.0,260.0,320.0,417.0,432.0,501.0,
84.0,102.0,114.0,118.0,180.0,180.0,226.0,291.0,359.0,371.0,419.0,465.0,498.0,611.0,621.0,636.0,638.0,651.0,666.0,683.0,845.0,859.0,886.0,927.0,946.0,966.0,984.0,991.0,999.0,
22.0,130.0,155.0,171.0,178.0,212.0,228.0,234.0,246.0,248.0,256.0,294.0,445.0,466.0,558.0,558.0,568.0,618.0,621.0,647.0,675.0,700.0,727.0,741.0,750.0,793.0,793.0,794.0,803.0,811.0,856.0,866.0,893.0,918.0,934.0,950.0,968.0,
7.0,13.0,28.0,33.0,40.0,82.0,215.0,267.0,286.0,392.0,416.0,444.0,486.0,571.0,580.0,613.0,651.0,655.0,667.0,674.0,720.0,753.0,764.0,773.0,779.0,838.0,865.0,941.0,
17.0,36.0,88.0,96.0,105.0,113.0,150.0,153.0,166.0,241.0,260.0,291.0,296.0,342.0,344.0,344.0,363.0,375.0,404.0,442.0,450.0,450.0,487.0,533.0,542.0,557.0,638.0,638.0,729.0,808.0,817.0,829.0,872.0,874.0,895.0,897.0,912.0,914.0,918.0,933.0,946.0,974.0,
64.0,76.0,92.0,134.0,135.0,140.0,217.0,231.0,243.0,264.0,272.0,291.0,319.0,343.0,419.0,439.0,443.0,471.0,480.0,490.0,505.0,609.0,615.0,662.0,672.0,677.0,679.0,714.0,716.0,722.0,768.0,769.0,780.0,799.0,821.0,857.0,868.0,904.0,950.0,958.0,960.0,
15.0,95.0,99.0,153.0,313.0,355.0,360.0,418.0,443.0,457.0,460.0,686.0,773.0,804.0,822.0,832.0,921.0,927.0,
27.0,43.0,62.0,85.0,88.0,123.0,169.0,171.0,179.0,193.0,196.0,237.0,271.0,286.0,355.0,379.0,404.0,479.0,
5.0,6.0,24.0,118.0,184.0,214.0,255.0,291.0,359.0,374.0,380.0,412.0,
10.0,11.0,88.0,135.0,179.0,200.0,230.0,242.0,244.0,262.0,285.0,288.0,359.0,365.0,368.0,440.0,447.0,477.0,504.0,
27.0,83.0,109.0,133.0,203.0,220.0,240.0,249.0,251.0,289.0,307.0,309.0,309.0,314.0,343.0,361.0,391.0,442.0,472.0,683.0,791.0,831.0,839.0,861.0,893.0,934.0,938.0,943.0,945.0,987.0,
14.0,27.0,33.0,56.0,63.0,81.0,83.0,111.0,200.0,211.0,263.0,292.0,293.0,334.0,345.0,411.0,428.0,466.0,523.0,552.0,616.0,681.0,698.0,712.0,736.0,741.0,755.0,774.0,775.0,787.0,814.0,814.0,840.0,848.0,902.0,919.0,959.0,983.0,
15.0,31.0,51.0,56.0,116.0,122.0,131.0,139.0,152.0,218.0,223.0,254.0,268.0,296.0,378.0,390.0,465.0,473.0,495.0,558.0,582.0,585.0,588.0,669.0,711.0,768.0,773.0,795.0,818.0,826.0,922.0,954.0,969.0,
13.0,25.0,41.0,41.0,78.0,130.0,152.0,199.0,218.0,282.0,376.0,381.0,404.0,431.0,432.0,441.0,480.0,557.0,641.0,652.0,652.0,684.0,727.0,728.0,752.0,817.0,858.0,861.0,886.0,889.0,913.0,939.0,954.0,987.0,993.0,998.0,
5.0,28.0,35.0,65.0,89.0,120.0,156.0,172.0,177.0,290.0,298.0,337.0,350.0,359.0,410.0,423.0,475.0,490.0,514.0,561.0,605.0,615.0,616.0,649.0,712.0,776.0,807.0,828.0,829.0,880.0,889.0,911.0,912.0,916.0,925.0,936.0,962.0,977.0,993.0,
7.0,80.0,96.0,103.0,129.0,169.0,232.0,232.0,239.0,290.0,293.0,324.0,352.0,403.0,413.0,432.0,478.0,484.0,511.0,517.0,533.0,562.0,568.0,568.0,591.0,608.0,610.0,612.0,613.0,622.0,636.0,703.0,810.0,837.0,840.0,841.0,847.0,883.0,901.0,930.0,954.0,966.0,
41.0,74.0,117.0,142.0,172.0,183.0,193.0,257.0,320.0,367.0,371.0,425.0,432.0,524.0,539.0,627.0,639.0,652.0,654.0,702.0,717.0,725.0,726.0,731.0,742.0,751.0,768.0,771.0,772.0,790.0,791.0,840.0,853.0,855.0,887.0,889.0,891.0,907.0,911.0,914.0,919.0,932.0,942.0,961.0,985.0,
50.0,107.0,149.0,153.0,162.0,242.0,257.0,260.0,266.0,273.0,284.0,310.0,312.0,317.0,344.0,378.0,382.0,523.0,849.0,886.0,895.0,928.0,944.0,953.0,957.0,961.0,994.0,
40.0,62.0,127.0,157.0,225.0,230.0,232.0,260.0,264.0,277.0,282.0,341.0,345.0,351.0,399.0,422.0,782.0,785.0,810.0,817.0,866.0,891.0,967.0,996.0,
21.0,23.0,38.0,53.0,70.0,146.0,179.0,229.0,241.0,252.0,295.0,321.0,346.0,354.0,400.0,434.0,441.0,498.0,500.0,508.0,509.0,631.0,644.0,649.0,653.0,659.0,674.0,707.0,728.0,762.0,912.0,913.0,938.0,964.0,971.0,
96.0,132.0,139.0,221.0,248.0,254.0,263.0,369.0,393.0,399.0,421.0,453.0,464.0,469.0,540.0,544.0,568.0,626.0,654.0,675.0,679.0,707.0,719.0,740.0,765.0,782.0,787.0,789.0,793.0,798.0,802.0,872.0,881.0,922.0,941.0,993.0,998.0,
18.0,40.0,57.0,88.0,96.0,127.0,154.0,156.0,158.0,169.0,186.0,215.0,228.0,269.0,271.0,346.0,349.0,360.0,401.0,444.0,463.0,465.0,473.0,482.0,572.0,652.0,726.0,753.0,767.0,792.0,820.0,838.0,840.0,845.0,865.0,866.0,874.0,893.0,895.0,906.0,962.0,992.0,
5.0,18.0,75.0,139.0,152.0,164.0,215.0,216.0,276.0,285.0,344.0,351.0,445.0,470.0,496.0,501.0,522.0,529.0,539.0,614.0,637.0,665.0,707.0,713.0,736.0,821.0,831.0,890.0,916.0,
59.0,103.0,121.0,125.0,186.0,187.0,191.0,201.0,234.0,245.0,262.0,266.0,269.0,297.0,322.0,351.0,364.0,390.0,394.0,415.0,431.0,459.0,523.0,530.0,558.0,563.0,564.0,566.0,577.0,587.0,603.0,624.0,630.0,646.0,740.0,753.0,761.0,795.0,834.0,862.0,873.0,889.0,892.0,894.0,944.0,957.0,976.0,
27.0,45.0,84.0,86.0,94.0,127.0,187.0,195.0,220.0,229.0,238.0,290.0,313.0,318.0,324.0,367.0,387.0,411.0,456.0,521.0,528.0,529.0,572.0,573.0,672.0,727.0,733.0,736.0,739.0,789.0,845.0,875.0,887.0,903.0,914.0,953.0,984.0,985.0,
4.0,27.0,36.0,72.0,115.0,193.0,194.0,204.0,205.0,256.0,265.0,265.0,296.0,314.0,316.0,322.0,384.0,412.0,413.0,492.0,505.0,532.0,538.0,552.0,556.0,588.0,602.0,610.0,627.0,638.0,646.0,658.0,661.0,672.0,692.0,702.0,703.0,737.0,771.0,823.0,864.0,880.0,884.0,901.0,969.0,
14.0,15.0,22.0,29.0,57.0,198.0,206.0,206.0,226.0,260.0,276.0,325.0,332.0,334.0,343.0,370.0,382.0,384.0,387.0,435.0,455.0,479.0,533.0,543.0,544.0,545.0,549.0,550.0,552.0,628.0,635.0,686.0,703.0,719.0,745.0,754.0,765.0,781.0,815.0,876.0,881.0,885.0,886.0,921.0,934.0,998.0,
2.0,81.0,115.0,124.0,139.0,262.0,268.0,272.0,298.0,331.0,334.0,375.0,379.0,384.0,430.0,455.0,464.0,481.0,503.0,511.0,559.0,568.0,594.0,613.0,617.0,634.0,645.0,685.0,697.0,726.0,760.0,784.0,808.0,811.0,820.0,826.0,843.0,868.0,878.0,919.0,927.0,942.0,1000.0,
3.0,41.0,54.0,60.0,92.0,149.0,180.0,218.0,300.0,312.0,314.0,339.0,341.0,393.0,407.0,501.0,501.0,511.0,513.0,526.0,563.0,582.0,631.0,637.0,668.0,676.0,685.0,689.0,715.0,720.0,727.0,749.0,750.0,793.0,800.0,817.0,864.0,876.0,890.0,903.0,918.0,992.0,
39.0,79.0,93.0,120.0,188.0,224.0,248.0,255.0,272.0,285.0,416.0,435.0,475.0,494.0,603.0,623.0,624.0,763.0,774.0,816.0,823.0,927.0,951.0,
21.0,48.0,52.0,54.0,85.0,110.0,120.0,121.0,161.0,250.0,290.0,292.0,307.0,311.0,346.0,361.0,374.0,387.0,440.0,460.0,497.0,500.0,516.0,532.0,537.0,573.0,597.0,605.0,619.0,661.0,734.0,743.0,777.0,778.0,791.0,804.0,865.0,865.0,894.0,903.0,957.0,
3.0,22.0,28.0,43.0,121.0,129.0,181.0,193.0,248.0,345.0,382.0,401.0,419.0,421.0,424.0,425.0,454.0,483.0,491.0,503.0,560.0,566.0,583.0,586.0,635.0,660.0,661.0,673.0,679.0,692.0,700.0,736.0,744.0,765.0,775.0,777.0,797.0,816.0,861.0,884.0,887.0,923.0,965.0,978.0,979.0,987.0,999.0,
80.0,117.0,180.0,212.0,216.0,282.0,325.0,360.0,372.0,406.0,451.0,485.0,486.0,488.0,525.0,563.0,569.0,586.0,595.0,638.0,656.0,665.0,670.0,676.0,689.0,714.0,714.0,839.0,855.0,898.0,918.0,987.0,
