10.0,48.0,113.0,137.0,196.0,198.0,204.0,232.0,237.0,293.0,295.0,303.0,303.0,333.0,337.0,351.0,373.0,438.0,441.0,535.0,548.0,578.0,593.0,600.0,645.0,662.0,699.0,700.0,707.0,806.0,810.0,844.0,863.0,889.0,916.0,956.0,980.0,996.0,
80.0,92.0,95.0,101.0,121.0,180.0,203.0,233.0,277.0,343.0,386.0,456.0,479.0,503.0,509.0,524.0,569.0,654.0,657.0,740.0,741.0,757.0,763.0,792.0,899.0,
16.0,37.0,82.0,97.0,113.0,117.0,138.0,184.0,197.0,245.0,248.0,254.0,264.0,298.0,302.0,307.0,313.0,325.0,358.0,429.0,434.0,480.0,520.0,547.0,550.0,563.0,571.0,588.0,620.0,627.0,632.0,649.0,672.0,709.0,754.0,768.0,771.0,806.0,809.0,864.0,895.0,954.0,968.0,972.0,975.0,994.0,
45.0,67.0,74.0,160.0,267.0,302.0,328.0,334.0,404.0,425.0,448.0,486.0,490.0,492.0,510.0,546.0,581.0,612.0,631.0,648.0,694.0,751.0,770.0,783.0,783.0,810.0,863.0,868.0,875.0,908.0,915.0,917.0,932.0,935.0,945.0,945.0,950.0,960.0,974.0,
32.0,44.0,44.0,64.0,159.0,172.0,181.0,236.0,265.0,287.0,309.0,358.0,379.0,415.0,433.0,465.0,500.0,501.0,504.0,513.0,526.0,618.0,644.0,672.0,677.0,678.0,748.0,842.0,932.0,938.0,985.0,
13.0,56.0,108.0,116.0,188.0,208.0,251.0,307.0,326.0,378.0,384.0,426.0,440.0,509.0,518.0,536.0,629.0,673.0,681.0,681.0,720.0,721.0,722.0,726.0,737.0,739.0,740.0,771.0,772.0,778.0,818.0,855.0,856.0,888.0,951.0,966.0,
6.0,81.0,90.0,100.0,215.0,249.0,306.0,318.0,364.0,400.0,406.0,528.0,587.0,603.0,639.0,712.0,727.0,743.0,758.0,764.0,769.0,813.0,896.0,906.0,926.0,990.0,
6.0,57.0,59.0,62.0,68.0,82.0,185.0,240.0,297.0,373.0,406.0,427.0,458.0,463.0,484.0,557.0,567.0,574.0,583.0,597.0,619.0,648.0,652.0,752.0,769.0,772.0,817.0,872.0,873.0,885.0,914.0,917.0,960.0,996.0,
50.0,69.0,91.0,92.0,102.0,107.0,130.0,146.0,198.0,240.0,240.0,330.0,350.0,391.0,408.0,416.0,417.0,504.0,525.0,545.0,561.0,612.0,670.0,701.0,725.0,738.0,751.0,827.0,833.0,838.0,840.0,845.0,848.0,857.0,892.0,899.0,992.0,
9.0,26.0,75.0,119.0,143.0,145.0,169.0,231.0,265.0,303.0,369.0,371.0,386.0,418.0,438.0,488.0,527.0,528.0,535.0,616.0,635.0,659.0,679.0,779.0,807.0,826.0,832.0,872.0,986.0,
8.0,11.0,18.0,19.0,32.0,136.0,137.0,245.0,252.0,283.0,333.0,341.0,400.0,403.0,502.0,535.0,564.0,567.0,600.0,611.0,635.0,651.0,663.0,669.0,670.0,672.0,691.0,731.0,749.0,760.0,774.0,779.0,800.0,807.0,810.0,826.0,834.0,887.0,892.0,897.0,899.0,911.0,920.0,927.0,945.0,
57.0,72.0,130.0,146.0,172.0,199.0,199.0,212.0,304.0,360.0,365.0,424.0,433.0,455.0,470.0,501.0,504.0,546.0,560.0,590.0,595.0,615.0,638.0,700.0,725.0,766.0,767.0,830.0,841.0,848.0,853.0,855.0,858.0,874.0,907.0,916.0,917.0,950.0,972.0,979.0,981.0,985.0,986.0,990.0,
37.0,40.0,60.0,108.0,133.0,161.0,199.0,225.0,258.0,266.0,286.0,291.0,394.0,397.0,405.0,428.0,434.0,618.0,619.0,789.0,804.0,815.0,820.0,830.0,842.0,845.0,876.0,878.0,934.0,956.0,961.0,999.0,
4.0,49.0,76.0,86.0,122.0,130.0,165.0,211.0,221.0,245.0,248.0,273.0,321.0,409.0,418.0,451.0,458.0,459.0,526.0,548.0,576.0,604.0,613.0,613.0,621.0,627.0,654.0,680.0,681.0,706.0,713.0,714.0,715.0,724.0,890.0,972.0,
7.0,22.0,36.0,62.0,82.0,157.0,187.0,233.0,247.0,287.0,292.0,419.0,435.0,444.0,468.0,577.0,588.0,608.0,611.0,620.0,677.0,694.0,721.0,801.0,846.0,860.0,878.0,902.0,953.0,984.0,989.0,993.0,
45.0,94.0,112.0,129.0,174.0,333.0,364.0,388.0,439.0,447.0,480.0,542.0,553.0,553.0,553.0,568.0,602.0,652.0,763.0,813.0,872.0,891.0,903.0,933.0,951.0,963.0,966.0,979.0,
55.0,147.0,179.0,184.0,189.0,189.0,213.0,213.0,213.0,221.0,238.0,264.0,321.0,360.0,372.0,375.0,412.0,484.0,486.0,524.0,533.0,548.0,570.0,685.0,691.0,763.0,794.0,833.0,836.0,841.0,847.0,859.0,866.0,867.0,873.0,896.0,966.0,988.0,
54.0,64.0,79.0,86.0,87.0,105.0,153.0,159.0,172.0,195.0,213.0,215.0,232.0,248.0,250.0,295.0,314.0,335.0,349.0,351.0,400.0,408.0,409.0,429.0,435.0,450.0,472.0,479.0,495.0,496.0,588.0,605.0,657.0,711.0,744.0,772.0,786.0,846.0,867.0,935.0,947.0,963.0,977.0,988.0,
2.0,13.0,30.0,31.0,41.0,74.0,154.0,194.0,204.0,210.0,287.0,333.0,344.0,382.0,426.0,439.0,454.0,539.0,544.0,611.0,653.0,694.0,709.0,715.0,731.0,744.0,764.0,769.0,773.0,802.0,819.0,822.0,831.0,861.0,875.0,916.0,
4.0,11.0,68.0,78.0,97.0,136.0,181.0,231.0,263.0,264.0,269.0,296.0,304.0,330.0,341.0,342.0,361.0,365.0,410.0,412.0,414.0,422.0,472.0,477.0,538.0,560.0,589.0,592.0,616.0,701.0,739.0,745.0,779.0,800.0,815.0,825.0,829.0,859.0,868.0,874.0,885.0,892.0,906.0,909.0,940.0,982.0,990.0,993.0,
17.0,44.0,131.0,133.0,152.0,155.0,213.0,263.0,278.0,297.0,300.0,314.0,320.0,369.0,369.0,712.0,721.0,735.0,735.0,777.0,791.0,838.0,851.0,854.0,879.0,892.0,931.0,995.0,
101.0,115.0,188.0,276.0,338.0,339.0,344.0,394.0,443.0,528.0,648.0,657.0,660.0,666.0,679.0,742.0,755.0,794.0,807.0,844.0,923.0,979.0,
32.0,56.0,139.0,153.0,214.0,237.0,240.0,244.0,267.0,324.0,324.0,331.0,337.0,401.0,410.0,461.0,537.0,588.0,589.0,597.0,622.0,632.0,637.0,721.0,736.0,787.0,804.0,804.0,809.0,825.0,841.0,848.0,878.0,885.0,891.0,911.0,912.0,943.0,973.0,995.0,
16.0,38.0,60.0,86.0,105.0,122.0,134.0,143.0,153.0,162.0,270.0,304.0,340.0,359.0,379.0,402.0,410.0,432.0,443.0,447.0,460.0,488.0,493.0,515.0,539.0,662.0,677.0,689.0,785.0,841.0,892.0,898.0,998.0,
58.0,62.0,65.0,86.0,143.0,145.0,154.0,178.0,184.0,202.0,218.0,229.0,234.0,327.0,340.0,343.0,348.0,349.0,388.0,405.0,431.0,461.0,478.0,517.0,534.0,578.0,596.0,722.0,731.0,778.0,778.0,785.0,845.0,847.0,901.0,908.0,928.0,966.0,976.0,976.0,981.0,
56.0,59.0,85.0,119.0,146.0,163.0,178.0,188.0,199.0,209.0,211.0,326.0,356.0,358.0,398.0,417.0,474.0,526.0,719.0,725.0,734.0,758.0,800.0,863.0,870.0,874.0,887.0,908.0,968.0,970.0,985.0,995.0,
38.0,73.0,158.0,167.0,171.0,195.0,203.0,223.0,359.0,398.0,419.0,514.0,521.0,577.0,579.0,589.0,597.0,607.0,617.0,632.0,730.0,763.0,800.0,806.0,843.0,853.0,860.0,968.0,986.0,
6.0,20.0,35.0,74.0,118.0,233.0,233.0,266.0,310.0,333.0,358.0,407.0,504.0,564.0,566.0,579.0,589.0,601.0,638.0,639.0,661.0,675.0,681.0,685.0,741.0,821.0,872.0,920.0,920.0,930.0,938.0,978.0,
39.0,58.0,88.0,152.0,166.0,215.0,217.0,225.0,284.0,300.0,305.0,305.0,333.0,396.0,401.0,471.0,486.0,521.0,535.0,550.0,555.0,558.0,575.0,693.0,697.0,700.0,746.0,748.0,756.0,779.0,784.0,803.0,841.0,889.0,989.0,
13.0,31.0,75.0,85.0,131.0,138.0,194.0,242.0,268.0,268.0,298.0,335.0,352.0,360.0,441.0,443.0,457.0,466.0,470.0,495.0,501.0,513.0,519.0,536.0,564.0,613.0,619.0,624.0,679.0,710.0,730.0,772.0,813.0,813.0,896.0,906.0,923.0,969.0,972.0,980.0,
26.0,54.0,190.0,196.0,222.0,234.0,238.0,281.0,305.0,331.0,359.0,454.0,463.0,463.0,513.0,564.0,568.0,568.0,586.0,596.0,597.0,631.0,693.0,705.0,707.0,770.0,774.0,858.0,866.0,869.0,973.0,987.0,
46.0,51.0,58.0,62.0,67.0,82.0,99.0,104.0,120.0,127.0,129.0,155.0,167.0,203.0,215.0,285.0,428.0,432.0,441.0,507.0,516.0,531.0,599.0,609.0,647.0,708.0,740.0,743.0,771.0,780.0,780.0,869.0,871.0,872.0,885.0,918.0,945.0,949.0,977.0,982.0,
8.0,29.0,44.0,103.0,109.0,111.0,130.0,134.0,139.0,175.0,190.0,222.0,283.0,290.0,302.0,319.0,384.0,420.0,469.0,490.0,585.0,607.0,607.0,616.0,616.0,642.0,657.0,740.0,773.0,792.0,842.0,875.0,887.0,914.0,914.0,970.0,
14.0,63.0,95.0,97.0,137.0,168.0,193.0,205.0,227.0,250.0,312.0,347.0,437.0,449.0,515.0,633.0,695.0,712.0,730.0,773.0,778.0,778.0,779.0,787.0,804.0,824.0,854.0,915.0,927.0,933.0,946.0,980.0,
18.0,48.0,117.0,124.0,134.0,179.0,189.0,240.0,256.0,263.0,280.0,324.0,352.0,376.0,377.0,385.0,428.0,432.0,484.0,490.0,
11.0,35.0,172.0,213.0,374.0,443.0,467.0,487.0,
9.0,17.0,35.0,36.0,52.0,101.0,111.0,131.0,185.0,199.0,200.0,205.0,334.0,334.0,362.0,379.0,417.0,418.0,442.0,474.0,477.0,480.0,489.0,973.0,
11.0,25.0,35.0,42.0,47.0,54.0,85.0,130.0,174.0,218.0,226.0,372.0,394.0,456.0,490.0,502.0,509.0,610.0,637.0,764.0,785.0,864.0,885.0,909.0,930.0,988.0,
5.0,26.0,41.0,44.0,128.0,147.0,155.0,156.0,177.0,190.0,193.0,227.0,227.0,250.0,303.0,344.0,350.0,351.0,389.0,467.0,470.0,471.0,482.0,499.0,561.0,565.0,567.0,569.0,573.0,573.0,582.0,591.0,593.0,598.0,618.0,636.0,671.0,672.0,675.0,696.0,710.0,715.0,733.0,735.0,746.0,790.0,795.0,830.0,905.0,944.0,944.0,
7.0,42.0,51.0,81.0,85.0,88.0,147.0,151.0,155.0,183.0,212.0,225.0,241.0,262.0,272.0,281.0,288.0,290.0,302.0,349.0,388.0,388.0,426.0,436.0,470.0,489.0,493.0,493.0,543.0,562.0,613.0,625.0,635.0,708.0,743.0,753.0,791.0,842.0,860.0,868.0,902.0,926.0,939.0,985.0,
14.0,65.0,87.0,104.0,162.0,165.0,205.0,219.0,223.0,244.0,282.0,309.0,316.0,346.0,365.0,370.0,395.0,445.0,452.0,463.0,465.0,492.0,497.0,517.0,522.0,524.0,540.0,630.0,655.0,670.0,695.0,734.0,807.0,838.0,857.0,857.0,879.0,910.0,924.0,981.0,
29.0,29.0,49.0,130.0,130.0,137.0,159.0,213.0,237.0,241.0,260.0,260.0,292.0,377.0,426.0,487.0,531.0,535.0,557.0,565.0,578.0,584.0,584.0,609.0,663.0,670.0,673.0,697.0,706.0,724.0,738.0,803.0,846.0,852.0,864.0,930.0,933.0,951.0,970.0,991.0,998.0,
23.0,80.0,125.0,128.0,130.0,159.0,192.0,194.0,236.0,270.0,280.0,286.0,300.0,307.0,315.0,327.0,348.0,407.0,408.0,420.0,425.0,426.0,543.0,601.0,622.0,627.0,685.0,714.0,729.0,762.0,773.0,806.0,811.0,813.0,862.0,897.0,909.0,919.0,925.0,926.0,931.0,962.0,965.0,982.0,
47.0,72.0,89.0,91.0,102.0,108.0,122.0,127.0,137.0,170.0,185.0,193.0,221.0,264.0,275.0,280.0,283.0,345.0,358.0,366.0,373.0,403.0,443.0,464.0,508.0,
11.0,31.0,32.0,55.0,116.0,128.0,142.0,144.0,151.0,158.0,184.0,202.0,229.0,295.0,326.0,327.0,388.0,397.0,403.0,440.0,447.0,468.0,495.0,
19.0,82.0,115.0,118.0,124.0,142.0,162.0,166.0,186.0,190.0,195.0,213.0,225.0,247.0,262.0,337.0,351.0,378.0,410.0,418.0,442.0,466.0,484.0,485.0,855.0,975.0,
29.0,36.0,44.0,126.0,143.0,204.0,206.0,211.0,228.0,229.0,277.0,280.0,336.0,349.0,405.0,476.0,858.0,
39.0,56.0,121.0,151.0,155.0,199.0,200.0,258.0,267.0,291.0,311.0,349.0,355.0,357.0,360.0,380.0,409.0,424.0,435.0,453.0,462.0,462.0,481.0,505.0,
8.0,24.0,43.0,73.0,76.0,83.0,180.0,215.0,281.0,282.0,284.0,336.0,379.0,391.0,401.0,487.0,495.0,522.0,523.0,579.0,586.0,610.0,614.0,615.0,624.0,662.0,662.0,691.0,700.0,733.0,736.0,738.0,745.0,823.0,824.0,843.0,858.0,860.0,867.0,973.0,979.0,
9.0,9.0,10.0,48.0,53.0,72.0,114.0,126.0,138.0,142.0,144.0,152.0,158.0,253.0,310.0,318.0,367.0,436.0,466.0,515.0,549.0,591.0,603.0,605.0,663.0,691.0,722.0,755.0,816.0,839.0,885.0,908.0,949.0,952.0,
5.0,23.0,28.0,51.0,67.0,194.0,235.0,273.0,298.0,301.0,303.0,304.0,320.0,405.0,429.0,491.0,540.0,565.0,570.0,606.0,665.0,706.0,710.0,738.0,787.0,790.0,792.0,798.0,802.0,816.0,858.0,864.0,906.0,959.0,
12.0,36.0,51.0,52.0,69.0,70.0,136.0,140.0,147.0,167.0,191.0,206.0,234.0,293.0,301.0,304.0,311.0,339.0,443.0,456.0,458.0,467.0,468.0,489.0,518.0,547.0,586.0,622.0,644.0,649.0,651.0,690.0,694.0,703.0,712.0,723.0,729.0,732.0,738.0,766.0,800.0,836.0,873.0,881.0,885.0,887.0,935.0,986.0,987.0,988.0,992.0,
18.0,22.0,28.0,52.0,96.0,146.0,165.0,168.0,176.0,207.0,212.0,220.0,223.0,224.0,239.0,309.0,341.0,352.0,370.0,413.0,415.0,427.0,458.0,485.0,546.0,549.0,566.0,579.0,585.0,594.0,598.0,615.0,671.0,692.0,696.0,706.0,766.0,774.0,823.0,827.0,829.0,860.0,942.0,950.0,968.0,971.0,985.0,996.0,
19.0,34.0,46.0,55.0,113.0,145.0,163.0,204.0,212.0,237.0,273.0,274.0,314.0,328.0,330.0,332.0,350.0,367.0,399.0,406.0,410.0,
21.0,41.0,70.0,94.0,114.0,166.0,177.0,252.0,270.0,271.0,281.0,288.0,294.0,323.0,328.0,373.0,382.0,436.0,499.0,811.0,981.0,
11.0,39.0,40.0,47.0,62.0,89.0,100.0,185.0,197.0,220.0,230.0,338.0,357.0,378.0,387.0,399.0,407.0,407.0,421.0,426.0,439.0,446.0,462.0,508.0,855.0,916.0,950.0,
16.0,22.0,23.0,30.0,34.0,44.0,104.0,130.0,134.0,148.0,151.0,201.0,217.0,240.0,255.0,296.0,298.0,301.0,355.0,454.0,457.0,473.0,479.0,926.0,
12.0,16.0,18.0,55.0,105.0,118.0,191.0,195.0,201.0,215.0,304.0,351.0,397.0,404.0,421.0,442.0,483.0,484.0,
9.0,19.0,39.0,50.0,56.0,79.0,95.0,107.0,175.0,199.0,220.0,290.0,294.0,312.0,381.0,388.0,391.0,409.0,459.0,479.0,488.0,489.0,492.0,556.0,588.0,670.0,674.0,698.0,709.0,710.0,734.0,833.0,835.0,837.0,899.0,906.0,907.0,930.0,937.0,976.0,986.0,988.0,
39.0,88.0,94.0,124.0,125.0,143.0,173.0,213.0,245.0,249.0,250.0,263.0,339.0,348.0,420.0,429.0,506.0,522.0,574.0,579.0,603.0,629.0,671.0,697.0,706.0,716.0,717.0,761.0,872.0,892.0,951.0,994.0,
10.0,14.0,30.0,37.0,39.0,69.0,90.0,103.0,121.0,122.0,145.0,213.0,219.0,268.0,298.0,303.0,320.0,336.0,343.0,412.0,417.0,425.0,426.0,426.0,502.0,507.0,568.0,589.0,624.0,646.0,680.0,692.0,699.0,848.0,887.0,914.0,916.0,960.0,962.0,
51.0,57.0,57.0,87.0,92.0,112.0,125.0,170.0,200.0,241.0,263.0,331.0,340.0,370.0,405.0,418.0,444.0,462.0,474.0,522.0,533.0,544.0,587.0,611.0,621.0,649.0,697.0,749.0,760.0,764.0,776.0,786.0,853.0,856.0,867.0,998.0,
17.0,149.0,155.0,225.0,251.0,256.0,303.0,323.0,361.0,387.0,400.0,426.0,473.0,490.0,505.0,537.0,542.0,550.0,599.0,621.0,628.0,704.0,770.0,814.0,819.0,867.0,896.0,907.0,934.0,949.0,984.0,
27.0,66.0,165.0,194.0,235.0,292.0,306.0,352.0,361.0,419.0,436.0,496.0,
63.0,181.0,240.0,254.0,287.0,343.0,368.0,505.0,506.0,
22.0,47.0,75.0,80.0,108.0,114.0,119.0,172.0,271.0,278.0,288.0,333.0,367.0,370.0,407.0,843.0,933.0,961.0,
44.0,45.0,50.0,57.0,78.0,88.0,135.0,155.0,175.0,182.0,209.0,241.0,250.0,295.0,319.0,324.0,338.0,359.0,368.0,383.0,410.0,438.0,440.0,478.0,508.0,
4.0,39.0,42.0,61.0,143.0,223.0,243.0,247.0,301.0,304.0,356.0,386.0,397.0,401.0,403.0,405.0,437.0,487.0,503.0,
65.0,86.0,93.0,100.0,140.0,151.0,250.0,276.0,309.0,349.0,417.0,436.0,446.0,450.0,463.0,472.0,486.0,494.0,564.0,617.0,623.0,660.0,690.0,701.0,726.0,726.0,740.0,777.0,838.0,876.0,899.0,908.0,924.0,979.0,981.0,998.0,
7.0,26.0,73.0,149.0,192.0,215.0,253.0,289.0,297.0,299.0,323.0,372.0,383.0,412.0,426.0,431.0,443.0,476.0,582.0,609.0,626.0,674.0,689.0,714.0,739.0,746.0,779.0,802.0,833.0,845.0,873.0,904.0,960.0,991.0,
21.0,35.0,115.0,160.0,171.0,232.0,240.0,246.0,303.0,308.0,314.0,326.0,362.0,384.0,456.0,478.0,489.0,521.0,529.0,611.0,656.0,672.0,673.0,697.0,722.0,747.0,778.0,778.0,781.0,835.0,846.0,850.0,920.0,
3.0,11.0,36.0,62.0,65.0,75.0,89.0,115.0,122.0,128.0,141.0,172.0,221.0,222.0,262.0,282.0,292.0,321.0,321.0,393.0,433.0,442.0,472.0,491.0,496.0,501.0,531.0,543.0,546.0,561.0,576.0,613.0,625.0,634.0,650.0,661.0,671.0,694.0,733.0,784.0,858.0,867.0,872.0,887.0,931.0,944.0,945.0,
38.0,83.0,182.0,216.0,288.0,359.0,362.0,366.0,384.0,445.0,474.0,492.0,502.0,530.0,538.0,549.0,580.0,581.0,632.0,637.0,640.0,645.0,652.0,653.0,658.0,659.0,666.0,669.0,679.0,685.0,695.0,699.0,705.0,804.0,813.0,820.0,822.0,850.0,866.0,882.0,882.0,895.0,908.0,910.0,919.0,963.0,
30.0,32.0,53.0,102.0,106.0,111.0,148.0,177.0,189.0,190.0,224.0,231.0,231.0,262.0,279.0,299.0,311.0,335.0,341.0,346.0,409.0,434.0,478.0,602.0,643.0,690.0,712.0,712.0,754.0,902.0,959.0,977.0,988.0,
5.0,59.0,97.0,102.0,130.0,131.0,181.0,188.0,213.0,264.0,317.0,402.0,405.0,
128.0,131.0,144.0,247.0,249.0,305.0,333.0,337.0,347.0,482.0,484.0,497.0,501.0,
6.0,37.0,51.0,62.0,75.0,78.0,81.0,83.0,146.0,223.0,256.0,258.0,271.0,287.0,304.0,329.0,393.0,406.0,418.0,446.0,454.0,477.0,486.0,491.0,
52.0,86.0,123.0,126.0,135.0,140.0,187.0,246.0,260.0,265.0,301.0,335.0,364.0,407.0,409.0,437.0,450.0,475.0,493.0,631.0,718.0,761.0,770.0,790.0,818.0,822.0,851.0,880.0,908.0,931.0,953.0,979.0,
25.0,77.0,123.0,125.0,128.0,169.0,177.0,183.0,199.0,254.0,275.0,301.0,307.0,343.0,362.0,381.0,409.0,410.0,413.0,501.0,505.0,615.0,619.0,655.0,700.0,725.0,731.0,754.0,803.0,885.0,940.0,974.0,978.0,980.0,
11.0,21.0,94.0,112.0,141.0,209.0,211.0,219.0,290.0,295.0,310.0,310.0,325.0,382.0,389.0,394.0,454.0,586.0,641.0,698.0,702.0,763.0,782.0,840.0,850.0,952.0,980.0,988.0,
4.0,8.0,100.0,191.0,230.0,252.0,269.0,310.0,343.0,377.0,434.0,505.0,506.0,538.0,581.0,586.0,619.0,636.0,640.0,678.0,715.0,751.0,768.0,820.0,827.0,978.0,
34.0,37.0,54.0,87.0,145.0,199.0,281.0,299.0,309.0,416.0,440.0,444.0,462.0,509.0,522.0,524.0,556.0,596.0,607.0,609.0,649.0,661.0,739.0,748.0,774.0,804.0,920.0,933.0,964.0,
55.0,55.0,63.0,167.0,170.0,186.0,199.0,201.0,242.0,248.0,264.0,271.0,284.0,330.0,349.0,373.0,374.0,465.0,471.0,487.0,586.0,662.0,695.0,711.0,761.0,803.0,818.0,886.0,893.0,905.0,908.0,916.0,991.0,
32.0,76.0,164.0,180.0,218.0,224.0,381.0,441.0,457.0,564.0,614.0,616.0,616.0,630.0,634.0,693.0,696.0,710.0,726.0,740.0,758.0,763.0,784.0,786.0,811.0,813.0,820.0,833.0,896.0,914.0,925.0,932.0,965.0,972.0,982.0,
17.0,26.0,38.0,42.0,73.0,80.0,84.0,152.0,189.0,212.0,215.0,277.0,318.0,352.0,372.0,388.0,495.0,530.0,532.0,591.0,603.0,618.0,620.0,620.0,623.0,685.0,703.0,720.0,777.0,784.0,793.0,794.0,849.0,854.0,902.0,913.0,948.0,971.0,980.0,985.0,
8.0,67.0,78.0,85.0,89.0,145.0,162.0,184.0,207.0,275.0,329.0,340.0,346.0,361.0,363.0,365.0,367.0,370.0,414.0,454.0,454.0,468.0,511.0,517.0,526.0,594.0,653.0,726.0,761.0,808.0,812.0,860.0,866.0,878.0,897.0,919.0,
13.0,16.0,18.0,62.0,100.0,118.0,126.0,129.0,226.0,244.0,258.0,275.0,275.0,309.0,331.0,400.0,422.0,466.0,504.0,506.0,552.0,581.0,590.0,615.0,616.0,628.0,629.0,649.0,667.0,683.0,684.0,696.0,701.0,764.0,778.0,790.0,826.0,840.0,889.0,897.0,898.0,903.0,919.0,921.0,924.0,941.0,958.0,976.0,977.0,991.0,
71.0,85.0,93.0,95.0,109.0,115.0,157.0,161.0,189.0,212.0,236.0,240.0,250.0,259.0,278.0,281.0,292.0,295.0,302.0,306.0,311.0,334.0,347.0,424.0,436.0,441.0,442.0,477.0,490.0,530.0,541.0,550.0,575.0,591.0,609.0,625.0,627.0,633.0,656.0,661.0,699.0,743.0,754.0,755.0,821.0,877.0,885.0,896.0,907.0,926.0,949.0,977.0,
30.0,145.0,186.0,188.0,253.0,259.0,264.0,274.0,389.0,433.0,585.0,593.0,599.0,614.0,658.0,680.0,714.0,740.0,748.0,762.0,806.0,811.0,847.0,924.0,931.0,933.0,951.0,
14.0,47.0,60.0,100.0,115.0,142.0,182.0,205.0,212.0,243.0,275.0,334.0,348.0,370.0,377.0,383.0,388.0,392.0,400.0,443.0,480.0,499.0,532.0,533.0,622.0,627.0,640.0,647.0,657.0,680.0,681.0,727.0,741.0,783.0,928.0,954.0,965.0,972.0,997.0,998.0,
6.0,24.0,49.0,66.0,84.0,120.0,179.0,190.0,203.0,224.0,242.0,244.0,298.0,310.0,330.0,337.0,337.0,363.0,407.0,470.0,471.0,524.0,544.0,563.0,577.0,622.0,636.0,638.0,656.0,661.0,668.0,740.0,782.0,801.0,879.0,893.0,895.0,895.0,923.0,979.0,
10.0,35.0,51.0,93.0,100.0,121.0,139.0,175.0,188.0,194.0,281.0,285.0,320.0,328.0,334.0,371.0,424.0,442.0,453.0,474.0,477.0,489.0,507.0,509.0,518.0,573.0,584.0,615.0,662.0,675.0,680.0,703.0,704.0,750.0,784.0,824.0,838.0,839.0,860.0,874.0,883.0,899.0,921.0,952.0,
10.0,14.0,47.0,91.0,110.0,114.0,166.0,168.0,182.0,201.0,284.0,367.0,456.0,464.0,488.0,504.0,535.0,552.0,558.0,589.0,605.0,636.0,637.0,699.0,710.0,722.0,750.0,775.0,778.0,830.0,917.0,939.0,992.0,
14.0,17.0,116.0,145.0,162.0,182.0,185.0,202.0,223.0,238.0,260.0,284.0,291.0,324.0,437.0,450.0,480.0,529.0,607.0,607.0,615.0,622.0,651.0,652.0,679.0,770.0,806.0,818.0,818.0,827.0,866.0,866.0,877.0,898.0,901.0,914.0,941.0,
7.0,8.0,80.0,128.0,142.0,165.0,167.0,191.0,249.0,251.0,373.0,407.0,418.0,441.0,461.0,495.0,497.0,505.0,517.0,562.0,568.0,594.0,630.0,649.0,664.0,753.0,820.0,858.0,900.0,928.0,929.0,993.0,
20.0,32.0,44.0,56.0,61.0,63.0,103.0,115.0,160.0,175.0,176.0,229.0,250.0,263.0,320.0,328.0,340.0,369.0,375.0,398.0,401.0,443.0,526.0,542.0,615.0,650.0,695.0,698.0,712.0,760.0,853.0,858.0,865.0,883.0,890.0,926.0,960.0,962.0,970.0,988.0,
11.0,20.0,85.0,161.0,180.0,229.0,241.0,243.0,251.0,258.0,290.0,328.0,354.0,381.0,392.0,441.0,446.0,457.0,478.0,495.0,539.0,612.0,620.0,633.0,658.0,807.0,876.0,907.0,910.0,993.0,
12.0,66.0,86.0,87.0,110.0,216.0,275.0,297.0,376.0,407.0,462.0,466.0,470.0,518.0,633.0,634.0,636.0,661.0,675.0,717.0,726.0,727.0,738.0,768.0,787.0,794.0,816.0,823.0,850.0,868.0,874.0,901.0,917.0,922.0,931.0,937.0,955.0,971.0,994.0,996.0,
12.0,16.0,37.0,39.0,40.0,75.0,84.0,85.0,122.0,124.0,129.0,143.0,153.0,184.0,238.0,262.0,337.0,399.0,405.0,410.0,434.0,446.0,475.0,499.0,505.0,554.0,566.0,576.0,601.0,615.0,672.0,694.0,700.0,731.0,809.0,843.0,851.0,871.0,934.0,934.0,940.0,944.0,
14.0,184.0,204.0,337.0,374.0,399.0,404.0,417.0,526.0,539.0,571.0,577.0,650.0,660.0,718.0,731.0,773.0,783.0,787.0,818.0,837.0,844.0,943.0,955.0,970.0,993.0,
