61.0,84.0,99.0,157.0,179.0,182.0,214.0,278.0,289.0,316.0,324.0,342.0,391.0,416.0,455.0,463.0,474.0,494.0,498.0,504.0,511.0,564.0,596.0,602.0,607.0,622.0,635.0,678.0,747.0,777.0,828.0,839.0,857.0,
36.0,49.0,99.0,119.0,123.0,149.0,179.0,184.0,205.0,253.0,426.0,475.0,500.0,510.0,527.0,578.0,608.0,622.0,642.0,644.0,678.0,721.0,745.0,767.0,794.0,806.0,820.0,823.0,830.0,839.0,840.0,856.0,890.0,921.0,
15.0,30.0,42.0,64.0,75.0,77.0,95.0,116.0,140.0,175.0,206.0,210.0,252.0,299.0,321.0,323.0,486.0,511.0,512.0,577.0,582.0,592.0,593.0,608.0,643.0,654.0,663.0,678.0,702.0,713.0,760.0,796.0,839.0,842.0,874.0,891.0,974.0,985.0,993.0,1000.0,
7.0,47.0,110.0,154.0,186.0,186.0,228.0,232.0,237.0,375.0,379.0,388.0,433.0,482.0,502.0,512.0,513.0,534.0,554.0,630.0,653.0,682.0,711.0,765.0,779.0,791.0,810.0,857.0,873.0,890.0,908.0,919.0,947.0,952.0,
36.0,160.0,186.0,194.0,218.0,220.0,232.0,269.0,299.0,329.0,335.0,359.0,374.0,416.0,439.0,466.0,568.0,590.0,592.0,604.0,647.0,659.0,674.0,682.0,713.0,718.0,751.0,753.0,889.0,946.0,
86.0,116.0,139.0,166.0,197.0,202.0,245.0,271.0,315.0,323.0,368.0,401.0,447.0,460.0,549.0,557.0,574.0,596.0,621.0,659.0,678.0,701.0,713.0,714.0,721.0,742.0,760.0,880.0,913.0,918.0,923.0,929.0,977.0,1000.0,
8.0,28.0,43.0,56.0,56.0,74.0,98.0,104.0,110.0,127.0,201.0,243.0,264.0,398.0,474.0,477.0,527.0,535.0,560.0,609.0,623.0,699.0,722.0,815.0,848.0,876.0,877.0,879.0,893.0,919.0,925.0,939.0,942.0,955.0,970.0,988.0,
2.0,16.0,28.0,67.0,74.0,97.0,120.0,145.0,161.0,198.0,198.0,200.0,228.0,229.0,269.0,356.0,377.0,378.0,416.0,509.0,512.0,517.0,561.0,566.0,707.0,726.0,729.0,827.0,834.0,885.0,923.0,986.0,
17.0,50.0,52.0,55.0,64.0,71.0,78.0,117.0,124.0,138.0,163.0,244.0,286.0,318.0,326.0,340.0,350.0,369.0,375.0,470.0,499.0,545.0,546.0,637.0,665.0,772.0,865.0,885.0,893.0,895.0,897.0,900.0,930.0,943.0,973.0,980.0,
4.0,15.0,64.0,116.0,128.0,144.0,166.0,168.0,173.0,173.0,176.0,210.0,210.0,224.0,243.0,345.0,370.0,442.0,444.0,445.0,454.0,465.0,473.0,488.0,518.0,561.0,620.0,640.0,647.0,725.0,752.0,764.0,766.0,804.0,833.0,862.0,919.0,926.0,958.0,982.0,
32.0,37.0,134.0,159.0,202.0,269.0,270.0,312.0,325.0,327.0,334.0,451.0,498.0,516.0,529.0,532.0,547.0,571.0,576.0,650.0,659.0,659.0,694.0,708.0,724.0,734.0,808.0,855.0,856.0,897.0,916.0,986.0,994.0,998.0,
50.0,83.0,87.0,90.0,229.0,232.0,244.0,247.0,267.0,278.0,330.0,428.0,428.0,497.0,540.0,546.0,613.0,662.0,734.0,777.0,779.0,780.0,833.0,887.0,894.0,901.0,901.0,917.0,917.0,975.0,
106.0,109.0,152.0,168.0,171.0,181.0,190.0,192.0,198.0,228.0,231.0,244.0,244.0,319.0,320.0,336.0,344.0,370.0,378.0,398.0,457.0,476.0,506.0,511.0,540.0,571.0,634.0,638.0,641.0,705.0,744.0,766.0,769.0,789.0,816.0,831.0,863.0,881.0,906.0,970.0,979.0,
2.0,80.0,133.0,135.0,137.0,142.0,197.0,202.0,222.0,257.0,258.0,266.0,351.0,406.0,415.0,568.0,590.0,609.0,646.0,654.0,686.0,703.0,715.0,803.0,812.0,817.0,820.0,823.0,839.0,842.0,868.0,912.0,943.0,966.0,
23.0,41.0,66.0,145.0,214.0,265.0,342.0,365.0,366.0,371.0,381.0,450.0,452.0,475.0,496.0,503.0,587.0,587.0,645.0,646.0,669.0,753.0,803.0,808.0,863.0,864.0,899.0,944.0,946.0,949.0,
43.0,69.0,84.0,148.0,150.0,152.0,168.0,171.0,192.0,224.0,255.0,325.0,354.0,374.0,382.0,394.0,426.0,426.0,427.0,440.0,452.0,493.0,500.0,534.0,548.0,564.0,579.0,584.0,611.0,719.0,723.0,727.0,739.0,863.0,897.0,906.0,964.0,975.0,990.0,
10.0,12.0,41.0,72.0,100.0,101.0,121.0,144.0,188.0,272.0,280.0,345.0,422.0,471.0,476.0,480.0,481.0,495.0,502.0,570.0,585.0,610.0,664.0,667.0,668.0,704.0,727.0,732.0,742.0,914.0,972.0,974.0,974.0,
20.0,30.0,53.0,57.0,69.0,81.0,82.0,92.0,100.0,165.0,174.0,188.0,200.0,268.0,312.0,344.0,378.0,380.0,397.0,445.0,451.0,457.0,459.0,489.0,513.0,527.0,572.0,617.0,619.0,625.0,628.0,639.0,642.0,672.0,689.0,730.0,734.0,754.0,796.0,820.0,859.0,867.0,919.0,962.0,996.0,
11.0,36.0,57.0,77.0,131.0,133.0,156.0,245.0,298.0,309.0,334.0,336.0,365.0,378.0,390.0,453.0,474.0,517.0,538.0,594.0,603.0,677.0,684.0,715.0,742.0,851.0,907.0,933.0,935.0,964.0,993.0,
104.0,134.0,161.0,164.0,249.0,251.0,258.0,260.0,287.0,315.0,355.0,380.0,416.0,429.0,430.0,599.0,602.0,629.0,646.0,658.0,689.0,706.0,736.0,745.0,780.0,783.0,797.0,812.0,840.0,847.0,912.0,925.0,975.0,976.0,
16.0,17.0,29.0,54.0,54.0,57.0,65.0,67.0,68.0,97.0,131.0,138.0,142.0,221.0,234.0,284.0,296.0,338.0,356.0,389.0,421.0,438.0,453.0,459.0,485.0,492.0,530.0,604.0,607.0,637.0,659.0,680.0,707.0,743.0,757.0,827.0,857.0,879.0,898.0,902.0,976.0,998.0,
14.0,26.0,66.0,75.0,144.0,214.0,236.0,246.0,260.0,266.0,336.0,344.0,353.0,369.0,409.0,432.0,433.0,440.0,477.0,481.0,517.0,556.0,599.0,605.0,624.0,655.0,659.0,664.0,738.0,762.0,769.0,780.0,787.0,806.0,812.0,823.0,828.0,857.0,895.0,921.0,971.0,
12.0,30.0,42.0,56.0,101.0,103.0,113.0,167.0,220.0,246.0,250.0,265.0,297.0,298.0,340.0,410.0,421.0,438.0,447.0,451.0,457.0,484.0,488.0,488.0,536.0,538.0,605.0,638.0,655.0,656.0,684.0,748.0,790.0,801.0,816.0,836.0,960.0,
8.0,25.0,26.0,49.0,59.0,60.0,62.0,70.0,129.0,148.0,169.0,176.0,209.0,277.0,292.0,293.0,299.0,327.0,344.0,372.0,409.0,454.0,457.0,486.0,541.0,559.0,599.0,602.0,608.0,622.0,623.0,631.0,649.0,650.0,650.0,655.0,679.0,709.0,714.0,728.0,729.0,739.0,750.0,803.0,873.0,950.0,966.0,980.0,986.0,999.0,1000.0,
79.0,85.0,94.0,165.0,198.0,204.0,210.0,268.0,274.0,343.0,362.0,377.0,402.0,429.0,440.0,481.0,489.0,497.0,515.0,636.0,652.0,737.0,758.0,769.0,781.0,817.0,819.0,824.0,898.0,917.0,973.0,
67.0,92.0,104.0,105.0,108.0,154.0,219.0,262.0,267.0,313.0,393.0,401.0,446.0,451.0,465.0,489.0,508.0,539.0,599.0,708.0,743.0,745.0,745.0,746.0,763.0,764.0,786.0,821.0,869.0,883.0,891.0,894.0,925.0,935.0,941.0,959.0,
8.0,28.0,60.0,102.0,139.0,159.0,194.0,202.0,210.0,218.0,247.0,247.0,307.0,363.0,390.0,404.0,436.0,449.0,508.0,546.0,585.0,591.0,592.0,613.0,632.0,643.0,648.0,671.0,705.0,710.0,724.0,745.0,752.0,756.0,759.0,769.0,785.0,793.0,794.0,799.0,832.0,846.0,851.0,856.0,870.0,881.0,906.0,913.0,978.0,995.0,997.0,
4.0,47.0,58.0,67.0,76.0,90.0,148.0,168.0,171.0,224.0,254.0,275.0,296.0,306.0,411.0,451.0,466.0,499.0,514.0,518.0,527.0,546.0,558.0,576.0,613.0,666.0,713.0,722.0,722.0,724.0,743.0,756.0,775.0,830.0,893.0,912.0,965.0,988.0,995.0,
24.0,61.0,78.0,79.0,109.0,109.0,156.0,166.0,188.0,215.0,247.0,267.0,277.0,286.0,327.0,446.0,451.0,459.0,493.0,523.0,525.0,550.0,565.0,609.0,660.0,676.0,682.0,684.0,730.0,747.0,770.0,809.0,876.0,922.0,959.0,971.0,972.0,984.0,993.0,996.0,
16.0,23.0,100.0,112.0,118.0,137.0,150.0,152.0,207.0,333.0,361.0,377.0,412.0,427.0,469.0,500.0,500.0,530.0,541.0,579.0,640.0,651.0,670.0,693.0,714.0,722.0,742.0,743.0,854.0,900.0,912.0,922.0,947.0,965.0,966.0,
28.0,42.0,86.0,92.0,93.0,97.0,104.0,158.0,168.0,201.0,238.0,246.0,250.0,252.0,259.0,269.0,335.0,338.0,391.0,409.0,437.0,496.0,506.0,509.0,589.0,651.0,663.0,674.0,751.0,762.0,762.0,862.0,879.0,917.0,959.0,959.0,974.0,978.0,999.0,
4.0,19.0,65.0,109.0,137.0,139.0,191.0,202.0,221.0,287.0,296.0,330.0,365.0,417.0,420.0,433.0,471.0,489.0,514.0,535.0,547.0,549.0,595.0,611.0,668.0,723.0,730.0,743.0,849.0,863.0,935.0,963.0,966.0,
5.0,7.0,20.0,52.0,106.0,119.0,172.0,174.0,180.0,186.0,197.0,223.0,247.0,248.0,269.0,276.0,290.0,352.0,377.0,381.0,414.0,420.0,424.0,465.0,511.0,549.0,575.0,579.0,597.0,617.0,624.0,624.0,643.0,696.0,730.0,732.0,753.0,766.0,795.0,828.0,846.0,897.0,920.0,925.0,970.0,981.0,996.0,
7.0,49.0,72.0,74.0,116.0,128.0,161.0,184.0,191.0,214.0,221.0,235.0,255.0,302.0,316.0,322.0,326.0,401.0,401.0,448.0,462.0,475.0,482.0,486.0,615.0,659.0,677.0,692.0,761.0,794.0,807.0,809.0,826.0,890.0,919.0,967.0,
38.0,51.0,69.0,185.0,196.0,236.0,280.0,290.0,328.0,369.0,369.0,389.0,397.0,412.0,423.0,441.0,483.0,496.0,
49.0,103.0,138.0,184.0,184.0,203.0,205.0,272.0,273.0,280.0,309.0,346.0,352.0,420.0,438.0,
32.0,70.0,96.0,119.0,136.0,175.0,186.0,204.0,208.0,221.0,245.0,254.0,266.0,270.0,301.0,314.0,336.0,346.0,362.0,403.0,416.0,466.0,487.0,919.0,
41.0,44.0,46.0,76.0,107.0,120.0,153.0,186.0,215.0,241.0,295.0,311.0,346.0,351.0,371.0,404.0,412.0,421.0,429.0,496.0,504.0,505.0,578.0,604.0,637.0,720.0,737.0,739.0,759.0,839.0,868.0,903.0,910.0,949.0,979.0,981.0,984.0,
21.0,21.0,30.0,164.0,223.0,260.0,272.0,385.0,396.0,437.0,440.0,473.0,481.0,500.0,516.0,521.0,591.0,599.0,611.0,682.0,731.0,748.0,765.0,783.0,800.0,828.0,829.0,847.0,912.0,
35.0,62.0,102.0,149.0,184.0,226.0,314.0,330.0,347.0,365.0,394.0,400.0,408.0,422.0,490.0,528.0,535.0,549.0,598.0,626.0,643.0,655.0,662.0,697.0,708.0,748.0,749.0,755.0,785.0,792.0,823.0,867.0,894.0,929.0,955.0,965.0,989.0,994.0,
8.0,35.0,36.0,37.0,57.0,62.0,72.0,110.0,123.0,137.0,202.0,208.0,288.0,307.0,324.0,353.0,422.0,456.0,474.0,534.0,538.0,542.0,547.0,563.0,564.0,580.0,627.0,653.0,790.0,791.0,813.0,874.0,892.0,996.0,
7.0,32.0,110.0,132.0,141.0,215.0,240.0,243.0,247.0,267.0,383.0,426.0,447.0,448.0,449.0,460.0,624.0,650.0,660.0,688.0,734.0,736.0,777.0,797.0,816.0,819.0,856.0,906.0,912.0,964.0,983.0,
14.0,18.0,49.0,62.0,93.0,100.0,104.0,105.0,107.0,108.0,149.0,160.0,208.0,210.0,256.0,272.0,331.0,332.0,368.0,377.0,384.0,393.0,394.0,401.0,401.0,446.0,576.0,607.0,625.0,715.0,718.0,727.0,801.0,803.0,835.0,837.0,850.0,850.0,871.0,871.0,917.0,925.0,935.0,999.0,1000.0,
10.0,74.0,75.0,84.0,119.0,133.0,145.0,148.0,184.0,187.0,191.0,192.0,226.0,281.0,306.0,315.0,357.0,362.0,442.0,443.0,458.0,
34.0,37.0,41.0,44.0,100.0,108.0,124.0,131.0,139.0,142.0,155.0,155.0,159.0,162.0,192.0,210.0,229.0,238.0,285.0,339.0,364.0,417.0,447.0,
7.0,16.0,142.0,144.0,154.0,261.0,265.0,280.0,281.0,319.0,346.0,356.0,358.0,387.0,387.0,396.0,404.0,486.0,491.0,509.0,971.0,
32.0,55.0,105.0,110.0,233.0,233.0,287.0,320.0,330.0,334.0,353.0,422.0,469.0,487.0,495.0,501.0,505.0,509.0,915.0,
34.0,62.0,65.0,69.0,106.0,108.0,128.0,134.0,185.0,223.0,312.0,372.0,388.0,393.0,393.0,394.0,404.0,500.0,934.0,
37.0,49.0,72.0,98.0,109.0,111.0,117.0,187.0,365.0,367.0,404.0,464.0,472.0,478.0,484.0,491.0,493.0,515.0,580.0,585.0,626.0,647.0,657.0,718.0,789.0,801.0,815.0,898.0,913.0,915.0,916.0,918.0,927.0,940.0,955.0,
7.0,13.0,84.0,104.0,137.0,159.0,226.0,241.0,311.0,337.0,352.0,384.0,390.0,404.0,497.0,499.0,506.0,514.0,535.0,581.0,594.0,604.0,605.0,620.0,629.0,667.0,762.0,781.0,846.0,847.0,857.0,888.0,890.0,929.0,989.0,
2.0,48.0,57.0,67.0,82.0,128.0,138.0,180.0,253.0,258.0,259.0,276.0,278.0,280.0,286.0,289.0,320.0,351.0,360.0,371.0,400.0,403.0,409.0,437.0,511.0,525.0,584.0,644.0,650.0,663.0,669.0,684.0,717.0,808.0,852.0,853.0,923.0,973.0,986.0,991.0,
15.0,22.0,28.0,81.0,83.0,109.0,127.0,175.0,217.0,229.0,258.0,266.0,292.0,298.0,312.0,335.0,359.0,372.0,396.0,414.0,461.0,497.0,542.0,559.0,610.0,615.0,627.0,639.0,661.0,668.0,668.0,702.0,724.0,747.0,779.0,820.0,844.0,897.0,929.0,953.0,957.0,960.0,983.0,984.0,990.0,1000.0,
23.0,57.0,92.0,178.0,188.0,198.0,224.0,227.0,253.0,360.0,376.0,412.0,416.0,439.0,455.0,462.0,467.0,484.0,494.0,504.0,506.0,514.0,575.0,618.0,619.0,636.0,646.0,654.0,673.0,732.0,752.0,772.0,804.0,818.0,843.0,919.0,921.0,954.0,956.0,962.0,962.0,990.0,
54.0,66.0,117.0,175.0,186.0,187.0,197.0,263.0,285.0,297.0,350.0,365.0,398.0,436.0,455.0,493.0,
19.0,35.0,111.0,177.0,187.0,223.0,314.0,316.0,453.0,462.0,474.0,491.0,791.0,982.0,
106.0,162.0,167.0,209.0,219.0,231.0,303.0,352.0,494.0,499.0,782.0,788.0,836.0,909.0,
52.0,112.0,122.0,145.0,146.0,147.0,149.0,235.0,282.0,308.0,311.0,392.0,402.0,498.0,
22.0,44.0,89.0,98.0,118.0,118.0,212.0,238.0,328.0,340.0,386.0,486.0,488.0,
11.0,12.0,15.0,66.0,70.0,99.0,102.0,104.0,131.0,134.0,155.0,216.0,232.0,259.0,282.0,296.0,336.0,430.0,436.0,472.0,519.0,543.0,610.0,751.0,761.0,772.0,774.0,792.0,801.0,808.0,809.0,845.0,918.0,986.0,991.0,999.0,
14.0,33.0,68.0,123.0,161.0,183.0,234.0,289.0,320.0,323.0,340.0,350.0,384.0,528.0,603.0,606.0,610.0,614.0,636.0,636.0,640.0,656.0,665.0,710.0,718.0,725.0,739.0,811.0,910.0,915.0,972.0,975.0,
32.0,38.0,59.0,79.0,123.0,137.0,150.0,171.0,184.0,193.0,204.0,215.0,233.0,236.0,304.0,321.0,322.0,330.0,373.0,389.0,395.0,399.0,424.0,428.0,445.0,453.0,490.0,521.0,556.0,587.0,596.0,602.0,630.0,630.0,646.0,652.0,656.0,657.0,662.0,667.0,704.0,727.0,805.0,815.0,913.0,916.0,934.0,947.0,954.0,967.0,987.0,992.0,
18.0,55.0,100.0,190.0,210.0,277.0,279.0,319.0,326.0,332.0,372.0,449.0,513.0,532.0,559.0,573.0,584.0,633.0,641.0,647.0,659.0,698.0,710.0,717.0,734.0,739.0,757.0,765.0,786.0,838.0,867.0,888.0,904.0,926.0,946.0,952.0,976.0,994.0,
22.0,43.0,43.0,60.0,83.0,88.0,108.0,123.0,161.0,200.0,202.0,203.0,221.0,251.0,274.0,286.0,301.0,322.0,373.0,378.0,380.0,390.0,405.0,411.0,449.0,458.0,494.0,589.0,606.0,607.0,638.0,672.0,673.0,679.0,699.0,702.0,736.0,742.0,759.0,775.0,790.0,812.0,821.0,838.0,878.0,892.0,925.0,951.0,953.0,964.0,975.0,
13.0,29.0,52.0,102.0,123.0,142.0,171.0,176.0,177.0,187.0,190.0,256.0,311.0,315.0,341.0,352.0,418.0,471.0,481.0,
18.0,22.0,33.0,82.0,120.0,193.0,200.0,406.0,412.0,449.0,486.0,
58.0,65.0,84.0,99.0,134.0,165.0,194.0,248.0,258.0,297.0,316.0,324.0,354.0,367.0,387.0,421.0,425.0,429.0,448.0,449.0,467.0,472.0,504.0,908.0,970.0,
75.0,89.0,92.0,104.0,105.0,129.0,132.0,192.0,262.0,275.0,289.0,306.0,308.0,334.0,410.0,410.0,422.0,462.0,987.0,
22.0,43.0,93.0,103.0,160.0,194.0,196.0,208.0,208.0,237.0,241.0,300.0,428.0,435.0,
2.0,9.0,10.0,28.0,33.0,51.0,66.0,78.0,108.0,109.0,127.0,141.0,165.0,181.0,195.0,256.0,336.0,574.0,601.0,616.0,633.0,638.0,695.0,724.0,738.0,762.0,848.0,864.0,889.0,902.0,913.0,934.0,950.0,951.0,960.0,984.0,
65.0,92.0,123.0,128.0,142.0,187.0,205.0,215.0,261.0,273.0,289.0,350.0,357.0,436.0,442.0,515.0,524.0,553.0,573.0,614.0,650.0,662.0,682.0,687.0,694.0,712.0,716.0,717.0,759.0,766.0,769.0,879.0,893.0,899.0,921.0,947.0,972.0,979.0,982.0,986.0,
21.0,26.0,77.0,87.0,131.0,198.0,243.0,247.0,273.0,293.0,334.0,344.0,365.0,388.0,417.0,434.0,456.0,487.0,514.0,544.0,550.0,582.0,590.0,646.0,654.0,658.0,717.0,719.0,735.0,764.0,839.0,873.0,882.0,888.0,909.0,920.0,940.0,955.0,972.0,982.0,
3.0,4.0,36.0,72.0,119.0,127.0,164.0,245.0,253.0,259.0,286.0,294.0,303.0,309.0,327.0,413.0,422.0,447.0,505.0,514.0,521.0,551.0,596.0,647.0,654.0,756.0,825.0,832.0,893.0,907.0,958.0,966.0,977.0,
32.0,81.0,90.0,101.0,117.0,165.0,236.0,357.0,404.0,424.0,435.0,443.0,450.0,453.0,474.0,486.0,491.0,491.0,526.0,549.0,590.0,645.0,653.0,715.0,731.0,731.0,739.0,743.0,788.0,793.0,847.0,902.0,911.0,911.0,955.0,960.0,968.0,976.0,981.0,
23.0,112.0,134.0,236.0,285.0,317.0,329.0,331.0,390.0,488.0,503.0,586.0,605.0,641.0,653.0,666.0,696.0,707.0,713.0,741.0,746.0,838.0,877.0,884.0,894.0,949.0,949.0,993.0,998.0,
18.0,34.0,43.0,57.0,71.0,209.0,226.0,301.0,302.0,317.0,320.0,387.0,400.0,418.0,422.0,447.0,473.0,491.0,492.0,
15.0,68.0,73.0,132.0,140.0,141.0,169.0,189.0,200.0,211.0,238.0,264.0,292.0,309.0,350.0,366.0,405.0,478.0,
34.0,74.0,167.0,225.0,306.0,363.0,377.0,398.0,415.0,479.0,918.0,
46.0,48.0,67.0,77.0,90.0,143.0,217.0,228.0,254.0,269.0,270.0,287.0,302.0,322.0,334.0,334.0,340.0,366.0,368.0,372.0,378.0,470.0,686.0,742.0,798.0,803.0,834.0,859.0,860.0,873.0,875.0,910.0,
36.0,36.0,60.0,62.0,202.0,264.0,302.0,321.0,322.0,330.0,357.0,364.0,373.0,417.0,428.0,490.0,503.0,507.0,520.0,527.0,573.0,640.0,648.0,650.0,653.0,655.0,689.0,764.0,810.0,821.0,889.0,892.0,948.0,966.0,982.0,994.0,
17.0,35.0,39.0,46.0,73.0,86.0,96.0,126.0,196.0,201.0,237.0,253.0,255.0,258.0,280.0,295.0,307.0,336.0,342.0,348.0,353.0,366.0,437.0,441.0,451.0,458.0,460.0,484.0,522.0,534.0,540.0,554.0,560.0,567.0,575.0,577.0,618.0,656.0,754.0,755.0,806.0,807.0,835.0,840.0,871.0,872.0,886.0,887.0,939.0,957.0,974.0,986.0,989.0,
19.0,29.0,32.0,36.0,60.0,94.0,119.0,158.0,220.0,276.0,289.0,301.0,331.0,363.0,382.0,395.0,409.0,423.0,429.0,462.0,463.0,485.0,502.0,504.0,535.0,539.0,540.0,590.0,594.0,620.0,635.0,652.0,723.0,796.0,813.0,824.0,831.0,837.0,873.0,931.0,967.0,
43.0,115.0,118.0,173.0,181.0,208.0,227.0,232.0,240.0,264.0,266.0,298.0,306.0,341.0,395.0,396.0,410.0,476.0,484.0,514.0,545.0,601.0,613.0,643.0,735.0,781.0,790.0,792.0,797.0,801.0,823.0,848.0,849.0,859.0,882.0,898.0,918.0,965.0,993.0,
2.0,57.0,109.0,163.0,184.0,203.0,214.0,250.0,255.0,268.0,305.0,311.0,358.0,369.0,376.0,379.0,407.0,433.0,445.0,448.0,449.0,486.0,496.0,505.0,508.0,510.0,515.0,525.0,581.0,581.0,624.0,640.0,681.0,721.0,730.0,791.0,821.0,838.0,881.0,942.0,953.0,974.0,991.0,
50.0,83.0,99.0,104.0,106.0,151.0,156.0,195.0,256.0,265.0,320.0,342.0,374.0,380.0,382.0,398.0,447.0,484.0,540.0,561.0,562.0,565.0,605.0,612.0,631.0,649.0,671.0,726.0,776.0,837.0,840.0,851.0,862.0,984.0,990.0,
12.0,78.0,125.0,127.0,155.0,168.0,179.0,195.0,202.0,233.0,278.0,280.0,380.0,444.0,455.0,476.0,500.0,559.0,583.0,584.0,594.0,610.0,614.0,645.0,690.0,712.0,718.0,748.0,763.0,784.0,785.0,819.0,825.0,826.0,826.0,841.0,861.0,912.0,918.0,957.0,963.0,998.0,
10.0,20.0,53.0,80.0,115.0,138.0,143.0,216.0,218.0,287.0,326.0,469.0,506.0,616.0,634.0,695.0,696.0,696.0,716.0,744.0,752.0,776.0,778.0,779.0,779.0,811.0,901.0,917.0,917.0,931.0,944.0,955.0,989.0,999.0,
16.0,70.0,77.0,102.0,179.0,262.0,275.0,302.0,306.0,312.0,324.0,338.0,356.0,395.0,396.0,409.0,453.0,456.0,477.0,504.0,507.0,570.0,583.0,595.0,597.0,603.0,611.0,622.0,623.0,628.0,657.0,673.0,674.0,726.0,812.0,814.0,815.0,829.0,830.0,866.0,868.0,870.0,881.0,883.0,911.0,913.0,925.0,970.0,976.0,
2.0,48.0,140.0,216.0,252.0,266.0,295.0,301.0,467.0,485.0,522.0,530.0,563.0,570.0,587.0,614.0,634.0,640.0,645.0,650.0,650.0,664.0,721.0,727.0,731.0,738.0,753.0,791.0,797.0,801.0,827.0,836.0,842.0,846.0,849.0,879.0,889.0,917.0,932.0,934.0,959.0,964.0,
56.0,59.0,101.0,136.0,149.0,159.0,173.0,200.0,218.0,242.0,352.0,369.0,371.0,451.0,494.0,607.0,712.0,728.0,778.0,781.0,785.0,798.0,808.0,855.0,858.0,871.0,877.0,909.0,918.0,957.0,963.0,
112.0,120.0,139.0,141.0,148.0,181.0,236.0,273.0,308.0,317.0,347.0,398.0,404.0,460.0,502.0,529.0,536.0,537.0,573.0,575.0,576.0,577.0,617.0,628.0,630.0,652.0,722.0,735.0,744.0,772.0,775.0,777.0,860.0,920.0,925.0,937.0,952.0,956.0,969.0,978.0,
33.0,35.0,45.0,74.0,79.0,117.0,135.0,159.0,185.0,196.0,197.0,198.0,227.0,242.0,256.0,279.0,280.0,306.0,397.0,417.0,430.0,465.0,488.0,494.0,505.0,576.0,597.0,598.0,599.0,600.0,627.0,630.0,646.0,650.0,693.0,707.0,719.0,723.0,745.0,746.0,755.0,856.0,909.0,926.0,928.0,948.0,954.0,985.0,
12.0,28.0,46.0,94.0,153.0,203.0,240.0,241.0,256.0,265.0,301.0,318.0,327.0,409.0,481.0,542.0,600.0,609.0,624.0,645.0,675.0,709.0,752.0,833.0,855.0,911.0,950.0,952.0,
37.0,76.0,83.0,103.0,204.0,243.0,257.0,309.0,316.0,426.0,454.0,488.0,543.0,543.0,559.0,573.0,574.0,592.0,608.0,609.0,623.0,647.0,649.0,769.0,778.0,815.0,893.0,922.0,929.0,957.0,972.0,976.0,988.0,
6.0,29.0,30.0,51.0,125.0,186.0,193.0,194.0,258.0,312.0,331.0,339.0,359.0,367.0,373.0,439.0,445.0,474.0,576.0,582.0,589.0,590.0,607.0,640.0,649.0,679.0,704.0,744.0,786.0,798.0,819.0,833.0,881.0,908.0,909.0,919.0,921.0,935.0,948.0,
45.0,75.0,76.0,99.0,125.0,126.0,161.0,194.0,197.0,220.0,273.0,298.0,302.0,329.0,357.0,376.0,399.0,465.0,486.0,569.0,661.0,718.0,777.0,791.0,802.0,804.0,816.0,846.0,850.0,874.0,882.0,908.0,928.0,962.0,963.0,979.0,
16.0,19.0,20.0,31.0,102.0,127.0,140.0,196.0,202.0,220.0,272.0,303.0,309.0,317.0,324.0,344.0,344.0,344.0,375.0,428.0,436.0,578.0,582.0,590.0,606.0,667.0,668.0,670.0,687.0,694.0,764.0,774.0,796.0,846.0,914.0,938.0,972.0,979.0,
17.0,26.0,46.0,60.0,64.0,89.0,98.0,123.0,198.0,249.0,259.0,277.0,305.0,338.0,390.0,394.0,433.0,436.0,480.0,520.0,536.0,539.0,550.0,563.0,582.0,601.0,633.0,639.0,657.0,666.0,693.0,771.0,826.0,830.0,855.0,866.0,873.0,875.0,882.0,892.0,892.0,901.0,915.0,
24.0,31.0,80.0,93.0,124.0,276.0,306.0,310.0,376.0,432.0,509.0,591.0,613.0,709.0,719.0,724.0,737.0,743.0,840.0,928.0,933.0,948.0,968.0,994.0,
91.0,118.0,120.0,144.0,235.0,271.0,339.0,353.0,394.0,410.0,444.0,480.0,538.0,583.0,596.0,601.0,630.0,651.0,659.0,662.0,680.0,704.0,710.0,712.0,743.0,747.0,827.0,848.0,857.0,881.0,932.0,936.0,959.0,961.0,993.0,
6.0,42.0,109.0,285.0,314.0,333.0,341.0,348.0,383.0,390.0,425.0,504.0,572.0,591.0,634.0,701.0,713.0,745.0,777.0,867.0,901.0,905.0,934.0,974.0,997.0,
