11.0,60.0,116.0,156.0,156.0,185.0,191.0,214.0,245.0,246.0,340.0,352.0,390.0,406.0,469.0,474.0,474.0,482.0,531.0,576.0,578.0,582.0,589.0,616.0,702.0,724.0,731.0,742.0,784.0,784.0,801.0,818.0,903.0,913.0,943.0,944.0,
7.0,36.0,43.0,58.0,61.0,66.0,91.0,95.0,114.0,123.0,171.0,181.0,232.0,240.0,275.0,290.0,298.0,342.0,348.0,349.0,392.0,394.0,400.0,420.0,460.0,462.0,484.0,530.0,537.0,546.0,557.0,558.0,586.0,596.0,690.0,721.0,722.0,753.0,789.0,808.0,822.0,826.0,832.0,863.0,874.0,892.0,904.0,916.0,963.0,
24.0,25.0,27.0,92.0,184.0,293.0,318.0,372.0,413.0,438.0,476.0,487.0,496.0,523.0,527.0,572.0,593.0,622.0,667.0,688.0,717.0,734.0,757.0,760.0,781.0,797.0,867.0,908.0,910.0,920.0,932.0,933.0,934.0,938.0,
19.0,63.0,95.0,104.0,122.0,139.0,140.0,152.0,153.0,182.0,188.0,198.0,244.0,244.0,263.0,305.0,324.0,401.0,443.0,449.0,463.0,464.0,520.0,522.0,563.0,567.0,573.0,600.0,602.0,648.0,652.0,661.0,717.0,728.0,735.0,794.0,809.0,810.0,815.0,816.0,848.0,853.0,865.0,895.0,900.0,924.0,943.0,959.0,982.0,989.0,993.0,
77.0,81.0,101.0,124.0,133.0,150.0,150.0,156.0,169.0,170.0,183.0,187.0,196.0,217.0,250.0,277.0,291.0,302.0,302.0,304.0,308.0,366.0,407.0,433.0,433.0,445.0,468.0,478.0,489.0,539.0,561.0,594.0,741.0,764.0,803.0,806.0,813.0,822.0,838.0,895.0,918.0,973.0,
98.0,129.0,154.0,185.0,199.0,231.0,276.0,312.0,349.0,388.0,417.0,430.0,447.0,597.0,644.0,713.0,736.0,770.0,817.0,834.0,861.0,879.0,919.0,968.0,
2.0,40.0,48.0,56.0,84.0,93.0,115.0,132.0,139.0,256.0,281.0,424.0,456.0,485.0,597.0,653.0,670.0,689.0,701.0,771.0,799.0,802.0,820.0,830.0,859.0,926.0,931.0,948.0,972.0,981.0,999.0,
4.0,73.0,76.0,85.0,87.0,138.0,155.0,186.0,223.0,248.0,260.0,316.0,336.0,353.0,381.0,402.0,421.0,468.0,469.0,481.0,512.0,528.0,536.0,559.0,571.0,645.0,763.0,789.0,795.0,802.0,802.0,822.0,854.0,855.0,861.0,872.0,872.0,917.0,985.0,
34.0,103.0,133.0,191.0,298.0,334.0,351.0,379.0,393.0,405.0,432.0,461.0,478.0,483.0,502.0,516.0,534.0,587.0,594.0,608.0,609.0,616.0,623.0,630.0,656.0,686.0,715.0,723.0,736.0,745.0,776.0,820.0,821.0,830.0,871.0,873.0,927.0,933.0,933.0,935.0,981.0,
23.0,68.0,105.0,128.0,164.0,225.0,250.0,260.0,365.0,454.0,465.0,508.0,516.0,560.0,622.0,676.0,726.0,769.0,797.0,808.0,857.0,870.0,987.0,
6.0,12.0,15.0,76.0,89.0,153.0,190.0,204.0,219.0,246.0,252.0,258.0,280.0,281.0,294.0,317.0,328.0,380.0,445.0,460.0,482.0,546.0,597.0,655.0,665.0,676.0,687.0,709.0,778.0,800.0,807.0,818.0,819.0,820.0,878.0,926.0,931.0,968.0,975.0,983.0,983.0,
27.0,28.0,35.0,38.0,137.0,174.0,175.0,183.0,234.0,234.0,276.0,304.0,314.0,350.0,368.0,369.0,393.0,395.0,432.0,483.0,508.0,512.0,554.0,557.0,645.0,668.0,685.0,729.0,754.0,759.0,773.0,782.0,794.0,800.0,885.0,922.0,931.0,936.0,939.0,973.0,
8.0,39.0,119.0,156.0,157.0,169.0,251.0,254.0,271.0,312.0,318.0,326.0,326.0,370.0,377.0,386.0,402.0,408.0,408.0,432.0,451.0,484.0,498.0,534.0,540.0,581.0,592.0,621.0,628.0,636.0,694.0,737.0,776.0,786.0,790.0,830.0,860.0,874.0,905.0,947.0,969.0,
9.0,73.0,76.0,88.0,118.0,128.0,150.0,184.0,199.0,206.0,257.0,347.0,359.0,363.0,375.0,409.0,418.0,450.0,451.0,491.0,509.0,552.0,617.0,623.0,639.0,668.0,679.0,725.0,732.0,739.0,743.0,833.0,848.0,895.0,918.0,988.0,
44.0,48.0,84.0,84.0,116.0,204.0,214.0,256.0,268.0,290.0,358.0,362.0,407.0,420.0,430.0,496.0,517.0,524.0,572.0,574.0,627.0,634.0,671.0,674.0,694.0,698.0,770.0,779.0,873.0,937.0,946.0,965.0,984.0,
9.0,21.0,165.0,192.0,195.0,202.0,226.0,240.0,252.0,287.0,335.0,367.0,417.0,498.0,566.0,577.0,626.0,682.0,737.0,760.0,770.0,823.0,864.0,869.0,871.0,878.0,956.0,966.0,981.0,
25.0,90.0,106.0,109.0,111.0,134.0,154.0,157.0,157.0,182.0,244.0,252.0,262.0,269.0,269.0,321.0,361.0,362.0,365.0,378.0,438.0,456.0,470.0,498.0,600.0,615.0,657.0,687.0,690.0,692.0,696.0,707.0,709.0,752.0,828.0,850.0,875.0,879.0,884.0,892.0,898.0,908.0,
14.0,29.0,66.0,88.0,152.0,154.0,161.0,173.0,190.0,217.0,260.0,271.0,280.0,327.0,339.0,374.0,377.0,390.0,394.0,483.0,484.0,501.0,581.0,595.0,652.0,705.0,781.0,793.0,892.0,926.0,
8.0,18.0,40.0,42.0,53.0,75.0,161.0,173.0,176.0,180.0,185.0,237.0,244.0,245.0,311.0,367.0,422.0,499.0,557.0,589.0,598.0,605.0,609.0,613.0,625.0,680.0,680.0,703.0,720.0,740.0,761.0,797.0,804.0,832.0,862.0,916.0,927.0,970.0,
9.0,12.0,29.0,74.0,106.0,106.0,142.0,181.0,199.0,210.0,220.0,245.0,247.0,262.0,292.0,292.0,348.0,355.0,356.0,405.0,422.0,434.0,437.0,471.0,480.0,534.0,571.0,587.0,596.0,598.0,600.0,619.0,626.0,645.0,678.0,711.0,713.0,714.0,714.0,729.0,787.0,802.0,809.0,810.0,817.0,824.0,829.0,936.0,942.0,964.0,994.0,999.0,
65.0,86.0,136.0,228.0,413.0,421.0,431.0,434.0,484.0,532.0,544.0,553.0,555.0,580.0,597.0,618.0,706.0,716.0,728.0,869.0,884.0,890.0,950.0,961.0,972.0,997.0,
9.0,26.0,104.0,105.0,127.0,137.0,203.0,207.0,238.0,242.0,257.0,259.0,311.0,321.0,323.0,329.0,345.0,373.0,393.0,469.0,488.0,503.0,510.0,516.0,643.0,696.0,721.0,735.0,749.0,769.0,783.0,808.0,814.0,860.0,876.0,900.0,955.0,959.0,963.0,968.0,
28.0,81.0,95.0,148.0,151.0,159.0,185.0,206.0,243.0,377.0,454.0,507.0,515.0,546.0,583.0,623.0,670.0,680.0,697.0,706.0,775.0,814.0,828.0,831.0,844.0,858.0,943.0,953.0,964.0,968.0,979.0,
13.0,31.0,94.0,114.0,122.0,141.0,170.0,188.0,191.0,290.0,378.0,429.0,457.0,466.0,477.0,482.0,504.0,517.0,523.0,525.0,536.0,544.0,552.0,553.0,565.0,587.0,593.0,617.0,672.0,684.0,706.0,721.0,796.0,806.0,841.0,842.0,883.0,950.0,951.0,983.0,
6.0,22.0,26.0,71.0,100.0,183.0,213.0,222.0,253.0,276.0,350.0,379.0,386.0,439.0,443.0,472.0,560.0,577.0,588.0,621.0,676.0,689.0,750.0,824.0,836.0,867.0,916.0,917.0,974.0,995.0,
47.0,72.0,217.0,236.0,284.0,291.0,338.0,346.0,359.0,369.0,391.0,400.0,414.0,426.0,428.0,433.0,454.0,473.0,483.0,494.0,623.0,636.0,649.0,721.0,733.0,763.0,768.0,835.0,857.0,885.0,923.0,
17.0,32.0,44.0,80.0,89.0,167.0,212.0,248.0,259.0,344.0,384.0,410.0,418.0,421.0,439.0,478.0,482.0,495.0,499.0,507.0,518.0,575.0,583.0,602.0,611.0,632.0,718.0,754.0,777.0,795.0,812.0,851.0,856.0,961.0,994.0,999.0,
2.0,28.0,44.0,55.0,73.0,87.0,134.0,179.0,234.0,256.0,283.0,284.0,295.0,340.0,407.0,418.0,428.0,461.0,532.0,538.0,545.0,671.0,691.0,692.0,704.0,764.0,781.0,810.0,833.0,915.0,938.0,953.0,
32.0,57.0,71.0,122.0,197.0,223.0,255.0,267.0,278.0,280.0,306.0,340.0,348.0,397.0,445.0,511.0,532.0,567.0,583.0,624.0,698.0,699.0,710.0,738.0,776.0,821.0,864.0,875.0,896.0,910.0,943.0,964.0,965.0,985.0,
43.0,75.0,177.0,257.0,291.0,294.0,307.0,315.0,334.0,380.0,381.0,383.0,443.0,484.0,518.0,552.0,554.0,576.0,581.0,582.0,620.0,651.0,696.0,715.0,756.0,785.0,799.0,813.0,865.0,895.0,943.0,946.0,
3.0,31.0,109.0,117.0,118.0,126.0,129.0,155.0,158.0,197.0,217.0,231.0,247.0,288.0,316.0,329.0,402.0,412.0,438.0,455.0,470.0,473.0,510.0,515.0,552.0,553.0,597.0,600.0,614.0,660.0,707.0,713.0,746.0,810.0,831.0,845.0,856.0,864.0,890.0,901.0,935.0,952.0,956.0,959.0,969.0,
35.0,36.0,123.0,142.0,158.0,165.0,258.0,263.0,291.0,304.0,318.0,357.0,415.0,428.0,434.0,509.0,558.0,567.0,576.0,582.0,594.0,601.0,611.0,622.0,681.0,690.0,702.0,717.0,765.0,765.0,778.0,786.0,818.0,845.0,873.0,878.0,899.0,950.0,951.0,971.0,987.0,
36.0,42.0,64.0,82.0,87.0,101.0,130.0,149.0,163.0,169.0,224.0,246.0,285.0,316.0,374.0,376.0,380.0,420.0,423.0,521.0,532.0,537.0,568.0,614.0,615.0,654.0,659.0,661.0,666.0,691.0,699.0,766.0,770.0,785.0,845.0,900.0,962.0,962.0,
47.0,51.0,61.0,69.0,103.0,104.0,105.0,163.0,224.0,232.0,243.0,265.0,267.0,311.0,321.0,332.0,358.0,388.0,391.0,419.0,477.0,482.0,532.0,534.0,536.0,552.0,582.0,596.0,596.0,617.0,636.0,641.0,764.0,764.0,766.0,767.0,781.0,783.0,837.0,876.0,898.0,920.0,937.0,988.0,
4.0,52.0,93.0,215.0,250.0,252.0,287.0,312.0,328.0,328.0,347.0,352.0,354.0,393.0,540.0,581.0,602.0,615.0,629.0,661.0,663.0,670.0,701.0,706.0,710.0,718.0,729.0,751.0,783.0,797.0,875.0,906.0,913.0,921.0,969.0,982.0,984.0,999.0,
72.0,107.0,179.0,254.0,270.0,295.0,313.0,329.0,349.0,352.0,358.0,379.0,407.0,415.0,437.0,448.0,454.0,481.0,485.0,496.0,511.0,516.0,522.0,552.0,558.0,569.0,571.0,573.0,612.0,674.0,688.0,762.0,770.0,809.0,809.0,810.0,837.0,869.0,897.0,954.0,955.0,
8.0,11.0,11.0,46.0,61.0,80.0,92.0,110.0,123.0,215.0,242.0,250.0,271.0,286.0,299.0,380.0,382.0,387.0,387.0,403.0,441.0,526.0,545.0,555.0,592.0,620.0,646.0,670.0,706.0,777.0,799.0,822.0,842.0,850.0,865.0,888.0,903.0,970.0,994.0,
29.0,66.0,162.0,200.0,243.0,248.0,252.0,254.0,320.0,325.0,327.0,340.0,365.0,365.0,369.0,379.0,387.0,410.0,471.0,489.0,492.0,495.0,495.0,555.0,575.0,634.0,645.0,656.0,665.0,670.0,695.0,700.0,721.0,738.0,758.0,767.0,768.0,800.0,841.0,859.0,891.0,914.0,916.0,920.0,943.0,960.0,989.0,
4.0,7.0,15.0,39.0,80.0,89.0,102.0,105.0,112.0,126.0,127.0,177.0,239.0,243.0,281.0,315.0,354.0,472.0,482.0,505.0,516.0,572.0,672.0,724.0,743.0,745.0,755.0,816.0,868.0,907.0,959.0,959.0,971.0,998.0,
27.0,39.0,55.0,72.0,81.0,126.0,128.0,152.0,162.0,170.0,171.0,198.0,212.0,222.0,236.0,239.0,250.0,274.0,292.0,294.0,354.0,357.0,376.0,406.0,412.0,437.0,464.0,521.0,538.0,546.0,547.0,585.0,680.0,695.0,699.0,716.0,763.0,767.0,785.0,797.0,827.0,859.0,918.0,922.0,924.0,991.0,
5.0,13.0,47.0,141.0,240.0,263.0,299.0,326.0,348.0,366.0,387.0,387.0,399.0,416.0,423.0,469.0,566.0,581.0,588.0,598.0,599.0,622.0,631.0,672.0,726.0,738.0,749.0,766.0,790.0,794.0,798.0,842.0,845.0,863.0,896.0,921.0,934.0,967.0,975.0,991.0,
14.0,46.0,63.0,89.0,96.0,124.0,277.0,328.0,349.0,376.0,391.0,400.0,478.0,500.0,512.0,538.0,542.0,581.0,586.0,600.0,618.0,647.0,659.0,668.0,691.0,744.0,786.0,809.0,813.0,831.0,841.0,872.0,873.0,901.0,908.0,944.0,
55.0,81.0,92.0,92.0,98.0,133.0,152.0,177.0,180.0,232.0,247.0,262.0,285.0,310.0,349.0,350.0,363.0,367.0,372.0,402.0,411.0,479.0,549.0,596.0,608.0,613.0,666.0,712.0,776.0,887.0,944.0,946.0,
9.0,37.0,50.0,63.0,70.0,110.0,177.0,201.0,211.0,261.0,301.0,304.0,316.0,316.0,341.0,435.0,457.0,521.0,524.0,529.0,542.0,575.0,647.0,683.0,742.0,768.0,800.0,811.0,814.0,822.0,845.0,850.0,878.0,880.0,944.0,975.0,
19.0,66.0,78.0,83.0,99.0,127.0,134.0,179.0,253.0,293.0,390.0,467.0,500.0,526.0,532.0,598.0,652.0,676.0,726.0,815.0,871.0,875.0,948.0,967.0,993.0,995.0,
34.0,42.0,60.0,104.0,167.0,216.0,255.0,296.0,297.0,306.0,312.0,324.0,339.0,425.0,475.0,529.0,532.0,533.0,560.0,644.0,670.0,703.0,740.0,751.0,753.0,755.0,759.0,759.0,762.0,794.0,797.0,817.0,901.0,955.0,978.0,983.0,991.0,
7.0,12.0,71.0,84.0,127.0,153.0,154.0,268.0,303.0,320.0,367.0,397.0,466.0,546.0,549.0,552.0,585.0,684.0,687.0,753.0,771.0,774.0,826.0,938.0,980.0,983.0,
3.0,15.0,20.0,39.0,45.0,94.0,96.0,125.0,160.0,165.0,189.0,189.0,233.0,239.0,265.0,333.0,333.0,378.0,463.0,468.0,491.0,527.0,532.0,533.0,579.0,598.0,626.0,640.0,690.0,729.0,735.0,798.0,829.0,850.0,855.0,863.0,885.0,959.0,964.0,981.0,987.0,
16.0,76.0,77.0,187.0,207.0,266.0,314.0,329.0,444.0,449.0,455.0,472.0,500.0,516.0,547.0,563.0,575.0,643.0,651.0,678.0,680.0,722.0,800.0,804.0,829.0,830.0,873.0,908.0,987.0,995.0,
62.0,64.0,68.0,71.0,111.0,114.0,133.0,221.0,241.0,245.0,258.0,316.0,324.0,371.0,379.0,381.0,400.0,414.0,416.0,439.0,474.0,499.0,502.0,669.0,670.0,673.0,718.0,723.0,732.0,750.0,851.0,853.0,861.0,911.0,959.0,
40.0,105.0,106.0,126.0,155.0,207.0,312.0,325.0,336.0,359.0,381.0,436.0,458.0,490.0,504.0,512.0,538.0,558.0,578.0,624.0,656.0,694.0,695.0,705.0,758.0,786.0,796.0,860.0,929.0,974.0,979.0,983.0,
52.0,54.0,60.0,63.0,84.0,141.0,223.0,249.0,308.0,313.0,315.0,392.0,434.0,436.0,437.0,478.0,495.0,510.0,531.0,555.0,585.0,587.0,594.0,681.0,689.0,746.0,770.0,836.0,837.0,877.0,889.0,901.0,917.0,922.0,926.0,938.0,947.0,998.0,
26.0,28.0,33.0,61.0,72.0,95.0,130.0,151.0,173.0,227.0,229.0,234.0,242.0,258.0,267.0,298.0,315.0,334.0,375.0,403.0,456.0,458.0,469.0,480.0,529.0,622.0,642.0,665.0,695.0,743.0,772.0,781.0,793.0,795.0,804.0,822.0,850.0,859.0,896.0,898.0,909.0,932.0,994.0,
5.0,5.0,118.0,128.0,191.0,197.0,198.0,227.0,275.0,315.0,342.0,361.0,381.0,436.0,442.0,451.0,455.0,480.0,481.0,491.0,495.0,548.0,573.0,627.0,633.0,683.0,722.0,727.0,778.0,787.0,793.0,803.0,804.0,823.0,874.0,898.0,957.0,971.0,
12.0,46.0,93.0,93.0,129.0,149.0,202.0,211.0,221.0,225.0,283.0,357.0,374.0,377.0,397.0,474.0,510.0,527.0,548.0,575.0,582.0,582.0,594.0,633.0,633.0,637.0,661.0,671.0,682.0,688.0,733.0,743.0,764.0,803.0,831.0,841.0,934.0,985.0,
66.0,77.0,118.0,145.0,163.0,187.0,272.0,273.0,313.0,329.0,335.0,364.0,410.0,411.0,431.0,465.0,495.0,513.0,630.0,637.0,639.0,684.0,687.0,692.0,724.0,736.0,850.0,939.0,993.0,995.0,1000.0,
9.0,11.0,18.0,28.0,65.0,66.0,84.0,101.0,170.0,171.0,184.0,209.0,261.0,276.0,303.0,323.0,375.0,395.0,412.0,447.0,451.0,459.0,507.0,513.0,530.0,544.0,574.0,598.0,641.0,698.0,708.0,723.0,767.0,786.0,818.0,841.0,850.0,871.0,874.0,924.0,956.0,964.0,981.0,990.0,
7.0,24.0,40.0,53.0,60.0,65.0,114.0,153.0,167.0,190.0,201.0,217.0,218.0,251.0,257.0,311.0,410.0,424.0,436.0,440.0,445.0,465.0,498.0,518.0,554.0,589.0,600.0,600.0,629.0,674.0,681.0,747.0,756.0,842.0,844.0,847.0,890.0,901.0,913.0,922.0,
4.0,30.0,49.0,60.0,60.0,67.0,81.0,91.0,191.0,223.0,248.0,253.0,255.0,264.0,270.0,305.0,309.0,320.0,322.0,373.0,380.0,384.0,385.0,393.0,397.0,421.0,474.0,494.0,511.0,543.0,566.0,572.0,597.0,606.0,620.0,657.0,701.0,702.0,768.0,794.0,798.0,803.0,826.0,840.0,879.0,894.0,902.0,921.0,954.0,963.0,981.0,
67.0,78.0,79.0,99.0,153.0,224.0,229.0,232.0,264.0,270.0,289.0,308.0,344.0,368.0,404.0,425.0,431.0,435.0,457.0,478.0,484.0,534.0,535.0,615.0,622.0,675.0,695.0,697.0,735.0,744.0,769.0,823.0,825.0,839.0,884.0,919.0,936.0,
24.0,37.0,71.0,102.0,119.0,124.0,160.0,231.0,292.0,303.0,376.0,391.0,422.0,426.0,476.0,560.0,577.0,585.0,681.0,684.0,731.0,777.0,798.0,798.0,820.0,829.0,836.0,867.0,870.0,920.0,955.0,959.0,
29.0,31.0,39.0,53.0,65.0,78.0,88.0,138.0,140.0,173.0,199.0,204.0,208.0,213.0,229.0,233.0,269.0,337.0,343.0,380.0,415.0,443.0,448.0,463.0,478.0,539.0,544.0,547.0,574.0,586.0,595.0,606.0,696.0,750.0,752.0,766.0,802.0,823.0,842.0,852.0,891.0,894.0,978.0,
46.0,81.0,96.0,157.0,182.0,210.0,223.0,246.0,273.0,413.0,429.0,504.0,543.0,556.0,604.0,649.0,716.0,729.0,767.0,786.0,804.0,808.0,836.0,843.0,850.0,855.0,898.0,909.0,935.0,967.0,970.0,977.0,1000.0,
135.0,144.0,176.0,262.0,291.0,297.0,313.0,315.0,369.0,377.0,387.0,427.0,455.0,469.0,521.0,541.0,567.0,644.0,656.0,672.0,708.0,709.0,724.0,727.0,736.0,751.0,792.0,805.0,817.0,839.0,911.0,932.0,942.0,943.0,948.0,954.0,959.0,963.0,974.0,979.0,
11.0,12.0,31.0,115.0,133.0,250.0,285.0,326.0,373.0,429.0,459.0,468.0,504.0,532.0,541.0,629.0,633.0,644.0,673.0,695.0,766.0,769.0,773.0,795.0,815.0,817.0,820.0,868.0,879.0,882.0,896.0,900.0,963.0,966.0,999.0,
17.0,84.0,96.0,116.0,173.0,178.0,215.0,224.0,239.0,305.0,307.0,365.0,392.0,393.0,468.0,485.0,494.0,501.0,507.0,512.0,531.0,539.0,562.0,576.0,580.0,612.0,757.0,759.0,766.0,774.0,845.0,855.0,875.0,881.0,904.0,954.0,
17.0,27.0,43.0,87.0,87.0,106.0,135.0,161.0,169.0,196.0,226.0,333.0,360.0,462.0,493.0,504.0,521.0,525.0,542.0,548.0,563.0,571.0,572.0,601.0,616.0,640.0,653.0,663.0,723.0,727.0,728.0,735.0,763.0,777.0,777.0,785.0,857.0,868.0,881.0,887.0,914.0,937.0,952.0,960.0,965.0,987.0,
2.0,28.0,33.0,84.0,94.0,107.0,177.0,240.0,253.0,302.0,305.0,308.0,320.0,335.0,354.0,364.0,409.0,417.0,455.0,469.0,509.0,536.0,572.0,609.0,610.0,662.0,676.0,703.0,781.0,796.0,801.0,826.0,844.0,853.0,858.0,876.0,910.0,956.0,975.0,978.0,995.0,
21.0,96.0,117.0,160.0,166.0,171.0,204.0,243.0,253.0,281.0,319.0,344.0,426.0,479.0,506.0,533.0,539.0,543.0,544.0,586.0,620.0,662.0,666.0,677.0,683.0,688.0,693.0,768.0,791.0,815.0,857.0,958.0,983.0,997.0,
3.0,41.0,69.0,82.0,92.0,116.0,130.0,132.0,193.0,311.0,330.0,346.0,349.0,389.0,391.0,513.0,514.0,516.0,558.0,566.0,670.0,689.0,757.0,758.0,767.0,782.0,799.0,816.0,864.0,873.0,887.0,903.0,918.0,925.0,931.0,948.0,
18.0,62.0,75.0,96.0,104.0,128.0,137.0,149.0,199.0,200.0,202.0,256.0,289.0,306.0,311.0,312.0,352.0,369.0,371.0,424.0,425.0,466.0,500.0,508.0,560.0,598.0,603.0,606.0,611.0,614.0,633.0,645.0,668.0,672.0,674.0,691.0,698.0,715.0,719.0,798.0,813.0,831.0,835.0,864.0,866.0,896.0,946.0,959.0,971.0,986.0,
82.0,106.0,123.0,128.0,205.0,231.0,239.0,398.0,437.0,443.0,445.0,456.0,485.0,493.0,506.0,554.0,571.0,586.0,594.0,602.0,612.0,670.0,722.0,781.0,813.0,814.0,817.0,895.0,960.0,963.0,988.0,
82.0,83.0,103.0,108.0,127.0,148.0,200.0,223.0,265.0,291.0,298.0,354.0,371.0,460.0,469.0,479.0,487.0,492.0,502.0,557.0,560.0,598.0,605.0,613.0,680.0,754.0,755.0,768.0,773.0,786.0,843.0,847.0,863.0,887.0,904.0,911.0,935.0,986.0,999.0,
5.0,33.0,34.0,113.0,131.0,172.0,180.0,183.0,216.0,352.0,378.0,394.0,394.0,403.0,419.0,437.0,462.0,499.0,520.0,524.0,528.0,577.0,588.0,606.0,638.0,681.0,711.0,727.0,734.0,742.0,748.0,755.0,772.0,793.0,797.0,801.0,805.0,840.0,872.0,894.0,912.0,934.0,
3.0,27.0,40.0,64.0,72.0,173.0,185.0,190.0,191.0,213.0,251.0,253.0,256.0,273.0,305.0,357.0,388.0,406.0,415.0,418.0,419.0,467.0,478.0,489.0,554.0,595.0,599.0,601.0,602.0,614.0,624.0,681.0,751.0,768.0,843.0,860.0,861.0,866.0,924.0,936.0,972.0,989.0,
3.0,25.0,75.0,110.0,149.0,175.0,190.0,200.0,222.0,278.0,284.0,307.0,349.0,362.0,410.0,426.0,444.0,455.0,465.0,482.0,486.0,524.0,633.0,702.0,719.0,753.0,788.0,791.0,821.0,832.0,833.0,839.0,843.0,898.0,931.0,934.0,947.0,956.0,958.0,990.0,
12.0,30.0,33.0,65.0,81.0,121.0,122.0,126.0,137.0,182.0,190.0,212.0,217.0,259.0,268.0,313.0,356.0,373.0,506.0,539.0,562.0,655.0,665.0,705.0,752.0,780.0,826.0,826.0,899.0,917.0,920.0,991.0,
8.0,14.0,40.0,76.0,103.0,107.0,137.0,138.0,141.0,165.0,180.0,203.0,210.0,211.0,218.0,240.0,319.0,320.0,384.0,384.0,420.0,430.0,456.0,492.0,499.0,516.0,631.0,640.0,644.0,684.0,714.0,731.0,765.0,797.0,831.0,892.0,914.0,971.0,
15.0,27.0,52.0,89.0,93.0,108.0,124.0,152.0,157.0,191.0,217.0,225.0,261.0,283.0,289.0,312.0,345.0,352.0,380.0,442.0,461.0,507.0,556.0,593.0,613.0,673.0,739.0,740.0,770.0,793.0,811.0,870.0,901.0,986.0,999.0,
164.0,182.0,184.0,278.0,279.0,321.0,372.0,384.0,404.0,479.0,524.0,590.0,622.0,777.0,826.0,844.0,886.0,920.0,930.0,932.0,954.0,984.0,998.0,
13.0,39.0,56.0,61.0,71.0,113.0,138.0,144.0,165.0,171.0,212.0,228.0,314.0,317.0,325.0,344.0,383.0,386.0,455.0,524.0,553.0,558.0,565.0,585.0,591.0,628.0,652.0,673.0,676.0,718.0,760.0,770.0,785.0,786.0,801.0,815.0,891.0,892.0,894.0,
4.0,10.0,68.0,78.0,152.0,152.0,171.0,292.0,295.0,320.0,361.0,369.0,470.0,498.0,504.0,506.0,513.0,533.0,636.0,655.0,671.0,685.0,693.0,705.0,713.0,770.0,791.0,818.0,819.0,833.0,856.0,875.0,953.0,958.0,983.0,
76.0,90.0,90.0,172.0,217.0,280.0,318.0,336.0,352.0,359.0,363.0,385.0,433.0,481.0,497.0,523.0,646.0,652.0,666.0,667.0,674.0,694.0,725.0,726.0,737.0,756.0,783.0,811.0,855.0,939.0,942.0,964.0,966.0,991.0,
15.0,29.0,57.0,77.0,109.0,113.0,138.0,143.0,144.0,177.0,199.0,259.0,289.0,304.0,386.0,479.0,528.0,549.0,555.0,560.0,564.0,579.0,605.0,623.0,650.0,730.0,769.0,772.0,782.0,790.0,836.0,840.0,877.0,880.0,924.0,931.0,970.0,981.0,
6.0,8.0,9.0,60.0,62.0,96.0,142.0,188.0,194.0,219.0,221.0,239.0,243.0,250.0,294.0,295.0,326.0,369.0,406.0,445.0,445.0,482.0,503.0,511.0,530.0,538.0,578.0,610.0,621.0,632.0,653.0,709.0,717.0,752.0,790.0,797.0,841.0,880.0,893.0,897.0,921.0,936.0,939.0,966.0,
13.0,33.0,94.0,123.0,133.0,135.0,159.0,192.0,223.0,243.0,256.0,289.0,335.0,428.0,480.0,511.0,513.0,542.0,551.0,571.0,604.0,628.0,713.0,719.0,741.0,741.0,748.0,797.0,802.0,815.0,819.0,836.0,838.0,924.0,933.0,950.0,968.0,975.0,
19.0,73.0,73.0,104.0,142.0,261.0,310.0,315.0,331.0,358.0,395.0,403.0,451.0,548.0,569.0,580.0,589.0,616.0,629.0,652.0,747.0,756.0,773.0,789.0,791.0,797.0,799.0,803.0,829.0,858.0,866.0,867.0,883.0,902.0,927.0,941.0,968.0,992.0,
22.0,26.0,32.0,133.0,133.0,185.0,187.0,286.0,295.0,336.0,346.0,362.0,365.0,382.0,428.0,435.0,438.0,454.0,455.0,488.0,519.0,525.0,593.0,601.0,617.0,660.0,676.0,680.0,732.0,740.0,775.0,831.0,900.0,926.0,940.0,949.0,
11.0,43.0,64.0,66.0,68.0,81.0,100.0,132.0,277.0,299.0,320.0,369.0,418.0,559.0,568.0,618.0,648.0,722.0,741.0,741.0,753.0,845.0,887.0,914.0,916.0,921.0,931.0,961.0,963.0,974.0,980.0,983.0,
46.0,73.0,104.0,124.0,184.0,210.0,235.0,251.0,254.0,375.0,407.0,413.0,416.0,426.0,459.0,463.0,477.0,504.0,507.0,510.0,538.0,544.0,578.0,798.0,908.0,
14.0,145.0,155.0,176.0,197.0,210.0,243.0,260.0,295.0,387.0,400.0,445.0,453.0,493.0,558.0,578.0,619.0,655.0,656.0,685.0,712.0,808.0,829.0,845.0,863.0,880.0,924.0,937.0,960.0,973.0,981.0,989.0,991.0,
141.0,146.0,149.0,156.0,183.0,201.0,260.0,309.0,319.0,394.0,455.0,459.0,462.0,477.0,492.0,551.0,556.0,581.0,618.0,635.0,678.0,727.0,738.0,760.0,766.0,767.0,775.0,807.0,841.0,866.0,878.0,880.0,881.0,912.0,964.0,
14.0,58.0,90.0,131.0,155.0,162.0,176.0,176.0,209.0,211.0,237.0,242.0,252.0,293.0,303.0,305.0,315.0,372.0,373.0,378.0,394.0,412.0,448.0,463.0,471.0,486.0,513.0,532.0,557.0,562.0,605.0,655.0,676.0,687.0,707.0,725.0,726.0,739.0,744.0,744.0,755.0,759.0,770.0,836.0,878.0,882.0,892.0,930.0,972.0,973.0,984.0,985.0,991.0,995.0,
6.0,10.0,56.0,281.0,329.0,335.0,338.0,358.0,407.0,434.0,437.0,447.0,449.0,469.0,507.0,535.0,572.0,613.0,629.0,643.0,654.0,711.0,737.0,746.0,798.0,802.0,872.0,900.0,911.0,911.0,934.0,935.0,947.0,974.0,
26.0,31.0,82.0,125.0,158.0,174.0,190.0,206.0,215.0,239.0,327.0,384.0,385.0,428.0,438.0,439.0,464.0,513.0,548.0,554.0,557.0,568.0,629.0,636.0,679.0,703.0,735.0,812.0,835.0,902.0,941.0,944.0,975.0,
12.0,18.0,31.0,43.0,137.0,208.0,243.0,255.0,263.0,266.0,314.0,440.0,472.0,494.0,545.0,596.0,643.0,648.0,663.0,677.0,693.0,714.0,729.0,763.0,829.0,836.0,841.0,886.0,894.0,920.0,940.0,949.0,984.0,998.0,
117.0,130.0,186.0,194.0,279.0,347.0,357.0,374.0,391.0,392.0,406.0,448.0,453.0,471.0,517.0,561.0,601.0,663.0,663.0,677.0,701.0,715.0,750.0,754.0,758.0,780.0,784.0,864.0,896.0,908.0,941.0,944.0,951.0,
16.0,49.0,51.0,124.0,128.0,235.0,242.0,260.0,330.0,338.0,351.0,358.0,373.0,377.0,378.0,380.0,402.0,438.0,496.0,497.0,535.0,554.0,586.0,635.0,732.0,740.0,744.0,748.0,762.0,764.0,794.0,812.0,833.0,853.0,891.0,892.0,893.0,905.0,914.0,956.0,970.0,979.0,998.0,
39.0,66.0,78.0,142.0,144.0,144.0,175.0,184.0,246.0,275.0,326.0,330.0,332.0,359.0,469.0,534.0,603.0,606.0,609.0,618.0,621.0,623.0,630.0,631.0,757.0,758.0,763.0,768.0,782.0,782.0,791.0,797.0,832.0,894.0,918.0,928.0,954.0,1000.0,
51.0,129.0,142.0,142.0,150.0,173.0,256.0,263.0,314.0,316.0,357.0,384.0,401.0,420.0,432.0,452.0,458.0,465.0,559.0,585.0,613.0,620.0,657.0,667.0,676.0,680.0,694.0,705.0,714.0,784.0,791.0,812.0,820.0,845.0,849.0,862.0,921.0,953.0,983.0,989.0,999.0,
