41.0,78.0,82.0,89.0,89.0,223.0,226.0,253.0,256.0,296.0,363.0,366.0,399.0,400.0,416.0,418.0,431.0,434.0,447.0,458.0,461.0,559.0,568.0,594.0,610.0,620.0,637.0,738.0,754.0,758.0,765.0,778.0,830.0,831.0,918.0,941.0,982.0,
24.0,25.0,45.0,60.0,62.0,66.0,141.0,144.0,165.0,217.0,232.0,319.0,340.0,346.0,357.0,379.0,379.0,424.0,426.0,444.0,449.0,483.0,530.0,545.0,548.0,556.0,578.0,622.0,655.0,708.0,710.0,751.0,772.0,780.0,790.0,790.0,899.0,922.0,958.0,967.0,973.0,998.0,
5.0,19.0,27.0,46.0,59.0,73.0,83.0,84.0,86.0,88.0,152.0,212.0,235.0,245.0,250.0,279.0,299.0,304.0,385.0,408.0,508.0,513.0,525.0,579.0,638.0,705.0,713.0,720.0,722.0,725.0,728.0,731.0,774.0,775.0,803.0,888.0,901.0,908.0,917.0,939.0,957.0,969.0,978.0,
4.0,39.0,52.0,103.0,121.0,152.0,176.0,270.0,345.0,347.0,385.0,436.0,446.0,465.0,488.0,510.0,514.0,517.0,548.0,572.0,611.0,628.0,697.0,730.0,744.0,779.0,822.0,924.0,934.0,950.0,955.0,957.0,970.0,987.0,
66.0,69.0,90.0,105.0,107.0,116.0,124.0,130.0,131.0,179.0,223.0,403.0,455.0,478.0,537.0,548.0,574.0,616.0,623.0,656.0,678.0,733.0,742.0,833.0,838.0,844.0,925.0,956.0,963.0,980.0,
13.0,35.0,61.0,83.0,102.0,132.0,132.0,133.0,203.0,230.0,245.0,274.0,310.0,320.0,342.0,348.0,366.0,372.0,424.0,491.0,553.0,599.0,631.0,666.0,723.0,730.0,769.0,773.0,823.0,825.0,852.0,910.0,937.0,976.0,999.0,
27.0,33.0,36.0,95.0,134.0,134.0,140.0,180.0,187.0,193.0,234.0,249.0,280.0,298.0,316.0,352.0,386.0,388.0,412.0,414.0,446.0,499.0,530.0,535.0,546.0,557.0,617.0,633.0,668.0,700.0,759.0,810.0,829.0,834.0,841.0,866.0,912.0,927.0,932.0,955.0,975.0,997.0,
99.0,242.0,269.0,294.0,302.0,384.0,389.0,401.0,407.0,427.0,466.0,481.0,495.0,540.0,544.0,554.0,566.0,604.0,657.0,666.0,704.0,707.0,743.0,746.0,776.0,808.0,825.0,841.0,851.0,872.0,874.0,919.0,942.0,957.0,975.0,
33.0,76.0,107.0,131.0,149.0,169.0,192.0,219.0,248.0,252.0,266.0,304.0,309.0,329.0,370.0,376.0,377.0,443.0,536.0,596.0,646.0,713.0,715.0,730.0,757.0,772.0,866.0,925.0,938.0,945.0,959.0,
20.0,50.0,103.0,127.0,140.0,169.0,222.0,235.0,261.0,278.0,282.0,289.0,291.0,312.0,321.0,363.0,385.0,428.0,436.0,552.0,624.0,645.0,653.0,721.0,763.0,806.0,812.0,835.0,866.0,899.0,924.0,944.0,992.0,
13.0,29.0,40.0,59.0,61.0,133.0,155.0,214.0,254.0,260.0,269.0,322.0,327.0,335.0,356.0,392.0,406.0,415.0,434.0,434.0,455.0,475.0,498.0,509.0,514.0,551.0,558.0,560.0,581.0,596.0,616.0,702.0,729.0,758.0,780.0,780.0,798.0,827.0,853.0,913.0,930.0,936.0,990.0,
29.0,54.0,60.0,102.0,133.0,145.0,209.0,237.0,285.0,321.0,394.0,408.0,423.0,437.0,438.0,473.0,492.0,528.0,532.0,535.0,551.0,558.0,578.0,604.0,629.0,655.0,664.0,675.0,683.0,757.0,802.0,912.0,936.0,971.0,976.0,978.0,
20.0,98.0,155.0,179.0,214.0,357.0,358.0,359.0,412.0,466.0,473.0,477.0,480.0,517.0,522.0,532.0,533.0,553.0,574.0,609.0,631.0,642.0,651.0,680.0,681.0,732.0,760.0,794.0,804.0,830.0,832.0,844.0,871.0,910.0,931.0,946.0,948.0,997.0,
6.0,19.0,84.0,87.0,107.0,118.0,128.0,169.0,239.0,266.0,275.0,304.0,324.0,361.0,391.0,393.0,442.0,447.0,462.0,486.0,489.0,525.0,536.0,540.0,611.0,630.0,644.0,675.0,750.0,770.0,776.0,777.0,822.0,896.0,922.0,956.0,957.0,
33.0,40.0,61.0,89.0,116.0,216.0,216.0,266.0,280.0,303.0,322.0,333.0,342.0,370.0,451.0,471.0,552.0,583.0,594.0,613.0,669.0,800.0,824.0,836.0,848.0,891.0,922.0,929.0,941.0,973.0,
19.0,45.0,59.0,81.0,135.0,165.0,179.0,197.0,222.0,254.0,266.0,293.0,314.0,326.0,384.0,432.0,454.0,501.0,559.0,596.0,616.0,635.0,678.0,689.0,696.0,714.0,715.0,732.0,740.0,754.0,790.0,872.0,885.0,913.0,917.0,976.0,994.0,
16.0,77.0,178.0,262.0,305.0,306.0,346.0,378.0,381.0,433.0,490.0,535.0,569.0,634.0,658.0,687.0,699.0,701.0,715.0,730.0,754.0,774.0,775.0,789.0,804.0,819.0,905.0,909.0,912.0,913.0,931.0,961.0,
6.0,44.0,50.0,60.0,71.0,107.0,167.0,178.0,267.0,273.0,317.0,334.0,353.0,390.0,437.0,455.0,513.0,530.0,531.0,531.0,576.0,615.0,624.0,652.0,675.0,704.0,709.0,711.0,712.0,767.0,793.0,808.0,868.0,942.0,967.0,
16.0,18.0,58.0,76.0,121.0,150.0,169.0,190.0,241.0,250.0,279.0,297.0,346.0,376.0,397.0,423.0,430.0,442.0,482.0,504.0,512.0,533.0,534.0,563.0,599.0,612.0,649.0,783.0,789.0,797.0,817.0,832.0,846.0,910.0,931.0,936.0,939.0,996.0,
6.0,12.0,24.0,29.0,34.0,45.0,98.0,105.0,180.0,199.0,205.0,239.0,260.0,271.0,302.0,362.0,378.0,402.0,405.0,422.0,427.0,482.0,561.0,589.0,599.0,649.0,669.0,734.0,782.0,803.0,843.0,901.0,921.0,961.0,992.0,
11.0,31.0,100.0,106.0,116.0,132.0,135.0,140.0,204.0,221.0,221.0,256.0,269.0,351.0,366.0,372.0,425.0,426.0,441.0,448.0,462.0,465.0,477.0,528.0,528.0,609.0,616.0,622.0,654.0,670.0,676.0,692.0,738.0,784.0,787.0,803.0,859.0,871.0,882.0,902.0,948.0,979.0,
7.0,19.0,25.0,29.0,34.0,35.0,69.0,70.0,76.0,94.0,100.0,104.0,121.0,131.0,184.0,254.0,286.0,298.0,308.0,345.0,355.0,356.0,418.0,454.0,476.0,503.0,513.0,583.0,647.0,676.0,681.0,683.0,687.0,709.0,747.0,756.0,771.0,807.0,904.0,922.0,931.0,935.0,955.0,
13.0,67.0,69.0,89.0,129.0,150.0,155.0,159.0,199.0,221.0,278.0,311.0,434.0,472.0,478.0,514.0,515.0,518.0,529.0,588.0,645.0,649.0,693.0,769.0,799.0,807.0,915.0,925.0,940.0,945.0,952.0,975.0,
11.0,89.0,106.0,175.0,184.0,307.0,313.0,327.0,387.0,396.0,414.0,445.0,457.0,469.0,475.0,498.0,498.0,502.0,526.0,548.0,567.0,568.0,571.0,585.0,645.0,652.0,713.0,743.0,761.0,797.0,814.0,827.0,889.0,891.0,905.0,934.0,944.0,951.0,956.0,977.0,989.0,
39.0,103.0,129.0,155.0,171.0,196.0,229.0,280.0,292.0,363.0,367.0,416.0,432.0,449.0,479.0,518.0,554.0,582.0,616.0,618.0,624.0,737.0,743.0,747.0,777.0,788.0,811.0,814.0,902.0,915.0,972.0,986.0,
39.0,41.0,98.0,123.0,151.0,157.0,216.0,220.0,241.0,253.0,281.0,302.0,348.0,357.0,359.0,362.0,378.0,408.0,465.0,521.0,535.0,618.0,639.0,645.0,681.0,693.0,705.0,725.0,764.0,813.0,827.0,829.0,839.0,848.0,884.0,940.0,954.0,973.0,
9.0,118.0,118.0,126.0,134.0,140.0,169.0,183.0,200.0,214.0,240.0,295.0,305.0,347.0,373.0,421.0,427.0,466.0,481.0,482.0,495.0,507.0,526.0,536.0,587.0,609.0,611.0,641.0,657.0,674.0,762.0,857.0,908.0,917.0,931.0,953.0,
30.0,59.0,97.0,106.0,130.0,168.0,193.0,207.0,211.0,225.0,247.0,299.0,335.0,400.0,409.0,415.0,444.0,460.0,492.0,493.0,537.0,543.0,551.0,583.0,617.0,624.0,626.0,631.0,640.0,649.0,726.0,739.0,740.0,758.0,759.0,788.0,788.0,812.0,826.0,833.0,865.0,912.0,933.0,
21.0,46.0,91.0,94.0,103.0,251.0,254.0,287.0,311.0,312.0,313.0,366.0,369.0,375.0,390.0,400.0,428.0,456.0,465.0,495.0,524.0,533.0,570.0,637.0,689.0,706.0,706.0,720.0,727.0,750.0,849.0,877.0,885.0,916.0,937.0,988.0,
120.0,146.0,162.0,185.0,195.0,198.0,215.0,238.0,259.0,266.0,302.0,351.0,358.0,365.0,387.0,508.0,509.0,521.0,523.0,588.0,591.0,591.0,651.0,652.0,671.0,741.0,761.0,769.0,779.0,836.0,860.0,865.0,887.0,919.0,919.0,946.0,981.0,1000.0,
39.0,47.0,59.0,74.0,91.0,116.0,142.0,152.0,159.0,217.0,233.0,320.0,336.0,343.0,344.0,376.0,393.0,421.0,426.0,437.0,457.0,470.0,599.0,647.0,674.0,681.0,685.0,693.0,731.0,759.0,762.0,776.0,786.0,804.0,814.0,881.0,898.0,964.0,981.0,
12.0,36.0,52.0,73.0,88.0,91.0,140.0,148.0,163.0,185.0,371.0,372.0,386.0,441.0,465.0,500.0,552.0,554.0,554.0,570.0,572.0,575.0,593.0,596.0,612.0,614.0,637.0,687.0,751.0,779.0,809.0,813.0,828.0,848.0,919.0,940.0,967.0,969.0,
16.0,16.0,28.0,74.0,94.0,126.0,197.0,206.0,245.0,285.0,310.0,332.0,360.0,370.0,405.0,417.0,419.0,425.0,492.0,498.0,558.0,651.0,653.0,720.0,725.0,758.0,758.0,763.0,782.0,784.0,785.0,791.0,794.0,812.0,815.0,837.0,839.0,879.0,905.0,952.0,957.0,963.0,
60.0,60.0,67.0,68.0,110.0,120.0,134.0,140.0,143.0,177.0,200.0,254.0,290.0,364.0,383.0,392.0,393.0,393.0,402.0,409.0,413.0,523.0,530.0,547.0,558.0,568.0,588.0,636.0,683.0,723.0,725.0,725.0,765.0,792.0,792.0,844.0,846.0,849.0,904.0,938.0,967.0,
4.0,32.0,33.0,41.0,41.0,71.0,89.0,105.0,117.0,118.0,171.0,185.0,203.0,245.0,266.0,275.0,301.0,308.0,334.0,347.0,354.0,383.0,435.0,460.0,461.0,569.0,570.0,579.0,582.0,585.0,589.0,591.0,680.0,692.0,701.0,703.0,713.0,785.0,809.0,813.0,858.0,865.0,878.0,938.0,957.0,
13.0,23.0,56.0,59.0,66.0,91.0,95.0,151.0,153.0,168.0,175.0,234.0,240.0,254.0,312.0,356.0,369.0,375.0,392.0,399.0,449.0,518.0,528.0,600.0,612.0,616.0,618.0,676.0,682.0,737.0,790.0,806.0,844.0,870.0,874.0,884.0,985.0,995.0,
122.0,143.0,144.0,150.0,189.0,229.0,231.0,248.0,250.0,259.0,262.0,281.0,295.0,340.0,349.0,421.0,423.0,433.0,444.0,451.0,496.0,498.0,501.0,513.0,523.0,567.0,577.0,616.0,631.0,634.0,702.0,727.0,810.0,818.0,831.0,839.0,857.0,868.0,895.0,966.0,
8.0,57.0,59.0,103.0,121.0,213.0,235.0,236.0,246.0,253.0,263.0,296.0,324.0,369.0,398.0,409.0,426.0,432.0,439.0,502.0,526.0,569.0,592.0,598.0,610.0,630.0,633.0,665.0,697.0,724.0,767.0,772.0,804.0,893.0,933.0,941.0,974.0,974.0,976.0,
14.0,17.0,50.0,60.0,94.0,114.0,119.0,155.0,211.0,267.0,282.0,282.0,289.0,299.0,301.0,309.0,379.0,379.0,406.0,497.0,512.0,559.0,609.0,629.0,654.0,688.0,696.0,722.0,764.0,785.0,792.0,880.0,895.0,
66.0,88.0,124.0,211.0,216.0,292.0,300.0,302.0,331.0,372.0,444.0,466.0,478.0,559.0,569.0,579.0,694.0,696.0,739.0,781.0,820.0,936.0,946.0,947.0,957.0,974.0,
16.0,40.0,45.0,72.0,123.0,151.0,194.0,218.0,223.0,232.0,270.0,294.0,339.0,391.0,397.0,411.0,520.0,575.0,609.0,609.0,620.0,638.0,662.0,683.0,730.0,730.0,779.0,804.0,824.0,832.0,858.0,873.0,910.0,933.0,974.0,
33.0,41.0,46.0,48.0,49.0,97.0,105.0,122.0,126.0,157.0,157.0,314.0,337.0,337.0,358.0,397.0,402.0,408.0,418.0,434.0,453.0,460.0,473.0,474.0,557.0,603.0,616.0,632.0,666.0,733.0,754.0,777.0,817.0,837.0,854.0,890.0,896.0,929.0,951.0,957.0,958.0,965.0,
16.0,68.0,88.0,93.0,101.0,120.0,171.0,180.0,224.0,250.0,291.0,293.0,311.0,322.0,351.0,377.0,482.0,485.0,525.0,542.0,549.0,563.0,606.0,661.0,701.0,746.0,850.0,851.0,860.0,971.0,975.0,
12.0,41.0,57.0,77.0,119.0,143.0,187.0,187.0,200.0,208.0,230.0,232.0,249.0,279.0,315.0,334.0,340.0,361.0,381.0,410.0,441.0,514.0,542.0,597.0,633.0,641.0,677.0,708.0,782.0,826.0,853.0,863.0,908.0,913.0,942.0,961.0,980.0,983.0,
46.0,63.0,71.0,106.0,189.0,198.0,199.0,205.0,244.0,286.0,309.0,394.0,405.0,410.0,414.0,438.0,489.0,493.0,532.0,562.0,567.0,576.0,639.0,646.0,713.0,753.0,755.0,770.0,819.0,840.0,860.0,870.0,883.0,934.0,940.0,978.0,983.0,
33.0,36.0,43.0,82.0,126.0,202.0,258.0,287.0,311.0,337.0,373.0,431.0,458.0,468.0,516.0,520.0,639.0,678.0,679.0,682.0,707.0,715.0,754.0,801.0,803.0,804.0,810.0,816.0,826.0,843.0,909.0,911.0,951.0,
44.0,44.0,51.0,62.0,94.0,99.0,111.0,113.0,122.0,189.0,193.0,215.0,247.0,271.0,321.0,352.0,360.0,430.0,474.0,536.0,605.0,654.0,671.0,700.0,715.0,756.0,760.0,794.0,811.0,845.0,878.0,881.0,902.0,974.0,991.0,
15.0,131.0,178.0,210.0,214.0,217.0,264.0,276.0,297.0,313.0,323.0,324.0,390.0,396.0,402.0,411.0,445.0,516.0,537.0,557.0,573.0,577.0,620.0,622.0,659.0,670.0,693.0,742.0,757.0,793.0,879.0,926.0,960.0,971.0,976.0,978.0,
29.0,34.0,36.0,40.0,52.0,80.0,80.0,188.0,297.0,324.0,356.0,430.0,466.0,468.0,489.0,491.0,507.0,601.0,609.0,630.0,645.0,661.0,712.0,751.0,758.0,763.0,768.0,816.0,882.0,891.0,922.0,925.0,928.0,954.0,
36.0,69.0,109.0,137.0,171.0,192.0,200.0,206.0,241.0,241.0,261.0,306.0,364.0,369.0,388.0,446.0,479.0,493.0,502.0,531.0,545.0,548.0,548.0,562.0,584.0,653.0,725.0,738.0,760.0,790.0,814.0,843.0,931.0,938.0,
23.0,70.0,102.0,131.0,139.0,195.0,232.0,233.0,251.0,265.0,291.0,312.0,315.0,341.0,363.0,411.0,436.0,440.0,486.0,499.0,507.0,523.0,535.0,557.0,585.0,661.0,690.0,764.0,786.0,796.0,812.0,833.0,867.0,951.0,978.0,999.0,
27.0,32.0,80.0,94.0,139.0,165.0,202.0,221.0,226.0,303.0,330.0,413.0,413.0,448.0,455.0,467.0,486.0,508.0,537.0,547.0,580.0,628.0,662.0,684.0,708.0,737.0,755.0,760.0,767.0,799.0,832.0,839.0,871.0,924.0,941.0,958.0,991.0,
10.0,40.0,41.0,64.0,72.0,76.0,185.0,187.0,196.0,197.0,226.0,302.0,303.0,314.0,319.0,325.0,367.0,380.0,390.0,419.0,451.0,458.0,460.0,462.0,488.0,554.0,674.0,695.0,704.0,739.0,770.0,811.0,865.0,874.0,877.0,886.0,901.0,962.0,984.0,999.0,
31.0,32.0,49.0,51.0,60.0,67.0,80.0,83.0,93.0,120.0,134.0,149.0,185.0,194.0,197.0,220.0,224.0,254.0,259.0,269.0,275.0,346.0,370.0,412.0,415.0,427.0,467.0,471.0,532.0,535.0,543.0,550.0,559.0,610.0,639.0,690.0,698.0,699.0,730.0,832.0,837.0,889.0,987.0,992.0,
18.0,108.0,125.0,141.0,141.0,144.0,180.0,197.0,237.0,250.0,251.0,262.0,276.0,359.0,363.0,380.0,395.0,426.0,427.0,440.0,476.0,476.0,477.0,505.0,509.0,514.0,551.0,592.0,653.0,684.0,742.0,785.0,816.0,855.0,859.0,873.0,876.0,891.0,923.0,957.0,992.0,992.0,
24.0,63.0,80.0,93.0,101.0,130.0,135.0,167.0,191.0,210.0,271.0,284.0,293.0,337.0,361.0,407.0,418.0,509.0,525.0,529.0,558.0,598.0,599.0,682.0,702.0,721.0,735.0,758.0,775.0,779.0,801.0,819.0,827.0,828.0,897.0,931.0,
8.0,38.0,42.0,116.0,132.0,194.0,200.0,216.0,231.0,241.0,254.0,360.0,386.0,387.0,433.0,453.0,460.0,482.0,486.0,490.0,500.0,531.0,554.0,597.0,608.0,629.0,654.0,656.0,658.0,665.0,669.0,714.0,736.0,737.0,762.0,818.0,827.0,845.0,889.0,900.0,927.0,961.0,973.0,976.0,982.0,995.0,999.0,
20.0,27.0,37.0,61.0,88.0,114.0,129.0,163.0,174.0,179.0,216.0,228.0,240.0,286.0,310.0,315.0,352.0,369.0,380.0,401.0,426.0,436.0,464.0,517.0,554.0,557.0,626.0,637.0,665.0,728.0,758.0,766.0,832.0,871.0,911.0,980.0,
72.0,85.0,147.0,188.0,197.0,198.0,226.0,235.0,255.0,279.0,290.0,306.0,363.0,365.0,382.0,387.0,390.0,430.0,433.0,436.0,441.0,454.0,486.0,547.0,575.0,577.0,596.0,604.0,605.0,635.0,654.0,780.0,837.0,850.0,878.0,902.0,906.0,930.0,981.0,989.0,999.0,
81.0,164.0,204.0,220.0,223.0,234.0,274.0,291.0,304.0,307.0,308.0,327.0,365.0,387.0,389.0,414.0,417.0,488.0,505.0,564.0,569.0,614.0,621.0,635.0,645.0,648.0,704.0,737.0,756.0,763.0,782.0,811.0,818.0,829.0,858.0,869.0,909.0,996.0,
22.0,43.0,51.0,51.0,78.0,86.0,127.0,130.0,197.0,231.0,291.0,304.0,340.0,363.0,394.0,425.0,449.0,472.0,482.0,530.0,538.0,554.0,563.0,579.0,586.0,596.0,646.0,650.0,668.0,704.0,705.0,716.0,719.0,746.0,752.0,794.0,798.0,809.0,817.0,834.0,882.0,894.0,895.0,925.0,927.0,932.0,933.0,936.0,959.0,979.0,981.0,
7.0,17.0,44.0,59.0,89.0,99.0,108.0,114.0,125.0,171.0,237.0,261.0,307.0,411.0,437.0,564.0,593.0,601.0,641.0,688.0,759.0,808.0,816.0,818.0,824.0,863.0,866.0,916.0,930.0,
6.0,16.0,17.0,61.0,77.0,93.0,207.0,219.0,238.0,293.0,318.0,347.0,354.0,441.0,448.0,465.0,480.0,502.0,513.0,515.0,543.0,572.0,602.0,634.0,636.0,652.0,797.0,805.0,833.0,834.0,892.0,901.0,931.0,955.0,959.0,960.0,977.0,985.0,985.0,997.0,
54.0,109.0,116.0,124.0,134.0,141.0,143.0,177.0,190.0,219.0,224.0,245.0,246.0,256.0,325.0,342.0,407.0,477.0,484.0,509.0,528.0,560.0,598.0,601.0,626.0,703.0,711.0,722.0,752.0,767.0,837.0,841.0,879.0,889.0,903.0,908.0,925.0,931.0,934.0,964.0,967.0,
75.0,91.0,116.0,123.0,127.0,172.0,204.0,237.0,253.0,278.0,327.0,361.0,376.0,424.0,435.0,443.0,463.0,467.0,480.0,574.0,616.0,665.0,675.0,717.0,720.0,721.0,760.0,767.0,866.0,874.0,875.0,944.0,945.0,
2.0,10.0,23.0,29.0,37.0,38.0,38.0,45.0,91.0,97.0,106.0,114.0,135.0,160.0,212.0,252.0,272.0,274.0,346.0,356.0,417.0,433.0,466.0,514.0,542.0,551.0,692.0,732.0,738.0,740.0,745.0,748.0,792.0,792.0,871.0,987.0,
14.0,109.0,149.0,251.0,277.0,278.0,280.0,327.0,401.0,402.0,561.0,592.0,607.0,609.0,662.0,758.0,785.0,790.0,792.0,838.0,844.0,865.0,882.0,905.0,922.0,993.0,
20.0,61.0,89.0,106.0,113.0,157.0,260.0,263.0,276.0,283.0,334.0,407.0,426.0,431.0,434.0,441.0,476.0,521.0,557.0,572.0,584.0,586.0,647.0,667.0,709.0,735.0,735.0,752.0,756.0,763.0,767.0,835.0,853.0,878.0,914.0,919.0,979.0,1000.0,
20.0,29.0,79.0,82.0,87.0,131.0,139.0,192.0,231.0,252.0,278.0,349.0,371.0,383.0,397.0,398.0,401.0,461.0,495.0,497.0,519.0,519.0,544.0,561.0,583.0,598.0,607.0,648.0,667.0,669.0,683.0,693.0,718.0,720.0,726.0,726.0,761.0,789.0,894.0,915.0,938.0,974.0,
9.0,98.0,129.0,140.0,160.0,167.0,182.0,183.0,195.0,207.0,212.0,222.0,234.0,249.0,255.0,301.0,305.0,331.0,349.0,355.0,361.0,370.0,383.0,400.0,468.0,494.0,503.0,549.0,552.0,580.0,583.0,616.0,643.0,721.0,724.0,826.0,857.0,910.0,922.0,932.0,959.0,993.0,994.0,994.0,
3.0,8.0,81.0,114.0,131.0,139.0,146.0,154.0,178.0,189.0,249.0,253.0,258.0,261.0,267.0,286.0,354.0,357.0,421.0,442.0,546.0,591.0,629.0,657.0,682.0,699.0,716.0,745.0,788.0,803.0,829.0,833.0,856.0,857.0,863.0,895.0,990.0,
68.0,85.0,99.0,103.0,137.0,182.0,189.0,263.0,274.0,302.0,303.0,319.0,319.0,347.0,349.0,374.0,374.0,404.0,412.0,472.0,573.0,575.0,617.0,619.0,656.0,702.0,716.0,723.0,732.0,756.0,784.0,819.0,831.0,862.0,883.0,902.0,931.0,980.0,983.0,
15.0,27.0,59.0,83.0,112.0,125.0,164.0,177.0,212.0,223.0,225.0,254.0,265.0,327.0,377.0,414.0,480.0,555.0,598.0,613.0,621.0,629.0,630.0,670.0,700.0,704.0,704.0,712.0,714.0,745.0,751.0,759.0,839.0,860.0,885.0,900.0,901.0,911.0,923.0,944.0,977.0,986.0,988.0,
85.0,87.0,101.0,152.0,162.0,177.0,188.0,221.0,239.0,249.0,258.0,261.0,275.0,330.0,362.0,363.0,372.0,375.0,424.0,432.0,489.0,514.0,578.0,585.0,670.0,675.0,706.0,722.0,737.0,741.0,772.0,777.0,789.0,811.0,834.0,840.0,860.0,883.0,895.0,895.0,
7.0,51.0,53.0,85.0,138.0,144.0,152.0,154.0,159.0,185.0,194.0,223.0,240.0,242.0,244.0,269.0,317.0,328.0,339.0,351.0,364.0,390.0,419.0,481.0,492.0,501.0,514.0,516.0,531.0,534.0,538.0,547.0,554.0,662.0,662.0,671.0,778.0,810.0,852.0,873.0,878.0,893.0,914.0,929.0,937.0,945.0,990.0,
15.0,18.0,35.0,46.0,53.0,53.0,62.0,67.0,186.0,232.0,271.0,287.0,320.0,323.0,373.0,392.0,407.0,433.0,434.0,633.0,655.0,687.0,687.0,706.0,712.0,718.0,835.0,853.0,872.0,883.0,918.0,925.0,926.0,928.0,943.0,952.0,
125.0,129.0,147.0,197.0,219.0,249.0,272.0,342.0,364.0,396.0,410.0,429.0,451.0,453.0,467.0,489.0,502.0,512.0,515.0,527.0,538.0,592.0,614.0,682.0,694.0,724.0,725.0,725.0,764.0,789.0,819.0,823.0,931.0,980.0,
3.0,20.0,47.0,51.0,180.0,198.0,240.0,250.0,255.0,261.0,289.0,373.0,382.0,391.0,392.0,413.0,450.0,505.0,542.0,569.0,648.0,648.0,656.0,660.0,668.0,688.0,705.0,716.0,735.0,759.0,781.0,799.0,885.0,913.0,917.0,923.0,934.0,997.0,
17.0,25.0,30.0,41.0,91.0,104.0,143.0,156.0,178.0,192.0,254.0,254.0,272.0,300.0,311.0,314.0,320.0,396.0,425.0,437.0,448.0,454.0,472.0,476.0,481.0,490.0,592.0,607.0,608.0,641.0,650.0,736.0,741.0,756.0,761.0,785.0,879.0,938.0,952.0,
48.0,119.0,121.0,155.0,169.0,181.0,212.0,216.0,302.0,329.0,342.0,367.0,375.0,437.0,444.0,448.0,474.0,489.0,493.0,515.0,516.0,518.0,519.0,536.0,548.0,590.0,590.0,610.0,625.0,661.0,667.0,683.0,724.0,738.0,755.0,784.0,800.0,807.0,821.0,861.0,880.0,901.0,950.0,964.0,
74.0,138.0,194.0,233.0,275.0,356.0,422.0,442.0,449.0,463.0,499.0,502.0,517.0,677.0,685.0,701.0,706.0,734.0,746.0,760.0,769.0,780.0,803.0,892.0,893.0,907.0,921.0,952.0,961.0,983.0,
7.0,13.0,46.0,68.0,72.0,95.0,100.0,102.0,117.0,141.0,228.0,260.0,288.0,493.0,502.0,570.0,620.0,633.0,656.0,680.0,690.0,711.0,747.0,802.0,822.0,831.0,899.0,902.0,921.0,960.0,963.0,993.0,994.0,
13.0,57.0,61.0,91.0,94.0,106.0,139.0,176.0,194.0,195.0,195.0,198.0,205.0,230.0,235.0,307.0,329.0,362.0,369.0,408.0,426.0,441.0,458.0,511.0,522.0,551.0,551.0,658.0,745.0,759.0,793.0,876.0,920.0,936.0,997.0,
5.0,8.0,28.0,33.0,77.0,140.0,140.0,159.0,188.0,202.0,292.0,343.0,371.0,372.0,389.0,405.0,413.0,480.0,542.0,563.0,599.0,623.0,648.0,663.0,684.0,771.0,778.0,942.0,943.0,
74.0,131.0,190.0,194.0,269.0,315.0,352.0,386.0,402.0,426.0,513.0,551.0,573.0,589.0,619.0,626.0,628.0,666.0,693.0,720.0,722.0,738.0,767.0,780.0,804.0,880.0,892.0,901.0,911.0,918.0,982.0,
2.0,4.0,17.0,34.0,34.0,45.0,90.0,145.0,166.0,189.0,233.0,294.0,333.0,356.0,386.0,425.0,445.0,450.0,476.0,481.0,481.0,493.0,542.0,558.0,560.0,576.0,620.0,621.0,668.0,688.0,753.0,769.0,785.0,817.0,819.0,843.0,848.0,858.0,861.0,891.0,897.0,906.0,931.0,955.0,
54.0,91.0,95.0,116.0,120.0,125.0,160.0,197.0,201.0,302.0,350.0,376.0,415.0,429.0,437.0,439.0,475.0,484.0,512.0,644.0,649.0,704.0,794.0,804.0,808.0,815.0,825.0,868.0,910.0,935.0,946.0,971.0,
37.0,118.0,205.0,291.0,336.0,339.0,341.0,383.0,443.0,468.0,472.0,529.0,541.0,609.0,615.0,629.0,667.0,672.0,717.0,719.0,741.0,780.0,802.0,803.0,836.0,839.0,844.0,895.0,928.0,966.0,968.0,969.0,
30.0,42.0,43.0,59.0,68.0,97.0,109.0,146.0,174.0,189.0,225.0,268.0,274.0,275.0,295.0,329.0,331.0,338.0,398.0,400.0,424.0,437.0,450.0,488.0,495.0,525.0,578.0,589.0,590.0,592.0,610.0,655.0,672.0,706.0,760.0,780.0,798.0,800.0,888.0,914.0,973.0,
43.0,88.0,144.0,202.0,224.0,253.0,322.0,331.0,349.0,378.0,414.0,415.0,463.0,525.0,540.0,563.0,570.0,600.0,631.0,632.0,706.0,725.0,735.0,754.0,760.0,776.0,846.0,858.0,907.0,923.0,929.0,960.0,977.0,989.0,999.0,
5.0,128.0,196.0,199.0,208.0,291.0,297.0,300.0,328.0,336.0,345.0,383.0,403.0,407.0,407.0,416.0,458.0,467.0,475.0,498.0,560.0,578.0,583.0,636.0,652.0,710.0,721.0,848.0,
4.0,9.0,21.0,22.0,43.0,74.0,90.0,110.0,218.0,228.0,255.0,268.0,287.0,317.0,334.0,342.0,381.0,398.0,425.0,484.0,488.0,510.0,513.0,517.0,524.0,530.0,607.0,627.0,675.0,683.0,779.0,818.0,822.0,860.0,899.0,958.0,998.0,
13.0,42.0,76.0,152.0,163.0,255.0,286.0,356.0,360.0,418.0,423.0,425.0,439.0,533.0,571.0,620.0,622.0,633.0,642.0,652.0,666.0,666.0,688.0,753.0,758.0,764.0,767.0,833.0,854.0,855.0,948.0,960.0,
39.0,47.0,55.0,58.0,70.0,125.0,130.0,133.0,193.0,199.0,199.0,218.0,219.0,384.0,497.0,513.0,527.0,583.0,596.0,612.0,682.0,708.0,727.0,767.0,770.0,774.0,781.0,781.0,904.0,943.0,971.0,
5.0,12.0,17.0,82.0,85.0,98.0,152.0,155.0,177.0,204.0,246.0,257.0,355.0,395.0,459.0,481.0,489.0,496.0,522.0,544.0,553.0,559.0,559.0,567.0,574.0,595.0,600.0,600.0,601.0,605.0,651.0,662.0,669.0,713.0,721.0,723.0,765.0,796.0,803.0,824.0,851.0,
25.0,62.0,77.0,149.0,153.0,175.0,184.0,186.0,196.0,223.0,273.0,312.0,341.0,361.0,373.0,433.0,438.0,455.0,483.0,505.0,524.0,532.0,548.0,558.0,559.0,568.0,572.0,662.0,691.0,717.0,768.0,846.0,874.0,933.0,977.0,996.0,
36.0,56.0,68.0,120.0,143.0,156.0,166.0,169.0,214.0,215.0,303.0,307.0,329.0,330.0,331.0,393.0,393.0,402.0,482.0,501.0,502.0,511.0,520.0,566.0,574.0,598.0,606.0,642.0,647.0,651.0,665.0,692.0,694.0,746.0,780.0,808.0,821.0,859.0,930.0,953.0,958.0,971.0,
47.0,95.0,117.0,195.0,252.0,296.0,332.0,398.0,423.0,454.0,578.0,591.0,601.0,621.0,639.0,660.0,690.0,696.0,718.0,814.0,824.0,824.0,841.0,865.0,872.0,910.0,930.0,961.0,
3.0,35.0,69.0,96.0,208.0,213.0,305.0,339.0,354.0,362.0,377.0,385.0,405.0,425.0,432.0,433.0,464.0,506.0,521.0,524.0,565.0,574.0,651.0,670.0,671.0,685.0,723.0,725.0,751.0,776.0,838.0,855.0,895.0,957.0,975.0,979.0,981.0,981.0,982.0,
27.0,40.0,80.0,81.0,112.0,123.0,147.0,182.0,201.0,223.0,258.0,288.0,297.0,307.0,352.0,374.0,425.0,498.0,554.0,648.0,654.0,663.0,686.0,709.0,712.0,737.0,751.0,754.0,785.0,820.0,825.0,915.0,924.0,975.0,
