11.0,25.0,45.0,99.0,107.0,141.0,151.0,152.0,196.0,215.0,216.0,294.0,308.0,314.0,369.0,472.0,472.0,499.0,508.0,519.0,548.0,579.0,580.0,609.0,623.0,636.0,678.0,699.0,719.0,767.0,819.0,939.0,941.0,958.0,
40.0,52.0,59.0,72.0,114.0,125.0,163.0,214.0,269.0,284.0,285.0,299.0,316.0,388.0,411.0,422.0,444.0,449.0,467.0,480.0,510.0,530.0,531.0,539.0,612.0,639.0,713.0,737.0,753.0,763.0,803.0,834.0,869.0,916.0,928.0,948.0,963.0,970.0,976.0,
6.0,29.0,67.0,133.0,159.0,204.0,232.0,252.0,256.0,302.0,321.0,336.0,370.0,393.0,416.0,421.0,447.0,461.0,488.0,534.0,617.0,695.0,783.0,805.0,815.0,877.0,878.0,886.0,886.0,897.0,936.0,954.0,999.0,
33.0,37.0,89.0,110.0,186.0,204.0,206.0,227.0,244.0,245.0,284.0,320.0,334.0,353.0,456.0,476.0,490.0,524.0,566.0,588.0,644.0,657.0,662.0,720.0,741.0,757.0,805.0,805.0,833.0,842.0,856.0,906.0,959.0,
17.0,25.0,41.0,55.0,73.0,97.0,127.0,152.0,155.0,156.0,195.0,240.0,251.0,275.0,310.0,320.0,323.0,323.0,370.0,382.0,384.0,405.0,416.0,497.0,536.0,635.0,635.0,649.0,700.0,705.0,713.0,719.0,735.0,738.0,746.0,767.0,791.0,829.0,852.0,862.0,889.0,891.0,916.0,
59.0,73.0,177.0,190.0,208.0,220.0,241.0,252.0,255.0,260.0,264.0,365.0,410.0,413.0,420.0,423.0,458.0,472.0,486.0,537.0,541.0,546.0,550.0,553.0,561.0,586.0,634.0,656.0,657.0,670.0,676.0,681.0,695.0,701.0,774.0,785.0,813.0,891.0,930.0,967.0,
2.0,23.0,26.0,40.0,42.0,65.0,74.0,164.0,189.0,190.0,195.0,362.0,406.0,436.0,437.0,466.0,467.0,534.0,587.0,591.0,592.0,593.0,649.0,691.0,711.0,734.0,745.0,763.0,764.0,803.0,805.0,816.0,839.0,875.0,875.0,896.0,912.0,
2.0,207.0,220.0,271.0,292.0,330.0,370.0,410.0,516.0,565.0,565.0,572.0,600.0,645.0,714.0,763.0,787.0,906.0,926.0,929.0,936.0,955.0,997.0,
10.0,33.0,48.0,85.0,96.0,111.0,121.0,133.0,144.0,150.0,178.0,233.0,282.0,332.0,389.0,392.0,455.0,507.0,575.0,592.0,608.0,645.0,655.0,682.0,683.0,701.0,721.0,738.0,740.0,740.0,768.0,813.0,814.0,839.0,842.0,856.0,856.0,901.0,942.0,961.0,983.0,998.0,1000.0,
7.0,11.0,15.0,23.0,82.0,103.0,208.0,257.0,285.0,358.0,390.0,422.0,436.0,471.0,494.0,508.0,582.0,629.0,704.0,805.0,817.0,832.0,835.0,843.0,844.0,854.0,889.0,953.0,965.0,977.0,981.0,999.0,
15.0,51.0,80.0,163.0,192.0,275.0,280.0,339.0,349.0,356.0,360.0,379.0,546.0,608.0,609.0,624.0,640.0,656.0,680.0,826.0,923.0,931.0,949.0,994.0,
44.0,81.0,122.0,267.0,289.0,370.0,398.0,431.0,474.0,485.0,537.0,569.0,582.0,601.0,611.0,621.0,659.0,687.0,783.0,794.0,827.0,859.0,929.0,963.0,
15.0,55.0,58.0,102.0,171.0,225.0,238.0,294.0,344.0,419.0,465.0,476.0,489.0,510.0,610.0,616.0,635.0,658.0,671.0,732.0,805.0,814.0,845.0,865.0,941.0,955.0,991.0,992.0,998.0,
14.0,64.0,97.0,123.0,151.0,190.0,215.0,239.0,253.0,280.0,285.0,294.0,331.0,383.0,412.0,413.0,414.0,417.0,465.0,497.0,530.0,568.0,628.0,637.0,643.0,644.0,653.0,657.0,709.0,753.0,761.0,842.0,847.0,851.0,859.0,863.0,887.0,954.0,989.0,
12.0,27.0,57.0,74.0,109.0,118.0,164.0,170.0,172.0,177.0,183.0,251.0,292.0,333.0,335.0,405.0,415.0,415.0,443.0,460.0,599.0,614.0,630.0,644.0,649.0,663.0,715.0,747.0,750.0,778.0,816.0,879.0,892.0,893.0,924.0,944.0,953.0,972.0,974.0,980.0,989.0,
68.0,69.0,79.0,98.0,152.0,194.0,199.0,262.0,272.0,321.0,360.0,392.0,408.0,409.0,450.0,463.0,465.0,467.0,487.0,500.0,513.0,553.0,674.0,679.0,698.0,733.0,737.0,766.0,780.0,835.0,869.0,960.0,974.0,976.0,
6.0,52.0,90.0,100.0,116.0,118.0,150.0,164.0,194.0,194.0,250.0,273.0,308.0,312.0,335.0,336.0,345.0,362.0,372.0,416.0,477.0,505.0,520.0,535.0,574.0,589.0,590.0,640.0,640.0,667.0,677.0,685.0,686.0,697.0,708.0,713.0,767.0,802.0,803.0,814.0,819.0,848.0,899.0,909.0,915.0,937.0,992.0,998.0,
40.0,78.0,92.0,102.0,117.0,178.0,196.0,204.0,205.0,251.0,268.0,280.0,286.0,348.0,392.0,392.0,419.0,453.0,474.0,534.0,555.0,654.0,671.0,714.0,838.0,864.0,872.0,897.0,927.0,959.0,
33.0,51.0,61.0,68.0,170.0,175.0,197.0,238.0,243.0,254.0,280.0,322.0,342.0,354.0,357.0,358.0,390.0,412.0,435.0,452.0,469.0,470.0,493.0,526.0,537.0,549.0,551.0,633.0,641.0,651.0,669.0,674.0,674.0,694.0,711.0,722.0,744.0,812.0,849.0,899.0,909.0,911.0,915.0,933.0,936.0,941.0,989.0,991.0,
39.0,49.0,99.0,104.0,123.0,164.0,169.0,199.0,203.0,207.0,274.0,289.0,292.0,309.0,342.0,344.0,362.0,364.0,371.0,377.0,393.0,403.0,411.0,505.0,512.0,521.0,572.0,607.0,624.0,642.0,642.0,681.0,684.0,692.0,718.0,743.0,774.0,864.0,874.0,897.0,907.0,957.0,975.0,987.0,
41.0,64.0,75.0,103.0,124.0,136.0,161.0,199.0,213.0,226.0,292.0,301.0,315.0,332.0,372.0,373.0,378.0,428.0,445.0,451.0,477.0,522.0,548.0,554.0,558.0,566.0,572.0,611.0,622.0,647.0,691.0,700.0,705.0,782.0,820.0,847.0,932.0,946.0,982.0,992.0,
95.0,149.0,208.0,287.0,321.0,358.0,372.0,414.0,428.0,434.0,471.0,493.0,527.0,554.0,571.0,598.0,619.0,687.0,752.0,783.0,801.0,805.0,810.0,846.0,909.0,926.0,956.0,967.0,994.0,
13.0,33.0,44.0,78.0,87.0,99.0,104.0,106.0,109.0,110.0,132.0,173.0,197.0,218.0,221.0,232.0,244.0,334.0,383.0,425.0,487.0,499.0,529.0,534.0,534.0,632.0,643.0,654.0,668.0,675.0,686.0,689.0,698.0,734.0,737.0,753.0,775.0,788.0,797.0,814.0,837.0,870.0,879.0,911.0,921.0,959.0,988.0,1000.0,
35.0,47.0,110.0,118.0,131.0,154.0,209.0,239.0,243.0,248.0,264.0,282.0,328.0,350.0,360.0,362.0,417.0,418.0,445.0,493.0,511.0,515.0,565.0,602.0,605.0,609.0,621.0,663.0,666.0,672.0,677.0,717.0,718.0,724.0,764.0,767.0,780.0,814.0,846.0,858.0,904.0,906.0,927.0,
19.0,31.0,52.0,69.0,94.0,111.0,177.0,180.0,225.0,228.0,249.0,273.0,299.0,302.0,410.0,422.0,436.0,455.0,522.0,535.0,566.0,622.0,636.0,665.0,667.0,684.0,728.0,750.0,786.0,796.0,804.0,814.0,840.0,882.0,946.0,966.0,968.0,971.0,971.0,993.0,
16.0,23.0,84.0,110.0,113.0,121.0,173.0,175.0,195.0,201.0,214.0,232.0,236.0,275.0,306.0,348.0,371.0,378.0,400.0,456.0,458.0,470.0,473.0,474.0,500.0,517.0,536.0,556.0,573.0,588.0,639.0,671.0,674.0,690.0,701.0,722.0,806.0,818.0,825.0,858.0,858.0,930.0,969.0,984.0,
9.0,12.0,33.0,34.0,67.0,69.0,111.0,118.0,132.0,201.0,208.0,215.0,335.0,340.0,353.0,362.0,400.0,428.0,486.0,496.0,564.0,612.0,624.0,644.0,699.0,706.0,795.0,804.0,830.0,863.0,870.0,878.0,971.0,981.0,993.0,
6.0,140.0,153.0,158.0,168.0,171.0,172.0,220.0,238.0,247.0,303.0,341.0,373.0,404.0,465.0,527.0,564.0,609.0,618.0,637.0,658.0,671.0,685.0,744.0,767.0,807.0,832.0,871.0,947.0,
25.0,50.0,63.0,92.0,104.0,129.0,166.0,226.0,238.0,284.0,305.0,333.0,364.0,382.0,401.0,423.0,436.0,456.0,469.0,528.0,534.0,544.0,545.0,549.0,616.0,640.0,641.0,647.0,696.0,709.0,711.0,763.0,770.0,799.0,856.0,908.0,911.0,933.0,954.0,960.0,977.0,998.0,999.0,1000.0,
27.0,65.0,79.0,86.0,172.0,174.0,192.0,206.0,236.0,286.0,298.0,321.0,336.0,356.0,366.0,380.0,385.0,404.0,524.0,561.0,634.0,644.0,723.0,728.0,767.0,776.0,782.0,788.0,909.0,921.0,962.0,1000.0,
33.0,45.0,46.0,50.0,64.0,103.0,206.0,235.0,263.0,268.0,275.0,378.0,384.0,384.0,424.0,448.0,455.0,522.0,545.0,565.0,580.0,620.0,629.0,658.0,745.0,807.0,904.0,
73.0,99.0,158.0,166.0,181.0,189.0,202.0,270.0,321.0,323.0,354.0,392.0,393.0,423.0,546.0,588.0,603.0,615.0,648.0,666.0,666.0,685.0,704.0,724.0,737.0,780.0,797.0,812.0,824.0,858.0,870.0,875.0,898.0,948.0,965.0,
38.0,38.0,71.0,109.0,154.0,210.0,217.0,222.0,417.0,424.0,450.0,485.0,496.0,530.0,534.0,539.0,542.0,626.0,629.0,642.0,671.0,671.0,673.0,688.0,766.0,786.0,802.0,814.0,862.0,865.0,893.0,898.0,906.0,922.0,951.0,
6.0,25.0,44.0,45.0,94.0,128.0,131.0,164.0,179.0,184.0,193.0,225.0,262.0,266.0,419.0,431.0,451.0,456.0,496.0,507.0,552.0,560.0,574.0,583.0,617.0,640.0,644.0,656.0,681.0,702.0,719.0,725.0,809.0,847.0,861.0,867.0,889.0,932.0,962.0,990.0,
8.0,38.0,99.0,139.0,180.0,236.0,245.0,264.0,267.0,351.0,367.0,371.0,432.0,449.0,464.0,499.0,560.0,701.0,722.0,726.0,772.0,787.0,789.0,812.0,824.0,888.0,930.0,943.0,962.0,
39.0,44.0,54.0,86.0,113.0,136.0,147.0,169.0,175.0,239.0,275.0,290.0,303.0,312.0,325.0,328.0,359.0,365.0,374.0,399.0,405.0,410.0,449.0,496.0,527.0,537.0,541.0,573.0,577.0,602.0,606.0,625.0,666.0,667.0,692.0,715.0,725.0,768.0,771.0,788.0,794.0,801.0,821.0,851.0,884.0,922.0,924.0,970.0,987.0,997.0,998.0,
14.0,42.0,59.0,76.0,136.0,204.0,210.0,214.0,229.0,262.0,337.0,357.0,368.0,383.0,387.0,388.0,400.0,405.0,417.0,482.0,484.0,506.0,514.0,518.0,546.0,583.0,586.0,594.0,669.0,676.0,681.0,690.0,727.0,742.0,787.0,913.0,974.0,990.0,994.0,
12.0,16.0,28.0,55.0,119.0,141.0,142.0,173.0,194.0,205.0,207.0,253.0,258.0,261.0,263.0,291.0,321.0,324.0,327.0,342.0,348.0,356.0,370.0,410.0,414.0,421.0,423.0,431.0,522.0,576.0,587.0,640.0,667.0,667.0,683.0,694.0,696.0,710.0,710.0,717.0,731.0,736.0,736.0,765.0,820.0,889.0,914.0,958.0,993.0,
62.0,63.0,90.0,114.0,144.0,230.0,280.0,284.0,336.0,351.0,359.0,390.0,396.0,398.0,421.0,429.0,461.0,493.0,508.0,516.0,533.0,558.0,564.0,602.0,615.0,619.0,623.0,647.0,650.0,673.0,688.0,696.0,755.0,767.0,788.0,832.0,891.0,909.0,951.0,963.0,975.0,
17.0,44.0,113.0,123.0,153.0,283.0,296.0,300.0,312.0,319.0,345.0,358.0,410.0,413.0,461.0,486.0,581.0,584.0,593.0,608.0,649.0,675.0,751.0,810.0,815.0,817.0,831.0,903.0,937.0,970.0,
30.0,76.0,123.0,147.0,154.0,218.0,231.0,246.0,271.0,273.0,275.0,325.0,427.0,446.0,452.0,499.0,512.0,520.0,540.0,586.0,595.0,598.0,649.0,707.0,739.0,756.0,763.0,835.0,837.0,840.0,897.0,904.0,908.0,922.0,994.0,
10.0,18.0,52.0,60.0,107.0,163.0,188.0,218.0,219.0,221.0,276.0,312.0,377.0,487.0,534.0,578.0,609.0,641.0,685.0,693.0,749.0,758.0,789.0,815.0,816.0,837.0,884.0,903.0,914.0,927.0,954.0,982.0,1000.0,
36.0,52.0,75.0,158.0,210.0,242.0,258.0,306.0,325.0,392.0,400.0,414.0,416.0,470.0,516.0,541.0,575.0,644.0,660.0,675.0,722.0,734.0,775.0,791.0,795.0,808.0,842.0,851.0,901.0,922.0,944.0,985.0,991.0,
7.0,28.0,42.0,92.0,131.0,193.0,199.0,215.0,229.0,263.0,273.0,282.0,289.0,317.0,338.0,383.0,431.0,475.0,481.0,501.0,507.0,517.0,533.0,576.0,577.0,580.0,601.0,614.0,627.0,638.0,645.0,690.0,697.0,703.0,709.0,753.0,775.0,782.0,795.0,796.0,828.0,846.0,969.0,
46.0,61.0,63.0,70.0,85.0,109.0,150.0,181.0,207.0,210.0,229.0,298.0,374.0,419.0,440.0,443.0,449.0,581.0,606.0,632.0,643.0,681.0,682.0,684.0,691.0,725.0,737.0,787.0,811.0,847.0,910.0,958.0,965.0,
22.0,73.0,85.0,128.0,130.0,130.0,147.0,171.0,187.0,189.0,199.0,202.0,203.0,213.0,278.0,299.0,322.0,352.0,353.0,365.0,404.0,411.0,429.0,440.0,450.0,473.0,486.0,487.0,903.0,
22.0,48.0,55.0,57.0,58.0,168.0,221.0,226.0,235.0,354.0,445.0,563.0,573.0,732.0,755.0,770.0,839.0,872.0,923.0,923.0,925.0,951.0,999.0,
41.0,44.0,85.0,114.0,159.0,193.0,229.0,234.0,267.0,277.0,286.0,359.0,392.0,398.0,410.0,416.0,471.0,532.0,545.0,571.0,585.0,603.0,627.0,637.0,659.0,708.0,717.0,731.0,765.0,780.0,793.0,806.0,815.0,820.0,857.0,860.0,862.0,863.0,875.0,896.0,965.0,972.0,
7.0,73.0,86.0,107.0,111.0,172.0,205.0,229.0,341.0,354.0,377.0,527.0,528.0,541.0,542.0,542.0,559.0,599.0,601.0,660.0,687.0,729.0,753.0,770.0,858.0,861.0,868.0,915.0,930.0,973.0,984.0,
11.0,34.0,69.0,75.0,108.0,124.0,130.0,179.0,217.0,240.0,262.0,293.0,308.0,317.0,364.0,462.0,465.0,532.0,556.0,563.0,570.0,632.0,635.0,637.0,658.0,658.0,728.0,747.0,752.0,763.0,833.0,847.0,883.0,893.0,919.0,
27.0,53.0,64.0,96.0,128.0,184.0,207.0,258.0,305.0,310.0,313.0,361.0,377.0,463.0,479.0,496.0,497.0,520.0,562.0,619.0,648.0,666.0,702.0,713.0,754.0,815.0,841.0,861.0,
9.0,17.0,30.0,31.0,64.0,85.0,123.0,129.0,135.0,146.0,275.0,352.0,433.0,572.0,597.0,605.0,609.0,640.0,769.0,786.0,791.0,866.0,884.0,885.0,903.0,931.0,956.0,982.0,998.0,
29.0,55.0,130.0,168.0,201.0,246.0,275.0,277.0,288.0,293.0,318.0,332.0,333.0,347.0,360.0,361.0,364.0,387.0,400.0,416.0,429.0,433.0,448.0,473.0,475.0,476.0,566.0,596.0,612.0,666.0,676.0,680.0,702.0,724.0,783.0,852.0,867.0,
20.0,51.0,81.0,205.0,208.0,224.0,234.0,320.0,321.0,341.0,367.0,377.0,420.0,434.0,458.0,459.0,553.0,635.0,657.0,683.0,723.0,728.0,754.0,792.0,827.0,848.0,866.0,883.0,898.0,921.0,943.0,961.0,986.0,990.0,
33.0,45.0,66.0,106.0,141.0,146.0,146.0,157.0,178.0,208.0,215.0,256.0,283.0,291.0,306.0,322.0,358.0,365.0,402.0,424.0,426.0,459.0,469.0,485.0,814.0,917.0,936.0,
57.0,62.0,82.0,83.0,87.0,91.0,183.0,210.0,211.0,226.0,236.0,355.0,448.0,462.0,478.0,480.0,482.0,
19.0,49.0,71.0,79.0,88.0,97.0,104.0,127.0,146.0,150.0,158.0,238.0,253.0,272.0,315.0,325.0,329.0,339.0,340.0,372.0,432.0,484.0,892.0,952.0,
44.0,72.0,82.0,158.0,175.0,180.0,199.0,202.0,220.0,234.0,266.0,288.0,327.0,364.0,390.0,440.0,449.0,479.0,490.0,545.0,599.0,607.0,623.0,636.0,649.0,657.0,658.0,667.0,672.0,676.0,678.0,704.0,791.0,792.0,808.0,824.0,826.0,840.0,847.0,870.0,870.0,910.0,914.0,943.0,954.0,967.0,980.0,
14.0,35.0,43.0,44.0,61.0,187.0,196.0,216.0,224.0,286.0,299.0,334.0,341.0,360.0,366.0,379.0,384.0,442.0,444.0,495.0,506.0,550.0,576.0,585.0,631.0,643.0,682.0,695.0,714.0,724.0,725.0,729.0,730.0,828.0,846.0,880.0,906.0,931.0,947.0,966.0,983.0,993.0,
34.0,38.0,45.0,90.0,121.0,135.0,145.0,172.0,177.0,197.0,197.0,234.0,288.0,291.0,324.0,324.0,440.0,458.0,460.0,468.0,471.0,476.0,482.0,528.0,557.0,563.0,594.0,657.0,666.0,669.0,737.0,780.0,874.0,875.0,878.0,881.0,914.0,918.0,940.0,994.0,
10.0,25.0,64.0,76.0,114.0,133.0,188.0,207.0,237.0,294.0,343.0,346.0,360.0,441.0,478.0,501.0,506.0,515.0,546.0,558.0,564.0,628.0,638.0,652.0,667.0,668.0,677.0,685.0,742.0,777.0,783.0,793.0,820.0,832.0,844.0,867.0,876.0,882.0,926.0,983.0,990.0,
12.0,34.0,37.0,40.0,98.0,108.0,170.0,186.0,228.0,311.0,343.0,343.0,359.0,363.0,380.0,385.0,447.0,475.0,475.0,477.0,488.0,488.0,533.0,565.0,572.0,596.0,598.0,664.0,675.0,699.0,720.0,726.0,728.0,728.0,746.0,763.0,786.0,787.0,845.0,892.0,918.0,961.0,975.0,
11.0,25.0,39.0,114.0,115.0,119.0,174.0,228.0,253.0,321.0,352.0,357.0,359.0,469.0,498.0,572.0,580.0,588.0,622.0,633.0,640.0,663.0,666.0,676.0,680.0,690.0,695.0,743.0,747.0,775.0,776.0,795.0,813.0,831.0,844.0,859.0,921.0,929.0,978.0,994.0,999.0,
8.0,52.0,70.0,74.0,77.0,108.0,138.0,139.0,201.0,209.0,228.0,244.0,298.0,316.0,324.0,326.0,406.0,447.0,499.0,499.0,509.0,510.0,510.0,538.0,552.0,570.0,628.0,663.0,670.0,677.0,691.0,707.0,708.0,731.0,747.0,754.0,754.0,756.0,757.0,761.0,790.0,801.0,801.0,818.0,862.0,865.0,890.0,891.0,908.0,928.0,962.0,981.0,1000.0,
34.0,59.0,123.0,133.0,155.0,189.0,196.0,206.0,228.0,316.0,323.0,337.0,363.0,373.0,396.0,456.0,473.0,474.0,488.0,491.0,491.0,497.0,570.0,579.0,599.0,599.0,617.0,632.0,647.0,658.0,677.0,677.0,693.0,693.0,702.0,745.0,767.0,820.0,828.0,869.0,916.0,931.0,970.0,
5.0,6.0,47.0,69.0,84.0,104.0,128.0,148.0,170.0,184.0,225.0,242.0,270.0,276.0,277.0,296.0,310.0,311.0,344.0,396.0,409.0,468.0,479.0,490.0,810.0,855.0,
9.0,59.0,65.0,148.0,160.0,172.0,198.0,222.0,227.0,246.0,268.0,281.0,323.0,327.0,331.0,367.0,385.0,504.0,611.0,623.0,681.0,701.0,715.0,727.0,741.0,774.0,782.0,817.0,826.0,843.0,874.0,881.0,883.0,900.0,900.0,930.0,935.0,947.0,972.0,972.0,988.0,996.0,
42.0,42.0,57.0,120.0,198.0,230.0,276.0,332.0,379.0,422.0,441.0,480.0,491.0,491.0,508.0,535.0,539.0,586.0,604.0,627.0,652.0,653.0,692.0,701.0,709.0,710.0,740.0,747.0,775.0,825.0,903.0,928.0,941.0,959.0,964.0,985.0,993.0,
6.0,29.0,96.0,97.0,126.0,139.0,150.0,174.0,191.0,200.0,229.0,293.0,341.0,397.0,408.0,428.0,490.0,493.0,497.0,607.0,636.0,636.0,643.0,684.0,764.0,779.0,795.0,806.0,839.0,852.0,886.0,912.0,969.0,984.0,997.0,
12.0,20.0,49.0,73.0,86.0,97.0,101.0,114.0,123.0,127.0,133.0,153.0,190.0,193.0,203.0,258.0,269.0,280.0,363.0,379.0,426.0,429.0,434.0,440.0,488.0,535.0,541.0,568.0,635.0,654.0,792.0,797.0,862.0,911.0,993.0,998.0,
15.0,31.0,38.0,40.0,43.0,44.0,68.0,89.0,100.0,117.0,125.0,138.0,142.0,145.0,186.0,193.0,220.0,246.0,252.0,274.0,347.0,358.0,370.0,397.0,398.0,408.0,431.0,481.0,509.0,582.0,604.0,610.0,660.0,673.0,683.0,746.0,769.0,823.0,899.0,938.0,940.0,989.0,
26.0,66.0,111.0,146.0,191.0,234.0,250.0,267.0,287.0,325.0,329.0,428.0,437.0,447.0,451.0,461.0,473.0,529.0,531.0,543.0,568.0,617.0,628.0,673.0,707.0,746.0,788.0,800.0,819.0,880.0,
8.0,69.0,75.0,98.0,154.0,156.0,180.0,200.0,206.0,218.0,225.0,228.0,310.0,310.0,378.0,395.0,419.0,449.0,496.0,602.0,612.0,641.0,754.0,767.0,771.0,805.0,815.0,826.0,848.0,888.0,913.0,919.0,978.0,
68.0,69.0,93.0,131.0,160.0,181.0,192.0,201.0,315.0,315.0,322.0,365.0,406.0,430.0,467.0,468.0,557.0,563.0,564.0,565.0,643.0,646.0,661.0,669.0,736.0,736.0,757.0,819.0,826.0,833.0,833.0,844.0,885.0,906.0,
100.0,105.0,107.0,161.0,200.0,233.0,235.0,260.0,275.0,304.0,312.0,314.0,322.0,324.0,355.0,368.0,385.0,388.0,400.0,419.0,430.0,446.0,466.0,483.0,492.0,500.0,504.0,519.0,524.0,534.0,576.0,582.0,616.0,618.0,619.0,636.0,642.0,684.0,737.0,777.0,804.0,819.0,825.0,848.0,878.0,881.0,917.0,928.0,929.0,950.0,
76.0,81.0,124.0,155.0,165.0,169.0,190.0,207.0,223.0,244.0,271.0,282.0,286.0,307.0,326.0,366.0,369.0,443.0,472.0,514.0,514.0,556.0,603.0,626.0,704.0,719.0,726.0,758.0,766.0,790.0,804.0,804.0,819.0,824.0,824.0,826.0,839.0,844.0,845.0,857.0,867.0,902.0,911.0,912.0,
16.0,52.0,58.0,75.0,90.0,115.0,132.0,134.0,138.0,158.0,164.0,221.0,229.0,294.0,357.0,538.0,540.0,564.0,570.0,627.0,661.0,675.0,680.0,680.0,681.0,693.0,726.0,758.0,759.0,781.0,789.0,809.0,809.0,829.0,830.0,836.0,868.0,878.0,944.0,
21.0,45.0,107.0,109.0,111.0,113.0,135.0,151.0,172.0,239.0,243.0,274.0,325.0,325.0,344.0,444.0,480.0,596.0,627.0,633.0,686.0,702.0,742.0,755.0,766.0,772.0,776.0,776.0,797.0,798.0,830.0,833.0,851.0,852.0,859.0,868.0,880.0,926.0,941.0,968.0,971.0,979.0,
16.0,21.0,69.0,114.0,129.0,133.0,151.0,205.0,208.0,209.0,305.0,326.0,349.0,357.0,377.0,379.0,388.0,398.0,401.0,436.0,466.0,472.0,490.0,491.0,591.0,596.0,676.0,695.0,704.0,768.0,809.0,855.0,881.0,941.0,994.0,
22.0,95.0,127.0,128.0,170.0,177.0,180.0,208.0,216.0,271.0,274.0,274.0,299.0,325.0,342.0,380.0,388.0,398.0,401.0,435.0,445.0,474.0,511.0,614.0,667.0,713.0,754.0,775.0,796.0,820.0,905.0,908.0,944.0,
5.0,49.0,110.0,110.0,111.0,114.0,141.0,150.0,202.0,207.0,357.0,405.0,436.0,518.0,525.0,559.0,562.0,583.0,607.0,661.0,663.0,670.0,683.0,689.0,691.0,696.0,715.0,739.0,767.0,777.0,787.0,809.0,818.0,821.0,920.0,966.0,985.0,992.0,
53.0,76.0,137.0,151.0,166.0,210.0,213.0,218.0,285.0,290.0,313.0,320.0,326.0,372.0,383.0,442.0,479.0,482.0,493.0,504.0,510.0,517.0,542.0,545.0,548.0,570.0,609.0,639.0,670.0,673.0,690.0,724.0,727.0,731.0,733.0,786.0,822.0,838.0,861.0,866.0,909.0,922.0,938.0,981.0,991.0,1000.0,
17.0,44.0,45.0,53.0,88.0,90.0,128.0,217.0,237.0,253.0,273.0,316.0,321.0,384.0,439.0,444.0,448.0,475.0,511.0,518.0,530.0,552.0,560.0,579.0,593.0,647.0,650.0,694.0,720.0,727.0,733.0,789.0,795.0,807.0,829.0,877.0,895.0,898.0,933.0,935.0,943.0,965.0,996.0,
2.0,17.0,19.0,21.0,26.0,102.0,124.0,171.0,215.0,219.0,252.0,255.0,257.0,262.0,306.0,328.0,329.0,352.0,410.0,428.0,522.0,628.0,674.0,695.0,703.0,718.0,748.0,803.0,804.0,894.0,896.0,904.0,910.0,985.0,
12.0,25.0,28.0,92.0,143.0,153.0,159.0,216.0,227.0,234.0,346.0,387.0,399.0,482.0,494.0,497.0,509.0,530.0,617.0,637.0,651.0,678.0,679.0,756.0,798.0,802.0,867.0,874.0,881.0,905.0,
36.0,46.0,50.0,65.0,235.0,295.0,306.0,335.0,365.0,408.0,437.0,445.0,483.0,484.0,494.0,498.0,522.0,522.0,525.0,525.0,547.0,562.0,574.0,578.0,585.0,599.0,626.0,650.0,662.0,698.0,713.0,724.0,770.0,776.0,788.0,800.0,853.0,863.0,877.0,886.0,907.0,912.0,938.0,941.0,974.0,
5.0,43.0,94.0,170.0,245.0,255.0,275.0,324.0,383.0,395.0,535.0,538.0,610.0,640.0,651.0,658.0,693.0,716.0,732.0,785.0,858.0,890.0,892.0,933.0,
18.0,50.0,112.0,139.0,153.0,187.0,197.0,209.0,257.0,262.0,294.0,306.0,346.0,353.0,358.0,369.0,377.0,423.0,446.0,466.0,473.0,543.0,580.0,643.0,714.0,721.0,743.0,772.0,908.0,914.0,924.0,973.0,982.0,
52.0,79.0,185.0,242.0,245.0,296.0,354.0,357.0,417.0,510.0,552.0,591.0,630.0,630.0,681.0,739.0,788.0,850.0,872.0,898.0,910.0,944.0,
22.0,23.0,66.0,83.0,112.0,125.0,136.0,158.0,161.0,166.0,193.0,206.0,224.0,232.0,249.0,251.0,273.0,291.0,301.0,368.0,377.0,467.0,468.0,488.0,522.0,531.0,557.0,559.0,573.0,600.0,604.0,780.0,788.0,814.0,831.0,879.0,888.0,933.0,936.0,952.0,969.0,
6.0,43.0,49.0,49.0,56.0,93.0,117.0,180.0,224.0,283.0,297.0,308.0,368.0,379.0,396.0,431.0,448.0,455.0,458.0,466.0,513.0,544.0,562.0,570.0,602.0,625.0,639.0,649.0,695.0,728.0,763.0,791.0,806.0,810.0,876.0,886.0,897.0,901.0,917.0,936.0,950.0,952.0,986.0,
5.0,10.0,41.0,74.0,74.0,93.0,122.0,137.0,139.0,222.0,262.0,281.0,310.0,327.0,328.0,385.0,393.0,432.0,461.0,501.0,533.0,575.0,610.0,620.0,679.0,731.0,788.0,811.0,834.0,844.0,864.0,887.0,901.0,977.0,986.0,
37.0,56.0,62.0,70.0,89.0,93.0,95.0,96.0,96.0,112.0,133.0,162.0,170.0,198.0,205.0,226.0,261.0,271.0,322.0,333.0,356.0,370.0,414.0,476.0,498.0,517.0,525.0,537.0,540.0,564.0,571.0,589.0,591.0,616.0,629.0,643.0,653.0,687.0,692.0,695.0,713.0,742.0,745.0,748.0,772.0,778.0,806.0,834.0,840.0,946.0,960.0,987.0,1000.0,
9.0,42.0,70.0,88.0,98.0,121.0,128.0,137.0,140.0,191.0,236.0,263.0,290.0,322.0,327.0,327.0,346.0,356.0,360.0,364.0,460.0,512.0,513.0,517.0,541.0,760.0,816.0,820.0,869.0,884.0,974.0,987.0,
24.0,44.0,60.0,65.0,87.0,115.0,156.0,173.0,199.0,223.0,277.0,304.0,340.0,367.0,368.0,375.0,392.0,424.0,433.0,500.0,548.0,562.0,595.0,612.0,635.0,641.0,702.0,732.0,744.0,764.0,781.0,813.0,841.0,853.0,853.0,872.0,883.0,927.0,941.0,943.0,
5.0,36.0,60.0,119.0,164.0,221.0,313.0,323.0,328.0,332.0,351.0,362.0,390.0,411.0,418.0,441.0,462.0,462.0,499.0,543.0,569.0,595.0,681.0,711.0,715.0,734.0,797.0,819.0,821.0,839.0,876.0,883.0,901.0,906.0,907.0,952.0,957.0,
53.0,84.0,202.0,223.0,237.0,294.0,318.0,322.0,339.0,392.0,402.0,426.0,452.0,472.0,483.0,495.0,500.0,506.0,511.0,586.0,606.0,632.0,674.0,893.0,914.0,916.0,923.0,
71.0,94.0,133.0,136.0,216.0,245.0,254.0,258.0,271.0,312.0,352.0,359.0,372.0,376.0,389.0,399.0,403.0,438.0,482.0,488.0,530.0,538.0,557.0,575.0,578.0,628.0,717.0,734.0,737.0,856.0,933.0,948.0,964.0,990.0,992.0,
31.0,41.0,61.0,68.0,79.0,102.0,125.0,126.0,127.0,140.0,190.0,205.0,205.0,235.0,263.0,275.0,283.0,300.0,348.0,357.0,394.0,451.0,515.0,536.0,610.0,611.0,622.0,647.0,672.0,742.0,809.0,814.0,823.0,832.0,853.0,867.0,879.0,904.0,912.0,928.0,928.0,943.0,948.0,982.0,
49.0,88.0,105.0,123.0,187.0,195.0,199.0,201.0,213.0,261.0,278.0,310.0,315.0,337.0,340.0,416.0,419.0,423.0,424.0,449.0,472.0,480.0,524.0,563.0,581.0,583.0,586.0,692.0,721.0,725.0,754.0,770.0,773.0,773.0,774.0,784.0,792.0,794.0,795.0,800.0,820.0,827.0,917.0,933.0,
