2.0,22.0,33.0,70.0,87.0,89.0,116.0,163.0,181.0,228.0,268.0,289.0,292.0,342.0,403.0,419.0,420.0,422.0,429.0,453.0,507.0,530.0,543.0,585.0,590.0,620.0,678.0,772.0,813.0,824.0,858.0,867.0,869.0,871.0,874.0,876.0,900.0,905.0,949.0,997.0,998.0,
25.0,56.0,102.0,137.0,146.0,161.0,171.0,244.0,266.0,282.0,318.0,321.0,324.0,335.0,392.0,398.0,438.0,457.0,471.0,583.0,599.0,636.0,666.0,673.0,688.0,709.0,712.0,805.0,827.0,831.0,836.0,876.0,897.0,933.0,976.0,992.0,
5.0,12.0,92.0,97.0,106.0,139.0,158.0,179.0,190.0,212.0,223.0,267.0,298.0,309.0,328.0,330.0,353.0,418.0,424.0,459.0,470.0,498.0,543.0,546.0,595.0,605.0,620.0,629.0,638.0,643.0,649.0,650.0,701.0,712.0,806.0,864.0,885.0,954.0,955.0,969.0,978.0,983.0,
19.0,25.0,39.0,49.0,91.0,116.0,151.0,182.0,208.0,269.0,343.0,357.0,363.0,391.0,463.0,489.0,499.0,531.0,533.0,534.0,537.0,610.0,616.0,619.0,650.0,689.0,729.0,730.0,747.0,767.0,785.0,831.0,863.0,901.0,906.0,985.0,991.0,1000.0,
13.0,42.0,78.0,100.0,102.0,112.0,150.0,175.0,207.0,277.0,315.0,339.0,345.0,353.0,393.0,397.0,424.0,485.0,511.0,575.0,576.0,588.0,647.0,650.0,655.0,657.0,663.0,673.0,703.0,704.0,710.0,757.0,768.0,797.0,808.0,848.0,856.0,875.0,881.0,896.0,914.0,927.0,964.0,974.0,981.0,987.0,997.0,
28.0,68.0,71.0,91.0,95.0,103.0,104.0,117.0,132.0,178.0,191.0,191.0,247.0,319.0,347.0,376.0,387.0,390.0,398.0,468.0,498.0,501.0,513.0,553.0,588.0,624.0,799.0,826.0,840.0,844.0,887.0,926.0,984.0,988.0,991.0,
9.0,37.0,156.0,182.0,249.0,262.0,265.0,312.0,313.0,370.0,450.0,460.0,560.0,607.0,617.0,677.0,681.0,711.0,767.0,826.0,858.0,875.0,903.0,941.0,951.0,
9.0,12.0,39.0,63.0,66.0,81.0,109.0,116.0,141.0,176.0,184.0,289.0,303.0,371.0,459.0,462.0,502.0,503.0,530.0,530.0,532.0,540.0,569.0,588.0,661.0,690.0,779.0,810.0,837.0,869.0,899.0,906.0,955.0,976.0,982.0,
35.0,62.0,138.0,145.0,156.0,171.0,172.0,211.0,237.0,302.0,313.0,332.0,456.0,464.0,507.0,620.0,629.0,741.0,769.0,789.0,797.0,805.0,817.0,819.0,824.0,853.0,928.0,936.0,977.0,
31.0,66.0,76.0,115.0,118.0,146.0,177.0,196.0,319.0,328.0,335.0,376.0,409.0,412.0,424.0,426.0,426.0,466.0,531.0,568.0,590.0,597.0,654.0,661.0,703.0,780.0,843.0,855.0,864.0,881.0,910.0,914.0,924.0,938.0,963.0,963.0,
24.0,43.0,47.0,77.0,82.0,86.0,111.0,121.0,123.0,167.0,183.0,221.0,294.0,294.0,301.0,304.0,328.0,367.0,370.0,453.0,483.0,504.0,517.0,529.0,635.0,670.0,673.0,706.0,710.0,731.0,733.0,771.0,772.0,798.0,806.0,817.0,823.0,828.0,840.0,876.0,878.0,908.0,919.0,929.0,961.0,998.0,
29.0,52.0,146.0,169.0,218.0,273.0,273.0,342.0,354.0,389.0,405.0,424.0,492.0,590.0,592.0,659.0,718.0,740.0,860.0,862.0,881.0,890.0,912.0,920.0,939.0,948.0,
62.0,191.0,202.0,223.0,274.0,282.0,306.0,315.0,331.0,365.0,370.0,380.0,386.0,418.0,425.0,437.0,440.0,447.0,449.0,541.0,554.0,560.0,571.0,575.0,602.0,612.0,632.0,711.0,761.0,779.0,792.0,875.0,886.0,890.0,915.0,950.0,963.0,983.0,
21.0,50.0,68.0,70.0,168.0,174.0,175.0,188.0,213.0,229.0,249.0,288.0,295.0,298.0,310.0,412.0,474.0,583.0,597.0,667.0,677.0,688.0,727.0,744.0,805.0,846.0,924.0,965.0,965.0,982.0,992.0,
16.0,35.0,54.0,72.0,157.0,178.0,190.0,209.0,253.0,262.0,308.0,383.0,408.0,457.0,468.0,481.0,549.0,581.0,614.0,618.0,641.0,671.0,678.0,774.0,819.0,823.0,833.0,896.0,924.0,983.0,991.0,
13.0,145.0,161.0,225.0,248.0,260.0,268.0,310.0,396.0,464.0,465.0,485.0,494.0,500.0,501.0,526.0,557.0,566.0,586.0,698.0,734.0,751.0,752.0,793.0,820.0,827.0,848.0,864.0,894.0,898.0,899.0,917.0,927.0,970.0,986.0,996.0,
12.0,28.0,99.0,156.0,197.0,209.0,211.0,279.0,465.0,478.0,495.0,554.0,576.0,598.0,636.0,676.0,742.0,751.0,764.0,778.0,780.0,819.0,831.0,832.0,882.0,894.0,902.0,921.0,935.0,949.0,956.0,971.0,980.0,
19.0,26.0,38.0,42.0,68.0,77.0,174.0,202.0,247.0,320.0,335.0,348.0,348.0,368.0,392.0,399.0,412.0,423.0,435.0,464.0,476.0,516.0,524.0,548.0,581.0,659.0,694.0,695.0,713.0,733.0,757.0,808.0,832.0,833.0,866.0,949.0,954.0,966.0,
17.0,55.0,66.0,129.0,147.0,164.0,177.0,244.0,286.0,321.0,356.0,431.0,474.0,485.0,547.0,628.0,664.0,667.0,673.0,699.0,726.0,728.0,738.0,749.0,771.0,773.0,797.0,816.0,878.0,888.0,917.0,929.0,932.0,963.0,
24.0,25.0,58.0,94.0,115.0,121.0,142.0,173.0,211.0,220.0,323.0,361.0,409.0,412.0,416.0,421.0,432.0,459.0,465.0,470.0,485.0,518.0,520.0,580.0,617.0,628.0,639.0,653.0,669.0,692.0,712.0,724.0,736.0,786.0,823.0,854.0,901.0,906.0,923.0,971.0,974.0,
4.0,38.0,68.0,88.0,97.0,170.0,190.0,197.0,225.0,233.0,295.0,312.0,329.0,330.0,371.0,408.0,436.0,448.0,520.0,699.0,703.0,711.0,719.0,740.0,756.0,757.0,791.0,814.0,817.0,851.0,878.0,897.0,902.0,914.0,939.0,996.0,
3.0,26.0,43.0,75.0,125.0,130.0,169.0,221.0,290.0,317.0,320.0,341.0,356.0,409.0,507.0,539.0,556.0,559.0,563.0,576.0,624.0,654.0,689.0,715.0,738.0,739.0,782.0,784.0,842.0,844.0,851.0,886.0,892.0,923.0,925.0,964.0,
14.0,30.0,42.0,61.0,67.0,122.0,129.0,186.0,198.0,241.0,282.0,301.0,311.0,314.0,409.0,459.0,586.0,620.0,639.0,665.0,678.0,716.0,716.0,747.0,764.0,792.0,793.0,816.0,858.0,858.0,920.0,980.0,
10.0,11.0,29.0,48.0,50.0,143.0,171.0,172.0,185.0,207.0,213.0,220.0,230.0,237.0,249.0,268.0,300.0,303.0,314.0,328.0,335.0,405.0,414.0,432.0,439.0,443.0,475.0,518.0,544.0,568.0,589.0,602.0,674.0,699.0,709.0,726.0,727.0,758.0,815.0,859.0,885.0,935.0,964.0,979.0,985.0,
2.0,42.0,66.0,85.0,116.0,140.0,164.0,182.0,186.0,190.0,245.0,261.0,296.0,307.0,313.0,363.0,387.0,407.0,440.0,443.0,508.0,608.0,612.0,621.0,654.0,730.0,737.0,768.0,811.0,819.0,861.0,866.0,889.0,935.0,
31.0,146.0,156.0,157.0,162.0,242.0,254.0,302.0,426.0,452.0,491.0,531.0,557.0,594.0,596.0,683.0,695.0,732.0,767.0,803.0,805.0,816.0,857.0,861.0,901.0,910.0,986.0,996.0,
43.0,61.0,73.0,116.0,147.0,152.0,153.0,171.0,178.0,379.0,381.0,443.0,474.0,495.0,518.0,555.0,573.0,576.0,584.0,598.0,657.0,664.0,673.0,784.0,812.0,880.0,880.0,990.0,
56.0,76.0,84.0,85.0,92.0,96.0,100.0,167.0,199.0,213.0,256.0,284.0,303.0,318.0,375.0,391.0,395.0,437.0,539.0,539.0,614.0,615.0,615.0,635.0,704.0,714.0,731.0,742.0,791.0,815.0,820.0,832.0,851.0,856.0,865.0,884.0,892.0,899.0,900.0,934.0,989.0,
4.0,62.0,65.0,83.0,86.0,87.0,90.0,154.0,194.0,199.0,229.0,242.0,244.0,244.0,279.0,309.0,317.0,340.0,350.0,378.0,417.0,433.0,481.0,525.0,525.0,541.0,544.0,573.0,594.0,607.0,615.0,622.0,659.0,666.0,668.0,674.0,708.0,709.0,742.0,743.0,751.0,753.0,773.0,806.0,817.0,860.0,885.0,933.0,934.0,971.0,977.0,985.0,995.0,
6.0,19.0,34.0,90.0,103.0,149.0,211.0,262.0,264.0,270.0,295.0,303.0,311.0,389.0,392.0,405.0,413.0,414.0,428.0,469.0,486.0,498.0,513.0,565.0,601.0,607.0,617.0,617.0,622.0,632.0,636.0,654.0,656.0,663.0,689.0,748.0,753.0,771.0,773.0,795.0,842.0,849.0,853.0,870.0,965.0,977.0,
34.0,87.0,104.0,144.0,187.0,193.0,214.0,239.0,246.0,249.0,256.0,259.0,360.0,470.0,559.0,566.0,580.0,608.0,635.0,637.0,682.0,707.0,757.0,793.0,797.0,811.0,819.0,841.0,921.0,950.0,978.0,997.0,1000.0,
22.0,86.0,113.0,120.0,132.0,175.0,196.0,215.0,221.0,223.0,240.0,244.0,261.0,268.0,275.0,315.0,344.0,368.0,395.0,401.0,508.0,510.0,563.0,579.0,646.0,655.0,701.0,729.0,737.0,753.0,773.0,789.0,807.0,845.0,856.0,894.0,930.0,964.0,984.0,
39.0,58.0,64.0,83.0,95.0,125.0,135.0,252.0,262.0,266.0,274.0,303.0,332.0,357.0,380.0,406.0,435.0,498.0,541.0,596.0,607.0,619.0,761.0,781.0,787.0,871.0,874.0,883.0,910.0,936.0,979.0,
4.0,239.0,255.0,264.0,281.0,308.0,330.0,331.0,339.0,344.0,376.0,415.0,420.0,424.0,438.0,450.0,460.0,492.0,506.0,513.0,530.0,531.0,535.0,540.0,632.0,642.0,662.0,673.0,692.0,738.0,753.0,771.0,776.0,818.0,858.0,877.0,893.0,934.0,945.0,948.0,958.0,972.0,974.0,
6.0,27.0,32.0,38.0,178.0,211.0,271.0,272.0,280.0,303.0,319.0,411.0,419.0,446.0,475.0,532.0,569.0,590.0,606.0,638.0,653.0,668.0,694.0,747.0,760.0,768.0,770.0,787.0,802.0,807.0,811.0,814.0,869.0,891.0,904.0,916.0,917.0,
60.0,101.0,103.0,103.0,122.0,143.0,146.0,150.0,153.0,180.0,202.0,234.0,235.0,241.0,247.0,271.0,291.0,304.0,307.0,315.0,319.0,320.0,327.0,329.0,331.0,349.0,364.0,406.0,412.0,436.0,526.0,578.0,601.0,651.0,671.0,671.0,679.0,688.0,691.0,709.0,713.0,768.0,801.0,805.0,807.0,822.0,854.0,881.0,924.0,939.0,940.0,961.0,969.0,980.0,
21.0,27.0,107.0,151.0,157.0,206.0,228.0,251.0,284.0,343.0,398.0,399.0,419.0,457.0,470.0,486.0,511.0,555.0,562.0,623.0,635.0,639.0,646.0,813.0,831.0,863.0,889.0,903.0,924.0,927.0,940.0,957.0,
28.0,58.0,74.0,126.0,165.0,168.0,175.0,237.0,270.0,272.0,286.0,318.0,340.0,373.0,388.0,405.0,428.0,452.0,543.0,544.0,552.0,553.0,596.0,606.0,681.0,699.0,707.0,715.0,732.0,735.0,736.0,761.0,767.0,812.0,831.0,841.0,932.0,933.0,944.0,961.0,967.0,994.0,
17.0,19.0,68.0,94.0,112.0,115.0,119.0,159.0,161.0,172.0,286.0,287.0,308.0,382.0,416.0,425.0,463.0,477.0,545.0,547.0,552.0,555.0,612.0,620.0,640.0,649.0,695.0,735.0,766.0,769.0,809.0,836.0,839.0,841.0,880.0,908.0,909.0,945.0,955.0,996.0,
29.0,95.0,105.0,126.0,156.0,159.0,166.0,167.0,167.0,168.0,175.0,191.0,226.0,241.0,306.0,310.0,314.0,327.0,334.0,383.0,408.0,412.0,417.0,427.0,450.0,467.0,523.0,572.0,598.0,679.0,711.0,738.0,740.0,752.0,759.0,766.0,775.0,786.0,795.0,796.0,808.0,834.0,877.0,942.0,984.0,990.0,1000.0,
96.0,112.0,141.0,142.0,170.0,214.0,215.0,225.0,231.0,234.0,242.0,250.0,267.0,279.0,335.0,336.0,341.0,358.0,365.0,429.0,460.0,477.0,497.0,551.0,627.0,637.0,641.0,647.0,661.0,667.0,670.0,684.0,714.0,723.0,748.0,822.0,831.0,834.0,875.0,913.0,932.0,986.0,995.0,
47.0,64.0,113.0,148.0,157.0,187.0,222.0,229.0,234.0,307.0,358.0,360.0,387.0,401.0,415.0,448.0,462.0,467.0,510.0,518.0,525.0,589.0,795.0,800.0,851.0,851.0,853.0,869.0,888.0,931.0,953.0,962.0,969.0,970.0,975.0,975.0,
77.0,107.0,131.0,152.0,195.0,216.0,222.0,246.0,256.0,304.0,319.0,345.0,412.0,420.0,447.0,496.0,507.0,508.0,548.0,677.0,704.0,707.0,736.0,736.0,758.0,811.0,869.0,876.0,953.0,959.0,
25.0,101.0,103.0,165.0,194.0,253.0,254.0,265.0,303.0,307.0,349.0,397.0,400.0,426.0,438.0,489.0,500.0,541.0,554.0,602.0,603.0,618.0,631.0,665.0,673.0,692.0,694.0,704.0,724.0,756.0,760.0,781.0,828.0,880.0,883.0,893.0,906.0,910.0,929.0,944.0,951.0,
5.0,17.0,26.0,94.0,119.0,128.0,137.0,141.0,157.0,203.0,230.0,239.0,268.0,375.0,417.0,426.0,487.0,508.0,515.0,631.0,644.0,711.0,712.0,714.0,752.0,767.0,864.0,898.0,903.0,917.0,941.0,950.0,
11.0,103.0,152.0,222.0,258.0,266.0,277.0,306.0,341.0,350.0,371.0,380.0,404.0,446.0,473.0,477.0,495.0,501.0,780.0,828.0,831.0,881.0,
26.0,27.0,35.0,58.0,78.0,98.0,114.0,144.0,160.0,180.0,258.0,262.0,358.0,395.0,407.0,441.0,488.0,692.0,719.0,729.0,735.0,741.0,794.0,821.0,856.0,871.0,882.0,922.0,925.0,938.0,999.0,
4.0,24.0,76.0,108.0,202.0,214.0,252.0,273.0,323.0,365.0,399.0,468.0,470.0,531.0,533.0,541.0,543.0,545.0,567.0,578.0,679.0,713.0,716.0,794.0,840.0,874.0,883.0,908.0,908.0,928.0,970.0,979.0,
2.0,14.0,15.0,64.0,65.0,147.0,149.0,152.0,160.0,210.0,217.0,251.0,271.0,280.0,288.0,354.0,355.0,390.0,413.0,425.0,443.0,443.0,476.0,481.0,531.0,557.0,597.0,634.0,649.0,652.0,702.0,713.0,748.0,782.0,887.0,887.0,921.0,927.0,929.0,978.0,985.0,996.0,
10.0,15.0,47.0,60.0,113.0,135.0,206.0,209.0,212.0,254.0,257.0,258.0,259.0,264.0,278.0,293.0,312.0,324.0,377.0,398.0,445.0,461.0,492.0,492.0,502.0,507.0,529.0,535.0,551.0,562.0,588.0,592.0,651.0,675.0,706.0,751.0,753.0,764.0,824.0,882.0,917.0,920.0,927.0,931.0,941.0,
37.0,60.0,62.0,71.0,86.0,129.0,130.0,130.0,141.0,182.0,252.0,262.0,264.0,269.0,284.0,328.0,342.0,414.0,417.0,491.0,515.0,544.0,561.0,569.0,614.0,637.0,651.0,674.0,718.0,719.0,748.0,779.0,788.0,805.0,817.0,836.0,847.0,935.0,946.0,994.0,
20.0,208.0,214.0,221.0,260.0,288.0,302.0,317.0,349.0,358.0,411.0,431.0,514.0,516.0,528.0,567.0,579.0,621.0,649.0,681.0,692.0,721.0,724.0,766.0,777.0,824.0,839.0,896.0,938.0,975.0,984.0,984.0,
18.0,24.0,80.0,91.0,152.0,175.0,185.0,294.0,295.0,331.0,347.0,347.0,352.0,377.0,437.0,453.0,456.0,483.0,505.0,520.0,564.0,565.0,595.0,614.0,668.0,673.0,727.0,771.0,829.0,908.0,911.0,947.0,963.0,
104.0,111.0,127.0,146.0,158.0,160.0,173.0,246.0,303.0,323.0,351.0,353.0,379.0,381.0,389.0,449.0,480.0,484.0,551.0,552.0,606.0,617.0,622.0,625.0,674.0,683.0,730.0,732.0,762.0,789.0,793.0,817.0,825.0,867.0,887.0,890.0,953.0,965.0,970.0,989.0,991.0,
16.0,20.0,34.0,47.0,50.0,50.0,58.0,97.0,141.0,144.0,168.0,191.0,314.0,316.0,318.0,329.0,333.0,401.0,408.0,441.0,446.0,
59.0,84.0,108.0,117.0,136.0,178.0,216.0,280.0,311.0,322.0,332.0,344.0,406.0,471.0,508.0,
24.0,34.0,51.0,77.0,117.0,130.0,178.0,211.0,245.0,258.0,283.0,307.0,408.0,411.0,417.0,436.0,445.0,476.0,826.0,845.0,850.0,
25.0,44.0,59.0,91.0,132.0,158.0,178.0,190.0,200.0,204.0,206.0,212.0,289.0,293.0,297.0,329.0,341.0,393.0,401.0,419.0,428.0,456.0,470.0,480.0,494.0,529.0,575.0,609.0,632.0,641.0,686.0,722.0,743.0,743.0,769.0,789.0,805.0,834.0,876.0,899.0,957.0,977.0,994.0,
15.0,16.0,120.0,191.0,239.0,262.0,328.0,349.0,365.0,404.0,413.0,434.0,510.0,540.0,557.0,564.0,565.0,573.0,581.0,619.0,685.0,695.0,699.0,756.0,774.0,804.0,829.0,839.0,843.0,918.0,930.0,959.0,
7.0,28.0,40.0,47.0,55.0,60.0,92.0,130.0,172.0,175.0,209.0,267.0,339.0,366.0,370.0,388.0,419.0,426.0,436.0,469.0,536.0,590.0,635.0,678.0,734.0,743.0,790.0,799.0,825.0,840.0,851.0,858.0,864.0,920.0,922.0,
50.0,87.0,89.0,119.0,121.0,142.0,186.0,189.0,222.0,268.0,274.0,274.0,326.0,333.0,344.0,382.0,394.0,425.0,437.0,461.0,470.0,471.0,504.0,519.0,534.0,565.0,577.0,609.0,625.0,667.0,728.0,761.0,794.0,832.0,880.0,892.0,915.0,961.0,968.0,970.0,983.0,
96.0,118.0,167.0,202.0,219.0,240.0,277.0,280.0,314.0,316.0,343.0,382.0,415.0,498.0,508.0,511.0,528.0,575.0,582.0,617.0,621.0,630.0,679.0,693.0,699.0,799.0,814.0,817.0,818.0,847.0,909.0,976.0,
36.0,93.0,141.0,153.0,155.0,167.0,186.0,236.0,261.0,273.0,345.0,395.0,398.0,435.0,454.0,459.0,500.0,528.0,565.0,567.0,571.0,616.0,623.0,645.0,669.0,673.0,696.0,730.0,736.0,747.0,750.0,760.0,760.0,763.0,767.0,786.0,823.0,900.0,923.0,
7.0,9.0,11.0,41.0,75.0,82.0,90.0,123.0,127.0,168.0,188.0,215.0,240.0,312.0,368.0,424.0,441.0,479.0,486.0,490.0,539.0,542.0,546.0,579.0,607.0,753.0,777.0,780.0,780.0,796.0,860.0,873.0,882.0,904.0,909.0,950.0,961.0,986.0,
7.0,44.0,53.0,77.0,84.0,99.0,231.0,234.0,268.0,268.0,270.0,281.0,294.0,324.0,426.0,461.0,467.0,475.0,511.0,554.0,601.0,610.0,621.0,669.0,669.0,672.0,677.0,702.0,723.0,736.0,747.0,750.0,760.0,777.0,790.0,793.0,802.0,802.0,884.0,886.0,892.0,895.0,905.0,950.0,983.0,
12.0,18.0,25.0,31.0,117.0,124.0,135.0,143.0,242.0,255.0,260.0,272.0,284.0,360.0,374.0,399.0,406.0,408.0,430.0,469.0,
10.0,11.0,16.0,43.0,47.0,100.0,135.0,150.0,161.0,177.0,272.0,329.0,355.0,392.0,399.0,421.0,422.0,672.0,724.0,771.0,786.0,796.0,803.0,850.0,854.0,893.0,972.0,
6.0,14.0,37.0,119.0,126.0,141.0,158.0,161.0,178.0,212.0,250.0,280.0,348.0,360.0,440.0,471.0,485.0,509.0,594.0,602.0,612.0,612.0,692.0,720.0,725.0,730.0,780.0,788.0,794.0,811.0,816.0,832.0,876.0,922.0,931.0,949.0,
19.0,23.0,35.0,44.0,55.0,57.0,83.0,85.0,88.0,90.0,91.0,132.0,139.0,151.0,165.0,185.0,191.0,236.0,283.0,301.0,340.0,366.0,375.0,397.0,401.0,409.0,468.0,483.0,496.0,511.0,522.0,523.0,532.0,564.0,565.0,584.0,594.0,666.0,730.0,760.0,771.0,798.0,805.0,816.0,831.0,860.0,862.0,893.0,894.0,936.0,946.0,981.0,982.0,987.0,
5.0,11.0,38.0,142.0,160.0,164.0,221.0,292.0,294.0,331.0,360.0,375.0,427.0,458.0,467.0,487.0,524.0,524.0,529.0,540.0,551.0,570.0,575.0,607.0,649.0,652.0,652.0,691.0,743.0,765.0,810.0,811.0,812.0,879.0,881.0,903.0,944.0,944.0,947.0,980.0,983.0,988.0,995.0,
38.0,117.0,123.0,131.0,132.0,158.0,206.0,276.0,322.0,380.0,382.0,398.0,405.0,422.0,424.0,445.0,469.0,629.0,629.0,656.0,789.0,794.0,804.0,852.0,867.0,898.0,940.0,940.0,948.0,966.0,972.0,
8.0,29.0,52.0,57.0,76.0,166.0,289.0,349.0,365.0,365.0,369.0,404.0,417.0,417.0,441.0,448.0,452.0,455.0,467.0,505.0,527.0,574.0,605.0,610.0,641.0,677.0,742.0,748.0,755.0,769.0,781.0,786.0,800.0,801.0,807.0,814.0,966.0,
19.0,23.0,29.0,33.0,73.0,75.0,230.0,264.0,267.0,277.0,294.0,310.0,341.0,369.0,390.0,421.0,449.0,451.0,467.0,574.0,613.0,627.0,634.0,663.0,675.0,706.0,742.0,764.0,768.0,774.0,803.0,901.0,981.0,
10.0,61.0,89.0,100.0,162.0,183.0,202.0,220.0,229.0,245.0,269.0,383.0,402.0,434.0,440.0,491.0,532.0,566.0,600.0,623.0,654.0,688.0,703.0,733.0,763.0,783.0,804.0,824.0,877.0,905.0,958.0,967.0,
47.0,68.0,104.0,151.0,152.0,163.0,295.0,330.0,339.0,343.0,437.0,456.0,465.0,600.0,621.0,634.0,641.0,670.0,680.0,702.0,706.0,718.0,778.0,785.0,811.0,816.0,819.0,834.0,841.0,857.0,860.0,868.0,879.0,880.0,880.0,898.0,956.0,984.0,
8.0,20.0,27.0,86.0,101.0,114.0,190.0,198.0,203.0,240.0,241.0,269.0,362.0,485.0,508.0,508.0,517.0,547.0,570.0,607.0,648.0,660.0,678.0,718.0,725.0,726.0,735.0,746.0,746.0,805.0,816.0,856.0,860.0,863.0,913.0,931.0,953.0,962.0,963.0,
17.0,43.0,63.0,67.0,87.0,114.0,141.0,220.0,260.0,414.0,432.0,440.0,459.0,524.0,524.0,530.0,566.0,593.0,604.0,630.0,651.0,656.0,661.0,662.0,715.0,744.0,754.0,783.0,803.0,857.0,870.0,896.0,919.0,982.0,995.0,
8.0,64.0,79.0,120.0,122.0,126.0,178.0,192.0,219.0,220.0,223.0,225.0,253.0,283.0,333.0,352.0,486.0,523.0,552.0,563.0,626.0,654.0,674.0,687.0,692.0,696.0,719.0,752.0,785.0,786.0,796.0,827.0,861.0,871.0,899.0,900.0,918.0,928.0,928.0,930.0,970.0,977.0,995.0,
9.0,42.0,70.0,82.0,87.0,133.0,134.0,186.0,193.0,215.0,231.0,236.0,237.0,239.0,255.0,269.0,290.0,331.0,349.0,388.0,433.0,534.0,536.0,537.0,552.0,619.0,673.0,675.0,716.0,744.0,785.0,794.0,830.0,848.0,880.0,949.0,951.0,962.0,
64.0,79.0,99.0,122.0,125.0,125.0,127.0,149.0,152.0,166.0,174.0,272.0,285.0,308.0,333.0,358.0,431.0,466.0,470.0,501.0,566.0,602.0,653.0,666.0,685.0,761.0,765.0,775.0,796.0,918.0,923.0,971.0,989.0,
29.0,34.0,42.0,74.0,97.0,142.0,143.0,156.0,326.0,367.0,376.0,396.0,416.0,476.0,482.0,484.0,532.0,532.0,558.0,595.0,640.0,659.0,694.0,695.0,786.0,806.0,811.0,821.0,865.0,898.0,900.0,959.0,969.0,976.0,998.0,
75.0,133.0,140.0,143.0,204.0,215.0,223.0,236.0,254.0,295.0,313.0,324.0,331.0,364.0,385.0,387.0,405.0,436.0,448.0,468.0,488.0,517.0,521.0,528.0,560.0,615.0,703.0,761.0,775.0,786.0,811.0,820.0,826.0,868.0,879.0,899.0,913.0,938.0,
26.0,120.0,167.0,181.0,191.0,195.0,246.0,265.0,274.0,304.0,318.0,377.0,407.0,419.0,421.0,472.0,559.0,653.0,675.0,681.0,700.0,745.0,949.0,963.0,970.0,990.0,
2.0,30.0,38.0,50.0,57.0,96.0,128.0,133.0,140.0,158.0,237.0,260.0,282.0,285.0,292.0,293.0,335.0,357.0,387.0,389.0,419.0,422.0,466.0,529.0,738.0,753.0,763.0,770.0,785.0,811.0,829.0,883.0,886.0,917.0,963.0,994.0,
49.0,73.0,120.0,150.0,191.0,220.0,327.0,361.0,363.0,405.0,408.0,439.0,449.0,452.0,455.0,495.0,498.0,505.0,509.0,514.0,527.0,529.0,535.0,560.0,641.0,649.0,653.0,664.0,689.0,759.0,768.0,808.0,818.0,829.0,838.0,887.0,923.0,997.0,
31.0,89.0,103.0,176.0,178.0,192.0,197.0,203.0,248.0,290.0,293.0,307.0,350.0,358.0,382.0,433.0,485.0,499.0,508.0,520.0,532.0,560.0,569.0,613.0,664.0,672.0,709.0,739.0,745.0,751.0,752.0,752.0,770.0,895.0,914.0,921.0,940.0,
2.0,10.0,31.0,39.0,64.0,87.0,96.0,161.0,244.0,244.0,270.0,299.0,307.0,309.0,311.0,429.0,434.0,458.0,503.0,507.0,547.0,553.0,567.0,609.0,677.0,677.0,712.0,713.0,727.0,764.0,797.0,810.0,885.0,932.0,
31.0,64.0,83.0,85.0,93.0,116.0,117.0,174.0,177.0,177.0,181.0,212.0,229.0,255.0,307.0,307.0,321.0,327.0,359.0,365.0,371.0,376.0,422.0,424.0,478.0,489.0,515.0,519.0,576.0,592.0,606.0,648.0,651.0,666.0,728.0,737.0,746.0,751.0,796.0,799.0,809.0,840.0,845.0,858.0,881.0,943.0,979.0,996.0,
18.0,84.0,89.0,137.0,156.0,181.0,206.0,231.0,265.0,280.0,300.0,320.0,357.0,379.0,444.0,457.0,468.0,515.0,535.0,549.0,575.0,593.0,609.0,634.0,644.0,677.0,733.0,769.0,782.0,879.0,944.0,964.0,
62.0,107.0,118.0,130.0,143.0,147.0,169.0,169.0,196.0,222.0,230.0,252.0,260.0,359.0,359.0,369.0,384.0,434.0,454.0,468.0,474.0,509.0,521.0,576.0,590.0,591.0,607.0,608.0,729.0,772.0,801.0,821.0,839.0,877.0,879.0,982.0,
9.0,14.0,39.0,52.0,53.0,90.0,117.0,181.0,260.0,308.0,312.0,317.0,343.0,357.0,372.0,393.0,454.0,475.0,480.0,499.0,516.0,524.0,554.0,577.0,586.0,657.0,674.0,682.0,723.0,780.0,787.0,789.0,861.0,904.0,916.0,927.0,944.0,1000.0,
8.0,151.0,171.0,177.0,184.0,187.0,226.0,254.0,274.0,299.0,300.0,306.0,308.0,329.0,343.0,351.0,368.0,378.0,387.0,401.0,469.0,508.0,509.0,530.0,585.0,599.0,618.0,636.0,664.0,708.0,708.0,722.0,742.0,786.0,797.0,806.0,834.0,941.0,963.0,
9.0,14.0,30.0,34.0,44.0,49.0,54.0,64.0,97.0,123.0,125.0,145.0,167.0,235.0,266.0,270.0,276.0,303.0,309.0,324.0,377.0,445.0,499.0,529.0,580.0,648.0,664.0,695.0,740.0,747.0,762.0,776.0,863.0,939.0,970.0,
40.0,61.0,90.0,116.0,140.0,325.0,363.0,377.0,403.0,434.0,450.0,467.0,552.0,555.0,558.0,567.0,666.0,679.0,686.0,736.0,750.0,761.0,788.0,800.0,816.0,896.0,975.0,999.0,
10.0,53.0,61.0,65.0,113.0,114.0,129.0,129.0,130.0,229.0,232.0,287.0,306.0,310.0,366.0,403.0,405.0,416.0,460.0,490.0,500.0,505.0,505.0,528.0,549.0,575.0,591.0,595.0,676.0,757.0,778.0,780.0,878.0,900.0,996.0,
57.0,117.0,128.0,190.0,210.0,213.0,219.0,242.0,257.0,325.0,351.0,369.0,382.0,384.0,420.0,480.0,508.0,520.0,522.0,523.0,559.0,576.0,625.0,646.0,654.0,663.0,673.0,682.0,689.0,695.0,732.0,815.0,846.0,864.0,873.0,893.0,893.0,901.0,912.0,920.0,935.0,949.0,988.0,
11.0,18.0,118.0,127.0,128.0,133.0,188.0,232.0,247.0,253.0,258.0,258.0,357.0,371.0,402.0,407.0,425.0,438.0,474.0,492.0,498.0,516.0,579.0,652.0,656.0,704.0,724.0,770.0,809.0,872.0,884.0,886.0,986.0,992.0,
50.0,56.0,110.0,132.0,149.0,165.0,169.0,205.0,214.0,226.0,292.0,292.0,306.0,340.0,368.0,432.0,441.0,466.0,528.0,534.0,550.0,563.0,597.0,627.0,632.0,659.0,686.0,716.0,726.0,735.0,753.0,791.0,798.0,860.0,880.0,956.0,998.0,
4.0,55.0,119.0,123.0,143.0,165.0,202.0,207.0,228.0,239.0,302.0,389.0,402.0,452.0,497.0,557.0,581.0,593.0,606.0,628.0,634.0,674.0,691.0,723.0,730.0,747.0,766.0,826.0,826.0,827.0,924.0,966.0,971.0,975.0,
25.0,65.0,92.0,98.0,145.0,153.0,157.0,168.0,182.0,196.0,212.0,242.0,257.0,342.0,347.0,368.0,393.0,394.0,456.0,480.0,483.0,493.0,513.0,528.0,545.0,571.0,588.0,657.0,715.0,863.0,863.0,922.0,942.0,971.0,983.0,989.0,999.0,
