10.0,67.0,123.0,126.0,149.0,152.0,179.0,194.0,244.0,294.0,298.0,347.0,348.0,348.0,365.0,421.0,431.0,487.0,513.0,572.0,604.0,634.0,665.0,674.0,695.0,744.0,768.0,800.0,819.0,847.0,858.0,870.0,919.0,934.0,971.0,990.0,
32.0,40.0,65.0,89.0,90.0,113.0,120.0,176.0,231.0,238.0,278.0,287.0,325.0,372.0,413.0,414.0,465.0,477.0,483.0,497.0,539.0,543.0,548.0,560.0,627.0,635.0,657.0,672.0,730.0,742.0,743.0,789.0,790.0,859.0,897.0,977.0,
15.0,17.0,57.0,101.0,115.0,117.0,132.0,142.0,163.0,221.0,281.0,306.0,308.0,310.0,354.0,390.0,465.0,526.0,541.0,554.0,618.0,624.0,722.0,738.0,757.0,800.0,834.0,836.0,847.0,895.0,994.0,
5.0,21.0,23.0,290.0,312.0,375.0,382.0,406.0,412.0,451.0,461.0,519.0,548.0,571.0,641.0,725.0,748.0,753.0,770.0,786.0,807.0,872.0,888.0,911.0,937.0,984.0,
16.0,79.0,135.0,154.0,166.0,203.0,221.0,231.0,264.0,267.0,286.0,314.0,396.0,405.0,441.0,447.0,511.0,515.0,530.0,548.0,550.0,564.0,575.0,612.0,680.0,692.0,731.0,806.0,810.0,887.0,960.0,971.0,
7.0,12.0,131.0,170.0,195.0,243.0,250.0,255.0,268.0,292.0,309.0,329.0,331.0,410.0,493.0,501.0,501.0,552.0,552.0,561.0,569.0,579.0,587.0,615.0,723.0,732.0,745.0,807.0,814.0,815.0,877.0,925.0,931.0,958.0,963.0,
27.0,43.0,45.0,55.0,87.0,97.0,106.0,129.0,167.0,184.0,187.0,200.0,307.0,310.0,328.0,343.0,377.0,388.0,425.0,428.0,444.0,507.0,515.0,553.0,652.0,666.0,691.0,707.0,784.0,788.0,802.0,823.0,825.0,879.0,933.0,939.0,965.0,
17.0,76.0,90.0,92.0,111.0,126.0,134.0,160.0,170.0,171.0,186.0,189.0,224.0,282.0,291.0,428.0,511.0,531.0,536.0,540.0,545.0,598.0,605.0,609.0,616.0,743.0,794.0,812.0,829.0,836.0,840.0,844.0,846.0,846.0,901.0,970.0,988.0,
21.0,26.0,49.0,58.0,89.0,136.0,144.0,168.0,260.0,287.0,314.0,361.0,362.0,371.0,380.0,411.0,422.0,469.0,493.0,524.0,543.0,552.0,576.0,602.0,612.0,638.0,641.0,669.0,734.0,739.0,792.0,801.0,802.0,808.0,830.0,888.0,966.0,
17.0,45.0,49.0,63.0,100.0,102.0,116.0,119.0,127.0,163.0,188.0,193.0,203.0,208.0,214.0,262.0,358.0,359.0,392.0,434.0,445.0,517.0,521.0,543.0,584.0,586.0,622.0,631.0,651.0,732.0,750.0,759.0,784.0,821.0,859.0,875.0,880.0,918.0,938.0,944.0,
42.0,49.0,57.0,72.0,72.0,95.0,107.0,114.0,122.0,135.0,224.0,234.0,236.0,282.0,310.0,319.0,336.0,346.0,365.0,368.0,403.0,407.0,432.0,439.0,442.0,442.0,511.0,525.0,538.0,571.0,661.0,670.0,681.0,693.0,695.0,704.0,765.0,786.0,801.0,823.0,855.0,880.0,899.0,922.0,925.0,933.0,
27.0,32.0,68.0,117.0,123.0,143.0,181.0,186.0,227.0,254.0,290.0,342.0,466.0,485.0,528.0,574.0,624.0,659.0,702.0,723.0,725.0,735.0,794.0,801.0,822.0,827.0,858.0,859.0,881.0,930.0,974.0,
2.0,14.0,42.0,62.0,71.0,143.0,187.0,212.0,227.0,229.0,235.0,235.0,276.0,279.0,345.0,369.0,398.0,399.0,401.0,437.0,464.0,482.0,487.0,535.0,538.0,542.0,575.0,581.0,597.0,626.0,660.0,705.0,769.0,802.0,928.0,930.0,
42.0,97.0,109.0,153.0,155.0,165.0,187.0,198.0,254.0,267.0,298.0,317.0,390.0,399.0,414.0,436.0,440.0,452.0,462.0,537.0,537.0,561.0,600.0,626.0,757.0,766.0,795.0,805.0,808.0,927.0,962.0,992.0,
22.0,47.0,101.0,108.0,113.0,115.0,181.0,182.0,336.0,374.0,524.0,526.0,560.0,685.0,697.0,703.0,873.0,873.0,874.0,882.0,895.0,898.0,922.0,950.0,
9.0,37.0,38.0,46.0,53.0,62.0,90.0,139.0,146.0,150.0,172.0,176.0,178.0,189.0,197.0,223.0,250.0,256.0,257.0,262.0,323.0,347.0,374.0,401.0,432.0,434.0,557.0,596.0,598.0,603.0,634.0,685.0,699.0,716.0,753.0,797.0,801.0,820.0,830.0,850.0,852.0,866.0,874.0,895.0,949.0,981.0,
49.0,86.0,107.0,118.0,124.0,139.0,140.0,173.0,190.0,195.0,216.0,249.0,263.0,292.0,313.0,321.0,364.0,369.0,373.0,376.0,405.0,443.0,488.0,631.0,641.0,644.0,646.0,651.0,718.0,718.0,772.0,848.0,876.0,906.0,914.0,928.0,
12.0,18.0,33.0,100.0,117.0,122.0,141.0,145.0,162.0,205.0,284.0,295.0,335.0,401.0,427.0,456.0,460.0,479.0,528.0,543.0,562.0,566.0,599.0,654.0,656.0,684.0,714.0,733.0,754.0,758.0,765.0,785.0,798.0,825.0,825.0,855.0,906.0,918.0,920.0,938.0,939.0,959.0,973.0,979.0,982.0,
57.0,80.0,162.0,206.0,210.0,224.0,246.0,247.0,247.0,268.0,281.0,282.0,333.0,342.0,370.0,374.0,389.0,407.0,421.0,436.0,441.0,466.0,584.0,694.0,696.0,726.0,741.0,756.0,765.0,783.0,840.0,893.0,906.0,911.0,
17.0,78.0,146.0,184.0,186.0,194.0,245.0,253.0,253.0,292.0,326.0,361.0,370.0,380.0,385.0,386.0,425.0,453.0,464.0,499.0,505.0,528.0,548.0,553.0,558.0,590.0,661.0,674.0,728.0,758.0,791.0,828.0,833.0,859.0,868.0,911.0,916.0,919.0,
3.0,8.0,32.0,62.0,144.0,154.0,183.0,217.0,223.0,265.0,313.0,327.0,387.0,388.0,473.0,569.0,575.0,609.0,617.0,633.0,637.0,695.0,700.0,720.0,772.0,795.0,800.0,865.0,872.0,891.0,909.0,991.0,996.0,
21.0,29.0,51.0,99.0,102.0,143.0,150.0,154.0,210.0,239.0,248.0,263.0,313.0,317.0,353.0,374.0,429.0,442.0,450.0,488.0,494.0,539.0,577.0,589.0,613.0,632.0,647.0,725.0,753.0,809.0,809.0,851.0,878.0,888.0,935.0,936.0,946.0,971.0,996.0,997.0,
10.0,20.0,31.0,106.0,169.0,185.0,185.0,257.0,268.0,305.0,317.0,384.0,384.0,417.0,428.0,460.0,483.0,486.0,546.0,587.0,607.0,653.0,685.0,745.0,754.0,756.0,776.0,790.0,794.0,800.0,876.0,979.0,989.0,990.0,
13.0,20.0,64.0,77.0,79.0,103.0,194.0,226.0,231.0,355.0,400.0,422.0,432.0,485.0,493.0,506.0,539.0,546.0,601.0,681.0,723.0,732.0,817.0,828.0,876.0,959.0,
67.0,81.0,82.0,94.0,169.0,207.0,249.0,262.0,281.0,374.0,386.0,391.0,443.0,509.0,512.0,522.0,531.0,570.0,577.0,582.0,617.0,662.0,700.0,721.0,722.0,746.0,753.0,857.0,892.0,897.0,906.0,939.0,952.0,999.0,
32.0,85.0,136.0,153.0,170.0,208.0,319.0,323.0,341.0,363.0,388.0,406.0,432.0,448.0,452.0,509.0,514.0,521.0,609.0,616.0,633.0,674.0,700.0,727.0,732.0,742.0,791.0,810.0,829.0,907.0,916.0,918.0,974.0,974.0,
6.0,11.0,11.0,19.0,73.0,134.0,164.0,274.0,312.0,350.0,380.0,380.0,401.0,402.0,454.0,460.0,490.0,497.0,509.0,548.0,572.0,654.0,676.0,694.0,701.0,714.0,728.0,792.0,816.0,831.0,849.0,876.0,897.0,941.0,957.0,987.0,
46.0,57.0,58.0,59.0,64.0,74.0,97.0,191.0,214.0,220.0,237.0,238.0,242.0,346.0,347.0,349.0,368.0,371.0,462.0,483.0,498.0,525.0,613.0,616.0,635.0,657.0,685.0,690.0,735.0,799.0,822.0,835.0,923.0,926.0,929.0,931.0,944.0,955.0,
67.0,153.0,180.0,204.0,210.0,212.0,217.0,243.0,259.0,275.0,307.0,322.0,337.0,374.0,382.0,399.0,431.0,450.0,504.0,541.0,546.0,569.0,670.0,688.0,738.0,766.0,769.0,810.0,884.0,888.0,903.0,934.0,971.0,982.0,983.0,986.0,993.0,
10.0,15.0,17.0,18.0,26.0,62.0,63.0,76.0,87.0,105.0,109.0,157.0,182.0,217.0,234.0,238.0,240.0,287.0,331.0,414.0,414.0,434.0,436.0,454.0,455.0,510.0,531.0,565.0,597.0,601.0,608.0,706.0,721.0,722.0,749.0,766.0,767.0,791.0,798.0,812.0,897.0,906.0,907.0,910.0,932.0,964.0,965.0,966.0,
30.0,62.0,78.0,114.0,134.0,158.0,169.0,169.0,177.0,209.0,334.0,412.0,419.0,460.0,518.0,551.0,611.0,685.0,698.0,714.0,714.0,765.0,777.0,777.0,812.0,819.0,830.0,838.0,845.0,846.0,904.0,927.0,956.0,987.0,
21.0,31.0,55.0,75.0,77.0,102.0,104.0,112.0,120.0,131.0,137.0,192.0,207.0,233.0,251.0,293.0,344.0,386.0,404.0,415.0,480.0,508.0,542.0,583.0,591.0,599.0,638.0,646.0,648.0,648.0,658.0,714.0,720.0,733.0,780.0,819.0,838.0,883.0,886.0,914.0,980.0,982.0,
58.0,75.0,132.0,188.0,201.0,302.0,395.0,449.0,502.0,504.0,519.0,588.0,607.0,656.0,701.0,704.0,721.0,738.0,786.0,793.0,823.0,851.0,853.0,867.0,872.0,898.0,898.0,925.0,945.0,971.0,979.0,
96.0,101.0,107.0,260.0,280.0,341.0,400.0,416.0,441.0,518.0,531.0,536.0,539.0,552.0,574.0,585.0,585.0,625.0,688.0,725.0,758.0,769.0,821.0,832.0,870.0,881.0,945.0,972.0,
4.0,106.0,107.0,109.0,184.0,187.0,244.0,324.0,356.0,368.0,399.0,420.0,430.0,438.0,451.0,475.0,488.0,492.0,512.0,523.0,537.0,593.0,628.0,649.0,651.0,699.0,725.0,735.0,774.0,806.0,824.0,976.0,988.0,
26.0,40.0,45.0,55.0,78.0,81.0,101.0,103.0,132.0,160.0,200.0,200.0,222.0,299.0,306.0,316.0,321.0,330.0,338.0,449.0,533.0,639.0,647.0,667.0,673.0,688.0,701.0,744.0,753.0,791.0,830.0,843.0,864.0,867.0,885.0,890.0,978.0,985.0,
14.0,51.0,57.0,60.0,68.0,144.0,159.0,168.0,194.0,194.0,210.0,215.0,234.0,325.0,356.0,370.0,384.0,399.0,410.0,437.0,448.0,580.0,607.0,749.0,764.0,796.0,802.0,836.0,851.0,859.0,881.0,909.0,924.0,955.0,
27.0,45.0,48.0,49.0,66.0,109.0,133.0,133.0,154.0,213.0,232.0,244.0,250.0,264.0,279.0,286.0,323.0,329.0,335.0,359.0,368.0,443.0,469.0,528.0,530.0,541.0,558.0,581.0,584.0,617.0,628.0,656.0,690.0,784.0,792.0,825.0,848.0,883.0,949.0,959.0,
8.0,14.0,141.0,191.0,199.0,221.0,255.0,259.0,272.0,282.0,333.0,381.0,386.0,398.0,409.0,524.0,548.0,590.0,599.0,601.0,602.0,619.0,623.0,627.0,641.0,650.0,667.0,680.0,707.0,727.0,733.0,735.0,747.0,754.0,830.0,839.0,843.0,879.0,883.0,892.0,897.0,898.0,952.0,
5.0,9.0,44.0,68.0,71.0,86.0,146.0,166.0,194.0,243.0,312.0,326.0,328.0,382.0,415.0,450.0,462.0,466.0,478.0,499.0,506.0,529.0,540.0,555.0,588.0,597.0,628.0,692.0,711.0,746.0,748.0,754.0,793.0,840.0,841.0,869.0,874.0,895.0,918.0,929.0,939.0,942.0,942.0,974.0,
13.0,28.0,28.0,70.0,103.0,114.0,122.0,148.0,175.0,188.0,261.0,272.0,301.0,369.0,495.0,593.0,633.0,635.0,642.0,644.0,675.0,693.0,731.0,816.0,832.0,936.0,940.0,942.0,968.0,978.0,
5.0,10.0,32.0,34.0,60.0,134.0,174.0,201.0,202.0,225.0,240.0,276.0,279.0,287.0,328.0,391.0,392.0,410.0,414.0,414.0,465.0,495.0,593.0,601.0,615.0,676.0,704.0,720.0,761.0,788.0,855.0,883.0,923.0,935.0,962.0,
203.0,248.0,303.0,308.0,330.0,343.0,369.0,372.0,401.0,403.0,447.0,449.0,498.0,530.0,571.0,574.0,618.0,620.0,696.0,721.0,726.0,732.0,785.0,819.0,851.0,868.0,878.0,903.0,912.0,931.0,945.0,991.0,994.0,
17.0,28.0,53.0,87.0,91.0,101.0,139.0,156.0,159.0,203.0,209.0,217.0,277.0,284.0,301.0,314.0,347.0,384.0,395.0,425.0,439.0,455.0,565.0,600.0,638.0,645.0,662.0,765.0,786.0,812.0,814.0,839.0,852.0,882.0,915.0,947.0,948.0,992.0,
104.0,105.0,108.0,109.0,114.0,160.0,174.0,194.0,220.0,224.0,268.0,312.0,323.0,323.0,332.0,353.0,355.0,397.0,397.0,399.0,407.0,433.0,466.0,479.0,501.0,518.0,558.0,559.0,591.0,646.0,659.0,688.0,723.0,802.0,841.0,858.0,880.0,898.0,904.0,931.0,938.0,968.0,
10.0,26.0,46.0,68.0,83.0,104.0,107.0,121.0,138.0,139.0,157.0,161.0,187.0,202.0,212.0,220.0,259.0,260.0,274.0,300.0,306.0,325.0,360.0,410.0,426.0,487.0,504.0,519.0,573.0,584.0,597.0,645.0,660.0,675.0,687.0,718.0,723.0,756.0,761.0,764.0,788.0,804.0,829.0,861.0,909.0,922.0,949.0,949.0,976.0,
68.0,81.0,87.0,125.0,134.0,143.0,160.0,186.0,186.0,218.0,265.0,277.0,354.0,370.0,372.0,383.0,395.0,398.0,403.0,415.0,431.0,433.0,489.0,496.0,504.0,515.0,558.0,638.0,644.0,645.0,666.0,761.0,763.0,817.0,820.0,851.0,885.0,913.0,942.0,953.0,996.0,
31.0,38.0,39.0,49.0,73.0,86.0,102.0,111.0,130.0,177.0,225.0,232.0,265.0,266.0,291.0,292.0,320.0,358.0,366.0,385.0,473.0,501.0,501.0,507.0,511.0,581.0,630.0,632.0,639.0,640.0,697.0,836.0,844.0,848.0,869.0,908.0,964.0,972.0,
23.0,62.0,74.0,153.0,156.0,229.0,232.0,242.0,297.0,302.0,308.0,317.0,323.0,376.0,379.0,394.0,433.0,474.0,552.0,596.0,607.0,608.0,631.0,634.0,672.0,703.0,766.0,776.0,820.0,824.0,966.0,996.0,
5.0,5.0,7.0,29.0,60.0,68.0,70.0,99.0,106.0,153.0,203.0,203.0,282.0,336.0,347.0,468.0,521.0,555.0,576.0,594.0,614.0,624.0,642.0,647.0,693.0,701.0,733.0,773.0,799.0,805.0,823.0,827.0,895.0,925.0,961.0,
18.0,43.0,55.0,107.0,130.0,132.0,159.0,207.0,226.0,245.0,247.0,247.0,274.0,340.0,356.0,379.0,412.0,413.0,488.0,508.0,512.0,515.0,515.0,547.0,552.0,553.0,565.0,572.0,603.0,608.0,631.0,639.0,689.0,741.0,770.0,782.0,787.0,810.0,840.0,843.0,859.0,872.0,888.0,905.0,913.0,991.0,997.0,
134.0,135.0,152.0,212.0,239.0,272.0,279.0,290.0,301.0,323.0,334.0,337.0,348.0,356.0,380.0,445.0,462.0,515.0,516.0,522.0,524.0,555.0,604.0,614.0,653.0,662.0,686.0,711.0,726.0,763.0,789.0,795.0,841.0,854.0,929.0,980.0,982.0,
6.0,16.0,30.0,39.0,50.0,66.0,67.0,76.0,90.0,103.0,155.0,168.0,179.0,191.0,196.0,216.0,216.0,236.0,298.0,366.0,442.0,494.0,538.0,561.0,569.0,575.0,581.0,628.0,655.0,668.0,678.0,685.0,702.0,704.0,763.0,801.0,909.0,921.0,985.0,
9.0,50.0,63.0,106.0,225.0,356.0,403.0,464.0,484.0,608.0,613.0,624.0,626.0,679.0,710.0,715.0,743.0,765.0,769.0,779.0,801.0,811.0,825.0,846.0,859.0,861.0,892.0,900.0,911.0,914.0,959.0,
6.0,39.0,43.0,46.0,57.0,78.0,89.0,106.0,145.0,162.0,169.0,226.0,235.0,237.0,252.0,282.0,327.0,375.0,378.0,380.0,393.0,399.0,417.0,451.0,486.0,530.0,541.0,556.0,562.0,594.0,595.0,596.0,601.0,608.0,612.0,683.0,725.0,733.0,786.0,808.0,822.0,915.0,928.0,932.0,948.0,957.0,
4.0,8.0,8.0,64.0,91.0,94.0,174.0,189.0,193.0,212.0,243.0,256.0,274.0,308.0,346.0,350.0,360.0,378.0,437.0,447.0,448.0,472.0,504.0,557.0,575.0,587.0,599.0,606.0,616.0,617.0,622.0,628.0,638.0,641.0,701.0,705.0,728.0,735.0,744.0,753.0,760.0,801.0,839.0,846.0,866.0,886.0,894.0,920.0,930.0,957.0,968.0,983.0,985.0,
21.0,69.0,88.0,227.0,298.0,367.0,375.0,379.0,387.0,449.0,513.0,532.0,536.0,650.0,673.0,680.0,731.0,847.0,889.0,921.0,962.0,975.0,978.0,987.0,989.0,992.0,994.0,
54.0,90.0,138.0,143.0,173.0,192.0,200.0,212.0,219.0,292.0,294.0,315.0,316.0,360.0,378.0,387.0,403.0,418.0,443.0,457.0,465.0,485.0,487.0,504.0,546.0,570.0,602.0,606.0,609.0,625.0,639.0,719.0,762.0,765.0,832.0,871.0,896.0,953.0,969.0,974.0,985.0,998.0,
36.0,41.0,44.0,75.0,77.0,80.0,100.0,178.0,179.0,181.0,218.0,255.0,319.0,324.0,338.0,347.0,389.0,416.0,431.0,444.0,459.0,527.0,571.0,576.0,607.0,622.0,646.0,650.0,732.0,757.0,779.0,780.0,796.0,843.0,859.0,860.0,884.0,905.0,976.0,977.0,998.0,
36.0,80.0,117.0,148.0,186.0,186.0,215.0,220.0,278.0,288.0,297.0,330.0,373.0,415.0,423.0,683.0,712.0,735.0,798.0,813.0,815.0,885.0,937.0,962.0,964.0,972.0,973.0,981.0,988.0,992.0,
15.0,61.0,73.0,78.0,79.0,83.0,106.0,119.0,119.0,152.0,154.0,175.0,412.0,415.0,508.0,574.0,598.0,617.0,694.0,714.0,781.0,825.0,837.0,839.0,852.0,898.0,922.0,954.0,977.0,980.0,989.0,
34.0,46.0,57.0,193.0,228.0,333.0,336.0,347.0,426.0,428.0,443.0,445.0,474.0,517.0,524.0,575.0,614.0,647.0,677.0,680.0,681.0,683.0,700.0,700.0,709.0,744.0,761.0,770.0,912.0,920.0,950.0,
98.0,103.0,107.0,119.0,131.0,204.0,222.0,222.0,294.0,317.0,333.0,369.0,450.0,455.0,463.0,500.0,565.0,603.0,610.0,621.0,684.0,724.0,725.0,779.0,821.0,823.0,846.0,860.0,885.0,890.0,976.0,
8.0,10.0,36.0,89.0,114.0,167.0,189.0,235.0,314.0,414.0,481.0,523.0,558.0,582.0,613.0,613.0,623.0,663.0,702.0,721.0,738.0,833.0,866.0,923.0,938.0,946.0,965.0,
43.0,48.0,56.0,112.0,118.0,137.0,143.0,192.0,243.0,248.0,272.0,348.0,389.0,397.0,422.0,422.0,463.0,468.0,515.0,534.0,542.0,573.0,576.0,656.0,661.0,746.0,769.0,785.0,786.0,804.0,826.0,853.0,
24.0,28.0,77.0,88.0,98.0,102.0,110.0,152.0,177.0,179.0,311.0,313.0,350.0,370.0,381.0,417.0,451.0,489.0,504.0,507.0,510.0,530.0,568.0,601.0,627.0,653.0,671.0,674.0,691.0,691.0,717.0,721.0,728.0,737.0,818.0,844.0,846.0,849.0,854.0,869.0,882.0,886.0,895.0,919.0,951.0,955.0,957.0,976.0,
9.0,35.0,50.0,56.0,72.0,129.0,134.0,139.0,161.0,184.0,195.0,195.0,253.0,275.0,283.0,352.0,368.0,372.0,383.0,388.0,428.0,516.0,518.0,520.0,553.0,700.0,736.0,738.0,748.0,759.0,768.0,775.0,857.0,900.0,901.0,949.0,957.0,970.0,973.0,
6.0,22.0,46.0,63.0,87.0,102.0,147.0,187.0,189.0,202.0,253.0,263.0,271.0,271.0,298.0,301.0,310.0,323.0,395.0,401.0,414.0,419.0,486.0,486.0,487.0,494.0,498.0,527.0,540.0,567.0,603.0,699.0,707.0,740.0,767.0,813.0,858.0,885.0,903.0,913.0,945.0,973.0,979.0,985.0,993.0,
43.0,74.0,85.0,112.0,130.0,211.0,216.0,267.0,307.0,358.0,363.0,388.0,405.0,457.0,480.0,558.0,565.0,571.0,588.0,617.0,634.0,664.0,705.0,728.0,769.0,775.0,781.0,830.0,839.0,848.0,914.0,929.0,950.0,962.0,962.0,999.0,
5.0,13.0,22.0,41.0,43.0,63.0,75.0,170.0,190.0,262.0,268.0,278.0,278.0,309.0,324.0,330.0,336.0,355.0,397.0,412.0,421.0,500.0,501.0,526.0,549.0,581.0,595.0,601.0,631.0,653.0,663.0,687.0,718.0,775.0,823.0,849.0,876.0,892.0,905.0,921.0,953.0,966.0,980.0,998.0,
5.0,29.0,50.0,142.0,233.0,273.0,297.0,311.0,335.0,361.0,381.0,385.0,392.0,410.0,480.0,485.0,497.0,583.0,613.0,627.0,633.0,639.0,720.0,725.0,745.0,763.0,793.0,799.0,871.0,881.0,922.0,930.0,937.0,961.0,979.0,
64.0,76.0,77.0,85.0,154.0,166.0,202.0,325.0,334.0,339.0,434.0,444.0,450.0,474.0,493.0,517.0,558.0,591.0,636.0,641.0,657.0,679.0,681.0,827.0,854.0,884.0,895.0,904.0,936.0,950.0,959.0,970.0,995.0,998.0,1000.0,
39.0,107.0,185.0,212.0,216.0,293.0,318.0,324.0,326.0,329.0,350.0,386.0,390.0,487.0,492.0,574.0,589.0,653.0,653.0,655.0,677.0,692.0,716.0,742.0,768.0,792.0,813.0,821.0,872.0,898.0,915.0,915.0,917.0,935.0,961.0,963.0,967.0,992.0,995.0,
26.0,57.0,99.0,108.0,137.0,165.0,181.0,201.0,203.0,274.0,281.0,288.0,316.0,327.0,339.0,344.0,360.0,373.0,375.0,426.0,453.0,462.0,481.0,483.0,497.0,557.0,612.0,614.0,619.0,683.0,693.0,798.0,821.0,852.0,938.0,952.0,953.0,955.0,
132.0,155.0,193.0,223.0,224.0,312.0,322.0,326.0,348.0,376.0,393.0,425.0,426.0,484.0,485.0,493.0,619.0,640.0,644.0,656.0,711.0,760.0,793.0,835.0,847.0,853.0,887.0,901.0,935.0,957.0,962.0,
10.0,54.0,100.0,104.0,116.0,126.0,154.0,248.0,253.0,326.0,329.0,329.0,332.0,353.0,381.0,417.0,444.0,449.0,462.0,605.0,698.0,705.0,725.0,832.0,837.0,844.0,872.0,895.0,901.0,
25.0,25.0,28.0,38.0,70.0,111.0,130.0,175.0,209.0,215.0,249.0,278.0,384.0,396.0,400.0,448.0,464.0,498.0,528.0,534.0,589.0,593.0,608.0,641.0,654.0,715.0,747.0,776.0,783.0,845.0,847.0,868.0,868.0,881.0,889.0,942.0,948.0,948.0,981.0,
5.0,19.0,53.0,54.0,78.0,81.0,99.0,105.0,110.0,150.0,151.0,155.0,192.0,296.0,310.0,365.0,383.0,418.0,452.0,464.0,472.0,484.0,593.0,607.0,674.0,686.0,725.0,742.0,746.0,780.0,803.0,901.0,913.0,918.0,920.0,962.0,973.0,981.0,
49.0,74.0,108.0,112.0,137.0,149.0,163.0,193.0,215.0,219.0,244.0,257.0,265.0,278.0,342.0,388.0,399.0,407.0,410.0,412.0,416.0,435.0,449.0,511.0,537.0,547.0,548.0,554.0,599.0,602.0,633.0,634.0,652.0,711.0,732.0,733.0,735.0,790.0,833.0,864.0,898.0,925.0,960.0,977.0,
17.0,25.0,27.0,71.0,71.0,86.0,88.0,127.0,130.0,156.0,171.0,190.0,218.0,222.0,273.0,285.0,371.0,391.0,394.0,397.0,404.0,410.0,420.0,438.0,503.0,508.0,511.0,536.0,537.0,560.0,564.0,592.0,623.0,678.0,718.0,752.0,766.0,797.0,818.0,846.0,857.0,932.0,979.0,980.0,981.0,
17.0,28.0,34.0,96.0,126.0,126.0,128.0,129.0,132.0,136.0,153.0,191.0,204.0,207.0,250.0,252.0,281.0,353.0,397.0,410.0,414.0,420.0,450.0,493.0,497.0,551.0,561.0,562.0,579.0,604.0,611.0,671.0,730.0,749.0,784.0,848.0,851.0,942.0,967.0,977.0,
40.0,49.0,54.0,60.0,75.0,78.0,134.0,161.0,206.0,297.0,309.0,372.0,390.0,406.0,409.0,420.0,479.0,497.0,543.0,586.0,739.0,821.0,832.0,905.0,920.0,
38.0,43.0,109.0,125.0,129.0,131.0,142.0,161.0,209.0,218.0,218.0,221.0,253.0,270.0,332.0,335.0,391.0,394.0,420.0,459.0,489.0,515.0,580.0,592.0,644.0,645.0,652.0,656.0,672.0,675.0,698.0,721.0,731.0,732.0,816.0,857.0,858.0,912.0,959.0,996.0,
32.0,59.0,80.0,82.0,83.0,132.0,150.0,190.0,238.0,249.0,269.0,450.0,527.0,543.0,566.0,695.0,714.0,724.0,747.0,773.0,816.0,856.0,879.0,896.0,909.0,914.0,959.0,962.0,
3.0,31.0,34.0,68.0,115.0,121.0,130.0,135.0,147.0,149.0,170.0,191.0,251.0,259.0,279.0,283.0,284.0,290.0,301.0,346.0,363.0,386.0,390.0,392.0,392.0,413.0,426.0,502.0,535.0,542.0,561.0,587.0,645.0,681.0,697.0,769.0,781.0,796.0,796.0,816.0,821.0,887.0,940.0,947.0,978.0,982.0,
27.0,40.0,42.0,64.0,80.0,84.0,105.0,134.0,145.0,190.0,212.0,213.0,215.0,231.0,242.0,297.0,354.0,365.0,387.0,411.0,426.0,431.0,458.0,499.0,525.0,536.0,554.0,587.0,598.0,615.0,618.0,628.0,663.0,674.0,677.0,692.0,699.0,730.0,743.0,745.0,776.0,787.0,790.0,852.0,860.0,965.0,
29.0,57.0,72.0,117.0,131.0,199.0,283.0,339.0,384.0,387.0,408.0,501.0,523.0,532.0,542.0,547.0,557.0,584.0,586.0,588.0,595.0,627.0,674.0,690.0,696.0,750.0,803.0,866.0,927.0,928.0,962.0,
34.0,46.0,83.0,89.0,161.0,173.0,187.0,225.0,226.0,229.0,287.0,333.0,338.0,422.0,513.0,611.0,614.0,684.0,692.0,709.0,759.0,767.0,770.0,772.0,787.0,791.0,827.0,838.0,865.0,939.0,960.0,981.0,
37.0,42.0,63.0,73.0,90.0,118.0,130.0,282.0,284.0,286.0,317.0,320.0,322.0,419.0,459.0,473.0,493.0,503.0,531.0,577.0,583.0,592.0,594.0,661.0,690.0,759.0,768.0,804.0,832.0,832.0,853.0,901.0,928.0,951.0,968.0,
6.0,24.0,58.0,78.0,83.0,89.0,94.0,96.0,116.0,121.0,128.0,166.0,173.0,206.0,266.0,311.0,347.0,355.0,355.0,371.0,441.0,548.0,569.0,575.0,584.0,591.0,609.0,618.0,662.0,671.0,676.0,682.0,747.0,751.0,792.0,827.0,875.0,926.0,943.0,960.0,962.0,963.0,993.0,
14.0,128.0,141.0,179.0,207.0,247.0,262.0,304.0,345.0,346.0,367.0,386.0,429.0,433.0,455.0,468.0,514.0,562.0,574.0,597.0,630.0,634.0,645.0,668.0,679.0,691.0,712.0,715.0,718.0,725.0,741.0,899.0,975.0,999.0,
96.0,102.0,110.0,166.0,184.0,190.0,199.0,218.0,257.0,285.0,305.0,355.0,421.0,443.0,449.0,493.0,609.0,654.0,668.0,686.0,725.0,770.0,781.0,791.0,801.0,844.0,944.0,959.0,970.0,990.0,
41.0,84.0,93.0,96.0,150.0,171.0,223.0,243.0,327.0,338.0,338.0,431.0,432.0,433.0,437.0,441.0,474.0,488.0,492.0,590.0,620.0,640.0,643.0,719.0,725.0,746.0,759.0,764.0,782.0,836.0,850.0,888.0,901.0,901.0,903.0,934.0,949.0,955.0,959.0,963.0,1000.0,
19.0,30.0,111.0,122.0,137.0,161.0,181.0,194.0,214.0,260.0,310.0,329.0,330.0,373.0,408.0,427.0,430.0,440.0,445.0,452.0,479.0,503.0,550.0,567.0,572.0,623.0,630.0,684.0,684.0,720.0,755.0,757.0,762.0,777.0,785.0,800.0,903.0,948.0,970.0,974.0,979.0,
41.0,42.0,48.0,62.0,62.0,98.0,123.0,146.0,183.0,188.0,226.0,267.0,285.0,306.0,311.0,405.0,411.0,455.0,495.0,519.0,564.0,596.0,600.0,671.0,672.0,678.0,686.0,797.0,808.0,841.0,870.0,942.0,960.0,977.0,986.0,988.0,
6.0,35.0,48.0,63.0,71.0,86.0,98.0,133.0,140.0,183.0,190.0,224.0,238.0,242.0,254.0,274.0,337.0,343.0,506.0,560.0,578.0,621.0,642.0,646.0,663.0,701.0,729.0,760.0,762.0,861.0,879.0,912.0,961.0,962.0,965.0,985.0,997.0,
7.0,14.0,24.0,72.0,225.0,251.0,257.0,264.0,284.0,300.0,310.0,311.0,314.0,327.0,378.0,388.0,461.0,467.0,487.0,496.0,513.0,536.0,537.0,556.0,560.0,576.0,600.0,647.0,687.0,714.0,777.0,781.0,792.0,821.0,827.0,833.0,838.0,866.0,873.0,873.0,920.0,945.0,959.0,966.0,989.0,
22.0,26.0,42.0,51.0,104.0,125.0,126.0,129.0,169.0,200.0,243.0,280.0,282.0,284.0,284.0,289.0,299.0,365.0,373.0,406.0,406.0,416.0,430.0,432.0,433.0,442.0,473.0,527.0,562.0,569.0,642.0,645.0,655.0,678.0,694.0,703.0,713.0,734.0,738.0,789.0,799.0,845.0,876.0,898.0,910.0,920.0,927.0,935.0,999.0,
23.0,38.0,115.0,160.0,182.0,192.0,252.0,292.0,361.0,363.0,381.0,402.0,424.0,498.0,563.0,586.0,599.0,612.0,644.0,646.0,689.0,693.0,708.0,767.0,788.0,794.0,815.0,819.0,940.0,946.0,956.0,991.0,
19.0,72.0,77.0,126.0,142.0,236.0,244.0,294.0,334.0,406.0,447.0,493.0,507.0,568.0,625.0,628.0,660.0,707.0,774.0,780.0,829.0,840.0,904.0,931.0,990.0,
