3.0,28.0,43.0,75.0,97.0,160.0,191.0,209.0,220.0,266.0,278.0,353.0,444.0,486.0,511.0,561.0,581.0,586.0,591.0,665.0,674.0,699.0,731.0,745.0,761.0,784.0,810.0,813.0,838.0,881.0,884.0,928.0,929.0,943.0,947.0,
3.0,13.0,50.0,83.0,140.0,146.0,152.0,186.0,190.0,202.0,210.0,215.0,230.0,256.0,265.0,267.0,267.0,270.0,305.0,315.0,325.0,373.0,389.0,404.0,440.0,464.0,464.0,499.0,598.0,611.0,633.0,640.0,658.0,662.0,676.0,693.0,725.0,727.0,768.0,774.0,795.0,824.0,827.0,857.0,858.0,863.0,877.0,937.0,941.0,964.0,
8.0,19.0,34.0,40.0,76.0,108.0,121.0,139.0,171.0,200.0,206.0,206.0,207.0,208.0,266.0,331.0,331.0,381.0,382.0,398.0,451.0,486.0,496.0,500.0,509.0,518.0,601.0,602.0,630.0,635.0,672.0,682.0,709.0,725.0,790.0,806.0,824.0,855.0,873.0,887.0,899.0,906.0,908.0,909.0,942.0,964.0,997.0,
27.0,44.0,51.0,63.0,66.0,73.0,80.0,163.0,164.0,192.0,237.0,255.0,256.0,264.0,290.0,310.0,333.0,373.0,385.0,385.0,413.0,508.0,556.0,577.0,589.0,596.0,620.0,629.0,642.0,651.0,699.0,712.0,714.0,716.0,767.0,774.0,775.0,805.0,831.0,861.0,872.0,877.0,898.0,942.0,951.0,960.0,972.0,
10.0,64.0,101.0,188.0,197.0,226.0,232.0,260.0,342.0,344.0,361.0,383.0,467.0,503.0,524.0,551.0,573.0,619.0,639.0,644.0,653.0,679.0,707.0,762.0,779.0,872.0,877.0,938.0,961.0,991.0,
13.0,14.0,22.0,42.0,98.0,111.0,127.0,156.0,214.0,220.0,262.0,265.0,284.0,296.0,388.0,430.0,485.0,493.0,493.0,525.0,568.0,569.0,576.0,579.0,604.0,689.0,705.0,717.0,853.0,891.0,979.0,
13.0,56.0,84.0,125.0,243.0,265.0,281.0,282.0,283.0,297.0,346.0,358.0,369.0,376.0,430.0,500.0,517.0,549.0,584.0,610.0,710.0,724.0,750.0,789.0,805.0,825.0,831.0,846.0,863.0,865.0,883.0,901.0,911.0,947.0,978.0,989.0,991.0,998.0,
9.0,81.0,103.0,119.0,120.0,169.0,206.0,241.0,249.0,277.0,285.0,326.0,439.0,440.0,443.0,470.0,521.0,527.0,573.0,574.0,590.0,626.0,640.0,670.0,674.0,686.0,692.0,706.0,708.0,717.0,775.0,834.0,856.0,858.0,864.0,875.0,890.0,892.0,904.0,924.0,936.0,942.0,945.0,946.0,946.0,957.0,981.0,984.0,987.0,990.0,
2.0,30.0,50.0,60.0,69.0,70.0,74.0,130.0,131.0,172.0,208.0,224.0,251.0,286.0,301.0,361.0,386.0,401.0,442.0,453.0,459.0,494.0,506.0,514.0,530.0,549.0,599.0,603.0,623.0,645.0,685.0,694.0,757.0,769.0,838.0,879.0,883.0,897.0,975.0,998.0,
33.0,37.0,44.0,113.0,125.0,132.0,135.0,205.0,233.0,260.0,279.0,290.0,320.0,331.0,338.0,431.0,454.0,473.0,484.0,495.0,545.0,580.0,582.0,600.0,630.0,639.0,661.0,692.0,714.0,749.0,777.0,803.0,815.0,825.0,865.0,865.0,897.0,957.0,988.0,
10.0,16.0,83.0,85.0,148.0,216.0,218.0,275.0,323.0,325.0,360.0,372.0,396.0,421.0,451.0,505.0,510.0,542.0,628.0,642.0,694.0,767.0,786.0,790.0,814.0,889.0,890.0,920.0,942.0,954.0,971.0,
20.0,25.0,54.0,68.0,89.0,91.0,97.0,103.0,138.0,190.0,199.0,222.0,224.0,236.0,246.0,255.0,257.0,258.0,283.0,292.0,294.0,332.0,357.0,358.0,373.0,380.0,394.0,489.0,497.0,499.0,513.0,518.0,523.0,626.0,629.0,646.0,662.0,681.0,688.0,694.0,707.0,745.0,774.0,788.0,823.0,855.0,868.0,877.0,885.0,907.0,925.0,943.0,
9.0,20.0,35.0,42.0,43.0,53.0,67.0,108.0,109.0,130.0,138.0,149.0,158.0,172.0,185.0,331.0,335.0,338.0,363.0,365.0,393.0,407.0,442.0,465.0,495.0,527.0,549.0,579.0,606.0,660.0,664.0,703.0,756.0,833.0,840.0,860.0,885.0,910.0,921.0,929.0,968.0,
26.0,84.0,91.0,94.0,95.0,142.0,143.0,169.0,184.0,202.0,215.0,218.0,230.0,243.0,254.0,272.0,338.0,352.0,356.0,366.0,372.0,380.0,392.0,398.0,435.0,441.0,471.0,562.0,565.0,594.0,648.0,671.0,687.0,694.0,698.0,769.0,778.0,788.0,800.0,820.0,822.0,934.0,978.0,986.0,
37.0,47.0,69.0,83.0,182.0,252.0,257.0,297.0,307.0,346.0,362.0,372.0,396.0,398.0,400.0,401.0,427.0,431.0,461.0,470.0,473.0,509.0,551.0,626.0,633.0,652.0,667.0,681.0,691.0,695.0,772.0,773.0,792.0,861.0,907.0,995.0,999.0,
9.0,11.0,17.0,33.0,66.0,159.0,171.0,181.0,195.0,203.0,237.0,270.0,278.0,289.0,304.0,304.0,350.0,360.0,380.0,402.0,423.0,472.0,497.0,544.0,631.0,645.0,708.0,730.0,766.0,794.0,795.0,817.0,831.0,916.0,943.0,
13.0,25.0,30.0,43.0,60.0,137.0,183.0,214.0,230.0,245.0,278.0,289.0,297.0,316.0,322.0,324.0,359.0,366.0,393.0,427.0,430.0,454.0,456.0,496.0,503.0,524.0,526.0,553.0,556.0,573.0,579.0,655.0,671.0,684.0,704.0,712.0,720.0,745.0,760.0,766.0,839.0,847.0,884.0,920.0,932.0,940.0,953.0,958.0,
6.0,10.0,16.0,30.0,53.0,85.0,96.0,106.0,167.0,231.0,232.0,262.0,287.0,291.0,317.0,345.0,355.0,379.0,410.0,417.0,422.0,485.0,508.0,519.0,521.0,531.0,586.0,595.0,604.0,608.0,613.0,668.0,676.0,737.0,747.0,775.0,778.0,790.0,809.0,815.0,894.0,916.0,994.0,
18.0,40.0,41.0,42.0,51.0,73.0,77.0,105.0,196.0,214.0,221.0,263.0,281.0,295.0,341.0,355.0,387.0,418.0,448.0,470.0,479.0,487.0,510.0,512.0,520.0,550.0,570.0,616.0,620.0,640.0,657.0,657.0,689.0,696.0,700.0,713.0,745.0,752.0,775.0,794.0,800.0,864.0,867.0,949.0,978.0,993.0,
29.0,32.0,36.0,75.0,81.0,126.0,164.0,179.0,222.0,225.0,235.0,284.0,299.0,336.0,415.0,417.0,430.0,480.0,506.0,600.0,649.0,692.0,704.0,716.0,742.0,744.0,812.0,829.0,853.0,867.0,887.0,893.0,952.0,984.0,
8.0,50.0,62.0,76.0,84.0,168.0,170.0,208.0,237.0,252.0,292.0,312.0,392.0,416.0,426.0,427.0,488.0,522.0,526.0,542.0,566.0,592.0,597.0,626.0,628.0,642.0,643.0,694.0,718.0,754.0,756.0,764.0,801.0,818.0,828.0,923.0,929.0,936.0,941.0,952.0,952.0,999.0,
28.0,31.0,54.0,74.0,89.0,97.0,107.0,125.0,137.0,200.0,208.0,209.0,236.0,238.0,276.0,282.0,289.0,302.0,388.0,390.0,423.0,435.0,444.0,444.0,451.0,505.0,543.0,557.0,636.0,715.0,716.0,744.0,757.0,775.0,780.0,810.0,838.0,881.0,883.0,891.0,912.0,921.0,928.0,965.0,
6.0,19.0,68.0,106.0,133.0,134.0,156.0,166.0,173.0,240.0,242.0,271.0,275.0,328.0,381.0,392.0,393.0,417.0,417.0,427.0,439.0,441.0,479.0,518.0,561.0,589.0,600.0,614.0,623.0,652.0,724.0,725.0,781.0,854.0,946.0,963.0,999.0,
5.0,11.0,20.0,39.0,49.0,50.0,107.0,109.0,120.0,153.0,192.0,195.0,252.0,264.0,285.0,292.0,329.0,347.0,355.0,423.0,430.0,458.0,460.0,467.0,483.0,484.0,544.0,563.0,568.0,606.0,637.0,664.0,722.0,753.0,769.0,775.0,786.0,817.0,825.0,835.0,858.0,862.0,929.0,933.0,934.0,942.0,957.0,971.0,
25.0,36.0,109.0,123.0,123.0,168.0,189.0,210.0,253.0,295.0,345.0,348.0,348.0,348.0,403.0,477.0,495.0,513.0,568.0,636.0,638.0,671.0,688.0,712.0,727.0,729.0,758.0,769.0,828.0,865.0,882.0,914.0,939.0,952.0,
132.0,209.0,235.0,236.0,280.0,306.0,313.0,318.0,369.0,388.0,394.0,401.0,410.0,412.0,584.0,586.0,640.0,733.0,744.0,764.0,767.0,771.0,787.0,803.0,827.0,832.0,836.0,856.0,874.0,896.0,899.0,902.0,958.0,969.0,
5.0,87.0,112.0,117.0,119.0,144.0,151.0,155.0,207.0,208.0,246.0,293.0,295.0,298.0,299.0,307.0,356.0,365.0,369.0,412.0,439.0,468.0,470.0,470.0,487.0,497.0,524.0,538.0,592.0,598.0,662.0,681.0,712.0,724.0,758.0,783.0,838.0,871.0,873.0,896.0,904.0,919.0,979.0,991.0,
3.0,8.0,10.0,33.0,33.0,33.0,40.0,47.0,48.0,53.0,64.0,79.0,133.0,144.0,219.0,226.0,229.0,272.0,287.0,290.0,318.0,328.0,363.0,391.0,421.0,429.0,519.0,540.0,553.0,570.0,576.0,582.0,612.0,623.0,633.0,657.0,672.0,694.0,701.0,701.0,710.0,736.0,874.0,950.0,956.0,994.0,
99.0,115.0,147.0,168.0,171.0,207.0,209.0,213.0,218.0,237.0,244.0,273.0,308.0,327.0,327.0,351.0,445.0,451.0,453.0,501.0,539.0,544.0,548.0,555.0,596.0,606.0,641.0,664.0,787.0,789.0,805.0,805.0,835.0,915.0,920.0,926.0,959.0,981.0,
70.0,77.0,81.0,109.0,171.0,193.0,212.0,217.0,243.0,283.0,320.0,325.0,380.0,400.0,411.0,526.0,538.0,541.0,558.0,563.0,569.0,585.0,594.0,648.0,691.0,697.0,699.0,710.0,711.0,715.0,722.0,746.0,747.0,770.0,792.0,810.0,828.0,830.0,855.0,862.0,948.0,955.0,977.0,982.0,
6.0,36.0,120.0,153.0,170.0,176.0,224.0,269.0,275.0,362.0,435.0,441.0,443.0,449.0,457.0,478.0,485.0,511.0,537.0,537.0,561.0,580.0,583.0,595.0,637.0,655.0,664.0,702.0,738.0,740.0,780.0,788.0,807.0,817.0,822.0,831.0,832.0,832.0,850.0,884.0,892.0,902.0,908.0,943.0,970.0,981.0,985.0,986.0,
24.0,144.0,200.0,210.0,239.0,273.0,278.0,318.0,328.0,336.0,400.0,412.0,485.0,487.0,496.0,505.0,506.0,511.0,525.0,555.0,601.0,613.0,650.0,657.0,701.0,701.0,721.0,745.0,759.0,775.0,799.0,804.0,848.0,855.0,859.0,893.0,974.0,992.0,
47.0,134.0,238.0,248.0,256.0,290.0,298.0,365.0,377.0,418.0,419.0,438.0,475.0,488.0,565.0,568.0,578.0,620.0,715.0,742.0,748.0,750.0,760.0,769.0,774.0,789.0,816.0,820.0,834.0,851.0,857.0,916.0,918.0,933.0,
14.0,54.0,64.0,69.0,77.0,177.0,196.0,269.0,270.0,281.0,306.0,390.0,405.0,458.0,469.0,561.0,622.0,625.0,671.0,794.0,800.0,892.0,921.0,937.0,972.0,
35.0,60.0,61.0,110.0,143.0,149.0,174.0,196.0,237.0,258.0,266.0,293.0,294.0,307.0,326.0,335.0,350.0,395.0,437.0,508.0,509.0,531.0,540.0,619.0,624.0,674.0,683.0,713.0,774.0,789.0,792.0,835.0,836.0,914.0,915.0,927.0,944.0,968.0,972.0,975.0,998.0,
25.0,50.0,135.0,136.0,146.0,155.0,198.0,206.0,221.0,274.0,343.0,400.0,444.0,450.0,572.0,584.0,618.0,622.0,626.0,649.0,659.0,662.0,667.0,676.0,742.0,753.0,764.0,769.0,775.0,787.0,822.0,834.0,876.0,881.0,912.0,923.0,927.0,937.0,963.0,977.0,995.0,
9.0,65.0,87.0,92.0,113.0,148.0,156.0,196.0,226.0,240.0,259.0,285.0,341.0,382.0,401.0,404.0,409.0,423.0,426.0,437.0,441.0,472.0,474.0,508.0,540.0,559.0,559.0,577.0,584.0,635.0,652.0,723.0,729.0,746.0,750.0,821.0,886.0,910.0,922.0,
11.0,12.0,38.0,53.0,133.0,158.0,181.0,201.0,235.0,242.0,244.0,246.0,255.0,310.0,510.0,517.0,535.0,557.0,587.0,601.0,639.0,654.0,658.0,691.0,703.0,740.0,741.0,743.0,772.0,788.0,802.0,838.0,880.0,884.0,885.0,927.0,942.0,973.0,
6.0,14.0,51.0,80.0,129.0,135.0,136.0,137.0,157.0,190.0,209.0,375.0,391.0,522.0,533.0,547.0,592.0,612.0,616.0,620.0,633.0,635.0,635.0,651.0,679.0,680.0,748.0,805.0,825.0,852.0,951.0,961.0,962.0,971.0,
9.0,51.0,55.0,64.0,68.0,96.0,117.0,179.0,212.0,225.0,276.0,377.0,501.0,504.0,524.0,609.0,646.0,647.0,648.0,681.0,687.0,690.0,702.0,734.0,736.0,791.0,852.0,878.0,901.0,957.0,960.0,
8.0,47.0,77.0,145.0,203.0,211.0,226.0,236.0,242.0,254.0,260.0,272.0,278.0,288.0,289.0,353.0,418.0,425.0,452.0,453.0,455.0,467.0,506.0,570.0,585.0,626.0,678.0,726.0,742.0,754.0,760.0,769.0,789.0,823.0,833.0,843.0,845.0,884.0,928.0,946.0,994.0,
13.0,14.0,40.0,49.0,54.0,61.0,68.0,96.0,97.0,109.0,115.0,135.0,159.0,194.0,209.0,255.0,258.0,264.0,337.0,350.0,417.0,443.0,484.0,565.0,608.0,626.0,664.0,676.0,698.0,699.0,726.0,783.0,806.0,832.0,839.0,856.0,860.0,889.0,901.0,951.0,
3.0,31.0,100.0,103.0,111.0,129.0,131.0,158.0,169.0,174.0,183.0,191.0,233.0,235.0,240.0,253.0,318.0,366.0,454.0,464.0,493.0,506.0,518.0,571.0,609.0,611.0,640.0,654.0,660.0,756.0,765.0,797.0,830.0,833.0,850.0,914.0,934.0,973.0,998.0,
13.0,26.0,55.0,85.0,132.0,156.0,174.0,179.0,183.0,209.0,252.0,314.0,319.0,322.0,324.0,324.0,418.0,480.0,485.0,499.0,504.0,506.0,553.0,569.0,579.0,595.0,606.0,619.0,637.0,650.0,670.0,700.0,730.0,742.0,757.0,787.0,789.0,795.0,819.0,819.0,836.0,957.0,980.0,991.0,
14.0,26.0,28.0,93.0,104.0,115.0,131.0,168.0,181.0,186.0,215.0,229.0,248.0,331.0,354.0,393.0,436.0,443.0,480.0,487.0,507.0,509.0,514.0,541.0,552.0,576.0,588.0,670.0,691.0,723.0,834.0,842.0,880.0,889.0,917.0,933.0,954.0,964.0,970.0,
188.0,204.0,216.0,300.0,319.0,344.0,382.0,389.0,417.0,422.0,436.0,469.0,489.0,491.0,506.0,511.0,534.0,543.0,596.0,600.0,653.0,684.0,728.0,747.0,749.0,841.0,886.0,893.0,929.0,940.0,957.0,986.0,
26.0,46.0,52.0,58.0,59.0,100.0,145.0,181.0,225.0,234.0,235.0,316.0,371.0,381.0,417.0,421.0,457.0,466.0,467.0,473.0,499.0,509.0,512.0,518.0,594.0,613.0,628.0,732.0,738.0,833.0,868.0,878.0,980.0,
25.0,27.0,30.0,134.0,151.0,171.0,185.0,258.0,312.0,447.0,490.0,514.0,541.0,547.0,560.0,615.0,643.0,645.0,647.0,662.0,681.0,692.0,736.0,743.0,790.0,803.0,811.0,847.0,852.0,862.0,879.0,933.0,949.0,955.0,969.0,980.0,
33.0,68.0,92.0,102.0,104.0,139.0,189.0,228.0,259.0,263.0,274.0,279.0,294.0,334.0,410.0,415.0,592.0,601.0,601.0,668.0,682.0,696.0,730.0,732.0,766.0,769.0,777.0,971.0,978.0,987.0,
29.0,40.0,132.0,148.0,201.0,223.0,256.0,319.0,399.0,410.0,452.0,469.0,488.0,520.0,526.0,532.0,566.0,592.0,609.0,634.0,653.0,663.0,667.0,762.0,765.0,772.0,799.0,817.0,833.0,845.0,866.0,881.0,888.0,898.0,961.0,
17.0,78.0,96.0,102.0,122.0,137.0,163.0,172.0,174.0,193.0,196.0,219.0,276.0,316.0,338.0,379.0,412.0,462.0,484.0,493.0,552.0,560.0,625.0,648.0,662.0,669.0,707.0,716.0,727.0,732.0,742.0,756.0,767.0,831.0,863.0,938.0,991.0,
10.0,49.0,82.0,82.0,93.0,96.0,119.0,124.0,157.0,158.0,164.0,168.0,218.0,231.0,239.0,248.0,327.0,445.0,447.0,470.0,479.0,548.0,576.0,626.0,651.0,651.0,679.0,680.0,685.0,704.0,708.0,720.0,765.0,765.0,792.0,809.0,814.0,848.0,859.0,861.0,866.0,905.0,
14.0,34.0,49.0,53.0,109.0,146.0,154.0,187.0,205.0,241.0,252.0,310.0,371.0,400.0,444.0,451.0,470.0,475.0,500.0,565.0,596.0,631.0,680.0,692.0,736.0,750.0,761.0,770.0,800.0,812.0,820.0,842.0,871.0,905.0,922.0,964.0,974.0,975.0,986.0,
30.0,54.0,57.0,82.0,91.0,96.0,105.0,115.0,125.0,161.0,185.0,208.0,266.0,272.0,315.0,347.0,357.0,360.0,368.0,406.0,424.0,521.0,523.0,548.0,573.0,576.0,643.0,706.0,712.0,721.0,735.0,747.0,765.0,784.0,803.0,824.0,862.0,882.0,894.0,901.0,942.0,
5.0,11.0,16.0,32.0,61.0,62.0,99.0,128.0,188.0,199.0,222.0,294.0,300.0,303.0,328.0,360.0,396.0,420.0,421.0,452.0,453.0,511.0,547.0,631.0,722.0,735.0,738.0,767.0,842.0,891.0,908.0,941.0,948.0,953.0,962.0,968.0,977.0,981.0,993.0,1000.0,
113.0,118.0,134.0,181.0,231.0,255.0,279.0,291.0,373.0,379.0,403.0,406.0,433.0,438.0,465.0,467.0,531.0,541.0,543.0,560.0,577.0,582.0,583.0,601.0,602.0,643.0,671.0,704.0,714.0,723.0,723.0,726.0,758.0,788.0,807.0,821.0,867.0,869.0,908.0,909.0,918.0,968.0,969.0,982.0,995.0,
27.0,102.0,158.0,209.0,263.0,274.0,294.0,304.0,307.0,332.0,343.0,350.0,461.0,501.0,533.0,569.0,603.0,636.0,697.0,706.0,730.0,750.0,823.0,856.0,905.0,911.0,930.0,944.0,975.0,985.0,993.0,
15.0,80.0,81.0,192.0,211.0,214.0,307.0,319.0,326.0,334.0,419.0,435.0,474.0,484.0,490.0,495.0,528.0,571.0,582.0,617.0,639.0,652.0,662.0,671.0,678.0,777.0,779.0,789.0,790.0,796.0,796.0,809.0,818.0,831.0,845.0,856.0,919.0,965.0,982.0,
39.0,60.0,111.0,118.0,158.0,213.0,258.0,302.0,312.0,322.0,410.0,432.0,474.0,531.0,574.0,604.0,619.0,637.0,653.0,699.0,747.0,772.0,862.0,891.0,905.0,929.0,934.0,937.0,945.0,
4.0,99.0,104.0,116.0,126.0,127.0,142.0,150.0,152.0,154.0,184.0,205.0,248.0,313.0,344.0,344.0,364.0,370.0,378.0,400.0,441.0,449.0,463.0,476.0,535.0,566.0,596.0,608.0,654.0,662.0,718.0,738.0,742.0,748.0,772.0,792.0,805.0,855.0,865.0,890.0,900.0,930.0,960.0,968.0,996.0,
27.0,41.0,53.0,63.0,79.0,171.0,177.0,182.0,187.0,199.0,205.0,233.0,235.0,236.0,264.0,287.0,287.0,287.0,365.0,468.0,472.0,519.0,542.0,613.0,664.0,700.0,737.0,749.0,752.0,775.0,776.0,804.0,810.0,831.0,837.0,871.0,906.0,955.0,
12.0,67.0,184.0,236.0,275.0,306.0,321.0,376.0,377.0,380.0,385.0,391.0,394.0,435.0,470.0,499.0,500.0,504.0,539.0,576.0,609.0,651.0,663.0,687.0,689.0,699.0,768.0,779.0,787.0,881.0,913.0,960.0,992.0,
2.0,21.0,37.0,46.0,55.0,59.0,161.0,184.0,240.0,262.0,274.0,275.0,278.0,280.0,377.0,545.0,552.0,561.0,566.0,627.0,643.0,675.0,695.0,758.0,772.0,879.0,890.0,950.0,953.0,955.0,
86.0,99.0,118.0,129.0,150.0,154.0,168.0,193.0,207.0,217.0,236.0,237.0,262.0,274.0,276.0,281.0,306.0,360.0,404.0,445.0,447.0,498.0,506.0,509.0,527.0,568.0,577.0,620.0,643.0,688.0,701.0,703.0,704.0,741.0,741.0,752.0,794.0,855.0,871.0,885.0,895.0,907.0,913.0,924.0,932.0,943.0,959.0,969.0,971.0,
4.0,54.0,75.0,88.0,90.0,111.0,194.0,215.0,253.0,317.0,374.0,392.0,398.0,410.0,414.0,431.0,470.0,485.0,521.0,534.0,552.0,572.0,586.0,598.0,605.0,650.0,666.0,678.0,728.0,747.0,804.0,808.0,810.0,836.0,885.0,918.0,973.0,
18.0,61.0,61.0,140.0,159.0,267.0,295.0,296.0,318.0,327.0,335.0,340.0,349.0,373.0,395.0,408.0,469.0,474.0,495.0,626.0,689.0,758.0,780.0,791.0,815.0,818.0,837.0,845.0,984.0,
37.0,71.0,117.0,125.0,267.0,274.0,338.0,339.0,350.0,437.0,518.0,523.0,525.0,628.0,636.0,711.0,735.0,837.0,851.0,894.0,906.0,924.0,950.0,959.0,963.0,
106.0,123.0,125.0,173.0,213.0,263.0,334.0,410.0,433.0,489.0,492.0,516.0,531.0,558.0,577.0,598.0,635.0,652.0,670.0,673.0,687.0,696.0,707.0,866.0,887.0,949.0,950.0,998.0,
13.0,16.0,66.0,74.0,76.0,77.0,114.0,174.0,206.0,244.0,252.0,259.0,263.0,292.0,315.0,315.0,316.0,317.0,430.0,443.0,483.0,495.0,500.0,517.0,558.0,584.0,630.0,644.0,687.0,752.0,763.0,765.0,766.0,776.0,796.0,801.0,849.0,849.0,852.0,853.0,892.0,903.0,904.0,914.0,945.0,977.0,989.0,
17.0,39.0,65.0,73.0,96.0,113.0,145.0,145.0,279.0,304.0,373.0,381.0,395.0,402.0,463.0,477.0,481.0,615.0,619.0,632.0,673.0,691.0,696.0,742.0,828.0,868.0,907.0,929.0,930.0,970.0,990.0,
12.0,57.0,131.0,139.0,143.0,163.0,173.0,178.0,196.0,207.0,211.0,216.0,249.0,253.0,275.0,296.0,326.0,350.0,354.0,361.0,380.0,428.0,504.0,561.0,634.0,657.0,722.0,786.0,789.0,830.0,846.0,884.0,924.0,926.0,960.0,993.0,
43.0,68.0,90.0,95.0,148.0,148.0,151.0,220.0,225.0,300.0,385.0,420.0,436.0,490.0,509.0,516.0,531.0,550.0,616.0,665.0,682.0,734.0,799.0,822.0,843.0,924.0,926.0,943.0,997.0,
24.0,57.0,75.0,126.0,160.0,229.0,232.0,233.0,250.0,258.0,354.0,355.0,374.0,395.0,410.0,416.0,418.0,464.0,471.0,476.0,550.0,560.0,581.0,592.0,693.0,729.0,744.0,756.0,764.0,788.0,790.0,804.0,809.0,857.0,900.0,948.0,
5.0,9.0,115.0,121.0,142.0,162.0,186.0,330.0,332.0,360.0,362.0,377.0,412.0,416.0,463.0,482.0,499.0,508.0,519.0,522.0,529.0,538.0,613.0,698.0,711.0,766.0,776.0,788.0,877.0,906.0,913.0,921.0,937.0,952.0,954.0,954.0,957.0,977.0,
79.0,113.0,127.0,133.0,182.0,210.0,238.0,276.0,301.0,304.0,322.0,374.0,411.0,420.0,444.0,523.0,552.0,562.0,580.0,596.0,605.0,618.0,623.0,673.0,707.0,732.0,736.0,760.0,786.0,800.0,844.0,851.0,862.0,866.0,876.0,876.0,886.0,889.0,893.0,937.0,939.0,964.0,
11.0,46.0,52.0,52.0,67.0,99.0,129.0,162.0,240.0,256.0,276.0,303.0,310.0,319.0,344.0,380.0,395.0,409.0,412.0,492.0,513.0,558.0,580.0,586.0,590.0,612.0,614.0,620.0,636.0,641.0,708.0,708.0,713.0,770.0,775.0,775.0,790.0,827.0,852.0,924.0,949.0,954.0,
23.0,23.0,31.0,69.0,84.0,108.0,172.0,174.0,176.0,181.0,185.0,211.0,218.0,220.0,312.0,314.0,318.0,336.0,343.0,402.0,421.0,421.0,450.0,464.0,484.0,511.0,516.0,570.0,584.0,618.0,656.0,657.0,657.0,764.0,784.0,802.0,858.0,937.0,967.0,983.0,
2.0,10.0,35.0,37.0,42.0,56.0,78.0,105.0,107.0,127.0,153.0,171.0,184.0,206.0,359.0,396.0,426.0,439.0,453.0,468.0,485.0,486.0,545.0,592.0,694.0,742.0,786.0,793.0,804.0,839.0,855.0,872.0,885.0,913.0,937.0,1000.0,
105.0,214.0,235.0,261.0,278.0,347.0,389.0,473.0,474.0,490.0,571.0,584.0,602.0,613.0,627.0,646.0,686.0,691.0,718.0,742.0,778.0,806.0,829.0,858.0,886.0,896.0,965.0,
37.0,117.0,160.0,173.0,186.0,203.0,217.0,299.0,301.0,333.0,364.0,375.0,389.0,431.0,466.0,467.0,493.0,504.0,510.0,516.0,589.0,599.0,625.0,649.0,664.0,669.0,704.0,722.0,722.0,730.0,741.0,757.0,770.0,802.0,839.0,881.0,910.0,949.0,984.0,985.0,994.0,
19.0,57.0,67.0,104.0,145.0,245.0,324.0,375.0,390.0,439.0,450.0,499.0,543.0,556.0,565.0,577.0,610.0,632.0,666.0,684.0,699.0,699.0,765.0,784.0,790.0,797.0,935.0,964.0,996.0,
23.0,31.0,89.0,92.0,98.0,147.0,154.0,200.0,205.0,234.0,252.0,265.0,273.0,275.0,290.0,301.0,352.0,355.0,362.0,389.0,408.0,443.0,468.0,509.0,511.0,551.0,603.0,625.0,659.0,717.0,765.0,781.0,826.0,831.0,854.0,887.0,917.0,936.0,941.0,943.0,989.0,
5.0,44.0,154.0,166.0,209.0,265.0,292.0,315.0,324.0,341.0,366.0,373.0,378.0,423.0,445.0,474.0,483.0,533.0,549.0,554.0,565.0,581.0,622.0,639.0,672.0,676.0,711.0,780.0,860.0,880.0,885.0,886.0,954.0,986.0,
29.0,43.0,81.0,118.0,146.0,200.0,217.0,250.0,308.0,458.0,465.0,521.0,594.0,615.0,627.0,632.0,675.0,735.0,737.0,799.0,817.0,877.0,880.0,880.0,882.0,923.0,998.0,998.0,
98.0,214.0,259.0,293.0,332.0,357.0,395.0,398.0,428.0,469.0,484.0,512.0,562.0,569.0,624.0,648.0,663.0,671.0,687.0,723.0,746.0,758.0,841.0,
71.0,76.0,96.0,108.0,138.0,145.0,194.0,217.0,222.0,240.0,240.0,248.0,383.0,437.0,496.0,511.0,547.0,553.0,581.0,596.0,609.0,639.0,655.0,663.0,666.0,735.0,740.0,761.0,807.0,842.0,866.0,894.0,900.0,904.0,924.0,952.0,
30.0,34.0,55.0,65.0,194.0,209.0,221.0,226.0,255.0,381.0,388.0,446.0,465.0,468.0,504.0,518.0,526.0,631.0,714.0,729.0,756.0,795.0,824.0,826.0,839.0,876.0,902.0,932.0,970.0,988.0,995.0,
25.0,26.0,45.0,51.0,56.0,71.0,76.0,85.0,137.0,138.0,161.0,213.0,237.0,256.0,268.0,284.0,316.0,348.0,371.0,405.0,412.0,416.0,441.0,448.0,469.0,491.0,501.0,535.0,558.0,621.0,628.0,674.0,681.0,709.0,761.0,773.0,777.0,812.0,844.0,849.0,901.0,928.0,974.0,984.0,
68.0,102.0,112.0,121.0,125.0,144.0,171.0,188.0,222.0,231.0,239.0,263.0,294.0,332.0,339.0,351.0,369.0,388.0,408.0,410.0,432.0,437.0,508.0,528.0,585.0,586.0,599.0,609.0,631.0,638.0,680.0,712.0,736.0,779.0,824.0,844.0,855.0,898.0,994.0,
29.0,33.0,135.0,174.0,199.0,207.0,229.0,281.0,283.0,304.0,305.0,309.0,320.0,354.0,360.0,364.0,387.0,409.0,417.0,421.0,451.0,459.0,472.0,485.0,511.0,512.0,547.0,573.0,581.0,589.0,645.0,665.0,673.0,712.0,729.0,771.0,863.0,867.0,883.0,924.0,969.0,997.0,
33.0,64.0,109.0,137.0,146.0,178.0,210.0,236.0,259.0,263.0,270.0,294.0,319.0,326.0,326.0,375.0,377.0,392.0,477.0,493.0,544.0,545.0,581.0,606.0,625.0,657.0,657.0,718.0,782.0,808.0,859.0,884.0,904.0,905.0,910.0,980.0,993.0,1000.0,
4.0,15.0,48.0,53.0,58.0,63.0,64.0,81.0,106.0,124.0,125.0,165.0,208.0,217.0,233.0,268.0,328.0,358.0,361.0,413.0,435.0,457.0,479.0,590.0,640.0,661.0,670.0,671.0,702.0,715.0,728.0,752.0,753.0,782.0,806.0,827.0,847.0,854.0,859.0,893.0,900.0,920.0,923.0,971.0,989.0,
12.0,34.0,41.0,52.0,68.0,134.0,237.0,264.0,269.0,275.0,308.0,378.0,435.0,513.0,524.0,563.0,610.0,611.0,662.0,688.0,693.0,748.0,761.0,775.0,789.0,856.0,870.0,891.0,911.0,919.0,962.0,987.0,
8.0,38.0,65.0,82.0,114.0,142.0,174.0,249.0,264.0,269.0,282.0,297.0,326.0,332.0,476.0,511.0,520.0,605.0,639.0,645.0,691.0,785.0,812.0,840.0,845.0,866.0,911.0,925.0,959.0,972.0,974.0,
31.0,109.0,126.0,160.0,177.0,178.0,186.0,234.0,270.0,395.0,415.0,455.0,476.0,487.0,510.0,535.0,551.0,551.0,615.0,623.0,638.0,656.0,670.0,699.0,709.0,754.0,788.0,794.0,809.0,820.0,836.0,842.0,856.0,930.0,930.0,953.0,969.0,974.0,979.0,
6.0,83.0,98.0,112.0,131.0,217.0,235.0,254.0,276.0,288.0,319.0,332.0,348.0,358.0,495.0,503.0,519.0,585.0,599.0,601.0,616.0,625.0,639.0,644.0,674.0,700.0,718.0,769.0,787.0,805.0,832.0,834.0,878.0,912.0,918.0,951.0,981.0,984.0,990.0,994.0,
15.0,15.0,26.0,80.0,108.0,112.0,194.0,205.0,207.0,277.0,310.0,387.0,428.0,448.0,483.0,558.0,589.0,593.0,598.0,621.0,625.0,639.0,642.0,660.0,695.0,729.0,793.0,798.0,800.0,832.0,871.0,884.0,909.0,909.0,924.0,932.0,938.0,946.0,
125.0,129.0,189.0,203.0,235.0,249.0,271.0,327.0,388.0,388.0,402.0,435.0,463.0,535.0,581.0,583.0,593.0,597.0,604.0,633.0,637.0,682.0,707.0,804.0,816.0,824.0,839.0,867.0,919.0,959.0,984.0,987.0,
73.0,142.0,154.0,209.0,209.0,218.0,232.0,234.0,355.0,395.0,410.0,415.0,443.0,463.0,465.0,470.0,474.0,491.0,505.0,526.0,551.0,646.0,646.0,676.0,794.0,808.0,823.0,827.0,843.0,853.0,870.0,873.0,922.0,932.0,935.0,983.0,
5.0,8.0,56.0,58.0,70.0,146.0,263.0,279.0,290.0,347.0,370.0,377.0,392.0,419.0,450.0,468.0,492.0,567.0,632.0,674.0,687.0,731.0,804.0,841.0,860.0,887.0,930.0,932.0,936.0,983.0,999.0,
