67.0,75.0,183.0,189.0,224.0,245.0,287.0,293.0,355.0,374.0,466.0,474.0,545.0,547.0,579.0,583.0,602.0,611.0,621.0,674.0,696.0,706.0,720.0,721.0,721.0,726.0,726.0,800.0,803.0,861.0,863.0,879.0,889.0,924.0,927.0,929.0,934.0,939.0,944.0,954.0,974.0,1000.0,
75.0,88.0,159.0,168.0,191.0,191.0,221.0,261.0,269.0,274.0,293.0,298.0,317.0,353.0,374.0,430.0,434.0,437.0,492.0,497.0,521.0,532.0,533.0,562.0,562.0,575.0,600.0,601.0,638.0,686.0,756.0,823.0,879.0,899.0,924.0,964.0,
102.0,152.0,176.0,185.0,188.0,214.0,244.0,294.0,342.0,364.0,404.0,431.0,464.0,485.0,494.0,536.0,555.0,568.0,592.0,597.0,652.0,662.0,662.0,697.0,701.0,718.0,743.0,775.0,782.0,783.0,811.0,841.0,904.0,959.0,971.0,985.0,
25.0,54.0,81.0,210.0,215.0,256.0,316.0,355.0,417.0,422.0,431.0,482.0,501.0,508.0,511.0,524.0,586.0,597.0,598.0,599.0,620.0,699.0,720.0,773.0,882.0,907.0,908.0,935.0,976.0,982.0,
48.0,107.0,180.0,182.0,196.0,245.0,246.0,281.0,349.0,356.0,391.0,396.0,419.0,431.0,472.0,497.0,505.0,537.0,545.0,609.0,653.0,677.0,729.0,760.0,761.0,789.0,816.0,847.0,863.0,891.0,919.0,938.0,947.0,
13.0,70.0,70.0,149.0,166.0,211.0,229.0,254.0,271.0,273.0,322.0,336.0,345.0,345.0,383.0,429.0,475.0,494.0,536.0,553.0,566.0,593.0,601.0,649.0,649.0,710.0,756.0,845.0,875.0,881.0,894.0,900.0,920.0,964.0,
3.0,45.0,61.0,88.0,108.0,125.0,179.0,274.0,277.0,288.0,306.0,308.0,327.0,341.0,380.0,405.0,439.0,443.0,494.0,517.0,531.0,560.0,564.0,590.0,612.0,613.0,615.0,616.0,618.0,624.0,629.0,658.0,662.0,662.0,665.0,674.0,682.0,688.0,694.0,717.0,718.0,790.0,860.0,870.0,880.0,887.0,950.0,956.0,
38.0,72.0,80.0,128.0,212.0,212.0,216.0,234.0,251.0,289.0,318.0,335.0,387.0,448.0,462.0,514.0,531.0,536.0,598.0,628.0,648.0,713.0,716.0,723.0,734.0,781.0,787.0,791.0,819.0,825.0,916.0,940.0,
9.0,28.0,34.0,45.0,54.0,63.0,81.0,83.0,95.0,120.0,137.0,195.0,294.0,314.0,334.0,351.0,470.0,526.0,539.0,551.0,578.0,600.0,606.0,614.0,621.0,638.0,645.0,663.0,690.0,693.0,702.0,707.0,716.0,726.0,745.0,750.0,773.0,788.0,804.0,843.0,844.0,851.0,890.0,932.0,940.0,977.0,989.0,
16.0,17.0,33.0,40.0,49.0,69.0,119.0,137.0,176.0,182.0,183.0,192.0,195.0,197.0,208.0,243.0,254.0,342.0,363.0,384.0,387.0,397.0,440.0,536.0,566.0,577.0,645.0,662.0,673.0,676.0,689.0,709.0,821.0,825.0,838.0,855.0,892.0,901.0,
40.0,58.0,73.0,81.0,82.0,132.0,134.0,141.0,148.0,148.0,162.0,179.0,241.0,245.0,296.0,319.0,338.0,379.0,479.0,518.0,576.0,580.0,629.0,666.0,690.0,738.0,756.0,758.0,761.0,805.0,825.0,862.0,927.0,
74.0,78.0,137.0,168.0,238.0,250.0,253.0,258.0,274.0,313.0,367.0,434.0,471.0,513.0,594.0,613.0,630.0,632.0,637.0,659.0,666.0,675.0,683.0,684.0,698.0,747.0,783.0,787.0,802.0,872.0,885.0,921.0,942.0,953.0,
13.0,21.0,25.0,38.0,100.0,104.0,123.0,137.0,156.0,158.0,166.0,169.0,192.0,193.0,254.0,266.0,360.0,370.0,396.0,416.0,498.0,511.0,531.0,534.0,625.0,649.0,672.0,710.0,710.0,761.0,780.0,798.0,812.0,845.0,861.0,867.0,897.0,926.0,932.0,946.0,955.0,
16.0,36.0,83.0,140.0,156.0,162.0,170.0,194.0,219.0,222.0,282.0,298.0,365.0,371.0,386.0,440.0,452.0,472.0,507.0,549.0,570.0,611.0,618.0,633.0,658.0,664.0,670.0,677.0,732.0,745.0,750.0,804.0,812.0,813.0,813.0,862.0,866.0,880.0,891.0,920.0,945.0,947.0,958.0,993.0,
110.0,119.0,167.0,208.0,213.0,249.0,280.0,307.0,334.0,338.0,348.0,361.0,368.0,404.0,469.0,495.0,502.0,521.0,531.0,568.0,570.0,632.0,652.0,668.0,674.0,675.0,676.0,677.0,720.0,766.0,778.0,791.0,803.0,815.0,874.0,881.0,883.0,888.0,939.0,941.0,950.0,969.0,978.0,989.0,
16.0,32.0,71.0,91.0,199.0,208.0,223.0,269.0,288.0,310.0,315.0,348.0,366.0,387.0,420.0,429.0,463.0,479.0,542.0,543.0,591.0,601.0,604.0,607.0,617.0,651.0,655.0,680.0,691.0,785.0,806.0,842.0,844.0,882.0,886.0,904.0,921.0,923.0,930.0,946.0,966.0,974.0,976.0,977.0,988.0,
11.0,39.0,41.0,52.0,69.0,135.0,135.0,136.0,152.0,155.0,199.0,242.0,242.0,251.0,254.0,296.0,308.0,313.0,331.0,343.0,397.0,398.0,457.0,478.0,484.0,504.0,597.0,613.0,684.0,690.0,698.0,739.0,754.0,774.0,777.0,781.0,801.0,820.0,869.0,901.0,944.0,950.0,976.0,991.0,994.0,999.0,
6.0,83.0,109.0,207.0,211.0,235.0,244.0,266.0,287.0,308.0,331.0,371.0,422.0,436.0,478.0,488.0,565.0,614.0,615.0,622.0,639.0,656.0,698.0,709.0,721.0,758.0,781.0,805.0,828.0,831.0,870.0,892.0,931.0,
29.0,104.0,157.0,162.0,192.0,193.0,222.0,255.0,256.0,259.0,290.0,297.0,299.0,419.0,469.0,479.0,575.0,660.0,689.0,706.0,715.0,722.0,741.0,776.0,797.0,801.0,823.0,849.0,889.0,962.0,979.0,
39.0,49.0,95.0,135.0,142.0,159.0,260.0,336.0,399.0,402.0,452.0,488.0,580.0,625.0,659.0,723.0,731.0,742.0,781.0,783.0,787.0,800.0,824.0,872.0,894.0,929.0,959.0,974.0,
3.0,4.0,5.0,17.0,39.0,71.0,127.0,179.0,193.0,203.0,291.0,325.0,354.0,358.0,372.0,423.0,457.0,464.0,493.0,512.0,540.0,583.0,601.0,602.0,608.0,647.0,661.0,691.0,729.0,785.0,818.0,822.0,830.0,831.0,888.0,928.0,938.0,995.0,
68.0,73.0,97.0,112.0,131.0,218.0,239.0,274.0,317.0,322.0,373.0,400.0,450.0,451.0,492.0,511.0,515.0,557.0,558.0,569.0,597.0,605.0,621.0,660.0,663.0,700.0,703.0,710.0,715.0,717.0,766.0,770.0,802.0,918.0,933.0,942.0,964.0,
15.0,42.0,62.0,76.0,77.0,93.0,137.0,141.0,198.0,311.0,312.0,359.0,375.0,383.0,426.0,469.0,472.0,497.0,510.0,520.0,524.0,538.0,544.0,589.0,684.0,742.0,771.0,809.0,813.0,838.0,864.0,914.0,932.0,962.0,974.0,990.0,996.0,
60.0,111.0,148.0,223.0,251.0,254.0,307.0,328.0,333.0,368.0,403.0,412.0,418.0,424.0,434.0,456.0,459.0,530.0,531.0,622.0,624.0,669.0,679.0,687.0,695.0,699.0,712.0,719.0,735.0,749.0,778.0,813.0,815.0,826.0,846.0,871.0,906.0,909.0,918.0,931.0,959.0,
102.0,102.0,166.0,176.0,194.0,206.0,244.0,261.0,292.0,299.0,320.0,326.0,334.0,354.0,359.0,362.0,381.0,386.0,408.0,456.0,639.0,767.0,772.0,775.0,783.0,846.0,865.0,951.0,
18.0,42.0,55.0,149.0,157.0,165.0,204.0,217.0,244.0,254.0,272.0,274.0,331.0,334.0,365.0,393.0,397.0,414.0,435.0,453.0,467.0,481.0,504.0,723.0,789.0,802.0,946.0,
6.0,20.0,42.0,44.0,67.0,109.0,125.0,133.0,164.0,169.0,182.0,215.0,305.0,323.0,385.0,401.0,430.0,480.0,644.0,644.0,718.0,749.0,793.0,821.0,840.0,897.0,937.0,946.0,968.0,972.0,973.0,
9.0,20.0,25.0,49.0,98.0,108.0,129.0,190.0,209.0,224.0,298.0,321.0,335.0,350.0,354.0,354.0,464.0,475.0,478.0,613.0,623.0,669.0,678.0,767.0,797.0,827.0,854.0,896.0,899.0,971.0,989.0,
10.0,21.0,56.0,86.0,122.0,151.0,187.0,213.0,242.0,260.0,280.0,311.0,315.0,359.0,509.0,553.0,556.0,577.0,599.0,604.0,623.0,623.0,648.0,654.0,657.0,657.0,658.0,746.0,747.0,758.0,779.0,830.0,838.0,840.0,847.0,851.0,877.0,879.0,890.0,938.0,943.0,980.0,981.0,988.0,1000.0,
5.0,24.0,57.0,106.0,159.0,171.0,213.0,330.0,380.0,396.0,470.0,474.0,527.0,552.0,594.0,657.0,687.0,745.0,751.0,818.0,824.0,833.0,860.0,869.0,908.0,913.0,920.0,925.0,926.0,938.0,948.0,954.0,978.0,990.0,
4.0,17.0,72.0,104.0,108.0,131.0,152.0,195.0,197.0,210.0,215.0,216.0,228.0,238.0,239.0,308.0,341.0,346.0,349.0,350.0,418.0,431.0,472.0,474.0,476.0,578.0,603.0,625.0,627.0,632.0,710.0,717.0,735.0,759.0,810.0,853.0,880.0,979.0,
43.0,82.0,99.0,121.0,138.0,140.0,152.0,163.0,164.0,195.0,202.0,287.0,382.0,444.0,446.0,503.0,536.0,548.0,554.0,623.0,665.0,686.0,740.0,760.0,772.0,779.0,787.0,824.0,841.0,845.0,864.0,880.0,899.0,905.0,958.0,
13.0,45.0,50.0,71.0,112.0,167.0,207.0,260.0,292.0,314.0,333.0,508.0,600.0,603.0,611.0,629.0,661.0,690.0,692.0,696.0,757.0,771.0,778.0,822.0,881.0,901.0,919.0,936.0,957.0,
7.0,7.0,20.0,28.0,35.0,78.0,93.0,111.0,138.0,153.0,190.0,231.0,248.0,251.0,268.0,331.0,348.0,355.0,366.0,369.0,371.0,376.0,394.0,398.0,414.0,787.0,839.0,978.0,
4.0,79.0,87.0,94.0,195.0,239.0,245.0,267.0,335.0,412.0,432.0,507.0,509.0,
38.0,103.0,103.0,132.0,141.0,167.0,184.0,184.0,193.0,235.0,251.0,252.0,257.0,289.0,302.0,309.0,311.0,344.0,373.0,388.0,403.0,443.0,456.0,491.0,
5.0,40.0,81.0,98.0,140.0,151.0,187.0,236.0,245.0,255.0,301.0,340.0,351.0,352.0,368.0,468.0,496.0,
7.0,34.0,80.0,89.0,110.0,182.0,209.0,272.0,296.0,297.0,303.0,317.0,325.0,399.0,412.0,481.0,
13.0,17.0,47.0,72.0,73.0,99.0,115.0,131.0,151.0,178.0,180.0,270.0,276.0,292.0,309.0,355.0,370.0,406.0,407.0,422.0,509.0,659.0,669.0,678.0,690.0,708.0,713.0,741.0,742.0,764.0,784.0,819.0,827.0,834.0,848.0,851.0,881.0,889.0,990.0,992.0,
13.0,125.0,179.0,188.0,233.0,313.0,319.0,342.0,370.0,430.0,441.0,443.0,446.0,489.0,508.0,556.0,562.0,611.0,635.0,656.0,665.0,741.0,782.0,784.0,794.0,811.0,812.0,839.0,883.0,897.0,920.0,939.0,970.0,971.0,971.0,984.0,990.0,996.0,
8.0,28.0,32.0,51.0,72.0,78.0,81.0,116.0,163.0,165.0,167.0,221.0,251.0,278.0,301.0,306.0,309.0,339.0,430.0,482.0,487.0,573.0,579.0,593.0,593.0,622.0,644.0,666.0,670.0,735.0,762.0,768.0,785.0,792.0,810.0,943.0,989.0,
5.0,36.0,56.0,56.0,114.0,133.0,148.0,173.0,175.0,192.0,193.0,205.0,219.0,224.0,302.0,335.0,414.0,492.0,575.0,575.0,579.0,606.0,637.0,663.0,695.0,705.0,740.0,742.0,766.0,774.0,776.0,822.0,839.0,879.0,880.0,936.0,952.0,955.0,982.0,
129.0,165.0,201.0,304.0,305.0,306.0,323.0,347.0,402.0,456.0,738.0,809.0,840.0,942.0,981.0,
147.0,149.0,166.0,214.0,216.0,238.0,244.0,251.0,253.0,257.0,272.0,274.0,299.0,315.0,315.0,321.0,333.0,356.0,380.0,402.0,402.0,406.0,470.0,480.0,
9.0,13.0,71.0,108.0,131.0,138.0,139.0,168.0,192.0,312.0,316.0,329.0,381.0,381.0,387.0,412.0,437.0,468.0,478.0,494.0,877.0,928.0,993.0,999.0,
13.0,18.0,59.0,69.0,132.0,147.0,167.0,173.0,186.0,191.0,244.0,289.0,289.0,298.0,372.0,464.0,464.0,469.0,474.0,486.0,747.0,887.0,955.0,
33.0,94.0,132.0,212.0,243.0,267.0,283.0,294.0,300.0,329.0,368.0,368.0,446.0,779.0,
37.0,60.0,82.0,92.0,104.0,114.0,186.0,250.0,272.0,398.0,
15.0,85.0,108.0,176.0,212.0,232.0,244.0,298.0,304.0,305.0,354.0,356.0,357.0,413.0,417.0,438.0,447.0,457.0,472.0,489.0,673.0,691.0,739.0,752.0,814.0,814.0,824.0,847.0,889.0,
9.0,70.0,108.0,108.0,149.0,158.0,161.0,196.0,235.0,268.0,304.0,333.0,337.0,341.0,415.0,417.0,461.0,486.0,539.0,613.0,657.0,751.0,769.0,778.0,783.0,791.0,791.0,806.0,840.0,867.0,913.0,917.0,965.0,970.0,989.0,
19.0,54.0,67.0,70.0,81.0,96.0,103.0,129.0,175.0,192.0,209.0,212.0,219.0,222.0,224.0,233.0,241.0,250.0,282.0,338.0,342.0,404.0,407.0,426.0,491.0,494.0,523.0,558.0,591.0,647.0,670.0,708.0,726.0,739.0,740.0,743.0,748.0,802.0,805.0,821.0,904.0,918.0,943.0,952.0,
19.0,52.0,99.0,114.0,120.0,146.0,202.0,227.0,230.0,243.0,274.0,303.0,365.0,393.0,397.0,399.0,504.0,522.0,558.0,576.0,609.0,648.0,650.0,660.0,710.0,755.0,780.0,835.0,842.0,857.0,860.0,882.0,882.0,888.0,898.0,930.0,984.0,997.0,
112.0,118.0,127.0,154.0,157.0,165.0,212.0,216.0,339.0,340.0,367.0,379.0,407.0,413.0,451.0,793.0,887.0,957.0,964.0,
19.0,73.0,74.0,103.0,157.0,179.0,193.0,194.0,224.0,235.0,262.0,262.0,270.0,291.0,295.0,350.0,362.0,401.0,426.0,428.0,447.0,465.0,474.0,485.0,
57.0,91.0,129.0,161.0,190.0,197.0,295.0,318.0,330.0,355.0,394.0,396.0,452.0,454.0,464.0,486.0,938.0,943.0,
61.0,73.0,111.0,113.0,115.0,186.0,216.0,240.0,267.0,268.0,274.0,327.0,353.0,361.0,370.0,373.0,391.0,397.0,453.0,471.0,475.0,486.0,492.0,492.0,852.0,
10.0,78.0,88.0,92.0,119.0,132.0,166.0,188.0,228.0,282.0,285.0,293.0,302.0,321.0,386.0,449.0,486.0,509.0,789.0,839.0,898.0,960.0,
86.0,87.0,99.0,104.0,106.0,167.0,175.0,184.0,223.0,296.0,303.0,306.0,314.0,486.0,
3.0,82.0,85.0,111.0,128.0,144.0,200.0,235.0,264.0,275.0,277.0,341.0,344.0,352.0,377.0,402.0,419.0,434.0,434.0,508.0,721.0,907.0,910.0,925.0,956.0,
13.0,24.0,32.0,39.0,73.0,96.0,106.0,125.0,130.0,132.0,246.0,251.0,266.0,279.0,285.0,310.0,314.0,351.0,390.0,398.0,435.0,437.0,450.0,467.0,518.0,556.0,565.0,583.0,610.0,611.0,612.0,628.0,640.0,705.0,801.0,807.0,812.0,828.0,857.0,873.0,885.0,905.0,907.0,909.0,921.0,942.0,994.0,
19.0,52.0,92.0,104.0,107.0,116.0,116.0,138.0,176.0,198.0,210.0,210.0,215.0,263.0,320.0,322.0,336.0,336.0,346.0,356.0,387.0,435.0,443.0,513.0,539.0,543.0,547.0,559.0,603.0,662.0,671.0,674.0,687.0,690.0,764.0,777.0,815.0,863.0,874.0,924.0,948.0,963.0,975.0,
13.0,72.0,168.0,189.0,191.0,221.0,308.0,328.0,382.0,384.0,385.0,410.0,426.0,479.0,569.0,621.0,634.0,647.0,650.0,672.0,679.0,734.0,750.0,788.0,796.0,829.0,834.0,873.0,892.0,894.0,898.0,900.0,909.0,924.0,974.0,987.0,989.0,
4.0,10.0,151.0,160.0,197.0,253.0,314.0,388.0,435.0,436.0,502.0,509.0,634.0,637.0,744.0,875.0,911.0,925.0,959.0,986.0,
55.0,77.0,82.0,105.0,108.0,124.0,183.0,228.0,238.0,248.0,285.0,296.0,330.0,332.0,341.0,347.0,405.0,407.0,411.0,492.0,498.0,506.0,
43.0,46.0,64.0,71.0,84.0,117.0,175.0,194.0,232.0,233.0,264.0,298.0,362.0,365.0,376.0,415.0,447.0,973.0,
21.0,57.0,77.0,98.0,137.0,148.0,190.0,251.0,267.0,270.0,285.0,286.0,294.0,299.0,302.0,331.0,350.0,408.0,420.0,435.0,447.0,464.0,798.0,
17.0,47.0,82.0,90.0,117.0,149.0,156.0,209.0,229.0,242.0,311.0,344.0,366.0,394.0,414.0,466.0,485.0,935.0,
19.0,23.0,24.0,99.0,100.0,106.0,130.0,137.0,144.0,145.0,200.0,256.0,257.0,263.0,327.0,360.0,375.0,384.0,387.0,415.0,441.0,448.0,476.0,
14.0,15.0,23.0,42.0,82.0,94.0,102.0,118.0,135.0,144.0,175.0,189.0,191.0,205.0,208.0,218.0,232.0,266.0,275.0,286.0,294.0,347.0,440.0,460.0,499.0,630.0,667.0,686.0,920.0,932.0,977.0,990.0,
8.0,62.0,87.0,120.0,125.0,156.0,173.0,194.0,202.0,206.0,210.0,224.0,266.0,303.0,317.0,356.0,362.0,374.0,391.0,413.0,429.0,462.0,470.0,475.0,516.0,525.0,533.0,628.0,660.0,681.0,690.0,704.0,753.0,776.0,786.0,789.0,816.0,850.0,871.0,896.0,897.0,946.0,978.0,994.0,
9.0,25.0,36.0,91.0,130.0,150.0,161.0,175.0,211.0,446.0,453.0,468.0,477.0,531.0,576.0,584.0,630.0,639.0,666.0,811.0,841.0,855.0,871.0,931.0,936.0,955.0,
10.0,24.0,31.0,40.0,60.0,69.0,69.0,75.0,76.0,78.0,109.0,151.0,196.0,200.0,207.0,245.0,319.0,380.0,400.0,417.0,441.0,445.0,465.0,467.0,489.0,502.0,506.0,515.0,551.0,551.0,561.0,587.0,638.0,667.0,697.0,733.0,754.0,761.0,769.0,784.0,787.0,823.0,837.0,852.0,855.0,866.0,916.0,922.0,936.0,938.0,
23.0,27.0,34.0,54.0,54.0,59.0,69.0,74.0,94.0,115.0,118.0,129.0,139.0,144.0,151.0,201.0,222.0,244.0,277.0,304.0,305.0,346.0,384.0,392.0,480.0,480.0,483.0,633.0,641.0,656.0,681.0,684.0,709.0,714.0,727.0,738.0,773.0,787.0,792.0,803.0,805.0,818.0,819.0,873.0,881.0,959.0,964.0,992.0,
6.0,55.0,148.0,210.0,224.0,286.0,307.0,336.0,374.0,378.0,388.0,453.0,464.0,488.0,489.0,910.0,969.0,971.0,
9.0,11.0,36.0,58.0,61.0,88.0,95.0,103.0,182.0,201.0,254.0,274.0,291.0,292.0,334.0,358.0,365.0,402.0,410.0,411.0,435.0,472.0,484.0,489.0,507.0,
23.0,87.0,95.0,196.0,201.0,222.0,253.0,255.0,269.0,307.0,414.0,450.0,479.0,507.0,
16.0,22.0,25.0,29.0,58.0,73.0,78.0,98.0,99.0,126.0,172.0,174.0,220.0,263.0,271.0,287.0,462.0,467.0,496.0,
27.0,49.0,191.0,208.0,245.0,246.0,292.0,299.0,301.0,304.0,434.0,453.0,755.0,955.0,
17.0,38.0,51.0,56.0,65.0,69.0,90.0,117.0,151.0,198.0,210.0,273.0,296.0,313.0,315.0,321.0,343.0,413.0,434.0,461.0,499.0,517.0,518.0,678.0,680.0,764.0,770.0,775.0,809.0,823.0,836.0,883.0,888.0,914.0,968.0,981.0,988.0,
7.0,28.0,60.0,81.0,94.0,141.0,197.0,205.0,229.0,234.0,239.0,241.0,264.0,304.0,313.0,362.0,374.0,398.0,437.0,483.0,509.0,568.0,568.0,684.0,727.0,747.0,802.0,810.0,813.0,885.0,902.0,946.0,
14.0,33.0,51.0,55.0,60.0,68.0,72.0,88.0,122.0,127.0,135.0,249.0,319.0,442.0,469.0,510.0,536.0,539.0,551.0,560.0,679.0,709.0,719.0,722.0,746.0,757.0,844.0,924.0,930.0,997.0,
147.0,167.0,182.0,224.0,265.0,268.0,297.0,332.0,380.0,443.0,451.0,480.0,485.0,565.0,605.0,626.0,632.0,635.0,663.0,678.0,679.0,700.0,706.0,718.0,771.0,774.0,780.0,823.0,826.0,849.0,852.0,858.0,884.0,908.0,941.0,981.0,992.0,
4.0,9.0,56.0,73.0,80.0,129.0,131.0,134.0,150.0,166.0,170.0,193.0,194.0,199.0,209.0,217.0,264.0,267.0,276.0,283.0,294.0,308.0,313.0,366.0,367.0,394.0,425.0,451.0,452.0,468.0,482.0,501.0,568.0,584.0,629.0,726.0,764.0,782.0,808.0,831.0,887.0,917.0,925.0,953.0,954.0,959.0,962.0,985.0,994.0,
42.0,82.0,118.0,136.0,176.0,198.0,213.0,217.0,247.0,268.0,277.0,295.0,320.0,345.0,436.0,534.0,588.0,591.0,692.0,699.0,706.0,722.0,764.0,774.0,779.0,810.0,815.0,815.0,857.0,868.0,868.0,882.0,912.0,965.0,980.0,997.0,
15.0,19.0,38.0,56.0,66.0,77.0,139.0,143.0,194.0,225.0,257.0,271.0,295.0,328.0,347.0,432.0,506.0,506.0,627.0,657.0,666.0,807.0,914.0,915.0,946.0,
6.0,88.0,91.0,213.0,215.0,242.0,285.0,289.0,489.0,817.0,920.0,
5.0,10.0,69.0,71.0,117.0,214.0,236.0,251.0,253.0,276.0,302.0,312.0,450.0,457.0,495.0,500.0,674.0,747.0,754.0,794.0,797.0,823.0,917.0,937.0,985.0,
14.0,17.0,43.0,76.0,83.0,115.0,152.0,159.0,165.0,207.0,234.0,258.0,259.0,357.0,381.0,388.0,407.0,411.0,444.0,500.0,527.0,538.0,588.0,650.0,674.0,679.0,689.0,779.0,781.0,788.0,788.0,793.0,864.0,896.0,901.0,934.0,937.0,941.0,947.0,995.0,
51.0,62.0,64.0,80.0,189.0,205.0,248.0,278.0,305.0,342.0,390.0,392.0,438.0,446.0,487.0,571.0,573.0,595.0,600.0,614.0,619.0,624.0,660.0,664.0,684.0,688.0,718.0,720.0,734.0,738.0,754.0,758.0,895.0,905.0,
16.0,21.0,31.0,104.0,151.0,188.0,188.0,285.0,286.0,303.0,305.0,363.0,372.0,385.0,392.0,447.0,461.0,478.0,525.0,573.0,579.0,633.0,635.0,667.0,682.0,719.0,741.0,758.0,772.0,821.0,854.0,905.0,965.0,983.0,
102.0,117.0,134.0,139.0,179.0,231.0,236.0,294.0,302.0,318.0,323.0,329.0,344.0,345.0,347.0,359.0,371.0,371.0,421.0,551.0,553.0,573.0,574.0,577.0,593.0,593.0,601.0,653.0,687.0,717.0,772.0,797.0,798.0,802.0,820.0,823.0,823.0,855.0,858.0,879.0,916.0,935.0,970.0,990.0,992.0,1000.0,
43.0,79.0,134.0,147.0,204.0,228.0,252.0,255.0,257.0,279.0,282.0,327.0,335.0,347.0,354.0,412.0,415.0,470.0,505.0,584.0,625.0,637.0,643.0,645.0,661.0,665.0,694.0,698.0,718.0,762.0,786.0,873.0,880.0,923.0,
35.0,56.0,60.0,73.0,99.0,139.0,167.0,172.0,204.0,222.0,238.0,240.0,246.0,263.0,263.0,286.0,303.0,309.0,311.0,343.0,348.0,349.0,360.0,362.0,378.0,392.0,457.0,500.0,532.0,557.0,565.0,669.0,695.0,698.0,708.0,735.0,743.0,746.0,764.0,778.0,782.0,783.0,812.0,874.0,893.0,966.0,972.0,
4.0,13.0,36.0,55.0,60.0,66.0,67.0,116.0,121.0,138.0,139.0,148.0,157.0,172.0,182.0,217.0,222.0,222.0,299.0,330.0,344.0,372.0,399.0,411.0,450.0,503.0,531.0,555.0,606.0,612.0,668.0,755.0,854.0,862.0,872.0,882.0,956.0,974.0,
9.0,18.0,50.0,52.0,108.0,129.0,186.0,191.0,213.0,234.0,235.0,260.0,270.0,278.0,301.0,332.0,339.0,385.0,401.0,421.0,469.0,504.0,508.0,542.0,582.0,637.0,658.0,673.0,690.0,797.0,838.0,838.0,856.0,866.0,868.0,886.0,901.0,912.0,962.0,963.0,1000.0,
26.0,48.0,87.0,151.0,152.0,158.0,182.0,242.0,246.0,262.0,382.0,530.0,538.0,572.0,581.0,586.0,599.0,621.0,666.0,728.0,773.0,783.0,788.0,791.0,803.0,811.0,841.0,860.0,860.0,934.0,939.0,939.0,947.0,952.0,
12.0,20.0,48.0,76.0,146.0,166.0,234.0,243.0,280.0,418.0,475.0,487.0,497.0,522.0,530.0,552.0,564.0,568.0,575.0,583.0,584.0,588.0,604.0,665.0,671.0,674.0,692.0,707.0,758.0,767.0,812.0,862.0,891.0,915.0,928.0,953.0,968.0,978.0,
7.0,43.0,51.0,67.0,119.0,123.0,126.0,186.0,211.0,227.0,268.0,291.0,336.0,339.0,341.0,349.0,352.0,476.0,483.0,490.0,498.0,503.0,505.0,539.0,599.0,643.0,653.0,670.0,719.0,755.0,770.0,809.0,809.0,811.0,829.0,835.0,857.0,859.0,911.0,919.0,964.0,973.0,988.0,
39.0,44.0,55.0,113.0,116.0,149.0,162.0,177.0,185.0,320.0,341.0,421.0,430.0,434.0,459.0,471.0,486.0,501.0,504.0,599.0,649.0,665.0,671.0,714.0,723.0,746.0,754.0,764.0,767.0,805.0,889.0,893.0,933.0,985.0,993.0,
19.0,22.0,32.0,51.0,63.0,140.0,149.0,204.0,223.0,238.0,245.0,246.0,254.0,274.0,297.0,313.0,419.0,428.0,449.0,495.0,563.0,574.0,592.0,635.0,642.0,673.0,675.0,690.0,722.0,748.0,756.0,816.0,819.0,882.0,884.0,888.0,906.0,943.0,947.0,951.0,961.0,972.0,994.0,
