2.0,38.0,52.0,54.0,99.0,130.0,149.0,155.0,176.0,255.0,282.0,283.0,330.0,347.0,366.0,370.0,390.0,411.0,441.0,464.0,490.0,525.0,633.0,635.0,648.0,661.0,674.0,712.0,718.0,729.0,742.0,748.0,797.0,826.0,868.0,888.0,912.0,943.0,947.0,
2.0,8.0,23.0,23.0,49.0,93.0,96.0,205.0,227.0,238.0,243.0,250.0,253.0,344.0,367.0,388.0,415.0,418.0,418.0,447.0,476.0,489.0,520.0,531.0,587.0,654.0,660.0,676.0,712.0,758.0,837.0,851.0,869.0,924.0,930.0,943.0,999.0,
97.0,103.0,124.0,138.0,154.0,169.0,171.0,172.0,182.0,192.0,262.0,280.0,281.0,309.0,319.0,334.0,345.0,371.0,407.0,446.0,452.0,494.0,494.0,497.0,501.0,534.0,540.0,557.0,568.0,588.0,594.0,725.0,729.0,737.0,752.0,784.0,789.0,815.0,840.0,874.0,878.0,922.0,932.0,964.0,965.0,998.0,
46.0,47.0,61.0,75.0,112.0,162.0,186.0,190.0,242.0,324.0,363.0,366.0,371.0,390.0,397.0,422.0,452.0,456.0,457.0,460.0,480.0,482.0,502.0,523.0,544.0,554.0,587.0,590.0,591.0,602.0,609.0,620.0,639.0,661.0,688.0,695.0,751.0,761.0,771.0,785.0,846.0,877.0,878.0,884.0,904.0,939.0,954.0,998.0,
4.0,43.0,60.0,69.0,105.0,122.0,144.0,152.0,192.0,220.0,251.0,274.0,364.0,371.0,401.0,413.0,516.0,526.0,567.0,597.0,605.0,626.0,641.0,690.0,710.0,734.0,756.0,795.0,822.0,831.0,853.0,860.0,874.0,
3.0,8.0,15.0,19.0,21.0,39.0,91.0,116.0,124.0,135.0,150.0,166.0,173.0,186.0,206.0,206.0,221.0,279.0,302.0,341.0,377.0,386.0,389.0,417.0,420.0,445.0,526.0,575.0,579.0,617.0,629.0,632.0,632.0,655.0,662.0,685.0,711.0,728.0,782.0,808.0,847.0,914.0,956.0,964.0,
33.0,55.0,62.0,91.0,92.0,100.0,116.0,120.0,129.0,146.0,168.0,174.0,191.0,235.0,241.0,281.0,315.0,332.0,352.0,354.0,357.0,378.0,440.0,449.0,471.0,481.0,550.0,575.0,585.0,608.0,628.0,647.0,675.0,685.0,723.0,741.0,742.0,747.0,748.0,789.0,856.0,867.0,873.0,943.0,964.0,987.0,991.0,999.0,
7.0,13.0,47.0,82.0,162.0,224.0,235.0,375.0,395.0,417.0,444.0,493.0,515.0,518.0,554.0,562.0,596.0,638.0,665.0,685.0,689.0,689.0,735.0,775.0,791.0,794.0,818.0,903.0,935.0,972.0,974.0,
49.0,58.0,92.0,93.0,98.0,126.0,137.0,216.0,335.0,361.0,404.0,491.0,507.0,526.0,538.0,615.0,631.0,648.0,664.0,818.0,856.0,873.0,884.0,895.0,912.0,932.0,
38.0,39.0,122.0,137.0,156.0,164.0,172.0,177.0,226.0,243.0,458.0,520.0,524.0,524.0,591.0,602.0,604.0,609.0,628.0,692.0,773.0,806.0,829.0,856.0,995.0,
12.0,65.0,88.0,88.0,98.0,109.0,120.0,188.0,191.0,204.0,211.0,247.0,248.0,271.0,304.0,307.0,336.0,340.0,358.0,396.0,398.0,408.0,413.0,419.0,534.0,554.0,567.0,581.0,628.0,659.0,662.0,698.0,827.0,930.0,952.0,954.0,980.0,
13.0,28.0,98.0,127.0,162.0,199.0,224.0,247.0,258.0,306.0,327.0,328.0,340.0,365.0,383.0,419.0,447.0,466.0,503.0,511.0,511.0,542.0,549.0,568.0,601.0,644.0,655.0,665.0,676.0,685.0,689.0,701.0,714.0,796.0,798.0,801.0,820.0,832.0,894.0,903.0,949.0,958.0,994.0,998.0,
9.0,18.0,41.0,60.0,86.0,94.0,94.0,97.0,108.0,142.0,154.0,169.0,188.0,201.0,232.0,291.0,350.0,382.0,389.0,413.0,418.0,420.0,420.0,436.0,464.0,526.0,530.0,544.0,567.0,573.0,583.0,584.0,589.0,642.0,645.0,682.0,803.0,869.0,913.0,921.0,923.0,935.0,951.0,988.0,994.0,997.0,
15.0,24.0,65.0,145.0,145.0,159.0,342.0,463.0,477.0,520.0,537.0,539.0,546.0,546.0,587.0,592.0,599.0,635.0,641.0,648.0,656.0,662.0,665.0,729.0,729.0,734.0,737.0,753.0,766.0,767.0,893.0,920.0,922.0,955.0,957.0,
22.0,23.0,38.0,54.0,107.0,109.0,134.0,196.0,240.0,268.0,275.0,301.0,395.0,428.0,476.0,499.0,569.0,591.0,629.0,641.0,676.0,690.0,692.0,699.0,704.0,712.0,763.0,777.0,782.0,852.0,937.0,
24.0,39.0,53.0,72.0,109.0,166.0,213.0,229.0,266.0,292.0,363.0,370.0,394.0,401.0,433.0,449.0,481.0,516.0,582.0,620.0,722.0,744.0,767.0,779.0,783.0,795.0,813.0,827.0,830.0,831.0,848.0,863.0,880.0,938.0,996.0,
34.0,107.0,127.0,163.0,186.0,224.0,228.0,238.0,305.0,336.0,466.0,474.0,497.0,559.0,620.0,625.0,639.0,653.0,669.0,684.0,700.0,732.0,755.0,792.0,823.0,839.0,888.0,908.0,961.0,981.0,990.0,993.0,
15.0,74.0,89.0,107.0,125.0,130.0,136.0,157.0,187.0,332.0,386.0,425.0,444.0,458.0,484.0,492.0,503.0,505.0,522.0,560.0,560.0,571.0,579.0,589.0,596.0,650.0,657.0,677.0,681.0,711.0,731.0,809.0,818.0,822.0,827.0,865.0,866.0,894.0,929.0,947.0,974.0,998.0,
38.0,54.0,64.0,82.0,104.0,113.0,135.0,210.0,256.0,259.0,294.0,320.0,349.0,365.0,387.0,426.0,448.0,485.0,529.0,562.0,582.0,588.0,590.0,605.0,608.0,615.0,659.0,667.0,686.0,693.0,694.0,698.0,699.0,757.0,767.0,769.0,830.0,840.0,871.0,975.0,980.0,
14.0,101.0,102.0,128.0,142.0,146.0,149.0,182.0,240.0,253.0,258.0,317.0,318.0,331.0,365.0,393.0,397.0,406.0,464.0,476.0,556.0,638.0,660.0,715.0,734.0,751.0,787.0,834.0,895.0,910.0,
31.0,31.0,34.0,37.0,83.0,178.0,178.0,228.0,261.0,262.0,265.0,300.0,340.0,356.0,429.0,437.0,483.0,490.0,531.0,533.0,625.0,686.0,698.0,699.0,751.0,847.0,861.0,863.0,864.0,864.0,918.0,969.0,
10.0,21.0,25.0,47.0,71.0,91.0,101.0,119.0,135.0,147.0,164.0,274.0,285.0,306.0,315.0,347.0,422.0,479.0,506.0,536.0,540.0,545.0,554.0,581.0,646.0,687.0,702.0,730.0,756.0,788.0,822.0,830.0,832.0,833.0,860.0,864.0,883.0,887.0,898.0,938.0,968.0,
23.0,38.0,50.0,113.0,127.0,199.0,237.0,243.0,287.0,296.0,326.0,379.0,392.0,475.0,476.0,477.0,482.0,524.0,524.0,536.0,542.0,577.0,598.0,650.0,680.0,690.0,702.0,717.0,729.0,751.0,764.0,767.0,790.0,799.0,833.0,855.0,877.0,882.0,897.0,897.0,897.0,915.0,916.0,920.0,977.0,997.0,
25.0,34.0,85.0,106.0,122.0,129.0,167.0,185.0,196.0,216.0,226.0,246.0,293.0,340.0,351.0,376.0,431.0,439.0,462.0,463.0,467.0,468.0,472.0,519.0,540.0,587.0,602.0,644.0,644.0,648.0,653.0,657.0,671.0,696.0,727.0,782.0,789.0,841.0,844.0,854.0,860.0,880.0,884.0,889.0,925.0,938.0,
15.0,40.0,81.0,90.0,94.0,103.0,122.0,193.0,195.0,202.0,207.0,245.0,273.0,278.0,283.0,327.0,428.0,454.0,458.0,464.0,689.0,707.0,712.0,728.0,762.0,774.0,783.0,788.0,824.0,853.0,876.0,892.0,904.0,906.0,963.0,976.0,
37.0,48.0,104.0,145.0,177.0,201.0,234.0,263.0,281.0,347.0,408.0,415.0,425.0,438.0,452.0,456.0,470.0,499.0,819.0,903.0,969.0,
11.0,30.0,58.0,128.0,134.0,140.0,146.0,193.0,231.0,251.0,268.0,328.0,359.0,389.0,392.0,394.0,471.0,493.0,649.0,734.0,771.0,869.0,884.0,955.0,975.0,982.0,
7.0,12.0,54.0,66.0,92.0,94.0,100.0,104.0,133.0,136.0,160.0,172.0,187.0,203.0,288.0,288.0,313.0,326.0,333.0,383.0,393.0,417.0,428.0,479.0,487.0,555.0,579.0,585.0,594.0,604.0,605.0,618.0,642.0,656.0,656.0,657.0,700.0,708.0,726.0,740.0,753.0,771.0,824.0,874.0,949.0,957.0,983.0,988.0,
9.0,10.0,12.0,23.0,40.0,58.0,101.0,136.0,196.0,206.0,228.0,240.0,245.0,273.0,294.0,306.0,310.0,344.0,436.0,454.0,461.0,536.0,581.0,594.0,599.0,630.0,640.0,647.0,663.0,680.0,688.0,722.0,724.0,750.0,784.0,786.0,814.0,814.0,819.0,889.0,900.0,917.0,
45.0,48.0,66.0,109.0,131.0,146.0,151.0,156.0,169.0,201.0,217.0,242.0,287.0,312.0,326.0,335.0,370.0,379.0,383.0,392.0,457.0,470.0,505.0,508.0,529.0,536.0,541.0,550.0,596.0,629.0,672.0,684.0,715.0,747.0,813.0,824.0,867.0,892.0,943.0,956.0,
5.0,105.0,200.0,226.0,236.0,246.0,246.0,249.0,270.0,289.0,318.0,341.0,345.0,361.0,373.0,378.0,398.0,407.0,445.0,490.0,501.0,528.0,667.0,708.0,735.0,803.0,814.0,825.0,835.0,872.0,884.0,907.0,931.0,1000.0,1000.0,
28.0,42.0,86.0,181.0,188.0,222.0,228.0,281.0,359.0,381.0,452.0,511.0,551.0,562.0,575.0,576.0,608.0,647.0,654.0,656.0,679.0,715.0,744.0,769.0,777.0,847.0,906.0,908.0,915.0,929.0,953.0,963.0,986.0,
32.0,43.0,89.0,92.0,100.0,147.0,199.0,223.0,282.0,295.0,305.0,342.0,347.0,365.0,386.0,398.0,399.0,410.0,455.0,488.0,498.0,504.0,511.0,520.0,571.0,582.0,616.0,663.0,715.0,759.0,783.0,798.0,802.0,804.0,809.0,820.0,883.0,891.0,906.0,929.0,933.0,952.0,971.0,974.0,988.0,
58.0,132.0,169.0,224.0,250.0,260.0,273.0,308.0,318.0,345.0,373.0,375.0,429.0,445.0,476.0,496.0,509.0,839.0,996.0,
7.0,28.0,58.0,97.0,206.0,247.0,292.0,300.0,315.0,325.0,356.0,389.0,444.0,464.0,
21.0,32.0,60.0,68.0,107.0,161.0,229.0,229.0,260.0,270.0,294.0,323.0,339.0,350.0,390.0,397.0,409.0,432.0,451.0,469.0,484.0,
36.0,90.0,135.0,137.0,145.0,152.0,194.0,249.0,288.0,291.0,335.0,381.0,406.0,425.0,429.0,448.0,464.0,501.0,
6.0,30.0,45.0,47.0,48.0,71.0,75.0,90.0,144.0,175.0,182.0,207.0,218.0,222.0,234.0,305.0,323.0,334.0,336.0,439.0,440.0,440.0,957.0,
37.0,70.0,82.0,106.0,151.0,155.0,156.0,175.0,180.0,197.0,200.0,203.0,250.0,274.0,290.0,366.0,469.0,626.0,636.0,643.0,691.0,707.0,710.0,738.0,748.0,749.0,756.0,758.0,782.0,783.0,789.0,790.0,802.0,806.0,838.0,872.0,905.0,963.0,964.0,994.0,996.0,
12.0,33.0,35.0,124.0,136.0,176.0,193.0,203.0,248.0,251.0,272.0,283.0,306.0,308.0,442.0,484.0,486.0,529.0,539.0,567.0,629.0,663.0,665.0,685.0,731.0,731.0,732.0,756.0,783.0,802.0,810.0,816.0,820.0,820.0,869.0,901.0,920.0,922.0,937.0,939.0,940.0,952.0,996.0,
100.0,102.0,104.0,115.0,141.0,184.0,214.0,223.0,228.0,287.0,304.0,312.0,333.0,334.0,335.0,340.0,353.0,430.0,481.0,503.0,630.0,636.0,636.0,642.0,697.0,703.0,719.0,740.0,757.0,777.0,830.0,854.0,863.0,871.0,900.0,906.0,910.0,924.0,
3.0,18.0,52.0,73.0,111.0,178.0,178.0,235.0,247.0,316.0,316.0,352.0,356.0,361.0,473.0,512.0,533.0,553.0,565.0,625.0,682.0,690.0,691.0,704.0,731.0,751.0,753.0,772.0,779.0,836.0,861.0,884.0,897.0,923.0,924.0,
21.0,29.0,43.0,50.0,75.0,75.0,113.0,129.0,145.0,151.0,168.0,173.0,179.0,198.0,229.0,250.0,250.0,443.0,510.0,659.0,749.0,872.0,903.0,913.0,925.0,981.0,988.0,
27.0,42.0,73.0,77.0,111.0,119.0,161.0,184.0,197.0,238.0,270.0,380.0,452.0,463.0,494.0,502.0,
2.0,14.0,23.0,41.0,50.0,101.0,112.0,130.0,198.0,199.0,234.0,237.0,249.0,253.0,291.0,293.0,305.0,308.0,367.0,439.0,449.0,450.0,463.0,486.0,732.0,890.0,969.0,993.0,
5.0,17.0,35.0,239.0,267.0,289.0,289.0,306.0,352.0,399.0,417.0,426.0,446.0,471.0,487.0,731.0,944.0,957.0,
20.0,27.0,59.0,108.0,124.0,132.0,132.0,134.0,163.0,165.0,166.0,181.0,190.0,229.0,252.0,278.0,329.0,360.0,382.0,404.0,410.0,458.0,459.0,467.0,477.0,847.0,853.0,973.0,
5.0,5.0,38.0,45.0,68.0,76.0,83.0,104.0,158.0,165.0,170.0,184.0,305.0,317.0,359.0,374.0,407.0,447.0,501.0,
3.0,32.0,51.0,57.0,70.0,71.0,115.0,128.0,178.0,261.0,307.0,343.0,354.0,363.0,368.0,400.0,400.0,408.0,424.0,427.0,434.0,454.0,743.0,850.0,855.0,868.0,888.0,914.0,915.0,950.0,
11.0,20.0,46.0,62.0,195.0,201.0,241.0,251.0,271.0,307.0,316.0,334.0,352.0,358.0,367.0,370.0,379.0,408.0,435.0,437.0,437.0,446.0,450.0,532.0,677.0,761.0,768.0,843.0,852.0,917.0,958.0,975.0,978.0,
16.0,39.0,47.0,48.0,61.0,91.0,120.0,189.0,218.0,221.0,277.0,283.0,286.0,288.0,319.0,334.0,351.0,359.0,361.0,395.0,414.0,415.0,436.0,450.0,454.0,495.0,505.0,517.0,518.0,523.0,569.0,587.0,589.0,615.0,636.0,639.0,645.0,650.0,672.0,722.0,802.0,804.0,814.0,843.0,868.0,
2.0,11.0,20.0,23.0,27.0,56.0,111.0,113.0,125.0,131.0,138.0,161.0,194.0,224.0,225.0,234.0,246.0,251.0,266.0,334.0,336.0,350.0,500.0,507.0,508.0,523.0,537.0,555.0,597.0,605.0,622.0,679.0,705.0,706.0,738.0,765.0,765.0,780.0,812.0,860.0,869.0,899.0,952.0,956.0,
13.0,21.0,44.0,100.0,110.0,142.0,167.0,169.0,195.0,228.0,237.0,245.0,277.0,289.0,290.0,295.0,321.0,396.0,401.0,417.0,429.0,482.0,494.0,497.0,693.0,733.0,773.0,781.0,
8.0,39.0,53.0,56.0,61.0,84.0,152.0,178.0,180.0,223.0,243.0,300.0,374.0,
21.0,68.0,103.0,129.0,175.0,234.0,260.0,269.0,300.0,320.0,366.0,366.0,377.0,389.0,401.0,406.0,425.0,462.0,500.0,866.0,869.0,
16.0,70.0,119.0,123.0,125.0,146.0,150.0,202.0,228.0,244.0,257.0,275.0,344.0,402.0,422.0,427.0,440.0,450.0,457.0,468.0,475.0,476.0,496.0,506.0,808.0,830.0,960.0,
17.0,73.0,75.0,92.0,94.0,194.0,250.0,360.0,364.0,377.0,403.0,407.0,408.0,436.0,462.0,770.0,904.0,
22.0,78.0,96.0,161.0,187.0,232.0,246.0,254.0,264.0,276.0,306.0,314.0,335.0,389.0,416.0,429.0,438.0,467.0,502.0,
9.0,43.0,70.0,100.0,119.0,179.0,271.0,276.0,301.0,315.0,345.0,354.0,384.0,386.0,496.0,497.0,900.0,907.0,935.0,
24.0,43.0,61.0,65.0,81.0,114.0,121.0,184.0,219.0,386.0,393.0,437.0,515.0,515.0,572.0,573.0,577.0,580.0,601.0,630.0,654.0,672.0,685.0,706.0,723.0,727.0,750.0,758.0,769.0,816.0,850.0,876.0,888.0,944.0,
18.0,168.0,207.0,227.0,295.0,330.0,331.0,334.0,338.0,363.0,396.0,488.0,556.0,605.0,618.0,633.0,671.0,713.0,741.0,743.0,767.0,778.0,813.0,848.0,850.0,865.0,914.0,925.0,931.0,935.0,999.0,
6.0,17.0,23.0,35.0,36.0,164.0,203.0,262.0,281.0,297.0,313.0,336.0,350.0,373.0,413.0,487.0,493.0,512.0,516.0,535.0,568.0,622.0,639.0,662.0,669.0,677.0,713.0,725.0,751.0,775.0,776.0,777.0,780.0,795.0,831.0,857.0,869.0,878.0,879.0,899.0,925.0,925.0,929.0,951.0,957.0,992.0,
11.0,49.0,141.0,174.0,202.0,213.0,223.0,241.0,284.0,320.0,325.0,344.0,350.0,374.0,395.0,436.0,452.0,464.0,628.0,694.0,796.0,842.0,875.0,930.0,970.0,
23.0,31.0,40.0,52.0,69.0,82.0,116.0,119.0,156.0,159.0,161.0,218.0,246.0,280.0,383.0,409.0,422.0,425.0,427.0,485.0,488.0,
14.0,28.0,49.0,64.0,71.0,74.0,82.0,98.0,217.0,248.0,279.0,283.0,295.0,374.0,435.0,436.0,488.0,807.0,826.0,828.0,932.0,
7.0,23.0,28.0,43.0,45.0,51.0,54.0,105.0,119.0,119.0,201.0,229.0,234.0,248.0,256.0,261.0,356.0,390.0,403.0,425.0,439.0,458.0,468.0,487.0,488.0,774.0,994.0,
35.0,36.0,47.0,58.0,117.0,122.0,134.0,146.0,192.0,216.0,238.0,259.0,264.0,294.0,314.0,350.0,412.0,425.0,495.0,495.0,771.0,928.0,983.0,
4.0,35.0,54.0,73.0,94.0,170.0,185.0,227.0,233.0,240.0,277.0,345.0,372.0,393.0,418.0,461.0,467.0,501.0,
9.0,10.0,53.0,67.0,102.0,120.0,123.0,131.0,155.0,157.0,160.0,173.0,235.0,259.0,279.0,301.0,400.0,419.0,423.0,423.0,434.0,444.0,457.0,465.0,470.0,505.0,755.0,769.0,774.0,796.0,809.0,847.0,898.0,902.0,935.0,947.0,957.0,970.0,994.0,
34.0,35.0,40.0,42.0,53.0,69.0,95.0,97.0,188.0,206.0,241.0,260.0,265.0,293.0,306.0,322.0,331.0,343.0,348.0,400.0,469.0,515.0,515.0,551.0,552.0,553.0,554.0,557.0,572.0,589.0,613.0,671.0,673.0,677.0,686.0,698.0,708.0,711.0,746.0,748.0,771.0,810.0,817.0,824.0,824.0,863.0,891.0,927.0,956.0,
37.0,57.0,76.0,111.0,157.0,175.0,179.0,187.0,226.0,248.0,250.0,262.0,376.0,385.0,500.0,509.0,522.0,568.0,589.0,628.0,668.0,670.0,679.0,703.0,706.0,764.0,773.0,775.0,781.0,785.0,806.0,821.0,824.0,843.0,871.0,894.0,903.0,924.0,944.0,960.0,980.0,987.0,
3.0,20.0,44.0,69.0,99.0,111.0,315.0,358.0,363.0,379.0,387.0,399.0,405.0,425.0,448.0,449.0,466.0,480.0,492.0,520.0,525.0,537.0,538.0,550.0,699.0,704.0,712.0,715.0,741.0,749.0,767.0,772.0,792.0,799.0,834.0,852.0,858.0,883.0,938.0,989.0,996.0,
30.0,77.0,110.0,133.0,149.0,192.0,193.0,240.0,274.0,299.0,318.0,386.0,421.0,429.0,438.0,487.0,497.0,507.0,529.0,549.0,562.0,596.0,597.0,598.0,627.0,666.0,671.0,672.0,699.0,741.0,751.0,772.0,779.0,798.0,896.0,929.0,968.0,974.0,984.0,
15.0,42.0,63.0,89.0,100.0,201.0,290.0,291.0,300.0,316.0,335.0,348.0,356.0,374.0,398.0,402.0,424.0,451.0,487.0,
30.0,35.0,39.0,48.0,64.0,85.0,164.0,250.0,263.0,285.0,325.0,364.0,378.0,444.0,450.0,488.0,
29.0,42.0,106.0,110.0,119.0,124.0,142.0,152.0,170.0,231.0,297.0,299.0,394.0,403.0,425.0,500.0,
31.0,55.0,112.0,118.0,138.0,223.0,262.0,303.0,307.0,323.0,329.0,329.0,369.0,475.0,499.0,
4.0,24.0,27.0,44.0,61.0,89.0,158.0,174.0,194.0,226.0,251.0,289.0,309.0,316.0,346.0,367.0,386.0,406.0,423.0,432.0,483.0,488.0,491.0,499.0,919.0,
4.0,5.0,44.0,53.0,84.0,97.0,105.0,116.0,134.0,135.0,149.0,166.0,176.0,177.0,198.0,198.0,223.0,246.0,266.0,280.0,294.0,367.0,374.0,415.0,458.0,481.0,502.0,517.0,612.0,615.0,618.0,639.0,656.0,686.0,686.0,687.0,707.0,719.0,726.0,728.0,744.0,758.0,762.0,780.0,795.0,797.0,813.0,875.0,897.0,913.0,916.0,947.0,959.0,
11.0,33.0,73.0,78.0,79.0,91.0,111.0,262.0,280.0,289.0,295.0,370.0,380.0,414.0,465.0,551.0,563.0,610.0,615.0,639.0,642.0,654.0,666.0,736.0,760.0,762.0,764.0,793.0,796.0,827.0,861.0,884.0,903.0,947.0,987.0,
16.0,22.0,39.0,49.0,74.0,117.0,195.0,218.0,225.0,264.0,289.0,299.0,330.0,453.0,469.0,474.0,489.0,490.0,508.0,533.0,547.0,560.0,669.0,701.0,738.0,740.0,765.0,771.0,783.0,790.0,833.0,841.0,922.0,
19.0,39.0,101.0,101.0,117.0,144.0,148.0,164.0,186.0,207.0,221.0,248.0,249.0,317.0,362.0,365.0,366.0,392.0,406.0,417.0,449.0,471.0,480.0,481.0,502.0,517.0,533.0,535.0,558.0,582.0,583.0,603.0,622.0,661.0,689.0,713.0,715.0,728.0,729.0,737.0,741.0,760.0,774.0,822.0,831.0,857.0,858.0,881.0,887.0,887.0,917.0,938.0,945.0,990.0,
27.0,35.0,37.0,54.0,201.0,225.0,262.0,262.0,286.0,289.0,295.0,304.0,393.0,406.0,421.0,425.0,430.0,455.0,464.0,479.0,497.0,548.0,550.0,553.0,560.0,564.0,596.0,598.0,618.0,641.0,658.0,659.0,692.0,714.0,721.0,726.0,728.0,764.0,782.0,794.0,836.0,841.0,877.0,942.0,948.0,959.0,975.0,988.0,993.0,
11.0,37.0,121.0,172.0,187.0,240.0,262.0,315.0,355.0,366.0,373.0,380.0,417.0,433.0,448.0,466.0,495.0,566.0,607.0,648.0,651.0,669.0,676.0,714.0,724.0,730.0,800.0,804.0,809.0,844.0,863.0,865.0,877.0,894.0,925.0,961.0,971.0,980.0,987.0,997.0,
12.0,18.0,45.0,65.0,74.0,130.0,172.0,281.0,322.0,331.0,357.0,428.0,440.0,448.0,477.0,491.0,492.0,508.0,665.0,698.0,718.0,754.0,758.0,762.0,793.0,860.0,871.0,873.0,876.0,933.0,
19.0,49.0,62.0,64.0,64.0,85.0,86.0,102.0,149.0,164.0,208.0,228.0,290.0,322.0,326.0,327.0,329.0,411.0,433.0,465.0,471.0,503.0,837.0,860.0,862.0,870.0,913.0,945.0,
18.0,35.0,44.0,67.0,180.0,181.0,221.0,228.0,279.0,294.0,344.0,393.0,431.0,432.0,447.0,468.0,503.0,694.0,744.0,791.0,810.0,868.0,871.0,897.0,969.0,978.0,
4.0,57.0,61.0,92.0,121.0,171.0,184.0,197.0,252.0,267.0,278.0,291.0,324.0,361.0,369.0,379.0,403.0,432.0,445.0,473.0,474.0,524.0,551.0,553.0,554.0,592.0,599.0,599.0,628.0,634.0,658.0,687.0,733.0,742.0,743.0,749.0,782.0,782.0,802.0,817.0,836.0,836.0,853.0,863.0,885.0,896.0,906.0,913.0,966.0,973.0,
9.0,11.0,13.0,61.0,101.0,219.0,248.0,268.0,318.0,324.0,347.0,449.0,449.0,480.0,489.0,493.0,530.0,533.0,536.0,554.0,567.0,586.0,591.0,605.0,620.0,623.0,629.0,638.0,652.0,660.0,715.0,725.0,753.0,766.0,796.0,812.0,899.0,914.0,919.0,935.0,974.0,987.0,
23.0,36.0,45.0,60.0,89.0,156.0,195.0,196.0,252.0,256.0,355.0,397.0,412.0,420.0,420.0,501.0,536.0,640.0,654.0,663.0,844.0,864.0,880.0,882.0,925.0,946.0,991.0,
13.0,114.0,164.0,176.0,261.0,310.0,312.0,333.0,384.0,401.0,415.0,422.0,455.0,456.0,461.0,491.0,529.0,529.0,574.0,607.0,614.0,671.0,696.0,718.0,722.0,741.0,810.0,813.0,822.0,839.0,844.0,865.0,868.0,870.0,913.0,929.0,940.0,999.0,
53.0,54.0,106.0,111.0,157.0,162.0,180.0,192.0,281.0,301.0,332.0,359.0,362.0,412.0,424.0,452.0,459.0,464.0,481.0,513.0,537.0,540.0,545.0,572.0,584.0,594.0,629.0,632.0,633.0,721.0,729.0,731.0,778.0,782.0,792.0,798.0,802.0,832.0,857.0,913.0,916.0,988.0,990.0,
88.0,90.0,248.0,253.0,254.0,262.0,274.0,297.0,318.0,342.0,421.0,423.0,427.0,459.0,477.0,538.0,642.0,652.0,658.0,667.0,711.0,803.0,874.0,919.0,962.0,
21.0,34.0,34.0,61.0,159.0,176.0,193.0,202.0,221.0,232.0,243.0,246.0,249.0,266.0,271.0,390.0,396.0,436.0,475.0,511.0,563.0,581.0,590.0,595.0,611.0,638.0,651.0,685.0,726.0,748.0,748.0,773.0,774.0,787.0,816.0,828.0,884.0,913.0,961.0,981.0,984.0,
40.0,64.0,100.0,134.0,164.0,173.0,199.0,207.0,230.0,267.0,284.0,293.0,309.0,318.0,330.0,367.0,380.0,381.0,388.0,411.0,448.0,478.0,491.0,503.0,515.0,518.0,553.0,559.0,575.0,587.0,630.0,652.0,677.0,701.0,712.0,738.0,760.0,763.0,800.0,857.0,857.0,859.0,871.0,874.0,878.0,883.0,899.0,938.0,955.0,984.0,
11.0,31.0,42.0,53.0,77.0,82.0,115.0,150.0,166.0,168.0,175.0,221.0,237.0,254.0,291.0,302.0,310.0,331.0,354.0,374.0,378.0,414.0,454.0,473.0,531.0,565.0,567.0,585.0,615.0,630.0,633.0,640.0,649.0,656.0,657.0,661.0,680.0,696.0,697.0,709.0,729.0,754.0,760.0,768.0,815.0,816.0,846.0,866.0,891.0,907.0,958.0,969.0,973.0,985.0,991.0,
33.0,132.0,152.0,175.0,178.0,259.0,312.0,328.0,346.0,347.0,376.0,384.0,384.0,405.0,423.0,439.0,471.0,521.0,545.0,547.0,548.0,550.0,553.0,579.0,580.0,581.0,585.0,585.0,600.0,654.0,663.0,665.0,680.0,689.0,712.0,723.0,759.0,774.0,801.0,818.0,828.0,872.0,877.0,894.0,934.0,937.0,980.0,984.0,
11.0,94.0,121.0,130.0,141.0,147.0,181.0,223.0,238.0,326.0,347.0,350.0,355.0,402.0,404.0,421.0,424.0,454.0,493.0,565.0,597.0,601.0,603.0,612.0,650.0,658.0,669.0,671.0,715.0,730.0,744.0,802.0,815.0,840.0,852.0,861.0,879.0,891.0,900.0,905.0,961.0,
39.0,45.0,94.0,105.0,107.0,163.0,245.0,247.0,306.0,358.0,372.0,385.0,419.0,446.0,466.0,476.0,650.0,687.0,739.0,744.0,767.0,784.0,804.0,850.0,876.0,899.0,920.0,920.0,973.0,987.0,994.0,998.0,
64.0,100.0,131.0,146.0,201.0,214.0,232.0,247.0,277.0,326.0,329.0,340.0,364.0,381.0,388.0,391.0,403.0,410.0,451.0,459.0,497.0,505.0,567.0,579.0,636.0,642.0,644.0,711.0,717.0,787.0,789.0,826.0,831.0,837.0,861.0,862.0,963.0,972.0,
