2.0,15.0,42.0,46.0,50.0,122.0,133.0,143.0,267.0,317.0,325.0,343.0,347.0,359.0,481.0,484.0,565.0,567.0,569.0,580.0,624.0,706.0,714.0,726.0,752.0,759.0,761.0,803.0,823.0,837.0,854.0,921.0,955.0,985.0,997.0,
65.0,81.0,84.0,93.0,104.0,106.0,132.0,135.0,145.0,164.0,167.0,182.0,212.0,254.0,260.0,266.0,272.0,285.0,338.0,378.0,392.0,407.0,421.0,434.0,440.0,546.0,565.0,569.0,600.0,607.0,627.0,628.0,633.0,642.0,669.0,697.0,699.0,737.0,771.0,783.0,833.0,849.0,859.0,933.0,941.0,943.0,968.0,
23.0,88.0,114.0,115.0,156.0,157.0,201.0,253.0,276.0,298.0,324.0,330.0,333.0,341.0,362.0,383.0,387.0,405.0,425.0,454.0,470.0,471.0,483.0,502.0,647.0,658.0,679.0,691.0,706.0,713.0,762.0,791.0,808.0,821.0,827.0,829.0,870.0,875.0,898.0,899.0,902.0,961.0,969.0,988.0,996.0,
26.0,64.0,79.0,84.0,102.0,104.0,126.0,175.0,190.0,202.0,226.0,235.0,236.0,249.0,289.0,304.0,310.0,320.0,351.0,354.0,388.0,408.0,473.0,477.0,496.0,519.0,557.0,632.0,659.0,663.0,671.0,711.0,711.0,738.0,758.0,818.0,861.0,910.0,911.0,952.0,974.0,977.0,985.0,992.0,
41.0,45.0,101.0,127.0,136.0,150.0,216.0,251.0,278.0,290.0,294.0,332.0,349.0,364.0,368.0,376.0,412.0,415.0,423.0,499.0,502.0,527.0,534.0,567.0,602.0,609.0,616.0,654.0,716.0,724.0,760.0,777.0,778.0,811.0,813.0,888.0,904.0,927.0,930.0,949.0,951.0,973.0,997.0,
19.0,23.0,26.0,27.0,34.0,48.0,63.0,63.0,147.0,172.0,253.0,334.0,404.0,411.0,433.0,484.0,644.0,684.0,698.0,703.0,709.0,761.0,772.0,777.0,793.0,848.0,869.0,882.0,972.0,977.0,980.0,
5.0,17.0,90.0,112.0,187.0,201.0,212.0,237.0,242.0,248.0,295.0,327.0,341.0,345.0,348.0,367.0,381.0,391.0,463.0,596.0,602.0,669.0,675.0,678.0,706.0,717.0,729.0,747.0,772.0,775.0,775.0,783.0,796.0,845.0,863.0,866.0,870.0,888.0,905.0,953.0,
22.0,37.0,106.0,177.0,179.0,198.0,223.0,315.0,315.0,368.0,424.0,426.0,435.0,450.0,466.0,489.0,490.0,494.0,503.0,537.0,559.0,598.0,614.0,615.0,622.0,629.0,633.0,640.0,642.0,666.0,669.0,674.0,686.0,687.0,722.0,722.0,787.0,796.0,819.0,826.0,855.0,859.0,860.0,861.0,867.0,887.0,898.0,901.0,903.0,907.0,916.0,946.0,946.0,950.0,954.0,960.0,984.0,986.0,
8.0,24.0,31.0,90.0,145.0,191.0,203.0,264.0,274.0,286.0,307.0,312.0,312.0,332.0,339.0,373.0,374.0,392.0,396.0,416.0,445.0,502.0,502.0,539.0,550.0,568.0,628.0,641.0,660.0,682.0,695.0,703.0,728.0,751.0,779.0,830.0,882.0,925.0,944.0,969.0,
51.0,84.0,114.0,294.0,301.0,304.0,317.0,321.0,327.0,336.0,341.0,343.0,348.0,354.0,460.0,464.0,505.0,517.0,581.0,590.0,617.0,617.0,657.0,691.0,790.0,798.0,823.0,852.0,852.0,856.0,871.0,884.0,942.0,949.0,950.0,971.0,986.0,
4.0,96.0,111.0,130.0,132.0,202.0,243.0,259.0,290.0,321.0,390.0,430.0,475.0,485.0,504.0,544.0,562.0,587.0,588.0,658.0,666.0,682.0,703.0,730.0,741.0,759.0,766.0,812.0,813.0,877.0,914.0,941.0,946.0,961.0,962.0,977.0,992.0,1000.0,
26.0,40.0,53.0,62.0,74.0,106.0,142.0,188.0,198.0,204.0,214.0,280.0,282.0,283.0,312.0,331.0,387.0,445.0,452.0,494.0,512.0,554.0,554.0,570.0,618.0,659.0,661.0,783.0,783.0,806.0,817.0,838.0,847.0,861.0,863.0,875.0,921.0,929.0,940.0,952.0,981.0,
35.0,65.0,69.0,82.0,132.0,169.0,262.0,308.0,309.0,312.0,316.0,379.0,390.0,408.0,446.0,474.0,493.0,497.0,552.0,553.0,614.0,619.0,628.0,653.0,709.0,728.0,742.0,768.0,776.0,799.0,800.0,801.0,826.0,850.0,859.0,887.0,918.0,947.0,955.0,992.0,
18.0,24.0,111.0,122.0,141.0,144.0,215.0,219.0,236.0,247.0,250.0,268.0,269.0,278.0,320.0,371.0,402.0,403.0,442.0,459.0,468.0,483.0,491.0,689.0,746.0,872.0,886.0,954.0,
3.0,9.0,28.0,63.0,115.0,126.0,147.0,156.0,229.0,240.0,263.0,280.0,285.0,287.0,301.0,315.0,333.0,337.0,361.0,375.0,416.0,446.0,452.0,487.0,
60.0,110.0,196.0,225.0,284.0,299.0,308.0,329.0,334.0,384.0,396.0,405.0,421.0,422.0,426.0,445.0,451.0,497.0,
7.0,143.0,144.0,156.0,162.0,163.0,173.0,194.0,228.0,237.0,246.0,248.0,283.0,292.0,302.0,366.0,390.0,408.0,420.0,460.0,506.0,
56.0,67.0,84.0,106.0,126.0,141.0,142.0,155.0,159.0,169.0,204.0,336.0,425.0,425.0,496.0,755.0,796.0,810.0,873.0,906.0,907.0,956.0,987.0,
26.0,35.0,73.0,105.0,148.0,209.0,275.0,286.0,308.0,358.0,372.0,390.0,392.0,402.0,437.0,561.0,620.0,626.0,666.0,667.0,724.0,749.0,762.0,772.0,801.0,829.0,831.0,842.0,846.0,907.0,913.0,928.0,931.0,947.0,990.0,994.0,999.0,
23.0,77.0,83.0,93.0,110.0,125.0,164.0,172.0,242.0,277.0,288.0,308.0,312.0,318.0,365.0,460.0,485.0,500.0,522.0,531.0,535.0,538.0,568.0,568.0,580.0,582.0,606.0,660.0,662.0,678.0,746.0,758.0,762.0,766.0,769.0,777.0,816.0,819.0,846.0,859.0,908.0,929.0,936.0,947.0,973.0,
34.0,60.0,60.0,81.0,84.0,161.0,178.0,201.0,211.0,223.0,226.0,232.0,265.0,341.0,345.0,366.0,382.0,382.0,401.0,519.0,581.0,622.0,639.0,656.0,696.0,709.0,763.0,781.0,817.0,830.0,849.0,906.0,955.0,
22.0,82.0,89.0,116.0,205.0,211.0,245.0,259.0,272.0,323.0,324.0,389.0,421.0,434.0,448.0,453.0,462.0,494.0,573.0,590.0,609.0,633.0,694.0,701.0,707.0,721.0,738.0,739.0,746.0,786.0,786.0,814.0,827.0,859.0,899.0,905.0,917.0,933.0,965.0,967.0,
29.0,36.0,65.0,95.0,133.0,141.0,158.0,203.0,227.0,240.0,279.0,292.0,296.0,347.0,392.0,424.0,437.0,442.0,458.0,506.0,507.0,818.0,
12.0,44.0,93.0,112.0,170.0,179.0,180.0,223.0,241.0,253.0,257.0,261.0,359.0,392.0,487.0,502.0,
6.0,15.0,39.0,72.0,96.0,207.0,239.0,244.0,251.0,255.0,260.0,281.0,283.0,309.0,359.0,375.0,378.0,391.0,396.0,450.0,770.0,915.0,998.0,
2.0,16.0,36.0,71.0,90.0,100.0,110.0,129.0,156.0,175.0,183.0,188.0,200.0,215.0,240.0,260.0,267.0,275.0,346.0,352.0,408.0,435.0,460.0,473.0,473.0,488.0,832.0,845.0,849.0,854.0,858.0,870.0,877.0,
19.0,49.0,61.0,68.0,140.0,184.0,213.0,227.0,241.0,275.0,373.0,410.0,412.0,427.0,912.0,917.0,
10.0,27.0,95.0,115.0,115.0,117.0,118.0,120.0,123.0,133.0,212.0,213.0,214.0,214.0,222.0,246.0,290.0,312.0,316.0,325.0,452.0,461.0,
8.0,28.0,59.0,67.0,80.0,88.0,121.0,200.0,222.0,323.0,377.0,462.0,493.0,
2.0,22.0,26.0,78.0,151.0,154.0,163.0,185.0,236.0,248.0,293.0,313.0,330.0,405.0,462.0,467.0,497.0,501.0,583.0,663.0,666.0,674.0,688.0,692.0,718.0,731.0,747.0,836.0,864.0,880.0,898.0,927.0,946.0,949.0,
3.0,42.0,42.0,54.0,93.0,95.0,133.0,182.0,224.0,235.0,322.0,362.0,396.0,403.0,443.0,444.0,455.0,507.0,519.0,549.0,555.0,655.0,660.0,664.0,688.0,711.0,741.0,743.0,755.0,779.0,790.0,802.0,810.0,872.0,876.0,876.0,898.0,916.0,941.0,943.0,969.0,988.0,
52.0,60.0,69.0,103.0,109.0,142.0,158.0,160.0,182.0,204.0,214.0,223.0,235.0,269.0,271.0,290.0,290.0,357.0,370.0,421.0,423.0,426.0,788.0,810.0,851.0,945.0,960.0,
9.0,9.0,61.0,62.0,102.0,173.0,196.0,228.0,233.0,246.0,328.0,338.0,355.0,368.0,369.0,369.0,425.0,454.0,
17.0,35.0,100.0,115.0,120.0,172.0,172.0,184.0,235.0,286.0,292.0,318.0,342.0,383.0,475.0,761.0,861.0,996.0,
18.0,60.0,71.0,90.0,138.0,157.0,263.0,414.0,432.0,442.0,464.0,817.0,862.0,875.0,894.0,924.0,
42.0,65.0,65.0,119.0,143.0,160.0,165.0,181.0,215.0,235.0,307.0,345.0,368.0,396.0,401.0,403.0,405.0,461.0,483.0,982.0,
51.0,60.0,67.0,130.0,149.0,166.0,264.0,309.0,353.0,381.0,389.0,468.0,478.0,750.0,819.0,888.0,913.0,
38.0,113.0,121.0,123.0,130.0,132.0,135.0,142.0,144.0,181.0,212.0,240.0,245.0,266.0,280.0,301.0,312.0,318.0,319.0,332.0,343.0,344.0,364.0,488.0,496.0,506.0,970.0,
2.0,22.0,44.0,71.0,71.0,94.0,109.0,137.0,176.0,180.0,203.0,222.0,295.0,308.0,359.0,417.0,422.0,484.0,500.0,
60.0,62.0,130.0,161.0,191.0,192.0,195.0,200.0,205.0,261.0,273.0,425.0,461.0,470.0,499.0,894.0,905.0,932.0,971.0,983.0,
29.0,125.0,196.0,232.0,241.0,263.0,275.0,349.0,383.0,422.0,436.0,495.0,553.0,583.0,604.0,606.0,615.0,628.0,664.0,674.0,708.0,722.0,726.0,738.0,738.0,742.0,766.0,767.0,772.0,782.0,804.0,822.0,871.0,874.0,881.0,882.0,885.0,890.0,890.0,895.0,901.0,915.0,937.0,943.0,943.0,980.0,982.0,987.0,
2.0,7.0,24.0,67.0,107.0,155.0,163.0,164.0,175.0,180.0,211.0,250.0,270.0,284.0,313.0,324.0,358.0,381.0,382.0,412.0,434.0,454.0,462.0,482.0,
37.0,44.0,44.0,77.0,134.0,265.0,278.0,290.0,302.0,334.0,368.0,372.0,397.0,430.0,433.0,436.0,929.0,
6.0,28.0,55.0,86.0,92.0,122.0,186.0,212.0,231.0,255.0,259.0,281.0,300.0,339.0,369.0,394.0,412.0,442.0,444.0,474.0,498.0,765.0,810.0,
7.0,24.0,45.0,85.0,88.0,122.0,160.0,174.0,208.0,232.0,234.0,239.0,274.0,279.0,292.0,318.0,323.0,349.0,356.0,374.0,406.0,462.0,773.0,812.0,813.0,848.0,868.0,876.0,985.0,
15.0,99.0,104.0,105.0,109.0,119.0,120.0,124.0,134.0,137.0,150.0,156.0,158.0,179.0,185.0,216.0,268.0,289.0,297.0,321.0,328.0,345.0,386.0,401.0,409.0,463.0,470.0,731.0,786.0,824.0,953.0,977.0,
27.0,45.0,81.0,113.0,154.0,186.0,186.0,218.0,258.0,313.0,325.0,389.0,440.0,445.0,489.0,818.0,904.0,999.0,
3.0,32.0,40.0,49.0,171.0,220.0,223.0,267.0,294.0,336.0,342.0,345.0,392.0,401.0,423.0,468.0,481.0,485.0,508.0,884.0,999.0,
47.0,155.0,167.0,178.0,192.0,199.0,224.0,298.0,320.0,323.0,334.0,337.0,367.0,373.0,383.0,391.0,426.0,458.0,475.0,495.0,868.0,992.0,
41.0,52.0,60.0,150.0,185.0,195.0,198.0,198.0,234.0,237.0,242.0,270.0,270.0,275.0,320.0,368.0,412.0,428.0,474.0,476.0,478.0,499.0,
17.0,38.0,51.0,77.0,87.0,102.0,142.0,147.0,155.0,169.0,171.0,179.0,239.0,253.0,265.0,265.0,276.0,321.0,362.0,407.0,409.0,419.0,497.0,636.0,650.0,658.0,684.0,711.0,741.0,752.0,769.0,770.0,786.0,825.0,837.0,850.0,874.0,878.0,898.0,904.0,913.0,924.0,926.0,934.0,949.0,959.0,981.0,991.0,
64.0,96.0,109.0,144.0,147.0,209.0,211.0,225.0,274.0,297.0,345.0,370.0,380.0,424.0,439.0,480.0,481.0,504.0,
20.0,42.0,53.0,94.0,108.0,115.0,118.0,140.0,164.0,189.0,217.0,218.0,256.0,290.0,296.0,298.0,366.0,394.0,466.0,825.0,947.0,
45.0,75.0,99.0,122.0,139.0,172.0,187.0,216.0,307.0,345.0,405.0,416.0,819.0,992.0,
40.0,68.0,135.0,160.0,186.0,193.0,221.0,256.0,309.0,328.0,456.0,474.0,480.0,482.0,511.0,767.0,821.0,845.0,849.0,866.0,
9.0,40.0,41.0,56.0,66.0,97.0,246.0,250.0,259.0,320.0,339.0,341.0,342.0,350.0,360.0,362.0,430.0,459.0,479.0,479.0,484.0,854.0,863.0,909.0,
10.0,17.0,35.0,65.0,102.0,130.0,149.0,167.0,168.0,178.0,183.0,261.0,278.0,296.0,301.0,303.0,308.0,324.0,363.0,374.0,411.0,495.0,803.0,875.0,901.0,930.0,960.0,987.0,
12.0,44.0,55.0,121.0,133.0,144.0,168.0,177.0,181.0,206.0,226.0,229.0,246.0,286.0,305.0,434.0,437.0,474.0,722.0,759.0,804.0,840.0,868.0,993.0,
90.0,90.0,142.0,151.0,165.0,235.0,253.0,255.0,284.0,374.0,415.0,459.0,461.0,
58.0,78.0,109.0,128.0,130.0,174.0,230.0,238.0,248.0,254.0,277.0,437.0,
39.0,77.0,82.0,93.0,118.0,144.0,145.0,154.0,175.0,199.0,200.0,240.0,251.0,287.0,297.0,384.0,388.0,397.0,409.0,443.0,450.0,480.0,486.0,575.0,649.0,656.0,685.0,690.0,704.0,712.0,742.0,803.0,826.0,925.0,945.0,954.0,965.0,973.0,984.0,985.0,
39.0,50.0,72.0,83.0,119.0,128.0,135.0,158.0,183.0,197.0,200.0,200.0,209.0,223.0,246.0,321.0,330.0,333.0,336.0,377.0,381.0,419.0,449.0,480.0,483.0,509.0,
4.0,9.0,16.0,22.0,66.0,101.0,114.0,176.0,193.0,203.0,218.0,235.0,238.0,248.0,440.0,476.0,509.0,828.0,928.0,
28.0,38.0,73.0,79.0,190.0,192.0,218.0,241.0,265.0,292.0,310.0,353.0,361.0,369.0,377.0,378.0,382.0,411.0,719.0,824.0,836.0,837.0,900.0,
37.0,61.0,118.0,123.0,140.0,176.0,179.0,181.0,185.0,192.0,221.0,226.0,295.0,295.0,302.0,346.0,369.0,398.0,423.0,429.0,443.0,460.0,471.0,821.0,941.0,966.0,
25.0,38.0,97.0,173.0,191.0,229.0,277.0,311.0,338.0,339.0,386.0,401.0,411.0,439.0,440.0,446.0,447.0,455.0,459.0,474.0,753.0,775.0,865.0,955.0,
31.0,33.0,81.0,176.0,188.0,192.0,272.0,280.0,301.0,315.0,327.0,342.0,385.0,439.0,457.0,466.0,480.0,823.0,970.0,995.0,
12.0,118.0,132.0,148.0,164.0,198.0,205.0,229.0,231.0,235.0,243.0,247.0,261.0,278.0,285.0,322.0,323.0,376.0,454.0,461.0,728.0,743.0,857.0,871.0,940.0,944.0,995.0,
5.0,14.0,53.0,61.0,63.0,65.0,82.0,83.0,132.0,141.0,154.0,199.0,223.0,230.0,237.0,304.0,325.0,399.0,402.0,434.0,451.0,464.0,492.0,508.0,756.0,897.0,930.0,
7.0,91.0,112.0,174.0,190.0,272.0,291.0,418.0,456.0,487.0,508.0,510.0,
2.0,17.0,17.0,53.0,93.0,96.0,102.0,127.0,145.0,158.0,167.0,170.0,178.0,217.0,232.0,249.0,274.0,295.0,327.0,367.0,418.0,474.0,492.0,525.0,598.0,613.0,614.0,643.0,664.0,668.0,682.0,687.0,689.0,707.0,721.0,755.0,795.0,798.0,824.0,841.0,846.0,853.0,881.0,915.0,929.0,940.0,969.0,986.0,
47.0,49.0,104.0,110.0,123.0,203.0,219.0,238.0,271.0,304.0,322.0,335.0,336.0,384.0,398.0,400.0,410.0,411.0,430.0,447.0,459.0,462.0,485.0,501.0,921.0,977.0,992.0,
66.0,132.0,157.0,163.0,174.0,214.0,269.0,280.0,295.0,323.0,324.0,324.0,329.0,355.0,357.0,394.0,395.0,416.0,426.0,464.0,484.0,
7.0,24.0,32.0,59.0,66.0,161.0,227.0,237.0,238.0,253.0,290.0,318.0,324.0,327.0,342.0,369.0,379.0,413.0,454.0,495.0,
18.0,88.0,161.0,166.0,177.0,185.0,186.0,248.0,331.0,349.0,369.0,494.0,764.0,820.0,831.0,892.0,
53.0,58.0,64.0,77.0,135.0,140.0,184.0,251.0,299.0,362.0,366.0,421.0,455.0,464.0,755.0,790.0,989.0,
3.0,68.0,87.0,96.0,125.0,135.0,201.0,234.0,246.0,300.0,301.0,312.0,356.0,429.0,446.0,455.0,467.0,770.0,821.0,852.0,
18.0,48.0,72.0,72.0,146.0,182.0,221.0,222.0,246.0,261.0,271.0,279.0,279.0,290.0,297.0,304.0,305.0,323.0,388.0,402.0,404.0,429.0,436.0,437.0,489.0,946.0,
10.0,44.0,47.0,54.0,70.0,85.0,89.0,169.0,213.0,254.0,263.0,270.0,274.0,362.0,369.0,400.0,401.0,409.0,454.0,489.0,502.0,510.0,
72.0,78.0,87.0,89.0,104.0,118.0,148.0,168.0,219.0,258.0,275.0,313.0,320.0,339.0,350.0,350.0,360.0,431.0,482.0,767.0,806.0,876.0,954.0,
32.0,34.0,49.0,67.0,96.0,103.0,199.0,232.0,258.0,285.0,302.0,339.0,375.0,386.0,422.0,423.0,465.0,465.0,482.0,507.0,556.0,573.0,590.0,592.0,620.0,633.0,640.0,644.0,665.0,688.0,773.0,773.0,776.0,803.0,843.0,858.0,859.0,861.0,863.0,872.0,929.0,936.0,952.0,972.0,975.0,
123.0,150.0,170.0,174.0,185.0,202.0,217.0,222.0,228.0,242.0,257.0,273.0,290.0,302.0,335.0,341.0,361.0,365.0,404.0,413.0,415.0,440.0,486.0,523.0,621.0,663.0,666.0,673.0,690.0,717.0,725.0,748.0,751.0,820.0,881.0,890.0,932.0,963.0,986.0,
37.0,53.0,75.0,112.0,149.0,224.0,225.0,273.0,337.0,345.0,365.0,399.0,402.0,
7.0,12.0,19.0,22.0,173.0,189.0,285.0,302.0,312.0,341.0,347.0,354.0,354.0,358.0,425.0,484.0,490.0,507.0,
160.0,183.0,218.0,285.0,285.0,288.0,289.0,299.0,309.0,327.0,344.0,347.0,370.0,405.0,420.0,449.0,449.0,458.0,844.0,852.0,
70.0,75.0,118.0,164.0,178.0,247.0,282.0,321.0,332.0,334.0,348.0,349.0,416.0,467.0,489.0,492.0,504.0,808.0,822.0,
15.0,16.0,76.0,103.0,123.0,137.0,146.0,162.0,169.0,172.0,176.0,195.0,220.0,232.0,258.0,302.0,305.0,351.0,378.0,415.0,467.0,920.0,972.0,999.0,
27.0,44.0,57.0,86.0,106.0,180.0,189.0,214.0,214.0,237.0,251.0,303.0,377.0,404.0,405.0,445.0,495.0,505.0,
26.0,60.0,68.0,98.0,181.0,240.0,307.0,362.0,404.0,415.0,425.0,458.0,475.0,
7.0,16.0,32.0,100.0,154.0,184.0,184.0,205.0,236.0,236.0,236.0,244.0,247.0,312.0,331.0,342.0,371.0,462.0,500.0,585.0,605.0,610.0,610.0,617.0,650.0,675.0,696.0,700.0,722.0,726.0,742.0,777.0,788.0,798.0,817.0,817.0,835.0,836.0,839.0,851.0,853.0,872.0,938.0,946.0,951.0,956.0,968.0,970.0,978.0,984.0,989.0,
16.0,17.0,62.0,90.0,116.0,127.0,142.0,155.0,183.0,211.0,231.0,235.0,273.0,277.0,285.0,296.0,325.0,352.0,352.0,366.0,444.0,474.0,527.0,559.0,584.0,682.0,761.0,791.0,809.0,822.0,829.0,844.0,867.0,918.0,939.0,982.0,997.0,1000.0,1000.0,
5.0,35.0,36.0,50.0,52.0,96.0,102.0,124.0,146.0,166.0,172.0,193.0,225.0,231.0,243.0,250.0,265.0,271.0,347.0,426.0,429.0,446.0,475.0,492.0,531.0,545.0,574.0,585.0,607.0,608.0,628.0,631.0,642.0,656.0,657.0,678.0,695.0,821.0,862.0,866.0,927.0,950.0,956.0,975.0,
7.0,15.0,36.0,58.0,97.0,105.0,162.0,189.0,193.0,217.0,262.0,329.0,338.0,345.0,366.0,617.0,626.0,669.0,681.0,701.0,706.0,709.0,731.0,733.0,754.0,754.0,755.0,769.0,789.0,817.0,840.0,852.0,873.0,873.0,889.0,911.0,980.0,996.0,
16.0,41.0,51.0,135.0,145.0,177.0,200.0,208.0,221.0,313.0,326.0,328.0,335.0,376.0,443.0,460.0,476.0,498.0,502.0,502.0,713.0,732.0,744.0,972.0,
6.0,35.0,65.0,79.0,87.0,132.0,154.0,170.0,187.0,210.0,289.0,307.0,308.0,316.0,365.0,372.0,408.0,426.0,452.0,
18.0,27.0,28.0,39.0,80.0,98.0,160.0,170.0,311.0,323.0,367.0,
44.0,49.0,69.0,89.0,90.0,111.0,145.0,155.0,160.0,243.0,265.0,323.0,364.0,377.0,496.0,503.0,
22.0,44.0,102.0,112.0,117.0,136.0,166.0,245.0,257.0,283.0,288.0,342.0,371.0,411.0,461.0,468.0,482.0,491.0,695.0,746.0,757.0,824.0,916.0,920.0,
35.0,179.0,210.0,372.0,383.0,406.0,476.0,512.0,513.0,604.0,626.0,645.0,660.0,689.0,735.0,757.0,768.0,780.0,808.0,812.0,819.0,828.0,834.0,835.0,847.0,895.0,907.0,919.0,929.0,957.0,966.0,978.0,979.0,981.0,992.0,993.0,997.0,999.0,
2.0,29.0,46.0,64.0,98.0,128.0,154.0,176.0,186.0,224.0,244.0,246.0,266.0,336.0,353.0,370.0,400.0,455.0,461.0,465.0,473.0,507.0,550.0,575.0,589.0,638.0,664.0,685.0,685.0,685.0,705.0,708.0,713.0,716.0,718.0,771.0,862.0,865.0,875.0,892.0,894.0,896.0,897.0,963.0,963.0,976.0,
