12.0,46.0,81.0,121.0,148.0,195.0,207.0,268.0,276.0,301.0,303.0,318.0,368.0,387.0,445.0,451.0,458.0,514.0,581.0,669.0,680.0,686.0,758.0,768.0,773.0,782.0,792.0,832.0,836.0,883.0,896.0,937.0,937.0,953.0,964.0,
32.0,68.0,105.0,110.0,113.0,136.0,137.0,176.0,226.0,228.0,234.0,243.0,255.0,270.0,344.0,349.0,370.0,400.0,437.0,467.0,496.0,521.0,530.0,556.0,584.0,602.0,672.0,687.0,830.0,833.0,837.0,858.0,893.0,920.0,961.0,
29.0,43.0,53.0,151.0,158.0,168.0,174.0,175.0,177.0,179.0,193.0,197.0,231.0,299.0,354.0,433.0,581.0,641.0,643.0,805.0,805.0,876.0,879.0,894.0,912.0,
29.0,34.0,60.0,80.0,96.0,108.0,174.0,182.0,208.0,247.0,272.0,291.0,296.0,328.0,348.0,368.0,377.0,439.0,468.0,498.0,513.0,554.0,562.0,566.0,602.0,611.0,633.0,655.0,662.0,714.0,741.0,830.0,836.0,850.0,852.0,867.0,883.0,935.0,940.0,957.0,962.0,976.0,
4.0,8.0,32.0,61.0,111.0,149.0,162.0,215.0,225.0,236.0,263.0,269.0,282.0,315.0,322.0,389.0,389.0,450.0,520.0,545.0,727.0,833.0,872.0,883.0,
27.0,44.0,73.0,77.0,77.0,86.0,106.0,129.0,139.0,145.0,209.0,234.0,263.0,282.0,286.0,312.0,334.0,381.0,494.0,495.0,530.0,569.0,572.0,583.0,662.0,725.0,739.0,804.0,857.0,866.0,888.0,891.0,
36.0,108.0,226.0,226.0,227.0,231.0,255.0,276.0,334.0,370.0,433.0,436.0,442.0,451.0,462.0,467.0,470.0,490.0,519.0,561.0,586.0,620.0,668.0,689.0,697.0,698.0,704.0,755.0,927.0,967.0,983.0,990.0,
40.0,65.0,160.0,172.0,180.0,196.0,205.0,229.0,246.0,257.0,269.0,290.0,309.0,312.0,349.0,359.0,448.0,465.0,471.0,473.0,509.0,515.0,535.0,560.0,703.0,756.0,798.0,838.0,940.0,945.0,985.0,986.0,
3.0,16.0,30.0,31.0,115.0,209.0,209.0,221.0,223.0,399.0,410.0,476.0,485.0,507.0,531.0,555.0,613.0,670.0,681.0,699.0,783.0,784.0,800.0,803.0,852.0,879.0,908.0,910.0,933.0,
10.0,118.0,144.0,147.0,220.0,295.0,340.0,398.0,449.0,479.0,490.0,508.0,555.0,641.0,674.0,691.0,700.0,723.0,736.0,889.0,898.0,929.0,959.0,992.0,
26.0,26.0,34.0,44.0,57.0,76.0,101.0,115.0,131.0,134.0,213.0,230.0,241.0,254.0,272.0,291.0,300.0,326.0,372.0,375.0,410.0,475.0,496.0,612.0,622.0,631.0,681.0,693.0,757.0,808.0,817.0,823.0,823.0,862.0,893.0,910.0,940.0,959.0,979.0,
34.0,51.0,57.0,91.0,91.0,116.0,147.0,171.0,178.0,182.0,278.0,286.0,299.0,300.0,302.0,306.0,338.0,345.0,354.0,360.0,376.0,413.0,431.0,432.0,446.0,529.0,553.0,577.0,597.0,642.0,696.0,696.0,706.0,816.0,816.0,821.0,918.0,921.0,
26.0,36.0,52.0,53.0,60.0,66.0,101.0,118.0,126.0,146.0,247.0,248.0,257.0,257.0,302.0,349.0,403.0,437.0,469.0,478.0,530.0,541.0,630.0,635.0,650.0,672.0,746.0,891.0,934.0,939.0,941.0,
6.0,31.0,33.0,37.0,44.0,70.0,109.0,130.0,131.0,148.0,152.0,192.0,204.0,210.0,277.0,284.0,313.0,321.0,371.0,379.0,393.0,404.0,410.0,424.0,460.0,484.0,511.0,549.0,552.0,570.0,573.0,574.0,604.0,606.0,695.0,775.0,800.0,825.0,834.0,852.0,880.0,898.0,950.0,952.0,979.0,988.0,
29.0,40.0,67.0,81.0,86.0,139.0,191.0,197.0,230.0,237.0,273.0,326.0,354.0,368.0,370.0,408.0,432.0,458.0,463.0,496.0,521.0,528.0,529.0,532.0,543.0,547.0,547.0,558.0,563.0,565.0,582.0,584.0,649.0,677.0,687.0,696.0,709.0,739.0,744.0,758.0,769.0,772.0,787.0,794.0,804.0,847.0,865.0,936.0,940.0,944.0,979.0,
43.0,73.0,101.0,117.0,136.0,145.0,191.0,213.0,217.0,228.0,304.0,343.0,397.0,425.0,435.0,436.0,462.0,507.0,513.0,521.0,528.0,532.0,540.0,545.0,563.0,573.0,582.0,598.0,607.0,627.0,635.0,642.0,658.0,713.0,728.0,733.0,752.0,757.0,762.0,775.0,791.0,792.0,795.0,855.0,882.0,887.0,897.0,909.0,964.0,985.0,993.0,994.0,
124.0,135.0,154.0,173.0,188.0,258.0,274.0,276.0,325.0,370.0,389.0,407.0,409.0,436.0,445.0,469.0,478.0,527.0,534.0,541.0,543.0,545.0,550.0,560.0,563.0,587.0,597.0,606.0,636.0,694.0,695.0,700.0,719.0,723.0,732.0,736.0,737.0,747.0,755.0,782.0,796.0,807.0,876.0,893.0,959.0,961.0,965.0,987.0,999.0,
13.0,14.0,38.0,73.0,90.0,104.0,188.0,190.0,220.0,234.0,241.0,282.0,325.0,331.0,338.0,351.0,399.0,413.0,457.0,470.0,486.0,582.0,590.0,609.0,630.0,675.0,720.0,781.0,797.0,868.0,917.0,970.0,
6.0,10.0,38.0,46.0,60.0,72.0,75.0,98.0,139.0,163.0,178.0,183.0,243.0,251.0,257.0,304.0,326.0,348.0,359.0,386.0,477.0,486.0,542.0,552.0,561.0,571.0,580.0,614.0,633.0,660.0,665.0,701.0,715.0,736.0,786.0,798.0,862.0,869.0,872.0,977.0,
14.0,30.0,102.0,170.0,227.0,253.0,284.0,303.0,334.0,336.0,340.0,356.0,405.0,413.0,422.0,481.0,495.0,505.0,506.0,518.0,527.0,529.0,590.0,617.0,637.0,649.0,650.0,658.0,687.0,734.0,765.0,772.0,790.0,842.0,895.0,940.0,960.0,996.0,
15.0,55.0,62.0,91.0,171.0,192.0,201.0,253.0,289.0,342.0,353.0,384.0,427.0,443.0,458.0,474.0,498.0,560.0,569.0,634.0,668.0,719.0,761.0,776.0,784.0,837.0,871.0,883.0,951.0,992.0,
52.0,73.0,76.0,127.0,165.0,220.0,233.0,240.0,246.0,279.0,386.0,411.0,450.0,457.0,462.0,480.0,489.0,571.0,575.0,598.0,630.0,636.0,749.0,811.0,818.0,972.0,982.0,992.0,
4.0,20.0,85.0,106.0,110.0,168.0,183.0,193.0,200.0,219.0,296.0,374.0,446.0,469.0,497.0,529.0,535.0,538.0,540.0,544.0,567.0,682.0,699.0,711.0,747.0,839.0,849.0,850.0,935.0,936.0,970.0,989.0,
9.0,36.0,83.0,95.0,130.0,166.0,196.0,216.0,285.0,304.0,350.0,385.0,390.0,424.0,428.0,431.0,461.0,485.0,492.0,505.0,517.0,521.0,523.0,527.0,529.0,532.0,538.0,543.0,546.0,549.0,558.0,558.0,563.0,568.0,570.0,571.0,575.0,576.0,576.0,590.0,593.0,598.0,611.0,622.0,633.0,635.0,673.0,674.0,696.0,704.0,711.0,729.0,739.0,749.0,753.0,756.0,758.0,762.0,766.0,775.0,777.0,824.0,827.0,855.0,869.0,875.0,909.0,931.0,938.0,940.0,957.0,963.0,965.0,983.0,
62.0,86.0,90.0,133.0,200.0,253.0,256.0,295.0,361.0,382.0,473.0,522.0,528.0,529.0,533.0,533.0,533.0,534.0,534.0,534.0,539.0,543.0,545.0,547.0,554.0,555.0,561.0,584.0,586.0,588.0,590.0,601.0,602.0,608.0,612.0,620.0,630.0,636.0,645.0,648.0,657.0,680.0,699.0,721.0,723.0,738.0,739.0,752.0,768.0,782.0,785.0,818.0,878.0,909.0,916.0,920.0,923.0,949.0,950.0,966.0,972.0,985.0,998.0,
16.0,46.0,57.0,61.0,86.0,91.0,106.0,116.0,120.0,123.0,129.0,197.0,199.0,210.0,245.0,247.0,292.0,296.0,326.0,340.0,381.0,387.0,404.0,432.0,448.0,509.0,519.0,535.0,539.0,541.0,546.0,546.0,546.0,551.0,552.0,553.0,571.0,574.0,577.0,581.0,586.0,591.0,593.0,595.0,601.0,613.0,626.0,629.0,633.0,635.0,641.0,648.0,650.0,654.0,666.0,680.0,700.0,713.0,720.0,725.0,733.0,733.0,766.0,768.0,773.0,795.0,838.0,847.0,850.0,850.0,902.0,909.0,910.0,912.0,955.0,989.0,998.0,
90.0,115.0,125.0,168.0,200.0,218.0,220.0,235.0,261.0,278.0,307.0,309.0,315.0,424.0,456.0,478.0,508.0,528.0,534.0,539.0,542.0,542.0,544.0,544.0,551.0,552.0,574.0,575.0,581.0,582.0,585.0,593.0,595.0,597.0,616.0,619.0,621.0,623.0,634.0,642.0,643.0,643.0,653.0,676.0,688.0,691.0,701.0,709.0,717.0,718.0,727.0,750.0,765.0,772.0,780.0,785.0,828.0,847.0,854.0,904.0,906.0,908.0,926.0,936.0,937.0,938.0,948.0,963.0,968.0,983.0,999.0,999.0,1000.0,
4.0,5.0,94.0,101.0,102.0,191.0,267.0,277.0,293.0,295.0,308.0,310.0,328.0,357.0,360.0,365.0,402.0,484.0,488.0,490.0,519.0,522.0,526.0,534.0,541.0,552.0,553.0,554.0,561.0,561.0,567.0,569.0,573.0,574.0,643.0,651.0,663.0,725.0,726.0,730.0,730.0,731.0,740.0,749.0,766.0,769.0,779.0,780.0,782.0,795.0,801.0,804.0,819.0,824.0,829.0,858.0,866.0,867.0,871.0,880.0,882.0,884.0,890.0,890.0,895.0,906.0,934.0,945.0,946.0,959.0,966.0,966.0,978.0,
6.0,20.0,33.0,70.0,83.0,116.0,116.0,139.0,144.0,146.0,169.0,171.0,239.0,260.0,286.0,305.0,405.0,530.0,532.0,547.0,555.0,576.0,621.0,636.0,646.0,660.0,719.0,723.0,747.0,751.0,755.0,759.0,789.0,827.0,866.0,885.0,908.0,911.0,950.0,954.0,961.0,965.0,974.0,989.0,
52.0,70.0,97.0,134.0,151.0,152.0,158.0,198.0,232.0,243.0,271.0,291.0,364.0,403.0,484.0,522.0,544.0,552.0,563.0,566.0,601.0,666.0,745.0,800.0,848.0,974.0,
9.0,51.0,81.0,115.0,165.0,203.0,211.0,239.0,256.0,290.0,297.0,324.0,327.0,333.0,345.0,349.0,355.0,381.0,423.0,430.0,483.0,524.0,525.0,558.0,647.0,742.0,786.0,786.0,843.0,870.0,877.0,897.0,939.0,978.0,
3.0,16.0,30.0,48.0,58.0,72.0,79.0,257.0,268.0,278.0,308.0,324.0,358.0,360.0,381.0,384.0,415.0,465.0,468.0,470.0,475.0,502.0,537.0,546.0,560.0,579.0,669.0,730.0,769.0,781.0,795.0,808.0,824.0,855.0,898.0,913.0,
45.0,182.0,192.0,200.0,227.0,243.0,248.0,292.0,304.0,318.0,381.0,402.0,426.0,472.0,508.0,529.0,537.0,537.0,538.0,547.0,548.0,555.0,563.0,564.0,567.0,576.0,579.0,584.0,585.0,592.0,599.0,603.0,615.0,630.0,633.0,638.0,646.0,647.0,654.0,702.0,711.0,711.0,713.0,736.0,743.0,747.0,752.0,759.0,775.0,777.0,778.0,796.0,801.0,817.0,826.0,841.0,846.0,848.0,855.0,856.0,860.0,902.0,906.0,913.0,914.0,914.0,922.0,926.0,930.0,937.0,938.0,947.0,950.0,954.0,969.0,988.0,995.0,996.0,
10.0,13.0,61.0,62.0,77.0,79.0,100.0,138.0,203.0,237.0,243.0,286.0,289.0,294.0,294.0,307.0,318.0,338.0,355.0,392.0,408.0,440.0,478.0,501.0,520.0,523.0,525.0,525.0,526.0,530.0,539.0,544.0,549.0,556.0,558.0,559.0,560.0,567.0,573.0,580.0,598.0,639.0,642.0,642.0,649.0,652.0,667.0,677.0,683.0,700.0,719.0,722.0,726.0,731.0,749.0,753.0,759.0,790.0,800.0,800.0,801.0,820.0,852.0,853.0,875.0,891.0,935.0,965.0,966.0,968.0,969.0,977.0,
12.0,41.0,80.0,117.0,146.0,219.0,333.0,334.0,351.0,388.0,444.0,459.0,475.0,502.0,527.0,528.0,543.0,547.0,555.0,562.0,563.0,564.0,564.0,567.0,567.0,568.0,570.0,571.0,573.0,583.0,583.0,584.0,590.0,592.0,601.0,602.0,614.0,629.0,652.0,663.0,665.0,666.0,668.0,679.0,681.0,695.0,695.0,707.0,793.0,813.0,823.0,825.0,838.0,840.0,841.0,850.0,852.0,853.0,860.0,876.0,885.0,906.0,948.0,958.0,970.0,980.0,982.0,986.0,999.0,
11.0,19.0,47.0,143.0,154.0,165.0,168.0,174.0,181.0,184.0,185.0,194.0,194.0,223.0,297.0,303.0,329.0,394.0,420.0,474.0,482.0,496.0,512.0,518.0,525.0,529.0,530.0,531.0,532.0,532.0,542.0,548.0,554.0,555.0,561.0,568.0,579.0,588.0,609.0,621.0,622.0,633.0,643.0,657.0,677.0,693.0,715.0,725.0,766.0,770.0,783.0,792.0,798.0,818.0,838.0,876.0,878.0,915.0,937.0,951.0,961.0,983.0,992.0,999.0,
6.0,25.0,60.0,117.0,132.0,146.0,156.0,172.0,173.0,175.0,188.0,198.0,204.0,209.0,210.0,254.0,259.0,295.0,379.0,428.0,433.0,510.0,512.0,513.0,520.0,521.0,523.0,526.0,526.0,526.0,534.0,534.0,542.0,542.0,543.0,560.0,565.0,573.0,585.0,593.0,594.0,624.0,630.0,641.0,646.0,652.0,658.0,684.0,701.0,703.0,706.0,727.0,743.0,750.0,753.0,756.0,841.0,846.0,868.0,899.0,918.0,940.0,958.0,
21.0,52.0,202.0,232.0,240.0,257.0,276.0,299.0,325.0,329.0,382.0,383.0,448.0,459.0,482.0,506.0,513.0,513.0,527.0,530.0,530.0,531.0,541.0,545.0,548.0,550.0,553.0,553.0,558.0,558.0,569.0,570.0,620.0,621.0,625.0,628.0,631.0,641.0,649.0,651.0,652.0,654.0,668.0,675.0,679.0,715.0,726.0,734.0,741.0,748.0,750.0,768.0,786.0,803.0,810.0,846.0,857.0,874.0,885.0,895.0,897.0,907.0,911.0,920.0,922.0,931.0,958.0,979.0,986.0,997.0,
36.0,48.0,98.0,99.0,118.0,181.0,183.0,187.0,212.0,214.0,235.0,240.0,374.0,378.0,419.0,433.0,479.0,494.0,519.0,520.0,525.0,535.0,542.0,544.0,545.0,547.0,549.0,550.0,552.0,554.0,554.0,555.0,555.0,559.0,563.0,565.0,566.0,569.0,570.0,572.0,572.0,578.0,583.0,584.0,588.0,591.0,605.0,616.0,630.0,636.0,664.0,693.0,695.0,696.0,700.0,702.0,704.0,712.0,713.0,760.0,789.0,790.0,795.0,803.0,813.0,839.0,850.0,881.0,883.0,901.0,929.0,948.0,974.0,982.0,
7.0,15.0,63.0,141.0,169.0,172.0,219.0,267.0,274.0,309.0,313.0,353.0,390.0,425.0,437.0,466.0,492.0,520.0,559.0,576.0,586.0,596.0,689.0,695.0,713.0,720.0,753.0,756.0,777.0,867.0,924.0,
26.0,52.0,66.0,157.0,179.0,187.0,191.0,199.0,228.0,236.0,261.0,281.0,296.0,355.0,372.0,403.0,410.0,427.0,456.0,473.0,502.0,513.0,611.0,691.0,715.0,914.0,948.0,949.0,954.0,963.0,970.0,974.0,
4.0,11.0,23.0,49.0,114.0,119.0,135.0,158.0,223.0,236.0,238.0,238.0,238.0,249.0,259.0,264.0,310.0,413.0,448.0,455.0,461.0,466.0,526.0,529.0,534.0,539.0,553.0,561.0,564.0,565.0,566.0,582.0,589.0,593.0,606.0,610.0,658.0,683.0,685.0,714.0,722.0,737.0,774.0,798.0,831.0,838.0,859.0,860.0,883.0,895.0,917.0,924.0,983.0,
17.0,18.0,32.0,70.0,146.0,176.0,230.0,241.0,261.0,314.0,331.0,383.0,423.0,437.0,447.0,457.0,507.0,512.0,519.0,528.0,532.0,540.0,546.0,546.0,550.0,552.0,558.0,604.0,605.0,608.0,610.0,611.0,620.0,621.0,628.0,636.0,652.0,667.0,675.0,679.0,694.0,714.0,739.0,749.0,801.0,802.0,803.0,819.0,835.0,852.0,852.0,855.0,862.0,875.0,890.0,900.0,921.0,923.0,927.0,946.0,956.0,978.0,992.0,994.0,997.0,
61.0,75.0,77.0,99.0,239.0,262.0,305.0,328.0,335.0,352.0,400.0,420.0,487.0,487.0,529.0,530.0,539.0,541.0,542.0,544.0,547.0,549.0,549.0,557.0,560.0,562.0,565.0,569.0,582.0,583.0,585.0,601.0,607.0,608.0,610.0,630.0,631.0,640.0,642.0,653.0,661.0,662.0,672.0,675.0,727.0,732.0,746.0,753.0,760.0,776.0,784.0,791.0,820.0,831.0,835.0,847.0,899.0,904.0,905.0,913.0,918.0,923.0,932.0,933.0,933.0,976.0,996.0,
31.0,35.0,89.0,158.0,185.0,187.0,254.0,262.0,324.0,340.0,343.0,443.0,465.0,472.0,491.0,496.0,515.0,517.0,521.0,530.0,534.0,538.0,540.0,549.0,555.0,572.0,574.0,588.0,592.0,596.0,645.0,676.0,677.0,699.0,712.0,743.0,763.0,778.0,783.0,792.0,817.0,824.0,844.0,876.0,896.0,899.0,907.0,909.0,924.0,930.0,
9.0,24.0,59.0,76.0,115.0,166.0,192.0,192.0,248.0,260.0,279.0,283.0,294.0,318.0,338.0,370.0,420.0,435.0,455.0,458.0,459.0,508.0,514.0,523.0,530.0,532.0,543.0,544.0,548.0,550.0,558.0,558.0,563.0,563.0,571.0,572.0,574.0,578.0,579.0,587.0,590.0,595.0,614.0,621.0,624.0,627.0,632.0,649.0,658.0,659.0,673.0,675.0,676.0,676.0,695.0,697.0,759.0,765.0,772.0,832.0,859.0,880.0,881.0,922.0,942.0,943.0,975.0,985.0,992.0,
9.0,24.0,47.0,70.0,71.0,87.0,98.0,103.0,128.0,141.0,185.0,204.0,258.0,277.0,319.0,332.0,357.0,368.0,384.0,413.0,420.0,449.0,483.0,522.0,525.0,533.0,537.0,538.0,539.0,541.0,548.0,551.0,552.0,559.0,559.0,564.0,592.0,600.0,621.0,621.0,624.0,639.0,641.0,662.0,669.0,677.0,678.0,688.0,731.0,737.0,745.0,759.0,775.0,787.0,822.0,834.0,860.0,863.0,912.0,917.0,929.0,939.0,953.0,954.0,957.0,962.0,962.0,972.0,992.0,
74.0,161.0,170.0,191.0,201.0,213.0,277.0,308.0,350.0,373.0,436.0,462.0,471.0,514.0,515.0,524.0,533.0,534.0,535.0,538.0,541.0,542.0,550.0,551.0,553.0,556.0,557.0,569.0,571.0,576.0,585.0,586.0,647.0,652.0,652.0,661.0,664.0,665.0,669.0,674.0,694.0,694.0,696.0,696.0,699.0,705.0,718.0,722.0,738.0,740.0,790.0,843.0,857.0,858.0,889.0,894.0,928.0,971.0,982.0,
10.0,72.0,137.0,165.0,208.0,231.0,249.0,348.0,393.0,402.0,502.0,512.0,514.0,516.0,532.0,532.0,536.0,539.0,549.0,552.0,559.0,560.0,562.0,570.0,570.0,579.0,601.0,606.0,613.0,613.0,626.0,626.0,630.0,631.0,637.0,663.0,677.0,684.0,686.0,699.0,706.0,719.0,724.0,726.0,737.0,743.0,784.0,791.0,796.0,803.0,833.0,842.0,848.0,859.0,882.0,894.0,897.0,909.0,930.0,932.0,949.0,951.0,951.0,955.0,963.0,972.0,987.0,
49.0,68.0,146.0,207.0,234.0,250.0,254.0,256.0,362.0,367.0,437.0,468.0,469.0,477.0,490.0,523.0,528.0,529.0,536.0,541.0,545.0,548.0,556.0,565.0,601.0,602.0,617.0,656.0,657.0,657.0,660.0,675.0,693.0,694.0,704.0,715.0,734.0,739.0,740.0,755.0,767.0,795.0,821.0,834.0,862.0,869.0,912.0,964.0,964.0,967.0,992.0,
49.0,56.0,69.0,74.0,94.0,115.0,224.0,275.0,312.0,316.0,328.0,351.0,400.0,414.0,482.0,526.0,549.0,570.0,648.0,706.0,711.0,758.0,761.0,769.0,840.0,906.0,921.0,984.0,989.0,997.0,
58.0,71.0,98.0,131.0,142.0,210.0,235.0,249.0,282.0,459.0,461.0,474.0,482.0,482.0,489.0,511.0,523.0,526.0,531.0,536.0,540.0,546.0,556.0,572.0,610.0,651.0,652.0,657.0,657.0,664.0,664.0,677.0,678.0,707.0,725.0,740.0,767.0,769.0,780.0,809.0,827.0,833.0,837.0,843.0,847.0,863.0,891.0,913.0,930.0,935.0,942.0,959.0,967.0,994.0,
5.0,31.0,48.0,54.0,63.0,101.0,185.0,198.0,206.0,233.0,293.0,326.0,329.0,382.0,397.0,404.0,517.0,520.0,520.0,525.0,531.0,555.0,562.0,564.0,569.0,578.0,584.0,595.0,608.0,611.0,614.0,614.0,622.0,633.0,647.0,649.0,657.0,661.0,683.0,687.0,701.0,712.0,716.0,728.0,742.0,747.0,755.0,757.0,776.0,789.0,802.0,808.0,814.0,815.0,838.0,845.0,854.0,863.0,867.0,875.0,892.0,895.0,896.0,900.0,903.0,914.0,953.0,
3.0,18.0,60.0,74.0,101.0,103.0,112.0,193.0,217.0,282.0,290.0,305.0,379.0,434.0,462.0,474.0,487.0,516.0,530.0,531.0,561.0,563.0,581.0,582.0,586.0,587.0,589.0,589.0,621.0,622.0,651.0,653.0,665.0,676.0,677.0,704.0,708.0,712.0,720.0,736.0,740.0,741.0,760.0,761.0,801.0,818.0,819.0,824.0,830.0,847.0,870.0,907.0,927.0,939.0,958.0,989.0,
7.0,49.0,73.0,93.0,103.0,137.0,157.0,227.0,320.0,325.0,333.0,342.0,344.0,348.0,378.0,399.0,413.0,450.0,481.0,485.0,519.0,523.0,532.0,539.0,545.0,547.0,548.0,553.0,555.0,556.0,577.0,593.0,615.0,615.0,618.0,657.0,689.0,703.0,749.0,761.0,805.0,814.0,828.0,832.0,835.0,846.0,846.0,850.0,870.0,902.0,915.0,952.0,969.0,981.0,
16.0,44.0,51.0,54.0,57.0,171.0,190.0,198.0,288.0,296.0,297.0,314.0,323.0,329.0,330.0,424.0,424.0,434.0,517.0,520.0,521.0,528.0,530.0,531.0,532.0,533.0,541.0,541.0,543.0,550.0,551.0,555.0,562.0,570.0,579.0,588.0,597.0,600.0,601.0,605.0,607.0,614.0,617.0,618.0,658.0,660.0,668.0,672.0,704.0,706.0,708.0,721.0,744.0,776.0,777.0,777.0,789.0,856.0,950.0,951.0,954.0,975.0,999.0,
21.0,56.0,89.0,103.0,104.0,126.0,146.0,209.0,230.0,246.0,269.0,314.0,326.0,347.0,349.0,356.0,356.0,417.0,441.0,445.0,511.0,515.0,522.0,540.0,542.0,542.0,543.0,544.0,544.0,544.0,545.0,548.0,552.0,555.0,560.0,582.0,585.0,586.0,588.0,590.0,593.0,609.0,631.0,635.0,638.0,660.0,672.0,679.0,710.0,740.0,740.0,758.0,776.0,799.0,821.0,825.0,833.0,843.0,866.0,901.0,910.0,955.0,960.0,971.0,973.0,975.0,
46.0,57.0,67.0,120.0,175.0,183.0,230.0,251.0,267.0,326.0,361.0,436.0,441.0,451.0,459.0,504.0,504.0,524.0,530.0,531.0,532.0,539.0,543.0,546.0,552.0,552.0,558.0,563.0,576.0,586.0,590.0,598.0,604.0,611.0,611.0,615.0,617.0,625.0,626.0,671.0,675.0,675.0,678.0,684.0,686.0,701.0,718.0,724.0,740.0,763.0,790.0,800.0,826.0,827.0,830.0,851.0,903.0,913.0,951.0,
5.0,22.0,63.0,82.0,101.0,166.0,188.0,207.0,217.0,274.0,287.0,305.0,309.0,312.0,360.0,392.0,392.0,430.0,468.0,472.0,512.0,520.0,535.0,536.0,537.0,538.0,539.0,543.0,544.0,555.0,559.0,561.0,567.0,568.0,571.0,581.0,590.0,590.0,597.0,604.0,608.0,627.0,629.0,631.0,633.0,660.0,662.0,671.0,678.0,684.0,713.0,715.0,717.0,737.0,743.0,860.0,876.0,887.0,892.0,907.0,919.0,920.0,927.0,942.0,956.0,963.0,985.0,
49.0,75.0,126.0,143.0,170.0,215.0,226.0,227.0,228.0,261.0,265.0,270.0,279.0,291.0,291.0,321.0,359.0,424.0,514.0,519.0,535.0,542.0,544.0,548.0,556.0,566.0,571.0,572.0,581.0,583.0,585.0,592.0,600.0,610.0,625.0,638.0,700.0,724.0,729.0,746.0,747.0,757.0,762.0,774.0,788.0,800.0,809.0,814.0,821.0,824.0,828.0,836.0,836.0,846.0,868.0,869.0,897.0,928.0,954.0,965.0,
7.0,8.0,27.0,32.0,48.0,65.0,81.0,117.0,160.0,163.0,184.0,223.0,250.0,291.0,309.0,354.0,360.0,399.0,414.0,424.0,431.0,442.0,446.0,448.0,468.0,586.0,621.0,658.0,675.0,764.0,802.0,806.0,871.0,898.0,941.0,962.0,
7.0,30.0,37.0,169.0,179.0,180.0,228.0,232.0,256.0,287.0,305.0,347.0,379.0,408.0,454.0,454.0,500.0,518.0,536.0,541.0,546.0,546.0,554.0,558.0,558.0,565.0,577.0,585.0,604.0,608.0,648.0,660.0,684.0,721.0,731.0,736.0,793.0,807.0,809.0,822.0,858.0,865.0,899.0,926.0,940.0,952.0,977.0,
15.0,71.0,76.0,95.0,153.0,159.0,250.0,296.0,302.0,303.0,335.0,376.0,436.0,442.0,459.0,482.0,516.0,530.0,533.0,533.0,533.0,534.0,536.0,545.0,545.0,552.0,553.0,555.0,564.0,573.0,577.0,579.0,584.0,591.0,602.0,612.0,615.0,617.0,632.0,647.0,661.0,671.0,679.0,696.0,699.0,707.0,725.0,727.0,732.0,745.0,771.0,787.0,797.0,803.0,823.0,830.0,851.0,854.0,860.0,868.0,874.0,874.0,914.0,918.0,933.0,943.0,953.0,980.0,984.0,
16.0,18.0,19.0,28.0,32.0,33.0,45.0,63.0,72.0,128.0,218.0,222.0,230.0,241.0,266.0,306.0,311.0,321.0,387.0,398.0,424.0,432.0,432.0,457.0,489.0,518.0,519.0,541.0,542.0,548.0,558.0,562.0,584.0,585.0,592.0,601.0,607.0,608.0,621.0,631.0,633.0,641.0,646.0,648.0,651.0,659.0,676.0,679.0,682.0,729.0,730.0,734.0,787.0,789.0,803.0,824.0,833.0,838.0,841.0,888.0,907.0,944.0,956.0,983.0,
65.0,114.0,129.0,165.0,174.0,236.0,262.0,336.0,346.0,397.0,401.0,461.0,474.0,487.0,522.0,524.0,526.0,531.0,541.0,557.0,561.0,564.0,572.0,576.0,577.0,578.0,601.0,603.0,604.0,610.0,618.0,654.0,665.0,686.0,699.0,720.0,781.0,786.0,791.0,834.0,834.0,884.0,894.0,916.0,930.0,950.0,978.0,
67.0,121.0,174.0,176.0,196.0,209.0,232.0,248.0,270.0,297.0,307.0,320.0,323.0,384.0,384.0,402.0,425.0,469.0,520.0,526.0,530.0,530.0,533.0,537.0,540.0,541.0,542.0,550.0,557.0,559.0,565.0,566.0,567.0,571.0,573.0,577.0,602.0,610.0,610.0,623.0,635.0,635.0,651.0,676.0,694.0,710.0,710.0,711.0,720.0,725.0,743.0,746.0,749.0,760.0,765.0,772.0,798.0,817.0,818.0,822.0,831.0,836.0,840.0,845.0,853.0,858.0,899.0,943.0,944.0,963.0,972.0,975.0,978.0,988.0,
98.0,114.0,173.0,196.0,205.0,218.0,219.0,255.0,291.0,303.0,396.0,409.0,490.0,522.0,523.0,535.0,537.0,540.0,540.0,542.0,542.0,553.0,554.0,556.0,558.0,559.0,561.0,562.0,562.0,564.0,579.0,580.0,582.0,598.0,603.0,604.0,614.0,645.0,647.0,647.0,655.0,684.0,687.0,710.0,720.0,722.0,735.0,773.0,794.0,802.0,806.0,819.0,847.0,873.0,874.0,881.0,890.0,890.0,901.0,902.0,921.0,959.0,998.0,
64.0,67.0,110.0,139.0,141.0,170.0,174.0,268.0,289.0,296.0,324.0,384.0,391.0,395.0,462.0,470.0,516.0,521.0,523.0,525.0,526.0,529.0,532.0,533.0,536.0,538.0,538.0,551.0,552.0,554.0,556.0,558.0,560.0,571.0,581.0,587.0,590.0,610.0,622.0,628.0,636.0,647.0,673.0,682.0,715.0,733.0,745.0,745.0,781.0,798.0,813.0,860.0,864.0,894.0,959.0,961.0,971.0,
46.0,49.0,52.0,55.0,88.0,112.0,158.0,194.0,238.0,297.0,299.0,319.0,356.0,372.0,376.0,403.0,418.0,471.0,491.0,499.0,516.0,528.0,528.0,537.0,539.0,541.0,541.0,541.0,545.0,559.0,560.0,571.0,572.0,580.0,584.0,594.0,605.0,627.0,635.0,641.0,643.0,665.0,671.0,680.0,680.0,688.0,692.0,698.0,702.0,704.0,732.0,738.0,745.0,758.0,771.0,783.0,794.0,810.0,810.0,810.0,824.0,830.0,834.0,856.0,875.0,876.0,877.0,884.0,884.0,884.0,940.0,980.0,981.0,997.0,998.0,
55.0,63.0,132.0,192.0,280.0,320.0,348.0,397.0,425.0,464.0,512.0,523.0,541.0,550.0,551.0,552.0,555.0,559.0,574.0,579.0,582.0,583.0,585.0,601.0,601.0,617.0,621.0,636.0,636.0,653.0,656.0,656.0,685.0,712.0,760.0,799.0,808.0,831.0,846.0,910.0,950.0,958.0,993.0,
5.0,54.0,75.0,176.0,195.0,202.0,215.0,225.0,243.0,264.0,312.0,353.0,371.0,373.0,446.0,514.0,584.0,590.0,592.0,606.0,742.0,781.0,782.0,799.0,861.0,882.0,905.0,932.0,958.0,975.0,981.0,994.0,
32.0,53.0,71.0,92.0,114.0,133.0,139.0,190.0,195.0,229.0,251.0,277.0,320.0,330.0,343.0,407.0,440.0,523.0,529.0,536.0,542.0,548.0,553.0,558.0,579.0,584.0,626.0,640.0,644.0,649.0,698.0,732.0,750.0,762.0,808.0,812.0,923.0,935.0,994.0,995.0,
18.0,85.0,93.0,101.0,165.0,184.0,193.0,225.0,231.0,324.0,346.0,405.0,451.0,455.0,521.0,530.0,537.0,537.0,539.0,539.0,543.0,546.0,562.0,569.0,578.0,598.0,602.0,610.0,616.0,624.0,654.0,657.0,657.0,660.0,684.0,690.0,690.0,695.0,720.0,728.0,730.0,731.0,739.0,743.0,760.0,799.0,818.0,824.0,857.0,871.0,888.0,899.0,913.0,923.0,930.0,934.0,937.0,949.0,953.0,957.0,979.0,994.0,
22.0,34.0,36.0,79.0,117.0,125.0,135.0,277.0,317.0,350.0,400.0,402.0,412.0,423.0,428.0,437.0,457.0,466.0,494.0,509.0,510.0,518.0,525.0,530.0,536.0,537.0,538.0,540.0,542.0,548.0,551.0,554.0,556.0,557.0,560.0,561.0,566.0,571.0,571.0,582.0,585.0,596.0,602.0,625.0,633.0,634.0,646.0,651.0,668.0,675.0,698.0,707.0,726.0,726.0,728.0,746.0,772.0,774.0,782.0,787.0,799.0,831.0,835.0,854.0,866.0,868.0,882.0,902.0,929.0,934.0,935.0,936.0,979.0,980.0,997.0,
3.0,20.0,137.0,145.0,207.0,217.0,254.0,263.0,269.0,290.0,299.0,437.0,471.0,492.0,502.0,531.0,534.0,543.0,544.0,550.0,552.0,552.0,553.0,554.0,561.0,567.0,569.0,578.0,579.0,579.0,588.0,594.0,596.0,600.0,603.0,606.0,610.0,614.0,616.0,631.0,632.0,635.0,646.0,670.0,707.0,721.0,728.0,732.0,800.0,807.0,817.0,820.0,823.0,833.0,834.0,837.0,846.0,855.0,866.0,878.0,888.0,894.0,900.0,909.0,918.0,918.0,932.0,936.0,961.0,
30.0,31.0,39.0,44.0,49.0,70.0,70.0,145.0,149.0,165.0,169.0,184.0,227.0,245.0,247.0,250.0,301.0,326.0,334.0,373.0,420.0,457.0,474.0,491.0,491.0,521.0,524.0,525.0,525.0,526.0,529.0,534.0,539.0,545.0,550.0,550.0,554.0,557.0,560.0,561.0,563.0,566.0,568.0,570.0,572.0,589.0,605.0,617.0,623.0,626.0,631.0,650.0,652.0,665.0,668.0,684.0,686.0,694.0,694.0,700.0,701.0,719.0,741.0,761.0,789.0,859.0,870.0,877.0,916.0,928.0,964.0,991.0,
11.0,46.0,58.0,69.0,70.0,83.0,106.0,110.0,122.0,150.0,212.0,223.0,268.0,298.0,307.0,316.0,343.0,344.0,361.0,372.0,385.0,414.0,489.0,506.0,515.0,515.0,522.0,526.0,526.0,528.0,542.0,557.0,561.0,579.0,605.0,609.0,613.0,623.0,628.0,630.0,632.0,647.0,653.0,673.0,702.0,709.0,735.0,766.0,770.0,802.0,803.0,805.0,823.0,830.0,831.0,835.0,870.0,872.0,888.0,919.0,956.0,958.0,981.0,989.0,1000.0,
2.0,15.0,17.0,56.0,77.0,90.0,92.0,115.0,132.0,140.0,152.0,171.0,172.0,175.0,180.0,181.0,220.0,283.0,294.0,338.0,354.0,357.0,368.0,459.0,485.0,513.0,520.0,521.0,533.0,544.0,544.0,544.0,545.0,558.0,559.0,560.0,560.0,561.0,562.0,564.0,567.0,568.0,574.0,604.0,604.0,608.0,609.0,613.0,623.0,635.0,642.0,679.0,706.0,752.0,772.0,792.0,792.0,795.0,796.0,800.0,823.0,837.0,839.0,857.0,868.0,904.0,937.0,955.0,1000.0,
39.0,42.0,45.0,174.0,204.0,232.0,240.0,295.0,327.0,363.0,438.0,439.0,450.0,515.0,518.0,531.0,533.0,548.0,549.0,566.0,567.0,568.0,569.0,578.0,580.0,581.0,585.0,587.0,593.0,598.0,607.0,612.0,620.0,640.0,653.0,655.0,662.0,670.0,672.0,684.0,693.0,697.0,706.0,711.0,714.0,739.0,752.0,763.0,773.0,792.0,881.0,882.0,886.0,896.0,905.0,913.0,951.0,959.0,963.0,964.0,970.0,987.0,
30.0,82.0,89.0,98.0,135.0,168.0,218.0,225.0,240.0,249.0,260.0,395.0,415.0,495.0,506.0,519.0,536.0,546.0,551.0,563.0,591.0,626.0,664.0,703.0,710.0,743.0,749.0,793.0,800.0,803.0,831.0,856.0,993.0,
9.0,27.0,49.0,70.0,77.0,127.0,136.0,152.0,171.0,185.0,222.0,270.0,271.0,302.0,320.0,340.0,397.0,409.0,424.0,424.0,437.0,472.0,476.0,501.0,579.0,580.0,594.0,613.0,709.0,741.0,766.0,781.0,814.0,854.0,923.0,926.0,955.0,980.0,
42.0,47.0,72.0,90.0,97.0,155.0,172.0,189.0,228.0,257.0,293.0,371.0,393.0,411.0,516.0,557.0,642.0,644.0,667.0,724.0,730.0,738.0,753.0,806.0,831.0,846.0,868.0,872.0,885.0,918.0,
119.0,134.0,148.0,183.0,210.0,212.0,267.0,277.0,278.0,328.0,371.0,391.0,457.0,459.0,523.0,534.0,546.0,548.0,554.0,554.0,557.0,592.0,617.0,627.0,629.0,690.0,703.0,740.0,792.0,817.0,828.0,832.0,838.0,841.0,845.0,929.0,984.0,
46.0,68.0,107.0,110.0,175.0,199.0,202.0,210.0,214.0,215.0,264.0,270.0,281.0,325.0,356.0,357.0,399.0,464.0,491.0,516.0,544.0,545.0,559.0,560.0,560.0,561.0,571.0,583.0,598.0,613.0,616.0,621.0,626.0,631.0,635.0,639.0,643.0,716.0,727.0,727.0,746.0,748.0,753.0,762.0,796.0,806.0,808.0,822.0,822.0,846.0,850.0,853.0,868.0,873.0,876.0,896.0,896.0,913.0,943.0,949.0,950.0,967.0,980.0,981.0,982.0,993.0,998.0,1000.0,
36.0,81.0,83.0,88.0,117.0,129.0,204.0,206.0,229.0,240.0,280.0,287.0,288.0,307.0,338.0,386.0,440.0,477.0,494.0,518.0,525.0,526.0,529.0,531.0,533.0,546.0,553.0,555.0,565.0,572.0,579.0,593.0,603.0,634.0,638.0,642.0,642.0,645.0,653.0,663.0,681.0,689.0,706.0,707.0,730.0,731.0,745.0,764.0,788.0,796.0,797.0,802.0,824.0,840.0,870.0,872.0,884.0,885.0,896.0,915.0,927.0,979.0,995.0,998.0,998.0,
78.0,110.0,124.0,156.0,221.0,237.0,241.0,248.0,255.0,262.0,270.0,291.0,309.0,338.0,387.0,402.0,435.0,443.0,485.0,495.0,521.0,522.0,525.0,535.0,538.0,538.0,542.0,543.0,545.0,546.0,550.0,563.0,567.0,568.0,570.0,580.0,582.0,582.0,582.0,585.0,599.0,600.0,605.0,607.0,607.0,610.0,631.0,639.0,651.0,653.0,660.0,679.0,692.0,700.0,722.0,738.0,748.0,756.0,760.0,772.0,779.0,807.0,817.0,856.0,860.0,896.0,897.0,929.0,939.0,964.0,999.0,1000.0,
16.0,39.0,83.0,84.0,90.0,118.0,125.0,182.0,213.0,215.0,221.0,247.0,268.0,303.0,336.0,351.0,377.0,396.0,402.0,426.0,459.0,462.0,478.0,514.0,521.0,522.0,523.0,527.0,531.0,545.0,559.0,564.0,584.0,585.0,586.0,588.0,594.0,609.0,614.0,616.0,617.0,627.0,631.0,636.0,648.0,656.0,664.0,673.0,688.0,695.0,711.0,737.0,737.0,744.0,750.0,753.0,762.0,779.0,832.0,859.0,860.0,887.0,894.0,911.0,918.0,933.0,941.0,964.0,985.0,995.0,
12.0,12.0,97.0,108.0,136.0,190.0,243.0,256.0,259.0,267.0,283.0,290.0,315.0,351.0,351.0,354.0,413.0,457.0,466.0,480.0,528.0,534.0,536.0,538.0,540.0,540.0,552.0,553.0,554.0,556.0,561.0,568.0,571.0,576.0,578.0,582.0,592.0,602.0,627.0,633.0,655.0,674.0,685.0,692.0,702.0,703.0,708.0,719.0,723.0,725.0,743.0,753.0,756.0,760.0,785.0,786.0,804.0,804.0,806.0,820.0,821.0,826.0,833.0,841.0,849.0,881.0,891.0,894.0,916.0,935.0,942.0,946.0,952.0,969.0,972.0,980.0,981.0,982.0,991.0,992.0,
10.0,10.0,61.0,129.0,145.0,194.0,211.0,216.0,220.0,251.0,293.0,315.0,332.0,363.0,397.0,402.0,408.0,500.0,508.0,543.0,557.0,560.0,581.0,584.0,630.0,684.0,713.0,737.0,743.0,768.0,804.0,805.0,808.0,817.0,824.0,903.0,1000.0,
45.0,84.0,163.0,164.0,195.0,207.0,251.0,262.0,342.0,361.0,411.0,430.0,468.0,491.0,531.0,544.0,613.0,800.0,825.0,927.0,976.0,997.0,
26.0,32.0,57.0,105.0,130.0,196.0,200.0,202.0,317.0,318.0,325.0,364.0,389.0,452.0,453.0,515.0,543.0,546.0,557.0,609.0,639.0,687.0,697.0,709.0,722.0,764.0,766.0,773.0,782.0,784.0,799.0,809.0,837.0,857.0,896.0,905.0,910.0,926.0,950.0,961.0,968.0,
44.0,71.0,81.0,83.0,130.0,174.0,233.0,331.0,358.0,409.0,437.0,442.0,446.0,470.0,486.0,525.0,534.0,557.0,562.0,599.0,648.0,750.0,791.0,808.0,819.0,919.0,929.0,970.0,985.0,997.0,
57.0,96.0,109.0,132.0,133.0,137.0,179.0,206.0,208.0,303.0,312.0,336.0,416.0,439.0,440.0,441.0,479.0,484.0,520.0,547.0,556.0,558.0,579.0,598.0,743.0,752.0,792.0,880.0,904.0,911.0,938.0,950.0,983.0,
18.0,19.0,21.0,37.0,45.0,53.0,64.0,71.0,73.0,132.0,151.0,184.0,196.0,243.0,251.0,270.0,281.0,287.0,291.0,342.0,368.0,390.0,391.0,396.0,408.0,494.0,548.0,571.0,611.0,622.0,637.0,640.0,651.0,666.0,669.0,678.0,693.0,699.0,710.0,719.0,728.0,735.0,745.0,753.0,807.0,830.0,872.0,881.0,908.0,936.0,968.0,
27.0,53.0,97.0,157.0,183.0,205.0,215.0,217.0,230.0,272.0,313.0,323.0,396.0,418.0,455.0,481.0,517.0,520.0,529.0,529.0,530.0,546.0,552.0,553.0,563.0,563.0,584.0,585.0,586.0,597.0,597.0,601.0,621.0,645.0,676.0,733.0,757.0,779.0,781.0,804.0,811.0,854.0,878.0,919.0,945.0,969.0,972.0,986.0,
65.0,84.0,92.0,96.0,101.0,103.0,123.0,182.0,190.0,205.0,237.0,260.0,265.0,285.0,306.0,309.0,310.0,341.0,354.0,358.0,363.0,399.0,405.0,422.0,470.0,481.0,487.0,488.0,493.0,514.0,521.0,524.0,535.0,539.0,541.0,547.0,549.0,554.0,559.0,561.0,564.0,575.0,578.0,580.0,581.0,587.0,605.0,610.0,611.0,622.0,622.0,651.0,732.0,774.0,784.0,795.0,807.0,809.0,834.0,835.0,841.0,843.0,851.0,863.0,873.0,917.0,960.0,971.0,
15.0,38.0,39.0,41.0,45.0,63.0,71.0,85.0,107.0,168.0,188.0,195.0,210.0,223.0,234.0,254.0,265.0,293.0,310.0,415.0,426.0,449.0,461.0,533.0,536.0,542.0,550.0,553.0,555.0,580.0,626.0,627.0,651.0,663.0,675.0,713.0,719.0,740.0,741.0,746.0,757.0,758.0,762.0,778.0,782.0,817.0,831.0,833.0,839.0,872.0,872.0,891.0,906.0,916.0,921.0,976.0,976.0,989.0,998.0,
3.0,24.0,49.0,64.0,203.0,249.0,267.0,279.0,287.0,316.0,351.0,371.0,383.0,462.0,569.0,642.0,649.0,660.0,663.0,663.0,683.0,754.0,798.0,882.0,917.0,936.0,966.0,967.0,
29.0,53.0,71.0,139.0,141.0,201.0,233.0,243.0,262.0,273.0,280.0,322.0,342.0,366.0,367.0,383.0,440.0,458.0,474.0,481.0,493.0,520.0,538.0,541.0,557.0,566.0,655.0,668.0,854.0,877.0,974.0,996.0,
23.0,110.0,114.0,214.0,256.0,268.0,277.0,291.0,418.0,426.0,610.0,625.0,649.0,654.0,663.0,664.0,699.0,704.0,730.0,778.0,815.0,830.0,837.0,888.0,915.0,953.0,
