2.0,32.0,84.0,88.0,96.0,143.0,149.0,178.0,196.0,215.0,217.0,240.0,327.0,346.0,358.0,359.0,406.0,437.0,453.0,456.0,462.0,467.0,489.0,512.0,543.0,562.0,574.0,576.0,639.0,642.0,678.0,697.0,697.0,744.0,771.0,773.0,776.0,803.0,808.0,825.0,854.0,855.0,894.0,937.0,
3.0,8.0,86.0,105.0,110.0,182.0,236.0,238.0,258.0,263.0,270.0,285.0,341.0,387.0,435.0,455.0,475.0,491.0,532.0,542.0,560.0,654.0,679.0,740.0,795.0,899.0,913.0,930.0,997.0,
6.0,21.0,25.0,43.0,47.0,47.0,95.0,105.0,105.0,121.0,181.0,201.0,221.0,249.0,298.0,309.0,335.0,341.0,347.0,354.0,373.0,438.0,457.0,501.0,525.0,590.0,637.0,649.0,694.0,723.0,792.0,795.0,807.0,823.0,838.0,913.0,919.0,961.0,
26.0,84.0,116.0,157.0,166.0,243.0,266.0,307.0,343.0,355.0,395.0,396.0,422.0,423.0,435.0,476.0,492.0,512.0,517.0,604.0,762.0,774.0,784.0,790.0,821.0,821.0,892.0,904.0,904.0,915.0,942.0,954.0,998.0,
5.0,30.0,48.0,71.0,91.0,130.0,166.0,172.0,180.0,185.0,189.0,194.0,349.0,355.0,405.0,411.0,451.0,464.0,474.0,478.0,483.0,523.0,589.0,690.0,739.0,885.0,921.0,955.0,
17.0,37.0,50.0,64.0,82.0,128.0,177.0,205.0,225.0,234.0,283.0,308.0,310.0,383.0,388.0,409.0,451.0,477.0,507.0,513.0,525.0,536.0,561.0,597.0,612.0,671.0,703.0,727.0,758.0,852.0,859.0,860.0,868.0,884.0,949.0,964.0,971.0,985.0,993.0,
85.0,91.0,96.0,148.0,154.0,179.0,325.0,352.0,400.0,416.0,442.0,481.0,497.0,581.0,602.0,611.0,708.0,872.0,879.0,887.0,899.0,914.0,952.0,
4.0,10.0,36.0,64.0,70.0,246.0,255.0,263.0,320.0,337.0,348.0,357.0,385.0,432.0,489.0,492.0,520.0,566.0,572.0,591.0,592.0,619.0,643.0,644.0,647.0,657.0,667.0,676.0,818.0,840.0,855.0,996.0,
50.0,89.0,117.0,173.0,179.0,207.0,210.0,216.0,236.0,245.0,260.0,283.0,360.0,381.0,413.0,437.0,445.0,489.0,489.0,554.0,600.0,616.0,662.0,702.0,702.0,709.0,741.0,749.0,754.0,754.0,762.0,792.0,798.0,800.0,863.0,891.0,904.0,911.0,914.0,944.0,
14.0,41.0,80.0,82.0,116.0,178.0,184.0,192.0,217.0,244.0,304.0,313.0,318.0,326.0,337.0,341.0,378.0,380.0,382.0,419.0,496.0,598.0,604.0,629.0,662.0,666.0,683.0,700.0,701.0,733.0,786.0,801.0,836.0,874.0,878.0,884.0,894.0,900.0,903.0,983.0,
17.0,37.0,50.0,98.0,109.0,129.0,136.0,147.0,189.0,288.0,291.0,353.0,379.0,383.0,426.0,429.0,447.0,494.0,548.0,554.0,558.0,609.0,628.0,634.0,645.0,648.0,669.0,725.0,729.0,757.0,776.0,778.0,797.0,820.0,825.0,844.0,915.0,955.0,
8.0,21.0,23.0,70.0,119.0,133.0,149.0,155.0,169.0,180.0,181.0,206.0,237.0,246.0,261.0,285.0,328.0,342.0,384.0,399.0,426.0,431.0,444.0,516.0,528.0,546.0,624.0,641.0,656.0,693.0,711.0,753.0,780.0,814.0,836.0,838.0,838.0,845.0,856.0,878.0,888.0,912.0,912.0,938.0,959.0,967.0,992.0,
41.0,48.0,75.0,112.0,118.0,121.0,137.0,151.0,155.0,183.0,217.0,220.0,258.0,355.0,440.0,444.0,486.0,502.0,533.0,550.0,574.0,578.0,626.0,686.0,750.0,
4.0,30.0,47.0,47.0,59.0,69.0,81.0,90.0,140.0,153.0,154.0,179.0,238.0,288.0,344.0,416.0,466.0,475.0,495.0,524.0,527.0,543.0,569.0,570.0,589.0,607.0,607.0,658.0,715.0,744.0,750.0,784.0,789.0,797.0,860.0,910.0,951.0,955.0,972.0,
4.0,11.0,225.0,258.0,265.0,265.0,325.0,330.0,341.0,367.0,391.0,394.0,490.0,498.0,507.0,524.0,534.0,537.0,558.0,561.0,581.0,586.0,586.0,589.0,606.0,606.0,616.0,624.0,626.0,634.0,644.0,661.0,690.0,749.0,754.0,771.0,800.0,807.0,824.0,855.0,879.0,896.0,918.0,954.0,989.0,
55.0,56.0,89.0,99.0,104.0,145.0,168.0,211.0,213.0,222.0,266.0,274.0,325.0,338.0,376.0,389.0,452.0,456.0,457.0,486.0,513.0,523.0,525.0,526.0,532.0,535.0,537.0,554.0,555.0,566.0,574.0,578.0,580.0,587.0,589.0,593.0,600.0,609.0,610.0,634.0,652.0,652.0,652.0,663.0,665.0,675.0,684.0,718.0,726.0,756.0,757.0,761.0,782.0,799.0,881.0,896.0,897.0,922.0,946.0,948.0,990.0,
7.0,31.0,36.0,59.0,83.0,99.0,118.0,131.0,131.0,135.0,150.0,164.0,170.0,202.0,253.0,257.0,308.0,336.0,339.0,413.0,441.0,441.0,493.0,495.0,498.0,498.0,510.0,521.0,523.0,536.0,560.0,563.0,576.0,589.0,600.0,603.0,605.0,610.0,616.0,634.0,641.0,653.0,657.0,658.0,659.0,663.0,669.0,675.0,680.0,696.0,729.0,729.0,738.0,764.0,764.0,772.0,790.0,828.0,842.0,865.0,874.0,881.0,935.0,
10.0,14.0,32.0,33.0,42.0,71.0,90.0,106.0,113.0,227.0,286.0,291.0,305.0,336.0,358.0,364.0,483.0,492.0,520.0,541.0,551.0,574.0,632.0,686.0,715.0,734.0,737.0,744.0,802.0,805.0,838.0,852.0,857.0,
2.0,115.0,128.0,174.0,220.0,354.0,400.0,403.0,428.0,428.0,454.0,463.0,469.0,642.0,726.0,738.0,745.0,778.0,800.0,930.0,952.0,1000.0,
54.0,57.0,148.0,179.0,235.0,263.0,263.0,292.0,294.0,328.0,343.0,378.0,392.0,406.0,408.0,439.0,492.0,522.0,534.0,595.0,612.0,652.0,725.0,856.0,886.0,891.0,894.0,909.0,918.0,924.0,928.0,933.0,996.0,
20.0,32.0,51.0,202.0,208.0,243.0,266.0,284.0,319.0,370.0,404.0,405.0,512.0,516.0,531.0,537.0,571.0,575.0,590.0,616.0,658.0,738.0,746.0,752.0,830.0,839.0,849.0,856.0,872.0,883.0,962.0,975.0,
98.0,107.0,123.0,197.0,209.0,228.0,234.0,245.0,257.0,316.0,348.0,358.0,359.0,367.0,392.0,395.0,396.0,397.0,403.0,457.0,461.0,462.0,503.0,530.0,530.0,600.0,634.0,758.0,764.0,827.0,876.0,916.0,
13.0,13.0,182.0,186.0,242.0,291.0,295.0,299.0,388.0,393.0,514.0,536.0,545.0,548.0,550.0,556.0,559.0,560.0,572.0,576.0,577.0,596.0,610.0,615.0,626.0,645.0,703.0,753.0,784.0,788.0,830.0,863.0,865.0,887.0,950.0,951.0,
13.0,25.0,66.0,89.0,107.0,112.0,142.0,160.0,216.0,222.0,253.0,256.0,307.0,382.0,441.0,454.0,478.0,500.0,514.0,516.0,525.0,527.0,528.0,538.0,542.0,545.0,555.0,556.0,557.0,563.0,563.0,568.0,573.0,584.0,586.0,591.0,615.0,618.0,626.0,644.0,656.0,672.0,676.0,677.0,690.0,716.0,736.0,744.0,755.0,755.0,771.0,772.0,778.0,781.0,801.0,818.0,825.0,832.0,844.0,864.0,865.0,873.0,875.0,888.0,903.0,905.0,916.0,920.0,921.0,922.0,933.0,950.0,956.0,973.0,985.0,986.0,
56.0,57.0,88.0,118.0,151.0,151.0,159.0,173.0,216.0,221.0,222.0,241.0,258.0,261.0,274.0,285.0,290.0,306.0,313.0,350.0,354.0,357.0,441.0,481.0,485.0,492.0,515.0,520.0,522.0,522.0,533.0,536.0,543.0,547.0,552.0,553.0,556.0,561.0,569.0,569.0,575.0,603.0,607.0,610.0,612.0,619.0,623.0,637.0,646.0,660.0,668.0,669.0,669.0,671.0,676.0,698.0,712.0,726.0,751.0,753.0,776.0,778.0,787.0,789.0,792.0,806.0,817.0,825.0,830.0,832.0,853.0,860.0,861.0,885.0,898.0,900.0,908.0,912.0,925.0,932.0,932.0,940.0,946.0,947.0,980.0,983.0,993.0,994.0,999.0,
2.0,20.0,53.0,79.0,105.0,129.0,241.0,245.0,371.0,373.0,377.0,420.0,506.0,513.0,516.0,520.0,521.0,525.0,527.0,529.0,546.0,548.0,556.0,556.0,564.0,568.0,574.0,575.0,580.0,594.0,595.0,605.0,611.0,611.0,612.0,615.0,616.0,625.0,650.0,662.0,710.0,719.0,767.0,798.0,808.0,817.0,822.0,837.0,839.0,858.0,864.0,867.0,875.0,928.0,934.0,947.0,965.0,986.0,989.0,
92.0,118.0,146.0,171.0,212.0,215.0,220.0,276.0,283.0,293.0,340.0,343.0,360.0,371.0,372.0,387.0,421.0,432.0,440.0,484.0,495.0,505.0,517.0,525.0,536.0,542.0,548.0,556.0,563.0,563.0,563.0,565.0,567.0,569.0,571.0,578.0,581.0,606.0,606.0,608.0,619.0,632.0,650.0,654.0,661.0,667.0,671.0,671.0,671.0,671.0,676.0,695.0,702.0,713.0,718.0,720.0,731.0,740.0,741.0,750.0,775.0,782.0,792.0,801.0,806.0,827.0,832.0,835.0,847.0,867.0,873.0,875.0,890.0,892.0,899.0,902.0,928.0,930.0,942.0,962.0,
13.0,23.0,33.0,62.0,71.0,104.0,145.0,168.0,171.0,199.0,201.0,203.0,207.0,246.0,255.0,314.0,326.0,346.0,389.0,420.0,430.0,441.0,453.0,458.0,461.0,519.0,522.0,525.0,527.0,533.0,534.0,534.0,537.0,538.0,543.0,550.0,555.0,561.0,569.0,571.0,578.0,587.0,598.0,599.0,610.0,610.0,624.0,628.0,645.0,658.0,682.0,714.0,723.0,724.0,736.0,743.0,758.0,760.0,780.0,781.0,791.0,791.0,796.0,818.0,821.0,824.0,832.0,871.0,887.0,894.0,901.0,904.0,925.0,925.0,925.0,948.0,977.0,982.0,
15.0,57.0,148.0,180.0,191.0,205.0,270.0,319.0,363.0,405.0,407.0,458.0,460.0,501.0,513.0,530.0,535.0,542.0,555.0,562.0,590.0,606.0,650.0,669.0,701.0,702.0,745.0,767.0,781.0,799.0,800.0,811.0,823.0,831.0,846.0,887.0,956.0,984.0,992.0,999.0,
53.0,62.0,67.0,75.0,87.0,96.0,165.0,167.0,236.0,246.0,246.0,297.0,310.0,315.0,321.0,341.0,378.0,392.0,399.0,426.0,450.0,484.0,490.0,507.0,528.0,530.0,539.0,565.0,606.0,614.0,622.0,692.0,699.0,762.0,898.0,960.0,984.0,
2.0,2.0,28.0,86.0,99.0,102.0,116.0,180.0,190.0,214.0,329.0,336.0,386.0,388.0,406.0,411.0,428.0,473.0,503.0,528.0,535.0,536.0,569.0,583.0,745.0,756.0,810.0,834.0,845.0,853.0,897.0,923.0,926.0,931.0,942.0,944.0,949.0,965.0,
38.0,44.0,77.0,83.0,130.0,183.0,183.0,202.0,208.0,229.0,263.0,282.0,334.0,367.0,416.0,421.0,433.0,434.0,438.0,441.0,470.0,521.0,533.0,534.0,551.0,553.0,580.0,628.0,629.0,634.0,649.0,656.0,663.0,673.0,685.0,692.0,722.0,731.0,813.0,837.0,905.0,935.0,985.0,
39.0,43.0,72.0,86.0,114.0,147.0,160.0,191.0,216.0,225.0,236.0,245.0,254.0,268.0,336.0,347.0,355.0,365.0,377.0,397.0,422.0,434.0,437.0,480.0,516.0,518.0,521.0,521.0,524.0,534.0,535.0,537.0,539.0,551.0,561.0,564.0,564.0,576.0,590.0,595.0,602.0,602.0,605.0,614.0,619.0,624.0,638.0,640.0,648.0,654.0,662.0,705.0,714.0,734.0,741.0,741.0,754.0,757.0,759.0,786.0,792.0,800.0,812.0,816.0,829.0,838.0,851.0,882.0,892.0,892.0,916.0,916.0,925.0,936.0,976.0,991.0,
8.0,14.0,26.0,70.0,83.0,110.0,123.0,133.0,166.0,201.0,215.0,234.0,237.0,341.0,349.0,364.0,419.0,461.0,462.0,468.0,476.0,488.0,491.0,515.0,517.0,528.0,539.0,542.0,546.0,547.0,547.0,550.0,554.0,557.0,561.0,574.0,574.0,577.0,578.0,584.0,595.0,600.0,609.0,611.0,619.0,625.0,633.0,636.0,647.0,663.0,667.0,668.0,679.0,681.0,715.0,731.0,731.0,734.0,742.0,746.0,757.0,759.0,770.0,773.0,774.0,776.0,786.0,810.0,839.0,844.0,860.0,883.0,885.0,919.0,952.0,963.0,
73.0,92.0,116.0,116.0,262.0,275.0,318.0,333.0,337.0,351.0,354.0,359.0,383.0,468.0,524.0,533.0,539.0,539.0,539.0,540.0,542.0,549.0,559.0,564.0,571.0,571.0,573.0,587.0,595.0,615.0,617.0,634.0,657.0,679.0,683.0,711.0,722.0,733.0,735.0,735.0,738.0,759.0,797.0,883.0,901.0,905.0,929.0,945.0,947.0,977.0,983.0,999.0,
9.0,20.0,53.0,141.0,160.0,210.0,234.0,236.0,256.0,330.0,349.0,377.0,390.0,401.0,414.0,447.0,450.0,486.0,509.0,518.0,532.0,538.0,545.0,551.0,568.0,571.0,583.0,585.0,586.0,590.0,592.0,594.0,600.0,601.0,613.0,614.0,619.0,652.0,653.0,694.0,704.0,715.0,722.0,733.0,743.0,750.0,802.0,819.0,853.0,857.0,877.0,890.0,900.0,945.0,956.0,958.0,974.0,977.0,
36.0,56.0,77.0,121.0,158.0,179.0,192.0,211.0,231.0,236.0,266.0,268.0,276.0,286.0,306.0,323.0,337.0,346.0,361.0,385.0,389.0,415.0,421.0,430.0,432.0,434.0,436.0,518.0,544.0,548.0,552.0,566.0,569.0,575.0,576.0,581.0,584.0,585.0,590.0,600.0,604.0,607.0,609.0,611.0,622.0,626.0,627.0,628.0,633.0,689.0,745.0,750.0,775.0,804.0,832.0,839.0,840.0,859.0,883.0,905.0,928.0,941.0,962.0,968.0,984.0,
4.0,84.0,86.0,105.0,132.0,135.0,138.0,143.0,162.0,179.0,238.0,337.0,350.0,384.0,392.0,427.0,477.0,518.0,518.0,527.0,529.0,530.0,531.0,537.0,538.0,541.0,558.0,566.0,566.0,579.0,582.0,584.0,591.0,599.0,600.0,605.0,621.0,623.0,624.0,627.0,632.0,635.0,636.0,643.0,643.0,644.0,656.0,666.0,668.0,669.0,671.0,673.0,680.0,681.0,681.0,714.0,721.0,727.0,736.0,764.0,799.0,828.0,855.0,865.0,874.0,902.0,905.0,913.0,913.0,930.0,932.0,972.0,984.0,
8.0,18.0,68.0,73.0,188.0,195.0,203.0,276.0,300.0,307.0,349.0,369.0,421.0,443.0,501.0,522.0,532.0,537.0,538.0,541.0,543.0,545.0,547.0,549.0,550.0,552.0,552.0,553.0,560.0,564.0,570.0,573.0,575.0,577.0,578.0,604.0,604.0,605.0,624.0,633.0,650.0,656.0,678.0,681.0,686.0,693.0,704.0,705.0,730.0,779.0,792.0,804.0,808.0,824.0,849.0,858.0,866.0,867.0,873.0,884.0,885.0,889.0,893.0,904.0,905.0,915.0,922.0,936.0,940.0,968.0,977.0,
20.0,49.0,80.0,91.0,108.0,129.0,158.0,175.0,209.0,294.0,311.0,351.0,373.0,430.0,457.0,461.0,470.0,492.0,509.0,528.0,547.0,574.0,616.0,660.0,664.0,689.0,762.0,764.0,783.0,790.0,796.0,835.0,837.0,862.0,953.0,
15.0,29.0,39.0,51.0,56.0,71.0,76.0,100.0,113.0,118.0,208.0,220.0,273.0,276.0,334.0,339.0,342.0,351.0,376.0,380.0,396.0,425.0,442.0,471.0,473.0,481.0,481.0,535.0,553.0,612.0,619.0,649.0,752.0,774.0,905.0,940.0,950.0,950.0,987.0,
57.0,120.0,178.0,190.0,210.0,283.0,290.0,290.0,364.0,390.0,467.0,474.0,499.0,550.0,555.0,572.0,582.0,593.0,595.0,602.0,608.0,621.0,648.0,653.0,654.0,656.0,667.0,667.0,685.0,701.0,705.0,719.0,741.0,744.0,761.0,839.0,844.0,846.0,854.0,899.0,980.0,981.0,990.0,
69.0,114.0,121.0,121.0,163.0,168.0,210.0,226.0,231.0,236.0,243.0,266.0,365.0,380.0,389.0,404.0,409.0,443.0,456.0,509.0,522.0,527.0,531.0,540.0,542.0,555.0,576.0,579.0,591.0,594.0,597.0,602.0,620.0,631.0,635.0,643.0,656.0,680.0,703.0,720.0,744.0,751.0,752.0,758.0,773.0,779.0,792.0,812.0,834.0,836.0,849.0,918.0,926.0,965.0,986.0,
9.0,16.0,43.0,95.0,138.0,240.0,268.0,291.0,298.0,327.0,412.0,508.0,514.0,518.0,520.0,525.0,535.0,535.0,536.0,541.0,548.0,549.0,552.0,559.0,584.0,587.0,595.0,598.0,610.0,616.0,619.0,622.0,624.0,624.0,625.0,625.0,629.0,665.0,668.0,700.0,702.0,708.0,712.0,712.0,734.0,756.0,766.0,771.0,772.0,774.0,790.0,793.0,796.0,797.0,800.0,843.0,876.0,902.0,910.0,924.0,933.0,940.0,967.0,975.0,
25.0,37.0,89.0,101.0,166.0,191.0,202.0,237.0,305.0,319.0,342.0,424.0,432.0,511.0,514.0,519.0,523.0,524.0,525.0,530.0,535.0,544.0,548.0,552.0,554.0,558.0,564.0,567.0,567.0,568.0,571.0,572.0,574.0,599.0,608.0,624.0,625.0,630.0,631.0,651.0,656.0,660.0,678.0,683.0,689.0,770.0,778.0,791.0,802.0,817.0,824.0,835.0,853.0,859.0,877.0,880.0,885.0,891.0,897.0,921.0,942.0,960.0,964.0,990.0,
27.0,92.0,93.0,98.0,138.0,140.0,144.0,147.0,172.0,197.0,213.0,268.0,274.0,275.0,285.0,391.0,403.0,417.0,482.0,498.0,500.0,522.0,527.0,530.0,530.0,532.0,536.0,538.0,539.0,544.0,548.0,550.0,552.0,555.0,557.0,558.0,564.0,578.0,582.0,587.0,589.0,597.0,612.0,623.0,624.0,660.0,664.0,675.0,705.0,713.0,716.0,716.0,729.0,735.0,760.0,781.0,796.0,818.0,824.0,836.0,851.0,912.0,912.0,924.0,931.0,956.0,994.0,
46.0,79.0,81.0,93.0,130.0,142.0,230.0,238.0,279.0,331.0,349.0,399.0,417.0,490.0,522.0,525.0,532.0,534.0,537.0,543.0,545.0,547.0,551.0,553.0,558.0,565.0,574.0,583.0,584.0,587.0,590.0,592.0,603.0,603.0,608.0,615.0,626.0,629.0,632.0,635.0,676.0,679.0,692.0,696.0,717.0,766.0,785.0,833.0,836.0,841.0,852.0,910.0,936.0,950.0,969.0,984.0,
18.0,57.0,61.0,93.0,105.0,183.0,287.0,316.0,326.0,341.0,363.0,370.0,409.0,440.0,471.0,522.0,535.0,536.0,543.0,559.0,559.0,569.0,573.0,578.0,585.0,586.0,590.0,604.0,618.0,620.0,621.0,623.0,626.0,639.0,651.0,651.0,654.0,669.0,681.0,689.0,695.0,708.0,728.0,806.0,811.0,815.0,831.0,865.0,894.0,900.0,902.0,907.0,919.0,954.0,964.0,983.0,985.0,
14.0,22.0,52.0,114.0,115.0,115.0,115.0,179.0,199.0,251.0,267.0,273.0,362.0,406.0,407.0,451.0,517.0,518.0,523.0,526.0,532.0,535.0,536.0,539.0,549.0,551.0,569.0,574.0,579.0,585.0,599.0,604.0,604.0,604.0,606.0,607.0,616.0,630.0,636.0,643.0,652.0,654.0,654.0,658.0,677.0,679.0,680.0,706.0,716.0,718.0,723.0,724.0,737.0,757.0,767.0,770.0,774.0,775.0,782.0,819.0,854.0,865.0,890.0,891.0,894.0,895.0,904.0,912.0,920.0,925.0,925.0,938.0,962.0,975.0,998.0,
20.0,24.0,31.0,54.0,69.0,100.0,108.0,109.0,146.0,189.0,196.0,225.0,274.0,299.0,379.0,380.0,394.0,412.0,426.0,461.0,518.0,523.0,535.0,539.0,545.0,549.0,555.0,565.0,573.0,577.0,578.0,585.0,592.0,594.0,656.0,694.0,734.0,751.0,800.0,859.0,861.0,881.0,919.0,944.0,966.0,972.0,
4.0,5.0,8.0,10.0,64.0,80.0,87.0,120.0,161.0,291.0,292.0,311.0,320.0,326.0,331.0,354.0,398.0,441.0,452.0,452.0,474.0,490.0,511.0,511.0,596.0,693.0,699.0,737.0,806.0,807.0,914.0,930.0,936.0,951.0,
10.0,14.0,102.0,106.0,107.0,126.0,153.0,185.0,212.0,241.0,252.0,262.0,310.0,317.0,318.0,323.0,334.0,349.0,355.0,380.0,408.0,448.0,466.0,521.0,524.0,537.0,546.0,556.0,558.0,566.0,579.0,587.0,616.0,627.0,646.0,656.0,665.0,668.0,684.0,685.0,689.0,691.0,730.0,762.0,767.0,774.0,795.0,808.0,810.0,815.0,815.0,831.0,836.0,862.0,869.0,874.0,889.0,892.0,898.0,902.0,906.0,915.0,926.0,942.0,977.0,993.0,
69.0,70.0,96.0,103.0,115.0,119.0,121.0,134.0,188.0,194.0,233.0,297.0,334.0,377.0,385.0,412.0,470.0,495.0,513.0,519.0,523.0,536.0,539.0,545.0,558.0,560.0,564.0,577.0,584.0,597.0,600.0,601.0,604.0,607.0,612.0,620.0,647.0,662.0,662.0,664.0,665.0,677.0,685.0,688.0,713.0,724.0,750.0,751.0,761.0,761.0,791.0,801.0,802.0,805.0,815.0,824.0,839.0,852.0,883.0,897.0,902.0,907.0,911.0,936.0,957.0,970.0,987.0,997.0,
16.0,22.0,81.0,92.0,123.0,134.0,181.0,190.0,224.0,228.0,261.0,264.0,270.0,365.0,375.0,396.0,453.0,490.0,501.0,526.0,527.0,533.0,542.0,545.0,556.0,562.0,564.0,567.0,575.0,585.0,587.0,597.0,613.0,670.0,681.0,692.0,722.0,735.0,742.0,746.0,755.0,762.0,764.0,773.0,774.0,794.0,825.0,852.0,875.0,895.0,926.0,938.0,980.0,
19.0,26.0,30.0,65.0,84.0,95.0,122.0,131.0,147.0,167.0,169.0,201.0,257.0,307.0,318.0,323.0,398.0,455.0,481.0,484.0,513.0,514.0,528.0,529.0,531.0,532.0,549.0,560.0,569.0,576.0,595.0,600.0,600.0,603.0,612.0,613.0,621.0,632.0,632.0,645.0,650.0,653.0,659.0,663.0,666.0,675.0,691.0,697.0,700.0,706.0,713.0,758.0,762.0,786.0,794.0,808.0,844.0,846.0,867.0,884.0,953.0,963.0,
23.0,51.0,72.0,138.0,164.0,171.0,202.0,212.0,219.0,223.0,246.0,265.0,273.0,292.0,311.0,393.0,396.0,484.0,511.0,521.0,529.0,532.0,534.0,534.0,540.0,541.0,541.0,546.0,547.0,547.0,548.0,552.0,568.0,574.0,576.0,581.0,590.0,605.0,610.0,625.0,625.0,635.0,637.0,638.0,669.0,671.0,677.0,702.0,712.0,715.0,728.0,732.0,739.0,742.0,778.0,780.0,799.0,800.0,804.0,830.0,841.0,878.0,879.0,892.0,897.0,898.0,924.0,927.0,948.0,971.0,
8.0,10.0,25.0,68.0,119.0,120.0,179.0,209.0,262.0,277.0,308.0,328.0,385.0,429.0,433.0,452.0,462.0,476.0,482.0,488.0,517.0,526.0,529.0,533.0,535.0,536.0,540.0,543.0,546.0,551.0,554.0,559.0,563.0,569.0,597.0,608.0,649.0,661.0,663.0,670.0,671.0,682.0,684.0,705.0,726.0,744.0,769.0,800.0,825.0,843.0,884.0,890.0,914.0,972.0,979.0,
85.0,102.0,118.0,144.0,199.0,210.0,210.0,258.0,258.0,274.0,298.0,356.0,381.0,389.0,405.0,421.0,441.0,447.0,465.0,503.0,521.0,532.0,538.0,538.0,540.0,549.0,557.0,561.0,565.0,568.0,570.0,580.0,581.0,582.0,585.0,590.0,591.0,594.0,599.0,607.0,613.0,619.0,621.0,629.0,644.0,650.0,654.0,675.0,677.0,723.0,743.0,782.0,797.0,812.0,812.0,829.0,834.0,850.0,852.0,872.0,896.0,910.0,918.0,934.0,937.0,940.0,941.0,956.0,956.0,985.0,987.0,997.0,
46.0,77.0,124.0,126.0,153.0,203.0,245.0,256.0,276.0,283.0,324.0,333.0,364.0,391.0,412.0,436.0,440.0,488.0,517.0,530.0,533.0,538.0,544.0,552.0,558.0,558.0,565.0,566.0,569.0,570.0,593.0,594.0,596.0,602.0,603.0,604.0,612.0,612.0,647.0,658.0,687.0,691.0,693.0,704.0,706.0,715.0,722.0,736.0,742.0,750.0,750.0,753.0,768.0,773.0,779.0,801.0,806.0,823.0,838.0,863.0,865.0,870.0,875.0,891.0,906.0,958.0,983.0,993.0,998.0,
3.0,41.0,119.0,120.0,128.0,136.0,165.0,169.0,171.0,182.0,227.0,229.0,262.0,272.0,291.0,293.0,302.0,340.0,385.0,427.0,438.0,476.0,496.0,499.0,500.0,505.0,523.0,526.0,530.0,542.0,543.0,552.0,561.0,564.0,569.0,597.0,599.0,608.0,611.0,621.0,625.0,637.0,649.0,658.0,660.0,700.0,711.0,713.0,715.0,722.0,724.0,746.0,794.0,802.0,804.0,806.0,813.0,818.0,827.0,844.0,851.0,897.0,912.0,922.0,934.0,958.0,991.0,
28.0,33.0,43.0,57.0,76.0,81.0,90.0,121.0,133.0,168.0,216.0,240.0,242.0,252.0,286.0,321.0,348.0,373.0,404.0,473.0,492.0,518.0,523.0,531.0,570.0,591.0,604.0,645.0,650.0,674.0,689.0,723.0,746.0,795.0,835.0,986.0,992.0,
2.0,5.0,24.0,40.0,99.0,124.0,197.0,238.0,250.0,266.0,370.0,379.0,406.0,476.0,538.0,539.0,542.0,544.0,545.0,556.0,565.0,565.0,569.0,588.0,596.0,612.0,633.0,649.0,659.0,675.0,712.0,786.0,842.0,849.0,857.0,858.0,895.0,918.0,930.0,989.0,994.0,1000.0,
53.0,88.0,101.0,105.0,125.0,158.0,168.0,173.0,197.0,226.0,232.0,253.0,258.0,264.0,286.0,303.0,357.0,382.0,391.0,442.0,445.0,501.0,502.0,524.0,524.0,527.0,528.0,535.0,536.0,537.0,538.0,554.0,560.0,561.0,574.0,581.0,582.0,585.0,595.0,598.0,611.0,623.0,623.0,633.0,633.0,636.0,638.0,640.0,655.0,658.0,659.0,680.0,682.0,684.0,691.0,707.0,721.0,722.0,768.0,799.0,804.0,805.0,808.0,814.0,820.0,855.0,863.0,914.0,929.0,934.0,937.0,937.0,948.0,984.0,
29.0,92.0,93.0,94.0,106.0,132.0,143.0,263.0,280.0,329.0,333.0,344.0,356.0,367.0,384.0,499.0,514.0,515.0,520.0,531.0,533.0,534.0,542.0,547.0,551.0,552.0,557.0,561.0,566.0,568.0,572.0,578.0,584.0,589.0,593.0,609.0,625.0,646.0,650.0,650.0,654.0,677.0,679.0,682.0,683.0,700.0,707.0,718.0,725.0,743.0,771.0,848.0,848.0,869.0,896.0,904.0,920.0,923.0,925.0,953.0,954.0,989.0,997.0,
27.0,32.0,69.0,74.0,100.0,114.0,168.0,179.0,190.0,197.0,198.0,202.0,211.0,222.0,238.0,259.0,275.0,279.0,321.0,329.0,347.0,353.0,407.0,409.0,432.0,453.0,514.0,523.0,528.0,532.0,552.0,557.0,561.0,561.0,563.0,572.0,579.0,585.0,595.0,611.0,614.0,624.0,629.0,632.0,644.0,650.0,664.0,666.0,672.0,676.0,677.0,690.0,698.0,699.0,716.0,719.0,729.0,729.0,745.0,764.0,765.0,768.0,794.0,818.0,818.0,819.0,826.0,833.0,833.0,853.0,871.0,873.0,884.0,903.0,905.0,914.0,935.0,964.0,970.0,972.0,985.0,
54.0,214.0,271.0,311.0,348.0,351.0,367.0,380.0,389.0,408.0,451.0,474.0,515.0,518.0,526.0,528.0,531.0,536.0,537.0,546.0,555.0,563.0,563.0,567.0,571.0,573.0,576.0,577.0,581.0,584.0,585.0,607.0,619.0,627.0,633.0,634.0,639.0,645.0,651.0,655.0,657.0,670.0,676.0,680.0,684.0,709.0,710.0,711.0,741.0,768.0,770.0,802.0,810.0,822.0,857.0,878.0,878.0,897.0,986.0,995.0,
29.0,54.0,75.0,85.0,110.0,156.0,187.0,194.0,215.0,243.0,248.0,355.0,373.0,374.0,379.0,399.0,419.0,425.0,460.0,466.0,483.0,530.0,531.0,540.0,550.0,553.0,554.0,557.0,559.0,568.0,582.0,587.0,591.0,595.0,595.0,597.0,597.0,601.0,602.0,604.0,605.0,606.0,607.0,630.0,635.0,637.0,641.0,650.0,661.0,663.0,666.0,667.0,680.0,697.0,721.0,721.0,732.0,735.0,741.0,742.0,748.0,760.0,763.0,766.0,772.0,780.0,804.0,819.0,867.0,870.0,873.0,888.0,893.0,902.0,902.0,931.0,942.0,967.0,993.0,
3.0,7.0,12.0,50.0,122.0,124.0,126.0,138.0,161.0,198.0,208.0,220.0,266.0,275.0,306.0,329.0,333.0,339.0,343.0,346.0,395.0,407.0,427.0,503.0,516.0,517.0,525.0,534.0,536.0,537.0,541.0,543.0,544.0,545.0,546.0,550.0,550.0,558.0,559.0,559.0,562.0,566.0,566.0,576.0,577.0,600.0,619.0,625.0,626.0,632.0,633.0,636.0,660.0,667.0,671.0,714.0,721.0,749.0,752.0,757.0,787.0,788.0,790.0,820.0,829.0,851.0,857.0,874.0,885.0,903.0,909.0,948.0,962.0,989.0,992.0,
20.0,37.0,42.0,58.0,78.0,85.0,100.0,115.0,183.0,216.0,224.0,232.0,256.0,306.0,318.0,319.0,319.0,343.0,344.0,347.0,382.0,423.0,478.0,515.0,534.0,534.0,534.0,538.0,539.0,547.0,549.0,552.0,552.0,557.0,558.0,567.0,568.0,573.0,584.0,586.0,594.0,597.0,600.0,604.0,608.0,612.0,629.0,664.0,675.0,682.0,708.0,724.0,727.0,729.0,740.0,796.0,803.0,830.0,845.0,846.0,854.0,854.0,863.0,867.0,869.0,869.0,884.0,885.0,886.0,894.0,932.0,938.0,943.0,959.0,965.0,986.0,990.0,
16.0,19.0,26.0,29.0,40.0,64.0,69.0,75.0,75.0,88.0,120.0,166.0,191.0,198.0,206.0,222.0,233.0,233.0,270.0,272.0,276.0,292.0,326.0,338.0,397.0,423.0,485.0,491.0,500.0,518.0,519.0,530.0,539.0,541.0,566.0,570.0,585.0,589.0,590.0,594.0,623.0,642.0,642.0,649.0,687.0,704.0,757.0,799.0,819.0,820.0,823.0,823.0,830.0,861.0,868.0,887.0,940.0,949.0,952.0,971.0,993.0,
12.0,25.0,67.0,123.0,139.0,148.0,167.0,182.0,195.0,198.0,210.0,217.0,233.0,238.0,257.0,336.0,343.0,385.0,389.0,441.0,480.0,499.0,506.0,509.0,561.0,575.0,628.0,669.0,686.0,697.0,747.0,756.0,765.0,795.0,802.0,874.0,907.0,951.0,979.0,997.0,
20.0,90.0,144.0,170.0,181.0,204.0,228.0,228.0,246.0,265.0,281.0,285.0,335.0,338.0,372.0,387.0,403.0,416.0,432.0,471.0,480.0,519.0,525.0,551.0,558.0,595.0,614.0,646.0,685.0,695.0,696.0,704.0,715.0,739.0,763.0,779.0,810.0,875.0,882.0,891.0,913.0,928.0,948.0,970.0,980.0,
91.0,157.0,250.0,262.0,307.0,310.0,313.0,334.0,336.0,511.0,529.0,529.0,530.0,531.0,538.0,542.0,545.0,553.0,553.0,554.0,566.0,568.0,569.0,572.0,590.0,592.0,593.0,601.0,623.0,650.0,661.0,667.0,675.0,684.0,684.0,691.0,713.0,736.0,740.0,745.0,761.0,761.0,775.0,788.0,813.0,816.0,851.0,863.0,898.0,909.0,922.0,927.0,946.0,949.0,974.0,982.0,
44.0,46.0,87.0,110.0,113.0,125.0,169.0,178.0,193.0,209.0,218.0,369.0,399.0,409.0,420.0,428.0,484.0,490.0,493.0,513.0,528.0,529.0,544.0,548.0,549.0,549.0,551.0,552.0,558.0,566.0,569.0,589.0,593.0,593.0,601.0,603.0,616.0,621.0,626.0,635.0,636.0,637.0,646.0,651.0,652.0,663.0,670.0,693.0,695.0,712.0,735.0,744.0,763.0,773.0,801.0,827.0,841.0,852.0,860.0,873.0,873.0,904.0,967.0,967.0,969.0,995.0,996.0,
4.0,22.0,30.0,46.0,46.0,115.0,179.0,210.0,307.0,348.0,355.0,396.0,430.0,507.0,521.0,531.0,544.0,549.0,551.0,555.0,557.0,557.0,558.0,566.0,569.0,583.0,592.0,592.0,594.0,598.0,602.0,607.0,609.0,609.0,615.0,624.0,640.0,654.0,663.0,680.0,681.0,686.0,686.0,695.0,716.0,752.0,753.0,784.0,808.0,819.0,821.0,824.0,840.0,859.0,860.0,865.0,886.0,886.0,910.0,921.0,934.0,942.0,
18.0,57.0,130.0,151.0,160.0,172.0,212.0,242.0,249.0,256.0,284.0,320.0,320.0,406.0,415.0,424.0,427.0,448.0,451.0,479.0,508.0,516.0,520.0,521.0,523.0,525.0,526.0,529.0,531.0,550.0,550.0,552.0,555.0,560.0,562.0,562.0,567.0,575.0,581.0,587.0,588.0,590.0,595.0,595.0,606.0,608.0,615.0,623.0,636.0,640.0,643.0,652.0,652.0,668.0,694.0,698.0,714.0,734.0,735.0,750.0,766.0,775.0,791.0,796.0,814.0,815.0,826.0,837.0,846.0,870.0,878.0,891.0,892.0,908.0,932.0,964.0,981.0,988.0,997.0,
3.0,41.0,124.0,192.0,213.0,214.0,237.0,283.0,346.0,352.0,353.0,407.0,412.0,424.0,487.0,512.0,523.0,528.0,530.0,534.0,540.0,541.0,554.0,555.0,569.0,575.0,580.0,583.0,587.0,600.0,602.0,647.0,648.0,660.0,662.0,672.0,674.0,733.0,742.0,751.0,755.0,801.0,860.0,871.0,877.0,882.0,896.0,899.0,928.0,958.0,
39.0,59.0,109.0,151.0,159.0,188.0,282.0,314.0,320.0,408.0,446.0,451.0,457.0,477.0,481.0,482.0,521.0,528.0,533.0,541.0,543.0,544.0,549.0,551.0,559.0,570.0,576.0,579.0,589.0,591.0,596.0,607.0,608.0,610.0,612.0,618.0,621.0,638.0,640.0,640.0,643.0,660.0,694.0,699.0,700.0,743.0,746.0,752.0,752.0,764.0,767.0,780.0,782.0,798.0,799.0,807.0,824.0,829.0,832.0,872.0,921.0,930.0,944.0,947.0,949.0,973.0,977.0,981.0,984.0,984.0,
59.0,109.0,154.0,196.0,220.0,222.0,242.0,282.0,329.0,348.0,425.0,436.0,455.0,515.0,517.0,518.0,528.0,534.0,539.0,548.0,548.0,551.0,564.0,565.0,566.0,569.0,570.0,587.0,590.0,591.0,592.0,594.0,605.0,613.0,624.0,661.0,668.0,677.0,690.0,705.0,713.0,737.0,742.0,750.0,752.0,758.0,759.0,766.0,772.0,780.0,781.0,807.0,808.0,809.0,812.0,842.0,848.0,861.0,873.0,903.0,912.0,928.0,930.0,943.0,946.0,954.0,964.0,971.0,977.0,980.0,981.0,986.0,988.0,993.0,
39.0,40.0,42.0,68.0,74.0,95.0,103.0,153.0,160.0,204.0,213.0,216.0,223.0,229.0,309.0,356.0,385.0,387.0,403.0,431.0,522.0,522.0,576.0,641.0,652.0,675.0,675.0,682.0,703.0,776.0,813.0,877.0,878.0,878.0,892.0,918.0,981.0,
15.0,32.0,63.0,75.0,75.0,88.0,98.0,242.0,270.0,315.0,352.0,354.0,381.0,399.0,414.0,415.0,431.0,517.0,543.0,572.0,616.0,627.0,647.0,764.0,772.0,802.0,810.0,816.0,819.0,827.0,840.0,844.0,866.0,872.0,887.0,
18.0,67.0,75.0,104.0,160.0,207.0,211.0,231.0,238.0,243.0,251.0,286.0,306.0,326.0,332.0,445.0,496.0,731.0,780.0,822.0,904.0,916.0,917.0,920.0,936.0,976.0,
9.0,46.0,123.0,213.0,215.0,265.0,277.0,294.0,327.0,360.0,395.0,404.0,477.0,496.0,523.0,525.0,526.0,531.0,546.0,564.0,573.0,587.0,589.0,590.0,592.0,595.0,597.0,608.0,612.0,616.0,618.0,677.0,684.0,693.0,696.0,737.0,757.0,760.0,790.0,813.0,879.0,881.0,895.0,896.0,898.0,902.0,935.0,941.0,943.0,944.0,1000.0,
21.0,26.0,79.0,100.0,102.0,121.0,176.0,298.0,367.0,439.0,453.0,478.0,481.0,490.0,523.0,530.0,535.0,538.0,538.0,545.0,548.0,564.0,569.0,572.0,575.0,587.0,590.0,592.0,597.0,598.0,605.0,616.0,617.0,626.0,629.0,633.0,636.0,641.0,650.0,656.0,658.0,658.0,690.0,693.0,703.0,703.0,715.0,723.0,729.0,740.0,750.0,775.0,788.0,792.0,795.0,795.0,796.0,798.0,805.0,805.0,810.0,826.0,836.0,839.0,850.0,851.0,866.0,867.0,867.0,868.0,872.0,886.0,906.0,916.0,959.0,961.0,972.0,984.0,992.0,
44.0,83.0,97.0,114.0,151.0,162.0,194.0,223.0,274.0,282.0,291.0,325.0,330.0,339.0,343.0,426.0,511.0,521.0,526.0,527.0,528.0,532.0,533.0,533.0,545.0,545.0,547.0,552.0,557.0,559.0,560.0,563.0,565.0,567.0,568.0,573.0,575.0,578.0,590.0,595.0,613.0,616.0,631.0,632.0,673.0,679.0,683.0,723.0,734.0,736.0,743.0,744.0,808.0,854.0,854.0,868.0,872.0,872.0,894.0,897.0,910.0,913.0,929.0,938.0,950.0,956.0,984.0,989.0,990.0,
15.0,42.0,48.0,63.0,156.0,162.0,210.0,236.0,257.0,287.0,310.0,347.0,363.0,364.0,374.0,386.0,402.0,414.0,438.0,439.0,441.0,462.0,462.0,477.0,479.0,487.0,488.0,492.0,502.0,511.0,515.0,521.0,527.0,529.0,532.0,533.0,538.0,539.0,545.0,547.0,548.0,554.0,554.0,561.0,562.0,571.0,572.0,574.0,576.0,584.0,586.0,588.0,593.0,597.0,597.0,603.0,611.0,616.0,622.0,642.0,648.0,652.0,659.0,677.0,686.0,710.0,728.0,730.0,758.0,762.0,774.0,779.0,782.0,788.0,828.0,840.0,851.0,907.0,913.0,930.0,940.0,941.0,946.0,948.0,949.0,951.0,952.0,
17.0,177.0,205.0,269.0,308.0,339.0,385.0,395.0,403.0,439.0,446.0,489.0,519.0,525.0,533.0,535.0,539.0,545.0,549.0,559.0,565.0,569.0,570.0,572.0,575.0,581.0,586.0,587.0,587.0,609.0,629.0,646.0,647.0,648.0,659.0,671.0,679.0,684.0,704.0,704.0,708.0,713.0,715.0,725.0,761.0,770.0,786.0,799.0,802.0,805.0,836.0,850.0,856.0,934.0,935.0,937.0,958.0,961.0,962.0,968.0,973.0,975.0,
8.0,130.0,133.0,135.0,169.0,199.0,219.0,226.0,229.0,230.0,371.0,375.0,382.0,413.0,424.0,459.0,498.0,499.0,502.0,510.0,518.0,519.0,519.0,520.0,532.0,535.0,536.0,538.0,540.0,547.0,549.0,550.0,557.0,560.0,568.0,574.0,592.0,593.0,601.0,601.0,608.0,610.0,612.0,621.0,624.0,627.0,638.0,664.0,682.0,704.0,711.0,725.0,728.0,767.0,786.0,799.0,823.0,828.0,830.0,839.0,850.0,856.0,856.0,887.0,892.0,898.0,968.0,971.0,981.0,
23.0,58.0,86.0,88.0,88.0,189.0,275.0,299.0,310.0,326.0,340.0,350.0,392.0,471.0,476.0,500.0,501.0,503.0,531.0,534.0,535.0,545.0,547.0,553.0,555.0,559.0,565.0,588.0,596.0,609.0,639.0,654.0,676.0,677.0,688.0,696.0,696.0,719.0,721.0,767.0,824.0,857.0,880.0,905.0,971.0,
58.0,81.0,115.0,137.0,152.0,157.0,160.0,207.0,243.0,246.0,252.0,286.0,312.0,327.0,328.0,329.0,354.0,382.0,404.0,411.0,428.0,433.0,537.0,546.0,578.0,683.0,698.0,726.0,735.0,759.0,767.0,785.0,879.0,954.0,
26.0,43.0,51.0,57.0,131.0,148.0,157.0,237.0,243.0,283.0,307.0,341.0,359.0,386.0,424.0,438.0,463.0,466.0,477.0,477.0,529.0,536.0,587.0,591.0,595.0,622.0,623.0,660.0,687.0,698.0,774.0,813.0,834.0,854.0,855.0,884.0,900.0,924.0,944.0,958.0,969.0,
96.0,159.0,182.0,184.0,201.0,216.0,270.0,281.0,345.0,394.0,404.0,439.0,447.0,472.0,473.0,475.0,475.0,491.0,503.0,511.0,529.0,569.0,609.0,739.0,753.0,788.0,809.0,811.0,829.0,928.0,981.0,
20.0,45.0,157.0,174.0,189.0,229.0,240.0,252.0,258.0,266.0,280.0,325.0,326.0,373.0,417.0,452.0,521.0,534.0,545.0,564.0,575.0,596.0,622.0,631.0,651.0,709.0,789.0,801.0,803.0,813.0,854.0,868.0,870.0,988.0,992.0,
30.0,89.0,163.0,188.0,230.0,243.0,248.0,251.0,266.0,268.0,269.0,285.0,291.0,292.0,303.0,327.0,366.0,374.0,378.0,385.0,386.0,420.0,433.0,437.0,441.0,479.0,537.0,543.0,549.0,557.0,559.0,593.0,606.0,608.0,623.0,637.0,708.0,712.0,744.0,807.0,814.0,860.0,975.0,976.0,
21.0,29.0,50.0,198.0,223.0,271.0,280.0,296.0,357.0,412.0,449.0,451.0,456.0,475.0,513.0,515.0,528.0,535.0,541.0,542.0,549.0,550.0,557.0,581.0,595.0,601.0,622.0,628.0,686.0,695.0,710.0,714.0,718.0,726.0,751.0,779.0,783.0,829.0,844.0,855.0,882.0,919.0,962.0,972.0,
4.0,10.0,48.0,58.0,75.0,101.0,125.0,128.0,158.0,168.0,199.0,212.0,223.0,236.0,254.0,273.0,302.0,314.0,322.0,324.0,369.0,374.0,433.0,448.0,488.0,506.0,518.0,523.0,524.0,526.0,581.0,585.0,609.0,627.0,664.0,673.0,703.0,730.0,734.0,741.0,777.0,810.0,826.0,859.0,892.0,925.0,950.0,957.0,973.0,990.0,
22.0,25.0,56.0,90.0,124.0,238.0,252.0,312.0,335.0,344.0,355.0,377.0,424.0,454.0,457.0,486.0,529.0,531.0,555.0,568.0,570.0,574.0,591.0,625.0,664.0,685.0,704.0,726.0,730.0,808.0,847.0,878.0,911.0,916.0,951.0,962.0,989.0,
2.0,8.0,14.0,82.0,94.0,106.0,175.0,196.0,258.0,321.0,328.0,380.0,492.0,537.0,544.0,562.0,599.0,611.0,618.0,637.0,658.0,675.0,705.0,720.0,729.0,761.0,795.0,847.0,891.0,898.0,907.0,953.0,
36.0,113.0,125.0,173.0,185.0,284.0,353.0,355.0,359.0,372.0,460.0,477.0,510.0,547.0,554.0,668.0,732.0,735.0,754.0,762.0,763.0,769.0,840.0,929.0,965.0,
11.0,16.0,43.0,47.0,67.0,153.0,164.0,169.0,196.0,207.0,245.0,281.0,283.0,292.0,312.0,379.0,399.0,433.0,459.0,460.0,475.0,514.0,521.0,589.0,670.0,737.0,756.0,782.0,905.0,960.0,962.0,966.0,983.0,
