35.0,36.0,77.0,123.0,131.0,154.0,182.0,197.0,274.0,275.0,283.0,296.0,301.0,303.0,319.0,369.0,384.0,435.0,491.0,495.0,545.0,583.0,606.0,613.0,666.0,715.0,763.0,860.0,908.0,967.0,985.0,999.0,
19.0,24.0,41.0,54.0,121.0,206.0,225.0,255.0,260.0,278.0,283.0,291.0,294.0,301.0,344.0,369.0,446.0,446.0,529.0,748.0,778.0,828.0,829.0,833.0,835.0,846.0,858.0,888.0,907.0,918.0,922.0,925.0,941.0,944.0,970.0,978.0,
29.0,31.0,61.0,76.0,77.0,78.0,95.0,142.0,183.0,185.0,208.0,226.0,305.0,325.0,359.0,362.0,408.0,412.0,450.0,486.0,488.0,544.0,565.0,603.0,607.0,680.0,696.0,701.0,764.0,787.0,819.0,838.0,854.0,856.0,857.0,907.0,921.0,
86.0,155.0,169.0,170.0,276.0,294.0,302.0,307.0,308.0,362.0,415.0,420.0,502.0,510.0,646.0,671.0,677.0,696.0,715.0,744.0,804.0,926.0,928.0,955.0,960.0,
7.0,22.0,36.0,99.0,122.0,131.0,141.0,160.0,161.0,174.0,181.0,188.0,189.0,189.0,263.0,294.0,296.0,307.0,312.0,320.0,374.0,392.0,393.0,403.0,509.0,520.0,523.0,531.0,554.0,622.0,622.0,643.0,663.0,692.0,708.0,799.0,800.0,881.0,907.0,913.0,935.0,959.0,977.0,989.0,
36.0,43.0,47.0,58.0,68.0,75.0,82.0,122.0,160.0,174.0,186.0,210.0,212.0,254.0,272.0,294.0,321.0,358.0,360.0,372.0,386.0,391.0,396.0,400.0,482.0,497.0,497.0,516.0,529.0,533.0,543.0,552.0,563.0,700.0,704.0,708.0,874.0,876.0,893.0,915.0,936.0,
5.0,47.0,56.0,59.0,60.0,69.0,97.0,102.0,167.0,178.0,212.0,230.0,242.0,282.0,403.0,433.0,470.0,471.0,520.0,604.0,623.0,641.0,710.0,829.0,838.0,861.0,869.0,893.0,912.0,
23.0,87.0,119.0,223.0,247.0,252.0,280.0,283.0,335.0,384.0,387.0,401.0,508.0,546.0,561.0,574.0,632.0,640.0,672.0,823.0,915.0,927.0,
68.0,92.0,142.0,146.0,166.0,169.0,176.0,181.0,197.0,209.0,220.0,230.0,262.0,262.0,311.0,328.0,394.0,421.0,448.0,492.0,519.0,523.0,565.0,621.0,666.0,758.0,800.0,840.0,908.0,957.0,967.0,984.0,994.0,998.0,
88.0,96.0,111.0,169.0,205.0,219.0,229.0,246.0,250.0,282.0,337.0,367.0,374.0,401.0,409.0,465.0,480.0,482.0,498.0,532.0,537.0,584.0,591.0,617.0,633.0,644.0,650.0,652.0,687.0,780.0,792.0,831.0,852.0,957.0,978.0,
6.0,15.0,57.0,69.0,89.0,95.0,115.0,136.0,194.0,233.0,254.0,287.0,295.0,298.0,309.0,319.0,329.0,352.0,354.0,377.0,468.0,539.0,564.0,598.0,602.0,636.0,646.0,648.0,653.0,671.0,675.0,689.0,699.0,700.0,711.0,713.0,722.0,726.0,752.0,761.0,776.0,779.0,820.0,845.0,867.0,902.0,907.0,908.0,936.0,955.0,
92.0,192.0,250.0,260.0,311.0,453.0,529.0,566.0,570.0,586.0,631.0,632.0,641.0,659.0,667.0,683.0,695.0,762.0,799.0,912.0,953.0,
16.0,38.0,75.0,108.0,188.0,198.0,214.0,219.0,261.0,263.0,277.0,288.0,313.0,365.0,372.0,374.0,395.0,410.0,453.0,457.0,472.0,483.0,528.0,550.0,609.0,644.0,663.0,687.0,716.0,761.0,762.0,764.0,806.0,834.0,845.0,942.0,
8.0,21.0,34.0,98.0,110.0,134.0,137.0,172.0,175.0,216.0,237.0,237.0,321.0,323.0,360.0,365.0,370.0,377.0,407.0,422.0,438.0,512.0,525.0,534.0,548.0,566.0,584.0,590.0,602.0,623.0,638.0,638.0,723.0,774.0,785.0,855.0,878.0,920.0,969.0,
74.0,78.0,93.0,106.0,116.0,165.0,237.0,261.0,299.0,304.0,311.0,339.0,356.0,361.0,410.0,432.0,434.0,444.0,453.0,481.0,514.0,514.0,515.0,520.0,520.0,522.0,539.0,557.0,565.0,569.0,572.0,590.0,601.0,634.0,634.0,642.0,649.0,654.0,697.0,725.0,731.0,745.0,746.0,802.0,824.0,832.0,835.0,837.0,838.0,939.0,941.0,951.0,972.0,978.0,
63.0,99.0,160.0,183.0,204.0,244.0,277.0,279.0,285.0,309.0,326.0,330.0,351.0,440.0,463.0,491.0,515.0,519.0,539.0,548.0,587.0,607.0,615.0,618.0,620.0,634.0,651.0,655.0,679.0,685.0,699.0,723.0,735.0,754.0,758.0,764.0,780.0,794.0,796.0,800.0,822.0,823.0,855.0,864.0,866.0,866.0,872.0,884.0,904.0,912.0,929.0,987.0,
47.0,53.0,58.0,80.0,156.0,202.0,268.0,307.0,350.0,358.0,461.0,469.0,474.0,475.0,484.0,499.0,513.0,523.0,530.0,530.0,535.0,553.0,555.0,555.0,596.0,597.0,615.0,623.0,666.0,677.0,692.0,699.0,719.0,737.0,755.0,762.0,777.0,781.0,791.0,802.0,811.0,830.0,839.0,892.0,915.0,944.0,947.0,951.0,957.0,968.0,
46.0,91.0,105.0,111.0,156.0,194.0,209.0,217.0,260.0,272.0,274.0,275.0,279.0,308.0,353.0,388.0,466.0,468.0,486.0,502.0,527.0,536.0,556.0,565.0,589.0,614.0,616.0,623.0,835.0,837.0,840.0,845.0,894.0,915.0,929.0,
78.0,116.0,116.0,137.0,138.0,140.0,160.0,168.0,178.0,199.0,213.0,229.0,300.0,325.0,342.0,353.0,381.0,386.0,459.0,478.0,494.0,499.0,546.0,554.0,584.0,675.0,698.0,725.0,833.0,833.0,837.0,871.0,933.0,959.0,
16.0,26.0,27.0,34.0,56.0,67.0,96.0,99.0,124.0,127.0,141.0,158.0,165.0,168.0,201.0,206.0,217.0,247.0,260.0,273.0,274.0,288.0,358.0,398.0,451.0,479.0,491.0,491.0,492.0,495.0,517.0,519.0,528.0,541.0,548.0,562.0,569.0,574.0,613.0,643.0,665.0,670.0,676.0,682.0,691.0,699.0,702.0,711.0,738.0,792.0,795.0,820.0,854.0,874.0,900.0,912.0,999.0,
115.0,148.0,161.0,163.0,248.0,302.0,306.0,324.0,376.0,432.0,488.0,506.0,549.0,561.0,563.0,565.0,607.0,617.0,631.0,655.0,670.0,760.0,772.0,801.0,835.0,933.0,
25.0,78.0,230.0,245.0,248.0,298.0,322.0,374.0,415.0,442.0,489.0,513.0,542.0,556.0,561.0,561.0,603.0,623.0,683.0,713.0,770.0,802.0,803.0,858.0,866.0,879.0,920.0,930.0,935.0,984.0,
9.0,25.0,28.0,35.0,51.0,64.0,85.0,120.0,160.0,175.0,196.0,203.0,226.0,229.0,234.0,239.0,284.0,334.0,346.0,347.0,356.0,396.0,402.0,479.0,498.0,512.0,526.0,533.0,535.0,558.0,581.0,585.0,589.0,591.0,594.0,612.0,619.0,633.0,654.0,679.0,688.0,700.0,752.0,814.0,877.0,880.0,961.0,972.0,
17.0,32.0,90.0,107.0,113.0,253.0,259.0,287.0,314.0,323.0,327.0,343.0,346.0,365.0,371.0,373.0,451.0,454.0,461.0,515.0,518.0,529.0,530.0,541.0,542.0,542.0,548.0,556.0,557.0,561.0,566.0,566.0,570.0,571.0,582.0,588.0,592.0,599.0,611.0,612.0,613.0,621.0,635.0,636.0,645.0,650.0,655.0,658.0,663.0,680.0,691.0,711.0,713.0,716.0,726.0,735.0,737.0,743.0,757.0,769.0,770.0,779.0,788.0,788.0,820.0,857.0,859.0,883.0,889.0,917.0,930.0,934.0,941.0,961.0,961.0,974.0,
31.0,66.0,133.0,245.0,254.0,276.0,314.0,315.0,352.0,425.0,427.0,444.0,462.0,467.0,471.0,487.0,498.0,503.0,506.0,510.0,540.0,547.0,553.0,560.0,563.0,575.0,575.0,578.0,579.0,585.0,597.0,604.0,608.0,609.0,613.0,627.0,633.0,640.0,674.0,677.0,677.0,698.0,706.0,707.0,711.0,726.0,732.0,733.0,740.0,756.0,774.0,783.0,795.0,821.0,864.0,887.0,912.0,912.0,916.0,948.0,949.0,957.0,990.0,1000.0,
45.0,61.0,76.0,82.0,92.0,96.0,145.0,187.0,193.0,231.0,252.0,272.0,284.0,323.0,402.0,413.0,443.0,467.0,516.0,523.0,524.0,527.0,530.0,541.0,544.0,545.0,547.0,550.0,551.0,553.0,555.0,558.0,558.0,558.0,559.0,561.0,562.0,566.0,568.0,573.0,573.0,574.0,578.0,586.0,603.0,603.0,608.0,609.0,611.0,618.0,626.0,646.0,647.0,649.0,656.0,669.0,698.0,706.0,708.0,724.0,742.0,747.0,753.0,756.0,762.0,781.0,797.0,819.0,835.0,842.0,843.0,844.0,855.0,859.0,865.0,886.0,899.0,914.0,919.0,973.0,974.0,975.0,978.0,988.0,998.0,
40.0,46.0,122.0,133.0,134.0,159.0,210.0,214.0,230.0,238.0,293.0,355.0,369.0,373.0,376.0,380.0,383.0,392.0,405.0,411.0,413.0,427.0,456.0,489.0,506.0,543.0,548.0,549.0,557.0,557.0,558.0,562.0,567.0,581.0,587.0,600.0,601.0,610.0,626.0,632.0,633.0,650.0,662.0,675.0,685.0,686.0,716.0,721.0,721.0,736.0,736.0,758.0,815.0,820.0,828.0,872.0,906.0,920.0,932.0,941.0,951.0,978.0,993.0,998.0,
40.0,56.0,57.0,70.0,81.0,93.0,113.0,138.0,150.0,191.0,194.0,208.0,271.0,286.0,314.0,371.0,380.0,418.0,471.0,473.0,528.0,531.0,531.0,531.0,535.0,536.0,536.0,541.0,548.0,548.0,550.0,550.0,550.0,561.0,565.0,573.0,574.0,574.0,574.0,574.0,581.0,591.0,592.0,602.0,631.0,632.0,645.0,651.0,653.0,686.0,687.0,698.0,705.0,712.0,714.0,733.0,751.0,752.0,782.0,802.0,812.0,813.0,817.0,829.0,831.0,893.0,918.0,923.0,944.0,950.0,970.0,974.0,997.0,
78.0,84.0,92.0,101.0,147.0,159.0,162.0,243.0,244.0,268.0,288.0,294.0,333.0,363.0,472.0,515.0,572.0,575.0,578.0,604.0,621.0,640.0,669.0,674.0,705.0,711.0,711.0,722.0,732.0,746.0,753.0,769.0,790.0,793.0,797.0,802.0,806.0,849.0,887.0,905.0,909.0,967.0,978.0,989.0,997.0,
97.0,115.0,148.0,217.0,224.0,246.0,272.0,281.0,311.0,345.0,346.0,370.0,380.0,404.0,423.0,428.0,486.0,509.0,517.0,563.0,564.0,573.0,603.0,604.0,632.0,644.0,811.0,827.0,871.0,936.0,962.0,
34.0,40.0,120.0,129.0,152.0,181.0,218.0,232.0,236.0,238.0,252.0,260.0,292.0,301.0,314.0,334.0,340.0,388.0,422.0,428.0,452.0,479.0,503.0,527.0,538.0,541.0,548.0,608.0,696.0,732.0,764.0,781.0,789.0,798.0,808.0,812.0,819.0,831.0,837.0,911.0,916.0,924.0,934.0,943.0,
63.0,87.0,109.0,128.0,138.0,158.0,264.0,273.0,295.0,355.0,417.0,457.0,465.0,474.0,481.0,490.0,517.0,518.0,521.0,582.0,619.0,622.0,670.0,678.0,686.0,723.0,742.0,787.0,928.0,965.0,993.0,
10.0,23.0,74.0,150.0,161.0,176.0,180.0,192.0,195.0,207.0,245.0,260.0,330.0,341.0,366.0,380.0,389.0,497.0,500.0,525.0,526.0,529.0,537.0,541.0,542.0,544.0,546.0,547.0,556.0,559.0,572.0,575.0,581.0,581.0,584.0,621.0,623.0,623.0,627.0,648.0,655.0,659.0,668.0,670.0,676.0,690.0,703.0,708.0,713.0,716.0,728.0,756.0,761.0,763.0,782.0,792.0,797.0,810.0,820.0,832.0,843.0,843.0,882.0,914.0,923.0,928.0,943.0,977.0,1000.0,
23.0,30.0,74.0,144.0,206.0,235.0,273.0,277.0,283.0,298.0,327.0,353.0,379.0,380.0,382.0,433.0,440.0,445.0,449.0,511.0,515.0,523.0,525.0,529.0,539.0,548.0,549.0,552.0,554.0,557.0,568.0,568.0,570.0,574.0,574.0,576.0,582.0,585.0,596.0,600.0,613.0,615.0,631.0,632.0,633.0,638.0,666.0,668.0,671.0,679.0,708.0,722.0,755.0,768.0,797.0,802.0,809.0,815.0,819.0,836.0,839.0,841.0,849.0,868.0,872.0,876.0,900.0,913.0,919.0,973.0,974.0,974.0,987.0,988.0,989.0,992.0,999.0,
25.0,46.0,71.0,120.0,186.0,194.0,239.0,299.0,309.0,310.0,332.0,377.0,407.0,452.0,465.0,495.0,531.0,533.0,546.0,548.0,552.0,560.0,560.0,561.0,566.0,569.0,571.0,591.0,598.0,601.0,605.0,606.0,619.0,621.0,627.0,632.0,660.0,685.0,705.0,706.0,720.0,725.0,726.0,734.0,736.0,739.0,748.0,756.0,768.0,770.0,787.0,790.0,803.0,858.0,860.0,911.0,924.0,950.0,950.0,966.0,970.0,990.0,
5.0,12.0,42.0,74.0,81.0,81.0,122.0,127.0,154.0,165.0,175.0,192.0,199.0,241.0,255.0,290.0,369.0,418.0,505.0,516.0,520.0,521.0,528.0,533.0,535.0,545.0,546.0,549.0,560.0,567.0,570.0,573.0,573.0,578.0,583.0,587.0,591.0,598.0,604.0,616.0,616.0,629.0,632.0,645.0,704.0,717.0,728.0,750.0,776.0,777.0,791.0,795.0,800.0,822.0,846.0,847.0,866.0,872.0,884.0,896.0,898.0,899.0,928.0,942.0,949.0,
25.0,41.0,56.0,292.0,368.0,391.0,406.0,418.0,451.0,451.0,467.0,475.0,490.0,521.0,532.0,549.0,553.0,574.0,576.0,579.0,582.0,585.0,588.0,590.0,618.0,623.0,651.0,654.0,673.0,674.0,679.0,680.0,684.0,688.0,699.0,716.0,723.0,729.0,762.0,775.0,776.0,783.0,804.0,807.0,809.0,814.0,844.0,865.0,906.0,907.0,913.0,917.0,949.0,961.0,
8.0,15.0,23.0,39.0,49.0,95.0,103.0,211.0,225.0,244.0,292.0,315.0,346.0,367.0,390.0,397.0,397.0,418.0,459.0,507.0,521.0,523.0,528.0,532.0,539.0,540.0,542.0,544.0,544.0,546.0,558.0,563.0,565.0,569.0,572.0,580.0,580.0,585.0,599.0,604.0,643.0,647.0,685.0,730.0,731.0,741.0,762.0,784.0,790.0,795.0,796.0,796.0,798.0,800.0,800.0,806.0,806.0,817.0,839.0,840.0,870.0,891.0,920.0,924.0,924.0,942.0,952.0,966.0,981.0,985.0,992.0,
88.0,138.0,227.0,244.0,265.0,278.0,300.0,303.0,312.0,323.0,328.0,333.0,429.0,495.0,519.0,523.0,525.0,536.0,536.0,544.0,545.0,545.0,549.0,557.0,559.0,560.0,562.0,563.0,565.0,568.0,568.0,571.0,581.0,588.0,616.0,635.0,651.0,653.0,655.0,657.0,668.0,668.0,671.0,691.0,702.0,702.0,711.0,715.0,718.0,723.0,739.0,777.0,803.0,827.0,851.0,861.0,868.0,869.0,874.0,892.0,907.0,911.0,920.0,921.0,924.0,925.0,946.0,963.0,987.0,990.0,991.0,993.0,
2.0,123.0,131.0,132.0,159.0,170.0,173.0,198.0,220.0,222.0,251.0,270.0,271.0,278.0,429.0,435.0,466.0,468.0,483.0,518.0,548.0,552.0,556.0,560.0,604.0,608.0,622.0,643.0,726.0,755.0,768.0,768.0,783.0,819.0,821.0,870.0,896.0,910.0,924.0,929.0,992.0,
9.0,45.0,78.0,81.0,93.0,156.0,160.0,184.0,196.0,217.0,252.0,256.0,269.0,276.0,314.0,314.0,341.0,360.0,377.0,416.0,430.0,490.0,540.0,550.0,558.0,588.0,642.0,887.0,897.0,898.0,937.0,940.0,978.0,
17.0,20.0,35.0,89.0,90.0,133.0,147.0,155.0,185.0,188.0,199.0,228.0,235.0,296.0,302.0,398.0,424.0,524.0,525.0,527.0,531.0,538.0,544.0,568.0,570.0,578.0,583.0,583.0,589.0,589.0,622.0,626.0,629.0,636.0,647.0,652.0,691.0,700.0,716.0,761.0,765.0,770.0,771.0,779.0,786.0,786.0,830.0,889.0,890.0,921.0,922.0,943.0,948.0,979.0,
40.0,81.0,100.0,109.0,114.0,144.0,155.0,191.0,245.0,260.0,265.0,266.0,326.0,349.0,369.0,375.0,391.0,423.0,488.0,515.0,524.0,529.0,530.0,530.0,533.0,539.0,543.0,543.0,549.0,550.0,553.0,569.0,576.0,577.0,581.0,587.0,588.0,591.0,592.0,606.0,627.0,632.0,655.0,658.0,661.0,667.0,669.0,676.0,682.0,703.0,714.0,718.0,735.0,735.0,752.0,762.0,765.0,768.0,781.0,783.0,785.0,785.0,786.0,804.0,818.0,831.0,837.0,844.0,857.0,861.0,882.0,886.0,908.0,921.0,932.0,935.0,948.0,950.0,958.0,975.0,993.0,996.0,997.0,
43.0,63.0,72.0,96.0,119.0,185.0,241.0,271.0,321.0,361.0,375.0,403.0,408.0,436.0,441.0,442.0,484.0,484.0,488.0,492.0,494.0,513.0,521.0,521.0,524.0,532.0,540.0,545.0,548.0,553.0,558.0,565.0,565.0,570.0,574.0,579.0,584.0,585.0,593.0,598.0,601.0,604.0,630.0,635.0,693.0,696.0,698.0,715.0,716.0,723.0,724.0,737.0,756.0,790.0,801.0,816.0,832.0,855.0,883.0,892.0,912.0,926.0,957.0,983.0,985.0,994.0,
10.0,23.0,56.0,57.0,87.0,93.0,119.0,133.0,185.0,243.0,258.0,299.0,354.0,357.0,363.0,386.0,389.0,501.0,506.0,509.0,522.0,531.0,538.0,540.0,542.0,542.0,546.0,547.0,551.0,551.0,552.0,558.0,558.0,561.0,561.0,561.0,567.0,572.0,585.0,595.0,608.0,616.0,632.0,660.0,672.0,680.0,700.0,749.0,811.0,812.0,830.0,854.0,876.0,879.0,885.0,903.0,944.0,975.0,978.0,988.0,
27.0,44.0,46.0,99.0,109.0,170.0,185.0,211.0,235.0,246.0,258.0,338.0,366.0,390.0,405.0,410.0,411.0,435.0,517.0,526.0,531.0,534.0,539.0,539.0,545.0,548.0,558.0,561.0,565.0,566.0,568.0,572.0,580.0,581.0,583.0,584.0,591.0,600.0,606.0,609.0,612.0,614.0,621.0,624.0,634.0,640.0,669.0,671.0,681.0,687.0,694.0,702.0,705.0,712.0,712.0,744.0,813.0,844.0,846.0,848.0,857.0,862.0,889.0,893.0,895.0,915.0,923.0,958.0,1000.0,
4.0,22.0,24.0,33.0,44.0,75.0,79.0,103.0,153.0,198.0,237.0,258.0,276.0,297.0,407.0,460.0,476.0,511.0,516.0,517.0,524.0,547.0,551.0,551.0,552.0,553.0,562.0,563.0,565.0,566.0,576.0,576.0,589.0,593.0,597.0,607.0,614.0,632.0,633.0,635.0,658.0,681.0,692.0,693.0,718.0,732.0,746.0,763.0,768.0,773.0,776.0,792.0,798.0,813.0,829.0,857.0,867.0,931.0,938.0,949.0,983.0,
35.0,40.0,58.0,59.0,98.0,109.0,180.0,201.0,202.0,229.0,278.0,320.0,335.0,365.0,377.0,385.0,394.0,395.0,430.0,451.0,481.0,518.0,535.0,539.0,546.0,555.0,559.0,559.0,560.0,563.0,567.0,568.0,570.0,571.0,582.0,615.0,622.0,648.0,658.0,662.0,670.0,674.0,675.0,698.0,731.0,773.0,809.0,813.0,821.0,826.0,837.0,872.0,881.0,884.0,888.0,941.0,953.0,982.0,993.0,1000.0,
42.0,49.0,99.0,113.0,117.0,136.0,140.0,158.0,217.0,238.0,249.0,269.0,271.0,284.0,286.0,286.0,293.0,341.0,354.0,364.0,378.0,388.0,395.0,461.0,471.0,475.0,509.0,511.0,521.0,525.0,532.0,534.0,536.0,536.0,548.0,557.0,559.0,566.0,567.0,568.0,578.0,580.0,589.0,593.0,617.0,620.0,622.0,674.0,679.0,688.0,691.0,692.0,712.0,751.0,753.0,755.0,759.0,760.0,765.0,766.0,772.0,797.0,818.0,827.0,835.0,858.0,874.0,876.0,910.0,922.0,938.0,941.0,957.0,958.0,959.0,960.0,987.0,
3.0,87.0,100.0,112.0,119.0,133.0,156.0,172.0,205.0,207.0,221.0,235.0,252.0,307.0,360.0,392.0,411.0,448.0,464.0,516.0,518.0,532.0,538.0,538.0,541.0,543.0,552.0,569.0,574.0,577.0,584.0,593.0,593.0,598.0,603.0,611.0,621.0,633.0,643.0,646.0,652.0,678.0,679.0,684.0,693.0,718.0,720.0,728.0,750.0,772.0,796.0,797.0,804.0,846.0,852.0,863.0,881.0,910.0,912.0,956.0,
16.0,35.0,94.0,166.0,167.0,171.0,183.0,231.0,258.0,292.0,320.0,404.0,498.0,498.0,510.0,518.0,527.0,579.0,626.0,692.0,797.0,864.0,908.0,924.0,932.0,988.0,
44.0,50.0,103.0,109.0,156.0,166.0,233.0,268.0,270.0,291.0,308.0,320.0,326.0,352.0,369.0,397.0,446.0,482.0,495.0,500.0,536.0,540.0,553.0,556.0,572.0,574.0,575.0,584.0,599.0,611.0,616.0,627.0,642.0,647.0,653.0,668.0,676.0,703.0,708.0,708.0,725.0,772.0,772.0,773.0,773.0,814.0,865.0,935.0,948.0,953.0,
30.0,50.0,58.0,82.0,142.0,177.0,186.0,206.0,235.0,237.0,246.0,279.0,341.0,341.0,350.0,363.0,399.0,406.0,451.0,477.0,525.0,527.0,528.0,537.0,539.0,541.0,542.0,550.0,555.0,555.0,558.0,561.0,565.0,572.0,575.0,582.0,586.0,594.0,602.0,618.0,621.0,625.0,631.0,632.0,632.0,632.0,638.0,652.0,669.0,672.0,699.0,700.0,716.0,718.0,725.0,726.0,726.0,745.0,749.0,756.0,762.0,784.0,803.0,805.0,818.0,826.0,827.0,835.0,846.0,871.0,874.0,881.0,891.0,899.0,904.0,939.0,979.0,980.0,996.0,998.0,1000.0,
20.0,118.0,121.0,137.0,150.0,161.0,165.0,177.0,179.0,189.0,222.0,323.0,327.0,338.0,341.0,362.0,414.0,447.0,465.0,489.0,520.0,521.0,524.0,525.0,525.0,527.0,538.0,539.0,542.0,548.0,551.0,552.0,561.0,561.0,569.0,572.0,578.0,584.0,592.0,598.0,608.0,627.0,692.0,692.0,697.0,700.0,700.0,714.0,714.0,716.0,726.0,750.0,820.0,849.0,878.0,885.0,936.0,948.0,972.0,988.0,995.0,
32.0,46.0,54.0,60.0,93.0,177.0,179.0,183.0,198.0,217.0,226.0,252.0,256.0,282.0,327.0,334.0,363.0,364.0,383.0,439.0,460.0,492.0,506.0,514.0,518.0,522.0,523.0,537.0,540.0,540.0,543.0,544.0,550.0,551.0,560.0,562.0,563.0,563.0,597.0,598.0,600.0,602.0,603.0,604.0,604.0,632.0,671.0,684.0,697.0,720.0,730.0,737.0,764.0,778.0,792.0,794.0,803.0,805.0,835.0,836.0,846.0,903.0,917.0,929.0,971.0,
4.0,4.0,12.0,15.0,34.0,65.0,105.0,116.0,139.0,152.0,161.0,182.0,190.0,203.0,220.0,235.0,284.0,289.0,334.0,357.0,375.0,397.0,406.0,418.0,479.0,493.0,494.0,523.0,523.0,530.0,531.0,533.0,536.0,538.0,542.0,542.0,549.0,571.0,581.0,595.0,596.0,603.0,610.0,622.0,622.0,626.0,631.0,650.0,656.0,657.0,661.0,680.0,712.0,720.0,733.0,742.0,751.0,760.0,762.0,784.0,798.0,808.0,810.0,846.0,898.0,899.0,903.0,913.0,923.0,923.0,936.0,948.0,959.0,961.0,
24.0,66.0,70.0,94.0,138.0,161.0,173.0,176.0,208.0,237.0,239.0,289.0,332.0,406.0,421.0,425.0,441.0,481.0,518.0,530.0,530.0,534.0,538.0,539.0,547.0,560.0,560.0,569.0,569.0,574.0,577.0,578.0,579.0,580.0,581.0,591.0,598.0,607.0,617.0,618.0,618.0,619.0,622.0,626.0,655.0,655.0,669.0,683.0,699.0,707.0,711.0,729.0,747.0,747.0,762.0,770.0,782.0,810.0,844.0,862.0,890.0,894.0,976.0,981.0,
4.0,10.0,18.0,52.0,56.0,62.0,102.0,121.0,145.0,157.0,181.0,209.0,215.0,244.0,264.0,302.0,328.0,334.0,335.0,350.0,378.0,389.0,413.0,472.0,529.0,531.0,534.0,537.0,539.0,541.0,544.0,561.0,567.0,568.0,574.0,582.0,620.0,620.0,622.0,625.0,638.0,646.0,680.0,686.0,695.0,700.0,710.0,717.0,718.0,734.0,739.0,741.0,751.0,753.0,761.0,767.0,770.0,785.0,790.0,793.0,817.0,832.0,840.0,873.0,883.0,888.0,908.0,933.0,941.0,958.0,980.0,981.0,988.0,
101.0,152.0,178.0,191.0,192.0,195.0,196.0,203.0,432.0,437.0,443.0,483.0,520.0,523.0,534.0,536.0,537.0,537.0,537.0,539.0,541.0,541.0,548.0,549.0,555.0,556.0,560.0,562.0,571.0,571.0,582.0,585.0,589.0,592.0,597.0,599.0,606.0,607.0,610.0,611.0,616.0,620.0,632.0,634.0,636.0,691.0,742.0,763.0,768.0,774.0,794.0,798.0,822.0,881.0,885.0,890.0,907.0,968.0,984.0,998.0,1000.0,
2.0,2.0,30.0,64.0,83.0,95.0,112.0,140.0,169.0,192.0,231.0,258.0,260.0,263.0,265.0,282.0,292.0,309.0,355.0,377.0,389.0,411.0,416.0,431.0,452.0,468.0,528.0,532.0,559.0,568.0,583.0,594.0,648.0,649.0,662.0,687.0,700.0,714.0,733.0,739.0,789.0,790.0,823.0,833.0,850.0,853.0,900.0,903.0,916.0,926.0,936.0,951.0,975.0,
51.0,67.0,174.0,177.0,243.0,279.0,297.0,309.0,339.0,357.0,414.0,432.0,467.0,503.0,527.0,566.0,656.0,723.0,825.0,927.0,952.0,
43.0,77.0,103.0,115.0,141.0,147.0,163.0,182.0,183.0,226.0,276.0,300.0,301.0,306.0,307.0,309.0,320.0,351.0,361.0,387.0,397.0,399.0,449.0,465.0,473.0,473.0,515.0,530.0,544.0,548.0,573.0,575.0,577.0,580.0,596.0,679.0,702.0,720.0,723.0,739.0,742.0,762.0,779.0,796.0,837.0,842.0,860.0,861.0,872.0,872.0,880.0,894.0,923.0,947.0,954.0,967.0,
39.0,97.0,102.0,112.0,132.0,144.0,224.0,235.0,284.0,319.0,360.0,403.0,439.0,450.0,492.0,498.0,508.0,533.0,537.0,539.0,544.0,545.0,558.0,563.0,575.0,576.0,577.0,583.0,586.0,593.0,610.0,611.0,613.0,617.0,617.0,631.0,642.0,646.0,650.0,651.0,666.0,680.0,724.0,729.0,733.0,744.0,754.0,762.0,764.0,769.0,785.0,788.0,790.0,802.0,819.0,824.0,834.0,837.0,839.0,841.0,854.0,857.0,863.0,877.0,899.0,903.0,918.0,931.0,942.0,944.0,952.0,953.0,966.0,968.0,973.0,976.0,999.0,
10.0,111.0,145.0,146.0,188.0,264.0,316.0,367.0,387.0,400.0,441.0,445.0,523.0,526.0,530.0,532.0,535.0,538.0,544.0,547.0,547.0,548.0,570.0,593.0,595.0,596.0,599.0,613.0,614.0,617.0,624.0,625.0,628.0,633.0,634.0,637.0,661.0,664.0,711.0,726.0,733.0,735.0,772.0,784.0,824.0,825.0,835.0,871.0,872.0,885.0,895.0,895.0,908.0,939.0,952.0,954.0,969.0,
3.0,10.0,98.0,120.0,143.0,162.0,164.0,208.0,211.0,230.0,293.0,317.0,332.0,387.0,394.0,401.0,442.0,507.0,518.0,521.0,539.0,540.0,543.0,545.0,553.0,559.0,561.0,567.0,570.0,579.0,581.0,586.0,588.0,593.0,595.0,602.0,614.0,623.0,626.0,629.0,637.0,637.0,641.0,649.0,652.0,653.0,658.0,672.0,681.0,689.0,689.0,713.0,737.0,740.0,750.0,765.0,790.0,797.0,814.0,823.0,834.0,876.0,879.0,915.0,925.0,962.0,987.0,
18.0,68.0,91.0,209.0,224.0,237.0,277.0,296.0,329.0,343.0,357.0,376.0,387.0,431.0,448.0,453.0,454.0,457.0,477.0,481.0,511.0,514.0,521.0,524.0,529.0,545.0,547.0,554.0,558.0,565.0,568.0,574.0,574.0,575.0,585.0,586.0,595.0,596.0,615.0,618.0,636.0,644.0,658.0,659.0,671.0,677.0,678.0,685.0,692.0,716.0,728.0,733.0,750.0,758.0,786.0,789.0,790.0,795.0,820.0,820.0,831.0,854.0,860.0,880.0,891.0,903.0,908.0,936.0,964.0,967.0,977.0,980.0,
9.0,55.0,86.0,162.0,195.0,207.0,256.0,266.0,272.0,279.0,298.0,335.0,353.0,353.0,399.0,422.0,452.0,467.0,484.0,512.0,529.0,533.0,533.0,533.0,534.0,545.0,545.0,546.0,550.0,556.0,560.0,562.0,571.0,578.0,579.0,592.0,612.0,623.0,625.0,631.0,639.0,646.0,676.0,693.0,706.0,715.0,740.0,799.0,819.0,819.0,820.0,830.0,850.0,865.0,884.0,901.0,909.0,937.0,944.0,951.0,966.0,976.0,977.0,989.0,995.0,
22.0,88.0,90.0,90.0,156.0,181.0,186.0,187.0,193.0,194.0,232.0,238.0,249.0,251.0,269.0,310.0,335.0,347.0,363.0,370.0,399.0,400.0,411.0,435.0,523.0,532.0,539.0,540.0,545.0,549.0,550.0,554.0,558.0,561.0,565.0,578.0,602.0,605.0,612.0,622.0,648.0,649.0,655.0,676.0,678.0,693.0,694.0,699.0,710.0,713.0,717.0,718.0,727.0,729.0,784.0,791.0,797.0,809.0,824.0,834.0,838.0,863.0,863.0,891.0,921.0,922.0,937.0,953.0,963.0,983.0,
20.0,43.0,90.0,96.0,162.0,167.0,169.0,242.0,284.0,297.0,300.0,316.0,339.0,351.0,380.0,446.0,483.0,487.0,521.0,526.0,530.0,532.0,535.0,536.0,544.0,550.0,554.0,555.0,564.0,567.0,572.0,578.0,583.0,586.0,595.0,596.0,609.0,620.0,633.0,637.0,639.0,648.0,652.0,653.0,662.0,665.0,668.0,671.0,677.0,687.0,698.0,700.0,718.0,722.0,741.0,747.0,752.0,817.0,820.0,822.0,840.0,851.0,888.0,892.0,892.0,896.0,912.0,941.0,953.0,971.0,
12.0,30.0,57.0,65.0,142.0,148.0,148.0,154.0,156.0,191.0,194.0,201.0,221.0,310.0,338.0,361.0,405.0,436.0,441.0,443.0,464.0,464.0,508.0,508.0,520.0,522.0,527.0,531.0,537.0,544.0,549.0,554.0,558.0,559.0,563.0,590.0,595.0,595.0,601.0,610.0,643.0,657.0,664.0,681.0,693.0,734.0,745.0,762.0,770.0,832.0,834.0,838.0,882.0,890.0,
12.0,85.0,98.0,122.0,196.0,228.0,312.0,404.0,447.0,476.0,510.0,588.0,612.0,624.0,630.0,633.0,694.0,696.0,698.0,726.0,815.0,852.0,891.0,914.0,923.0,946.0,955.0,963.0,970.0,983.0,
64.0,127.0,164.0,185.0,193.0,193.0,240.0,249.0,265.0,267.0,296.0,315.0,323.0,340.0,389.0,424.0,526.0,532.0,539.0,541.0,561.0,600.0,608.0,618.0,643.0,645.0,701.0,735.0,788.0,796.0,814.0,851.0,859.0,935.0,956.0,
24.0,30.0,40.0,77.0,102.0,120.0,172.0,192.0,204.0,205.0,213.0,213.0,243.0,256.0,257.0,275.0,397.0,461.0,484.0,489.0,500.0,518.0,541.0,542.0,544.0,545.0,547.0,555.0,557.0,571.0,576.0,581.0,581.0,591.0,591.0,592.0,597.0,598.0,600.0,604.0,609.0,614.0,616.0,637.0,654.0,665.0,670.0,675.0,685.0,686.0,692.0,709.0,712.0,713.0,715.0,738.0,753.0,755.0,756.0,774.0,777.0,780.0,782.0,783.0,802.0,821.0,826.0,841.0,869.0,878.0,891.0,902.0,906.0,931.0,993.0,
22.0,35.0,39.0,50.0,57.0,61.0,91.0,111.0,154.0,188.0,213.0,270.0,356.0,364.0,378.0,408.0,415.0,427.0,457.0,472.0,508.0,519.0,530.0,536.0,538.0,544.0,554.0,554.0,556.0,562.0,563.0,569.0,574.0,581.0,584.0,589.0,595.0,610.0,656.0,659.0,663.0,695.0,695.0,710.0,732.0,735.0,746.0,750.0,764.0,780.0,793.0,795.0,796.0,799.0,839.0,845.0,846.0,925.0,940.0,950.0,
33.0,39.0,57.0,80.0,122.0,154.0,163.0,186.0,190.0,193.0,277.0,296.0,311.0,342.0,392.0,399.0,426.0,431.0,479.0,505.0,511.0,512.0,519.0,523.0,524.0,531.0,540.0,542.0,543.0,545.0,551.0,555.0,557.0,567.0,581.0,582.0,596.0,597.0,610.0,617.0,623.0,628.0,645.0,646.0,656.0,687.0,750.0,775.0,794.0,814.0,818.0,819.0,827.0,831.0,843.0,849.0,895.0,900.0,912.0,919.0,958.0,970.0,972.0,982.0,
19.0,28.0,136.0,146.0,165.0,173.0,190.0,221.0,257.0,272.0,275.0,277.0,289.0,299.0,305.0,325.0,369.0,427.0,444.0,450.0,470.0,477.0,519.0,527.0,535.0,536.0,536.0,538.0,546.0,547.0,563.0,568.0,599.0,601.0,601.0,619.0,656.0,660.0,663.0,674.0,679.0,683.0,685.0,690.0,720.0,722.0,748.0,749.0,757.0,766.0,775.0,789.0,798.0,824.0,868.0,906.0,913.0,927.0,939.0,983.0,989.0,995.0,
18.0,37.0,47.0,60.0,103.0,107.0,111.0,118.0,149.0,206.0,269.0,274.0,297.0,301.0,303.0,304.0,322.0,326.0,386.0,388.0,392.0,403.0,422.0,433.0,456.0,476.0,491.0,519.0,537.0,544.0,546.0,548.0,555.0,557.0,568.0,568.0,571.0,584.0,607.0,609.0,629.0,635.0,654.0,663.0,687.0,706.0,708.0,732.0,736.0,737.0,750.0,786.0,790.0,798.0,798.0,803.0,804.0,815.0,838.0,845.0,877.0,928.0,936.0,945.0,971.0,1000.0,
18.0,101.0,110.0,151.0,187.0,208.0,238.0,290.0,319.0,359.0,369.0,375.0,383.0,392.0,392.0,485.0,488.0,519.0,519.0,522.0,530.0,535.0,540.0,541.0,544.0,556.0,559.0,562.0,567.0,575.0,588.0,595.0,596.0,604.0,605.0,610.0,626.0,638.0,646.0,674.0,676.0,689.0,695.0,697.0,748.0,763.0,764.0,773.0,785.0,786.0,796.0,803.0,809.0,811.0,826.0,826.0,834.0,835.0,863.0,869.0,871.0,918.0,923.0,934.0,937.0,937.0,972.0,
38.0,46.0,88.0,182.0,230.0,244.0,266.0,284.0,335.0,344.0,356.0,376.0,386.0,492.0,523.0,524.0,527.0,528.0,529.0,537.0,546.0,547.0,551.0,555.0,557.0,558.0,561.0,567.0,573.0,577.0,596.0,610.0,611.0,614.0,616.0,617.0,632.0,632.0,636.0,636.0,639.0,646.0,647.0,649.0,653.0,671.0,684.0,695.0,696.0,718.0,718.0,735.0,742.0,745.0,751.0,752.0,757.0,764.0,794.0,802.0,825.0,876.0,915.0,944.0,946.0,950.0,992.0,
33.0,49.0,105.0,110.0,116.0,132.0,141.0,223.0,239.0,251.0,300.0,336.0,379.0,382.0,406.0,448.0,479.0,486.0,487.0,494.0,496.0,520.0,541.0,546.0,550.0,554.0,563.0,565.0,577.0,593.0,616.0,619.0,632.0,635.0,685.0,687.0,713.0,745.0,756.0,773.0,825.0,836.0,870.0,932.0,948.0,
18.0,140.0,143.0,164.0,194.0,235.0,247.0,272.0,272.0,314.0,325.0,359.0,486.0,560.0,609.0,617.0,634.0,638.0,690.0,737.0,803.0,825.0,887.0,953.0,953.0,978.0,989.0,
13.0,23.0,49.0,104.0,107.0,128.0,134.0,161.0,168.0,171.0,183.0,212.0,222.0,338.0,394.0,422.0,457.0,483.0,503.0,586.0,606.0,836.0,854.0,
52.0,123.0,144.0,150.0,169.0,205.0,228.0,269.0,330.0,331.0,340.0,342.0,367.0,379.0,396.0,433.0,434.0,437.0,440.0,452.0,460.0,487.0,515.0,526.0,532.0,539.0,551.0,568.0,568.0,573.0,595.0,608.0,615.0,621.0,641.0,646.0,647.0,658.0,678.0,715.0,722.0,728.0,810.0,832.0,857.0,887.0,910.0,914.0,914.0,931.0,934.0,
30.0,58.0,79.0,90.0,95.0,131.0,135.0,166.0,217.0,263.0,354.0,396.0,420.0,423.0,524.0,525.0,530.0,533.0,536.0,538.0,558.0,564.0,565.0,567.0,581.0,583.0,594.0,598.0,605.0,616.0,624.0,643.0,660.0,663.0,664.0,667.0,682.0,686.0,695.0,699.0,715.0,722.0,724.0,728.0,760.0,766.0,772.0,819.0,821.0,828.0,837.0,893.0,897.0,903.0,909.0,928.0,931.0,936.0,958.0,959.0,967.0,967.0,976.0,989.0,999.0,
13.0,18.0,66.0,91.0,137.0,139.0,163.0,223.0,261.0,352.0,423.0,477.0,480.0,510.0,522.0,530.0,538.0,539.0,542.0,542.0,562.0,568.0,580.0,588.0,589.0,607.0,613.0,614.0,626.0,629.0,635.0,636.0,646.0,648.0,685.0,689.0,708.0,718.0,729.0,736.0,749.0,751.0,753.0,754.0,755.0,786.0,794.0,802.0,806.0,819.0,824.0,838.0,840.0,882.0,882.0,884.0,893.0,901.0,906.0,909.0,930.0,931.0,938.0,962.0,972.0,
39.0,40.0,56.0,58.0,70.0,170.0,239.0,279.0,297.0,324.0,344.0,344.0,351.0,385.0,459.0,464.0,465.0,471.0,528.0,536.0,544.0,547.0,551.0,551.0,552.0,559.0,559.0,568.0,575.0,590.0,593.0,598.0,600.0,605.0,608.0,610.0,617.0,630.0,630.0,645.0,649.0,651.0,654.0,671.0,682.0,698.0,714.0,745.0,754.0,759.0,762.0,771.0,780.0,796.0,808.0,827.0,851.0,852.0,880.0,882.0,902.0,904.0,910.0,934.0,941.0,950.0,976.0,986.0,988.0,
17.0,81.0,83.0,115.0,155.0,158.0,165.0,169.0,183.0,190.0,192.0,290.0,315.0,319.0,320.0,515.0,517.0,521.0,532.0,538.0,539.0,539.0,546.0,547.0,547.0,553.0,557.0,557.0,561.0,565.0,572.0,594.0,595.0,595.0,606.0,609.0,609.0,624.0,626.0,626.0,638.0,642.0,648.0,659.0,660.0,665.0,668.0,703.0,710.0,735.0,735.0,737.0,749.0,755.0,757.0,774.0,784.0,791.0,791.0,797.0,822.0,828.0,830.0,855.0,900.0,902.0,906.0,917.0,928.0,929.0,974.0,985.0,
5.0,23.0,82.0,86.0,118.0,160.0,175.0,199.0,279.0,298.0,316.0,349.0,350.0,397.0,414.0,434.0,436.0,442.0,459.0,469.0,472.0,508.0,516.0,517.0,519.0,529.0,534.0,552.0,553.0,556.0,560.0,574.0,577.0,585.0,587.0,590.0,591.0,592.0,611.0,615.0,627.0,664.0,674.0,686.0,694.0,709.0,710.0,721.0,729.0,737.0,751.0,762.0,764.0,767.0,775.0,816.0,816.0,825.0,833.0,864.0,899.0,903.0,908.0,912.0,958.0,960.0,
6.0,33.0,55.0,70.0,97.0,172.0,176.0,179.0,183.0,186.0,191.0,199.0,214.0,230.0,231.0,234.0,242.0,289.0,358.0,363.0,382.0,510.0,512.0,513.0,522.0,526.0,536.0,554.0,556.0,571.0,626.0,638.0,640.0,641.0,644.0,671.0,686.0,704.0,779.0,792.0,812.0,856.0,858.0,862.0,906.0,939.0,960.0,
56.0,109.0,124.0,135.0,136.0,140.0,146.0,179.0,238.0,286.0,288.0,318.0,326.0,370.0,385.0,388.0,428.0,434.0,497.0,564.0,570.0,580.0,589.0,682.0,760.0,814.0,965.0,
79.0,94.0,118.0,165.0,215.0,244.0,343.0,358.0,390.0,395.0,451.0,461.0,468.0,472.0,481.0,511.0,527.0,527.0,547.0,583.0,594.0,595.0,652.0,652.0,688.0,708.0,755.0,760.0,765.0,775.0,784.0,822.0,841.0,854.0,873.0,884.0,896.0,960.0,962.0,980.0,991.0,
2.0,21.0,30.0,30.0,35.0,152.0,173.0,181.0,251.0,386.0,422.0,447.0,461.0,512.0,551.0,571.0,603.0,633.0,726.0,753.0,754.0,758.0,806.0,821.0,880.0,894.0,898.0,944.0,955.0,990.0,
32.0,39.0,79.0,103.0,188.0,201.0,220.0,253.0,257.0,261.0,264.0,321.0,330.0,357.0,367.0,424.0,491.0,526.0,534.0,538.0,546.0,577.0,588.0,721.0,769.0,773.0,799.0,814.0,829.0,829.0,845.0,879.0,906.0,952.0,957.0,
30.0,51.0,79.0,176.0,202.0,207.0,227.0,240.0,281.0,360.0,373.0,397.0,408.0,502.0,524.0,530.0,545.0,547.0,555.0,565.0,566.0,611.0,617.0,691.0,757.0,776.0,798.0,831.0,960.0,970.0,
60.0,70.0,75.0,105.0,122.0,123.0,130.0,134.0,161.0,217.0,282.0,282.0,291.0,311.0,317.0,329.0,339.0,347.0,351.0,391.0,391.0,459.0,505.0,524.0,528.0,535.0,552.0,557.0,557.0,563.0,564.0,587.0,600.0,605.0,605.0,641.0,667.0,670.0,674.0,676.0,676.0,684.0,702.0,782.0,783.0,803.0,813.0,839.0,847.0,859.0,882.0,905.0,940.0,959.0,961.0,986.0,
2.0,40.0,54.0,81.0,110.0,168.0,184.0,201.0,238.0,320.0,329.0,364.0,378.0,398.0,406.0,496.0,507.0,537.0,547.0,553.0,558.0,562.0,565.0,567.0,568.0,576.0,579.0,598.0,603.0,610.0,654.0,663.0,670.0,681.0,684.0,691.0,700.0,712.0,760.0,774.0,782.0,784.0,821.0,835.0,854.0,876.0,880.0,904.0,914.0,920.0,932.0,940.0,950.0,951.0,986.0,997.0,
8.0,34.0,46.0,57.0,103.0,164.0,165.0,168.0,238.0,252.0,297.0,335.0,347.0,355.0,370.0,374.0,393.0,396.0,427.0,439.0,460.0,480.0,488.0,507.0,518.0,524.0,545.0,557.0,561.0,584.0,600.0,605.0,614.0,614.0,630.0,645.0,682.0,691.0,691.0,707.0,718.0,742.0,776.0,783.0,790.0,813.0,826.0,849.0,857.0,890.0,937.0,994.0,997.0,
108.0,109.0,148.0,150.0,161.0,174.0,175.0,182.0,188.0,198.0,231.0,260.0,296.0,304.0,309.0,341.0,514.0,554.0,605.0,647.0,689.0,708.0,713.0,755.0,799.0,809.0,847.0,878.0,887.0,891.0,891.0,982.0,982.0,
35.0,47.0,61.0,106.0,108.0,109.0,115.0,126.0,150.0,150.0,158.0,187.0,218.0,237.0,272.0,314.0,449.0,457.0,493.0,523.0,523.0,580.0,609.0,628.0,701.0,764.0,769.0,773.0,823.0,848.0,904.0,913.0,967.0,
8.0,25.0,56.0,67.0,102.0,117.0,130.0,156.0,190.0,195.0,274.0,281.0,313.0,319.0,349.0,379.0,388.0,395.0,427.0,465.0,554.0,563.0,587.0,615.0,620.0,648.0,666.0,684.0,714.0,718.0,721.0,760.0,780.0,803.0,819.0,833.0,842.0,972.0,984.0,
