18.0,90.0,101.0,154.0,206.0,211.0,229.0,253.0,316.0,325.0,349.0,376.0,450.0,452.0,488.0,493.0,504.0,610.0,638.0,673.0,680.0,691.0,706.0,728.0,731.0,774.0,838.0,860.0,866.0,905.0,913.0,948.0,963.0,975.0,
73.0,133.0,152.0,222.0,303.0,311.0,322.0,354.0,372.0,407.0,429.0,453.0,501.0,517.0,531.0,548.0,551.0,655.0,712.0,713.0,739.0,822.0,829.0,830.0,842.0,844.0,850.0,860.0,869.0,980.0,1000.0,
12.0,38.0,94.0,186.0,207.0,232.0,256.0,256.0,304.0,313.0,341.0,390.0,398.0,403.0,458.0,480.0,553.0,574.0,577.0,584.0,590.0,591.0,605.0,635.0,635.0,647.0,652.0,661.0,671.0,675.0,734.0,770.0,784.0,959.0,985.0,988.0,
42.0,56.0,94.0,104.0,115.0,140.0,156.0,171.0,195.0,235.0,273.0,306.0,315.0,334.0,336.0,346.0,352.0,412.0,418.0,431.0,453.0,458.0,527.0,566.0,581.0,635.0,702.0,731.0,734.0,768.0,772.0,788.0,811.0,814.0,831.0,838.0,873.0,895.0,910.0,934.0,970.0,977.0,982.0,
11.0,22.0,36.0,79.0,110.0,146.0,158.0,168.0,207.0,230.0,246.0,250.0,310.0,354.0,408.0,451.0,514.0,540.0,542.0,548.0,562.0,607.0,621.0,681.0,698.0,700.0,705.0,740.0,852.0,882.0,883.0,927.0,
4.0,7.0,107.0,124.0,127.0,141.0,142.0,178.0,198.0,213.0,227.0,252.0,262.0,300.0,314.0,333.0,354.0,404.0,446.0,476.0,501.0,543.0,565.0,601.0,645.0,663.0,683.0,781.0,817.0,878.0,891.0,899.0,904.0,930.0,993.0,
19.0,93.0,108.0,120.0,133.0,147.0,148.0,190.0,252.0,254.0,258.0,327.0,402.0,436.0,457.0,542.0,557.0,611.0,631.0,644.0,656.0,657.0,696.0,770.0,788.0,825.0,852.0,867.0,868.0,903.0,963.0,976.0,977.0,987.0,
29.0,63.0,109.0,119.0,217.0,227.0,231.0,265.0,265.0,272.0,296.0,298.0,300.0,305.0,315.0,324.0,345.0,347.0,373.0,374.0,392.0,406.0,406.0,433.0,450.0,478.0,492.0,507.0,512.0,532.0,591.0,642.0,663.0,688.0,704.0,734.0,736.0,834.0,836.0,862.0,888.0,928.0,988.0,991.0,993.0,993.0,
31.0,47.0,72.0,115.0,133.0,175.0,183.0,263.0,315.0,345.0,427.0,430.0,439.0,448.0,498.0,523.0,539.0,576.0,646.0,652.0,655.0,707.0,734.0,756.0,799.0,813.0,816.0,834.0,836.0,945.0,966.0,983.0,983.0,
11.0,34.0,124.0,132.0,134.0,143.0,150.0,166.0,206.0,244.0,299.0,300.0,339.0,363.0,371.0,393.0,418.0,440.0,457.0,476.0,528.0,537.0,570.0,582.0,611.0,661.0,662.0,664.0,705.0,734.0,781.0,791.0,827.0,834.0,847.0,850.0,885.0,910.0,960.0,979.0,
21.0,49.0,126.0,160.0,286.0,299.0,336.0,424.0,436.0,450.0,452.0,475.0,563.0,597.0,623.0,676.0,753.0,779.0,780.0,783.0,832.0,846.0,870.0,876.0,877.0,888.0,888.0,906.0,957.0,984.0,992.0,
28.0,32.0,92.0,101.0,107.0,211.0,226.0,271.0,307.0,408.0,471.0,490.0,511.0,557.0,621.0,627.0,635.0,657.0,661.0,675.0,715.0,722.0,786.0,837.0,881.0,882.0,883.0,890.0,897.0,899.0,930.0,931.0,950.0,
25.0,99.0,120.0,186.0,201.0,213.0,214.0,215.0,253.0,293.0,299.0,304.0,359.0,373.0,388.0,398.0,404.0,426.0,454.0,503.0,522.0,526.0,620.0,625.0,637.0,694.0,729.0,739.0,770.0,796.0,799.0,820.0,872.0,884.0,916.0,934.0,950.0,963.0,965.0,
34.0,39.0,96.0,144.0,144.0,146.0,179.0,186.0,202.0,213.0,225.0,226.0,295.0,296.0,306.0,310.0,337.0,360.0,366.0,393.0,417.0,424.0,460.0,462.0,470.0,506.0,538.0,562.0,589.0,659.0,664.0,678.0,709.0,758.0,799.0,869.0,875.0,894.0,910.0,
16.0,56.0,60.0,62.0,76.0,84.0,91.0,112.0,157.0,169.0,170.0,179.0,201.0,204.0,204.0,256.0,310.0,314.0,339.0,347.0,378.0,403.0,415.0,443.0,456.0,511.0,511.0,542.0,545.0,545.0,552.0,569.0,573.0,631.0,639.0,692.0,723.0,742.0,754.0,759.0,774.0,788.0,802.0,810.0,821.0,861.0,918.0,942.0,968.0,995.0,995.0,
8.0,31.0,51.0,61.0,62.0,99.0,112.0,117.0,189.0,193.0,201.0,205.0,224.0,227.0,271.0,273.0,328.0,366.0,398.0,400.0,419.0,463.0,467.0,542.0,584.0,609.0,620.0,658.0,659.0,687.0,718.0,721.0,756.0,809.0,833.0,846.0,863.0,865.0,873.0,914.0,938.0,952.0,962.0,982.0,
31.0,49.0,101.0,108.0,151.0,159.0,229.0,232.0,304.0,376.0,448.0,496.0,507.0,521.0,532.0,549.0,550.0,637.0,644.0,687.0,708.0,771.0,780.0,782.0,790.0,840.0,870.0,921.0,957.0,959.0,978.0,
9.0,34.0,80.0,92.0,95.0,123.0,126.0,134.0,152.0,159.0,160.0,191.0,259.0,359.0,406.0,469.0,470.0,480.0,503.0,518.0,608.0,682.0,688.0,846.0,868.0,882.0,938.0,995.0,
38.0,136.0,172.0,184.0,232.0,286.0,349.0,379.0,392.0,457.0,482.0,522.0,528.0,537.0,544.0,557.0,578.0,603.0,647.0,659.0,726.0,785.0,790.0,828.0,837.0,860.0,874.0,878.0,896.0,902.0,941.0,948.0,982.0,991.0,
15.0,59.0,77.0,78.0,101.0,129.0,137.0,154.0,157.0,206.0,232.0,244.0,253.0,265.0,287.0,317.0,323.0,330.0,341.0,400.0,410.0,444.0,476.0,499.0,500.0,560.0,604.0,646.0,699.0,723.0,730.0,769.0,790.0,810.0,833.0,848.0,861.0,871.0,880.0,894.0,926.0,950.0,993.0,999.0,1000.0,
64.0,122.0,140.0,192.0,267.0,297.0,323.0,330.0,364.0,419.0,426.0,432.0,503.0,539.0,645.0,716.0,739.0,753.0,755.0,773.0,836.0,894.0,946.0,993.0,
12.0,27.0,36.0,45.0,52.0,56.0,68.0,96.0,107.0,136.0,139.0,150.0,213.0,232.0,234.0,237.0,253.0,285.0,318.0,324.0,339.0,348.0,378.0,454.0,495.0,497.0,540.0,582.0,582.0,592.0,647.0,669.0,720.0,757.0,766.0,775.0,816.0,880.0,886.0,898.0,927.0,
37.0,79.0,84.0,98.0,105.0,120.0,121.0,189.0,214.0,234.0,270.0,290.0,291.0,298.0,316.0,346.0,359.0,384.0,450.0,473.0,508.0,512.0,514.0,656.0,657.0,689.0,720.0,782.0,840.0,856.0,881.0,892.0,896.0,906.0,934.0,956.0,958.0,964.0,991.0,997.0,
28.0,47.0,59.0,62.0,97.0,114.0,137.0,151.0,189.0,216.0,254.0,259.0,286.0,348.0,355.0,361.0,406.0,455.0,477.0,523.0,540.0,543.0,568.0,616.0,629.0,647.0,658.0,758.0,794.0,799.0,816.0,835.0,859.0,861.0,910.0,941.0,974.0,996.0,998.0,
56.0,61.0,84.0,95.0,109.0,121.0,125.0,130.0,143.0,168.0,188.0,202.0,231.0,249.0,279.0,286.0,295.0,348.0,355.0,416.0,477.0,484.0,492.0,509.0,704.0,709.0,712.0,785.0,791.0,829.0,895.0,963.0,
7.0,9.0,52.0,55.0,60.0,127.0,177.0,195.0,219.0,223.0,227.0,238.0,260.0,263.0,279.0,299.0,341.0,355.0,389.0,413.0,427.0,446.0,447.0,501.0,506.0,573.0,627.0,687.0,700.0,783.0,795.0,899.0,971.0,973.0,997.0,
20.0,55.0,63.0,71.0,182.0,187.0,187.0,198.0,201.0,243.0,274.0,286.0,290.0,294.0,317.0,333.0,370.0,392.0,405.0,407.0,412.0,422.0,463.0,482.0,546.0,553.0,650.0,676.0,691.0,715.0,783.0,786.0,791.0,794.0,818.0,841.0,952.0,987.0,994.0,
40.0,43.0,87.0,104.0,210.0,219.0,242.0,267.0,296.0,297.0,342.0,345.0,371.0,438.0,478.0,513.0,578.0,606.0,613.0,622.0,637.0,639.0,647.0,689.0,722.0,747.0,802.0,865.0,867.0,882.0,904.0,905.0,918.0,937.0,960.0,987.0,989.0,
34.0,60.0,95.0,136.0,160.0,207.0,246.0,289.0,318.0,337.0,398.0,415.0,415.0,426.0,447.0,537.0,576.0,590.0,597.0,599.0,606.0,616.0,638.0,656.0,673.0,692.0,715.0,750.0,788.0,819.0,819.0,825.0,826.0,931.0,938.0,944.0,982.0,996.0,
13.0,28.0,33.0,34.0,64.0,102.0,167.0,195.0,221.0,268.0,286.0,286.0,367.0,391.0,412.0,508.0,525.0,529.0,535.0,544.0,552.0,569.0,578.0,600.0,738.0,811.0,812.0,822.0,838.0,851.0,888.0,903.0,978.0,
16.0,19.0,32.0,107.0,108.0,119.0,127.0,139.0,177.0,209.0,213.0,283.0,308.0,316.0,339.0,407.0,417.0,451.0,520.0,533.0,566.0,575.0,619.0,631.0,649.0,691.0,712.0,714.0,769.0,803.0,803.0,850.0,854.0,894.0,978.0,
17.0,46.0,131.0,148.0,156.0,157.0,183.0,257.0,269.0,327.0,327.0,395.0,407.0,416.0,438.0,446.0,452.0,454.0,522.0,524.0,556.0,586.0,605.0,663.0,739.0,749.0,766.0,778.0,815.0,818.0,824.0,889.0,890.0,906.0,948.0,
2.0,25.0,60.0,124.0,164.0,223.0,234.0,386.0,448.0,452.0,458.0,494.0,506.0,540.0,575.0,647.0,664.0,669.0,689.0,718.0,718.0,735.0,792.0,810.0,870.0,904.0,967.0,975.0,
45.0,78.0,140.0,154.0,160.0,227.0,241.0,246.0,270.0,277.0,288.0,305.0,317.0,324.0,340.0,341.0,413.0,422.0,426.0,434.0,438.0,439.0,443.0,459.0,536.0,543.0,555.0,590.0,631.0,647.0,651.0,686.0,694.0,697.0,733.0,738.0,752.0,754.0,768.0,798.0,823.0,830.0,836.0,842.0,895.0,925.0,929.0,942.0,
9.0,39.0,48.0,105.0,115.0,141.0,142.0,158.0,171.0,235.0,253.0,270.0,309.0,314.0,339.0,343.0,453.0,455.0,477.0,516.0,531.0,599.0,599.0,617.0,618.0,622.0,639.0,675.0,693.0,707.0,711.0,721.0,724.0,760.0,791.0,810.0,821.0,862.0,866.0,892.0,917.0,935.0,940.0,946.0,996.0,
30.0,60.0,82.0,88.0,102.0,127.0,160.0,230.0,238.0,248.0,266.0,287.0,325.0,341.0,363.0,395.0,428.0,500.0,543.0,548.0,555.0,614.0,628.0,688.0,693.0,703.0,719.0,775.0,809.0,853.0,860.0,892.0,902.0,937.0,938.0,957.0,973.0,
24.0,32.0,77.0,105.0,119.0,166.0,219.0,251.0,337.0,382.0,415.0,440.0,444.0,514.0,527.0,530.0,568.0,582.0,582.0,582.0,606.0,609.0,650.0,714.0,785.0,851.0,892.0,899.0,935.0,942.0,
31.0,149.0,151.0,237.0,267.0,295.0,302.0,332.0,343.0,355.0,372.0,374.0,377.0,380.0,414.0,443.0,477.0,510.0,520.0,571.0,572.0,598.0,605.0,666.0,714.0,757.0,845.0,846.0,846.0,851.0,878.0,895.0,921.0,931.0,934.0,938.0,945.0,972.0,974.0,
51.0,62.0,93.0,143.0,156.0,179.0,183.0,201.0,206.0,261.0,286.0,288.0,316.0,321.0,394.0,401.0,423.0,428.0,499.0,511.0,511.0,538.0,542.0,568.0,583.0,601.0,637.0,678.0,733.0,758.0,773.0,789.0,809.0,827.0,836.0,866.0,886.0,889.0,952.0,976.0,982.0,
5.0,29.0,39.0,105.0,165.0,182.0,214.0,215.0,264.0,306.0,314.0,318.0,439.0,441.0,445.0,463.0,465.0,540.0,550.0,554.0,600.0,652.0,673.0,681.0,683.0,727.0,793.0,805.0,870.0,907.0,912.0,928.0,937.0,982.0,
7.0,11.0,53.0,63.0,75.0,108.0,109.0,133.0,135.0,194.0,216.0,234.0,243.0,277.0,321.0,352.0,372.0,427.0,489.0,546.0,587.0,651.0,677.0,743.0,755.0,785.0,797.0,803.0,815.0,843.0,858.0,904.0,913.0,939.0,948.0,
6.0,14.0,17.0,52.0,88.0,128.0,138.0,138.0,217.0,220.0,234.0,241.0,243.0,244.0,262.0,273.0,276.0,300.0,301.0,301.0,337.0,358.0,359.0,367.0,388.0,392.0,415.0,434.0,436.0,445.0,458.0,463.0,512.0,555.0,561.0,571.0,598.0,612.0,632.0,637.0,755.0,779.0,894.0,895.0,896.0,974.0,
43.0,47.0,125.0,167.0,205.0,227.0,235.0,235.0,255.0,264.0,272.0,319.0,327.0,348.0,358.0,371.0,442.0,454.0,511.0,536.0,563.0,563.0,609.0,609.0,658.0,662.0,685.0,687.0,722.0,742.0,763.0,776.0,835.0,917.0,932.0,
2.0,5.0,6.0,49.0,55.0,77.0,103.0,113.0,120.0,147.0,188.0,195.0,199.0,209.0,216.0,218.0,258.0,268.0,273.0,287.0,381.0,394.0,415.0,427.0,432.0,446.0,466.0,530.0,542.0,576.0,592.0,614.0,620.0,662.0,662.0,689.0,736.0,778.0,835.0,837.0,839.0,846.0,878.0,891.0,897.0,921.0,978.0,980.0,984.0,
13.0,23.0,28.0,35.0,138.0,147.0,160.0,176.0,216.0,265.0,309.0,343.0,374.0,388.0,393.0,432.0,437.0,449.0,495.0,499.0,539.0,543.0,558.0,577.0,604.0,656.0,657.0,682.0,739.0,757.0,770.0,777.0,786.0,790.0,797.0,811.0,865.0,868.0,890.0,967.0,968.0,968.0,982.0,984.0,
26.0,41.0,66.0,115.0,161.0,187.0,191.0,193.0,202.0,214.0,242.0,430.0,455.0,521.0,597.0,609.0,685.0,726.0,729.0,776.0,779.0,817.0,821.0,858.0,867.0,872.0,897.0,902.0,947.0,1000.0,
15.0,19.0,24.0,76.0,158.0,201.0,229.0,315.0,469.0,480.0,529.0,632.0,640.0,648.0,701.0,719.0,723.0,726.0,728.0,743.0,749.0,758.0,879.0,910.0,934.0,957.0,973.0,
34.0,56.0,66.0,90.0,174.0,174.0,177.0,289.0,306.0,312.0,322.0,322.0,339.0,358.0,360.0,360.0,397.0,401.0,446.0,450.0,456.0,474.0,526.0,529.0,535.0,588.0,593.0,596.0,611.0,617.0,634.0,646.0,659.0,666.0,684.0,731.0,739.0,770.0,779.0,795.0,822.0,838.0,847.0,881.0,896.0,897.0,903.0,925.0,964.0,974.0,979.0,
114.0,142.0,179.0,274.0,357.0,423.0,466.0,508.0,574.0,697.0,700.0,785.0,810.0,827.0,845.0,852.0,863.0,877.0,907.0,957.0,
3.0,27.0,67.0,79.0,118.0,121.0,146.0,211.0,229.0,257.0,262.0,279.0,322.0,355.0,371.0,385.0,402.0,427.0,445.0,472.0,473.0,483.0,496.0,552.0,563.0,579.0,590.0,597.0,640.0,640.0,675.0,713.0,724.0,756.0,768.0,873.0,884.0,935.0,947.0,983.0,
57.0,74.0,79.0,207.0,215.0,226.0,232.0,238.0,248.0,251.0,253.0,284.0,347.0,360.0,389.0,412.0,422.0,448.0,471.0,531.0,544.0,566.0,617.0,642.0,668.0,707.0,718.0,807.0,825.0,827.0,875.0,895.0,905.0,936.0,940.0,955.0,978.0,
25.0,55.0,75.0,92.0,137.0,147.0,154.0,204.0,219.0,225.0,244.0,259.0,281.0,283.0,284.0,301.0,317.0,371.0,375.0,405.0,453.0,457.0,479.0,481.0,502.0,531.0,533.0,588.0,653.0,691.0,708.0,824.0,825.0,860.0,878.0,884.0,890.0,935.0,983.0,998.0,
35.0,56.0,62.0,69.0,140.0,229.0,231.0,329.0,330.0,356.0,363.0,386.0,409.0,479.0,501.0,519.0,531.0,546.0,558.0,570.0,599.0,604.0,626.0,627.0,644.0,657.0,659.0,661.0,692.0,697.0,795.0,804.0,845.0,933.0,959.0,984.0,
26.0,31.0,48.0,121.0,122.0,195.0,197.0,248.0,267.0,268.0,290.0,342.0,390.0,394.0,430.0,438.0,438.0,441.0,487.0,515.0,600.0,629.0,635.0,713.0,752.0,777.0,811.0,831.0,847.0,861.0,901.0,946.0,
35.0,52.0,95.0,138.0,151.0,172.0,182.0,238.0,288.0,293.0,301.0,340.0,396.0,424.0,438.0,444.0,494.0,575.0,585.0,632.0,633.0,644.0,685.0,696.0,698.0,700.0,731.0,761.0,794.0,824.0,903.0,905.0,914.0,980.0,997.0,
18.0,57.0,81.0,95.0,97.0,131.0,152.0,169.0,220.0,245.0,312.0,428.0,441.0,449.0,460.0,482.0,501.0,503.0,
18.0,42.0,91.0,184.0,190.0,194.0,233.0,313.0,318.0,344.0,363.0,405.0,420.0,423.0,483.0,487.0,498.0,498.0,563.0,673.0,674.0,686.0,708.0,781.0,828.0,836.0,837.0,931.0,932.0,
24.0,71.0,99.0,117.0,150.0,175.0,193.0,215.0,237.0,253.0,294.0,301.0,311.0,312.0,345.0,360.0,389.0,389.0,407.0,482.0,493.0,495.0,498.0,510.0,550.0,592.0,606.0,609.0,612.0,786.0,801.0,822.0,859.0,877.0,887.0,891.0,893.0,901.0,921.0,947.0,989.0,994.0,
17.0,27.0,166.0,179.0,212.0,227.0,254.0,302.0,304.0,326.0,339.0,362.0,363.0,377.0,416.0,450.0,566.0,588.0,588.0,588.0,623.0,683.0,691.0,698.0,758.0,765.0,811.0,817.0,823.0,839.0,857.0,872.0,896.0,980.0,
41.0,115.0,145.0,154.0,158.0,207.0,213.0,243.0,247.0,272.0,317.0,333.0,372.0,404.0,429.0,474.0,480.0,511.0,526.0,546.0,556.0,559.0,583.0,596.0,598.0,600.0,627.0,628.0,638.0,699.0,701.0,709.0,812.0,815.0,819.0,867.0,869.0,873.0,891.0,908.0,911.0,939.0,948.0,964.0,970.0,973.0,990.0,
9.0,11.0,60.0,70.0,136.0,140.0,149.0,152.0,155.0,173.0,179.0,179.0,230.0,248.0,251.0,258.0,263.0,268.0,280.0,302.0,327.0,337.0,382.0,396.0,402.0,403.0,445.0,456.0,510.0,517.0,534.0,535.0,543.0,546.0,564.0,567.0,600.0,629.0,637.0,644.0,647.0,669.0,673.0,696.0,711.0,715.0,731.0,745.0,815.0,834.0,838.0,841.0,863.0,873.0,879.0,916.0,924.0,982.0,996.0,
10.0,43.0,43.0,56.0,72.0,100.0,106.0,123.0,215.0,240.0,303.0,362.0,386.0,411.0,476.0,488.0,517.0,521.0,571.0,590.0,596.0,597.0,675.0,711.0,743.0,771.0,773.0,806.0,814.0,818.0,870.0,927.0,941.0,942.0,
49.0,61.0,67.0,113.0,113.0,126.0,132.0,143.0,168.0,174.0,201.0,205.0,224.0,229.0,285.0,334.0,343.0,386.0,405.0,414.0,418.0,427.0,429.0,488.0,564.0,612.0,666.0,811.0,820.0,883.0,907.0,968.0,
23.0,28.0,35.0,110.0,149.0,165.0,272.0,286.0,296.0,446.0,460.0,489.0,491.0,609.0,629.0,675.0,680.0,704.0,707.0,709.0,735.0,739.0,750.0,805.0,854.0,927.0,941.0,945.0,999.0,
5.0,6.0,26.0,39.0,46.0,75.0,83.0,89.0,91.0,107.0,128.0,142.0,183.0,209.0,215.0,243.0,251.0,262.0,282.0,305.0,308.0,362.0,364.0,412.0,413.0,421.0,485.0,486.0,507.0,516.0,519.0,554.0,559.0,564.0,580.0,583.0,596.0,622.0,675.0,746.0,783.0,808.0,818.0,818.0,824.0,880.0,881.0,882.0,902.0,941.0,
106.0,185.0,272.0,313.0,321.0,356.0,423.0,465.0,495.0,602.0,611.0,676.0,724.0,746.0,757.0,759.0,782.0,840.0,859.0,870.0,909.0,925.0,934.0,955.0,
10.0,10.0,86.0,140.0,154.0,163.0,173.0,204.0,213.0,220.0,238.0,265.0,276.0,293.0,329.0,346.0,360.0,372.0,395.0,419.0,435.0,472.0,472.0,483.0,543.0,583.0,592.0,602.0,610.0,649.0,651.0,656.0,690.0,709.0,775.0,817.0,838.0,842.0,868.0,872.0,885.0,955.0,960.0,975.0,
165.0,202.0,239.0,243.0,258.0,274.0,292.0,298.0,304.0,316.0,337.0,342.0,343.0,473.0,493.0,510.0,532.0,574.0,578.0,603.0,646.0,731.0,747.0,776.0,791.0,827.0,834.0,888.0,891.0,907.0,920.0,926.0,966.0,984.0,987.0,
12.0,38.0,60.0,167.0,208.0,287.0,386.0,410.0,456.0,475.0,520.0,526.0,527.0,542.0,576.0,587.0,596.0,602.0,619.0,643.0,715.0,715.0,726.0,737.0,739.0,789.0,872.0,881.0,890.0,912.0,923.0,950.0,
93.0,99.0,116.0,129.0,214.0,223.0,240.0,245.0,279.0,284.0,296.0,315.0,341.0,366.0,368.0,376.0,379.0,444.0,499.0,516.0,522.0,522.0,537.0,537.0,559.0,559.0,564.0,583.0,597.0,688.0,761.0,763.0,804.0,812.0,820.0,823.0,866.0,915.0,938.0,972.0,974.0,983.0,992.0,
53.0,71.0,114.0,121.0,148.0,164.0,253.0,295.0,332.0,361.0,396.0,398.0,511.0,540.0,547.0,594.0,611.0,621.0,632.0,704.0,793.0,800.0,896.0,949.0,988.0,
27.0,43.0,43.0,73.0,95.0,152.0,172.0,185.0,189.0,236.0,242.0,277.0,302.0,306.0,331.0,344.0,347.0,352.0,373.0,376.0,387.0,403.0,445.0,450.0,511.0,525.0,537.0,587.0,591.0,631.0,632.0,686.0,688.0,694.0,716.0,719.0,735.0,850.0,860.0,888.0,926.0,946.0,978.0,
12.0,22.0,28.0,66.0,203.0,233.0,250.0,262.0,305.0,346.0,413.0,416.0,428.0,477.0,501.0,501.0,502.0,507.0,513.0,554.0,577.0,580.0,589.0,616.0,674.0,680.0,730.0,739.0,797.0,830.0,869.0,882.0,891.0,901.0,915.0,988.0,
15.0,73.0,109.0,112.0,143.0,199.0,208.0,227.0,230.0,260.0,263.0,276.0,323.0,404.0,410.0,423.0,439.0,454.0,493.0,517.0,551.0,584.0,595.0,624.0,626.0,655.0,674.0,695.0,730.0,733.0,779.0,824.0,826.0,851.0,933.0,934.0,937.0,942.0,982.0,
10.0,45.0,51.0,141.0,152.0,210.0,228.0,233.0,246.0,285.0,389.0,402.0,416.0,419.0,456.0,459.0,465.0,491.0,550.0,560.0,587.0,593.0,606.0,638.0,652.0,654.0,662.0,671.0,772.0,825.0,838.0,850.0,853.0,853.0,855.0,895.0,921.0,958.0,977.0,989.0,
8.0,19.0,50.0,78.0,123.0,166.0,181.0,200.0,252.0,261.0,266.0,268.0,289.0,298.0,359.0,367.0,382.0,434.0,448.0,495.0,528.0,567.0,568.0,574.0,586.0,608.0,625.0,673.0,803.0,813.0,814.0,825.0,848.0,878.0,933.0,
46.0,85.0,114.0,176.0,181.0,201.0,266.0,285.0,309.0,313.0,347.0,352.0,371.0,391.0,412.0,423.0,450.0,542.0,543.0,566.0,594.0,600.0,629.0,637.0,679.0,748.0,756.0,773.0,860.0,880.0,949.0,953.0,999.0,
22.0,32.0,46.0,86.0,95.0,129.0,138.0,194.0,218.0,314.0,327.0,333.0,343.0,364.0,397.0,442.0,450.0,458.0,471.0,481.0,497.0,530.0,567.0,610.0,720.0,772.0,785.0,844.0,866.0,869.0,895.0,928.0,928.0,936.0,939.0,961.0,967.0,990.0,998.0,
11.0,18.0,23.0,29.0,110.0,145.0,257.0,259.0,298.0,348.0,357.0,374.0,388.0,424.0,427.0,437.0,449.0,472.0,533.0,540.0,640.0,667.0,686.0,693.0,713.0,722.0,777.0,896.0,980.0,995.0,
58.0,59.0,59.0,137.0,148.0,156.0,220.0,268.0,276.0,311.0,334.0,351.0,370.0,393.0,401.0,405.0,411.0,479.0,489.0,511.0,600.0,658.0,662.0,679.0,691.0,693.0,771.0,833.0,855.0,882.0,900.0,906.0,924.0,928.0,962.0,
9.0,27.0,52.0,80.0,118.0,143.0,151.0,157.0,161.0,162.0,247.0,258.0,281.0,303.0,374.0,379.0,392.0,395.0,432.0,455.0,466.0,497.0,604.0,612.0,649.0,696.0,709.0,713.0,783.0,822.0,829.0,836.0,845.0,871.0,897.0,919.0,955.0,976.0,980.0,
30.0,32.0,69.0,69.0,75.0,82.0,87.0,88.0,106.0,107.0,125.0,135.0,146.0,180.0,207.0,214.0,279.0,317.0,368.0,419.0,448.0,454.0,465.0,476.0,478.0,493.0,566.0,595.0,687.0,702.0,704.0,707.0,731.0,748.0,909.0,911.0,925.0,971.0,980.0,988.0,
26.0,39.0,45.0,66.0,137.0,181.0,224.0,240.0,292.0,293.0,308.0,328.0,348.0,359.0,379.0,418.0,442.0,530.0,549.0,590.0,600.0,623.0,637.0,679.0,713.0,784.0,863.0,864.0,889.0,928.0,941.0,985.0,986.0,
8.0,70.0,106.0,140.0,189.0,199.0,229.0,241.0,295.0,324.0,339.0,373.0,437.0,444.0,457.0,502.0,506.0,522.0,569.0,604.0,614.0,631.0,651.0,678.0,688.0,786.0,834.0,865.0,870.0,872.0,881.0,884.0,893.0,905.0,970.0,987.0,
73.0,97.0,97.0,152.0,155.0,183.0,189.0,207.0,238.0,261.0,278.0,282.0,307.0,321.0,376.0,388.0,400.0,414.0,419.0,439.0,446.0,459.0,467.0,515.0,518.0,537.0,554.0,576.0,585.0,631.0,677.0,690.0,709.0,730.0,736.0,761.0,794.0,813.0,817.0,870.0,949.0,
10.0,43.0,77.0,93.0,155.0,181.0,185.0,210.0,223.0,289.0,306.0,371.0,380.0,383.0,407.0,437.0,460.0,467.0,487.0,536.0,564.0,652.0,664.0,669.0,673.0,691.0,737.0,786.0,788.0,792.0,793.0,810.0,843.0,844.0,860.0,879.0,913.0,991.0,
34.0,131.0,142.0,163.0,210.0,224.0,238.0,245.0,260.0,270.0,475.0,500.0,527.0,539.0,661.0,686.0,698.0,731.0,753.0,753.0,767.0,902.0,931.0,949.0,
15.0,16.0,31.0,109.0,120.0,139.0,142.0,144.0,162.0,209.0,228.0,301.0,328.0,354.0,368.0,391.0,461.0,489.0,525.0,549.0,577.0,600.0,620.0,646.0,648.0,725.0,755.0,756.0,763.0,778.0,799.0,861.0,868.0,882.0,890.0,969.0,
19.0,29.0,63.0,148.0,161.0,189.0,229.0,246.0,322.0,334.0,352.0,413.0,491.0,516.0,539.0,555.0,574.0,637.0,644.0,653.0,664.0,747.0,751.0,796.0,798.0,846.0,864.0,870.0,911.0,975.0,997.0,
13.0,25.0,41.0,61.0,80.0,117.0,120.0,127.0,144.0,174.0,179.0,245.0,271.0,321.0,332.0,361.0,376.0,390.0,403.0,449.0,496.0,612.0,614.0,713.0,719.0,722.0,724.0,759.0,800.0,831.0,832.0,861.0,861.0,881.0,891.0,899.0,981.0,
124.0,172.0,197.0,205.0,208.0,210.0,263.0,297.0,318.0,378.0,382.0,411.0,421.0,478.0,487.0,531.0,609.0,614.0,655.0,675.0,712.0,719.0,816.0,825.0,832.0,897.0,969.0,976.0,
10.0,11.0,11.0,13.0,30.0,59.0,67.0,111.0,131.0,212.0,260.0,326.0,333.0,339.0,395.0,400.0,420.0,451.0,521.0,550.0,602.0,613.0,617.0,640.0,651.0,679.0,708.0,718.0,736.0,739.0,810.0,811.0,822.0,860.0,913.0,959.0,966.0,967.0,982.0,996.0,
14.0,65.0,149.0,166.0,174.0,174.0,191.0,235.0,268.0,307.0,319.0,330.0,335.0,366.0,408.0,449.0,490.0,523.0,524.0,543.0,563.0,588.0,601.0,607.0,688.0,692.0,694.0,747.0,748.0,779.0,793.0,822.0,831.0,840.0,846.0,856.0,864.0,884.0,906.0,908.0,937.0,949.0,952.0,954.0,960.0,961.0,962.0,974.0,
16.0,40.0,50.0,67.0,83.0,103.0,136.0,177.0,235.0,250.0,282.0,308.0,324.0,330.0,395.0,400.0,416.0,452.0,668.0,737.0,751.0,763.0,770.0,771.0,778.0,792.0,808.0,932.0,941.0,952.0,958.0,961.0,
7.0,29.0,35.0,67.0,133.0,148.0,148.0,244.0,304.0,340.0,373.0,425.0,488.0,513.0,515.0,519.0,536.0,556.0,596.0,630.0,634.0,646.0,659.0,777.0,801.0,804.0,810.0,870.0,907.0,967.0,987.0,991.0,
4.0,60.0,114.0,143.0,216.0,272.0,288.0,301.0,327.0,348.0,349.0,399.0,497.0,500.0,567.0,576.0,600.0,626.0,630.0,644.0,652.0,675.0,706.0,715.0,774.0,782.0,838.0,882.0,898.0,916.0,916.0,958.0,982.0,
16.0,23.0,64.0,128.0,150.0,153.0,217.0,219.0,227.0,237.0,272.0,354.0,380.0,386.0,439.0,493.0,509.0,524.0,549.0,572.0,577.0,590.0,599.0,605.0,664.0,699.0,745.0,799.0,806.0,843.0,872.0,873.0,902.0,950.0,
46.0,70.0,72.0,84.0,86.0,133.0,138.0,144.0,164.0,185.0,273.0,277.0,329.0,360.0,381.0,391.0,393.0,403.0,410.0,439.0,442.0,492.0,509.0,517.0,559.0,573.0,578.0,594.0,597.0,619.0,698.0,714.0,742.0,763.0,768.0,769.0,773.0,784.0,822.0,905.0,933.0,957.0,959.0,964.0,973.0,
32.0,66.0,104.0,107.0,111.0,147.0,172.0,241.0,254.0,260.0,266.0,281.0,295.0,324.0,415.0,448.0,524.0,637.0,648.0,649.0,743.0,767.0,839.0,912.0,955.0,957.0,1000.0,
12.0,22.0,94.0,98.0,135.0,139.0,183.0,236.0,251.0,278.0,288.0,290.0,294.0,300.0,307.0,309.0,326.0,335.0,353.0,413.0,460.0,477.0,481.0,497.0,515.0,516.0,540.0,555.0,562.0,581.0,588.0,613.0,617.0,634.0,659.0,676.0,685.0,686.0,713.0,726.0,757.0,802.0,805.0,860.0,864.0,881.0,913.0,957.0,983.0,
