2.0,27.0,66.0,67.0,79.0,86.0,99.0,153.0,185.0,233.0,252.0,268.0,280.0,308.0,340.0,350.0,373.0,408.0,415.0,495.0,525.0,609.0,649.0,683.0,751.0,796.0,798.0,801.0,814.0,814.0,819.0,830.0,831.0,835.0,851.0,873.0,902.0,940.0,988.0,994.0,
90.0,160.0,248.0,253.0,313.0,316.0,407.0,428.0,431.0,504.0,520.0,553.0,571.0,584.0,609.0,623.0,681.0,682.0,693.0,697.0,718.0,745.0,840.0,982.0,
2.0,38.0,52.0,103.0,136.0,141.0,194.0,196.0,234.0,253.0,288.0,298.0,308.0,309.0,335.0,374.0,392.0,410.0,455.0,458.0,485.0,495.0,549.0,564.0,569.0,615.0,644.0,659.0,698.0,721.0,736.0,751.0,792.0,795.0,799.0,823.0,843.0,885.0,917.0,917.0,
50.0,69.0,127.0,130.0,163.0,183.0,185.0,264.0,278.0,278.0,358.0,374.0,385.0,435.0,436.0,442.0,446.0,492.0,535.0,550.0,574.0,598.0,629.0,661.0,674.0,688.0,825.0,831.0,831.0,847.0,861.0,865.0,885.0,933.0,987.0,993.0,
28.0,28.0,41.0,46.0,66.0,71.0,75.0,75.0,84.0,150.0,174.0,210.0,214.0,257.0,260.0,279.0,284.0,305.0,336.0,344.0,363.0,364.0,411.0,414.0,424.0,436.0,514.0,585.0,590.0,655.0,700.0,742.0,776.0,792.0,825.0,830.0,944.0,963.0,
34.0,37.0,39.0,39.0,54.0,103.0,131.0,145.0,240.0,290.0,306.0,319.0,414.0,441.0,465.0,551.0,571.0,583.0,610.0,618.0,627.0,697.0,729.0,791.0,810.0,815.0,821.0,866.0,866.0,868.0,875.0,958.0,966.0,971.0,
5.0,71.0,82.0,119.0,159.0,281.0,286.0,298.0,304.0,304.0,318.0,333.0,334.0,342.0,372.0,387.0,399.0,402.0,415.0,453.0,460.0,489.0,623.0,653.0,701.0,714.0,738.0,757.0,772.0,834.0,874.0,892.0,932.0,962.0,988.0,989.0,989.0,
5.0,18.0,21.0,26.0,31.0,32.0,37.0,80.0,91.0,96.0,99.0,110.0,192.0,227.0,276.0,298.0,320.0,360.0,371.0,387.0,395.0,400.0,418.0,418.0,422.0,438.0,439.0,442.0,457.0,472.0,474.0,479.0,517.0,572.0,578.0,610.0,655.0,664.0,712.0,767.0,810.0,832.0,845.0,866.0,885.0,889.0,910.0,924.0,931.0,969.0,994.0,
11.0,90.0,92.0,101.0,109.0,121.0,219.0,228.0,237.0,462.0,478.0,489.0,504.0,539.0,555.0,558.0,588.0,596.0,612.0,644.0,655.0,678.0,692.0,704.0,739.0,759.0,793.0,798.0,810.0,814.0,895.0,901.0,904.0,927.0,931.0,939.0,982.0,
8.0,20.0,33.0,34.0,46.0,61.0,83.0,137.0,159.0,175.0,198.0,200.0,220.0,252.0,261.0,261.0,262.0,316.0,394.0,398.0,411.0,416.0,419.0,427.0,444.0,491.0,494.0,511.0,542.0,564.0,581.0,587.0,644.0,647.0,654.0,671.0,675.0,689.0,732.0,787.0,795.0,810.0,816.0,826.0,858.0,927.0,974.0,
11.0,55.0,59.0,105.0,132.0,145.0,149.0,155.0,192.0,193.0,256.0,264.0,282.0,297.0,354.0,371.0,384.0,409.0,470.0,489.0,516.0,545.0,554.0,619.0,673.0,705.0,751.0,768.0,816.0,852.0,856.0,860.0,862.0,927.0,937.0,939.0,943.0,955.0,999.0,
5.0,22.0,41.0,137.0,166.0,186.0,198.0,221.0,229.0,233.0,236.0,258.0,354.0,391.0,399.0,407.0,441.0,473.0,502.0,577.0,584.0,593.0,616.0,638.0,639.0,652.0,682.0,763.0,776.0,781.0,869.0,905.0,
32.0,62.0,69.0,100.0,118.0,118.0,170.0,189.0,205.0,229.0,230.0,260.0,300.0,301.0,302.0,326.0,326.0,379.0,392.0,446.0,506.0,580.0,601.0,608.0,629.0,758.0,765.0,792.0,798.0,811.0,817.0,818.0,881.0,961.0,972.0,
4.0,53.0,102.0,105.0,113.0,138.0,179.0,187.0,204.0,212.0,250.0,257.0,332.0,358.0,365.0,442.0,500.0,584.0,645.0,661.0,668.0,681.0,687.0,695.0,749.0,750.0,774.0,800.0,806.0,832.0,881.0,887.0,929.0,973.0,977.0,986.0,998.0,
3.0,51.0,59.0,62.0,69.0,136.0,192.0,249.0,257.0,269.0,283.0,371.0,374.0,411.0,419.0,445.0,470.0,498.0,504.0,528.0,564.0,569.0,602.0,629.0,685.0,697.0,753.0,768.0,775.0,792.0,798.0,833.0,918.0,927.0,949.0,
39.0,66.0,88.0,102.0,114.0,135.0,172.0,222.0,253.0,261.0,317.0,329.0,342.0,352.0,361.0,431.0,481.0,515.0,525.0,576.0,592.0,598.0,694.0,699.0,700.0,761.0,764.0,776.0,778.0,819.0,866.0,981.0,
14.0,15.0,33.0,64.0,71.0,73.0,239.0,262.0,294.0,301.0,350.0,375.0,385.0,411.0,428.0,440.0,497.0,498.0,528.0,534.0,560.0,577.0,586.0,615.0,623.0,662.0,715.0,721.0,745.0,774.0,811.0,816.0,864.0,873.0,913.0,917.0,920.0,942.0,960.0,964.0,994.0,
85.0,152.0,180.0,201.0,204.0,224.0,236.0,324.0,376.0,387.0,388.0,411.0,502.0,513.0,518.0,594.0,646.0,740.0,768.0,779.0,788.0,793.0,818.0,912.0,929.0,940.0,952.0,
66.0,74.0,83.0,137.0,158.0,209.0,236.0,237.0,270.0,284.0,306.0,316.0,322.0,327.0,332.0,367.0,380.0,386.0,394.0,402.0,475.0,476.0,490.0,509.0,530.0,598.0,624.0,633.0,652.0,659.0,735.0,775.0,781.0,818.0,822.0,823.0,824.0,866.0,879.0,963.0,991.0,
11.0,35.0,73.0,74.0,108.0,113.0,154.0,159.0,261.0,278.0,306.0,399.0,420.0,489.0,536.0,555.0,591.0,624.0,655.0,676.0,677.0,735.0,740.0,870.0,873.0,874.0,880.0,885.0,915.0,950.0,955.0,965.0,990.0,
12.0,39.0,51.0,83.0,139.0,148.0,215.0,233.0,283.0,315.0,336.0,364.0,369.0,381.0,431.0,451.0,474.0,532.0,576.0,589.0,628.0,632.0,658.0,663.0,689.0,727.0,770.0,773.0,790.0,852.0,893.0,908.0,920.0,965.0,967.0,970.0,986.0,987.0,995.0,
56.0,64.0,79.0,104.0,136.0,169.0,229.0,243.0,324.0,337.0,346.0,363.0,365.0,404.0,459.0,480.0,497.0,507.0,524.0,550.0,553.0,565.0,583.0,606.0,639.0,640.0,655.0,688.0,738.0,759.0,872.0,874.0,876.0,931.0,950.0,986.0,
62.0,67.0,67.0,76.0,110.0,118.0,161.0,161.0,193.0,207.0,237.0,295.0,330.0,348.0,373.0,428.0,490.0,493.0,507.0,521.0,530.0,561.0,571.0,583.0,598.0,661.0,664.0,673.0,691.0,774.0,775.0,827.0,851.0,889.0,930.0,930.0,936.0,939.0,961.0,988.0,
30.0,33.0,49.0,49.0,82.0,109.0,114.0,129.0,140.0,174.0,179.0,225.0,246.0,263.0,266.0,269.0,274.0,303.0,307.0,327.0,344.0,411.0,416.0,420.0,444.0,482.0,514.0,525.0,534.0,545.0,545.0,587.0,629.0,670.0,718.0,773.0,785.0,825.0,845.0,880.0,937.0,957.0,
31.0,38.0,42.0,42.0,62.0,65.0,155.0,157.0,235.0,259.0,419.0,430.0,462.0,477.0,517.0,556.0,564.0,573.0,651.0,659.0,665.0,705.0,730.0,749.0,783.0,827.0,830.0,844.0,882.0,922.0,951.0,983.0,
11.0,29.0,151.0,186.0,288.0,352.0,466.0,594.0,600.0,603.0,616.0,625.0,668.0,675.0,689.0,712.0,729.0,736.0,763.0,851.0,879.0,927.0,950.0,985.0,
72.0,116.0,118.0,180.0,189.0,285.0,287.0,306.0,306.0,339.0,342.0,396.0,419.0,421.0,428.0,482.0,488.0,615.0,626.0,653.0,656.0,703.0,725.0,730.0,745.0,751.0,752.0,768.0,770.0,833.0,836.0,844.0,863.0,863.0,903.0,911.0,
13.0,13.0,58.0,78.0,129.0,173.0,185.0,186.0,193.0,194.0,202.0,225.0,326.0,336.0,421.0,430.0,436.0,441.0,485.0,488.0,516.0,569.0,590.0,621.0,639.0,701.0,702.0,722.0,738.0,742.0,745.0,753.0,810.0,812.0,848.0,886.0,917.0,930.0,951.0,964.0,
95.0,132.0,155.0,167.0,210.0,224.0,248.0,276.0,402.0,415.0,435.0,497.0,516.0,582.0,591.0,622.0,637.0,702.0,764.0,792.0,813.0,816.0,834.0,844.0,848.0,889.0,957.0,959.0,985.0,
40.0,66.0,86.0,120.0,147.0,161.0,163.0,294.0,335.0,337.0,343.0,345.0,351.0,400.0,416.0,422.0,521.0,543.0,553.0,658.0,704.0,779.0,790.0,841.0,856.0,860.0,861.0,861.0,867.0,891.0,935.0,961.0,964.0,
20.0,67.0,113.0,134.0,151.0,156.0,257.0,258.0,262.0,263.0,350.0,354.0,368.0,380.0,396.0,476.0,515.0,522.0,536.0,590.0,659.0,671.0,675.0,688.0,712.0,752.0,756.0,777.0,799.0,806.0,854.0,938.0,946.0,963.0,976.0,984.0,
49.0,79.0,169.0,215.0,233.0,343.0,383.0,393.0,411.0,458.0,468.0,484.0,511.0,512.0,556.0,567.0,608.0,653.0,724.0,757.0,764.0,
22.0,40.0,52.0,55.0,61.0,71.0,121.0,123.0,126.0,128.0,156.0,176.0,198.0,225.0,229.0,356.0,359.0,385.0,402.0,408.0,442.0,458.0,506.0,515.0,531.0,538.0,560.0,579.0,730.0,793.0,811.0,880.0,919.0,938.0,960.0,
60.0,73.0,102.0,154.0,192.0,192.0,285.0,303.0,310.0,321.0,348.0,366.0,381.0,434.0,453.0,456.0,578.0,591.0,642.0,649.0,654.0,657.0,682.0,708.0,713.0,732.0,789.0,831.0,856.0,944.0,945.0,
5.0,41.0,48.0,52.0,65.0,75.0,137.0,191.0,201.0,225.0,280.0,323.0,339.0,385.0,391.0,413.0,451.0,451.0,468.0,488.0,513.0,557.0,562.0,646.0,659.0,662.0,673.0,698.0,713.0,734.0,764.0,852.0,863.0,878.0,907.0,922.0,967.0,
26.0,106.0,109.0,117.0,212.0,292.0,293.0,331.0,385.0,428.0,477.0,490.0,495.0,501.0,540.0,540.0,558.0,578.0,607.0,628.0,674.0,686.0,706.0,717.0,728.0,748.0,756.0,830.0,858.0,861.0,871.0,880.0,904.0,905.0,939.0,969.0,976.0,985.0,
42.0,69.0,130.0,150.0,203.0,226.0,262.0,262.0,281.0,319.0,398.0,400.0,426.0,435.0,445.0,458.0,484.0,558.0,561.0,612.0,620.0,621.0,681.0,689.0,706.0,736.0,766.0,822.0,862.0,890.0,891.0,903.0,930.0,961.0,970.0,992.0,
52.0,71.0,108.0,142.0,153.0,198.0,219.0,235.0,242.0,255.0,270.0,339.0,360.0,426.0,451.0,458.0,461.0,489.0,499.0,507.0,513.0,514.0,606.0,622.0,642.0,697.0,703.0,739.0,750.0,751.0,763.0,809.0,814.0,824.0,833.0,855.0,857.0,867.0,879.0,908.0,934.0,944.0,949.0,954.0,985.0,
17.0,37.0,130.0,137.0,159.0,165.0,174.0,183.0,210.0,222.0,231.0,235.0,248.0,338.0,339.0,358.0,359.0,363.0,364.0,415.0,418.0,439.0,441.0,449.0,573.0,615.0,662.0,666.0,669.0,742.0,782.0,834.0,851.0,891.0,895.0,928.0,932.0,992.0,
23.0,66.0,89.0,132.0,157.0,179.0,192.0,215.0,217.0,356.0,365.0,397.0,417.0,433.0,517.0,524.0,562.0,563.0,572.0,617.0,653.0,683.0,699.0,749.0,763.0,806.0,807.0,824.0,829.0,853.0,886.0,886.0,888.0,940.0,948.0,952.0,
23.0,74.0,114.0,146.0,150.0,160.0,196.0,199.0,280.0,284.0,308.0,327.0,357.0,361.0,366.0,378.0,447.0,474.0,518.0,550.0,552.0,580.0,637.0,663.0,668.0,740.0,745.0,765.0,843.0,855.0,866.0,931.0,987.0,
17.0,21.0,70.0,78.0,88.0,100.0,103.0,167.0,181.0,190.0,310.0,370.0,371.0,404.0,433.0,517.0,566.0,585.0,698.0,713.0,734.0,741.0,815.0,821.0,850.0,871.0,888.0,971.0,1000.0,
20.0,108.0,140.0,164.0,183.0,219.0,248.0,268.0,275.0,342.0,359.0,359.0,429.0,441.0,441.0,470.0,509.0,592.0,595.0,650.0,684.0,759.0,770.0,790.0,864.0,877.0,883.0,894.0,929.0,955.0,959.0,985.0,995.0,
2.0,106.0,145.0,149.0,170.0,183.0,207.0,239.0,247.0,304.0,314.0,341.0,358.0,389.0,395.0,451.0,515.0,537.0,556.0,590.0,590.0,665.0,686.0,691.0,695.0,695.0,792.0,845.0,874.0,935.0,943.0,957.0,958.0,971.0,
39.0,40.0,46.0,102.0,167.0,168.0,172.0,218.0,250.0,289.0,346.0,374.0,392.0,430.0,496.0,498.0,532.0,532.0,544.0,577.0,612.0,657.0,681.0,706.0,719.0,796.0,800.0,835.0,860.0,863.0,867.0,872.0,874.0,881.0,897.0,951.0,959.0,978.0,991.0,993.0,
55.0,69.0,109.0,110.0,146.0,153.0,185.0,189.0,189.0,272.0,283.0,336.0,422.0,435.0,440.0,452.0,470.0,490.0,566.0,618.0,628.0,662.0,704.0,781.0,809.0,820.0,864.0,888.0,907.0,909.0,912.0,938.0,956.0,991.0,
7.0,41.0,45.0,109.0,121.0,131.0,133.0,143.0,149.0,159.0,189.0,208.0,215.0,218.0,246.0,256.0,290.0,304.0,313.0,335.0,338.0,341.0,360.0,369.0,380.0,418.0,438.0,496.0,500.0,500.0,508.0,508.0,559.0,620.0,622.0,627.0,630.0,646.0,657.0,693.0,704.0,711.0,716.0,768.0,818.0,846.0,854.0,880.0,881.0,890.0,923.0,976.0,998.0,
2.0,30.0,76.0,111.0,114.0,115.0,165.0,223.0,283.0,297.0,351.0,354.0,369.0,462.0,474.0,513.0,534.0,610.0,641.0,644.0,649.0,668.0,679.0,682.0,687.0,705.0,722.0,722.0,745.0,765.0,773.0,782.0,816.0,859.0,862.0,886.0,895.0,921.0,932.0,940.0,943.0,952.0,983.0,
114.0,116.0,125.0,138.0,138.0,187.0,195.0,207.0,219.0,253.0,274.0,292.0,302.0,327.0,356.0,423.0,614.0,625.0,648.0,670.0,718.0,736.0,745.0,856.0,872.0,877.0,884.0,910.0,933.0,936.0,
13.0,89.0,131.0,155.0,188.0,212.0,220.0,285.0,291.0,328.0,335.0,351.0,353.0,378.0,412.0,413.0,429.0,468.0,472.0,509.0,518.0,555.0,559.0,566.0,602.0,608.0,622.0,647.0,656.0,703.0,734.0,781.0,821.0,846.0,872.0,895.0,906.0,934.0,937.0,
2.0,120.0,140.0,171.0,173.0,181.0,261.0,285.0,338.0,376.0,543.0,598.0,618.0,629.0,744.0,783.0,800.0,813.0,834.0,930.0,935.0,940.0,982.0,
31.0,64.0,108.0,136.0,140.0,147.0,164.0,186.0,275.0,343.0,346.0,354.0,420.0,439.0,489.0,492.0,509.0,559.0,576.0,580.0,724.0,731.0,767.0,833.0,838.0,871.0,910.0,932.0,933.0,963.0,965.0,973.0,
50.0,106.0,212.0,231.0,254.0,287.0,296.0,321.0,352.0,374.0,417.0,443.0,453.0,453.0,468.0,498.0,530.0,543.0,544.0,553.0,582.0,615.0,645.0,667.0,738.0,753.0,758.0,764.0,844.0,854.0,887.0,912.0,932.0,965.0,967.0,968.0,971.0,972.0,
5.0,7.0,8.0,17.0,75.0,140.0,143.0,193.0,238.0,270.0,319.0,332.0,333.0,362.0,363.0,410.0,414.0,444.0,445.0,513.0,643.0,664.0,691.0,749.0,769.0,846.0,873.0,917.0,939.0,944.0,
96.0,124.0,155.0,163.0,174.0,176.0,196.0,210.0,224.0,269.0,296.0,432.0,471.0,496.0,502.0,590.0,630.0,653.0,717.0,788.0,792.0,804.0,815.0,898.0,915.0,931.0,1000.0,
40.0,43.0,81.0,113.0,127.0,130.0,177.0,224.0,252.0,264.0,329.0,340.0,404.0,417.0,427.0,444.0,
37.0,46.0,48.0,124.0,124.0,140.0,172.0,187.0,207.0,207.0,264.0,297.0,299.0,365.0,429.0,430.0,431.0,442.0,457.0,466.0,468.0,496.0,507.0,539.0,543.0,560.0,586.0,719.0,812.0,848.0,878.0,899.0,921.0,943.0,
11.0,36.0,84.0,89.0,121.0,138.0,170.0,183.0,250.0,285.0,313.0,329.0,441.0,547.0,565.0,583.0,627.0,637.0,642.0,646.0,665.0,732.0,759.0,845.0,873.0,890.0,924.0,926.0,933.0,940.0,951.0,981.0,
6.0,46.0,49.0,51.0,82.0,92.0,221.0,247.0,248.0,262.0,279.0,280.0,343.0,349.0,354.0,370.0,383.0,463.0,468.0,483.0,542.0,574.0,594.0,654.0,655.0,672.0,711.0,742.0,745.0,749.0,839.0,865.0,872.0,885.0,886.0,902.0,915.0,916.0,977.0,
13.0,27.0,54.0,62.0,91.0,93.0,108.0,147.0,160.0,162.0,198.0,225.0,281.0,294.0,314.0,318.0,320.0,334.0,338.0,342.0,421.0,445.0,506.0,564.0,569.0,655.0,694.0,710.0,792.0,794.0,805.0,882.0,882.0,987.0,989.0,999.0,
43.0,61.0,91.0,109.0,119.0,123.0,183.0,193.0,231.0,237.0,260.0,260.0,299.0,307.0,360.0,375.0,396.0,399.0,494.0,508.0,529.0,571.0,590.0,609.0,627.0,661.0,662.0,669.0,671.0,689.0,694.0,725.0,763.0,837.0,851.0,854.0,861.0,920.0,963.0,974.0,991.0,
43.0,93.0,123.0,138.0,172.0,257.0,276.0,327.0,396.0,448.0,469.0,486.0,497.0,509.0,567.0,591.0,622.0,633.0,665.0,690.0,729.0,736.0,744.0,760.0,763.0,810.0,811.0,819.0,822.0,844.0,886.0,910.0,927.0,
152.0,156.0,199.0,200.0,201.0,224.0,240.0,245.0,278.0,294.0,306.0,321.0,324.0,339.0,404.0,424.0,440.0,441.0,535.0,595.0,603.0,614.0,617.0,653.0,667.0,668.0,671.0,682.0,694.0,710.0,724.0,757.0,835.0,909.0,922.0,943.0,965.0,969.0,977.0,
21.0,117.0,202.0,249.0,285.0,313.0,314.0,323.0,328.0,345.0,378.0,379.0,418.0,438.0,467.0,496.0,519.0,520.0,527.0,571.0,585.0,628.0,638.0,638.0,717.0,728.0,781.0,794.0,795.0,821.0,841.0,845.0,883.0,888.0,962.0,
59.0,92.0,152.0,172.0,188.0,224.0,299.0,325.0,373.0,380.0,423.0,433.0,480.0,505.0,590.0,600.0,623.0,657.0,672.0,700.0,736.0,748.0,748.0,789.0,795.0,856.0,919.0,934.0,935.0,950.0,
2.0,44.0,46.0,55.0,82.0,82.0,85.0,131.0,135.0,136.0,211.0,264.0,287.0,412.0,459.0,465.0,490.0,524.0,538.0,540.0,572.0,584.0,647.0,657.0,669.0,681.0,682.0,686.0,796.0,813.0,821.0,832.0,855.0,882.0,884.0,
104.0,112.0,116.0,160.0,163.0,198.0,217.0,219.0,220.0,261.0,282.0,283.0,301.0,306.0,334.0,391.0,453.0,475.0,489.0,575.0,584.0,605.0,638.0,653.0,666.0,686.0,694.0,718.0,719.0,756.0,796.0,802.0,828.0,920.0,931.0,959.0,960.0,985.0,988.0,999.0,
69.0,97.0,110.0,124.0,198.0,242.0,283.0,327.0,342.0,373.0,396.0,433.0,433.0,468.0,486.0,533.0,536.0,566.0,628.0,674.0,676.0,739.0,760.0,822.0,841.0,855.0,920.0,926.0,982.0,985.0,
36.0,37.0,41.0,79.0,107.0,108.0,163.0,231.0,244.0,280.0,291.0,364.0,375.0,376.0,485.0,514.0,602.0,647.0,659.0,692.0,747.0,756.0,772.0,793.0,797.0,809.0,811.0,821.0,830.0,899.0,937.0,954.0,
59.0,126.0,156.0,195.0,203.0,222.0,236.0,253.0,267.0,364.0,368.0,426.0,432.0,438.0,443.0,443.0,456.0,460.0,501.0,518.0,566.0,575.0,587.0,588.0,694.0,701.0,717.0,752.0,792.0,797.0,808.0,809.0,831.0,845.0,862.0,862.0,928.0,956.0,959.0,966.0,971.0,974.0,977.0,988.0,
44.0,141.0,150.0,169.0,255.0,255.0,298.0,341.0,387.0,420.0,455.0,459.0,498.0,504.0,534.0,577.0,646.0,699.0,724.0,727.0,738.0,813.0,836.0,850.0,910.0,914.0,952.0,973.0,990.0,
5.0,25.0,36.0,37.0,69.0,70.0,85.0,120.0,145.0,176.0,197.0,220.0,249.0,256.0,292.0,294.0,344.0,401.0,419.0,459.0,495.0,532.0,542.0,590.0,592.0,599.0,610.0,633.0,653.0,723.0,728.0,756.0,777.0,779.0,779.0,815.0,834.0,885.0,893.0,893.0,943.0,944.0,
4.0,62.0,65.0,86.0,127.0,133.0,167.0,171.0,177.0,179.0,251.0,324.0,345.0,409.0,421.0,445.0,477.0,503.0,510.0,616.0,719.0,763.0,805.0,864.0,899.0,936.0,961.0,993.0,996.0,
42.0,60.0,62.0,75.0,100.0,116.0,117.0,121.0,159.0,196.0,254.0,267.0,271.0,317.0,318.0,349.0,359.0,375.0,488.0,493.0,507.0,541.0,598.0,678.0,696.0,753.0,777.0,792.0,824.0,829.0,829.0,838.0,886.0,898.0,909.0,936.0,961.0,961.0,967.0,979.0,
3.0,16.0,46.0,138.0,142.0,150.0,159.0,160.0,204.0,210.0,237.0,265.0,309.0,364.0,441.0,465.0,471.0,499.0,511.0,534.0,537.0,541.0,662.0,680.0,684.0,694.0,696.0,771.0,792.0,825.0,837.0,845.0,847.0,882.0,914.0,926.0,931.0,935.0,947.0,953.0,966.0,977.0,
68.0,68.0,70.0,82.0,84.0,93.0,172.0,254.0,256.0,273.0,278.0,278.0,282.0,290.0,315.0,316.0,369.0,418.0,433.0,492.0,501.0,530.0,541.0,542.0,651.0,657.0,665.0,666.0,667.0,680.0,718.0,728.0,756.0,793.0,799.0,813.0,848.0,861.0,871.0,897.0,903.0,907.0,985.0,
19.0,19.0,32.0,38.0,57.0,103.0,148.0,177.0,197.0,225.0,263.0,336.0,346.0,351.0,362.0,374.0,400.0,470.0,474.0,475.0,526.0,583.0,586.0,623.0,693.0,727.0,730.0,750.0,787.0,799.0,802.0,802.0,814.0,822.0,824.0,848.0,902.0,914.0,928.0,938.0,945.0,954.0,972.0,
19.0,44.0,96.0,166.0,243.0,249.0,281.0,322.0,325.0,331.0,341.0,348.0,367.0,375.0,386.0,393.0,424.0,444.0,473.0,475.0,502.0,505.0,572.0,597.0,717.0,761.0,770.0,788.0,817.0,821.0,830.0,835.0,935.0,935.0,952.0,
6.0,38.0,53.0,80.0,115.0,125.0,162.0,169.0,193.0,200.0,249.0,254.0,280.0,334.0,340.0,352.0,372.0,394.0,418.0,420.0,438.0,456.0,457.0,474.0,524.0,531.0,551.0,562.0,589.0,641.0,641.0,642.0,647.0,671.0,712.0,723.0,763.0,841.0,870.0,885.0,891.0,897.0,901.0,902.0,911.0,969.0,991.0,
102.0,181.0,211.0,293.0,370.0,382.0,436.0,458.0,470.0,497.0,503.0,510.0,521.0,557.0,568.0,579.0,597.0,599.0,628.0,631.0,658.0,677.0,725.0,729.0,740.0,749.0,793.0,809.0,817.0,831.0,852.0,856.0,865.0,877.0,902.0,923.0,925.0,977.0,989.0,992.0,993.0,
59.0,129.0,190.0,255.0,269.0,270.0,287.0,317.0,318.0,333.0,355.0,389.0,421.0,463.0,479.0,517.0,522.0,530.0,547.0,551.0,568.0,597.0,630.0,657.0,667.0,765.0,770.0,789.0,812.0,847.0,879.0,936.0,964.0,965.0,978.0,997.0,
53.0,169.0,209.0,213.0,242.0,272.0,290.0,322.0,328.0,373.0,437.0,479.0,513.0,524.0,556.0,578.0,596.0,625.0,652.0,657.0,661.0,677.0,699.0,700.0,702.0,711.0,712.0,719.0,723.0,733.0,742.0,746.0,788.0,822.0,839.0,841.0,862.0,870.0,876.0,906.0,968.0,
2.0,10.0,11.0,12.0,61.0,85.0,113.0,137.0,213.0,214.0,222.0,285.0,350.0,352.0,369.0,382.0,400.0,406.0,459.0,512.0,609.0,670.0,680.0,716.0,721.0,733.0,756.0,766.0,784.0,804.0,884.0,893.0,901.0,915.0,927.0,928.0,951.0,971.0,986.0,995.0,
30.0,38.0,53.0,119.0,124.0,137.0,144.0,160.0,167.0,191.0,228.0,353.0,389.0,400.0,406.0,429.0,443.0,460.0,511.0,530.0,554.0,594.0,624.0,629.0,658.0,661.0,720.0,743.0,770.0,808.0,861.0,867.0,932.0,952.0,960.0,
16.0,25.0,29.0,55.0,62.0,196.0,221.0,257.0,322.0,331.0,352.0,419.0,431.0,433.0,469.0,519.0,601.0,652.0,653.0,739.0,759.0,809.0,863.0,869.0,889.0,925.0,952.0,979.0,985.0,
16.0,24.0,110.0,157.0,219.0,245.0,270.0,353.0,368.0,404.0,464.0,480.0,501.0,504.0,520.0,558.0,699.0,707.0,728.0,758.0,786.0,818.0,831.0,878.0,951.0,978.0,990.0,
44.0,70.0,123.0,145.0,148.0,161.0,165.0,236.0,258.0,306.0,313.0,397.0,406.0,473.0,483.0,489.0,499.0,532.0,574.0,597.0,606.0,610.0,648.0,653.0,657.0,704.0,726.0,779.0,795.0,796.0,877.0,1000.0,
8.0,13.0,17.0,22.0,45.0,66.0,81.0,110.0,119.0,122.0,145.0,187.0,194.0,196.0,208.0,220.0,275.0,312.0,364.0,387.0,410.0,434.0,471.0,480.0,517.0,548.0,557.0,567.0,586.0,598.0,619.0,626.0,664.0,678.0,695.0,708.0,758.0,769.0,805.0,809.0,875.0,876.0,897.0,913.0,931.0,969.0,995.0,
10.0,23.0,79.0,95.0,171.0,185.0,187.0,230.0,267.0,280.0,318.0,320.0,353.0,358.0,371.0,385.0,420.0,421.0,427.0,444.0,454.0,454.0,524.0,540.0,551.0,580.0,607.0,612.0,619.0,628.0,662.0,710.0,789.0,851.0,882.0,899.0,927.0,931.0,994.0,1000.0,
3.0,17.0,21.0,33.0,60.0,102.0,117.0,140.0,152.0,163.0,332.0,349.0,368.0,372.0,380.0,383.0,411.0,411.0,485.0,499.0,504.0,543.0,545.0,566.0,574.0,615.0,617.0,620.0,628.0,705.0,748.0,776.0,779.0,781.0,787.0,797.0,820.0,822.0,826.0,904.0,911.0,912.0,968.0,973.0,
35.0,58.0,80.0,106.0,111.0,235.0,353.0,426.0,441.0,455.0,465.0,535.0,588.0,599.0,614.0,681.0,728.0,729.0,732.0,742.0,747.0,766.0,788.0,830.0,895.0,914.0,914.0,984.0,
59.0,73.0,91.0,97.0,100.0,106.0,107.0,120.0,155.0,159.0,167.0,288.0,291.0,304.0,312.0,342.0,361.0,363.0,393.0,408.0,430.0,435.0,472.0,556.0,583.0,594.0,615.0,621.0,697.0,714.0,718.0,789.0,801.0,827.0,849.0,897.0,932.0,981.0,
12.0,14.0,17.0,26.0,49.0,81.0,91.0,98.0,107.0,110.0,122.0,129.0,150.0,207.0,215.0,233.0,233.0,293.0,302.0,355.0,380.0,403.0,434.0,481.0,493.0,507.0,509.0,523.0,526.0,531.0,563.0,570.0,623.0,636.0,670.0,686.0,728.0,772.0,850.0,861.0,869.0,869.0,879.0,928.0,985.0,987.0,
5.0,11.0,28.0,47.0,91.0,110.0,125.0,148.0,158.0,182.0,184.0,226.0,250.0,256.0,256.0,323.0,383.0,402.0,425.0,493.0,520.0,552.0,583.0,610.0,631.0,640.0,714.0,760.0,825.0,931.0,956.0,991.0,
56.0,79.0,100.0,135.0,158.0,194.0,227.0,233.0,233.0,273.0,287.0,306.0,316.0,339.0,350.0,366.0,379.0,380.0,411.0,473.0,480.0,502.0,511.0,518.0,528.0,538.0,567.0,569.0,608.0,626.0,630.0,644.0,720.0,777.0,812.0,812.0,832.0,858.0,868.0,892.0,900.0,914.0,939.0,970.0,971.0,
10.0,17.0,50.0,63.0,89.0,178.0,199.0,206.0,217.0,296.0,324.0,328.0,363.0,367.0,371.0,468.0,480.0,504.0,509.0,509.0,544.0,572.0,644.0,665.0,666.0,685.0,765.0,797.0,798.0,798.0,809.0,830.0,832.0,835.0,845.0,852.0,881.0,907.0,985.0,
17.0,83.0,163.0,179.0,181.0,298.0,341.0,352.0,380.0,397.0,419.0,419.0,481.0,489.0,545.0,592.0,679.0,701.0,703.0,757.0,798.0,814.0,871.0,941.0,957.0,960.0,974.0,983.0,
37.0,44.0,76.0,88.0,115.0,143.0,171.0,184.0,204.0,222.0,225.0,229.0,256.0,266.0,338.0,340.0,363.0,378.0,417.0,425.0,454.0,513.0,572.0,589.0,599.0,641.0,643.0,644.0,646.0,663.0,712.0,720.0,735.0,749.0,765.0,789.0,792.0,814.0,868.0,885.0,941.0,952.0,962.0,965.0,987.0,992.0,
3.0,10.0,40.0,49.0,62.0,83.0,93.0,105.0,122.0,125.0,200.0,216.0,217.0,296.0,313.0,314.0,343.0,349.0,367.0,373.0,398.0,432.0,432.0,461.0,483.0,504.0,564.0,571.0,639.0,663.0,679.0,758.0,763.0,790.0,799.0,824.0,936.0,980.0,
56.0,69.0,71.0,95.0,108.0,144.0,174.0,196.0,204.0,232.0,247.0,250.0,267.0,267.0,375.0,384.0,387.0,408.0,423.0,475.0,476.0,551.0,572.0,667.0,685.0,763.0,775.0,811.0,841.0,950.0,981.0,997.0,
