21.0,26.0,32.0,50.0,90.0,146.0,229.0,299.0,315.0,338.0,368.0,424.0,438.0,526.0,563.0,565.0,584.0,591.0,615.0,618.0,660.0,717.0,729.0,762.0,765.0,793.0,805.0,808.0,824.0,827.0,834.0,839.0,902.0,907.0,938.0,943.0,971.0,
69.0,170.0,185.0,198.0,243.0,250.0,272.0,274.0,279.0,293.0,344.0,378.0,380.0,397.0,407.0,430.0,465.0,501.0,504.0,536.0,551.0,570.0,571.0,591.0,645.0,651.0,653.0,679.0,795.0,796.0,803.0,806.0,823.0,881.0,905.0,938.0,
23.0,41.0,78.0,113.0,119.0,141.0,180.0,239.0,239.0,258.0,279.0,324.0,326.0,346.0,373.0,389.0,418.0,458.0,508.0,521.0,531.0,535.0,631.0,645.0,737.0,737.0,738.0,753.0,771.0,780.0,803.0,908.0,927.0,964.0,964.0,
57.0,92.0,100.0,121.0,122.0,137.0,176.0,218.0,220.0,246.0,254.0,315.0,331.0,334.0,337.0,338.0,373.0,380.0,393.0,442.0,452.0,503.0,525.0,550.0,575.0,632.0,637.0,657.0,658.0,660.0,783.0,836.0,860.0,869.0,882.0,883.0,907.0,939.0,953.0,959.0,970.0,987.0,
20.0,50.0,68.0,143.0,145.0,151.0,202.0,211.0,248.0,250.0,286.0,290.0,307.0,311.0,330.0,345.0,403.0,415.0,422.0,442.0,484.0,490.0,527.0,558.0,560.0,580.0,598.0,604.0,606.0,615.0,712.0,721.0,761.0,866.0,866.0,874.0,886.0,893.0,903.0,932.0,951.0,978.0,
4.0,44.0,45.0,66.0,88.0,116.0,145.0,187.0,212.0,234.0,264.0,271.0,279.0,294.0,326.0,361.0,369.0,385.0,448.0,499.0,500.0,527.0,553.0,559.0,573.0,599.0,644.0,652.0,661.0,678.0,701.0,710.0,720.0,731.0,761.0,779.0,804.0,843.0,846.0,850.0,856.0,861.0,912.0,936.0,956.0,962.0,
2.0,50.0,99.0,160.0,169.0,247.0,247.0,279.0,282.0,286.0,372.0,383.0,439.0,444.0,453.0,460.0,508.0,516.0,574.0,583.0,665.0,678.0,700.0,729.0,733.0,775.0,830.0,839.0,868.0,895.0,922.0,946.0,1000.0,
23.0,25.0,69.0,77.0,78.0,88.0,88.0,108.0,109.0,128.0,167.0,211.0,232.0,242.0,266.0,270.0,295.0,309.0,317.0,374.0,400.0,420.0,428.0,430.0,439.0,453.0,459.0,582.0,600.0,619.0,644.0,695.0,732.0,795.0,796.0,808.0,844.0,858.0,861.0,873.0,901.0,903.0,946.0,952.0,964.0,972.0,
42.0,66.0,95.0,132.0,190.0,227.0,248.0,252.0,257.0,262.0,273.0,276.0,306.0,334.0,356.0,368.0,386.0,388.0,411.0,413.0,505.0,616.0,631.0,670.0,678.0,719.0,788.0,810.0,854.0,949.0,
8.0,11.0,24.0,28.0,38.0,67.0,92.0,103.0,113.0,123.0,262.0,304.0,337.0,372.0,415.0,437.0,472.0,518.0,546.0,592.0,593.0,600.0,605.0,612.0,615.0,626.0,643.0,658.0,702.0,735.0,755.0,788.0,838.0,883.0,930.0,930.0,932.0,937.0,977.0,
6.0,27.0,72.0,82.0,134.0,163.0,194.0,221.0,309.0,363.0,410.0,449.0,501.0,516.0,527.0,645.0,653.0,702.0,717.0,723.0,732.0,760.0,767.0,776.0,792.0,865.0,884.0,961.0,
45.0,56.0,117.0,133.0,167.0,180.0,248.0,253.0,255.0,259.0,290.0,298.0,304.0,310.0,340.0,383.0,446.0,478.0,498.0,518.0,550.0,564.0,607.0,653.0,672.0,679.0,690.0,693.0,718.0,762.0,765.0,832.0,865.0,899.0,946.0,953.0,956.0,974.0,
30.0,37.0,39.0,84.0,102.0,120.0,199.0,226.0,240.0,329.0,335.0,374.0,453.0,460.0,497.0,517.0,522.0,523.0,535.0,563.0,579.0,597.0,633.0,648.0,665.0,679.0,685.0,692.0,765.0,791.0,824.0,854.0,856.0,886.0,896.0,905.0,911.0,941.0,946.0,969.0,
47.0,66.0,89.0,101.0,111.0,120.0,139.0,178.0,187.0,203.0,229.0,277.0,299.0,317.0,337.0,369.0,393.0,426.0,454.0,474.0,485.0,495.0,531.0,534.0,556.0,602.0,603.0,618.0,642.0,685.0,690.0,748.0,839.0,845.0,867.0,882.0,893.0,893.0,916.0,953.0,959.0,
21.0,26.0,43.0,88.0,102.0,104.0,116.0,138.0,146.0,188.0,200.0,200.0,202.0,213.0,274.0,285.0,308.0,366.0,385.0,387.0,477.0,525.0,589.0,618.0,629.0,635.0,669.0,671.0,739.0,743.0,749.0,751.0,826.0,889.0,904.0,915.0,989.0,993.0,
41.0,49.0,60.0,64.0,81.0,106.0,109.0,120.0,140.0,154.0,157.0,244.0,257.0,283.0,293.0,316.0,343.0,347.0,349.0,370.0,385.0,388.0,427.0,455.0,471.0,497.0,498.0,503.0,524.0,528.0,563.0,615.0,686.0,691.0,699.0,768.0,772.0,778.0,800.0,815.0,839.0,860.0,866.0,913.0,981.0,988.0,
23.0,73.0,133.0,161.0,183.0,194.0,204.0,315.0,319.0,331.0,344.0,349.0,354.0,356.0,368.0,391.0,415.0,416.0,428.0,497.0,519.0,539.0,567.0,578.0,580.0,600.0,681.0,681.0,701.0,715.0,725.0,759.0,766.0,818.0,833.0,836.0,866.0,893.0,914.0,947.0,
14.0,20.0,109.0,158.0,175.0,233.0,258.0,290.0,310.0,334.0,334.0,351.0,359.0,420.0,431.0,524.0,524.0,563.0,575.0,597.0,632.0,638.0,639.0,675.0,680.0,684.0,705.0,774.0,776.0,806.0,843.0,871.0,914.0,915.0,934.0,993.0,
17.0,47.0,69.0,106.0,117.0,140.0,147.0,162.0,214.0,215.0,221.0,223.0,264.0,270.0,295.0,312.0,369.0,427.0,435.0,443.0,508.0,564.0,592.0,602.0,602.0,654.0,696.0,725.0,778.0,786.0,816.0,903.0,958.0,971.0,
68.0,73.0,75.0,141.0,141.0,151.0,175.0,280.0,364.0,375.0,402.0,443.0,446.0,471.0,506.0,512.0,532.0,533.0,565.0,603.0,633.0,670.0,676.0,699.0,740.0,802.0,857.0,874.0,887.0,947.0,978.0,989.0,998.0,
10.0,27.0,38.0,41.0,51.0,113.0,124.0,162.0,213.0,224.0,250.0,276.0,286.0,295.0,296.0,331.0,333.0,341.0,367.0,416.0,463.0,476.0,478.0,490.0,509.0,509.0,516.0,529.0,529.0,545.0,638.0,657.0,672.0,675.0,676.0,677.0,686.0,687.0,700.0,741.0,791.0,808.0,808.0,849.0,862.0,910.0,942.0,964.0,
20.0,32.0,35.0,37.0,77.0,79.0,98.0,99.0,122.0,146.0,164.0,191.0,204.0,220.0,226.0,239.0,245.0,268.0,283.0,297.0,337.0,380.0,387.0,406.0,413.0,434.0,467.0,498.0,554.0,560.0,589.0,646.0,646.0,656.0,677.0,700.0,741.0,751.0,767.0,825.0,841.0,844.0,864.0,911.0,926.0,968.0,996.0,
21.0,32.0,95.0,105.0,145.0,173.0,275.0,280.0,283.0,291.0,308.0,324.0,416.0,448.0,456.0,540.0,563.0,607.0,668.0,689.0,736.0,872.0,893.0,980.0,
17.0,33.0,48.0,75.0,110.0,165.0,217.0,238.0,265.0,298.0,446.0,462.0,477.0,505.0,521.0,522.0,533.0,553.0,564.0,637.0,651.0,707.0,722.0,726.0,756.0,766.0,785.0,815.0,836.0,854.0,904.0,962.0,
11.0,39.0,56.0,56.0,65.0,70.0,78.0,154.0,158.0,172.0,188.0,198.0,291.0,294.0,309.0,326.0,359.0,369.0,414.0,429.0,453.0,468.0,476.0,493.0,499.0,512.0,566.0,568.0,598.0,645.0,685.0,696.0,728.0,761.0,801.0,811.0,828.0,864.0,870.0,905.0,937.0,938.0,953.0,955.0,961.0,983.0,
4.0,18.0,31.0,109.0,131.0,134.0,171.0,178.0,284.0,321.0,357.0,359.0,390.0,398.0,410.0,426.0,507.0,514.0,524.0,613.0,614.0,634.0,665.0,716.0,721.0,761.0,832.0,843.0,871.0,908.0,916.0,933.0,947.0,976.0,991.0,
33.0,53.0,58.0,79.0,92.0,135.0,138.0,223.0,276.0,340.0,347.0,374.0,383.0,388.0,398.0,419.0,482.0,513.0,523.0,578.0,579.0,579.0,601.0,613.0,616.0,647.0,663.0,690.0,761.0,802.0,825.0,829.0,832.0,847.0,882.0,906.0,924.0,983.0,
30.0,86.0,87.0,109.0,145.0,147.0,189.0,198.0,224.0,236.0,243.0,258.0,275.0,275.0,303.0,328.0,435.0,484.0,506.0,539.0,597.0,633.0,707.0,747.0,770.0,827.0,887.0,903.0,948.0,953.0,991.0,
8.0,58.0,59.0,62.0,63.0,71.0,82.0,98.0,124.0,134.0,195.0,217.0,256.0,259.0,269.0,271.0,272.0,321.0,329.0,332.0,354.0,393.0,486.0,569.0,585.0,590.0,630.0,649.0,701.0,735.0,738.0,739.0,746.0,750.0,760.0,840.0,857.0,888.0,897.0,899.0,921.0,946.0,948.0,950.0,950.0,950.0,953.0,
29.0,65.0,71.0,101.0,105.0,206.0,237.0,249.0,250.0,252.0,380.0,381.0,434.0,434.0,440.0,441.0,457.0,504.0,505.0,514.0,531.0,567.0,622.0,623.0,650.0,651.0,658.0,658.0,712.0,720.0,722.0,733.0,774.0,778.0,778.0,804.0,838.0,907.0,
10.0,25.0,46.0,74.0,110.0,131.0,150.0,162.0,204.0,211.0,225.0,246.0,247.0,262.0,272.0,316.0,327.0,345.0,367.0,377.0,516.0,544.0,551.0,580.0,670.0,672.0,739.0,798.0,798.0,800.0,831.0,839.0,869.0,909.0,960.0,969.0,998.0,
23.0,25.0,45.0,61.0,64.0,73.0,73.0,96.0,100.0,122.0,127.0,139.0,144.0,161.0,200.0,287.0,291.0,309.0,336.0,356.0,356.0,376.0,377.0,412.0,440.0,461.0,474.0,505.0,533.0,632.0,678.0,694.0,788.0,814.0,834.0,878.0,960.0,
2.0,28.0,47.0,53.0,53.0,55.0,163.0,170.0,207.0,222.0,250.0,270.0,275.0,289.0,328.0,347.0,398.0,414.0,422.0,445.0,446.0,463.0,474.0,507.0,513.0,552.0,597.0,608.0,625.0,629.0,676.0,694.0,707.0,722.0,752.0,800.0,811.0,829.0,833.0,852.0,861.0,863.0,907.0,961.0,980.0,993.0,
19.0,43.0,61.0,160.0,169.0,273.0,285.0,288.0,297.0,306.0,338.0,354.0,383.0,424.0,433.0,463.0,523.0,621.0,637.0,657.0,663.0,735.0,744.0,756.0,781.0,785.0,790.0,822.0,829.0,837.0,856.0,920.0,937.0,981.0,997.0,
16.0,61.0,81.0,103.0,138.0,156.0,158.0,187.0,199.0,207.0,237.0,281.0,296.0,313.0,339.0,346.0,426.0,461.0,472.0,474.0,991.0,999.0,
28.0,53.0,57.0,106.0,114.0,123.0,182.0,195.0,234.0,236.0,237.0,267.0,294.0,341.0,356.0,369.0,388.0,402.0,455.0,460.0,472.0,486.0,509.0,
5.0,32.0,60.0,98.0,138.0,169.0,246.0,253.0,267.0,271.0,276.0,393.0,415.0,428.0,458.0,463.0,465.0,470.0,494.0,842.0,844.0,969.0,
7.0,7.0,37.0,47.0,56.0,57.0,74.0,168.0,181.0,190.0,220.0,275.0,300.0,311.0,318.0,351.0,392.0,504.0,560.0,561.0,604.0,607.0,608.0,628.0,631.0,636.0,643.0,653.0,657.0,677.0,699.0,710.0,725.0,739.0,770.0,774.0,781.0,789.0,796.0,830.0,832.0,842.0,850.0,876.0,906.0,914.0,933.0,958.0,
10.0,20.0,43.0,44.0,58.0,131.0,139.0,258.0,272.0,331.0,382.0,403.0,410.0,462.0,466.0,479.0,508.0,523.0,526.0,536.0,560.0,568.0,586.0,615.0,652.0,678.0,692.0,717.0,718.0,757.0,789.0,794.0,801.0,926.0,964.0,982.0,
14.0,26.0,138.0,151.0,163.0,192.0,192.0,193.0,196.0,202.0,213.0,224.0,231.0,239.0,284.0,292.0,314.0,325.0,327.0,328.0,343.0,346.0,370.0,382.0,383.0,397.0,447.0,456.0,483.0,491.0,498.0,508.0,564.0,570.0,582.0,596.0,668.0,684.0,694.0,713.0,721.0,797.0,800.0,851.0,867.0,880.0,898.0,905.0,979.0,
9.0,36.0,70.0,108.0,124.0,228.0,234.0,281.0,290.0,302.0,307.0,308.0,347.0,382.0,403.0,406.0,410.0,428.0,445.0,569.0,596.0,625.0,632.0,636.0,639.0,659.0,666.0,673.0,692.0,698.0,723.0,731.0,783.0,810.0,813.0,908.0,924.0,926.0,968.0,989.0,
65.0,99.0,110.0,149.0,164.0,184.0,191.0,204.0,248.0,250.0,335.0,340.0,363.0,382.0,438.0,445.0,465.0,545.0,571.0,577.0,577.0,584.0,627.0,691.0,695.0,695.0,708.0,736.0,758.0,780.0,810.0,832.0,879.0,938.0,961.0,971.0,
12.0,17.0,54.0,71.0,95.0,116.0,148.0,184.0,237.0,258.0,292.0,296.0,330.0,330.0,354.0,394.0,435.0,435.0,436.0,447.0,462.0,502.0,515.0,528.0,529.0,539.0,594.0,601.0,634.0,742.0,786.0,787.0,797.0,799.0,903.0,911.0,911.0,921.0,992.0,
10.0,29.0,31.0,34.0,53.0,56.0,70.0,75.0,109.0,112.0,137.0,142.0,190.0,192.0,198.0,200.0,209.0,222.0,241.0,257.0,270.0,275.0,291.0,320.0,321.0,351.0,369.0,370.0,405.0,431.0,499.0,773.0,808.0,960.0,
16.0,68.0,92.0,101.0,128.0,135.0,144.0,162.0,163.0,178.0,182.0,271.0,321.0,336.0,339.0,348.0,361.0,362.0,399.0,448.0,491.0,507.0,
8.0,25.0,38.0,64.0,64.0,86.0,126.0,132.0,192.0,209.0,213.0,224.0,230.0,289.0,317.0,368.0,370.0,419.0,426.0,441.0,465.0,473.0,487.0,494.0,958.0,967.0,
46.0,48.0,53.0,55.0,86.0,89.0,106.0,116.0,137.0,248.0,281.0,284.0,287.0,297.0,308.0,310.0,324.0,332.0,433.0,437.0,442.0,464.0,472.0,485.0,
10.0,14.0,17.0,21.0,36.0,132.0,171.0,216.0,219.0,235.0,270.0,310.0,311.0,314.0,325.0,366.0,414.0,430.0,437.0,445.0,479.0,488.0,783.0,877.0,880.0,923.0,947.0,
15.0,70.0,77.0,131.0,155.0,155.0,173.0,217.0,230.0,249.0,257.0,285.0,321.0,388.0,484.0,493.0,535.0,553.0,572.0,598.0,608.0,647.0,709.0,785.0,795.0,798.0,807.0,824.0,829.0,862.0,889.0,893.0,909.0,918.0,918.0,941.0,969.0,971.0,991.0,
6.0,17.0,27.0,79.0,156.0,166.0,184.0,186.0,216.0,242.0,252.0,262.0,268.0,271.0,272.0,337.0,448.0,464.0,508.0,542.0,549.0,557.0,599.0,675.0,767.0,776.0,804.0,814.0,824.0,839.0,840.0,848.0,851.0,868.0,928.0,951.0,965.0,968.0,
4.0,88.0,161.0,169.0,233.0,254.0,293.0,318.0,328.0,331.0,333.0,351.0,353.0,355.0,372.0,391.0,411.0,433.0,461.0,469.0,475.0,479.0,491.0,493.0,509.0,529.0,537.0,622.0,624.0,657.0,711.0,724.0,737.0,755.0,756.0,786.0,816.0,820.0,822.0,824.0,832.0,870.0,
19.0,72.0,122.0,145.0,191.0,220.0,252.0,272.0,290.0,309.0,310.0,312.0,363.0,372.0,382.0,385.0,393.0,402.0,414.0,421.0,427.0,441.0,468.0,487.0,495.0,553.0,566.0,578.0,632.0,665.0,685.0,712.0,747.0,777.0,878.0,902.0,922.0,932.0,936.0,994.0,
25.0,48.0,62.0,118.0,132.0,180.0,181.0,236.0,261.0,275.0,310.0,311.0,408.0,547.0,573.0,619.0,631.0,648.0,661.0,676.0,768.0,771.0,837.0,908.0,914.0,918.0,926.0,939.0,950.0,973.0,983.0,989.0,
34.0,79.0,112.0,124.0,147.0,185.0,201.0,213.0,231.0,334.0,396.0,
47.0,126.0,164.0,276.0,284.0,307.0,309.0,326.0,482.0,484.0,907.0,
5.0,20.0,60.0,67.0,106.0,141.0,178.0,206.0,392.0,436.0,446.0,489.0,494.0,499.0,968.0,
67.0,95.0,153.0,160.0,163.0,186.0,229.0,324.0,369.0,374.0,382.0,390.0,399.0,415.0,460.0,476.0,505.0,993.0,
46.0,55.0,67.0,70.0,84.0,102.0,128.0,156.0,177.0,230.0,232.0,280.0,357.0,392.0,400.0,423.0,445.0,445.0,464.0,480.0,
5.0,68.0,113.0,133.0,165.0,176.0,187.0,214.0,266.0,285.0,289.0,297.0,298.0,302.0,403.0,437.0,517.0,522.0,552.0,581.0,592.0,611.0,646.0,673.0,699.0,736.0,736.0,739.0,769.0,797.0,816.0,831.0,841.0,911.0,935.0,945.0,963.0,999.0,
13.0,18.0,32.0,41.0,46.0,122.0,166.0,175.0,176.0,204.0,267.0,273.0,302.0,331.0,332.0,356.0,439.0,494.0,500.0,517.0,554.0,610.0,650.0,653.0,689.0,689.0,696.0,720.0,726.0,729.0,765.0,859.0,894.0,958.0,965.0,978.0,998.0,
46.0,58.0,89.0,106.0,107.0,131.0,141.0,152.0,162.0,168.0,176.0,244.0,244.0,256.0,261.0,285.0,287.0,303.0,334.0,354.0,359.0,394.0,431.0,434.0,436.0,492.0,504.0,513.0,538.0,600.0,628.0,634.0,634.0,656.0,754.0,778.0,794.0,798.0,828.0,854.0,866.0,868.0,903.0,913.0,918.0,936.0,999.0,
56.0,92.0,133.0,171.0,200.0,204.0,237.0,239.0,252.0,325.0,329.0,363.0,409.0,427.0,432.0,445.0,499.0,514.0,534.0,548.0,585.0,604.0,635.0,647.0,667.0,674.0,687.0,690.0,696.0,711.0,728.0,743.0,788.0,798.0,809.0,832.0,840.0,868.0,878.0,910.0,920.0,926.0,944.0,951.0,955.0,961.0,
8.0,25.0,35.0,164.0,211.0,218.0,222.0,231.0,235.0,237.0,241.0,249.0,252.0,288.0,358.0,362.0,375.0,388.0,388.0,393.0,403.0,419.0,425.0,452.0,470.0,498.0,509.0,608.0,650.0,666.0,711.0,715.0,725.0,733.0,753.0,771.0,788.0,861.0,874.0,878.0,906.0,937.0,957.0,969.0,972.0,
69.0,90.0,115.0,161.0,177.0,178.0,225.0,257.0,263.0,279.0,318.0,322.0,348.0,356.0,491.0,505.0,766.0,805.0,896.0,995.0,
73.0,121.0,168.0,204.0,214.0,243.0,243.0,265.0,269.0,280.0,282.0,312.0,329.0,411.0,427.0,440.0,460.0,472.0,490.0,
20.0,25.0,58.0,60.0,148.0,153.0,167.0,185.0,212.0,223.0,227.0,254.0,284.0,296.0,298.0,353.0,375.0,382.0,383.0,383.0,384.0,434.0,442.0,460.0,929.0,
2.0,59.0,66.0,85.0,146.0,150.0,176.0,184.0,227.0,243.0,247.0,250.0,286.0,314.0,323.0,355.0,403.0,410.0,437.0,504.0,
19.0,23.0,40.0,78.0,94.0,112.0,132.0,133.0,136.0,141.0,207.0,218.0,238.0,251.0,258.0,298.0,301.0,344.0,361.0,458.0,763.0,880.0,954.0,
4.0,30.0,106.0,163.0,203.0,278.0,293.0,332.0,402.0,444.0,450.0,582.0,587.0,603.0,606.0,613.0,640.0,663.0,668.0,673.0,692.0,826.0,854.0,862.0,876.0,890.0,902.0,914.0,984.0,
58.0,59.0,120.0,143.0,181.0,202.0,216.0,223.0,319.0,335.0,497.0,519.0,563.0,592.0,606.0,640.0,651.0,674.0,686.0,693.0,695.0,702.0,715.0,722.0,742.0,748.0,756.0,784.0,798.0,863.0,886.0,904.0,943.0,946.0,963.0,976.0,996.0,
5.0,37.0,51.0,64.0,138.0,174.0,247.0,323.0,339.0,526.0,548.0,554.0,588.0,667.0,673.0,697.0,715.0,797.0,828.0,831.0,875.0,891.0,937.0,944.0,953.0,985.0,
37.0,121.0,157.0,204.0,290.0,339.0,347.0,378.0,439.0,505.0,516.0,524.0,594.0,648.0,659.0,674.0,687.0,730.0,735.0,758.0,784.0,797.0,836.0,874.0,923.0,966.0,
42.0,76.0,118.0,158.0,158.0,173.0,183.0,201.0,218.0,224.0,229.0,273.0,298.0,299.0,315.0,326.0,335.0,348.0,383.0,433.0,437.0,448.0,502.0,516.0,520.0,533.0,574.0,655.0,661.0,680.0,759.0,767.0,774.0,806.0,815.0,815.0,818.0,831.0,851.0,861.0,880.0,892.0,910.0,950.0,971.0,
13.0,32.0,34.0,39.0,73.0,75.0,91.0,122.0,143.0,202.0,208.0,257.0,260.0,272.0,295.0,354.0,407.0,454.0,524.0,549.0,576.0,647.0,685.0,729.0,787.0,811.0,823.0,863.0,878.0,892.0,896.0,901.0,940.0,968.0,969.0,984.0,
99.0,113.0,176.0,184.0,268.0,325.0,334.0,343.0,362.0,366.0,400.0,414.0,427.0,440.0,451.0,509.0,744.0,756.0,806.0,948.0,
19.0,61.0,71.0,113.0,115.0,121.0,161.0,184.0,200.0,239.0,260.0,267.0,306.0,310.0,340.0,357.0,384.0,386.0,393.0,445.0,455.0,472.0,500.0,
30.0,39.0,98.0,102.0,128.0,151.0,194.0,240.0,293.0,341.0,384.0,405.0,416.0,420.0,425.0,448.0,458.0,770.0,786.0,903.0,
9.0,29.0,59.0,90.0,92.0,168.0,173.0,192.0,197.0,258.0,267.0,284.0,309.0,369.0,426.0,497.0,504.0,586.0,607.0,637.0,662.0,735.0,772.0,785.0,791.0,811.0,826.0,873.0,886.0,913.0,953.0,
10.0,40.0,65.0,86.0,147.0,182.0,198.0,224.0,306.0,334.0,417.0,430.0,430.0,470.0,471.0,474.0,480.0,491.0,501.0,538.0,586.0,634.0,645.0,650.0,666.0,685.0,703.0,737.0,747.0,828.0,839.0,847.0,878.0,887.0,921.0,926.0,929.0,949.0,958.0,960.0,972.0,982.0,
90.0,125.0,129.0,137.0,150.0,276.0,296.0,330.0,380.0,401.0,405.0,450.0,502.0,540.0,674.0,686.0,691.0,787.0,807.0,865.0,902.0,955.0,977.0,
9.0,70.0,90.0,97.0,127.0,161.0,194.0,217.0,231.0,245.0,268.0,271.0,278.0,315.0,329.0,355.0,414.0,439.0,573.0,601.0,639.0,675.0,677.0,687.0,761.0,796.0,865.0,
11.0,40.0,42.0,50.0,54.0,93.0,150.0,180.0,294.0,304.0,314.0,366.0,381.0,390.0,393.0,404.0,423.0,428.0,625.0,683.0,691.0,741.0,745.0,767.0,771.0,786.0,793.0,815.0,823.0,840.0,857.0,878.0,901.0,918.0,943.0,972.0,975.0,
109.0,133.0,152.0,197.0,210.0,214.0,279.0,283.0,322.0,373.0,451.0,542.0,558.0,568.0,584.0,637.0,667.0,708.0,723.0,732.0,771.0,774.0,791.0,804.0,845.0,866.0,882.0,896.0,940.0,950.0,977.0,
32.0,58.0,70.0,74.0,75.0,87.0,104.0,111.0,174.0,236.0,308.0,407.0,444.0,454.0,481.0,528.0,553.0,620.0,652.0,671.0,693.0,732.0,864.0,885.0,963.0,
34.0,50.0,86.0,112.0,123.0,145.0,182.0,218.0,276.0,336.0,360.0,413.0,416.0,435.0,450.0,452.0,475.0,508.0,531.0,535.0,569.0,601.0,659.0,668.0,690.0,699.0,716.0,719.0,757.0,889.0,891.0,909.0,911.0,911.0,912.0,918.0,920.0,929.0,932.0,940.0,950.0,953.0,956.0,962.0,965.0,
63.0,72.0,95.0,99.0,126.0,136.0,146.0,148.0,165.0,184.0,194.0,201.0,232.0,245.0,364.0,400.0,433.0,453.0,458.0,469.0,488.0,569.0,582.0,594.0,603.0,608.0,636.0,643.0,664.0,688.0,704.0,704.0,706.0,717.0,758.0,765.0,815.0,823.0,850.0,868.0,883.0,919.0,929.0,932.0,959.0,976.0,976.0,999.0,
22.0,27.0,35.0,65.0,67.0,86.0,92.0,129.0,182.0,196.0,258.0,270.0,276.0,278.0,305.0,332.0,342.0,342.0,353.0,404.0,448.0,462.0,464.0,469.0,469.0,522.0,543.0,556.0,579.0,586.0,590.0,638.0,643.0,678.0,751.0,753.0,793.0,805.0,814.0,868.0,870.0,904.0,938.0,980.0,
105.0,126.0,133.0,138.0,158.0,170.0,180.0,229.0,246.0,285.0,299.0,339.0,341.0,345.0,398.0,401.0,410.0,450.0,454.0,485.0,492.0,507.0,519.0,570.0,597.0,619.0,636.0,643.0,645.0,677.0,682.0,692.0,720.0,722.0,731.0,731.0,752.0,782.0,792.0,810.0,858.0,883.0,889.0,934.0,962.0,991.0,
17.0,32.0,47.0,82.0,84.0,96.0,121.0,129.0,135.0,137.0,142.0,155.0,162.0,178.0,219.0,224.0,228.0,256.0,264.0,277.0,283.0,297.0,319.0,323.0,325.0,335.0,356.0,362.0,423.0,447.0,467.0,499.0,558.0,571.0,593.0,634.0,743.0,745.0,788.0,863.0,873.0,890.0,896.0,928.0,940.0,970.0,
14.0,37.0,50.0,51.0,53.0,56.0,63.0,162.0,189.0,242.0,286.0,287.0,359.0,369.0,408.0,417.0,445.0,449.0,482.0,497.0,501.0,507.0,511.0,519.0,521.0,541.0,562.0,567.0,576.0,606.0,629.0,642.0,661.0,683.0,701.0,720.0,757.0,770.0,900.0,917.0,930.0,968.0,
13.0,75.0,94.0,98.0,142.0,175.0,190.0,198.0,223.0,223.0,225.0,248.0,266.0,281.0,294.0,296.0,312.0,376.0,441.0,442.0,488.0,495.0,589.0,594.0,645.0,667.0,695.0,746.0,762.0,811.0,841.0,868.0,878.0,881.0,912.0,918.0,968.0,987.0,
60.0,107.0,144.0,189.0,230.0,251.0,297.0,323.0,363.0,388.0,390.0,396.0,426.0,451.0,458.0,460.0,488.0,541.0,567.0,638.0,675.0,677.0,684.0,691.0,758.0,759.0,764.0,837.0,866.0,873.0,903.0,930.0,953.0,956.0,977.0,981.0,
29.0,79.0,134.0,164.0,165.0,168.0,186.0,207.0,217.0,266.0,270.0,312.0,325.0,371.0,386.0,495.0,548.0,594.0,620.0,669.0,674.0,684.0,689.0,742.0,744.0,762.0,795.0,799.0,834.0,847.0,868.0,892.0,902.0,905.0,921.0,944.0,945.0,999.0,
2.0,12.0,34.0,64.0,66.0,81.0,87.0,99.0,106.0,144.0,147.0,155.0,157.0,159.0,186.0,206.0,225.0,225.0,250.0,295.0,319.0,351.0,377.0,441.0,495.0,500.0,534.0,571.0,582.0,585.0,644.0,678.0,729.0,743.0,788.0,845.0,853.0,854.0,904.0,920.0,937.0,937.0,
10.0,39.0,144.0,145.0,148.0,153.0,187.0,274.0,318.0,319.0,325.0,328.0,350.0,361.0,366.0,382.0,382.0,395.0,424.0,439.0,442.0,493.0,493.0,502.0,540.0,551.0,575.0,575.0,582.0,590.0,625.0,654.0,690.0,724.0,724.0,792.0,808.0,821.0,839.0,850.0,860.0,870.0,903.0,905.0,913.0,917.0,936.0,938.0,962.0,990.0,
46.0,74.0,78.0,87.0,91.0,107.0,115.0,124.0,152.0,179.0,187.0,191.0,205.0,212.0,235.0,254.0,292.0,448.0,453.0,462.0,473.0,518.0,662.0,664.0,693.0,745.0,756.0,791.0,792.0,854.0,876.0,891.0,913.0,917.0,917.0,928.0,974.0,975.0,983.0,
27.0,57.0,139.0,194.0,201.0,205.0,206.0,206.0,272.0,299.0,323.0,399.0,433.0,473.0,490.0,505.0,517.0,630.0,637.0,660.0,662.0,735.0,736.0,756.0,853.0,854.0,927.0,929.0,946.0,979.0,999.0,
19.0,33.0,39.0,58.0,60.0,87.0,89.0,114.0,190.0,194.0,223.0,227.0,232.0,247.0,264.0,273.0,306.0,329.0,390.0,404.0,408.0,408.0,443.0,444.0,465.0,483.0,484.0,498.0,500.0,505.0,536.0,563.0,564.0,579.0,580.0,602.0,604.0,631.0,633.0,661.0,832.0,971.0,
2.0,82.0,157.0,172.0,183.0,196.0,202.0,206.0,265.0,279.0,281.0,310.0,366.0,435.0,442.0,479.0,527.0,537.0,547.0,561.0,565.0,579.0,579.0,581.0,624.0,634.0,659.0,690.0,710.0,738.0,819.0,826.0,852.0,854.0,884.0,898.0,906.0,915.0,924.0,948.0,961.0,968.0,992.0,999.0,
99.0,107.0,137.0,158.0,209.0,212.0,234.0,246.0,253.0,261.0,276.0,312.0,318.0,329.0,330.0,343.0,345.0,359.0,376.0,467.0,520.0,544.0,552.0,566.0,700.0,711.0,713.0,733.0,754.0,756.0,784.0,800.0,879.0,928.0,938.0,997.0,
