74.0,80.0,114.0,242.0,248.0,282.0,326.0,392.0,396.0,429.0,470.0,479.0,527.0,546.0,567.0,591.0,592.0,602.0,615.0,636.0,644.0,705.0,778.0,814.0,830.0,858.0,861.0,912.0,913.0,944.0,951.0,
24.0,52.0,74.0,120.0,161.0,176.0,189.0,238.0,252.0,354.0,403.0,461.0,513.0,517.0,596.0,642.0,667.0,677.0,735.0,792.0,807.0,816.0,866.0,869.0,913.0,924.0,
33.0,42.0,74.0,101.0,170.0,223.0,280.0,281.0,379.0,419.0,500.0,664.0,682.0,689.0,709.0,721.0,733.0,773.0,850.0,879.0,903.0,913.0,928.0,947.0,991.0,
11.0,61.0,77.0,80.0,100.0,108.0,194.0,246.0,300.0,324.0,338.0,389.0,400.0,404.0,441.0,447.0,474.0,476.0,493.0,596.0,623.0,640.0,649.0,669.0,737.0,774.0,794.0,800.0,803.0,813.0,827.0,882.0,885.0,905.0,984.0,
24.0,24.0,117.0,127.0,135.0,141.0,192.0,222.0,235.0,295.0,300.0,325.0,348.0,364.0,367.0,451.0,531.0,551.0,573.0,584.0,593.0,595.0,595.0,603.0,711.0,715.0,719.0,720.0,772.0,808.0,837.0,863.0,877.0,896.0,1000.0,
35.0,107.0,122.0,138.0,144.0,151.0,164.0,222.0,231.0,244.0,256.0,305.0,321.0,328.0,354.0,370.0,375.0,415.0,494.0,528.0,547.0,562.0,571.0,576.0,578.0,590.0,596.0,648.0,650.0,685.0,690.0,722.0,731.0,736.0,749.0,754.0,787.0,812.0,850.0,879.0,885.0,888.0,889.0,894.0,903.0,921.0,943.0,955.0,
18.0,36.0,43.0,61.0,84.0,91.0,97.0,145.0,206.0,293.0,309.0,353.0,404.0,464.0,465.0,478.0,478.0,515.0,526.0,533.0,613.0,626.0,663.0,744.0,820.0,822.0,857.0,910.0,910.0,934.0,935.0,935.0,947.0,
23.0,85.0,95.0,96.0,120.0,128.0,175.0,203.0,277.0,345.0,424.0,479.0,490.0,501.0,517.0,586.0,590.0,684.0,792.0,808.0,822.0,826.0,861.0,862.0,921.0,963.0,996.0,
40.0,102.0,111.0,112.0,174.0,202.0,222.0,280.0,352.0,356.0,438.0,491.0,522.0,525.0,531.0,546.0,570.0,601.0,623.0,655.0,697.0,702.0,846.0,850.0,884.0,980.0,981.0,987.0,
27.0,48.0,52.0,67.0,126.0,133.0,153.0,197.0,211.0,231.0,274.0,274.0,291.0,304.0,354.0,392.0,395.0,396.0,398.0,454.0,497.0,530.0,540.0,602.0,650.0,655.0,669.0,670.0,679.0,755.0,767.0,787.0,788.0,822.0,823.0,826.0,826.0,867.0,914.0,953.0,965.0,980.0,992.0,
5.0,101.0,212.0,235.0,243.0,313.0,431.0,432.0,436.0,476.0,479.0,486.0,516.0,546.0,561.0,586.0,596.0,653.0,655.0,657.0,707.0,710.0,713.0,720.0,762.0,807.0,843.0,844.0,913.0,973.0,
12.0,29.0,103.0,114.0,130.0,134.0,158.0,159.0,162.0,172.0,188.0,232.0,278.0,304.0,311.0,346.0,355.0,392.0,408.0,460.0,473.0,475.0,481.0,482.0,525.0,548.0,552.0,563.0,618.0,632.0,677.0,684.0,715.0,723.0,758.0,766.0,787.0,791.0,865.0,866.0,886.0,905.0,907.0,969.0,
25.0,34.0,45.0,61.0,117.0,117.0,157.0,170.0,235.0,266.0,306.0,322.0,345.0,347.0,392.0,429.0,474.0,489.0,527.0,594.0,624.0,729.0,758.0,849.0,871.0,880.0,930.0,932.0,934.0,
13.0,135.0,167.0,172.0,205.0,241.0,248.0,250.0,251.0,255.0,266.0,271.0,338.0,391.0,423.0,440.0,448.0,450.0,465.0,520.0,598.0,627.0,633.0,637.0,638.0,674.0,718.0,752.0,797.0,830.0,841.0,853.0,912.0,920.0,956.0,
14.0,22.0,36.0,76.0,152.0,184.0,189.0,193.0,216.0,220.0,318.0,338.0,390.0,473.0,486.0,490.0,539.0,560.0,618.0,635.0,674.0,681.0,688.0,717.0,757.0,772.0,782.0,798.0,824.0,829.0,830.0,832.0,872.0,898.0,903.0,906.0,906.0,925.0,956.0,963.0,981.0,
3.0,117.0,154.0,157.0,204.0,207.0,241.0,246.0,293.0,313.0,323.0,332.0,385.0,415.0,440.0,440.0,455.0,487.0,513.0,566.0,574.0,602.0,613.0,669.0,811.0,818.0,877.0,886.0,890.0,914.0,933.0,
45.0,134.0,206.0,221.0,230.0,242.0,266.0,294.0,304.0,334.0,360.0,397.0,403.0,413.0,425.0,425.0,435.0,465.0,561.0,602.0,606.0,642.0,643.0,669.0,732.0,753.0,765.0,855.0,883.0,890.0,908.0,930.0,933.0,967.0,
11.0,88.0,105.0,170.0,174.0,180.0,207.0,212.0,228.0,236.0,239.0,245.0,306.0,338.0,399.0,401.0,411.0,428.0,441.0,454.0,548.0,588.0,621.0,664.0,665.0,685.0,691.0,808.0,825.0,832.0,832.0,844.0,855.0,859.0,883.0,890.0,892.0,892.0,917.0,
2.0,7.0,22.0,89.0,110.0,112.0,113.0,142.0,168.0,201.0,242.0,268.0,319.0,322.0,324.0,348.0,363.0,442.0,450.0,485.0,554.0,572.0,687.0,779.0,792.0,796.0,818.0,819.0,873.0,884.0,894.0,909.0,921.0,945.0,990.0,993.0,
16.0,24.0,59.0,84.0,124.0,125.0,175.0,258.0,289.0,316.0,369.0,415.0,470.0,473.0,478.0,574.0,575.0,586.0,659.0,677.0,688.0,750.0,764.0,859.0,974.0,999.0,
20.0,75.0,90.0,90.0,96.0,100.0,112.0,125.0,141.0,146.0,190.0,190.0,223.0,224.0,228.0,234.0,273.0,303.0,304.0,308.0,463.0,488.0,552.0,596.0,604.0,668.0,713.0,715.0,750.0,817.0,823.0,833.0,843.0,863.0,882.0,888.0,896.0,926.0,964.0,967.0,997.0,998.0,
9.0,41.0,61.0,68.0,71.0,97.0,105.0,116.0,132.0,147.0,220.0,269.0,375.0,393.0,394.0,395.0,398.0,401.0,440.0,472.0,473.0,532.0,560.0,565.0,583.0,593.0,599.0,627.0,663.0,686.0,712.0,716.0,749.0,828.0,910.0,
8.0,142.0,153.0,160.0,160.0,204.0,315.0,317.0,327.0,353.0,372.0,390.0,395.0,442.0,454.0,552.0,568.0,649.0,657.0,740.0,832.0,835.0,837.0,874.0,883.0,885.0,
22.0,52.0,67.0,137.0,139.0,182.0,184.0,242.0,281.0,286.0,332.0,378.0,388.0,392.0,433.0,514.0,564.0,569.0,618.0,621.0,660.0,662.0,721.0,764.0,799.0,831.0,867.0,882.0,891.0,927.0,928.0,944.0,966.0,999.0,
47.0,60.0,88.0,92.0,118.0,128.0,162.0,165.0,177.0,182.0,221.0,228.0,234.0,262.0,299.0,360.0,382.0,385.0,386.0,395.0,397.0,400.0,479.0,523.0,527.0,535.0,538.0,556.0,573.0,584.0,590.0,643.0,656.0,666.0,684.0,696.0,717.0,750.0,750.0,754.0,759.0,761.0,768.0,773.0,812.0,820.0,870.0,874.0,874.0,877.0,886.0,920.0,937.0,938.0,968.0,990.0,997.0,
8.0,24.0,49.0,74.0,74.0,77.0,88.0,123.0,133.0,139.0,158.0,200.0,222.0,243.0,264.0,300.0,301.0,312.0,328.0,345.0,375.0,385.0,456.0,466.0,499.0,510.0,519.0,597.0,611.0,613.0,614.0,644.0,691.0,695.0,711.0,714.0,737.0,768.0,769.0,771.0,802.0,827.0,827.0,862.0,876.0,887.0,916.0,928.0,934.0,940.0,966.0,997.0,1000.0,
55.0,89.0,133.0,225.0,227.0,235.0,313.0,323.0,373.0,389.0,425.0,459.0,468.0,482.0,599.0,600.0,606.0,629.0,655.0,668.0,685.0,690.0,697.0,718.0,718.0,718.0,770.0,780.0,793.0,814.0,837.0,878.0,885.0,910.0,939.0,941.0,966.0,983.0,984.0,987.0,992.0,
32.0,157.0,162.0,190.0,208.0,217.0,262.0,398.0,419.0,421.0,463.0,478.0,490.0,504.0,506.0,520.0,542.0,572.0,573.0,574.0,596.0,608.0,611.0,623.0,632.0,640.0,651.0,688.0,693.0,695.0,702.0,713.0,736.0,778.0,779.0,845.0,946.0,959.0,967.0,998.0,
73.0,87.0,98.0,100.0,113.0,129.0,150.0,239.0,254.0,271.0,293.0,334.0,341.0,343.0,381.0,390.0,390.0,395.0,415.0,418.0,484.0,488.0,496.0,500.0,542.0,547.0,550.0,559.0,606.0,633.0,633.0,647.0,654.0,660.0,681.0,685.0,741.0,752.0,761.0,769.0,781.0,801.0,807.0,904.0,992.0,
30.0,72.0,156.0,209.0,238.0,282.0,321.0,338.0,389.0,400.0,470.0,535.0,543.0,627.0,664.0,670.0,671.0,672.0,736.0,775.0,780.0,798.0,820.0,827.0,843.0,847.0,895.0,910.0,950.0,
72.0,113.0,173.0,199.0,210.0,223.0,230.0,248.0,302.0,311.0,332.0,398.0,414.0,425.0,473.0,530.0,533.0,536.0,557.0,648.0,666.0,674.0,737.0,807.0,881.0,925.0,931.0,961.0,
37.0,39.0,193.0,200.0,247.0,269.0,279.0,319.0,340.0,397.0,448.0,450.0,475.0,494.0,512.0,537.0,594.0,631.0,698.0,738.0,748.0,756.0,756.0,763.0,778.0,780.0,812.0,819.0,866.0,908.0,985.0,998.0,
19.0,42.0,69.0,132.0,216.0,232.0,266.0,320.0,347.0,349.0,361.0,416.0,419.0,430.0,431.0,463.0,473.0,476.0,484.0,500.0,513.0,525.0,549.0,597.0,599.0,602.0,607.0,631.0,652.0,669.0,694.0,700.0,723.0,732.0,740.0,760.0,772.0,773.0,776.0,803.0,822.0,825.0,829.0,854.0,880.0,882.0,961.0,963.0,967.0,
117.0,142.0,181.0,181.0,187.0,201.0,204.0,211.0,212.0,266.0,300.0,306.0,318.0,320.0,338.0,385.0,400.0,420.0,443.0,482.0,486.0,507.0,596.0,655.0,671.0,690.0,694.0,718.0,722.0,761.0,775.0,883.0,898.0,946.0,991.0,
58.0,87.0,93.0,127.0,140.0,167.0,201.0,205.0,262.0,267.0,336.0,336.0,379.0,381.0,392.0,393.0,415.0,423.0,482.0,485.0,859.0,
10.0,120.0,133.0,226.0,258.0,272.0,278.0,281.0,287.0,300.0,302.0,303.0,315.0,323.0,337.0,370.0,393.0,411.0,439.0,506.0,
71.0,86.0,120.0,123.0,151.0,179.0,210.0,297.0,310.0,312.0,347.0,375.0,388.0,395.0,791.0,850.0,976.0,
24.0,25.0,31.0,60.0,69.0,81.0,107.0,142.0,189.0,231.0,251.0,271.0,313.0,327.0,333.0,337.0,358.0,424.0,436.0,468.0,499.0,501.0,591.0,596.0,597.0,621.0,624.0,624.0,636.0,661.0,664.0,665.0,686.0,706.0,717.0,733.0,734.0,740.0,767.0,783.0,785.0,795.0,822.0,825.0,828.0,829.0,836.0,864.0,872.0,919.0,963.0,
12.0,36.0,50.0,51.0,65.0,113.0,166.0,175.0,225.0,226.0,243.0,251.0,277.0,293.0,295.0,311.0,320.0,327.0,337.0,482.0,561.0,566.0,604.0,615.0,681.0,688.0,690.0,691.0,698.0,703.0,706.0,725.0,729.0,738.0,768.0,779.0,804.0,809.0,813.0,819.0,835.0,876.0,900.0,901.0,902.0,926.0,940.0,991.0,
16.0,36.0,100.0,112.0,150.0,165.0,197.0,213.0,218.0,251.0,261.0,270.0,303.0,362.0,408.0,443.0,467.0,474.0,499.0,508.0,525.0,551.0,555.0,571.0,591.0,625.0,698.0,705.0,707.0,715.0,728.0,734.0,748.0,817.0,819.0,821.0,860.0,862.0,879.0,950.0,956.0,995.0,
41.0,52.0,75.0,92.0,92.0,124.0,168.0,171.0,217.0,275.0,280.0,298.0,347.0,402.0,412.0,487.0,516.0,524.0,565.0,568.0,576.0,595.0,672.0,694.0,761.0,794.0,811.0,879.0,901.0,913.0,920.0,961.0,975.0,
21.0,29.0,47.0,49.0,64.0,73.0,85.0,109.0,139.0,152.0,177.0,188.0,194.0,196.0,200.0,204.0,204.0,257.0,280.0,305.0,308.0,336.0,360.0,362.0,408.0,429.0,464.0,487.0,490.0,491.0,541.0,555.0,568.0,598.0,608.0,611.0,631.0,646.0,668.0,686.0,690.0,712.0,727.0,744.0,746.0,798.0,811.0,854.0,942.0,953.0,978.0,
5.0,22.0,98.0,119.0,198.0,260.0,272.0,276.0,299.0,369.0,421.0,427.0,480.0,484.0,500.0,529.0,554.0,564.0,574.0,582.0,582.0,590.0,597.0,606.0,631.0,640.0,682.0,712.0,761.0,775.0,780.0,791.0,800.0,802.0,804.0,809.0,831.0,891.0,921.0,931.0,
12.0,130.0,174.0,186.0,230.0,230.0,267.0,297.0,307.0,329.0,360.0,404.0,410.0,440.0,441.0,777.0,843.0,843.0,851.0,
5.0,32.0,48.0,68.0,84.0,193.0,194.0,196.0,247.0,297.0,363.0,371.0,471.0,
8.0,38.0,48.0,70.0,92.0,111.0,114.0,151.0,157.0,213.0,246.0,282.0,285.0,317.0,324.0,326.0,331.0,337.0,376.0,378.0,435.0,481.0,913.0,997.0,
23.0,28.0,99.0,184.0,185.0,213.0,223.0,268.0,287.0,299.0,321.0,339.0,365.0,391.0,395.0,399.0,405.0,429.0,489.0,490.0,494.0,503.0,
2.0,21.0,84.0,101.0,122.0,154.0,184.0,199.0,209.0,227.0,234.0,253.0,285.0,296.0,352.0,377.0,403.0,421.0,910.0,
21.0,177.0,181.0,194.0,196.0,212.0,213.0,250.0,253.0,255.0,269.0,291.0,362.0,378.0,379.0,381.0,381.0,399.0,464.0,506.0,561.0,595.0,606.0,611.0,634.0,652.0,654.0,676.0,688.0,692.0,702.0,736.0,764.0,779.0,802.0,834.0,865.0,873.0,880.0,890.0,900.0,906.0,913.0,922.0,950.0,957.0,965.0,980.0,990.0,995.0,997.0,
21.0,51.0,119.0,134.0,170.0,210.0,282.0,296.0,302.0,329.0,359.0,369.0,405.0,407.0,418.0,430.0,473.0,513.0,557.0,569.0,597.0,597.0,609.0,646.0,706.0,713.0,761.0,834.0,851.0,877.0,882.0,890.0,901.0,914.0,916.0,950.0,
17.0,58.0,186.0,201.0,213.0,225.0,302.0,333.0,363.0,439.0,460.0,463.0,463.0,500.0,603.0,609.0,629.0,632.0,650.0,691.0,743.0,792.0,794.0,794.0,796.0,796.0,809.0,866.0,901.0,917.0,992.0,
79.0,97.0,113.0,150.0,224.0,261.0,287.0,287.0,316.0,324.0,334.0,383.0,409.0,423.0,440.0,470.0,543.0,550.0,554.0,560.0,562.0,592.0,592.0,603.0,607.0,610.0,616.0,631.0,669.0,677.0,703.0,733.0,735.0,744.0,752.0,773.0,780.0,853.0,864.0,987.0,994.0,
26.0,43.0,63.0,70.0,149.0,162.0,164.0,182.0,191.0,200.0,246.0,267.0,354.0,447.0,508.0,560.0,569.0,612.0,658.0,666.0,698.0,701.0,719.0,720.0,720.0,756.0,806.0,809.0,814.0,855.0,869.0,873.0,893.0,918.0,931.0,993.0,
27.0,76.0,77.0,83.0,117.0,118.0,128.0,256.0,257.0,260.0,261.0,305.0,310.0,369.0,390.0,403.0,436.0,466.0,487.0,509.0,
32.0,43.0,47.0,126.0,166.0,189.0,206.0,237.0,309.0,314.0,328.0,331.0,391.0,458.0,479.0,486.0,494.0,505.0,
19.0,28.0,69.0,74.0,75.0,77.0,108.0,127.0,142.0,154.0,158.0,175.0,200.0,213.0,222.0,271.0,329.0,389.0,436.0,440.0,451.0,479.0,825.0,829.0,
13.0,26.0,42.0,54.0,64.0,70.0,79.0,159.0,166.0,168.0,199.0,220.0,230.0,234.0,256.0,317.0,345.0,364.0,422.0,477.0,493.0,984.0,
48.0,55.0,71.0,134.0,159.0,217.0,250.0,261.0,285.0,321.0,349.0,430.0,496.0,
24.0,33.0,105.0,122.0,160.0,168.0,175.0,182.0,188.0,210.0,214.0,217.0,228.0,231.0,251.0,261.0,299.0,303.0,307.0,310.0,339.0,358.0,399.0,412.0,443.0,449.0,452.0,505.0,550.0,646.0,680.0,693.0,693.0,701.0,709.0,729.0,738.0,741.0,780.0,799.0,811.0,837.0,842.0,848.0,860.0,890.0,898.0,914.0,936.0,939.0,947.0,
11.0,77.0,84.0,134.0,141.0,143.0,144.0,158.0,159.0,168.0,169.0,170.0,197.0,215.0,226.0,283.0,428.0,482.0,512.0,548.0,551.0,582.0,637.0,714.0,717.0,735.0,752.0,756.0,762.0,858.0,858.0,887.0,904.0,963.0,997.0,
57.0,89.0,149.0,192.0,231.0,262.0,279.0,321.0,348.0,376.0,389.0,389.0,405.0,411.0,413.0,425.0,570.0,615.0,628.0,647.0,663.0,702.0,702.0,747.0,762.0,763.0,764.0,784.0,935.0,952.0,
34.0,88.0,121.0,140.0,145.0,150.0,175.0,270.0,281.0,282.0,327.0,350.0,351.0,370.0,418.0,447.0,476.0,479.0,479.0,482.0,497.0,545.0,590.0,610.0,624.0,624.0,633.0,641.0,663.0,664.0,701.0,707.0,722.0,751.0,760.0,774.0,777.0,808.0,913.0,919.0,
26.0,28.0,48.0,57.0,98.0,132.0,157.0,180.0,188.0,233.0,233.0,297.0,309.0,340.0,347.0,360.0,418.0,422.0,425.0,440.0,542.0,547.0,566.0,605.0,616.0,638.0,722.0,765.0,806.0,821.0,834.0,843.0,857.0,880.0,905.0,911.0,927.0,
40.0,62.0,71.0,118.0,121.0,159.0,202.0,208.0,223.0,245.0,252.0,271.0,279.0,291.0,295.0,398.0,422.0,453.0,468.0,483.0,488.0,498.0,919.0,
5.0,6.0,31.0,68.0,108.0,123.0,135.0,207.0,264.0,274.0,302.0,308.0,315.0,323.0,327.0,399.0,402.0,429.0,461.0,484.0,491.0,
46.0,48.0,181.0,191.0,206.0,220.0,234.0,304.0,310.0,399.0,435.0,436.0,436.0,471.0,496.0,
40.0,61.0,71.0,82.0,104.0,115.0,122.0,125.0,144.0,203.0,205.0,210.0,214.0,262.0,323.0,343.0,349.0,361.0,383.0,435.0,490.0,
3.0,27.0,41.0,49.0,64.0,124.0,128.0,160.0,192.0,195.0,295.0,318.0,341.0,348.0,349.0,365.0,373.0,373.0,426.0,472.0,864.0,937.0,
6.0,33.0,39.0,47.0,87.0,151.0,214.0,261.0,280.0,288.0,294.0,338.0,339.0,389.0,441.0,480.0,496.0,502.0,536.0,543.0,552.0,571.0,606.0,621.0,633.0,636.0,643.0,657.0,701.0,730.0,832.0,854.0,872.0,878.0,916.0,952.0,973.0,975.0,999.0,
27.0,28.0,43.0,61.0,68.0,87.0,95.0,114.0,114.0,164.0,265.0,293.0,369.0,416.0,478.0,568.0,579.0,587.0,590.0,638.0,672.0,674.0,676.0,820.0,828.0,838.0,846.0,873.0,873.0,898.0,953.0,999.0,
23.0,47.0,73.0,73.0,114.0,131.0,152.0,154.0,166.0,170.0,193.0,303.0,336.0,421.0,467.0,536.0,599.0,619.0,689.0,697.0,813.0,824.0,867.0,875.0,943.0,963.0,970.0,
24.0,35.0,39.0,62.0,69.0,176.0,181.0,224.0,281.0,283.0,295.0,297.0,328.0,356.0,411.0,416.0,418.0,457.0,463.0,503.0,554.0,555.0,622.0,661.0,662.0,673.0,677.0,698.0,704.0,712.0,746.0,756.0,761.0,765.0,778.0,800.0,828.0,856.0,859.0,885.0,902.0,906.0,973.0,
84.0,119.0,134.0,142.0,194.0,201.0,206.0,213.0,255.0,258.0,274.0,276.0,322.0,323.0,371.0,375.0,383.0,405.0,409.0,424.0,456.0,469.0,524.0,540.0,586.0,693.0,756.0,823.0,848.0,855.0,883.0,972.0,
59.0,77.0,94.0,128.0,205.0,213.0,306.0,345.0,395.0,396.0,397.0,417.0,436.0,467.0,486.0,509.0,588.0,614.0,641.0,673.0,794.0,842.0,859.0,866.0,908.0,914.0,934.0,942.0,989.0,
77.0,78.0,121.0,149.0,187.0,201.0,226.0,278.0,366.0,386.0,410.0,426.0,428.0,480.0,490.0,831.0,878.0,917.0,972.0,
14.0,117.0,126.0,148.0,230.0,246.0,289.0,312.0,328.0,359.0,360.0,409.0,454.0,475.0,494.0,
8.0,18.0,31.0,56.0,129.0,167.0,175.0,214.0,219.0,232.0,270.0,296.0,318.0,320.0,414.0,416.0,457.0,462.0,472.0,473.0,481.0,482.0,
18.0,95.0,99.0,116.0,126.0,133.0,210.0,216.0,230.0,254.0,318.0,367.0,388.0,397.0,435.0,483.0,489.0,501.0,604.0,639.0,649.0,658.0,839.0,850.0,852.0,879.0,889.0,890.0,926.0,951.0,970.0,975.0,997.0,
31.0,126.0,132.0,173.0,220.0,303.0,346.0,411.0,414.0,429.0,445.0,454.0,466.0,487.0,488.0,532.0,557.0,570.0,574.0,695.0,704.0,718.0,759.0,779.0,793.0,827.0,853.0,861.0,864.0,886.0,937.0,971.0,972.0,974.0,
6.0,6.0,14.0,59.0,79.0,94.0,118.0,123.0,153.0,182.0,198.0,214.0,217.0,217.0,240.0,255.0,293.0,364.0,394.0,401.0,404.0,422.0,447.0,454.0,457.0,516.0,551.0,571.0,638.0,658.0,664.0,666.0,668.0,685.0,706.0,764.0,790.0,792.0,817.0,869.0,884.0,890.0,914.0,916.0,948.0,990.0,
12.0,49.0,175.0,183.0,205.0,283.0,304.0,307.0,311.0,312.0,342.0,372.0,396.0,411.0,417.0,471.0,501.0,513.0,538.0,539.0,561.0,634.0,649.0,675.0,685.0,686.0,701.0,707.0,780.0,780.0,800.0,802.0,957.0,986.0,996.0,
28.0,57.0,99.0,175.0,196.0,274.0,310.0,328.0,419.0,447.0,452.0,460.0,461.0,463.0,463.0,468.0,548.0,549.0,562.0,591.0,604.0,613.0,618.0,632.0,672.0,697.0,732.0,763.0,806.0,832.0,915.0,
20.0,21.0,33.0,81.0,106.0,154.0,154.0,159.0,182.0,273.0,306.0,312.0,397.0,413.0,445.0,451.0,465.0,545.0,558.0,643.0,665.0,726.0,765.0,780.0,786.0,812.0,819.0,826.0,864.0,900.0,921.0,990.0,
21.0,21.0,36.0,42.0,145.0,203.0,212.0,212.0,227.0,232.0,283.0,466.0,467.0,539.0,594.0,678.0,679.0,682.0,761.0,794.0,826.0,856.0,860.0,905.0,905.0,942.0,947.0,947.0,975.0,
21.0,39.0,41.0,47.0,89.0,113.0,113.0,127.0,198.0,229.0,229.0,281.0,304.0,322.0,334.0,358.0,374.0,413.0,422.0,425.0,471.0,495.0,503.0,516.0,540.0,572.0,645.0,688.0,720.0,721.0,739.0,766.0,776.0,796.0,808.0,869.0,873.0,900.0,903.0,959.0,981.0,1000.0,
17.0,19.0,32.0,44.0,57.0,63.0,98.0,144.0,147.0,194.0,203.0,223.0,230.0,302.0,320.0,325.0,403.0,456.0,485.0,498.0,501.0,503.0,512.0,521.0,530.0,568.0,574.0,598.0,618.0,639.0,645.0,649.0,661.0,678.0,678.0,709.0,715.0,732.0,738.0,762.0,776.0,794.0,810.0,867.0,885.0,926.0,927.0,944.0,949.0,963.0,974.0,985.0,1000.0,
4.0,18.0,30.0,33.0,41.0,76.0,106.0,119.0,126.0,131.0,131.0,139.0,172.0,201.0,228.0,263.0,265.0,270.0,278.0,289.0,305.0,307.0,316.0,363.0,364.0,376.0,432.0,433.0,436.0,545.0,570.0,589.0,659.0,695.0,701.0,702.0,724.0,727.0,752.0,755.0,793.0,875.0,886.0,916.0,920.0,954.0,955.0,966.0,
10.0,31.0,62.0,97.0,156.0,265.0,276.0,288.0,319.0,376.0,406.0,408.0,409.0,451.0,482.0,494.0,511.0,598.0,611.0,614.0,630.0,724.0,725.0,732.0,742.0,781.0,921.0,934.0,979.0,994.0,
3.0,77.0,80.0,177.0,181.0,188.0,202.0,251.0,270.0,286.0,316.0,325.0,367.0,375.0,393.0,468.0,478.0,479.0,490.0,532.0,565.0,566.0,576.0,581.0,620.0,626.0,633.0,674.0,679.0,741.0,743.0,746.0,754.0,778.0,780.0,784.0,816.0,816.0,828.0,860.0,867.0,871.0,872.0,878.0,885.0,909.0,914.0,960.0,
8.0,76.0,97.0,133.0,134.0,150.0,208.0,247.0,288.0,292.0,336.0,352.0,373.0,542.0,550.0,565.0,607.0,661.0,806.0,837.0,926.0,933.0,944.0,
96.0,271.0,278.0,284.0,304.0,330.0,392.0,408.0,453.0,521.0,600.0,680.0,702.0,715.0,738.0,749.0,805.0,904.0,916.0,947.0,953.0,962.0,971.0,
11.0,14.0,92.0,104.0,129.0,196.0,201.0,257.0,262.0,264.0,293.0,308.0,319.0,358.0,404.0,417.0,429.0,448.0,473.0,480.0,481.0,520.0,527.0,561.0,565.0,569.0,582.0,633.0,644.0,690.0,705.0,715.0,735.0,763.0,800.0,812.0,827.0,852.0,892.0,899.0,976.0,982.0,
45.0,47.0,58.0,68.0,99.0,117.0,132.0,168.0,175.0,190.0,263.0,308.0,336.0,345.0,407.0,423.0,424.0,524.0,537.0,550.0,577.0,603.0,659.0,665.0,673.0,675.0,738.0,856.0,889.0,939.0,976.0,992.0,
28.0,35.0,36.0,43.0,71.0,85.0,86.0,130.0,144.0,170.0,269.0,303.0,339.0,349.0,411.0,447.0,456.0,486.0,542.0,549.0,560.0,587.0,602.0,605.0,615.0,627.0,631.0,652.0,680.0,712.0,745.0,751.0,759.0,762.0,837.0,925.0,979.0,992.0,
17.0,36.0,84.0,103.0,132.0,138.0,156.0,214.0,232.0,243.0,292.0,294.0,294.0,329.0,368.0,374.0,483.0,509.0,524.0,526.0,535.0,558.0,602.0,635.0,659.0,780.0,790.0,811.0,872.0,987.0,
82.0,173.0,206.0,207.0,223.0,255.0,274.0,280.0,326.0,335.0,356.0,374.0,423.0,454.0,472.0,557.0,598.0,618.0,627.0,632.0,665.0,681.0,692.0,717.0,738.0,745.0,766.0,856.0,908.0,934.0,994.0,1000.0,
30.0,46.0,73.0,78.0,79.0,88.0,174.0,218.0,330.0,337.0,366.0,400.0,403.0,502.0,615.0,689.0,698.0,702.0,727.0,739.0,767.0,796.0,807.0,852.0,937.0,938.0,976.0,998.0,
19.0,84.0,92.0,108.0,108.0,112.0,151.0,306.0,309.0,336.0,365.0,371.0,406.0,422.0,425.0,484.0,565.0,583.0,591.0,593.0,602.0,612.0,615.0,619.0,623.0,711.0,786.0,794.0,797.0,876.0,903.0,918.0,951.0,972.0,975.0,984.0,
19.0,43.0,55.0,69.0,81.0,84.0,89.0,135.0,213.0,243.0,254.0,293.0,301.0,309.0,316.0,330.0,371.0,374.0,402.0,503.0,510.0,626.0,654.0,747.0,773.0,779.0,781.0,784.0,788.0,819.0,842.0,844.0,854.0,883.0,985.0,992.0,1000.0,
9.0,66.0,75.0,134.0,160.0,161.0,174.0,177.0,193.0,210.0,218.0,222.0,312.0,362.0,366.0,387.0,399.0,401.0,413.0,416.0,419.0,426.0,458.0,497.0,511.0,514.0,539.0,567.0,607.0,637.0,644.0,749.0,754.0,763.0,792.0,799.0,808.0,813.0,814.0,831.0,837.0,843.0,870.0,901.0,910.0,930.0,944.0,
