142.0,161.0,198.0,218.0,275.0,312.0,319.0,320.0,328.0,347.0,376.0,445.0,448.0,450.0,459.0,460.0,532.0,553.0,566.0,622.0,623.0,631.0,639.0,692.0,699.0,753.0,790.0,792.0,800.0,809.0,810.0,825.0,839.0,851.0,904.0,949.0,949.0,968.0,993.0,
22.0,53.0,62.0,80.0,92.0,169.0,238.0,276.0,278.0,279.0,367.0,370.0,412.0,418.0,426.0,430.0,436.0,444.0,459.0,492.0,518.0,553.0,556.0,574.0,653.0,664.0,671.0,710.0,738.0,758.0,821.0,920.0,936.0,947.0,968.0,998.0,
52.0,86.0,93.0,121.0,152.0,191.0,194.0,267.0,316.0,328.0,357.0,370.0,390.0,415.0,427.0,429.0,485.0,519.0,521.0,557.0,617.0,636.0,715.0,750.0,761.0,769.0,772.0,783.0,790.0,793.0,867.0,890.0,901.0,904.0,912.0,923.0,969.0,981.0,988.0,
32.0,36.0,44.0,129.0,150.0,170.0,215.0,245.0,307.0,309.0,314.0,330.0,332.0,359.0,371.0,409.0,410.0,425.0,431.0,437.0,455.0,468.0,517.0,537.0,589.0,589.0,630.0,638.0,641.0,644.0,650.0,659.0,695.0,742.0,757.0,839.0,849.0,872.0,884.0,924.0,939.0,
51.0,57.0,83.0,83.0,83.0,111.0,140.0,146.0,192.0,234.0,241.0,279.0,302.0,366.0,387.0,387.0,470.0,495.0,497.0,513.0,537.0,555.0,559.0,566.0,570.0,582.0,602.0,703.0,707.0,714.0,715.0,769.0,798.0,853.0,905.0,930.0,945.0,949.0,973.0,988.0,
8.0,95.0,148.0,244.0,260.0,369.0,392.0,430.0,454.0,496.0,547.0,554.0,563.0,579.0,583.0,661.0,675.0,684.0,710.0,736.0,741.0,787.0,787.0,832.0,839.0,852.0,876.0,884.0,884.0,935.0,950.0,961.0,
21.0,30.0,123.0,140.0,148.0,166.0,185.0,206.0,278.0,394.0,437.0,439.0,468.0,475.0,485.0,505.0,541.0,558.0,559.0,640.0,702.0,709.0,712.0,827.0,834.0,875.0,889.0,891.0,910.0,912.0,949.0,997.0,
15.0,28.0,43.0,52.0,74.0,134.0,136.0,136.0,157.0,174.0,220.0,232.0,234.0,258.0,313.0,347.0,356.0,465.0,474.0,476.0,517.0,523.0,540.0,564.0,626.0,640.0,646.0,680.0,689.0,721.0,722.0,784.0,814.0,828.0,837.0,870.0,874.0,941.0,981.0,
10.0,17.0,79.0,121.0,135.0,135.0,229.0,276.0,285.0,292.0,351.0,356.0,358.0,358.0,415.0,421.0,435.0,441.0,558.0,593.0,603.0,667.0,701.0,732.0,740.0,754.0,767.0,795.0,808.0,877.0,878.0,899.0,920.0,958.0,985.0,
78.0,169.0,175.0,202.0,239.0,287.0,304.0,314.0,340.0,422.0,461.0,471.0,486.0,553.0,569.0,656.0,672.0,767.0,783.0,812.0,843.0,861.0,879.0,928.0,957.0,971.0,
15.0,31.0,68.0,72.0,79.0,80.0,118.0,127.0,129.0,195.0,228.0,242.0,286.0,329.0,331.0,353.0,375.0,394.0,438.0,494.0,546.0,670.0,717.0,746.0,752.0,872.0,904.0,907.0,913.0,927.0,954.0,967.0,
8.0,43.0,59.0,80.0,173.0,177.0,283.0,292.0,303.0,317.0,317.0,324.0,335.0,346.0,349.0,417.0,527.0,595.0,638.0,639.0,730.0,730.0,786.0,792.0,848.0,862.0,896.0,
23.0,25.0,67.0,83.0,93.0,100.0,105.0,109.0,126.0,150.0,158.0,252.0,273.0,279.0,285.0,425.0,432.0,460.0,480.0,483.0,505.0,509.0,536.0,572.0,582.0,593.0,593.0,616.0,627.0,638.0,641.0,645.0,654.0,702.0,727.0,742.0,764.0,806.0,829.0,857.0,900.0,929.0,952.0,
11.0,21.0,32.0,78.0,95.0,107.0,137.0,167.0,172.0,186.0,191.0,197.0,230.0,243.0,247.0,296.0,316.0,327.0,377.0,377.0,387.0,393.0,420.0,432.0,437.0,485.0,496.0,529.0,591.0,597.0,614.0,627.0,701.0,715.0,719.0,721.0,736.0,745.0,776.0,801.0,827.0,840.0,841.0,848.0,902.0,922.0,926.0,948.0,
57.0,233.0,258.0,274.0,315.0,328.0,341.0,353.0,386.0,397.0,413.0,418.0,421.0,437.0,439.0,517.0,611.0,628.0,635.0,636.0,644.0,650.0,667.0,691.0,707.0,766.0,789.0,793.0,809.0,811.0,837.0,839.0,862.0,876.0,891.0,894.0,924.0,932.0,937.0,947.0,976.0,
9.0,12.0,21.0,62.0,83.0,97.0,113.0,114.0,155.0,195.0,198.0,211.0,227.0,298.0,316.0,381.0,391.0,394.0,399.0,416.0,425.0,471.0,471.0,502.0,579.0,594.0,625.0,629.0,633.0,651.0,666.0,715.0,722.0,738.0,762.0,770.0,800.0,804.0,814.0,820.0,827.0,869.0,901.0,919.0,943.0,943.0,954.0,963.0,971.0,994.0,998.0,
16.0,44.0,56.0,67.0,68.0,88.0,91.0,155.0,272.0,291.0,304.0,305.0,312.0,318.0,365.0,377.0,403.0,405.0,412.0,459.0,465.0,470.0,487.0,495.0,504.0,564.0,568.0,650.0,710.0,735.0,735.0,742.0,761.0,775.0,817.0,823.0,854.0,869.0,886.0,920.0,940.0,946.0,
25.0,40.0,71.0,83.0,133.0,145.0,165.0,175.0,261.0,263.0,289.0,325.0,340.0,343.0,405.0,429.0,440.0,447.0,497.0,499.0,550.0,557.0,578.0,583.0,613.0,630.0,689.0,696.0,709.0,764.0,767.0,897.0,903.0,924.0,929.0,929.0,
5.0,20.0,72.0,135.0,152.0,210.0,266.0,271.0,326.0,363.0,388.0,392.0,396.0,450.0,517.0,522.0,553.0,659.0,722.0,731.0,737.0,738.0,767.0,801.0,815.0,849.0,895.0,951.0,962.0,988.0,988.0,
12.0,36.0,46.0,74.0,86.0,95.0,140.0,145.0,170.0,213.0,232.0,285.0,335.0,372.0,372.0,430.0,487.0,529.0,559.0,562.0,669.0,669.0,682.0,694.0,705.0,719.0,723.0,723.0,739.0,740.0,752.0,761.0,761.0,809.0,830.0,872.0,878.0,897.0,904.0,907.0,921.0,925.0,
11.0,24.0,40.0,148.0,218.0,269.0,272.0,333.0,357.0,401.0,416.0,432.0,435.0,444.0,458.0,478.0,500.0,504.0,508.0,607.0,620.0,646.0,676.0,686.0,700.0,720.0,747.0,756.0,760.0,791.0,822.0,837.0,866.0,905.0,
24.0,24.0,37.0,55.0,119.0,146.0,151.0,170.0,184.0,206.0,224.0,238.0,243.0,271.0,281.0,306.0,327.0,335.0,339.0,359.0,454.0,487.0,520.0,528.0,557.0,576.0,627.0,638.0,647.0,649.0,684.0,738.0,758.0,760.0,772.0,777.0,813.0,840.0,845.0,899.0,929.0,940.0,950.0,986.0,
36.0,49.0,104.0,216.0,231.0,233.0,266.0,350.0,381.0,403.0,408.0,417.0,464.0,540.0,546.0,571.0,616.0,619.0,635.0,654.0,665.0,678.0,724.0,728.0,735.0,744.0,768.0,771.0,789.0,829.0,841.0,862.0,883.0,911.0,975.0,993.0,
7.0,14.0,33.0,48.0,58.0,65.0,69.0,71.0,72.0,120.0,125.0,139.0,156.0,161.0,170.0,178.0,197.0,240.0,281.0,325.0,347.0,356.0,360.0,372.0,394.0,448.0,453.0,479.0,503.0,543.0,575.0,576.0,602.0,607.0,644.0,656.0,660.0,697.0,723.0,756.0,831.0,860.0,927.0,937.0,972.0,974.0,996.0,
25.0,144.0,178.0,205.0,287.0,301.0,336.0,426.0,434.0,441.0,449.0,518.0,524.0,571.0,647.0,680.0,730.0,784.0,784.0,784.0,793.0,822.0,852.0,858.0,897.0,931.0,942.0,947.0,950.0,976.0,989.0,
51.0,59.0,80.0,89.0,110.0,119.0,121.0,129.0,184.0,187.0,192.0,265.0,292.0,297.0,347.0,348.0,392.0,393.0,405.0,406.0,487.0,489.0,491.0,504.0,509.0,511.0,523.0,618.0,623.0,624.0,647.0,647.0,648.0,656.0,684.0,694.0,731.0,760.0,781.0,797.0,804.0,814.0,815.0,831.0,837.0,885.0,901.0,912.0,916.0,951.0,964.0,964.0,969.0,971.0,977.0,
26.0,46.0,57.0,75.0,160.0,165.0,190.0,207.0,220.0,260.0,260.0,304.0,306.0,317.0,333.0,439.0,456.0,477.0,503.0,509.0,560.0,578.0,580.0,584.0,699.0,720.0,726.0,750.0,779.0,807.0,830.0,865.0,865.0,946.0,957.0,
51.0,119.0,161.0,176.0,182.0,229.0,263.0,405.0,411.0,437.0,480.0,493.0,498.0,599.0,628.0,660.0,685.0,692.0,722.0,722.0,766.0,791.0,795.0,800.0,831.0,868.0,871.0,973.0,
10.0,18.0,52.0,58.0,66.0,91.0,102.0,155.0,190.0,198.0,205.0,239.0,247.0,264.0,291.0,297.0,303.0,372.0,373.0,433.0,497.0,592.0,643.0,653.0,654.0,685.0,686.0,690.0,729.0,732.0,742.0,758.0,764.0,767.0,824.0,836.0,846.0,851.0,856.0,883.0,890.0,969.0,
10.0,76.0,103.0,135.0,139.0,151.0,158.0,214.0,309.0,312.0,331.0,334.0,372.0,387.0,396.0,551.0,564.0,588.0,606.0,669.0,720.0,759.0,798.0,817.0,855.0,876.0,933.0,975.0,998.0,
23.0,79.0,117.0,150.0,188.0,193.0,234.0,248.0,268.0,291.0,294.0,332.0,353.0,374.0,379.0,390.0,417.0,450.0,453.0,456.0,457.0,463.0,506.0,524.0,532.0,625.0,632.0,635.0,661.0,690.0,706.0,709.0,713.0,763.0,769.0,800.0,806.0,815.0,833.0,842.0,860.0,876.0,927.0,963.0,991.0,
8.0,37.0,59.0,118.0,126.0,152.0,182.0,195.0,249.0,265.0,286.0,326.0,330.0,346.0,447.0,450.0,466.0,477.0,496.0,515.0,567.0,635.0,643.0,723.0,744.0,761.0,809.0,817.0,818.0,868.0,900.0,924.0,944.0,945.0,958.0,976.0,977.0,985.0,
7.0,14.0,56.0,80.0,82.0,103.0,163.0,168.0,177.0,191.0,210.0,250.0,276.0,298.0,324.0,330.0,354.0,368.0,407.0,497.0,510.0,531.0,543.0,631.0,733.0,888.0,897.0,965.0,981.0,
24.0,26.0,31.0,39.0,53.0,86.0,114.0,118.0,130.0,134.0,199.0,215.0,225.0,239.0,248.0,265.0,309.0,357.0,396.0,397.0,411.0,413.0,430.0,458.0,549.0,562.0,652.0,665.0,671.0,673.0,707.0,711.0,726.0,793.0,819.0,829.0,853.0,870.0,878.0,930.0,959.0,976.0,
8.0,24.0,65.0,96.0,97.0,105.0,138.0,158.0,200.0,255.0,266.0,283.0,337.0,350.0,360.0,395.0,446.0,457.0,492.0,963.0,
18.0,44.0,86.0,155.0,160.0,171.0,187.0,230.0,283.0,299.0,351.0,361.0,437.0,452.0,482.0,492.0,
41.0,55.0,102.0,122.0,140.0,189.0,222.0,321.0,327.0,377.0,382.0,385.0,416.0,432.0,464.0,481.0,482.0,504.0,745.0,785.0,857.0,
21.0,68.0,69.0,84.0,101.0,101.0,175.0,180.0,189.0,248.0,251.0,288.0,349.0,382.0,416.0,442.0,460.0,601.0,638.0,651.0,691.0,709.0,716.0,744.0,802.0,812.0,814.0,823.0,880.0,887.0,890.0,902.0,906.0,914.0,942.0,979.0,979.0,989.0,999.0,
8.0,20.0,74.0,78.0,105.0,181.0,196.0,205.0,228.0,305.0,316.0,328.0,357.0,377.0,380.0,464.0,472.0,508.0,527.0,534.0,534.0,536.0,596.0,597.0,609.0,632.0,632.0,650.0,683.0,688.0,720.0,735.0,769.0,785.0,787.0,825.0,830.0,839.0,842.0,913.0,917.0,928.0,954.0,954.0,957.0,959.0,973.0,988.0,988.0,
17.0,99.0,166.0,170.0,172.0,218.0,245.0,264.0,323.0,357.0,357.0,367.0,373.0,388.0,426.0,433.0,439.0,534.0,600.0,629.0,707.0,739.0,776.0,782.0,804.0,812.0,831.0,842.0,858.0,859.0,873.0,931.0,947.0,980.0,
27.0,28.0,45.0,47.0,61.0,77.0,245.0,270.0,341.0,344.0,376.0,472.0,496.0,513.0,515.0,516.0,535.0,545.0,567.0,582.0,603.0,604.0,652.0,659.0,711.0,721.0,737.0,763.0,775.0,789.0,837.0,867.0,867.0,874.0,926.0,937.0,943.0,950.0,960.0,982.0,
24.0,39.0,49.0,66.0,127.0,139.0,160.0,173.0,201.0,213.0,229.0,240.0,240.0,250.0,269.0,289.0,305.0,327.0,361.0,490.0,541.0,560.0,563.0,598.0,601.0,641.0,699.0,797.0,858.0,953.0,962.0,966.0,
13.0,18.0,102.0,200.0,207.0,291.0,309.0,327.0,332.0,341.0,354.0,466.0,496.0,506.0,516.0,517.0,532.0,586.0,599.0,641.0,649.0,685.0,742.0,782.0,790.0,802.0,833.0,841.0,855.0,863.0,882.0,888.0,927.0,932.0,959.0,969.0,993.0,999.0,
31.0,45.0,52.0,180.0,213.0,227.0,228.0,254.0,288.0,317.0,370.0,388.0,406.0,407.0,426.0,455.0,462.0,477.0,702.0,846.0,883.0,
5.0,16.0,27.0,78.0,81.0,105.0,115.0,191.0,214.0,231.0,236.0,252.0,266.0,292.0,318.0,329.0,364.0,383.0,425.0,471.0,483.0,
12.0,109.0,130.0,134.0,140.0,209.0,254.0,269.0,275.0,299.0,316.0,343.0,387.0,412.0,473.0,494.0,503.0,871.0,913.0,914.0,
21.0,45.0,50.0,60.0,68.0,79.0,87.0,107.0,143.0,152.0,173.0,213.0,238.0,275.0,289.0,305.0,318.0,393.0,419.0,452.0,491.0,494.0,
22.0,50.0,71.0,80.0,91.0,105.0,106.0,115.0,128.0,139.0,175.0,196.0,199.0,279.0,301.0,339.0,340.0,438.0,937.0,
65.0,80.0,103.0,106.0,132.0,136.0,200.0,208.0,238.0,261.0,279.0,342.0,411.0,420.0,496.0,568.0,595.0,607.0,621.0,631.0,657.0,667.0,736.0,738.0,743.0,796.0,796.0,824.0,824.0,839.0,869.0,890.0,911.0,913.0,922.0,926.0,933.0,943.0,998.0,
18.0,21.0,101.0,127.0,140.0,142.0,215.0,251.0,277.0,309.0,366.0,373.0,400.0,415.0,448.0,459.0,581.0,685.0,725.0,804.0,808.0,819.0,845.0,907.0,
5.0,11.0,16.0,18.0,49.0,51.0,61.0,86.0,145.0,476.0,495.0,504.0,507.0,518.0,520.0,552.0,563.0,585.0,634.0,655.0,822.0,825.0,853.0,884.0,889.0,929.0,932.0,958.0,961.0,983.0,992.0,
17.0,17.0,38.0,41.0,190.0,214.0,222.0,238.0,238.0,255.0,303.0,341.0,359.0,373.0,471.0,488.0,503.0,528.0,529.0,540.0,552.0,559.0,579.0,592.0,618.0,655.0,666.0,673.0,679.0,696.0,727.0,752.0,766.0,767.0,768.0,798.0,801.0,854.0,870.0,882.0,910.0,965.0,974.0,975.0,975.0,979.0,
33.0,68.0,78.0,114.0,116.0,136.0,159.0,222.0,225.0,238.0,264.0,304.0,323.0,383.0,464.0,477.0,509.0,512.0,583.0,594.0,606.0,607.0,626.0,676.0,697.0,709.0,710.0,744.0,799.0,805.0,806.0,848.0,853.0,870.0,905.0,920.0,930.0,973.0,989.0,
65.0,80.0,142.0,155.0,218.0,227.0,274.0,306.0,319.0,332.0,335.0,426.0,432.0,486.0,
3.0,7.0,41.0,140.0,196.0,207.0,250.0,257.0,258.0,262.0,281.0,290.0,296.0,329.0,368.0,386.0,390.0,400.0,419.0,421.0,501.0,907.0,
21.0,25.0,31.0,31.0,76.0,80.0,107.0,130.0,150.0,192.0,197.0,202.0,210.0,306.0,370.0,388.0,437.0,442.0,450.0,482.0,761.0,879.0,902.0,
2.0,10.0,20.0,24.0,42.0,71.0,79.0,87.0,98.0,134.0,188.0,235.0,257.0,268.0,304.0,342.0,371.0,454.0,455.0,500.0,898.0,939.0,
25.0,54.0,59.0,62.0,80.0,116.0,140.0,167.0,216.0,226.0,238.0,340.0,367.0,373.0,414.0,416.0,424.0,487.0,
18.0,33.0,50.0,74.0,80.0,83.0,99.0,147.0,172.0,174.0,194.0,244.0,264.0,280.0,288.0,311.0,340.0,344.0,384.0,420.0,466.0,555.0,566.0,580.0,583.0,667.0,689.0,709.0,744.0,759.0,759.0,760.0,766.0,782.0,785.0,792.0,804.0,819.0,820.0,820.0,822.0,823.0,844.0,872.0,879.0,934.0,946.0,
25.0,44.0,95.0,176.0,190.0,211.0,285.0,362.0,365.0,370.0,389.0,404.0,408.0,411.0,444.0,460.0,466.0,500.0,500.0,529.0,553.0,595.0,607.0,614.0,644.0,656.0,731.0,754.0,779.0,784.0,785.0,832.0,853.0,861.0,876.0,900.0,922.0,966.0,
4.0,28.0,120.0,126.0,135.0,167.0,201.0,209.0,232.0,233.0,244.0,368.0,391.0,421.0,484.0,486.0,549.0,601.0,605.0,606.0,611.0,612.0,653.0,658.0,661.0,694.0,753.0,763.0,789.0,937.0,951.0,
52.0,115.0,146.0,147.0,185.0,198.0,241.0,289.0,337.0,354.0,355.0,390.0,502.0,526.0,544.0,604.0,680.0,688.0,715.0,794.0,804.0,854.0,896.0,924.0,977.0,987.0,996.0,
2.0,54.0,55.0,73.0,82.0,149.0,152.0,171.0,180.0,200.0,220.0,254.0,325.0,428.0,440.0,453.0,464.0,482.0,558.0,597.0,633.0,646.0,652.0,656.0,688.0,721.0,763.0,776.0,817.0,836.0,836.0,851.0,853.0,860.0,871.0,879.0,909.0,972.0,981.0,
7.0,24.0,52.0,55.0,99.0,137.0,205.0,291.0,299.0,365.0,418.0,450.0,489.0,765.0,968.0,
83.0,87.0,90.0,124.0,147.0,159.0,196.0,209.0,227.0,232.0,252.0,281.0,343.0,352.0,388.0,405.0,409.0,420.0,423.0,445.0,469.0,
18.0,21.0,30.0,39.0,77.0,139.0,148.0,156.0,172.0,193.0,199.0,201.0,224.0,276.0,277.0,281.0,310.0,313.0,406.0,419.0,470.0,473.0,486.0,802.0,832.0,
15.0,20.0,42.0,84.0,115.0,126.0,133.0,170.0,182.0,209.0,210.0,236.0,278.0,287.0,300.0,300.0,300.0,320.0,384.0,390.0,399.0,407.0,420.0,422.0,447.0,458.0,
29.0,77.0,110.0,125.0,158.0,173.0,194.0,259.0,277.0,284.0,289.0,296.0,306.0,313.0,319.0,375.0,377.0,392.0,421.0,441.0,470.0,471.0,472.0,481.0,748.0,773.0,787.0,807.0,813.0,
3.0,41.0,69.0,118.0,127.0,165.0,272.0,283.0,291.0,298.0,299.0,327.0,384.0,391.0,401.0,409.0,469.0,504.0,544.0,597.0,611.0,647.0,679.0,716.0,727.0,747.0,749.0,750.0,802.0,847.0,854.0,869.0,875.0,877.0,883.0,896.0,921.0,954.0,963.0,
5.0,63.0,67.0,73.0,93.0,203.0,225.0,248.0,302.0,307.0,352.0,356.0,376.0,430.0,461.0,461.0,468.0,483.0,527.0,563.0,584.0,598.0,637.0,660.0,666.0,725.0,764.0,777.0,813.0,817.0,828.0,833.0,954.0,979.0,
30.0,32.0,35.0,38.0,64.0,74.0,97.0,148.0,148.0,150.0,186.0,197.0,206.0,211.0,247.0,256.0,286.0,291.0,300.0,326.0,341.0,343.0,378.0,416.0,484.0,494.0,521.0,535.0,569.0,569.0,578.0,598.0,611.0,613.0,677.0,688.0,705.0,712.0,771.0,802.0,839.0,857.0,862.0,864.0,898.0,912.0,925.0,939.0,954.0,958.0,971.0,987.0,1000.0,
40.0,69.0,120.0,187.0,242.0,315.0,316.0,358.0,376.0,460.0,492.0,509.0,514.0,575.0,606.0,622.0,630.0,643.0,661.0,677.0,758.0,764.0,782.0,794.0,856.0,912.0,922.0,937.0,966.0,991.0,1000.0,
119.0,130.0,189.0,191.0,233.0,239.0,244.0,269.0,280.0,291.0,317.0,322.0,420.0,439.0,502.0,515.0,520.0,525.0,540.0,545.0,574.0,580.0,590.0,599.0,651.0,654.0,669.0,671.0,676.0,691.0,700.0,701.0,703.0,743.0,747.0,798.0,817.0,834.0,867.0,879.0,887.0,914.0,918.0,949.0,971.0,
13.0,73.0,74.0,87.0,90.0,133.0,135.0,136.0,162.0,240.0,272.0,273.0,293.0,305.0,327.0,339.0,393.0,467.0,488.0,574.0,576.0,603.0,649.0,728.0,735.0,752.0,777.0,784.0,786.0,799.0,813.0,813.0,819.0,867.0,891.0,909.0,918.0,950.0,951.0,952.0,959.0,966.0,
33.0,39.0,56.0,92.0,123.0,132.0,188.0,195.0,269.0,311.0,318.0,338.0,348.0,378.0,411.0,418.0,486.0,494.0,913.0,933.0,
5.0,53.0,136.0,157.0,296.0,322.0,327.0,329.0,334.0,348.0,348.0,367.0,425.0,425.0,435.0,465.0,
10.0,70.0,164.0,182.0,228.0,245.0,258.0,269.0,283.0,284.0,292.0,366.0,367.0,390.0,468.0,503.0,811.0,961.0,
14.0,41.0,43.0,60.0,73.0,92.0,179.0,334.0,403.0,410.0,501.0,593.0,597.0,646.0,669.0,705.0,733.0,747.0,758.0,759.0,778.0,788.0,861.0,889.0,918.0,968.0,970.0,985.0,989.0,993.0,
26.0,36.0,38.0,45.0,109.0,169.0,193.0,203.0,210.0,226.0,268.0,283.0,304.0,337.0,355.0,389.0,396.0,474.0,482.0,516.0,519.0,569.0,573.0,574.0,576.0,594.0,604.0,610.0,610.0,635.0,642.0,642.0,677.0,680.0,694.0,709.0,731.0,751.0,757.0,806.0,817.0,820.0,841.0,853.0,874.0,881.0,974.0,997.0,
32.0,73.0,95.0,192.0,218.0,253.0,290.0,298.0,306.0,396.0,405.0,468.0,481.0,483.0,490.0,491.0,523.0,534.0,543.0,548.0,574.0,582.0,607.0,625.0,632.0,634.0,645.0,794.0,824.0,841.0,864.0,903.0,916.0,917.0,940.0,941.0,946.0,993.0,
25.0,65.0,95.0,104.0,220.0,221.0,245.0,266.0,288.0,295.0,308.0,311.0,363.0,388.0,393.0,430.0,433.0,435.0,459.0,482.0,500.0,502.0,512.0,592.0,599.0,635.0,651.0,665.0,684.0,712.0,713.0,718.0,727.0,760.0,794.0,794.0,797.0,911.0,921.0,957.0,974.0,977.0,
21.0,35.0,100.0,120.0,154.0,174.0,186.0,221.0,234.0,340.0,381.0,499.0,501.0,521.0,563.0,618.0,679.0,679.0,681.0,696.0,735.0,755.0,801.0,906.0,918.0,925.0,934.0,948.0,951.0,982.0,985.0,
48.0,59.0,79.0,132.0,140.0,171.0,181.0,187.0,206.0,210.0,223.0,246.0,298.0,300.0,326.0,336.0,344.0,352.0,354.0,363.0,364.0,365.0,372.0,422.0,439.0,479.0,546.0,556.0,603.0,607.0,633.0,637.0,664.0,715.0,732.0,737.0,757.0,763.0,775.0,811.0,822.0,823.0,835.0,859.0,879.0,910.0,922.0,949.0,976.0,
17.0,60.0,136.0,153.0,158.0,200.0,222.0,233.0,237.0,251.0,274.0,286.0,296.0,314.0,330.0,344.0,359.0,394.0,398.0,453.0,454.0,463.0,503.0,508.0,518.0,523.0,531.0,549.0,571.0,577.0,588.0,597.0,599.0,614.0,645.0,646.0,702.0,705.0,707.0,716.0,718.0,746.0,790.0,798.0,800.0,824.0,883.0,893.0,926.0,930.0,948.0,954.0,957.0,
15.0,64.0,72.0,79.0,108.0,127.0,189.0,201.0,207.0,212.0,213.0,239.0,270.0,275.0,333.0,353.0,359.0,376.0,410.0,414.0,432.0,466.0,531.0,531.0,557.0,601.0,632.0,676.0,711.0,715.0,732.0,736.0,756.0,779.0,793.0,807.0,844.0,862.0,870.0,906.0,928.0,979.0,981.0,
48.0,72.0,79.0,90.0,100.0,141.0,142.0,188.0,195.0,240.0,269.0,322.0,344.0,376.0,430.0,433.0,452.0,502.0,503.0,630.0,643.0,658.0,680.0,698.0,724.0,732.0,770.0,796.0,850.0,866.0,898.0,941.0,955.0,966.0,990.0,993.0,
47.0,60.0,69.0,168.0,170.0,210.0,285.0,293.0,376.0,394.0,399.0,401.0,419.0,490.0,549.0,571.0,578.0,578.0,635.0,639.0,642.0,650.0,654.0,665.0,665.0,716.0,718.0,720.0,739.0,786.0,817.0,820.0,846.0,878.0,902.0,913.0,917.0,963.0,994.0,
18.0,28.0,72.0,172.0,174.0,183.0,238.0,342.0,363.0,408.0,421.0,457.0,576.0,588.0,625.0,644.0,670.0,679.0,696.0,704.0,718.0,749.0,758.0,795.0,809.0,879.0,881.0,909.0,913.0,968.0,
3.0,15.0,53.0,67.0,68.0,155.0,181.0,211.0,262.0,267.0,287.0,308.0,311.0,389.0,404.0,407.0,431.0,471.0,472.0,493.0,505.0,567.0,577.0,616.0,649.0,667.0,731.0,741.0,761.0,891.0,912.0,957.0,971.0,972.0,972.0,980.0,980.0,989.0,
15.0,16.0,25.0,77.0,92.0,115.0,135.0,164.0,183.0,188.0,219.0,236.0,252.0,264.0,300.0,418.0,473.0,510.0,575.0,622.0,641.0,669.0,692.0,727.0,742.0,762.0,767.0,776.0,803.0,807.0,830.0,866.0,878.0,919.0,957.0,
6.0,16.0,115.0,172.0,228.0,244.0,251.0,306.0,306.0,307.0,315.0,386.0,403.0,415.0,425.0,446.0,481.0,563.0,588.0,588.0,590.0,673.0,730.0,749.0,797.0,816.0,844.0,847.0,858.0,875.0,880.0,885.0,994.0,
28.0,36.0,57.0,60.0,79.0,87.0,110.0,155.0,170.0,205.0,218.0,245.0,258.0,307.0,369.0,381.0,430.0,431.0,457.0,462.0,470.0,553.0,616.0,624.0,649.0,669.0,683.0,702.0,732.0,737.0,763.0,786.0,819.0,851.0,901.0,902.0,942.0,954.0,969.0,
80.0,128.0,179.0,219.0,254.0,293.0,302.0,306.0,328.0,337.0,342.0,346.0,466.0,582.0,593.0,603.0,603.0,632.0,661.0,732.0,734.0,831.0,852.0,861.0,864.0,865.0,885.0,916.0,
10.0,11.0,24.0,40.0,43.0,65.0,85.0,100.0,126.0,146.0,180.0,217.0,244.0,258.0,262.0,303.0,330.0,345.0,365.0,443.0,472.0,475.0,554.0,572.0,580.0,581.0,602.0,634.0,719.0,737.0,754.0,774.0,809.0,810.0,858.0,861.0,862.0,867.0,869.0,873.0,896.0,956.0,
7.0,12.0,24.0,27.0,60.0,61.0,70.0,97.0,135.0,192.0,343.0,358.0,403.0,417.0,438.0,447.0,526.0,543.0,560.0,576.0,714.0,749.0,751.0,756.0,777.0,779.0,905.0,913.0,916.0,926.0,927.0,945.0,967.0,993.0,
90.0,112.0,143.0,165.0,198.0,216.0,234.0,264.0,323.0,328.0,350.0,389.0,397.0,415.0,416.0,470.0,491.0,503.0,539.0,549.0,613.0,636.0,642.0,648.0,722.0,725.0,741.0,743.0,793.0,851.0,851.0,863.0,866.0,868.0,871.0,889.0,911.0,922.0,954.0,991.0,
90.0,139.0,160.0,160.0,174.0,181.0,193.0,194.0,197.0,252.0,253.0,257.0,270.0,274.0,297.0,307.0,376.0,472.0,545.0,563.0,564.0,568.0,583.0,653.0,697.0,705.0,715.0,726.0,748.0,757.0,808.0,824.0,830.0,881.0,890.0,927.0,933.0,958.0,968.0,989.0,
18.0,25.0,31.0,70.0,135.0,189.0,226.0,239.0,240.0,251.0,325.0,333.0,444.0,527.0,534.0,537.0,554.0,560.0,603.0,616.0,651.0,654.0,675.0,698.0,707.0,715.0,750.0,768.0,789.0,831.0,851.0,852.0,863.0,868.0,884.0,920.0,924.0,926.0,
18.0,27.0,34.0,37.0,52.0,58.0,60.0,101.0,110.0,140.0,144.0,165.0,202.0,217.0,223.0,256.0,280.0,324.0,324.0,352.0,439.0,452.0,560.0,577.0,601.0,618.0,646.0,661.0,693.0,699.0,719.0,740.0,740.0,749.0,768.0,812.0,875.0,906.0,908.0,918.0,944.0,947.0,954.0,980.0,
34.0,44.0,91.0,131.0,169.0,184.0,187.0,238.0,239.0,254.0,298.0,323.0,333.0,350.0,358.0,400.0,446.0,471.0,484.0,494.0,620.0,670.0,714.0,723.0,770.0,844.0,893.0,910.0,911.0,914.0,916.0,951.0,960.0,961.0,964.0,964.0,965.0,986.0,
