12.0,27.0,84.0,101.0,152.0,157.0,158.0,178.0,224.0,277.0,357.0,391.0,406.0,432.0,439.0,455.0,463.0,471.0,496.0,502.0,598.0,598.0,637.0,687.0,712.0,716.0,741.0,785.0,800.0,838.0,848.0,860.0,860.0,904.0,944.0,947.0,978.0,991.0,
22.0,29.0,40.0,62.0,63.0,90.0,121.0,148.0,187.0,254.0,262.0,269.0,415.0,471.0,492.0,510.0,552.0,567.0,589.0,606.0,760.0,785.0,791.0,842.0,847.0,896.0,922.0,945.0,984.0,
22.0,33.0,59.0,85.0,105.0,119.0,136.0,159.0,206.0,227.0,244.0,278.0,290.0,328.0,338.0,364.0,396.0,415.0,416.0,512.0,528.0,543.0,609.0,617.0,645.0,700.0,718.0,720.0,776.0,872.0,923.0,980.0,990.0,995.0,
7.0,30.0,78.0,160.0,168.0,171.0,178.0,224.0,279.0,333.0,363.0,414.0,441.0,510.0,571.0,688.0,744.0,771.0,842.0,857.0,867.0,952.0,994.0,998.0,
14.0,46.0,93.0,113.0,157.0,169.0,185.0,213.0,263.0,304.0,319.0,330.0,346.0,366.0,386.0,453.0,476.0,484.0,572.0,584.0,593.0,622.0,628.0,640.0,681.0,689.0,730.0,746.0,765.0,791.0,812.0,823.0,850.0,854.0,899.0,925.0,929.0,951.0,955.0,958.0,974.0,
8.0,50.0,60.0,69.0,70.0,73.0,104.0,161.0,177.0,204.0,255.0,256.0,262.0,288.0,311.0,440.0,453.0,457.0,481.0,517.0,532.0,594.0,730.0,771.0,795.0,796.0,803.0,807.0,828.0,844.0,853.0,859.0,906.0,922.0,926.0,953.0,958.0,963.0,991.0,
15.0,20.0,88.0,160.0,181.0,212.0,213.0,214.0,219.0,261.0,288.0,294.0,351.0,353.0,503.0,538.0,541.0,582.0,622.0,654.0,669.0,682.0,827.0,835.0,842.0,858.0,865.0,870.0,906.0,923.0,979.0,
15.0,70.0,94.0,102.0,149.0,170.0,240.0,242.0,270.0,317.0,370.0,398.0,455.0,466.0,502.0,533.0,571.0,574.0,588.0,620.0,641.0,662.0,664.0,680.0,681.0,701.0,733.0,774.0,792.0,811.0,815.0,824.0,877.0,902.0,934.0,971.0,981.0,982.0,
16.0,29.0,36.0,41.0,114.0,128.0,152.0,153.0,193.0,201.0,221.0,246.0,294.0,308.0,325.0,332.0,358.0,394.0,402.0,418.0,435.0,476.0,503.0,519.0,576.0,612.0,676.0,744.0,757.0,761.0,796.0,798.0,802.0,821.0,839.0,864.0,886.0,915.0,956.0,957.0,960.0,964.0,
43.0,47.0,64.0,124.0,132.0,145.0,148.0,165.0,205.0,240.0,244.0,257.0,347.0,357.0,393.0,400.0,415.0,447.0,449.0,476.0,483.0,498.0,519.0,560.0,609.0,619.0,640.0,685.0,694.0,740.0,
4.0,29.0,30.0,58.0,61.0,65.0,84.0,128.0,142.0,159.0,188.0,218.0,233.0,236.0,257.0,265.0,279.0,344.0,376.0,418.0,507.0,529.0,530.0,545.0,570.0,578.0,616.0,617.0,645.0,689.0,705.0,708.0,763.0,787.0,792.0,809.0,847.0,967.0,981.0,
9.0,19.0,24.0,38.0,55.0,91.0,152.0,160.0,202.0,226.0,230.0,277.0,285.0,286.0,288.0,291.0,360.0,398.0,445.0,466.0,477.0,486.0,509.0,515.0,535.0,543.0,555.0,578.0,589.0,617.0,666.0,680.0,686.0,720.0,733.0,789.0,818.0,928.0,944.0,950.0,963.0,976.0,989.0,1000.0,
17.0,36.0,48.0,86.0,116.0,132.0,168.0,266.0,275.0,293.0,296.0,355.0,421.0,425.0,504.0,519.0,586.0,603.0,633.0,647.0,649.0,690.0,721.0,755.0,757.0,768.0,792.0,798.0,876.0,883.0,892.0,908.0,980.0,995.0,
6.0,29.0,38.0,49.0,77.0,152.0,166.0,186.0,207.0,208.0,210.0,338.0,347.0,356.0,365.0,503.0,551.0,556.0,630.0,661.0,673.0,784.0,800.0,819.0,858.0,968.0,986.0,
43.0,58.0,108.0,112.0,117.0,144.0,155.0,163.0,205.0,217.0,218.0,260.0,310.0,325.0,375.0,422.0,449.0,464.0,467.0,515.0,517.0,527.0,553.0,572.0,585.0,607.0,695.0,695.0,698.0,761.0,779.0,783.0,805.0,884.0,926.0,934.0,991.0,996.0,
3.0,52.0,56.0,72.0,74.0,87.0,105.0,111.0,114.0,120.0,161.0,183.0,183.0,204.0,209.0,235.0,280.0,281.0,286.0,293.0,304.0,305.0,318.0,334.0,346.0,369.0,369.0,390.0,407.0,413.0,432.0,432.0,466.0,469.0,490.0,506.0,514.0,530.0,536.0,545.0,564.0,570.0,607.0,608.0,630.0,708.0,719.0,750.0,766.0,773.0,975.0,984.0,994.0,
46.0,47.0,130.0,217.0,228.0,245.0,266.0,286.0,305.0,311.0,311.0,337.0,348.0,363.0,368.0,393.0,398.0,441.0,506.0,568.0,572.0,594.0,628.0,656.0,678.0,688.0,701.0,726.0,875.0,899.0,984.0,993.0,
150.0,177.0,289.0,318.0,424.0,430.0,434.0,449.0,464.0,505.0,519.0,618.0,668.0,674.0,704.0,724.0,733.0,768.0,771.0,794.0,830.0,843.0,849.0,891.0,903.0,922.0,933.0,953.0,
22.0,41.0,114.0,161.0,180.0,211.0,214.0,315.0,324.0,402.0,480.0,492.0,494.0,498.0,501.0,543.0,584.0,604.0,648.0,728.0,760.0,789.0,795.0,796.0,814.0,822.0,871.0,893.0,934.0,951.0,
35.0,43.0,52.0,125.0,147.0,172.0,188.0,201.0,233.0,327.0,343.0,344.0,347.0,356.0,382.0,410.0,432.0,436.0,438.0,463.0,507.0,544.0,547.0,549.0,646.0,709.0,723.0,761.0,799.0,806.0,821.0,879.0,922.0,935.0,941.0,979.0,
14.0,23.0,43.0,50.0,62.0,106.0,107.0,123.0,137.0,171.0,176.0,176.0,251.0,296.0,311.0,356.0,438.0,454.0,457.0,466.0,485.0,488.0,526.0,532.0,540.0,551.0,642.0,656.0,737.0,772.0,781.0,816.0,947.0,982.0,
51.0,72.0,120.0,204.0,207.0,209.0,248.0,251.0,286.0,321.0,328.0,334.0,344.0,345.0,370.0,374.0,447.0,451.0,478.0,517.0,517.0,570.0,592.0,607.0,635.0,682.0,688.0,733.0,744.0,751.0,786.0,824.0,828.0,828.0,849.0,879.0,899.0,918.0,966.0,970.0,
5.0,32.0,44.0,46.0,46.0,73.0,80.0,80.0,156.0,242.0,244.0,248.0,294.0,315.0,326.0,358.0,383.0,402.0,402.0,518.0,594.0,709.0,782.0,913.0,
11.0,43.0,48.0,194.0,200.0,329.0,350.0,353.0,366.0,381.0,411.0,416.0,432.0,463.0,523.0,524.0,529.0,540.0,566.0,580.0,600.0,615.0,638.0,681.0,697.0,717.0,725.0,766.0,768.0,773.0,779.0,805.0,812.0,823.0,846.0,889.0,895.0,896.0,928.0,935.0,975.0,990.0,994.0,
13.0,13.0,18.0,24.0,27.0,31.0,40.0,103.0,146.0,232.0,236.0,236.0,261.0,270.0,271.0,273.0,281.0,283.0,297.0,302.0,318.0,323.0,324.0,371.0,387.0,428.0,477.0,509.0,530.0,534.0,537.0,542.0,552.0,558.0,559.0,562.0,567.0,569.0,605.0,618.0,623.0,633.0,637.0,644.0,646.0,660.0,671.0,680.0,689.0,693.0,694.0,696.0,716.0,719.0,727.0,743.0,783.0,807.0,813.0,815.0,818.0,819.0,847.0,867.0,881.0,901.0,903.0,914.0,928.0,931.0,932.0,957.0,958.0,988.0,
23.0,39.0,44.0,50.0,66.0,66.0,69.0,100.0,250.0,279.0,279.0,299.0,304.0,342.0,371.0,374.0,380.0,381.0,417.0,442.0,474.0,516.0,518.0,528.0,532.0,535.0,538.0,538.0,542.0,542.0,551.0,555.0,558.0,558.0,562.0,565.0,582.0,584.0,594.0,604.0,656.0,666.0,682.0,690.0,702.0,712.0,725.0,729.0,741.0,743.0,765.0,768.0,773.0,791.0,821.0,824.0,841.0,845.0,847.0,848.0,856.0,877.0,891.0,930.0,956.0,975.0,984.0,993.0,999.0,
39.0,88.0,107.0,110.0,172.0,228.0,237.0,259.0,331.0,356.0,359.0,378.0,429.0,482.0,508.0,523.0,535.0,548.0,558.0,558.0,564.0,572.0,574.0,575.0,579.0,589.0,591.0,614.0,632.0,640.0,641.0,643.0,649.0,665.0,666.0,705.0,712.0,748.0,757.0,761.0,850.0,852.0,875.0,894.0,907.0,931.0,933.0,939.0,944.0,949.0,952.0,969.0,972.0,
19.0,66.0,104.0,109.0,118.0,118.0,125.0,146.0,148.0,168.0,169.0,197.0,198.0,206.0,289.0,298.0,340.0,345.0,353.0,360.0,375.0,387.0,416.0,478.0,504.0,516.0,516.0,520.0,543.0,545.0,547.0,558.0,560.0,563.0,584.0,590.0,617.0,628.0,647.0,656.0,715.0,721.0,730.0,740.0,742.0,742.0,748.0,793.0,812.0,815.0,815.0,874.0,875.0,876.0,895.0,914.0,916.0,919.0,946.0,965.0,981.0,
21.0,22.0,59.0,72.0,89.0,102.0,113.0,117.0,145.0,148.0,206.0,261.0,299.0,305.0,325.0,388.0,403.0,510.0,690.0,697.0,698.0,828.0,838.0,848.0,879.0,
42.0,47.0,66.0,71.0,77.0,137.0,165.0,219.0,265.0,290.0,315.0,465.0,466.0,523.0,543.0,631.0,637.0,673.0,684.0,702.0,854.0,909.0,928.0,983.0,
10.0,35.0,36.0,91.0,127.0,135.0,145.0,174.0,245.0,323.0,330.0,363.0,458.0,482.0,491.0,493.0,512.0,544.0,565.0,576.0,640.0,645.0,696.0,701.0,707.0,773.0,783.0,819.0,840.0,845.0,846.0,884.0,907.0,911.0,
38.0,41.0,86.0,153.0,174.0,203.0,213.0,253.0,270.0,275.0,288.0,291.0,299.0,311.0,372.0,381.0,391.0,391.0,432.0,482.0,502.0,505.0,505.0,595.0,608.0,642.0,658.0,669.0,717.0,718.0,730.0,731.0,736.0,739.0,757.0,762.0,879.0,905.0,920.0,929.0,943.0,945.0,989.0,
8.0,13.0,51.0,68.0,68.0,70.0,84.0,150.0,210.0,222.0,338.0,345.0,361.0,375.0,391.0,427.0,442.0,498.0,507.0,532.0,547.0,548.0,554.0,569.0,576.0,581.0,581.0,584.0,589.0,647.0,679.0,682.0,747.0,749.0,751.0,772.0,799.0,803.0,827.0,843.0,857.0,867.0,871.0,889.0,
3.0,22.0,84.0,118.0,146.0,160.0,184.0,198.0,200.0,339.0,359.0,382.0,382.0,400.0,472.0,495.0,525.0,530.0,538.0,541.0,556.0,563.0,565.0,566.0,570.0,571.0,576.0,581.0,591.0,595.0,611.0,618.0,630.0,631.0,636.0,650.0,651.0,663.0,666.0,669.0,676.0,691.0,700.0,702.0,704.0,724.0,738.0,743.0,790.0,830.0,898.0,905.0,907.0,918.0,934.0,952.0,992.0,993.0,
66.0,99.0,140.0,202.0,213.0,234.0,253.0,258.0,267.0,287.0,333.0,346.0,490.0,528.0,528.0,535.0,536.0,539.0,545.0,551.0,552.0,555.0,558.0,560.0,575.0,585.0,585.0,585.0,585.0,595.0,616.0,623.0,628.0,632.0,635.0,646.0,676.0,689.0,699.0,700.0,708.0,738.0,768.0,793.0,793.0,818.0,872.0,872.0,879.0,919.0,933.0,983.0,985.0,993.0,994.0,
11.0,18.0,32.0,54.0,56.0,63.0,89.0,108.0,109.0,111.0,138.0,220.0,238.0,238.0,264.0,264.0,416.0,444.0,456.0,469.0,502.0,513.0,514.0,516.0,520.0,530.0,537.0,548.0,549.0,552.0,553.0,574.0,593.0,599.0,614.0,620.0,625.0,628.0,632.0,634.0,655.0,657.0,661.0,671.0,672.0,677.0,678.0,685.0,701.0,738.0,746.0,750.0,764.0,782.0,791.0,814.0,835.0,844.0,850.0,871.0,872.0,912.0,925.0,934.0,
20.0,42.0,73.0,184.0,189.0,222.0,228.0,251.0,263.0,278.0,287.0,299.0,429.0,519.0,529.0,529.0,535.0,538.0,568.0,569.0,574.0,577.0,585.0,621.0,630.0,660.0,679.0,686.0,709.0,723.0,744.0,751.0,754.0,771.0,783.0,793.0,796.0,802.0,819.0,826.0,826.0,838.0,842.0,856.0,907.0,909.0,942.0,948.0,952.0,982.0,985.0,992.0,
64.0,76.0,139.0,151.0,159.0,179.0,202.0,204.0,210.0,242.0,271.0,307.0,363.0,368.0,404.0,435.0,441.0,443.0,503.0,523.0,525.0,528.0,530.0,531.0,532.0,533.0,538.0,538.0,539.0,546.0,546.0,553.0,556.0,564.0,568.0,579.0,582.0,582.0,587.0,593.0,606.0,619.0,621.0,633.0,646.0,659.0,660.0,675.0,675.0,683.0,686.0,689.0,715.0,742.0,748.0,762.0,772.0,778.0,784.0,785.0,793.0,799.0,809.0,824.0,879.0,906.0,907.0,918.0,922.0,923.0,944.0,962.0,964.0,989.0,
5.0,67.0,68.0,68.0,96.0,114.0,132.0,136.0,147.0,171.0,225.0,241.0,249.0,271.0,291.0,351.0,354.0,394.0,396.0,407.0,419.0,434.0,470.0,481.0,496.0,534.0,539.0,539.0,546.0,549.0,556.0,560.0,578.0,590.0,598.0,618.0,634.0,649.0,657.0,673.0,682.0,717.0,722.0,757.0,760.0,763.0,771.0,788.0,809.0,841.0,910.0,916.0,927.0,930.0,935.0,944.0,964.0,966.0,987.0,996.0,
4.0,7.0,54.0,118.0,135.0,220.0,223.0,243.0,286.0,289.0,323.0,359.0,375.0,432.0,458.0,535.0,574.0,599.0,602.0,704.0,705.0,709.0,730.0,751.0,793.0,805.0,865.0,964.0,
3.0,9.0,27.0,62.0,75.0,94.0,106.0,118.0,180.0,183.0,192.0,209.0,218.0,244.0,249.0,348.0,380.0,495.0,503.0,528.0,638.0,667.0,675.0,692.0,702.0,713.0,731.0,737.0,799.0,817.0,840.0,865.0,868.0,887.0,921.0,932.0,968.0,
52.0,130.0,172.0,224.0,288.0,324.0,331.0,346.0,378.0,452.0,469.0,476.0,513.0,521.0,539.0,547.0,548.0,591.0,605.0,619.0,627.0,717.0,721.0,792.0,854.0,872.0,894.0,911.0,
15.0,25.0,37.0,104.0,122.0,123.0,131.0,186.0,201.0,215.0,265.0,318.0,439.0,505.0,510.0,523.0,523.0,527.0,531.0,533.0,541.0,544.0,551.0,553.0,560.0,561.0,564.0,571.0,572.0,594.0,597.0,607.0,610.0,615.0,631.0,664.0,672.0,676.0,685.0,701.0,740.0,761.0,763.0,790.0,839.0,846.0,852.0,864.0,868.0,880.0,884.0,915.0,952.0,964.0,971.0,992.0,995.0,997.0,
13.0,36.0,60.0,111.0,125.0,134.0,145.0,210.0,230.0,242.0,250.0,266.0,335.0,342.0,365.0,368.0,385.0,401.0,406.0,416.0,422.0,517.0,519.0,521.0,521.0,521.0,525.0,528.0,533.0,539.0,540.0,546.0,547.0,555.0,563.0,566.0,585.0,587.0,588.0,602.0,655.0,694.0,704.0,734.0,734.0,765.0,767.0,783.0,857.0,864.0,864.0,878.0,911.0,917.0,921.0,990.0,993.0,
19.0,43.0,101.0,198.0,230.0,296.0,383.0,446.0,494.0,503.0,511.0,518.0,524.0,524.0,533.0,535.0,542.0,544.0,551.0,551.0,553.0,561.0,570.0,575.0,577.0,577.0,587.0,587.0,589.0,596.0,596.0,598.0,618.0,641.0,654.0,655.0,673.0,679.0,679.0,701.0,713.0,764.0,768.0,773.0,778.0,790.0,819.0,828.0,831.0,849.0,868.0,876.0,878.0,893.0,906.0,920.0,985.0,993.0,
47.0,57.0,62.0,87.0,98.0,127.0,128.0,211.0,250.0,330.0,336.0,338.0,353.0,428.0,445.0,449.0,497.0,499.0,505.0,517.0,517.0,528.0,530.0,540.0,543.0,545.0,552.0,555.0,559.0,559.0,560.0,561.0,563.0,563.0,569.0,569.0,569.0,585.0,596.0,608.0,662.0,666.0,674.0,675.0,722.0,728.0,781.0,813.0,817.0,832.0,853.0,854.0,908.0,922.0,933.0,934.0,942.0,944.0,959.0,961.0,962.0,
78.0,154.0,154.0,221.0,275.0,287.0,311.0,321.0,348.0,393.0,449.0,478.0,515.0,523.0,525.0,526.0,528.0,528.0,535.0,540.0,540.0,572.0,574.0,590.0,592.0,608.0,611.0,622.0,624.0,628.0,647.0,677.0,693.0,710.0,720.0,722.0,723.0,724.0,728.0,772.0,814.0,815.0,826.0,828.0,840.0,872.0,889.0,902.0,924.0,953.0,973.0,974.0,975.0,
11.0,30.0,68.0,73.0,74.0,94.0,95.0,116.0,128.0,150.0,160.0,183.0,225.0,264.0,317.0,334.0,353.0,359.0,361.0,366.0,367.0,388.0,400.0,400.0,424.0,434.0,477.0,487.0,517.0,526.0,527.0,529.0,536.0,538.0,552.0,560.0,563.0,564.0,568.0,573.0,574.0,581.0,584.0,586.0,591.0,592.0,597.0,606.0,620.0,638.0,643.0,652.0,694.0,699.0,709.0,710.0,739.0,751.0,751.0,761.0,762.0,772.0,800.0,803.0,806.0,835.0,887.0,917.0,921.0,937.0,973.0,978.0,1000.0,
13.0,27.0,50.0,103.0,162.0,164.0,205.0,252.0,277.0,329.0,329.0,407.0,454.0,461.0,464.0,512.0,520.0,528.0,529.0,536.0,538.0,540.0,554.0,554.0,565.0,566.0,575.0,596.0,598.0,600.0,619.0,621.0,646.0,664.0,676.0,680.0,683.0,685.0,701.0,701.0,702.0,708.0,710.0,722.0,726.0,749.0,759.0,771.0,772.0,789.0,825.0,834.0,836.0,855.0,867.0,884.0,903.0,939.0,954.0,976.0,981.0,990.0,
105.0,109.0,143.0,167.0,213.0,258.0,260.0,296.0,305.0,377.0,422.0,464.0,469.0,499.0,528.0,544.0,548.0,587.0,697.0,738.0,739.0,763.0,830.0,951.0,956.0,997.0,998.0,
8.0,10.0,53.0,95.0,101.0,118.0,121.0,186.0,231.0,254.0,258.0,267.0,277.0,283.0,342.0,346.0,372.0,389.0,413.0,433.0,438.0,471.0,477.0,484.0,547.0,590.0,592.0,647.0,692.0,749.0,769.0,810.0,815.0,818.0,824.0,849.0,852.0,864.0,982.0,
5.0,18.0,39.0,42.0,142.0,146.0,157.0,217.0,236.0,319.0,338.0,387.0,418.0,421.0,451.0,466.0,524.0,528.0,546.0,581.0,601.0,639.0,643.0,676.0,691.0,754.0,774.0,783.0,790.0,806.0,875.0,888.0,921.0,922.0,
38.0,65.0,87.0,125.0,144.0,144.0,170.0,180.0,180.0,200.0,202.0,215.0,244.0,253.0,263.0,266.0,275.0,310.0,350.0,367.0,370.0,395.0,502.0,519.0,520.0,523.0,530.0,531.0,532.0,538.0,539.0,543.0,546.0,549.0,552.0,554.0,554.0,559.0,561.0,561.0,566.0,574.0,578.0,609.0,623.0,631.0,636.0,646.0,651.0,658.0,669.0,702.0,707.0,741.0,765.0,781.0,785.0,793.0,795.0,803.0,805.0,822.0,822.0,827.0,827.0,833.0,849.0,854.0,857.0,872.0,881.0,886.0,889.0,890.0,891.0,893.0,912.0,912.0,925.0,932.0,940.0,947.0,949.0,958.0,966.0,971.0,983.0,990.0,997.0,
41.0,52.0,85.0,95.0,144.0,149.0,152.0,198.0,260.0,292.0,311.0,335.0,362.0,395.0,422.0,486.0,513.0,516.0,519.0,520.0,522.0,522.0,522.0,523.0,526.0,526.0,531.0,542.0,550.0,559.0,563.0,565.0,569.0,570.0,573.0,577.0,585.0,594.0,600.0,607.0,610.0,612.0,623.0,631.0,633.0,670.0,687.0,694.0,696.0,707.0,717.0,747.0,757.0,765.0,770.0,802.0,812.0,816.0,838.0,853.0,860.0,888.0,908.0,912.0,931.0,967.0,
24.0,37.0,68.0,69.0,147.0,177.0,186.0,218.0,284.0,301.0,320.0,328.0,367.0,400.0,413.0,452.0,517.0,520.0,525.0,526.0,531.0,531.0,531.0,538.0,539.0,549.0,550.0,550.0,559.0,562.0,576.0,582.0,591.0,592.0,597.0,617.0,617.0,618.0,634.0,646.0,653.0,676.0,681.0,712.0,721.0,731.0,740.0,743.0,755.0,763.0,764.0,773.0,790.0,806.0,814.0,816.0,833.0,853.0,892.0,901.0,910.0,915.0,923.0,934.0,965.0,966.0,980.0,996.0,997.0,
5.0,77.0,124.0,143.0,158.0,181.0,240.0,242.0,277.0,283.0,321.0,356.0,376.0,403.0,419.0,513.0,514.0,516.0,520.0,530.0,532.0,532.0,538.0,539.0,544.0,547.0,556.0,560.0,568.0,571.0,574.0,579.0,588.0,593.0,606.0,630.0,630.0,638.0,645.0,651.0,657.0,659.0,667.0,676.0,695.0,696.0,698.0,731.0,739.0,743.0,744.0,748.0,749.0,762.0,772.0,775.0,800.0,801.0,823.0,838.0,841.0,848.0,853.0,869.0,886.0,918.0,950.0,988.0,
21.0,71.0,71.0,98.0,104.0,144.0,190.0,205.0,247.0,251.0,289.0,311.0,311.0,322.0,333.0,381.0,393.0,415.0,509.0,510.0,520.0,527.0,531.0,547.0,550.0,551.0,558.0,563.0,565.0,567.0,567.0,579.0,584.0,590.0,592.0,608.0,619.0,630.0,630.0,635.0,656.0,661.0,675.0,676.0,683.0,685.0,698.0,783.0,804.0,805.0,812.0,824.0,865.0,880.0,886.0,945.0,952.0,955.0,985.0,990.0,1000.0,
40.0,66.0,76.0,123.0,140.0,153.0,235.0,282.0,289.0,304.0,332.0,362.0,402.0,407.0,426.0,455.0,459.0,480.0,499.0,510.0,515.0,519.0,523.0,531.0,536.0,541.0,546.0,555.0,556.0,556.0,564.0,568.0,572.0,573.0,573.0,584.0,590.0,613.0,619.0,621.0,632.0,653.0,656.0,661.0,670.0,710.0,714.0,736.0,739.0,825.0,831.0,833.0,843.0,866.0,895.0,896.0,904.0,928.0,932.0,954.0,973.0,987.0,992.0,
3.0,41.0,74.0,89.0,111.0,113.0,142.0,153.0,158.0,172.0,216.0,221.0,275.0,338.0,344.0,452.0,490.0,491.0,512.0,517.0,530.0,534.0,544.0,544.0,551.0,556.0,557.0,559.0,564.0,564.0,583.0,592.0,600.0,605.0,611.0,622.0,641.0,648.0,661.0,665.0,668.0,689.0,689.0,695.0,709.0,722.0,726.0,728.0,736.0,739.0,741.0,747.0,748.0,753.0,754.0,770.0,780.0,785.0,790.0,803.0,831.0,870.0,885.0,886.0,910.0,931.0,942.0,950.0,961.0,
10.0,15.0,48.0,95.0,115.0,136.0,160.0,181.0,198.0,223.0,243.0,261.0,262.0,275.0,305.0,307.0,314.0,336.0,393.0,401.0,464.0,473.0,492.0,520.0,564.0,609.0,631.0,631.0,632.0,634.0,654.0,714.0,716.0,759.0,765.0,839.0,871.0,886.0,914.0,947.0,994.0,
44.0,58.0,114.0,130.0,133.0,134.0,137.0,189.0,201.0,239.0,245.0,265.0,272.0,278.0,315.0,330.0,335.0,385.0,420.0,444.0,473.0,506.0,526.0,528.0,532.0,568.0,605.0,657.0,661.0,674.0,721.0,757.0,786.0,830.0,835.0,890.0,892.0,920.0,928.0,930.0,933.0,966.0,
42.0,51.0,60.0,91.0,103.0,121.0,161.0,168.0,190.0,227.0,268.0,272.0,285.0,319.0,341.0,354.0,379.0,388.0,444.0,449.0,458.0,461.0,465.0,468.0,479.0,480.0,484.0,487.0,490.0,517.0,527.0,542.0,547.0,565.0,567.0,579.0,589.0,621.0,652.0,668.0,694.0,802.0,811.0,924.0,
40.0,42.0,44.0,57.0,62.0,76.0,98.0,164.0,179.0,179.0,233.0,236.0,266.0,277.0,295.0,313.0,317.0,343.0,345.0,401.0,425.0,502.0,509.0,513.0,513.0,514.0,518.0,518.0,522.0,527.0,529.0,532.0,533.0,538.0,545.0,546.0,548.0,558.0,570.0,580.0,586.0,586.0,595.0,596.0,607.0,620.0,620.0,624.0,626.0,650.0,663.0,691.0,703.0,747.0,779.0,786.0,788.0,805.0,818.0,829.0,836.0,837.0,842.0,854.0,855.0,875.0,889.0,892.0,903.0,921.0,924.0,936.0,946.0,956.0,969.0,970.0,980.0,1000.0,
17.0,108.0,168.0,175.0,197.0,198.0,214.0,250.0,317.0,339.0,366.0,425.0,443.0,450.0,454.0,460.0,495.0,495.0,510.0,516.0,519.0,522.0,524.0,537.0,548.0,566.0,569.0,571.0,574.0,587.0,596.0,601.0,605.0,606.0,619.0,635.0,640.0,663.0,679.0,680.0,687.0,689.0,697.0,714.0,717.0,732.0,761.0,775.0,781.0,784.0,799.0,820.0,821.0,880.0,922.0,928.0,941.0,949.0,951.0,958.0,960.0,974.0,
26.0,28.0,43.0,53.0,79.0,137.0,150.0,159.0,165.0,199.0,220.0,232.0,242.0,331.0,449.0,459.0,499.0,517.0,526.0,530.0,544.0,544.0,553.0,562.0,564.0,568.0,570.0,571.0,574.0,576.0,581.0,582.0,584.0,609.0,621.0,636.0,649.0,651.0,656.0,658.0,669.0,679.0,694.0,706.0,719.0,743.0,744.0,745.0,755.0,764.0,786.0,791.0,822.0,844.0,939.0,951.0,
26.0,111.0,126.0,138.0,164.0,168.0,194.0,204.0,249.0,280.0,320.0,343.0,400.0,436.0,517.0,533.0,535.0,538.0,539.0,542.0,548.0,558.0,561.0,562.0,575.0,576.0,577.0,600.0,605.0,606.0,608.0,613.0,622.0,634.0,637.0,639.0,645.0,661.0,668.0,672.0,674.0,676.0,677.0,680.0,683.0,714.0,722.0,735.0,770.0,772.0,776.0,785.0,805.0,809.0,810.0,827.0,845.0,855.0,904.0,930.0,931.0,967.0,980.0,994.0,
17.0,23.0,70.0,71.0,143.0,182.0,185.0,250.0,264.0,274.0,278.0,380.0,395.0,399.0,412.0,414.0,444.0,488.0,492.0,503.0,508.0,524.0,532.0,533.0,537.0,541.0,544.0,544.0,545.0,551.0,552.0,555.0,563.0,564.0,567.0,567.0,574.0,577.0,585.0,586.0,592.0,593.0,600.0,618.0,632.0,639.0,661.0,666.0,671.0,729.0,734.0,760.0,771.0,789.0,793.0,801.0,828.0,831.0,834.0,851.0,895.0,905.0,920.0,973.0,999.0,
14.0,31.0,51.0,74.0,123.0,178.0,223.0,259.0,301.0,322.0,331.0,336.0,347.0,356.0,361.0,411.0,423.0,445.0,514.0,521.0,525.0,529.0,534.0,538.0,539.0,543.0,549.0,551.0,552.0,554.0,558.0,559.0,564.0,588.0,590.0,594.0,596.0,603.0,611.0,634.0,636.0,654.0,674.0,685.0,692.0,721.0,738.0,739.0,744.0,758.0,778.0,793.0,794.0,836.0,854.0,868.0,911.0,938.0,939.0,947.0,952.0,958.0,962.0,964.0,965.0,970.0,971.0,977.0,992.0,
15.0,23.0,53.0,58.0,61.0,92.0,173.0,211.0,221.0,245.0,366.0,402.0,406.0,430.0,451.0,483.0,488.0,513.0,521.0,525.0,531.0,532.0,553.0,563.0,575.0,578.0,579.0,593.0,598.0,603.0,617.0,626.0,628.0,630.0,632.0,636.0,650.0,653.0,653.0,654.0,657.0,661.0,666.0,675.0,677.0,685.0,685.0,686.0,690.0,698.0,711.0,717.0,726.0,734.0,737.0,738.0,749.0,758.0,769.0,835.0,861.0,867.0,902.0,953.0,958.0,968.0,969.0,989.0,991.0,997.0,
62.0,71.0,73.0,77.0,105.0,106.0,118.0,149.0,212.0,265.0,300.0,325.0,336.0,338.0,343.0,356.0,401.0,470.0,471.0,491.0,511.0,514.0,556.0,570.0,680.0,691.0,710.0,917.0,
28.0,83.0,130.0,136.0,140.0,150.0,170.0,181.0,184.0,190.0,298.0,320.0,342.0,388.0,475.0,533.0,587.0,594.0,636.0,649.0,699.0,740.0,841.0,848.0,890.0,894.0,940.0,976.0,
6.0,8.0,17.0,65.0,88.0,89.0,90.0,100.0,101.0,115.0,118.0,138.0,158.0,161.0,167.0,176.0,218.0,276.0,296.0,321.0,371.0,420.0,432.0,438.0,526.0,663.0,703.0,716.0,768.0,795.0,818.0,902.0,967.0,
20.0,47.0,80.0,110.0,120.0,134.0,144.0,150.0,171.0,175.0,178.0,184.0,202.0,309.0,326.0,341.0,343.0,356.0,375.0,411.0,481.0,505.0,511.0,513.0,540.0,540.0,556.0,597.0,609.0,621.0,635.0,666.0,704.0,709.0,713.0,730.0,730.0,795.0,800.0,832.0,837.0,864.0,874.0,886.0,944.0,
32.0,56.0,81.0,149.0,200.0,206.0,218.0,260.0,292.0,331.0,336.0,444.0,494.0,523.0,533.0,536.0,538.0,542.0,548.0,549.0,551.0,552.0,554.0,556.0,560.0,570.0,574.0,579.0,581.0,595.0,596.0,597.0,599.0,610.0,621.0,625.0,626.0,630.0,640.0,642.0,645.0,646.0,647.0,649.0,649.0,653.0,654.0,655.0,662.0,683.0,689.0,690.0,705.0,707.0,715.0,723.0,732.0,751.0,765.0,770.0,777.0,793.0,801.0,812.0,835.0,840.0,844.0,863.0,872.0,884.0,912.0,929.0,941.0,947.0,958.0,972.0,977.0,988.0,989.0,997.0,
31.0,55.0,65.0,122.0,183.0,207.0,208.0,228.0,268.0,299.0,317.0,353.0,365.0,411.0,418.0,458.0,508.0,516.0,516.0,517.0,526.0,532.0,535.0,535.0,536.0,543.0,543.0,544.0,560.0,560.0,562.0,574.0,574.0,578.0,580.0,583.0,587.0,587.0,595.0,634.0,640.0,645.0,650.0,674.0,681.0,687.0,694.0,700.0,703.0,715.0,722.0,726.0,730.0,775.0,785.0,801.0,806.0,817.0,828.0,861.0,869.0,878.0,886.0,888.0,959.0,988.0,
3.0,27.0,41.0,65.0,75.0,81.0,105.0,105.0,127.0,135.0,290.0,320.0,369.0,381.0,445.0,475.0,497.0,521.0,526.0,539.0,542.0,542.0,548.0,548.0,552.0,553.0,554.0,563.0,565.0,567.0,567.0,572.0,573.0,574.0,597.0,602.0,620.0,628.0,637.0,645.0,659.0,678.0,681.0,686.0,688.0,692.0,695.0,695.0,699.0,701.0,702.0,720.0,727.0,728.0,738.0,743.0,771.0,772.0,789.0,806.0,811.0,854.0,860.0,878.0,894.0,914.0,930.0,
10.0,22.0,37.0,38.0,199.0,204.0,259.0,269.0,290.0,294.0,308.0,398.0,405.0,428.0,445.0,511.0,520.0,530.0,530.0,538.0,547.0,552.0,564.0,566.0,570.0,574.0,575.0,582.0,584.0,598.0,604.0,611.0,614.0,628.0,630.0,632.0,653.0,653.0,658.0,660.0,664.0,669.0,696.0,698.0,700.0,704.0,707.0,714.0,720.0,730.0,734.0,737.0,766.0,774.0,777.0,777.0,780.0,794.0,831.0,837.0,868.0,880.0,908.0,911.0,917.0,937.0,954.0,957.0,996.0,
85.0,128.0,130.0,139.0,164.0,172.0,176.0,199.0,202.0,223.0,288.0,302.0,304.0,304.0,338.0,362.0,408.0,444.0,461.0,494.0,521.0,524.0,526.0,530.0,533.0,535.0,540.0,548.0,553.0,559.0,566.0,569.0,572.0,579.0,585.0,593.0,595.0,608.0,612.0,634.0,634.0,634.0,635.0,638.0,648.0,657.0,679.0,708.0,714.0,723.0,751.0,753.0,754.0,756.0,760.0,763.0,784.0,790.0,798.0,820.0,828.0,838.0,848.0,887.0,925.0,946.0,946.0,992.0,994.0,1000.0,
34.0,108.0,175.0,196.0,200.0,268.0,280.0,284.0,320.0,370.0,380.0,408.0,410.0,416.0,417.0,417.0,417.0,442.0,451.0,455.0,466.0,498.0,554.0,558.0,565.0,579.0,610.0,611.0,616.0,621.0,623.0,642.0,643.0,723.0,746.0,774.0,795.0,817.0,827.0,841.0,865.0,870.0,904.0,911.0,913.0,924.0,946.0,992.0,
23.0,45.0,86.0,98.0,119.0,121.0,156.0,194.0,223.0,294.0,410.0,446.0,460.0,533.0,596.0,604.0,612.0,626.0,626.0,673.0,674.0,792.0,847.0,863.0,960.0,973.0,990.0,998.0,
19.0,21.0,46.0,55.0,95.0,138.0,141.0,184.0,207.0,210.0,239.0,293.0,384.0,393.0,393.0,466.0,473.0,559.0,605.0,683.0,684.0,698.0,778.0,795.0,813.0,826.0,841.0,880.0,881.0,925.0,957.0,
26.0,45.0,46.0,118.0,147.0,205.0,209.0,212.0,240.0,263.0,268.0,289.0,291.0,294.0,383.0,403.0,412.0,430.0,449.0,470.0,489.0,494.0,497.0,504.0,534.0,567.0,588.0,600.0,625.0,757.0,764.0,770.0,781.0,783.0,822.0,856.0,861.0,908.0,961.0,976.0,
5.0,40.0,130.0,138.0,138.0,179.0,249.0,268.0,301.0,313.0,335.0,359.0,393.0,411.0,425.0,449.0,471.0,485.0,494.0,508.0,536.0,540.0,558.0,574.0,575.0,680.0,820.0,840.0,913.0,
84.0,99.0,110.0,135.0,137.0,166.0,208.0,282.0,297.0,311.0,337.0,400.0,427.0,430.0,458.0,508.0,534.0,545.0,560.0,575.0,583.0,594.0,625.0,627.0,644.0,646.0,683.0,695.0,752.0,783.0,788.0,809.0,814.0,816.0,844.0,861.0,866.0,868.0,879.0,880.0,900.0,921.0,972.0,981.0,
20.0,38.0,40.0,46.0,74.0,101.0,101.0,108.0,111.0,119.0,134.0,171.0,203.0,233.0,241.0,243.0,255.0,298.0,323.0,343.0,385.0,417.0,423.0,436.0,447.0,470.0,476.0,483.0,525.0,533.0,536.0,536.0,538.0,547.0,549.0,554.0,555.0,555.0,567.0,568.0,573.0,573.0,574.0,576.0,583.0,586.0,594.0,596.0,607.0,613.0,619.0,626.0,652.0,654.0,657.0,668.0,678.0,685.0,693.0,694.0,715.0,729.0,742.0,743.0,800.0,808.0,812.0,819.0,831.0,838.0,839.0,841.0,858.0,885.0,887.0,898.0,900.0,908.0,928.0,950.0,953.0,956.0,964.0,
47.0,95.0,104.0,123.0,125.0,127.0,183.0,197.0,253.0,282.0,284.0,437.0,469.0,483.0,506.0,512.0,518.0,524.0,534.0,540.0,542.0,542.0,543.0,551.0,554.0,555.0,555.0,560.0,567.0,581.0,592.0,599.0,616.0,623.0,625.0,629.0,629.0,629.0,634.0,638.0,638.0,641.0,641.0,647.0,652.0,652.0,670.0,678.0,678.0,681.0,685.0,701.0,710.0,718.0,726.0,739.0,741.0,757.0,774.0,782.0,790.0,792.0,809.0,812.0,846.0,847.0,850.0,851.0,852.0,853.0,877.0,903.0,935.0,954.0,958.0,967.0,973.0,975.0,982.0,
2.0,5.0,8.0,46.0,53.0,108.0,121.0,126.0,130.0,152.0,153.0,163.0,164.0,253.0,399.0,403.0,425.0,433.0,437.0,445.0,463.0,513.0,544.0,544.0,548.0,556.0,558.0,573.0,580.0,590.0,606.0,612.0,613.0,618.0,636.0,641.0,652.0,669.0,684.0,694.0,697.0,711.0,719.0,755.0,766.0,770.0,793.0,802.0,812.0,827.0,828.0,853.0,867.0,881.0,893.0,905.0,910.0,925.0,934.0,938.0,940.0,957.0,994.0,995.0,
4.0,7.0,13.0,25.0,31.0,34.0,50.0,134.0,179.0,192.0,193.0,264.0,296.0,297.0,322.0,348.0,353.0,354.0,380.0,382.0,440.0,452.0,509.0,514.0,524.0,537.0,554.0,560.0,578.0,591.0,598.0,616.0,622.0,625.0,641.0,678.0,686.0,708.0,714.0,725.0,741.0,742.0,744.0,762.0,833.0,839.0,904.0,908.0,938.0,943.0,948.0,950.0,952.0,971.0,975.0,
41.0,42.0,48.0,78.0,97.0,124.0,206.0,218.0,230.0,318.0,440.0,443.0,553.0,579.0,661.0,713.0,846.0,893.0,936.0,945.0,
16.0,52.0,72.0,83.0,152.0,155.0,201.0,211.0,288.0,292.0,319.0,362.0,426.0,499.0,524.0,529.0,559.0,580.0,610.0,629.0,788.0,806.0,918.0,
6.0,7.0,9.0,18.0,42.0,51.0,57.0,115.0,136.0,156.0,169.0,254.0,257.0,285.0,290.0,292.0,298.0,349.0,366.0,374.0,424.0,425.0,435.0,495.0,502.0,535.0,535.0,576.0,590.0,600.0,607.0,686.0,747.0,795.0,816.0,848.0,870.0,890.0,919.0,980.0,
138.0,151.0,163.0,198.0,245.0,305.0,316.0,337.0,367.0,565.0,608.0,651.0,661.0,677.0,680.0,833.0,851.0,851.0,884.0,892.0,962.0,996.0,
38.0,40.0,46.0,78.0,120.0,127.0,154.0,162.0,206.0,238.0,286.0,292.0,306.0,348.0,416.0,452.0,456.0,466.0,492.0,505.0,521.0,711.0,713.0,728.0,729.0,755.0,866.0,887.0,911.0,941.0,964.0,995.0,
40.0,70.0,98.0,144.0,156.0,191.0,276.0,297.0,323.0,347.0,352.0,402.0,451.0,452.0,517.0,631.0,699.0,713.0,820.0,834.0,839.0,865.0,927.0,943.0,
4.0,21.0,41.0,56.0,68.0,74.0,134.0,145.0,193.0,262.0,268.0,323.0,334.0,402.0,414.0,429.0,456.0,473.0,478.0,486.0,518.0,558.0,566.0,588.0,751.0,794.0,799.0,844.0,989.0,998.0,
6.0,21.0,94.0,152.0,215.0,242.0,248.0,261.0,284.0,312.0,337.0,340.0,341.0,352.0,402.0,420.0,465.0,488.0,497.0,529.0,547.0,575.0,596.0,608.0,612.0,630.0,647.0,680.0,686.0,708.0,749.0,928.0,956.0,996.0,
9.0,17.0,87.0,112.0,119.0,126.0,179.0,179.0,219.0,224.0,249.0,260.0,271.0,276.0,285.0,307.0,311.0,360.0,368.0,392.0,468.0,486.0,491.0,501.0,504.0,577.0,604.0,621.0,623.0,775.0,816.0,950.0,
28.0,30.0,41.0,104.0,106.0,133.0,191.0,207.0,300.0,316.0,340.0,345.0,388.0,487.0,514.0,518.0,519.0,548.0,571.0,605.0,621.0,627.0,633.0,646.0,742.0,817.0,828.0,862.0,903.0,908.0,956.0,
67.0,104.0,108.0,200.0,268.0,313.0,321.0,321.0,362.0,379.0,429.0,514.0,534.0,542.0,548.0,567.0,638.0,652.0,687.0,757.0,772.0,809.0,814.0,848.0,857.0,882.0,958.0,994.0,
23.0,27.0,56.0,61.0,74.0,131.0,134.0,140.0,146.0,189.0,191.0,197.0,216.0,230.0,276.0,330.0,371.0,383.0,398.0,404.0,407.0,412.0,462.0,502.0,508.0,540.0,568.0,568.0,572.0,573.0,576.0,580.0,587.0,596.0,616.0,639.0,640.0,647.0,648.0,682.0,703.0,709.0,717.0,727.0,727.0,749.0,799.0,825.0,848.0,908.0,982.0,989.0,996.0,
