6.0,66.0,145.0,158.0,171.0,220.0,282.0,357.0,386.0,405.0,412.0,419.0,449.0,485.0,514.0,516.0,586.0,621.0,629.0,637.0,757.0,789.0,848.0,862.0,864.0,901.0,965.0,979.0,987.0,998.0,
15.0,45.0,52.0,76.0,106.0,115.0,122.0,122.0,131.0,135.0,136.0,163.0,168.0,205.0,210.0,231.0,295.0,307.0,329.0,345.0,359.0,368.0,389.0,392.0,439.0,460.0,466.0,496.0,500.0,505.0,551.0,590.0,640.0,663.0,731.0,736.0,757.0,815.0,834.0,838.0,852.0,888.0,891.0,915.0,920.0,944.0,977.0,990.0,994.0,
15.0,34.0,70.0,147.0,153.0,168.0,193.0,199.0,208.0,242.0,243.0,277.0,284.0,290.0,295.0,296.0,302.0,314.0,361.0,368.0,425.0,437.0,450.0,453.0,456.0,458.0,466.0,528.0,541.0,577.0,650.0,695.0,722.0,731.0,780.0,805.0,817.0,843.0,910.0,941.0,954.0,968.0,
46.0,78.0,105.0,194.0,206.0,281.0,330.0,346.0,394.0,394.0,404.0,414.0,439.0,471.0,536.0,563.0,574.0,589.0,604.0,609.0,677.0,685.0,687.0,743.0,751.0,765.0,791.0,805.0,846.0,877.0,929.0,
16.0,23.0,32.0,32.0,35.0,52.0,63.0,63.0,80.0,87.0,115.0,127.0,128.0,132.0,144.0,218.0,250.0,255.0,271.0,353.0,392.0,413.0,434.0,438.0,444.0,448.0,511.0,576.0,612.0,622.0,635.0,664.0,678.0,716.0,768.0,773.0,818.0,857.0,877.0,951.0,974.0,975.0,
91.0,95.0,96.0,146.0,160.0,170.0,196.0,245.0,245.0,255.0,293.0,304.0,337.0,358.0,431.0,436.0,469.0,487.0,520.0,633.0,649.0,661.0,680.0,696.0,717.0,720.0,749.0,755.0,779.0,845.0,864.0,866.0,881.0,893.0,898.0,901.0,901.0,917.0,978.0,
32.0,54.0,58.0,67.0,76.0,100.0,109.0,162.0,198.0,220.0,251.0,373.0,402.0,446.0,455.0,465.0,486.0,490.0,502.0,542.0,549.0,550.0,592.0,607.0,643.0,684.0,698.0,700.0,765.0,789.0,805.0,856.0,868.0,904.0,908.0,953.0,972.0,
39.0,58.0,68.0,94.0,153.0,190.0,203.0,207.0,207.0,219.0,273.0,286.0,292.0,302.0,319.0,325.0,338.0,348.0,349.0,354.0,357.0,366.0,367.0,411.0,420.0,460.0,536.0,553.0,568.0,579.0,618.0,622.0,650.0,695.0,706.0,734.0,746.0,755.0,766.0,793.0,851.0,875.0,922.0,
24.0,30.0,89.0,128.0,132.0,143.0,146.0,164.0,181.0,204.0,217.0,278.0,289.0,297.0,340.0,381.0,412.0,431.0,444.0,458.0,459.0,521.0,581.0,581.0,604.0,620.0,632.0,637.0,665.0,674.0,708.0,715.0,724.0,753.0,782.0,783.0,817.0,883.0,887.0,894.0,
16.0,52.0,86.0,87.0,106.0,115.0,117.0,132.0,140.0,260.0,278.0,298.0,304.0,315.0,328.0,343.0,438.0,472.0,477.0,478.0,515.0,518.0,519.0,520.0,531.0,534.0,537.0,554.0,611.0,651.0,687.0,702.0,707.0,729.0,761.0,781.0,784.0,821.0,834.0,880.0,906.0,931.0,939.0,972.0,979.0,
24.0,32.0,35.0,37.0,40.0,68.0,101.0,129.0,143.0,158.0,167.0,188.0,224.0,237.0,272.0,279.0,320.0,349.0,360.0,373.0,378.0,388.0,477.0,558.0,584.0,585.0,591.0,597.0,624.0,661.0,688.0,697.0,762.0,770.0,783.0,806.0,815.0,834.0,844.0,963.0,
81.0,93.0,103.0,150.0,210.0,267.0,272.0,272.0,283.0,292.0,305.0,327.0,340.0,357.0,363.0,372.0,376.0,385.0,432.0,474.0,505.0,524.0,534.0,545.0,551.0,552.0,556.0,606.0,618.0,638.0,666.0,682.0,690.0,703.0,707.0,713.0,735.0,765.0,813.0,818.0,854.0,878.0,883.0,919.0,943.0,944.0,945.0,
22.0,31.0,57.0,77.0,104.0,128.0,148.0,184.0,185.0,188.0,191.0,215.0,260.0,330.0,334.0,346.0,357.0,366.0,382.0,448.0,481.0,493.0,532.0,550.0,559.0,575.0,576.0,633.0,641.0,644.0,660.0,692.0,759.0,798.0,822.0,843.0,861.0,876.0,878.0,891.0,953.0,
9.0,36.0,90.0,97.0,144.0,185.0,191.0,220.0,223.0,233.0,282.0,284.0,399.0,409.0,409.0,416.0,496.0,497.0,533.0,546.0,554.0,558.0,562.0,584.0,608.0,658.0,662.0,668.0,718.0,724.0,729.0,738.0,800.0,807.0,808.0,857.0,899.0,950.0,952.0,978.0,983.0,1000.0,
2.0,16.0,23.0,159.0,269.0,290.0,306.0,322.0,337.0,351.0,372.0,378.0,390.0,397.0,398.0,402.0,435.0,446.0,465.0,506.0,522.0,543.0,546.0,573.0,594.0,706.0,717.0,762.0,862.0,887.0,890.0,930.0,964.0,
60.0,104.0,107.0,107.0,156.0,199.0,238.0,261.0,291.0,320.0,321.0,355.0,360.0,370.0,432.0,574.0,593.0,617.0,623.0,657.0,701.0,706.0,707.0,728.0,771.0,794.0,814.0,819.0,825.0,844.0,918.0,936.0,958.0,
7.0,52.0,70.0,91.0,158.0,175.0,186.0,201.0,235.0,258.0,274.0,307.0,329.0,349.0,416.0,418.0,477.0,492.0,518.0,522.0,550.0,557.0,629.0,639.0,661.0,668.0,684.0,710.0,715.0,751.0,767.0,772.0,823.0,839.0,876.0,886.0,916.0,984.0,995.0,996.0,
7.0,18.0,55.0,91.0,144.0,206.0,215.0,373.0,395.0,423.0,431.0,437.0,455.0,467.0,476.0,477.0,494.0,514.0,516.0,540.0,594.0,629.0,644.0,669.0,695.0,724.0,748.0,751.0,771.0,838.0,855.0,883.0,924.0,957.0,969.0,
14.0,15.0,181.0,219.0,227.0,240.0,250.0,262.0,264.0,274.0,281.0,298.0,302.0,308.0,391.0,407.0,469.0,495.0,540.0,547.0,549.0,551.0,565.0,589.0,634.0,668.0,685.0,712.0,729.0,765.0,774.0,775.0,807.0,808.0,822.0,843.0,848.0,849.0,893.0,898.0,907.0,934.0,940.0,961.0,982.0,
9.0,27.0,50.0,54.0,65.0,71.0,72.0,117.0,121.0,143.0,145.0,153.0,176.0,179.0,195.0,237.0,364.0,392.0,413.0,427.0,493.0,524.0,525.0,573.0,579.0,583.0,604.0,606.0,610.0,622.0,695.0,731.0,735.0,736.0,743.0,761.0,767.0,798.0,826.0,826.0,846.0,869.0,924.0,940.0,985.0,989.0,990.0,
2.0,5.0,33.0,38.0,57.0,115.0,127.0,170.0,217.0,235.0,238.0,265.0,271.0,278.0,284.0,318.0,356.0,377.0,383.0,432.0,441.0,481.0,516.0,582.0,623.0,626.0,636.0,677.0,696.0,703.0,755.0,848.0,859.0,882.0,897.0,898.0,907.0,911.0,925.0,934.0,957.0,
12.0,31.0,50.0,82.0,101.0,109.0,153.0,157.0,167.0,169.0,184.0,225.0,245.0,329.0,340.0,357.0,377.0,389.0,446.0,459.0,492.0,513.0,517.0,536.0,565.0,581.0,602.0,603.0,635.0,761.0,767.0,785.0,789.0,796.0,809.0,815.0,837.0,943.0,952.0,992.0,
30.0,53.0,55.0,90.0,96.0,104.0,105.0,150.0,152.0,183.0,195.0,236.0,254.0,262.0,306.0,316.0,376.0,388.0,388.0,534.0,575.0,575.0,616.0,623.0,625.0,666.0,683.0,685.0,706.0,706.0,711.0,750.0,835.0,864.0,874.0,915.0,917.0,926.0,949.0,964.0,969.0,
14.0,29.0,39.0,46.0,69.0,87.0,89.0,107.0,113.0,118.0,128.0,141.0,148.0,177.0,184.0,190.0,262.0,306.0,337.0,341.0,352.0,446.0,455.0,467.0,503.0,516.0,569.0,570.0,614.0,623.0,652.0,654.0,708.0,729.0,735.0,768.0,789.0,834.0,938.0,990.0,
30.0,32.0,39.0,44.0,99.0,103.0,120.0,127.0,132.0,168.0,173.0,183.0,203.0,244.0,251.0,357.0,359.0,385.0,398.0,406.0,409.0,443.0,458.0,467.0,469.0,471.0,498.0,511.0,519.0,555.0,628.0,708.0,794.0,837.0,872.0,911.0,925.0,
4.0,24.0,49.0,59.0,71.0,168.0,181.0,182.0,188.0,196.0,202.0,202.0,203.0,210.0,255.0,274.0,306.0,323.0,355.0,363.0,392.0,394.0,400.0,419.0,523.0,535.0,564.0,585.0,587.0,696.0,776.0,782.0,867.0,869.0,881.0,887.0,918.0,971.0,976.0,
84.0,320.0,321.0,333.0,338.0,349.0,363.0,369.0,392.0,421.0,436.0,475.0,505.0,562.0,657.0,680.0,724.0,742.0,820.0,835.0,932.0,
83.0,127.0,129.0,177.0,177.0,178.0,230.0,235.0,266.0,362.0,460.0,479.0,483.0,509.0,509.0,518.0,559.0,580.0,672.0,746.0,762.0,768.0,798.0,807.0,861.0,870.0,891.0,922.0,928.0,
25.0,89.0,90.0,175.0,175.0,194.0,197.0,207.0,238.0,291.0,325.0,353.0,382.0,428.0,453.0,458.0,487.0,498.0,540.0,559.0,582.0,622.0,644.0,658.0,692.0,707.0,736.0,778.0,811.0,818.0,845.0,862.0,898.0,924.0,928.0,944.0,976.0,
12.0,20.0,39.0,50.0,143.0,180.0,195.0,204.0,235.0,243.0,255.0,278.0,289.0,334.0,350.0,411.0,515.0,569.0,670.0,700.0,724.0,792.0,804.0,811.0,818.0,904.0,926.0,944.0,958.0,961.0,990.0,
61.0,62.0,90.0,114.0,119.0,130.0,204.0,264.0,265.0,331.0,334.0,336.0,351.0,369.0,378.0,395.0,400.0,419.0,444.0,445.0,466.0,474.0,488.0,520.0,520.0,529.0,546.0,547.0,558.0,559.0,586.0,605.0,623.0,652.0,653.0,666.0,669.0,690.0,701.0,724.0,732.0,733.0,735.0,789.0,896.0,930.0,961.0,979.0,
2.0,50.0,131.0,133.0,144.0,161.0,190.0,195.0,256.0,278.0,302.0,316.0,343.0,345.0,356.0,388.0,414.0,491.0,567.0,574.0,584.0,646.0,718.0,739.0,742.0,747.0,799.0,822.0,823.0,840.0,843.0,901.0,903.0,911.0,921.0,943.0,965.0,
18.0,30.0,36.0,84.0,104.0,111.0,114.0,141.0,192.0,235.0,249.0,291.0,304.0,376.0,387.0,422.0,423.0,508.0,530.0,558.0,596.0,605.0,609.0,610.0,623.0,668.0,669.0,684.0,694.0,831.0,
24.0,60.0,74.0,119.0,131.0,134.0,134.0,147.0,162.0,209.0,240.0,267.0,280.0,298.0,305.0,311.0,330.0,376.0,469.0,517.0,523.0,537.0,552.0,565.0,567.0,580.0,602.0,612.0,646.0,653.0,685.0,726.0,757.0,806.0,850.0,988.0,995.0,
24.0,94.0,132.0,192.0,252.0,275.0,417.0,438.0,439.0,448.0,452.0,462.0,468.0,470.0,516.0,526.0,532.0,533.0,538.0,539.0,541.0,541.0,549.0,551.0,553.0,558.0,571.0,572.0,575.0,577.0,578.0,580.0,588.0,589.0,596.0,603.0,634.0,657.0,659.0,660.0,668.0,711.0,718.0,748.0,773.0,780.0,786.0,792.0,806.0,807.0,807.0,821.0,850.0,913.0,915.0,919.0,933.0,952.0,992.0,996.0,998.0,
3.0,40.0,71.0,105.0,117.0,165.0,212.0,266.0,326.0,331.0,338.0,346.0,351.0,358.0,408.0,416.0,423.0,530.0,532.0,539.0,542.0,542.0,545.0,550.0,556.0,569.0,577.0,580.0,584.0,585.0,594.0,596.0,599.0,602.0,605.0,639.0,650.0,651.0,658.0,680.0,687.0,698.0,699.0,701.0,704.0,712.0,716.0,718.0,755.0,779.0,786.0,787.0,791.0,796.0,804.0,811.0,818.0,825.0,827.0,829.0,846.0,862.0,869.0,888.0,889.0,894.0,919.0,939.0,943.0,976.0,
7.0,26.0,57.0,133.0,165.0,217.0,235.0,240.0,262.0,266.0,268.0,270.0,316.0,321.0,344.0,374.0,382.0,387.0,421.0,449.0,461.0,468.0,483.0,506.0,518.0,520.0,522.0,534.0,534.0,540.0,549.0,549.0,553.0,555.0,568.0,569.0,570.0,581.0,582.0,584.0,602.0,602.0,618.0,631.0,649.0,663.0,666.0,671.0,678.0,679.0,691.0,702.0,740.0,756.0,782.0,796.0,815.0,838.0,849.0,852.0,862.0,872.0,875.0,893.0,899.0,919.0,920.0,927.0,950.0,951.0,963.0,985.0,992.0,
55.0,56.0,80.0,196.0,216.0,245.0,255.0,355.0,367.0,394.0,480.0,485.0,489.0,501.0,531.0,539.0,587.0,620.0,634.0,648.0,673.0,786.0,816.0,822.0,849.0,850.0,874.0,889.0,970.0,
18.0,22.0,124.0,125.0,162.0,178.0,183.0,199.0,221.0,264.0,280.0,302.0,332.0,538.0,556.0,565.0,589.0,594.0,628.0,692.0,706.0,723.0,728.0,739.0,763.0,831.0,836.0,851.0,914.0,920.0,952.0,999.0,
40.0,80.0,93.0,146.0,166.0,224.0,234.0,236.0,249.0,251.0,253.0,288.0,479.0,491.0,533.0,560.0,645.0,656.0,708.0,745.0,807.0,826.0,856.0,864.0,928.0,934.0,
2.0,8.0,12.0,17.0,66.0,87.0,158.0,170.0,237.0,279.0,284.0,299.0,344.0,435.0,466.0,492.0,518.0,531.0,548.0,582.0,600.0,606.0,607.0,615.0,622.0,623.0,628.0,658.0,660.0,742.0,764.0,766.0,781.0,828.0,895.0,938.0,
18.0,44.0,85.0,107.0,136.0,157.0,159.0,167.0,173.0,183.0,195.0,197.0,201.0,209.0,248.0,279.0,285.0,303.0,335.0,348.0,394.0,397.0,399.0,406.0,425.0,457.0,458.0,458.0,535.0,548.0,556.0,596.0,652.0,671.0,684.0,712.0,767.0,772.0,816.0,831.0,862.0,863.0,876.0,905.0,923.0,991.0,997.0,998.0,
28.0,103.0,126.0,152.0,170.0,245.0,274.0,282.0,283.0,313.0,487.0,523.0,541.0,550.0,600.0,686.0,691.0,695.0,845.0,847.0,892.0,932.0,950.0,965.0,993.0,
53.0,54.0,71.0,85.0,118.0,144.0,154.0,160.0,193.0,214.0,230.0,238.0,265.0,345.0,362.0,396.0,408.0,419.0,422.0,427.0,512.0,549.0,550.0,557.0,562.0,563.0,568.0,575.0,575.0,592.0,594.0,597.0,602.0,628.0,632.0,678.0,686.0,737.0,748.0,749.0,750.0,751.0,759.0,769.0,787.0,794.0,795.0,834.0,838.0,840.0,855.0,866.0,890.0,915.0,926.0,927.0,957.0,983.0,996.0,1000.0,1000.0,
24.0,40.0,51.0,80.0,100.0,110.0,167.0,176.0,186.0,264.0,339.0,349.0,354.0,402.0,428.0,442.0,445.0,456.0,501.0,501.0,506.0,510.0,527.0,533.0,538.0,541.0,544.0,547.0,551.0,552.0,558.0,558.0,559.0,566.0,568.0,570.0,577.0,579.0,583.0,586.0,592.0,606.0,611.0,618.0,657.0,667.0,687.0,699.0,702.0,711.0,723.0,730.0,735.0,754.0,755.0,759.0,783.0,785.0,795.0,804.0,805.0,828.0,837.0,848.0,848.0,854.0,861.0,862.0,865.0,868.0,878.0,881.0,885.0,920.0,959.0,967.0,987.0,
24.0,58.0,156.0,265.0,276.0,304.0,313.0,336.0,385.0,389.0,394.0,408.0,423.0,436.0,439.0,451.0,499.0,529.0,531.0,532.0,534.0,538.0,542.0,542.0,552.0,552.0,552.0,555.0,559.0,559.0,560.0,581.0,583.0,595.0,601.0,609.0,611.0,612.0,613.0,641.0,643.0,649.0,653.0,654.0,667.0,688.0,708.0,763.0,769.0,780.0,782.0,789.0,829.0,836.0,841.0,844.0,863.0,870.0,909.0,919.0,926.0,930.0,939.0,940.0,993.0,
15.0,92.0,104.0,121.0,132.0,133.0,173.0,230.0,248.0,286.0,325.0,348.0,349.0,350.0,377.0,388.0,443.0,466.0,525.0,529.0,537.0,539.0,541.0,545.0,552.0,552.0,558.0,567.0,568.0,577.0,580.0,581.0,583.0,587.0,592.0,612.0,621.0,621.0,639.0,657.0,660.0,662.0,668.0,668.0,689.0,698.0,702.0,704.0,704.0,705.0,706.0,724.0,727.0,744.0,749.0,757.0,769.0,774.0,776.0,776.0,792.0,792.0,814.0,837.0,858.0,860.0,869.0,888.0,900.0,904.0,922.0,927.0,934.0,939.0,955.0,962.0,969.0,981.0,994.0,
23.0,30.0,68.0,80.0,137.0,150.0,162.0,164.0,183.0,232.0,283.0,318.0,344.0,370.0,400.0,458.0,519.0,521.0,521.0,542.0,548.0,556.0,561.0,587.0,597.0,607.0,607.0,609.0,627.0,628.0,635.0,642.0,642.0,659.0,730.0,739.0,743.0,746.0,753.0,764.0,767.0,768.0,770.0,771.0,807.0,814.0,835.0,867.0,875.0,889.0,898.0,925.0,926.0,931.0,932.0,991.0,
34.0,45.0,156.0,208.0,216.0,240.0,244.0,267.0,274.0,330.0,331.0,336.0,352.0,373.0,391.0,399.0,423.0,440.0,443.0,507.0,522.0,525.0,586.0,608.0,674.0,696.0,716.0,727.0,728.0,895.0,908.0,918.0,951.0,991.0,
19.0,55.0,89.0,101.0,102.0,132.0,141.0,148.0,223.0,228.0,262.0,262.0,291.0,299.0,330.0,335.0,348.0,369.0,372.0,382.0,402.0,493.0,498.0,529.0,533.0,542.0,563.0,579.0,599.0,623.0,626.0,641.0,643.0,680.0,789.0,807.0,812.0,831.0,832.0,857.0,889.0,979.0,
54.0,90.0,110.0,154.0,163.0,166.0,189.0,189.0,225.0,231.0,231.0,262.0,294.0,295.0,299.0,306.0,333.0,367.0,367.0,372.0,375.0,389.0,402.0,466.0,470.0,475.0,501.0,534.0,570.0,579.0,596.0,627.0,646.0,704.0,706.0,730.0,766.0,827.0,845.0,865.0,884.0,961.0,
51.0,88.0,91.0,95.0,101.0,131.0,214.0,231.0,236.0,239.0,240.0,285.0,293.0,297.0,303.0,306.0,317.0,338.0,369.0,406.0,494.0,543.0,604.0,626.0,663.0,678.0,699.0,707.0,759.0,781.0,796.0,840.0,917.0,927.0,947.0,949.0,976.0,
10.0,37.0,60.0,141.0,202.0,208.0,277.0,353.0,400.0,491.0,499.0,517.0,525.0,553.0,582.0,662.0,669.0,683.0,774.0,886.0,929.0,
51.0,62.0,177.0,231.0,232.0,279.0,286.0,297.0,308.0,309.0,314.0,338.0,352.0,394.0,412.0,428.0,473.0,524.0,526.0,528.0,528.0,531.0,533.0,533.0,534.0,534.0,538.0,540.0,545.0,550.0,551.0,554.0,558.0,560.0,566.0,568.0,592.0,601.0,601.0,611.0,652.0,657.0,681.0,682.0,692.0,695.0,699.0,710.0,710.0,719.0,727.0,731.0,736.0,740.0,748.0,750.0,755.0,755.0,763.0,766.0,770.0,773.0,806.0,819.0,832.0,834.0,836.0,870.0,919.0,919.0,922.0,929.0,957.0,958.0,991.0,994.0,998.0,
48.0,66.0,82.0,97.0,108.0,114.0,158.0,174.0,193.0,227.0,233.0,235.0,237.0,344.0,394.0,401.0,421.0,444.0,515.0,538.0,540.0,544.0,548.0,549.0,565.0,575.0,576.0,581.0,582.0,582.0,587.0,589.0,616.0,621.0,621.0,622.0,644.0,666.0,678.0,685.0,688.0,699.0,699.0,702.0,709.0,752.0,754.0,767.0,774.0,775.0,782.0,790.0,793.0,794.0,820.0,875.0,922.0,923.0,926.0,944.0,944.0,945.0,969.0,971.0,985.0,
7.0,9.0,41.0,49.0,51.0,69.0,77.0,110.0,138.0,154.0,169.0,200.0,208.0,280.0,360.0,365.0,380.0,386.0,429.0,442.0,459.0,519.0,523.0,531.0,531.0,533.0,536.0,537.0,538.0,541.0,542.0,546.0,546.0,559.0,567.0,574.0,574.0,586.0,587.0,592.0,593.0,593.0,610.0,621.0,623.0,632.0,636.0,651.0,651.0,672.0,685.0,688.0,688.0,699.0,709.0,715.0,722.0,755.0,758.0,781.0,789.0,830.0,860.0,863.0,886.0,892.0,898.0,919.0,956.0,962.0,977.0,995.0,
38.0,62.0,85.0,91.0,105.0,124.0,137.0,145.0,148.0,167.0,169.0,170.0,177.0,211.0,215.0,218.0,294.0,341.0,470.0,487.0,525.0,525.0,532.0,532.0,535.0,538.0,541.0,541.0,547.0,549.0,558.0,560.0,570.0,573.0,578.0,584.0,587.0,604.0,608.0,608.0,612.0,621.0,629.0,631.0,631.0,634.0,649.0,651.0,654.0,656.0,656.0,661.0,665.0,673.0,686.0,705.0,705.0,725.0,744.0,776.0,779.0,780.0,792.0,804.0,814.0,818.0,883.0,896.0,897.0,902.0,908.0,911.0,962.0,967.0,979.0,982.0,986.0,
11.0,16.0,28.0,50.0,55.0,92.0,120.0,172.0,180.0,205.0,323.0,388.0,416.0,418.0,429.0,473.0,484.0,495.0,507.0,515.0,515.0,521.0,529.0,533.0,534.0,535.0,541.0,542.0,543.0,544.0,548.0,553.0,566.0,583.0,584.0,590.0,594.0,600.0,606.0,611.0,616.0,620.0,630.0,638.0,666.0,675.0,675.0,685.0,686.0,695.0,701.0,705.0,707.0,717.0,735.0,769.0,776.0,783.0,783.0,804.0,827.0,870.0,871.0,871.0,874.0,881.0,915.0,919.0,944.0,949.0,951.0,985.0,
27.0,34.0,36.0,126.0,127.0,179.0,190.0,197.0,200.0,208.0,219.0,221.0,236.0,292.0,353.0,395.0,420.0,485.0,513.0,575.0,596.0,617.0,662.0,672.0,675.0,781.0,813.0,846.0,938.0,940.0,941.0,973.0,983.0,987.0,
47.0,63.0,124.0,179.0,200.0,205.0,267.0,282.0,304.0,326.0,332.0,399.0,408.0,466.0,475.0,478.0,511.0,518.0,531.0,541.0,544.0,566.0,573.0,610.0,654.0,660.0,779.0,788.0,824.0,836.0,880.0,977.0,
57.0,62.0,81.0,154.0,161.0,173.0,204.0,233.0,236.0,298.0,370.0,376.0,405.0,437.0,475.0,542.0,599.0,602.0,607.0,690.0,716.0,728.0,734.0,772.0,879.0,910.0,922.0,922.0,935.0,
23.0,33.0,41.0,58.0,60.0,106.0,116.0,153.0,154.0,184.0,189.0,212.0,223.0,276.0,350.0,375.0,389.0,445.0,485.0,552.0,568.0,576.0,597.0,650.0,676.0,776.0,820.0,822.0,832.0,845.0,883.0,915.0,926.0,934.0,949.0,964.0,986.0,
14.0,37.0,54.0,67.0,78.0,137.0,157.0,173.0,186.0,223.0,250.0,272.0,275.0,354.0,372.0,381.0,466.0,483.0,539.0,546.0,547.0,580.0,589.0,598.0,609.0,640.0,655.0,691.0,696.0,779.0,796.0,843.0,888.0,928.0,
17.0,109.0,118.0,140.0,193.0,203.0,214.0,226.0,273.0,283.0,324.0,328.0,411.0,414.0,418.0,423.0,493.0,496.0,517.0,553.0,554.0,560.0,568.0,585.0,611.0,618.0,621.0,629.0,629.0,630.0,694.0,698.0,699.0,699.0,718.0,719.0,730.0,740.0,746.0,756.0,759.0,791.0,803.0,816.0,853.0,857.0,986.0,
36.0,56.0,125.0,126.0,168.0,209.0,241.0,244.0,250.0,339.0,349.0,349.0,357.0,360.0,361.0,363.0,405.0,430.0,448.0,514.0,526.0,529.0,534.0,536.0,545.0,559.0,565.0,576.0,591.0,593.0,595.0,600.0,604.0,615.0,640.0,645.0,649.0,657.0,666.0,674.0,678.0,682.0,693.0,699.0,709.0,724.0,750.0,762.0,765.0,771.0,779.0,794.0,796.0,800.0,808.0,841.0,841.0,860.0,864.0,873.0,905.0,922.0,923.0,941.0,947.0,966.0,967.0,
21.0,29.0,32.0,115.0,116.0,117.0,136.0,141.0,151.0,169.0,215.0,217.0,230.0,276.0,357.0,367.0,378.0,449.0,460.0,559.0,563.0,563.0,566.0,568.0,571.0,571.0,572.0,578.0,581.0,588.0,589.0,609.0,611.0,612.0,641.0,647.0,662.0,677.0,688.0,695.0,698.0,712.0,718.0,759.0,764.0,797.0,830.0,841.0,844.0,875.0,883.0,961.0,987.0,
36.0,47.0,48.0,62.0,72.0,158.0,159.0,194.0,218.0,239.0,248.0,298.0,339.0,390.0,448.0,523.0,531.0,533.0,533.0,541.0,542.0,545.0,550.0,554.0,560.0,563.0,567.0,568.0,569.0,571.0,580.0,597.0,601.0,621.0,623.0,632.0,635.0,639.0,641.0,647.0,651.0,675.0,679.0,683.0,701.0,703.0,738.0,739.0,742.0,745.0,748.0,751.0,751.0,756.0,772.0,786.0,793.0,794.0,858.0,872.0,878.0,881.0,887.0,931.0,944.0,951.0,958.0,964.0,974.0,981.0,985.0,987.0,991.0,991.0,994.0,1000.0,
25.0,119.0,210.0,237.0,249.0,256.0,261.0,292.0,297.0,310.0,350.0,361.0,388.0,393.0,466.0,480.0,483.0,489.0,515.0,528.0,530.0,530.0,538.0,551.0,551.0,559.0,562.0,570.0,570.0,587.0,592.0,592.0,596.0,609.0,624.0,628.0,631.0,645.0,670.0,712.0,726.0,755.0,779.0,779.0,792.0,797.0,799.0,809.0,836.0,845.0,851.0,869.0,873.0,910.0,917.0,929.0,933.0,933.0,937.0,954.0,954.0,956.0,969.0,970.0,973.0,974.0,
48.0,56.0,81.0,105.0,114.0,189.0,254.0,260.0,293.0,293.0,313.0,358.0,360.0,372.0,388.0,407.0,457.0,467.0,507.0,535.0,536.0,538.0,562.0,563.0,592.0,608.0,613.0,664.0,690.0,708.0,751.0,754.0,757.0,769.0,884.0,992.0,
21.0,46.0,120.0,175.0,177.0,195.0,239.0,259.0,272.0,275.0,275.0,306.0,327.0,367.0,383.0,389.0,391.0,394.0,410.0,451.0,458.0,468.0,494.0,498.0,504.0,512.0,522.0,525.0,584.0,629.0,647.0,676.0,679.0,694.0,767.0,778.0,801.0,804.0,833.0,858.0,865.0,945.0,946.0,976.0,
9.0,12.0,19.0,33.0,45.0,56.0,59.0,194.0,232.0,337.0,408.0,412.0,417.0,429.0,438.0,439.0,456.0,496.0,507.0,515.0,530.0,531.0,544.0,560.0,565.0,571.0,602.0,603.0,605.0,646.0,647.0,658.0,666.0,716.0,733.0,780.0,780.0,784.0,808.0,852.0,912.0,923.0,949.0,951.0,962.0,966.0,995.0,
5.0,109.0,139.0,172.0,191.0,199.0,203.0,212.0,265.0,268.0,314.0,337.0,409.0,425.0,435.0,474.0,527.0,537.0,559.0,573.0,603.0,615.0,626.0,651.0,665.0,672.0,750.0,753.0,784.0,810.0,824.0,835.0,851.0,895.0,920.0,953.0,
11.0,28.0,38.0,41.0,52.0,102.0,111.0,116.0,133.0,170.0,251.0,257.0,305.0,316.0,325.0,381.0,383.0,394.0,449.0,526.0,546.0,578.0,603.0,610.0,630.0,634.0,648.0,661.0,670.0,714.0,732.0,755.0,762.0,796.0,820.0,832.0,846.0,928.0,984.0,990.0,
7.0,70.0,82.0,92.0,166.0,181.0,196.0,214.0,244.0,247.0,247.0,258.0,286.0,304.0,313.0,329.0,356.0,369.0,380.0,381.0,393.0,393.0,430.0,455.0,487.0,496.0,514.0,543.0,592.0,631.0,704.0,766.0,774.0,775.0,837.0,837.0,876.0,891.0,
36.0,47.0,66.0,93.0,112.0,130.0,131.0,140.0,184.0,215.0,227.0,262.0,326.0,327.0,347.0,350.0,386.0,447.0,466.0,503.0,511.0,513.0,521.0,533.0,552.0,572.0,584.0,594.0,598.0,599.0,611.0,612.0,620.0,623.0,637.0,643.0,649.0,659.0,675.0,698.0,718.0,736.0,760.0,760.0,763.0,796.0,806.0,827.0,830.0,830.0,868.0,878.0,902.0,910.0,918.0,922.0,924.0,927.0,929.0,961.0,963.0,992.0,999.0,
39.0,64.0,77.0,120.0,127.0,156.0,254.0,289.0,299.0,323.0,350.0,371.0,424.0,454.0,456.0,460.0,518.0,527.0,528.0,530.0,532.0,535.0,543.0,543.0,545.0,553.0,565.0,567.0,570.0,572.0,572.0,577.0,583.0,583.0,584.0,591.0,591.0,598.0,608.0,625.0,629.0,639.0,647.0,662.0,664.0,672.0,674.0,676.0,710.0,712.0,722.0,734.0,744.0,745.0,753.0,761.0,788.0,793.0,802.0,804.0,806.0,807.0,823.0,828.0,857.0,922.0,934.0,941.0,957.0,959.0,966.0,
42.0,56.0,59.0,163.0,200.0,318.0,331.0,337.0,345.0,364.0,377.0,413.0,484.0,514.0,515.0,535.0,543.0,546.0,548.0,554.0,568.0,578.0,581.0,587.0,598.0,601.0,612.0,618.0,622.0,641.0,652.0,669.0,720.0,725.0,743.0,748.0,751.0,769.0,774.0,783.0,792.0,815.0,818.0,827.0,834.0,848.0,855.0,882.0,903.0,907.0,932.0,945.0,947.0,951.0,962.0,973.0,
44.0,70.0,96.0,152.0,220.0,226.0,305.0,310.0,344.0,349.0,359.0,396.0,417.0,481.0,481.0,500.0,539.0,544.0,563.0,567.0,576.0,601.0,602.0,626.0,658.0,669.0,671.0,687.0,698.0,711.0,731.0,743.0,755.0,836.0,875.0,876.0,914.0,932.0,943.0,946.0,990.0,997.0,
32.0,108.0,171.0,174.0,193.0,259.0,280.0,297.0,341.0,384.0,413.0,532.0,556.0,588.0,640.0,650.0,732.0,748.0,751.0,764.0,774.0,789.0,804.0,821.0,829.0,831.0,866.0,892.0,987.0,
12.0,23.0,103.0,105.0,127.0,148.0,159.0,179.0,190.0,215.0,297.0,298.0,306.0,309.0,369.0,437.0,443.0,448.0,458.0,488.0,493.0,571.0,594.0,639.0,728.0,738.0,738.0,746.0,747.0,754.0,813.0,872.0,895.0,909.0,936.0,940.0,993.0,
20.0,22.0,29.0,35.0,90.0,138.0,150.0,155.0,279.0,328.0,361.0,388.0,433.0,509.0,522.0,545.0,548.0,593.0,596.0,610.0,611.0,618.0,645.0,662.0,681.0,686.0,697.0,697.0,720.0,728.0,731.0,754.0,757.0,768.0,777.0,806.0,839.0,854.0,857.0,863.0,922.0,967.0,
2.0,35.0,36.0,39.0,49.0,68.0,70.0,95.0,103.0,189.0,253.0,324.0,326.0,338.0,368.0,394.0,465.0,467.0,500.0,523.0,559.0,577.0,636.0,643.0,664.0,690.0,719.0,742.0,748.0,803.0,830.0,871.0,893.0,894.0,901.0,903.0,922.0,957.0,
50.0,58.0,82.0,87.0,89.0,95.0,110.0,149.0,155.0,156.0,163.0,223.0,369.0,386.0,407.0,414.0,417.0,434.0,448.0,545.0,576.0,639.0,654.0,660.0,664.0,811.0,822.0,834.0,859.0,864.0,882.0,908.0,910.0,910.0,949.0,
34.0,72.0,75.0,98.0,111.0,130.0,131.0,137.0,203.0,231.0,246.0,295.0,302.0,403.0,422.0,435.0,455.0,490.0,515.0,557.0,564.0,568.0,577.0,621.0,653.0,735.0,789.0,837.0,895.0,910.0,932.0,950.0,970.0,978.0,987.0,
14.0,20.0,50.0,91.0,100.0,126.0,128.0,134.0,137.0,154.0,182.0,183.0,204.0,219.0,220.0,277.0,277.0,330.0,335.0,354.0,396.0,428.0,488.0,560.0,578.0,596.0,658.0,674.0,730.0,735.0,834.0,844.0,851.0,951.0,
45.0,57.0,70.0,125.0,132.0,293.0,306.0,317.0,318.0,341.0,349.0,360.0,360.0,397.0,432.0,433.0,444.0,445.0,522.0,533.0,541.0,542.0,546.0,552.0,556.0,585.0,615.0,653.0,662.0,683.0,700.0,753.0,757.0,769.0,821.0,859.0,898.0,946.0,955.0,957.0,970.0,
11.0,26.0,39.0,63.0,117.0,124.0,143.0,161.0,182.0,183.0,247.0,294.0,351.0,387.0,414.0,429.0,430.0,457.0,464.0,482.0,487.0,489.0,524.0,533.0,536.0,555.0,568.0,568.0,589.0,670.0,744.0,876.0,922.0,946.0,949.0,987.0,
17.0,26.0,35.0,80.0,130.0,137.0,154.0,215.0,345.0,360.0,378.0,416.0,418.0,420.0,435.0,440.0,441.0,445.0,471.0,487.0,504.0,542.0,574.0,585.0,609.0,620.0,694.0,765.0,798.0,845.0,886.0,902.0,920.0,939.0,950.0,966.0,988.0,
29.0,75.0,120.0,205.0,206.0,229.0,235.0,258.0,286.0,339.0,355.0,427.0,442.0,446.0,459.0,507.0,542.0,569.0,597.0,614.0,629.0,710.0,743.0,766.0,783.0,793.0,814.0,817.0,861.0,898.0,904.0,955.0,991.0,995.0,
8.0,39.0,42.0,95.0,154.0,252.0,278.0,299.0,332.0,404.0,408.0,425.0,429.0,491.0,551.0,577.0,667.0,670.0,681.0,687.0,715.0,726.0,732.0,739.0,766.0,797.0,873.0,878.0,942.0,983.0,996.0,
14.0,34.0,55.0,124.0,142.0,158.0,179.0,205.0,240.0,270.0,300.0,312.0,412.0,413.0,424.0,455.0,528.0,683.0,706.0,732.0,758.0,769.0,815.0,842.0,887.0,899.0,912.0,964.0,973.0,978.0,
7.0,27.0,68.0,76.0,118.0,126.0,163.0,169.0,211.0,243.0,280.0,296.0,307.0,313.0,321.0,349.0,353.0,356.0,367.0,380.0,403.0,403.0,424.0,498.0,503.0,518.0,579.0,585.0,613.0,613.0,640.0,687.0,711.0,775.0,785.0,799.0,830.0,855.0,890.0,921.0,930.0,947.0,979.0,
6.0,16.0,31.0,35.0,82.0,107.0,150.0,151.0,178.0,190.0,220.0,226.0,243.0,263.0,274.0,279.0,309.0,319.0,319.0,331.0,350.0,361.0,366.0,377.0,378.0,417.0,420.0,447.0,515.0,529.0,549.0,551.0,551.0,572.0,598.0,673.0,683.0,689.0,735.0,750.0,760.0,777.0,888.0,926.0,981.0,
2.0,9.0,12.0,68.0,69.0,75.0,98.0,156.0,216.0,224.0,246.0,278.0,342.0,363.0,387.0,439.0,487.0,515.0,516.0,520.0,527.0,628.0,634.0,645.0,655.0,711.0,716.0,801.0,803.0,906.0,946.0,960.0,
58.0,75.0,106.0,152.0,161.0,181.0,188.0,208.0,213.0,216.0,249.0,287.0,290.0,345.0,356.0,409.0,473.0,487.0,499.0,502.0,525.0,532.0,564.0,577.0,655.0,667.0,669.0,712.0,734.0,754.0,807.0,827.0,930.0,950.0,
5.0,7.0,68.0,69.0,75.0,91.0,125.0,190.0,204.0,292.0,327.0,332.0,341.0,354.0,360.0,378.0,459.0,484.0,489.0,505.0,517.0,538.0,565.0,726.0,733.0,736.0,786.0,818.0,823.0,839.0,870.0,934.0,
13.0,35.0,52.0,77.0,187.0,190.0,205.0,219.0,243.0,266.0,268.0,337.0,353.0,365.0,383.0,428.0,434.0,451.0,451.0,467.0,474.0,477.0,531.0,551.0,569.0,573.0,582.0,618.0,716.0,720.0,730.0,731.0,755.0,762.0,794.0,812.0,823.0,858.0,870.0,908.0,921.0,945.0,959.0,
11.0,20.0,88.0,164.0,185.0,216.0,254.0,266.0,273.0,291.0,311.0,314.0,315.0,325.0,332.0,345.0,376.0,378.0,389.0,433.0,452.0,463.0,480.0,501.0,525.0,540.0,553.0,562.0,563.0,681.0,811.0,812.0,836.0,860.0,875.0,904.0,957.0,982.0,
11.0,70.0,76.0,100.0,102.0,216.0,316.0,438.0,441.0,485.0,496.0,521.0,554.0,595.0,597.0,607.0,612.0,617.0,618.0,637.0,686.0,701.0,723.0,758.0,782.0,822.0,829.0,873.0,874.0,888.0,957.0,
6.0,54.0,55.0,69.0,75.0,90.0,90.0,114.0,117.0,150.0,155.0,184.0,190.0,371.0,377.0,398.0,441.0,448.0,537.0,581.0,622.0,686.0,722.0,723.0,734.0,766.0,777.0,808.0,844.0,879.0,899.0,913.0,923.0,929.0,1000.0,
