47.0,61.0,67.0,139.0,204.0,226.0,232.0,260.0,330.0,356.0,379.0,386.0,388.0,391.0,471.0,493.0,496.0,500.0,586.0,636.0,637.0,645.0,647.0,665.0,699.0,850.0,859.0,883.0,895.0,994.0,
14.0,67.0,92.0,98.0,160.0,194.0,237.0,383.0,409.0,417.0,431.0,447.0,461.0,464.0,501.0,557.0,612.0,615.0,625.0,657.0,665.0,687.0,768.0,824.0,857.0,930.0,952.0,973.0,
20.0,75.0,78.0,86.0,107.0,130.0,135.0,197.0,219.0,221.0,268.0,271.0,432.0,520.0,551.0,638.0,651.0,721.0,740.0,756.0,760.0,825.0,904.0,907.0,924.0,930.0,973.0,993.0,
98.0,163.0,164.0,165.0,219.0,237.0,279.0,296.0,298.0,335.0,397.0,437.0,494.0,500.0,506.0,563.0,564.0,566.0,587.0,617.0,659.0,681.0,736.0,738.0,804.0,807.0,822.0,906.0,925.0,928.0,942.0,955.0,956.0,1000.0,
3.0,8.0,18.0,33.0,55.0,70.0,96.0,100.0,121.0,346.0,387.0,417.0,424.0,435.0,500.0,506.0,518.0,530.0,535.0,579.0,597.0,605.0,623.0,658.0,689.0,694.0,731.0,735.0,767.0,783.0,840.0,856.0,886.0,894.0,918.0,937.0,949.0,985.0,
89.0,129.0,145.0,190.0,193.0,322.0,363.0,453.0,522.0,567.0,567.0,590.0,608.0,629.0,652.0,680.0,681.0,719.0,731.0,736.0,763.0,815.0,839.0,984.0,989.0,
40.0,93.0,93.0,126.0,133.0,163.0,182.0,185.0,188.0,204.0,257.0,268.0,290.0,347.0,432.0,448.0,462.0,469.0,475.0,478.0,547.0,622.0,627.0,653.0,703.0,712.0,719.0,738.0,787.0,803.0,868.0,878.0,888.0,921.0,932.0,947.0,986.0,
36.0,69.0,79.0,88.0,108.0,161.0,204.0,317.0,327.0,356.0,382.0,409.0,433.0,438.0,460.0,478.0,555.0,599.0,616.0,666.0,674.0,679.0,693.0,707.0,751.0,798.0,817.0,842.0,847.0,863.0,890.0,908.0,944.0,963.0,
94.0,116.0,131.0,173.0,280.0,395.0,419.0,420.0,461.0,481.0,500.0,510.0,551.0,635.0,676.0,688.0,695.0,710.0,719.0,757.0,839.0,847.0,854.0,877.0,912.0,941.0,947.0,962.0,995.0,
2.0,12.0,78.0,89.0,134.0,180.0,196.0,196.0,230.0,245.0,284.0,290.0,299.0,349.0,357.0,365.0,389.0,432.0,476.0,482.0,495.0,513.0,545.0,560.0,576.0,581.0,625.0,686.0,709.0,716.0,739.0,808.0,885.0,915.0,922.0,959.0,996.0,
4.0,9.0,51.0,73.0,112.0,217.0,256.0,277.0,326.0,357.0,424.0,482.0,499.0,501.0,556.0,557.0,559.0,617.0,621.0,623.0,632.0,685.0,688.0,702.0,706.0,708.0,734.0,795.0,826.0,910.0,917.0,932.0,970.0,988.0,
49.0,56.0,66.0,99.0,196.0,216.0,227.0,242.0,264.0,267.0,282.0,297.0,372.0,372.0,424.0,435.0,488.0,488.0,561.0,569.0,634.0,655.0,691.0,697.0,731.0,733.0,760.0,769.0,814.0,819.0,836.0,840.0,845.0,887.0,916.0,919.0,953.0,983.0,
2.0,11.0,61.0,94.0,138.0,148.0,174.0,204.0,231.0,263.0,357.0,426.0,442.0,450.0,459.0,462.0,477.0,521.0,550.0,595.0,607.0,611.0,680.0,685.0,695.0,784.0,788.0,821.0,821.0,823.0,835.0,908.0,952.0,962.0,966.0,980.0,
40.0,73.0,76.0,83.0,95.0,109.0,160.0,285.0,287.0,290.0,315.0,319.0,382.0,388.0,403.0,404.0,405.0,410.0,416.0,428.0,429.0,452.0,479.0,488.0,554.0,565.0,580.0,593.0,602.0,603.0,628.0,669.0,709.0,715.0,730.0,745.0,761.0,803.0,826.0,830.0,897.0,914.0,951.0,953.0,954.0,974.0,990.0,997.0,1000.0,
36.0,71.0,97.0,103.0,136.0,183.0,201.0,225.0,229.0,235.0,235.0,243.0,273.0,280.0,307.0,321.0,396.0,399.0,443.0,464.0,498.0,529.0,555.0,586.0,591.0,639.0,640.0,666.0,706.0,727.0,780.0,804.0,824.0,838.0,846.0,850.0,860.0,887.0,888.0,890.0,979.0,991.0,
27.0,56.0,75.0,77.0,142.0,148.0,243.0,271.0,333.0,376.0,377.0,458.0,462.0,487.0,541.0,575.0,589.0,606.0,609.0,662.0,677.0,702.0,738.0,753.0,818.0,867.0,883.0,894.0,904.0,936.0,941.0,958.0,967.0,970.0,988.0,988.0,
22.0,28.0,74.0,82.0,89.0,107.0,111.0,128.0,150.0,152.0,155.0,164.0,175.0,197.0,222.0,233.0,236.0,270.0,275.0,288.0,363.0,368.0,380.0,399.0,405.0,433.0,461.0,494.0,500.0,520.0,543.0,547.0,609.0,621.0,622.0,633.0,669.0,670.0,711.0,827.0,874.0,943.0,944.0,968.0,982.0,993.0,
40.0,48.0,84.0,138.0,159.0,165.0,189.0,196.0,250.0,266.0,318.0,325.0,351.0,374.0,375.0,386.0,396.0,425.0,439.0,446.0,457.0,468.0,477.0,478.0,533.0,591.0,600.0,620.0,629.0,665.0,694.0,745.0,749.0,999.0,
8.0,55.0,78.0,81.0,131.0,205.0,224.0,236.0,242.0,247.0,248.0,258.0,299.0,305.0,332.0,342.0,348.0,356.0,400.0,407.0,409.0,521.0,566.0,584.0,605.0,629.0,639.0,677.0,681.0,714.0,742.0,797.0,833.0,863.0,900.0,916.0,968.0,983.0,997.0,
37.0,95.0,119.0,130.0,160.0,169.0,174.0,175.0,176.0,177.0,206.0,216.0,262.0,274.0,318.0,367.0,374.0,437.0,560.0,590.0,640.0,674.0,722.0,771.0,771.0,803.0,823.0,861.0,866.0,917.0,927.0,941.0,965.0,989.0,
14.0,20.0,103.0,124.0,155.0,192.0,233.0,252.0,273.0,285.0,343.0,371.0,444.0,460.0,488.0,521.0,529.0,599.0,653.0,682.0,705.0,715.0,763.0,769.0,783.0,783.0,787.0,835.0,846.0,848.0,856.0,857.0,876.0,884.0,884.0,886.0,918.0,938.0,947.0,950.0,983.0,
27.0,82.0,156.0,181.0,200.0,216.0,245.0,260.0,263.0,270.0,289.0,309.0,369.0,385.0,413.0,429.0,431.0,468.0,476.0,494.0,566.0,580.0,603.0,610.0,641.0,687.0,691.0,746.0,747.0,748.0,754.0,755.0,764.0,768.0,769.0,769.0,826.0,838.0,842.0,872.0,886.0,980.0,
73.0,108.0,115.0,121.0,134.0,166.0,173.0,175.0,176.0,192.0,196.0,210.0,337.0,361.0,362.0,364.0,404.0,424.0,431.0,514.0,517.0,523.0,548.0,589.0,617.0,648.0,697.0,727.0,744.0,756.0,820.0,821.0,832.0,855.0,856.0,867.0,900.0,930.0,991.0,
2.0,4.0,37.0,38.0,64.0,128.0,183.0,208.0,279.0,388.0,398.0,403.0,424.0,467.0,500.0,604.0,662.0,663.0,671.0,696.0,715.0,850.0,874.0,917.0,
27.0,51.0,141.0,152.0,153.0,169.0,229.0,238.0,249.0,286.0,321.0,329.0,331.0,368.0,374.0,377.0,396.0,512.0,523.0,528.0,539.0,579.0,605.0,607.0,611.0,723.0,790.0,809.0,810.0,868.0,883.0,976.0,
3.0,14.0,20.0,27.0,63.0,79.0,97.0,110.0,118.0,144.0,158.0,187.0,218.0,236.0,269.0,291.0,305.0,313.0,330.0,346.0,371.0,406.0,410.0,416.0,448.0,465.0,468.0,469.0,507.0,524.0,535.0,576.0,613.0,617.0,655.0,664.0,694.0,707.0,741.0,806.0,817.0,897.0,914.0,928.0,963.0,972.0,976.0,985.0,990.0,
16.0,23.0,30.0,32.0,61.0,96.0,101.0,108.0,161.0,178.0,232.0,281.0,307.0,313.0,348.0,359.0,398.0,398.0,420.0,468.0,521.0,577.0,648.0,692.0,757.0,760.0,779.0,792.0,820.0,845.0,859.0,879.0,898.0,917.0,
31.0,135.0,155.0,205.0,242.0,331.0,349.0,373.0,382.0,402.0,451.0,453.0,483.0,497.0,557.0,669.0,811.0,813.0,824.0,828.0,865.0,914.0,
37.0,37.0,43.0,81.0,119.0,144.0,160.0,177.0,202.0,206.0,215.0,227.0,287.0,300.0,313.0,357.0,371.0,377.0,447.0,452.0,454.0,551.0,588.0,606.0,630.0,639.0,648.0,695.0,712.0,749.0,840.0,851.0,863.0,870.0,871.0,926.0,959.0,992.0,993.0,
35.0,42.0,50.0,113.0,122.0,135.0,148.0,148.0,188.0,215.0,225.0,284.0,298.0,314.0,332.0,335.0,352.0,474.0,486.0,504.0,536.0,564.0,564.0,570.0,681.0,696.0,758.0,760.0,776.0,818.0,818.0,829.0,830.0,836.0,884.0,912.0,928.0,941.0,977.0,980.0,992.0,
8.0,25.0,44.0,59.0,118.0,152.0,168.0,189.0,192.0,202.0,212.0,265.0,269.0,381.0,383.0,402.0,484.0,489.0,489.0,518.0,555.0,660.0,670.0,696.0,698.0,734.0,761.0,805.0,814.0,840.0,849.0,870.0,912.0,933.0,971.0,
22.0,33.0,93.0,94.0,128.0,230.0,292.0,317.0,326.0,387.0,391.0,451.0,462.0,471.0,497.0,543.0,544.0,548.0,557.0,598.0,606.0,609.0,630.0,630.0,665.0,665.0,682.0,685.0,713.0,716.0,785.0,805.0,854.0,
8.0,12.0,48.0,70.0,75.0,76.0,77.0,113.0,215.0,253.0,259.0,303.0,375.0,376.0,379.0,390.0,408.0,446.0,447.0,452.0,453.0,456.0,537.0,596.0,597.0,599.0,650.0,677.0,684.0,805.0,825.0,872.0,880.0,880.0,994.0,997.0,
36.0,103.0,111.0,136.0,162.0,181.0,311.0,322.0,340.0,344.0,365.0,394.0,398.0,495.0,497.0,501.0,523.0,527.0,542.0,562.0,577.0,589.0,599.0,602.0,651.0,670.0,671.0,677.0,684.0,684.0,705.0,776.0,811.0,880.0,962.0,
32.0,48.0,55.0,157.0,167.0,176.0,185.0,196.0,206.0,247.0,271.0,287.0,382.0,399.0,408.0,436.0,457.0,492.0,537.0,537.0,539.0,547.0,549.0,553.0,573.0,581.0,586.0,589.0,594.0,598.0,624.0,653.0,657.0,660.0,672.0,677.0,726.0,728.0,731.0,742.0,743.0,745.0,747.0,748.0,768.0,770.0,787.0,791.0,793.0,798.0,825.0,830.0,859.0,884.0,900.0,903.0,920.0,955.0,966.0,969.0,997.0,
17.0,78.0,107.0,109.0,177.0,203.0,208.0,220.0,225.0,226.0,247.0,247.0,252.0,284.0,324.0,331.0,338.0,344.0,356.0,406.0,408.0,500.0,521.0,525.0,531.0,531.0,538.0,544.0,548.0,550.0,551.0,559.0,560.0,571.0,571.0,581.0,582.0,589.0,601.0,605.0,606.0,630.0,634.0,634.0,644.0,663.0,663.0,677.0,728.0,737.0,739.0,748.0,752.0,764.0,790.0,798.0,800.0,806.0,838.0,839.0,841.0,870.0,877.0,878.0,879.0,885.0,886.0,892.0,893.0,898.0,924.0,925.0,931.0,946.0,962.0,987.0,997.0,1000.0,
3.0,29.0,45.0,70.0,80.0,86.0,102.0,134.0,135.0,178.0,330.0,339.0,357.0,372.0,397.0,398.0,440.0,487.0,527.0,529.0,537.0,539.0,544.0,546.0,549.0,552.0,562.0,566.0,585.0,595.0,612.0,658.0,671.0,682.0,683.0,712.0,724.0,730.0,739.0,741.0,758.0,774.0,796.0,827.0,829.0,830.0,849.0,864.0,868.0,913.0,921.0,929.0,940.0,955.0,960.0,973.0,986.0,999.0,
5.0,23.0,42.0,42.0,105.0,106.0,173.0,179.0,187.0,191.0,213.0,228.0,236.0,244.0,245.0,284.0,291.0,294.0,411.0,452.0,462.0,472.0,516.0,521.0,557.0,599.0,652.0,671.0,694.0,772.0,865.0,
5.0,35.0,39.0,41.0,43.0,50.0,79.0,85.0,152.0,185.0,188.0,224.0,246.0,264.0,291.0,311.0,324.0,346.0,369.0,379.0,387.0,443.0,447.0,464.0,472.0,473.0,609.0,653.0,666.0,742.0,749.0,791.0,825.0,846.0,874.0,954.0,
15.0,19.0,47.0,61.0,75.0,77.0,110.0,111.0,124.0,155.0,205.0,212.0,215.0,282.0,297.0,317.0,381.0,405.0,416.0,435.0,488.0,498.0,514.0,583.0,596.0,691.0,703.0,744.0,802.0,809.0,833.0,873.0,897.0,900.0,908.0,939.0,950.0,958.0,968.0,
46.0,62.0,84.0,91.0,99.0,101.0,139.0,153.0,264.0,301.0,304.0,385.0,468.0,474.0,476.0,495.0,515.0,521.0,623.0,636.0,690.0,690.0,745.0,800.0,834.0,881.0,909.0,931.0,976.0,978.0,1000.0,
24.0,82.0,93.0,104.0,126.0,130.0,177.0,191.0,205.0,270.0,272.0,353.0,394.0,422.0,425.0,465.0,525.0,610.0,632.0,678.0,680.0,707.0,708.0,709.0,715.0,739.0,764.0,771.0,792.0,839.0,867.0,886.0,892.0,928.0,937.0,938.0,941.0,948.0,974.0,993.0,
90.0,122.0,124.0,136.0,137.0,153.0,162.0,183.0,206.0,222.0,292.0,320.0,321.0,328.0,412.0,432.0,446.0,467.0,491.0,493.0,542.0,565.0,577.0,678.0,696.0,704.0,711.0,712.0,719.0,720.0,755.0,829.0,852.0,903.0,927.0,941.0,944.0,952.0,972.0,
69.0,152.0,202.0,242.0,264.0,285.0,290.0,359.0,368.0,410.0,435.0,476.0,496.0,509.0,541.0,542.0,548.0,548.0,552.0,561.0,562.0,571.0,572.0,575.0,584.0,586.0,586.0,590.0,597.0,597.0,612.0,618.0,619.0,622.0,635.0,644.0,648.0,649.0,651.0,660.0,668.0,669.0,712.0,721.0,745.0,765.0,782.0,783.0,784.0,790.0,814.0,820.0,820.0,821.0,829.0,834.0,853.0,862.0,862.0,870.0,890.0,896.0,903.0,906.0,912.0,920.0,949.0,951.0,972.0,990.0,997.0,
11.0,37.0,37.0,93.0,109.0,134.0,159.0,203.0,210.0,213.0,255.0,256.0,264.0,303.0,312.0,316.0,347.0,426.0,444.0,444.0,446.0,485.0,523.0,526.0,537.0,542.0,551.0,552.0,565.0,566.0,574.0,577.0,594.0,595.0,598.0,599.0,609.0,632.0,636.0,637.0,647.0,689.0,690.0,705.0,746.0,836.0,846.0,848.0,900.0,916.0,919.0,930.0,958.0,967.0,971.0,972.0,983.0,
42.0,83.0,88.0,90.0,99.0,139.0,181.0,185.0,219.0,247.0,274.0,313.0,323.0,329.0,343.0,400.0,411.0,430.0,431.0,441.0,443.0,517.0,520.0,523.0,533.0,537.0,538.0,538.0,540.0,544.0,546.0,549.0,550.0,550.0,567.0,568.0,575.0,588.0,589.0,589.0,591.0,592.0,594.0,624.0,627.0,632.0,638.0,655.0,663.0,671.0,684.0,684.0,690.0,694.0,707.0,713.0,714.0,719.0,731.0,739.0,788.0,798.0,813.0,834.0,872.0,915.0,930.0,956.0,958.0,973.0,978.0,981.0,995.0,1000.0,
29.0,38.0,44.0,63.0,78.0,92.0,117.0,146.0,180.0,183.0,183.0,221.0,330.0,333.0,356.0,396.0,418.0,443.0,468.0,509.0,518.0,521.0,523.0,535.0,539.0,550.0,555.0,565.0,565.0,569.0,569.0,574.0,577.0,583.0,588.0,588.0,592.0,594.0,599.0,599.0,611.0,611.0,614.0,619.0,622.0,627.0,629.0,644.0,668.0,699.0,714.0,730.0,736.0,739.0,741.0,743.0,767.0,786.0,789.0,792.0,801.0,809.0,840.0,845.0,851.0,869.0,878.0,884.0,887.0,895.0,900.0,908.0,910.0,910.0,932.0,957.0,968.0,972.0,981.0,981.0,992.0,996.0,
32.0,41.0,63.0,70.0,96.0,144.0,145.0,151.0,164.0,227.0,233.0,256.0,305.0,367.0,392.0,399.0,413.0,426.0,446.0,519.0,520.0,524.0,536.0,544.0,546.0,558.0,558.0,562.0,564.0,566.0,567.0,589.0,589.0,591.0,597.0,610.0,618.0,626.0,646.0,700.0,708.0,736.0,781.0,825.0,849.0,857.0,864.0,874.0,884.0,902.0,906.0,906.0,907.0,910.0,934.0,944.0,946.0,990.0,995.0,999.0,
66.0,73.0,129.0,146.0,152.0,176.0,176.0,189.0,218.0,276.0,311.0,333.0,341.0,361.0,368.0,500.0,526.0,533.0,572.0,641.0,653.0,655.0,658.0,700.0,703.0,737.0,789.0,793.0,829.0,891.0,922.0,
42.0,56.0,60.0,75.0,85.0,225.0,225.0,237.0,280.0,303.0,304.0,332.0,345.0,352.0,387.0,387.0,393.0,413.0,414.0,530.0,572.0,575.0,598.0,604.0,613.0,620.0,632.0,667.0,686.0,690.0,736.0,759.0,783.0,848.0,849.0,914.0,930.0,966.0,985.0,988.0,992.0,
13.0,28.0,46.0,65.0,73.0,91.0,104.0,109.0,117.0,142.0,207.0,221.0,231.0,252.0,254.0,294.0,333.0,381.0,389.0,393.0,404.0,418.0,471.0,496.0,563.0,581.0,625.0,645.0,649.0,712.0,757.0,825.0,837.0,844.0,976.0,
65.0,67.0,73.0,107.0,131.0,150.0,165.0,166.0,167.0,176.0,216.0,228.0,313.0,341.0,378.0,392.0,420.0,430.0,440.0,441.0,452.0,477.0,544.0,606.0,640.0,693.0,727.0,776.0,782.0,823.0,826.0,859.0,881.0,910.0,917.0,918.0,968.0,982.0,991.0,994.0,
35.0,145.0,161.0,175.0,201.0,246.0,306.0,306.0,310.0,378.0,439.0,440.0,481.0,511.0,516.0,518.0,540.0,542.0,572.0,582.0,584.0,600.0,620.0,806.0,832.0,839.0,871.0,911.0,917.0,950.0,950.0,
19.0,34.0,71.0,89.0,92.0,168.0,194.0,281.0,289.0,295.0,311.0,360.0,380.0,381.0,391.0,401.0,431.0,474.0,476.0,479.0,496.0,554.0,566.0,580.0,582.0,586.0,588.0,590.0,604.0,609.0,626.0,636.0,640.0,672.0,676.0,679.0,682.0,685.0,688.0,704.0,721.0,724.0,742.0,743.0,748.0,749.0,761.0,785.0,799.0,814.0,846.0,852.0,858.0,859.0,861.0,870.0,890.0,912.0,935.0,937.0,944.0,960.0,973.0,
38.0,59.0,72.0,94.0,101.0,103.0,113.0,152.0,206.0,207.0,216.0,245.0,259.0,294.0,294.0,351.0,365.0,376.0,396.0,446.0,463.0,509.0,511.0,530.0,535.0,540.0,545.0,552.0,559.0,563.0,564.0,567.0,572.0,574.0,583.0,585.0,588.0,615.0,616.0,619.0,630.0,653.0,660.0,676.0,697.0,710.0,732.0,736.0,736.0,738.0,755.0,755.0,771.0,771.0,772.0,774.0,796.0,822.0,823.0,834.0,834.0,843.0,852.0,854.0,866.0,884.0,891.0,899.0,919.0,936.0,938.0,945.0,949.0,953.0,956.0,960.0,992.0,
20.0,21.0,23.0,40.0,45.0,72.0,88.0,116.0,119.0,119.0,120.0,139.0,180.0,233.0,246.0,268.0,273.0,298.0,363.0,380.0,381.0,408.0,417.0,507.0,516.0,517.0,518.0,518.0,530.0,533.0,543.0,544.0,546.0,551.0,555.0,559.0,568.0,569.0,571.0,581.0,592.0,605.0,618.0,622.0,640.0,651.0,680.0,689.0,745.0,783.0,796.0,805.0,812.0,814.0,864.0,875.0,886.0,888.0,902.0,918.0,938.0,943.0,959.0,960.0,962.0,965.0,966.0,987.0,
5.0,52.0,94.0,98.0,109.0,182.0,199.0,260.0,281.0,294.0,309.0,310.0,339.0,368.0,395.0,457.0,481.0,501.0,510.0,511.0,513.0,522.0,532.0,532.0,534.0,539.0,548.0,551.0,552.0,555.0,557.0,560.0,576.0,577.0,577.0,583.0,597.0,602.0,628.0,636.0,647.0,647.0,652.0,653.0,677.0,678.0,682.0,701.0,712.0,758.0,762.0,772.0,783.0,796.0,808.0,809.0,870.0,898.0,904.0,920.0,944.0,946.0,964.0,976.0,
22.0,33.0,54.0,100.0,124.0,158.0,215.0,237.0,245.0,264.0,292.0,316.0,340.0,345.0,400.0,434.0,435.0,440.0,497.0,500.0,506.0,526.0,532.0,536.0,540.0,542.0,542.0,542.0,547.0,561.0,565.0,565.0,576.0,584.0,586.0,610.0,612.0,613.0,613.0,617.0,619.0,630.0,632.0,640.0,655.0,667.0,671.0,673.0,696.0,701.0,727.0,728.0,735.0,756.0,767.0,767.0,771.0,773.0,774.0,777.0,785.0,794.0,795.0,819.0,828.0,838.0,840.0,845.0,850.0,891.0,903.0,907.0,910.0,941.0,948.0,957.0,965.0,983.0,985.0,989.0,
10.0,77.0,83.0,89.0,107.0,115.0,122.0,126.0,152.0,176.0,194.0,208.0,237.0,238.0,265.0,292.0,312.0,317.0,322.0,415.0,426.0,433.0,442.0,444.0,463.0,527.0,533.0,537.0,554.0,602.0,623.0,737.0,756.0,759.0,775.0,828.0,856.0,862.0,925.0,941.0,959.0,959.0,
22.0,56.0,96.0,104.0,122.0,146.0,192.0,197.0,209.0,245.0,245.0,252.0,263.0,308.0,321.0,335.0,372.0,382.0,436.0,455.0,486.0,508.0,511.0,512.0,661.0,662.0,756.0,844.0,865.0,948.0,954.0,980.0,
28.0,51.0,69.0,93.0,124.0,150.0,213.0,238.0,282.0,323.0,325.0,336.0,344.0,346.0,351.0,356.0,375.0,399.0,406.0,449.0,483.0,500.0,505.0,578.0,627.0,630.0,645.0,692.0,730.0,752.0,779.0,812.0,813.0,814.0,850.0,853.0,880.0,919.0,922.0,956.0,964.0,984.0,
19.0,37.0,55.0,67.0,113.0,156.0,185.0,227.0,229.0,246.0,247.0,253.0,320.0,322.0,353.0,353.0,378.0,385.0,418.0,427.0,482.0,485.0,493.0,499.0,615.0,632.0,645.0,654.0,656.0,667.0,676.0,699.0,778.0,793.0,824.0,842.0,848.0,856.0,863.0,899.0,907.0,941.0,954.0,985.0,
85.0,87.0,115.0,132.0,135.0,150.0,166.0,171.0,188.0,202.0,219.0,235.0,270.0,275.0,355.0,371.0,375.0,402.0,458.0,475.0,485.0,535.0,550.0,559.0,588.0,715.0,724.0,788.0,850.0,869.0,973.0,
19.0,42.0,91.0,94.0,142.0,151.0,222.0,224.0,259.0,269.0,284.0,319.0,368.0,369.0,445.0,495.0,503.0,529.0,534.0,538.0,544.0,548.0,549.0,555.0,557.0,557.0,568.0,571.0,572.0,576.0,577.0,591.0,592.0,593.0,610.0,612.0,613.0,614.0,615.0,635.0,637.0,640.0,670.0,678.0,684.0,685.0,714.0,721.0,722.0,736.0,754.0,797.0,804.0,806.0,834.0,864.0,934.0,940.0,945.0,945.0,949.0,970.0,976.0,987.0,996.0,
7.0,14.0,21.0,72.0,72.0,108.0,111.0,165.0,172.0,214.0,300.0,313.0,317.0,363.0,375.0,401.0,415.0,526.0,532.0,539.0,540.0,544.0,546.0,548.0,553.0,554.0,556.0,564.0,566.0,568.0,568.0,574.0,575.0,578.0,579.0,585.0,591.0,592.0,601.0,602.0,612.0,614.0,635.0,637.0,644.0,661.0,667.0,672.0,679.0,692.0,694.0,700.0,702.0,710.0,717.0,733.0,734.0,736.0,736.0,742.0,750.0,752.0,882.0,912.0,912.0,915.0,957.0,992.0,994.0,
10.0,73.0,82.0,99.0,107.0,178.0,224.0,258.0,333.0,365.0,397.0,436.0,494.0,527.0,531.0,536.0,539.0,544.0,545.0,547.0,551.0,553.0,560.0,561.0,566.0,574.0,595.0,595.0,597.0,599.0,600.0,617.0,627.0,641.0,647.0,733.0,746.0,752.0,764.0,772.0,777.0,779.0,785.0,806.0,807.0,808.0,808.0,815.0,841.0,842.0,850.0,859.0,866.0,916.0,928.0,931.0,957.0,961.0,972.0,
39.0,47.0,164.0,171.0,250.0,262.0,301.0,348.0,404.0,424.0,489.0,490.0,510.0,516.0,525.0,525.0,530.0,531.0,543.0,550.0,559.0,563.0,571.0,573.0,574.0,574.0,578.0,578.0,579.0,584.0,600.0,606.0,612.0,618.0,621.0,626.0,630.0,650.0,654.0,659.0,681.0,686.0,701.0,706.0,714.0,723.0,728.0,732.0,738.0,750.0,750.0,780.0,786.0,806.0,846.0,863.0,890.0,900.0,904.0,931.0,933.0,940.0,949.0,963.0,968.0,983.0,990.0,
31.0,35.0,35.0,99.0,102.0,116.0,129.0,234.0,242.0,275.0,321.0,373.0,453.0,476.0,478.0,520.0,533.0,536.0,553.0,564.0,567.0,572.0,588.0,589.0,589.0,592.0,597.0,598.0,602.0,620.0,639.0,651.0,659.0,666.0,672.0,683.0,697.0,700.0,710.0,730.0,736.0,785.0,797.0,802.0,813.0,860.0,861.0,869.0,873.0,877.0,891.0,895.0,900.0,958.0,960.0,964.0,972.0,972.0,977.0,978.0,
7.0,116.0,119.0,121.0,256.0,265.0,295.0,357.0,386.0,424.0,500.0,513.0,528.0,548.0,560.0,562.0,564.0,585.0,605.0,701.0,706.0,729.0,736.0,852.0,856.0,866.0,877.0,894.0,933.0,941.0,974.0,992.0,
10.0,14.0,19.0,32.0,41.0,48.0,59.0,60.0,75.0,85.0,99.0,120.0,130.0,152.0,187.0,292.0,292.0,299.0,343.0,348.0,352.0,375.0,381.0,401.0,409.0,429.0,477.0,511.0,517.0,535.0,553.0,592.0,623.0,656.0,672.0,675.0,684.0,701.0,710.0,738.0,758.0,785.0,802.0,818.0,819.0,824.0,843.0,927.0,947.0,961.0,
71.0,127.0,163.0,163.0,206.0,223.0,226.0,231.0,241.0,243.0,248.0,282.0,315.0,317.0,348.0,354.0,363.0,407.0,491.0,510.0,520.0,529.0,542.0,570.0,577.0,581.0,588.0,593.0,623.0,631.0,666.0,716.0,719.0,721.0,773.0,793.0,807.0,820.0,828.0,833.0,843.0,859.0,868.0,873.0,931.0,936.0,940.0,943.0,956.0,978.0,995.0,997.0,
20.0,65.0,119.0,166.0,200.0,214.0,237.0,245.0,286.0,289.0,308.0,315.0,330.0,342.0,350.0,357.0,369.0,375.0,393.0,396.0,420.0,472.0,484.0,493.0,506.0,538.0,546.0,578.0,590.0,599.0,609.0,620.0,699.0,786.0,786.0,863.0,884.0,927.0,970.0,990.0,
65.0,133.0,156.0,164.0,177.0,193.0,254.0,271.0,283.0,313.0,324.0,366.0,367.0,372.0,398.0,445.0,468.0,490.0,522.0,574.0,618.0,627.0,634.0,688.0,715.0,723.0,741.0,790.0,807.0,847.0,852.0,906.0,928.0,952.0,
37.0,38.0,65.0,67.0,95.0,103.0,119.0,182.0,190.0,196.0,235.0,237.0,256.0,262.0,331.0,346.0,403.0,414.0,450.0,476.0,512.0,521.0,523.0,548.0,577.0,593.0,597.0,681.0,683.0,724.0,773.0,786.0,809.0,839.0,857.0,858.0,877.0,899.0,922.0,971.0,989.0,
3.0,10.0,26.0,41.0,44.0,60.0,95.0,110.0,140.0,177.0,212.0,213.0,274.0,281.0,282.0,291.0,308.0,323.0,365.0,368.0,369.0,380.0,409.0,412.0,437.0,450.0,458.0,462.0,513.0,519.0,520.0,525.0,526.0,538.0,540.0,548.0,551.0,552.0,558.0,574.0,583.0,589.0,607.0,608.0,608.0,618.0,629.0,636.0,637.0,652.0,662.0,672.0,701.0,701.0,706.0,708.0,724.0,724.0,726.0,734.0,741.0,754.0,759.0,763.0,777.0,803.0,820.0,825.0,825.0,847.0,848.0,870.0,872.0,877.0,893.0,899.0,912.0,929.0,933.0,947.0,950.0,962.0,974.0,990.0,992.0,998.0,
75.0,102.0,121.0,141.0,239.0,278.0,301.0,352.0,383.0,408.0,417.0,433.0,453.0,483.0,490.0,519.0,521.0,537.0,541.0,541.0,546.0,547.0,551.0,558.0,562.0,565.0,568.0,584.0,597.0,597.0,608.0,613.0,641.0,656.0,663.0,665.0,667.0,674.0,674.0,684.0,688.0,690.0,699.0,703.0,723.0,727.0,728.0,735.0,740.0,758.0,773.0,776.0,783.0,792.0,793.0,825.0,826.0,828.0,832.0,851.0,857.0,866.0,870.0,878.0,881.0,883.0,885.0,904.0,909.0,922.0,925.0,933.0,943.0,956.0,987.0,992.0,994.0,
26.0,120.0,134.0,167.0,176.0,212.0,215.0,236.0,322.0,341.0,346.0,348.0,363.0,365.0,381.0,393.0,420.0,445.0,475.0,532.0,533.0,545.0,547.0,552.0,556.0,556.0,577.0,579.0,579.0,582.0,582.0,606.0,618.0,622.0,640.0,643.0,662.0,686.0,700.0,707.0,726.0,739.0,748.0,749.0,783.0,784.0,786.0,796.0,802.0,814.0,821.0,833.0,904.0,916.0,935.0,938.0,947.0,953.0,957.0,988.0,
21.0,51.0,168.0,173.0,195.0,206.0,268.0,269.0,325.0,327.0,340.0,358.0,362.0,409.0,458.0,509.0,526.0,535.0,557.0,569.0,577.0,593.0,601.0,631.0,643.0,664.0,669.0,686.0,741.0,828.0,834.0,898.0,916.0,956.0,961.0,
22.0,87.0,91.0,160.0,178.0,199.0,203.0,214.0,243.0,264.0,268.0,296.0,333.0,382.0,412.0,445.0,446.0,453.0,460.0,474.0,497.0,511.0,523.0,524.0,575.0,586.0,600.0,608.0,608.0,624.0,637.0,644.0,747.0,763.0,813.0,850.0,926.0,955.0,971.0,
5.0,20.0,30.0,34.0,41.0,55.0,62.0,80.0,96.0,111.0,155.0,164.0,222.0,236.0,254.0,268.0,304.0,363.0,406.0,416.0,425.0,518.0,555.0,559.0,565.0,567.0,577.0,584.0,615.0,642.0,652.0,732.0,759.0,762.0,926.0,944.0,962.0,
2.0,105.0,137.0,190.0,192.0,219.0,220.0,258.0,263.0,264.0,278.0,307.0,332.0,337.0,337.0,356.0,358.0,384.0,431.0,439.0,475.0,535.0,549.0,571.0,573.0,585.0,630.0,642.0,663.0,683.0,740.0,742.0,760.0,805.0,814.0,827.0,853.0,866.0,871.0,883.0,896.0,906.0,908.0,914.0,941.0,
5.0,40.0,62.0,71.0,78.0,94.0,112.0,196.0,260.0,267.0,327.0,338.0,354.0,362.0,375.0,378.0,432.0,536.0,563.0,563.0,585.0,637.0,754.0,773.0,794.0,810.0,
3.0,21.0,60.0,187.0,188.0,202.0,229.0,235.0,235.0,281.0,334.0,368.0,427.0,442.0,490.0,514.0,552.0,559.0,609.0,700.0,703.0,796.0,836.0,843.0,888.0,905.0,935.0,943.0,960.0,965.0,973.0,976.0,
61.0,65.0,76.0,135.0,159.0,219.0,249.0,249.0,268.0,276.0,364.0,394.0,461.0,466.0,476.0,515.0,543.0,598.0,606.0,693.0,750.0,769.0,893.0,909.0,922.0,
12.0,16.0,76.0,79.0,118.0,121.0,145.0,148.0,205.0,229.0,269.0,275.0,279.0,283.0,284.0,300.0,407.0,419.0,454.0,474.0,499.0,503.0,517.0,535.0,609.0,645.0,647.0,775.0,826.0,946.0,962.0,
85.0,96.0,108.0,110.0,112.0,276.0,324.0,342.0,349.0,366.0,391.0,401.0,450.0,479.0,548.0,561.0,610.0,657.0,672.0,824.0,853.0,870.0,891.0,933.0,972.0,
2.0,11.0,41.0,51.0,66.0,83.0,179.0,194.0,200.0,206.0,214.0,215.0,227.0,285.0,294.0,308.0,315.0,324.0,327.0,350.0,369.0,373.0,379.0,405.0,407.0,435.0,438.0,492.0,525.0,569.0,571.0,648.0,668.0,694.0,751.0,849.0,877.0,881.0,891.0,910.0,937.0,937.0,986.0,
49.0,50.0,104.0,141.0,234.0,275.0,317.0,320.0,330.0,333.0,337.0,350.0,360.0,390.0,391.0,399.0,401.0,410.0,413.0,433.0,461.0,485.0,517.0,550.0,558.0,614.0,713.0,720.0,731.0,740.0,946.0,965.0,
13.0,21.0,21.0,38.0,63.0,71.0,113.0,136.0,157.0,169.0,187.0,246.0,318.0,332.0,348.0,354.0,398.0,432.0,446.0,564.0,653.0,661.0,739.0,756.0,758.0,811.0,922.0,947.0,
6.0,45.0,66.0,69.0,83.0,96.0,112.0,138.0,166.0,177.0,227.0,235.0,235.0,264.0,264.0,395.0,411.0,426.0,572.0,575.0,623.0,653.0,661.0,697.0,709.0,717.0,748.0,775.0,777.0,977.0,988.0,
12.0,83.0,157.0,172.0,179.0,180.0,182.0,270.0,308.0,308.0,360.0,425.0,425.0,475.0,477.0,479.0,484.0,508.0,532.0,549.0,620.0,624.0,643.0,747.0,762.0,808.0,811.0,841.0,841.0,864.0,872.0,884.0,900.0,912.0,986.0,
8.0,41.0,53.0,65.0,121.0,129.0,135.0,139.0,150.0,168.0,176.0,209.0,267.0,289.0,292.0,293.0,387.0,403.0,463.0,487.0,503.0,517.0,521.0,566.0,595.0,601.0,772.0,772.0,789.0,809.0,847.0,869.0,869.0,937.0,973.0,976.0,
39.0,62.0,82.0,88.0,95.0,101.0,138.0,153.0,157.0,184.0,230.0,250.0,300.0,316.0,328.0,351.0,374.0,461.0,463.0,485.0,491.0,510.0,537.0,573.0,599.0,651.0,675.0,744.0,745.0,745.0,763.0,783.0,807.0,864.0,867.0,893.0,916.0,976.0,986.0,990.0,
17.0,62.0,69.0,197.0,273.0,298.0,311.0,323.0,332.0,361.0,397.0,436.0,455.0,456.0,473.0,477.0,488.0,503.0,542.0,571.0,584.0,585.0,590.0,600.0,630.0,634.0,701.0,716.0,850.0,888.0,891.0,915.0,952.0,967.0,979.0,
18.0,57.0,60.0,84.0,129.0,150.0,150.0,151.0,176.0,190.0,190.0,199.0,241.0,283.0,288.0,347.0,358.0,427.0,442.0,461.0,480.0,519.0,527.0,575.0,640.0,665.0,706.0,714.0,755.0,770.0,771.0,812.0,855.0,889.0,
16.0,65.0,84.0,156.0,168.0,169.0,190.0,216.0,233.0,355.0,363.0,407.0,426.0,439.0,456.0,466.0,485.0,498.0,532.0,537.0,543.0,560.0,563.0,576.0,577.0,627.0,643.0,717.0,751.0,805.0,855.0,870.0,874.0,874.0,878.0,914.0,957.0,985.0,
6.0,20.0,24.0,107.0,147.0,160.0,221.0,339.0,398.0,400.0,416.0,455.0,536.0,573.0,615.0,618.0,632.0,649.0,662.0,669.0,751.0,802.0,877.0,985.0,998.0,
116.0,117.0,195.0,218.0,239.0,379.0,390.0,445.0,484.0,538.0,556.0,577.0,584.0,586.0,647.0,719.0,750.0,793.0,815.0,818.0,822.0,875.0,939.0,976.0,984.0,
17.0,37.0,38.0,91.0,102.0,119.0,130.0,150.0,173.0,191.0,227.0,228.0,253.0,373.0,396.0,396.0,400.0,405.0,409.0,425.0,458.0,494.0,494.0,506.0,509.0,521.0,594.0,602.0,608.0,613.0,619.0,636.0,660.0,662.0,676.0,708.0,739.0,750.0,805.0,838.0,839.0,857.0,887.0,903.0,905.0,
54.0,112.0,160.0,183.0,202.0,215.0,286.0,304.0,359.0,359.0,423.0,433.0,436.0,437.0,454.0,507.0,523.0,534.0,542.0,544.0,552.0,553.0,584.0,607.0,793.0,802.0,810.0,817.0,849.0,857.0,869.0,909.0,928.0,950.0,986.0,
