15.0,19.0,155.0,188.0,233.0,237.0,265.0,389.0,390.0,407.0,427.0,449.0,451.0,456.0,485.0,526.0,611.0,615.0,664.0,676.0,688.0,813.0,849.0,880.0,892.0,895.0,896.0,914.0,923.0,961.0,969.0,974.0,994.0,
25.0,47.0,157.0,161.0,193.0,203.0,220.0,228.0,242.0,296.0,306.0,321.0,352.0,361.0,404.0,442.0,516.0,527.0,562.0,563.0,566.0,633.0,670.0,671.0,731.0,757.0,766.0,799.0,897.0,912.0,923.0,946.0,959.0,980.0,
14.0,15.0,27.0,78.0,98.0,157.0,158.0,163.0,210.0,289.0,304.0,305.0,352.0,560.0,585.0,639.0,655.0,664.0,669.0,671.0,762.0,799.0,817.0,822.0,829.0,846.0,888.0,928.0,963.0,970.0,
104.0,106.0,128.0,142.0,146.0,171.0,203.0,332.0,344.0,374.0,406.0,413.0,425.0,452.0,512.0,535.0,566.0,601.0,609.0,648.0,658.0,750.0,809.0,915.0,929.0,942.0,973.0,988.0,
5.0,47.0,54.0,105.0,125.0,164.0,165.0,169.0,234.0,245.0,256.0,264.0,281.0,290.0,340.0,377.0,413.0,417.0,480.0,495.0,596.0,631.0,669.0,692.0,739.0,776.0,785.0,855.0,857.0,893.0,915.0,925.0,932.0,952.0,983.0,
28.0,32.0,33.0,57.0,65.0,84.0,221.0,245.0,314.0,350.0,371.0,376.0,377.0,383.0,384.0,431.0,439.0,464.0,494.0,501.0,534.0,549.0,590.0,621.0,640.0,690.0,726.0,736.0,764.0,772.0,794.0,829.0,834.0,839.0,892.0,902.0,902.0,914.0,927.0,962.0,966.0,973.0,976.0,978.0,993.0,
22.0,79.0,129.0,141.0,186.0,194.0,312.0,316.0,321.0,359.0,423.0,436.0,439.0,463.0,470.0,481.0,505.0,515.0,540.0,569.0,590.0,610.0,626.0,652.0,662.0,693.0,736.0,751.0,762.0,840.0,887.0,967.0,979.0,989.0,
21.0,87.0,135.0,140.0,157.0,290.0,329.0,349.0,353.0,358.0,361.0,365.0,376.0,476.0,480.0,505.0,513.0,519.0,606.0,653.0,667.0,700.0,724.0,793.0,809.0,810.0,814.0,955.0,
20.0,50.0,52.0,74.0,96.0,98.0,111.0,148.0,149.0,154.0,166.0,189.0,190.0,225.0,227.0,227.0,267.0,329.0,329.0,360.0,364.0,376.0,414.0,431.0,493.0,518.0,537.0,540.0,548.0,598.0,635.0,745.0,770.0,798.0,855.0,912.0,931.0,946.0,
129.0,132.0,183.0,227.0,246.0,305.0,314.0,345.0,472.0,492.0,507.0,508.0,518.0,556.0,562.0,570.0,590.0,594.0,601.0,626.0,664.0,700.0,713.0,760.0,769.0,785.0,833.0,879.0,881.0,977.0,
50.0,61.0,65.0,107.0,125.0,183.0,245.0,278.0,287.0,348.0,373.0,407.0,422.0,450.0,454.0,523.0,523.0,551.0,567.0,587.0,673.0,677.0,700.0,703.0,726.0,738.0,772.0,777.0,801.0,831.0,925.0,950.0,964.0,987.0,
7.0,31.0,50.0,57.0,65.0,118.0,144.0,184.0,187.0,252.0,278.0,301.0,312.0,317.0,318.0,322.0,358.0,417.0,434.0,446.0,448.0,468.0,476.0,519.0,520.0,563.0,596.0,609.0,651.0,659.0,690.0,748.0,751.0,756.0,775.0,892.0,909.0,912.0,952.0,
4.0,118.0,130.0,138.0,197.0,216.0,225.0,263.0,301.0,304.0,313.0,322.0,329.0,336.0,337.0,385.0,482.0,489.0,530.0,535.0,587.0,604.0,626.0,652.0,679.0,698.0,699.0,712.0,731.0,740.0,807.0,810.0,825.0,842.0,898.0,947.0,964.0,989.0,
20.0,57.0,65.0,142.0,153.0,178.0,178.0,194.0,204.0,224.0,240.0,241.0,247.0,250.0,258.0,288.0,327.0,375.0,383.0,445.0,504.0,507.0,507.0,663.0,735.0,778.0,816.0,834.0,868.0,900.0,933.0,971.0,992.0,
82.0,98.0,103.0,148.0,161.0,162.0,252.0,274.0,292.0,313.0,384.0,413.0,427.0,438.0,449.0,470.0,473.0,517.0,556.0,580.0,610.0,614.0,617.0,627.0,669.0,679.0,693.0,695.0,695.0,749.0,763.0,771.0,817.0,854.0,863.0,916.0,932.0,992.0,
26.0,34.0,45.0,72.0,78.0,79.0,79.0,101.0,146.0,156.0,168.0,170.0,172.0,229.0,264.0,271.0,299.0,301.0,326.0,327.0,353.0,386.0,412.0,460.0,463.0,519.0,522.0,578.0,617.0,628.0,669.0,692.0,696.0,752.0,780.0,871.0,888.0,903.0,908.0,911.0,959.0,999.0,
17.0,43.0,76.0,89.0,115.0,120.0,182.0,209.0,213.0,214.0,237.0,255.0,265.0,266.0,375.0,396.0,458.0,476.0,502.0,511.0,516.0,523.0,543.0,575.0,595.0,607.0,632.0,653.0,663.0,685.0,699.0,726.0,736.0,749.0,777.0,794.0,795.0,867.0,898.0,950.0,984.0,994.0,1000.0,
7.0,11.0,57.0,99.0,119.0,145.0,169.0,226.0,360.0,362.0,364.0,373.0,374.0,422.0,423.0,457.0,469.0,490.0,515.0,526.0,527.0,544.0,562.0,563.0,566.0,614.0,641.0,647.0,683.0,709.0,719.0,756.0,757.0,805.0,810.0,831.0,858.0,859.0,878.0,889.0,894.0,894.0,914.0,
7.0,26.0,29.0,128.0,150.0,155.0,169.0,206.0,208.0,232.0,265.0,321.0,357.0,375.0,413.0,434.0,490.0,511.0,526.0,539.0,609.0,611.0,620.0,638.0,658.0,687.0,734.0,780.0,812.0,832.0,853.0,869.0,878.0,883.0,913.0,916.0,917.0,926.0,927.0,933.0,976.0,
20.0,102.0,133.0,145.0,157.0,159.0,177.0,185.0,188.0,220.0,258.0,321.0,375.0,384.0,414.0,435.0,480.0,502.0,575.0,584.0,585.0,589.0,626.0,630.0,652.0,698.0,707.0,721.0,722.0,723.0,724.0,746.0,824.0,838.0,860.0,889.0,910.0,962.0,974.0,
6.0,35.0,41.0,44.0,59.0,60.0,97.0,129.0,130.0,131.0,152.0,154.0,170.0,195.0,216.0,262.0,277.0,304.0,325.0,326.0,327.0,348.0,377.0,379.0,452.0,453.0,470.0,499.0,537.0,543.0,557.0,569.0,589.0,605.0,615.0,616.0,620.0,650.0,652.0,670.0,730.0,737.0,750.0,754.0,952.0,
26.0,48.0,74.0,85.0,115.0,152.0,182.0,188.0,208.0,224.0,334.0,344.0,345.0,359.0,361.0,372.0,374.0,376.0,422.0,423.0,432.0,482.0,546.0,575.0,625.0,645.0,650.0,764.0,799.0,801.0,804.0,848.0,887.0,929.0,997.0,999.0,
24.0,58.0,98.0,107.0,149.0,165.0,192.0,241.0,249.0,279.0,331.0,349.0,359.0,363.0,391.0,396.0,449.0,465.0,472.0,486.0,526.0,534.0,535.0,557.0,558.0,578.0,602.0,654.0,658.0,701.0,730.0,747.0,756.0,787.0,799.0,806.0,827.0,828.0,833.0,842.0,842.0,848.0,871.0,893.0,941.0,956.0,993.0,
22.0,24.0,45.0,105.0,111.0,165.0,216.0,275.0,358.0,362.0,401.0,451.0,475.0,513.0,547.0,559.0,566.0,566.0,720.0,773.0,783.0,848.0,868.0,879.0,922.0,929.0,938.0,948.0,956.0,956.0,983.0,993.0,
2.0,4.0,13.0,40.0,46.0,57.0,122.0,155.0,180.0,212.0,221.0,272.0,278.0,402.0,437.0,462.0,489.0,515.0,569.0,809.0,829.0,842.0,887.0,896.0,916.0,929.0,970.0,981.0,990.0,
37.0,95.0,112.0,114.0,115.0,121.0,185.0,216.0,242.0,260.0,326.0,341.0,364.0,366.0,372.0,487.0,534.0,553.0,569.0,569.0,617.0,642.0,670.0,691.0,710.0,763.0,829.0,854.0,878.0,909.0,969.0,
14.0,43.0,100.0,124.0,132.0,139.0,216.0,329.0,330.0,356.0,371.0,437.0,446.0,475.0,486.0,538.0,563.0,581.0,615.0,661.0,664.0,665.0,750.0,753.0,791.0,819.0,822.0,874.0,927.0,
39.0,137.0,138.0,159.0,194.0,247.0,261.0,280.0,296.0,330.0,360.0,377.0,411.0,550.0,568.0,569.0,600.0,621.0,638.0,666.0,667.0,685.0,693.0,703.0,705.0,707.0,746.0,746.0,818.0,872.0,925.0,
5.0,15.0,60.0,76.0,108.0,121.0,146.0,216.0,233.0,279.0,323.0,346.0,411.0,435.0,441.0,465.0,489.0,493.0,543.0,544.0,556.0,593.0,612.0,640.0,693.0,726.0,730.0,756.0,791.0,846.0,874.0,880.0,881.0,911.0,916.0,940.0,985.0,997.0,
42.0,47.0,64.0,85.0,158.0,193.0,228.0,236.0,312.0,320.0,339.0,349.0,358.0,366.0,444.0,453.0,517.0,531.0,591.0,595.0,616.0,628.0,638.0,665.0,671.0,691.0,778.0,814.0,836.0,911.0,915.0,917.0,942.0,968.0,979.0,
6.0,40.0,43.0,82.0,98.0,119.0,129.0,136.0,138.0,149.0,150.0,171.0,215.0,260.0,275.0,293.0,304.0,342.0,343.0,414.0,477.0,539.0,541.0,552.0,567.0,653.0,657.0,719.0,745.0,775.0,855.0,879.0,942.0,949.0,974.0,
26.0,30.0,44.0,73.0,136.0,137.0,185.0,197.0,206.0,210.0,212.0,261.0,282.0,301.0,302.0,313.0,322.0,325.0,326.0,332.0,389.0,409.0,451.0,491.0,497.0,504.0,507.0,513.0,543.0,561.0,563.0,564.0,587.0,592.0,597.0,618.0,625.0,634.0,689.0,718.0,726.0,794.0,796.0,810.0,823.0,836.0,876.0,926.0,967.0,
34.0,46.0,50.0,61.0,86.0,93.0,99.0,101.0,159.0,162.0,169.0,173.0,216.0,228.0,238.0,239.0,256.0,266.0,370.0,393.0,435.0,446.0,481.0,547.0,547.0,548.0,574.0,628.0,659.0,727.0,744.0,747.0,750.0,755.0,761.0,774.0,783.0,787.0,841.0,896.0,969.0,981.0,
7.0,18.0,34.0,45.0,50.0,125.0,138.0,146.0,199.0,244.0,247.0,261.0,340.0,393.0,433.0,449.0,540.0,578.0,588.0,623.0,714.0,730.0,735.0,753.0,794.0,799.0,800.0,806.0,841.0,858.0,885.0,896.0,924.0,925.0,957.0,970.0,989.0,
23.0,61.0,144.0,171.0,172.0,174.0,178.0,198.0,207.0,218.0,249.0,263.0,303.0,325.0,329.0,358.0,379.0,391.0,398.0,444.0,460.0,461.0,515.0,547.0,553.0,566.0,590.0,599.0,636.0,683.0,697.0,745.0,762.0,786.0,800.0,806.0,845.0,855.0,912.0,974.0,987.0,996.0,
45.0,109.0,116.0,117.0,166.0,173.0,207.0,213.0,217.0,304.0,345.0,380.0,426.0,474.0,481.0,484.0,515.0,568.0,589.0,612.0,768.0,776.0,779.0,780.0,789.0,850.0,857.0,893.0,899.0,950.0,968.0,
84.0,105.0,146.0,176.0,183.0,192.0,250.0,270.0,293.0,323.0,356.0,381.0,463.0,505.0,533.0,535.0,535.0,563.0,572.0,582.0,584.0,593.0,664.0,699.0,706.0,735.0,782.0,804.0,834.0,895.0,909.0,920.0,977.0,
58.0,67.0,77.0,84.0,88.0,145.0,151.0,204.0,221.0,268.0,273.0,278.0,350.0,383.0,392.0,408.0,429.0,436.0,440.0,464.0,478.0,478.0,519.0,571.0,575.0,602.0,628.0,635.0,660.0,661.0,669.0,707.0,716.0,754.0,755.0,776.0,782.0,787.0,788.0,803.0,817.0,834.0,836.0,844.0,945.0,958.0,
21.0,39.0,72.0,108.0,181.0,187.0,228.0,242.0,271.0,278.0,278.0,286.0,291.0,309.0,322.0,347.0,357.0,358.0,372.0,433.0,443.0,501.0,503.0,507.0,509.0,511.0,515.0,531.0,533.0,593.0,600.0,600.0,608.0,609.0,727.0,734.0,769.0,793.0,837.0,886.0,904.0,950.0,956.0,
5.0,14.0,75.0,78.0,114.0,129.0,146.0,158.0,179.0,186.0,207.0,230.0,231.0,234.0,241.0,301.0,324.0,386.0,409.0,415.0,417.0,438.0,448.0,448.0,456.0,461.0,481.0,517.0,571.0,734.0,737.0,755.0,763.0,802.0,831.0,854.0,881.0,931.0,938.0,
3.0,8.0,55.0,69.0,86.0,134.0,141.0,155.0,178.0,227.0,306.0,346.0,375.0,391.0,398.0,407.0,492.0,585.0,589.0,655.0,656.0,659.0,667.0,667.0,682.0,704.0,764.0,778.0,802.0,832.0,843.0,870.0,881.0,985.0,
10.0,24.0,39.0,50.0,78.0,92.0,124.0,143.0,176.0,319.0,336.0,358.0,363.0,365.0,369.0,371.0,373.0,404.0,411.0,479.0,529.0,539.0,611.0,632.0,694.0,702.0,736.0,778.0,796.0,808.0,895.0,908.0,923.0,944.0,994.0,
2.0,15.0,16.0,54.0,59.0,72.0,74.0,158.0,181.0,197.0,225.0,231.0,333.0,363.0,365.0,389.0,400.0,401.0,404.0,409.0,417.0,420.0,424.0,442.0,468.0,504.0,525.0,606.0,611.0,626.0,626.0,655.0,686.0,704.0,738.0,757.0,806.0,816.0,821.0,824.0,898.0,916.0,917.0,966.0,968.0,972.0,
15.0,24.0,53.0,144.0,192.0,226.0,239.0,292.0,328.0,328.0,362.0,396.0,412.0,419.0,436.0,441.0,455.0,494.0,531.0,588.0,605.0,614.0,694.0,752.0,758.0,791.0,901.0,939.0,965.0,976.0,
54.0,102.0,153.0,156.0,233.0,247.0,258.0,275.0,286.0,291.0,312.0,381.0,388.0,404.0,406.0,454.0,455.0,458.0,484.0,561.0,566.0,575.0,615.0,628.0,635.0,692.0,709.0,733.0,747.0,772.0,853.0,894.0,918.0,970.0,973.0,994.0,
7.0,86.0,94.0,102.0,123.0,206.0,215.0,261.0,349.0,385.0,448.0,488.0,577.0,583.0,588.0,635.0,667.0,683.0,690.0,720.0,731.0,773.0,774.0,788.0,829.0,836.0,841.0,869.0,877.0,940.0,954.0,993.0,993.0,
22.0,38.0,50.0,57.0,115.0,166.0,191.0,204.0,209.0,249.0,271.0,277.0,288.0,302.0,393.0,410.0,440.0,449.0,462.0,492.0,502.0,536.0,542.0,556.0,609.0,660.0,675.0,689.0,702.0,729.0,809.0,813.0,838.0,853.0,907.0,938.0,946.0,961.0,
32.0,64.0,171.0,211.0,232.0,272.0,274.0,276.0,287.0,339.0,355.0,367.0,369.0,404.0,434.0,527.0,556.0,562.0,610.0,626.0,662.0,675.0,703.0,715.0,727.0,747.0,760.0,777.0,804.0,808.0,817.0,890.0,940.0,966.0,998.0,1000.0,
37.0,44.0,77.0,122.0,168.0,169.0,194.0,265.0,276.0,277.0,307.0,347.0,390.0,425.0,453.0,454.0,537.0,568.0,599.0,645.0,687.0,725.0,738.0,756.0,774.0,795.0,805.0,825.0,831.0,831.0,836.0,966.0,968.0,995.0,
60.0,103.0,136.0,149.0,159.0,159.0,169.0,186.0,244.0,326.0,344.0,369.0,422.0,508.0,530.0,532.0,581.0,617.0,630.0,641.0,646.0,666.0,671.0,688.0,744.0,785.0,789.0,802.0,803.0,807.0,812.0,814.0,834.0,895.0,938.0,
31.0,61.0,76.0,121.0,124.0,151.0,169.0,172.0,174.0,179.0,188.0,231.0,305.0,320.0,329.0,343.0,408.0,416.0,459.0,493.0,515.0,551.0,582.0,604.0,611.0,616.0,658.0,698.0,723.0,757.0,789.0,813.0,818.0,837.0,847.0,855.0,863.0,882.0,888.0,906.0,924.0,951.0,977.0,
41.0,47.0,69.0,103.0,149.0,158.0,181.0,214.0,216.0,222.0,227.0,230.0,304.0,314.0,326.0,328.0,346.0,351.0,356.0,360.0,385.0,400.0,403.0,438.0,499.0,513.0,524.0,540.0,543.0,598.0,616.0,619.0,637.0,656.0,690.0,697.0,721.0,781.0,935.0,949.0,967.0,983.0,
7.0,69.0,118.0,134.0,159.0,208.0,221.0,242.0,288.0,302.0,373.0,399.0,433.0,447.0,489.0,528.0,552.0,552.0,567.0,638.0,671.0,679.0,729.0,779.0,787.0,819.0,832.0,913.0,913.0,920.0,922.0,931.0,936.0,948.0,961.0,974.0,
28.0,42.0,69.0,143.0,169.0,195.0,202.0,214.0,240.0,265.0,279.0,326.0,333.0,366.0,376.0,377.0,416.0,420.0,466.0,469.0,472.0,489.0,491.0,508.0,582.0,645.0,647.0,675.0,713.0,714.0,721.0,746.0,769.0,798.0,826.0,848.0,881.0,911.0,946.0,985.0,988.0,990.0,
3.0,41.0,135.0,145.0,176.0,223.0,259.0,266.0,301.0,301.0,307.0,347.0,349.0,354.0,376.0,378.0,378.0,422.0,448.0,521.0,560.0,574.0,617.0,634.0,669.0,754.0,776.0,843.0,879.0,961.0,964.0,967.0,994.0,999.0,
53.0,59.0,61.0,61.0,108.0,254.0,271.0,301.0,303.0,309.0,327.0,340.0,385.0,417.0,437.0,449.0,466.0,470.0,534.0,552.0,557.0,560.0,562.0,566.0,568.0,572.0,602.0,605.0,615.0,618.0,619.0,621.0,622.0,623.0,653.0,678.0,680.0,687.0,692.0,707.0,710.0,713.0,729.0,743.0,753.0,765.0,776.0,780.0,794.0,834.0,857.0,864.0,881.0,882.0,903.0,941.0,950.0,956.0,961.0,965.0,977.0,982.0,994.0,995.0,
24.0,76.0,79.0,82.0,91.0,116.0,127.0,154.0,184.0,209.0,231.0,237.0,237.0,288.0,303.0,341.0,390.0,415.0,462.0,473.0,484.0,515.0,533.0,550.0,559.0,578.0,642.0,646.0,662.0,731.0,781.0,844.0,847.0,863.0,888.0,907.0,916.0,929.0,939.0,960.0,988.0,
17.0,124.0,143.0,146.0,152.0,155.0,156.0,214.0,258.0,259.0,361.0,369.0,391.0,395.0,475.0,544.0,580.0,594.0,608.0,655.0,675.0,700.0,774.0,786.0,822.0,885.0,889.0,892.0,913.0,923.0,928.0,960.0,
8.0,71.0,96.0,138.0,145.0,200.0,204.0,214.0,214.0,233.0,281.0,296.0,302.0,379.0,379.0,397.0,413.0,436.0,479.0,503.0,532.0,544.0,565.0,640.0,670.0,684.0,700.0,701.0,711.0,722.0,749.0,853.0,857.0,869.0,882.0,945.0,
7.0,19.0,84.0,143.0,144.0,218.0,219.0,226.0,228.0,258.0,276.0,352.0,439.0,444.0,519.0,554.0,566.0,570.0,580.0,583.0,587.0,648.0,684.0,704.0,795.0,853.0,861.0,876.0,923.0,936.0,941.0,981.0,
12.0,14.0,14.0,122.0,138.0,236.0,273.0,275.0,326.0,354.0,365.0,373.0,392.0,426.0,437.0,437.0,437.0,451.0,515.0,551.0,569.0,578.0,579.0,601.0,681.0,687.0,747.0,772.0,841.0,848.0,863.0,863.0,865.0,888.0,944.0,952.0,956.0,977.0,979.0,
28.0,65.0,153.0,165.0,189.0,198.0,198.0,209.0,265.0,289.0,292.0,305.0,326.0,372.0,424.0,427.0,443.0,460.0,499.0,615.0,631.0,666.0,678.0,776.0,792.0,818.0,846.0,876.0,885.0,887.0,906.0,919.0,931.0,
19.0,41.0,86.0,86.0,140.0,175.0,198.0,211.0,236.0,246.0,317.0,324.0,333.0,362.0,364.0,387.0,389.0,398.0,411.0,436.0,466.0,475.0,503.0,510.0,518.0,523.0,547.0,558.0,652.0,655.0,664.0,713.0,728.0,777.0,800.0,812.0,830.0,832.0,850.0,852.0,899.0,909.0,947.0,
74.0,80.0,104.0,129.0,147.0,160.0,173.0,242.0,290.0,292.0,299.0,323.0,325.0,346.0,346.0,370.0,529.0,530.0,596.0,627.0,636.0,667.0,678.0,711.0,720.0,771.0,784.0,887.0,894.0,896.0,
18.0,63.0,94.0,150.0,185.0,205.0,247.0,256.0,267.0,310.0,325.0,352.0,374.0,394.0,411.0,430.0,454.0,464.0,519.0,530.0,535.0,536.0,568.0,574.0,590.0,648.0,666.0,690.0,698.0,722.0,726.0,735.0,737.0,745.0,758.0,813.0,834.0,834.0,846.0,867.0,916.0,966.0,967.0,988.0,
21.0,123.0,195.0,221.0,279.0,309.0,330.0,354.0,399.0,447.0,460.0,487.0,524.0,580.0,582.0,591.0,600.0,603.0,611.0,626.0,628.0,681.0,689.0,760.0,769.0,811.0,936.0,
108.0,169.0,176.0,196.0,256.0,263.0,341.0,349.0,387.0,415.0,421.0,425.0,550.0,586.0,632.0,654.0,666.0,789.0,892.0,914.0,931.0,
8.0,36.0,80.0,89.0,99.0,107.0,127.0,128.0,130.0,139.0,187.0,250.0,285.0,289.0,354.0,355.0,369.0,389.0,398.0,410.0,511.0,549.0,619.0,651.0,665.0,668.0,679.0,680.0,703.0,731.0,734.0,766.0,766.0,806.0,816.0,819.0,829.0,885.0,899.0,943.0,956.0,964.0,969.0,
51.0,68.0,124.0,164.0,178.0,180.0,188.0,189.0,192.0,270.0,274.0,296.0,323.0,338.0,339.0,349.0,360.0,393.0,424.0,427.0,432.0,451.0,461.0,478.0,505.0,507.0,514.0,522.0,531.0,587.0,596.0,660.0,733.0,759.0,769.0,773.0,894.0,942.0,974.0,994.0,997.0,
33.0,55.0,55.0,73.0,102.0,105.0,128.0,181.0,183.0,193.0,234.0,265.0,287.0,324.0,362.0,502.0,505.0,523.0,527.0,573.0,601.0,614.0,646.0,661.0,710.0,726.0,732.0,780.0,795.0,800.0,841.0,883.0,896.0,901.0,922.0,956.0,995.0,
8.0,40.0,104.0,145.0,172.0,300.0,305.0,310.0,340.0,382.0,403.0,421.0,440.0,441.0,548.0,555.0,568.0,608.0,644.0,669.0,678.0,682.0,693.0,694.0,775.0,777.0,839.0,872.0,883.0,933.0,943.0,946.0,955.0,976.0,
46.0,52.0,113.0,255.0,270.0,290.0,291.0,292.0,301.0,302.0,444.0,447.0,456.0,496.0,594.0,602.0,610.0,612.0,615.0,635.0,641.0,691.0,699.0,716.0,734.0,734.0,769.0,771.0,811.0,817.0,825.0,842.0,868.0,902.0,902.0,956.0,997.0,
4.0,26.0,78.0,98.0,120.0,135.0,171.0,177.0,247.0,255.0,284.0,309.0,323.0,354.0,357.0,365.0,368.0,400.0,422.0,471.0,511.0,519.0,529.0,545.0,597.0,599.0,620.0,660.0,683.0,688.0,694.0,734.0,773.0,798.0,805.0,822.0,918.0,944.0,995.0,
2.0,7.0,165.0,192.0,196.0,201.0,229.0,257.0,257.0,270.0,325.0,393.0,396.0,454.0,463.0,467.0,499.0,530.0,688.0,694.0,702.0,724.0,735.0,737.0,737.0,758.0,772.0,779.0,789.0,797.0,805.0,934.0,966.0,
41.0,77.0,100.0,150.0,154.0,182.0,182.0,286.0,375.0,446.0,475.0,487.0,538.0,549.0,561.0,575.0,586.0,622.0,628.0,632.0,661.0,692.0,707.0,746.0,774.0,779.0,790.0,827.0,851.0,857.0,864.0,891.0,920.0,922.0,929.0,950.0,986.0,
85.0,123.0,141.0,176.0,197.0,219.0,229.0,246.0,248.0,349.0,358.0,359.0,401.0,447.0,490.0,499.0,513.0,544.0,578.0,600.0,610.0,625.0,639.0,674.0,800.0,844.0,857.0,860.0,884.0,887.0,889.0,901.0,927.0,957.0,959.0,997.0,
18.0,32.0,65.0,71.0,80.0,106.0,148.0,192.0,198.0,251.0,277.0,307.0,322.0,397.0,464.0,492.0,502.0,554.0,593.0,620.0,707.0,708.0,718.0,774.0,818.0,835.0,855.0,867.0,879.0,996.0,
7.0,46.0,65.0,84.0,151.0,246.0,286.0,307.0,323.0,341.0,341.0,349.0,361.0,408.0,411.0,414.0,416.0,426.0,428.0,465.0,498.0,571.0,606.0,634.0,647.0,662.0,692.0,740.0,744.0,781.0,868.0,881.0,887.0,902.0,904.0,908.0,926.0,946.0,971.0,
74.0,77.0,84.0,103.0,109.0,126.0,135.0,169.0,225.0,227.0,275.0,276.0,288.0,299.0,307.0,321.0,332.0,398.0,408.0,518.0,537.0,568.0,572.0,590.0,620.0,635.0,690.0,709.0,715.0,791.0,795.0,800.0,810.0,894.0,900.0,902.0,946.0,984.0,
65.0,83.0,97.0,120.0,132.0,145.0,154.0,204.0,251.0,256.0,272.0,285.0,285.0,286.0,331.0,340.0,370.0,392.0,393.0,408.0,429.0,464.0,502.0,536.0,588.0,628.0,685.0,692.0,728.0,731.0,736.0,756.0,813.0,825.0,827.0,903.0,912.0,918.0,990.0,
51.0,66.0,96.0,96.0,111.0,119.0,183.0,186.0,198.0,205.0,205.0,248.0,274.0,308.0,375.0,378.0,406.0,451.0,463.0,508.0,531.0,537.0,584.0,592.0,607.0,613.0,639.0,641.0,688.0,746.0,767.0,773.0,787.0,818.0,836.0,852.0,940.0,975.0,983.0,989.0,992.0,993.0,
21.0,66.0,68.0,124.0,147.0,216.0,337.0,368.0,373.0,436.0,454.0,551.0,558.0,559.0,560.0,585.0,642.0,644.0,649.0,665.0,675.0,689.0,713.0,722.0,730.0,747.0,779.0,794.0,819.0,870.0,876.0,916.0,954.0,956.0,984.0,
24.0,30.0,35.0,78.0,83.0,116.0,128.0,146.0,163.0,219.0,283.0,340.0,355.0,378.0,414.0,451.0,454.0,576.0,579.0,623.0,637.0,640.0,689.0,763.0,769.0,795.0,861.0,870.0,872.0,891.0,893.0,926.0,949.0,955.0,
15.0,44.0,94.0,104.0,203.0,211.0,213.0,257.0,267.0,355.0,401.0,495.0,520.0,557.0,594.0,704.0,710.0,723.0,735.0,742.0,778.0,778.0,830.0,914.0,934.0,947.0,
5.0,37.0,44.0,56.0,77.0,89.0,139.0,156.0,224.0,249.0,261.0,307.0,315.0,326.0,344.0,348.0,423.0,439.0,478.0,486.0,537.0,542.0,594.0,599.0,612.0,613.0,657.0,657.0,787.0,879.0,891.0,898.0,948.0,950.0,960.0,962.0,
16.0,65.0,92.0,118.0,143.0,198.0,236.0,310.0,321.0,326.0,344.0,346.0,387.0,401.0,405.0,422.0,489.0,502.0,523.0,583.0,663.0,664.0,699.0,714.0,749.0,764.0,782.0,839.0,847.0,858.0,863.0,870.0,888.0,908.0,925.0,936.0,938.0,952.0,990.0,
23.0,26.0,40.0,58.0,62.0,71.0,86.0,102.0,106.0,219.0,256.0,263.0,312.0,313.0,333.0,339.0,387.0,494.0,516.0,552.0,602.0,608.0,615.0,649.0,772.0,804.0,806.0,819.0,830.0,891.0,
16.0,20.0,31.0,34.0,75.0,107.0,124.0,150.0,185.0,189.0,192.0,204.0,294.0,303.0,435.0,440.0,446.0,499.0,505.0,563.0,621.0,739.0,743.0,776.0,798.0,877.0,878.0,878.0,897.0,913.0,960.0,994.0,
68.0,140.0,190.0,194.0,209.0,276.0,316.0,327.0,335.0,365.0,429.0,482.0,558.0,638.0,682.0,729.0,735.0,738.0,749.0,776.0,872.0,876.0,884.0,898.0,899.0,919.0,
6.0,9.0,40.0,41.0,79.0,85.0,142.0,166.0,178.0,243.0,267.0,302.0,348.0,463.0,465.0,513.0,555.0,593.0,665.0,682.0,725.0,732.0,736.0,754.0,797.0,804.0,806.0,816.0,859.0,915.0,943.0,946.0,969.0,
143.0,147.0,153.0,166.0,187.0,191.0,192.0,201.0,204.0,248.0,272.0,391.0,458.0,533.0,547.0,552.0,562.0,615.0,633.0,701.0,769.0,773.0,847.0,988.0,
19.0,32.0,55.0,68.0,75.0,144.0,160.0,165.0,171.0,172.0,202.0,202.0,221.0,227.0,237.0,251.0,363.0,377.0,381.0,387.0,395.0,398.0,408.0,411.0,423.0,423.0,423.0,461.0,474.0,505.0,568.0,669.0,672.0,748.0,749.0,765.0,832.0,868.0,916.0,948.0,
19.0,89.0,138.0,141.0,151.0,154.0,163.0,179.0,301.0,303.0,328.0,356.0,359.0,360.0,372.0,418.0,454.0,507.0,527.0,539.0,572.0,586.0,670.0,672.0,672.0,674.0,686.0,697.0,702.0,722.0,726.0,749.0,760.0,765.0,781.0,790.0,833.0,857.0,919.0,928.0,944.0,948.0,
28.0,31.0,34.0,56.0,59.0,102.0,117.0,119.0,192.0,214.0,224.0,268.0,273.0,283.0,304.0,313.0,316.0,331.0,378.0,453.0,467.0,498.0,518.0,526.0,551.0,564.0,598.0,610.0,622.0,630.0,648.0,654.0,702.0,704.0,706.0,720.0,792.0,808.0,818.0,840.0,841.0,951.0,
3.0,60.0,63.0,93.0,97.0,112.0,126.0,181.0,201.0,208.0,214.0,218.0,265.0,278.0,386.0,390.0,403.0,430.0,438.0,473.0,504.0,612.0,619.0,629.0,631.0,634.0,635.0,647.0,674.0,685.0,685.0,764.0,795.0,808.0,809.0,819.0,821.0,828.0,830.0,838.0,905.0,907.0,907.0,
35.0,57.0,58.0,80.0,87.0,120.0,123.0,155.0,297.0,305.0,364.0,377.0,381.0,461.0,465.0,471.0,482.0,551.0,581.0,588.0,599.0,625.0,655.0,688.0,716.0,724.0,769.0,820.0,822.0,863.0,892.0,952.0,969.0,
15.0,18.0,56.0,120.0,127.0,149.0,164.0,187.0,200.0,208.0,239.0,263.0,265.0,304.0,355.0,382.0,406.0,410.0,436.0,445.0,463.0,490.0,513.0,520.0,541.0,548.0,611.0,634.0,753.0,758.0,866.0,884.0,889.0,912.0,916.0,945.0,962.0,969.0,969.0,973.0,978.0,
7.0,100.0,132.0,140.0,171.0,180.0,296.0,318.0,326.0,382.0,413.0,414.0,426.0,443.0,458.0,468.0,484.0,526.0,538.0,540.0,561.0,568.0,624.0,660.0,661.0,676.0,709.0,752.0,802.0,802.0,835.0,857.0,886.0,916.0,968.0,984.0,
54.0,67.0,126.0,208.0,219.0,223.0,299.0,324.0,347.0,357.0,370.0,374.0,375.0,395.0,402.0,406.0,416.0,428.0,436.0,468.0,506.0,530.0,588.0,634.0,660.0,786.0,786.0,813.0,815.0,840.0,859.0,891.0,903.0,945.0,968.0,975.0,
79.0,93.0,96.0,165.0,165.0,183.0,201.0,269.0,291.0,309.0,324.0,351.0,365.0,404.0,458.0,503.0,509.0,540.0,592.0,680.0,730.0,848.0,930.0,
