13.0,105.0,128.0,134.0,147.0,187.0,187.0,206.0,218.0,250.0,251.0,310.0,353.0,359.0,366.0,381.0,385.0,405.0,498.0,501.0,508.0,687.0,716.0,759.0,790.0,814.0,817.0,840.0,868.0,925.0,979.0,
49.0,52.0,53.0,60.0,67.0,77.0,103.0,107.0,109.0,138.0,178.0,183.0,192.0,206.0,217.0,229.0,255.0,287.0,296.0,332.0,373.0,464.0,468.0,498.0,507.0,537.0,559.0,580.0,622.0,741.0,749.0,755.0,780.0,793.0,812.0,834.0,901.0,914.0,991.0,
65.0,100.0,137.0,171.0,208.0,269.0,317.0,343.0,427.0,427.0,435.0,454.0,515.0,517.0,520.0,604.0,608.0,624.0,647.0,656.0,693.0,696.0,742.0,780.0,792.0,854.0,876.0,942.0,976.0,
8.0,24.0,60.0,127.0,181.0,183.0,230.0,233.0,269.0,297.0,315.0,318.0,329.0,333.0,368.0,408.0,451.0,474.0,485.0,489.0,489.0,493.0,539.0,623.0,651.0,664.0,676.0,685.0,706.0,792.0,838.0,854.0,855.0,859.0,879.0,907.0,910.0,932.0,959.0,963.0,972.0,
69.0,129.0,145.0,158.0,214.0,219.0,254.0,363.0,390.0,424.0,448.0,517.0,592.0,593.0,597.0,604.0,618.0,631.0,672.0,709.0,734.0,790.0,823.0,855.0,864.0,872.0,880.0,895.0,912.0,918.0,935.0,988.0,
28.0,45.0,50.0,72.0,99.0,153.0,182.0,219.0,231.0,283.0,338.0,342.0,344.0,385.0,413.0,435.0,470.0,488.0,500.0,511.0,544.0,556.0,611.0,615.0,691.0,732.0,738.0,747.0,750.0,774.0,788.0,848.0,901.0,953.0,957.0,
4.0,20.0,38.0,43.0,102.0,138.0,180.0,190.0,193.0,196.0,211.0,241.0,259.0,285.0,292.0,326.0,327.0,366.0,408.0,452.0,459.0,465.0,484.0,497.0,499.0,499.0,583.0,594.0,601.0,608.0,638.0,644.0,645.0,673.0,681.0,725.0,744.0,778.0,792.0,807.0,843.0,862.0,864.0,887.0,891.0,911.0,924.0,964.0,994.0,
38.0,84.0,107.0,154.0,188.0,190.0,281.0,401.0,403.0,416.0,428.0,467.0,489.0,506.0,511.0,515.0,540.0,541.0,552.0,585.0,594.0,602.0,618.0,639.0,686.0,693.0,698.0,801.0,848.0,849.0,867.0,871.0,897.0,897.0,899.0,926.0,986.0,999.0,
20.0,37.0,111.0,155.0,157.0,218.0,226.0,233.0,352.0,385.0,392.0,401.0,427.0,468.0,549.0,567.0,574.0,577.0,644.0,647.0,665.0,704.0,714.0,719.0,735.0,737.0,807.0,820.0,842.0,855.0,897.0,947.0,977.0,
8.0,49.0,56.0,64.0,119.0,123.0,136.0,156.0,165.0,168.0,187.0,224.0,238.0,239.0,257.0,288.0,306.0,315.0,361.0,392.0,430.0,466.0,475.0,536.0,584.0,608.0,659.0,723.0,777.0,790.0,794.0,832.0,842.0,870.0,877.0,893.0,895.0,939.0,992.0,995.0,
2.0,21.0,45.0,63.0,69.0,115.0,269.0,309.0,335.0,372.0,375.0,391.0,395.0,498.0,512.0,597.0,598.0,599.0,601.0,629.0,637.0,691.0,749.0,820.0,838.0,851.0,888.0,897.0,913.0,964.0,969.0,987.0,989.0,993.0,
15.0,64.0,82.0,92.0,110.0,133.0,242.0,247.0,315.0,329.0,348.0,359.0,411.0,441.0,492.0,509.0,559.0,602.0,648.0,665.0,731.0,739.0,749.0,777.0,792.0,793.0,843.0,866.0,931.0,945.0,
5.0,29.0,100.0,120.0,153.0,157.0,194.0,216.0,221.0,267.0,272.0,285.0,303.0,338.0,341.0,342.0,348.0,351.0,403.0,405.0,466.0,476.0,549.0,565.0,600.0,641.0,648.0,677.0,684.0,724.0,731.0,736.0,753.0,834.0,846.0,877.0,892.0,906.0,953.0,
18.0,80.0,88.0,129.0,190.0,209.0,213.0,228.0,232.0,264.0,285.0,293.0,339.0,342.0,374.0,380.0,419.0,440.0,474.0,478.0,499.0,533.0,558.0,572.0,596.0,629.0,633.0,637.0,730.0,762.0,802.0,809.0,828.0,850.0,853.0,863.0,901.0,999.0,
19.0,28.0,62.0,63.0,73.0,108.0,115.0,141.0,176.0,234.0,235.0,307.0,352.0,453.0,468.0,481.0,483.0,494.0,525.0,535.0,539.0,562.0,597.0,633.0,637.0,767.0,768.0,800.0,911.0,979.0,981.0,982.0,991.0,992.0,996.0,
8.0,18.0,41.0,66.0,71.0,81.0,93.0,127.0,160.0,177.0,186.0,222.0,252.0,265.0,269.0,269.0,287.0,291.0,341.0,354.0,391.0,547.0,592.0,594.0,682.0,696.0,709.0,733.0,800.0,810.0,845.0,870.0,872.0,896.0,902.0,957.0,957.0,999.0,
56.0,65.0,74.0,101.0,125.0,133.0,166.0,177.0,281.0,289.0,335.0,336.0,359.0,369.0,389.0,429.0,434.0,436.0,463.0,470.0,498.0,500.0,567.0,573.0,593.0,640.0,649.0,668.0,668.0,704.0,734.0,782.0,786.0,796.0,871.0,874.0,886.0,912.0,938.0,957.0,958.0,966.0,
30.0,34.0,91.0,158.0,166.0,237.0,256.0,260.0,279.0,283.0,335.0,376.0,427.0,504.0,521.0,535.0,568.0,590.0,614.0,617.0,626.0,701.0,730.0,744.0,799.0,817.0,842.0,896.0,951.0,953.0,1000.0,
33.0,34.0,69.0,72.0,73.0,103.0,106.0,107.0,113.0,125.0,145.0,151.0,151.0,175.0,197.0,204.0,209.0,226.0,278.0,282.0,285.0,322.0,334.0,342.0,353.0,358.0,395.0,407.0,419.0,501.0,507.0,508.0,542.0,647.0,654.0,681.0,695.0,701.0,704.0,731.0,753.0,805.0,806.0,833.0,847.0,873.0,885.0,904.0,991.0,
13.0,134.0,139.0,176.0,180.0,213.0,225.0,284.0,292.0,315.0,320.0,359.0,367.0,385.0,391.0,411.0,422.0,457.0,589.0,606.0,638.0,639.0,708.0,722.0,729.0,767.0,814.0,819.0,833.0,837.0,917.0,938.0,947.0,
5.0,28.0,76.0,95.0,143.0,180.0,184.0,202.0,208.0,258.0,300.0,345.0,372.0,375.0,381.0,387.0,399.0,407.0,433.0,445.0,472.0,482.0,498.0,502.0,506.0,523.0,536.0,546.0,564.0,602.0,608.0,621.0,659.0,661.0,671.0,711.0,711.0,742.0,915.0,975.0,991.0,
39.0,43.0,44.0,54.0,62.0,72.0,101.0,134.0,137.0,145.0,163.0,208.0,234.0,247.0,266.0,267.0,300.0,319.0,333.0,372.0,385.0,456.0,474.0,549.0,551.0,552.0,577.0,583.0,641.0,694.0,706.0,751.0,800.0,805.0,811.0,832.0,880.0,902.0,909.0,916.0,977.0,
8.0,22.0,43.0,96.0,105.0,126.0,146.0,151.0,163.0,170.0,184.0,203.0,224.0,279.0,282.0,301.0,308.0,312.0,385.0,388.0,390.0,402.0,423.0,429.0,461.0,490.0,536.0,548.0,570.0,590.0,637.0,658.0,704.0,711.0,792.0,805.0,841.0,884.0,893.0,913.0,915.0,919.0,920.0,
6.0,49.0,68.0,99.0,104.0,132.0,137.0,190.0,258.0,259.0,279.0,292.0,358.0,379.0,385.0,419.0,436.0,452.0,495.0,506.0,517.0,526.0,537.0,562.0,637.0,657.0,667.0,772.0,815.0,821.0,866.0,886.0,921.0,938.0,
9.0,10.0,29.0,47.0,53.0,65.0,79.0,89.0,91.0,133.0,145.0,161.0,164.0,184.0,246.0,249.0,281.0,303.0,314.0,353.0,530.0,613.0,614.0,615.0,637.0,665.0,704.0,705.0,716.0,734.0,757.0,776.0,818.0,822.0,836.0,871.0,883.0,883.0,884.0,915.0,929.0,984.0,
11.0,16.0,24.0,33.0,38.0,52.0,54.0,59.0,69.0,70.0,130.0,149.0,181.0,205.0,214.0,230.0,270.0,292.0,335.0,360.0,385.0,393.0,444.0,450.0,464.0,514.0,523.0,538.0,544.0,595.0,606.0,618.0,672.0,725.0,730.0,740.0,791.0,803.0,836.0,845.0,884.0,892.0,953.0,979.0,993.0,
10.0,30.0,73.0,95.0,99.0,130.0,154.0,198.0,202.0,270.0,270.0,307.0,324.0,328.0,354.0,373.0,389.0,389.0,477.0,478.0,496.0,499.0,580.0,594.0,620.0,622.0,672.0,684.0,697.0,717.0,757.0,782.0,782.0,783.0,787.0,788.0,791.0,803.0,819.0,902.0,910.0,922.0,928.0,974.0,
101.0,114.0,176.0,211.0,214.0,228.0,250.0,250.0,329.0,387.0,410.0,423.0,446.0,471.0,479.0,485.0,579.0,614.0,617.0,653.0,659.0,667.0,744.0,748.0,763.0,782.0,791.0,793.0,820.0,827.0,869.0,877.0,923.0,932.0,975.0,
21.0,22.0,32.0,81.0,83.0,89.0,132.0,204.0,206.0,227.0,246.0,292.0,299.0,347.0,383.0,414.0,419.0,431.0,431.0,461.0,572.0,573.0,605.0,647.0,653.0,668.0,668.0,673.0,682.0,728.0,776.0,802.0,808.0,821.0,842.0,846.0,862.0,877.0,920.0,991.0,995.0,
38.0,81.0,147.0,166.0,213.0,246.0,249.0,268.0,314.0,324.0,345.0,346.0,387.0,410.0,413.0,459.0,491.0,501.0,614.0,640.0,691.0,732.0,762.0,781.0,792.0,810.0,829.0,878.0,937.0,952.0,964.0,992.0,993.0,
56.0,63.0,68.0,88.0,113.0,165.0,173.0,194.0,218.0,247.0,254.0,347.0,359.0,400.0,414.0,506.0,519.0,520.0,530.0,569.0,581.0,593.0,608.0,623.0,641.0,651.0,668.0,699.0,744.0,768.0,788.0,811.0,839.0,872.0,884.0,977.0,999.0,
13.0,35.0,110.0,143.0,162.0,167.0,187.0,189.0,228.0,314.0,324.0,338.0,357.0,471.0,478.0,499.0,540.0,639.0,648.0,712.0,768.0,771.0,774.0,779.0,816.0,817.0,871.0,924.0,986.0,990.0,
28.0,30.0,47.0,65.0,73.0,100.0,151.0,169.0,205.0,227.0,336.0,383.0,446.0,446.0,488.0,491.0,512.0,513.0,519.0,522.0,574.0,651.0,663.0,672.0,678.0,702.0,707.0,725.0,734.0,739.0,750.0,780.0,795.0,826.0,827.0,932.0,935.0,945.0,970.0,993.0,
8.0,58.0,96.0,102.0,108.0,167.0,171.0,173.0,269.0,282.0,333.0,355.0,355.0,402.0,428.0,431.0,589.0,602.0,608.0,623.0,644.0,649.0,696.0,711.0,728.0,757.0,775.0,817.0,824.0,834.0,839.0,848.0,849.0,855.0,881.0,912.0,986.0,
12.0,33.0,91.0,125.0,148.0,154.0,181.0,193.0,208.0,218.0,236.0,244.0,303.0,323.0,355.0,377.0,385.0,402.0,428.0,430.0,433.0,438.0,463.0,524.0,575.0,576.0,590.0,595.0,620.0,623.0,791.0,809.0,811.0,816.0,849.0,892.0,963.0,976.0,
29.0,57.0,73.0,133.0,175.0,261.0,268.0,281.0,366.0,377.0,480.0,500.0,532.0,535.0,541.0,575.0,679.0,715.0,730.0,762.0,806.0,820.0,839.0,839.0,885.0,897.0,903.0,906.0,906.0,923.0,935.0,941.0,973.0,997.0,
29.0,30.0,31.0,37.0,53.0,68.0,89.0,112.0,153.0,157.0,162.0,172.0,172.0,197.0,206.0,216.0,240.0,285.0,334.0,362.0,392.0,411.0,414.0,457.0,463.0,495.0,545.0,592.0,600.0,679.0,697.0,715.0,743.0,777.0,840.0,871.0,901.0,904.0,919.0,958.0,965.0,987.0,
7.0,50.0,98.0,102.0,126.0,136.0,169.0,226.0,266.0,307.0,310.0,372.0,380.0,479.0,499.0,506.0,529.0,544.0,596.0,613.0,615.0,617.0,647.0,660.0,680.0,704.0,735.0,757.0,772.0,779.0,856.0,872.0,946.0,954.0,974.0,
19.0,89.0,108.0,148.0,152.0,162.0,179.0,180.0,207.0,356.0,381.0,386.0,482.0,493.0,513.0,518.0,523.0,535.0,537.0,537.0,565.0,586.0,621.0,627.0,634.0,634.0,723.0,724.0,794.0,837.0,849.0,863.0,876.0,878.0,940.0,979.0,994.0,
133.0,160.0,194.0,200.0,214.0,216.0,234.0,241.0,258.0,275.0,290.0,311.0,317.0,317.0,364.0,391.0,404.0,445.0,448.0,463.0,470.0,496.0,578.0,625.0,625.0,681.0,714.0,735.0,760.0,797.0,805.0,815.0,861.0,896.0,919.0,940.0,946.0,980.0,
37.0,53.0,58.0,95.0,136.0,159.0,186.0,189.0,194.0,209.0,268.0,286.0,298.0,299.0,303.0,308.0,344.0,398.0,425.0,508.0,518.0,541.0,544.0,568.0,575.0,577.0,613.0,616.0,623.0,689.0,799.0,801.0,808.0,839.0,871.0,904.0,948.0,951.0,990.0,
4.0,27.0,47.0,105.0,172.0,195.0,212.0,232.0,248.0,290.0,294.0,295.0,307.0,334.0,341.0,384.0,401.0,408.0,423.0,441.0,460.0,473.0,478.0,487.0,488.0,542.0,571.0,577.0,599.0,633.0,644.0,677.0,682.0,686.0,757.0,763.0,767.0,790.0,793.0,871.0,886.0,983.0,
72.0,89.0,95.0,97.0,140.0,156.0,172.0,176.0,184.0,234.0,262.0,292.0,319.0,353.0,382.0,400.0,427.0,441.0,445.0,458.0,475.0,531.0,533.0,544.0,576.0,614.0,615.0,638.0,737.0,751.0,782.0,829.0,837.0,901.0,939.0,963.0,
55.0,60.0,93.0,121.0,123.0,149.0,171.0,211.0,213.0,223.0,268.0,281.0,296.0,414.0,430.0,550.0,573.0,581.0,595.0,597.0,606.0,608.0,666.0,668.0,674.0,684.0,720.0,796.0,796.0,838.0,849.0,886.0,926.0,936.0,954.0,
3.0,4.0,7.0,26.0,60.0,81.0,84.0,123.0,144.0,183.0,191.0,200.0,210.0,212.0,241.0,302.0,343.0,428.0,440.0,454.0,478.0,505.0,543.0,625.0,627.0,649.0,667.0,695.0,717.0,726.0,732.0,744.0,809.0,883.0,936.0,946.0,947.0,963.0,996.0,
34.0,42.0,55.0,88.0,124.0,127.0,144.0,208.0,283.0,284.0,312.0,331.0,343.0,351.0,367.0,368.0,371.0,390.0,418.0,486.0,521.0,542.0,582.0,616.0,632.0,674.0,681.0,710.0,718.0,771.0,792.0,840.0,842.0,847.0,860.0,887.0,901.0,902.0,929.0,945.0,953.0,972.0,
32.0,90.0,187.0,260.0,392.0,415.0,420.0,428.0,431.0,437.0,480.0,517.0,594.0,635.0,715.0,723.0,762.0,774.0,788.0,791.0,817.0,833.0,855.0,894.0,925.0,
29.0,47.0,97.0,204.0,242.0,286.0,319.0,334.0,346.0,364.0,370.0,379.0,395.0,469.0,490.0,494.0,581.0,651.0,672.0,728.0,749.0,753.0,763.0,770.0,774.0,794.0,970.0,978.0,
31.0,41.0,61.0,63.0,115.0,171.0,186.0,199.0,275.0,286.0,351.0,376.0,378.0,479.0,533.0,540.0,625.0,690.0,702.0,709.0,714.0,787.0,789.0,899.0,919.0,921.0,
13.0,35.0,48.0,58.0,99.0,136.0,145.0,146.0,196.0,265.0,267.0,288.0,292.0,293.0,305.0,334.0,426.0,445.0,455.0,478.0,498.0,522.0,537.0,561.0,607.0,610.0,641.0,650.0,672.0,708.0,783.0,785.0,787.0,887.0,895.0,962.0,964.0,971.0,
4.0,31.0,36.0,125.0,162.0,187.0,191.0,270.0,281.0,321.0,348.0,369.0,373.0,384.0,422.0,429.0,481.0,486.0,528.0,552.0,558.0,656.0,663.0,685.0,730.0,787.0,789.0,845.0,901.0,920.0,956.0,971.0,976.0,981.0,985.0,
36.0,41.0,175.0,186.0,197.0,222.0,250.0,285.0,341.0,358.0,396.0,403.0,438.0,593.0,649.0,662.0,722.0,742.0,753.0,779.0,815.0,846.0,851.0,883.0,911.0,954.0,961.0,974.0,976.0,983.0,991.0,
22.0,32.0,80.0,100.0,102.0,128.0,133.0,152.0,163.0,173.0,178.0,199.0,208.0,217.0,251.0,254.0,277.0,291.0,331.0,331.0,343.0,373.0,379.0,416.0,428.0,472.0,478.0,483.0,501.0,543.0,565.0,604.0,606.0,688.0,742.0,760.0,829.0,838.0,982.0,
73.0,138.0,183.0,188.0,216.0,227.0,247.0,263.0,265.0,286.0,292.0,315.0,318.0,356.0,364.0,387.0,387.0,436.0,549.0,579.0,584.0,613.0,652.0,703.0,758.0,765.0,860.0,868.0,886.0,920.0,942.0,957.0,970.0,992.0,999.0,
15.0,18.0,23.0,64.0,83.0,102.0,168.0,175.0,180.0,224.0,265.0,269.0,290.0,317.0,319.0,322.0,380.0,398.0,437.0,441.0,468.0,492.0,506.0,533.0,539.0,595.0,606.0,703.0,721.0,747.0,755.0,793.0,831.0,841.0,841.0,868.0,872.0,924.0,938.0,964.0,
17.0,25.0,30.0,105.0,110.0,152.0,226.0,254.0,291.0,294.0,390.0,392.0,403.0,451.0,522.0,528.0,528.0,553.0,555.0,558.0,562.0,566.0,576.0,578.0,582.0,590.0,601.0,613.0,615.0,615.0,624.0,630.0,645.0,678.0,687.0,690.0,701.0,715.0,718.0,723.0,727.0,754.0,757.0,766.0,796.0,797.0,799.0,828.0,829.0,836.0,854.0,854.0,869.0,869.0,871.0,882.0,887.0,887.0,889.0,937.0,943.0,947.0,958.0,994.0,
21.0,56.0,69.0,96.0,127.0,180.0,196.0,313.0,323.0,329.0,348.0,463.0,473.0,474.0,488.0,539.0,543.0,556.0,572.0,609.0,658.0,668.0,672.0,709.0,720.0,755.0,755.0,775.0,784.0,800.0,823.0,831.0,856.0,934.0,972.0,989.0,
11.0,45.0,57.0,72.0,93.0,192.0,203.0,230.0,256.0,288.0,291.0,340.0,357.0,372.0,389.0,400.0,411.0,437.0,460.0,587.0,602.0,624.0,630.0,643.0,678.0,679.0,684.0,703.0,705.0,708.0,718.0,734.0,760.0,811.0,926.0,936.0,978.0,982.0,
16.0,51.0,61.0,141.0,152.0,153.0,170.0,211.0,245.0,317.0,319.0,367.0,377.0,393.0,427.0,486.0,534.0,554.0,571.0,615.0,628.0,646.0,647.0,746.0,757.0,759.0,771.0,791.0,811.0,815.0,829.0,856.0,866.0,874.0,888.0,891.0,899.0,908.0,918.0,932.0,
31.0,31.0,53.0,62.0,124.0,186.0,213.0,237.0,254.0,316.0,335.0,337.0,348.0,348.0,368.0,459.0,469.0,544.0,561.0,575.0,668.0,709.0,805.0,813.0,829.0,892.0,894.0,926.0,934.0,943.0,965.0,985.0,992.0,
5.0,76.0,84.0,95.0,109.0,113.0,167.0,169.0,180.0,185.0,224.0,232.0,306.0,307.0,333.0,376.0,379.0,528.0,548.0,564.0,572.0,669.0,694.0,718.0,731.0,763.0,777.0,818.0,824.0,841.0,849.0,876.0,916.0,973.0,976.0,997.0,
60.0,66.0,84.0,136.0,145.0,211.0,217.0,223.0,236.0,323.0,413.0,471.0,529.0,541.0,543.0,547.0,588.0,627.0,630.0,693.0,693.0,799.0,875.0,876.0,924.0,956.0,991.0,
204.0,206.0,251.0,261.0,265.0,278.0,332.0,332.0,349.0,352.0,362.0,365.0,366.0,388.0,424.0,470.0,471.0,487.0,542.0,546.0,628.0,649.0,686.0,690.0,714.0,730.0,748.0,803.0,819.0,843.0,844.0,865.0,874.0,886.0,934.0,955.0,957.0,964.0,
5.0,15.0,19.0,26.0,174.0,185.0,187.0,209.0,255.0,302.0,335.0,348.0,349.0,406.0,416.0,453.0,467.0,484.0,514.0,583.0,615.0,620.0,631.0,638.0,659.0,664.0,673.0,679.0,693.0,696.0,771.0,775.0,779.0,831.0,835.0,869.0,887.0,913.0,917.0,960.0,967.0,983.0,986.0,988.0,998.0,
54.0,55.0,90.0,152.0,155.0,194.0,243.0,275.0,275.0,284.0,285.0,287.0,293.0,297.0,308.0,316.0,323.0,363.0,367.0,374.0,401.0,413.0,441.0,477.0,478.0,496.0,503.0,522.0,536.0,540.0,544.0,546.0,582.0,592.0,653.0,656.0,666.0,670.0,682.0,683.0,717.0,717.0,780.0,837.0,870.0,892.0,913.0,931.0,978.0,996.0,997.0,
6.0,49.0,51.0,64.0,111.0,123.0,132.0,146.0,200.0,217.0,231.0,236.0,267.0,270.0,299.0,331.0,332.0,359.0,364.0,365.0,367.0,381.0,387.0,396.0,403.0,466.0,488.0,544.0,549.0,576.0,617.0,620.0,688.0,707.0,749.0,779.0,819.0,867.0,885.0,886.0,889.0,928.0,963.0,
30.0,57.0,61.0,69.0,131.0,148.0,150.0,166.0,216.0,254.0,261.0,271.0,298.0,358.0,445.0,475.0,479.0,506.0,553.0,624.0,680.0,690.0,724.0,786.0,828.0,848.0,968.0,970.0,
24.0,51.0,57.0,64.0,68.0,112.0,180.0,194.0,213.0,229.0,261.0,281.0,316.0,358.0,367.0,423.0,459.0,507.0,519.0,526.0,563.0,604.0,641.0,645.0,657.0,684.0,690.0,697.0,706.0,747.0,757.0,784.0,837.0,866.0,875.0,894.0,964.0,964.0,971.0,992.0,
17.0,39.0,46.0,48.0,78.0,115.0,146.0,165.0,195.0,210.0,214.0,283.0,298.0,299.0,337.0,363.0,409.0,418.0,442.0,489.0,604.0,621.0,625.0,639.0,642.0,672.0,698.0,702.0,731.0,792.0,814.0,818.0,820.0,823.0,841.0,862.0,865.0,899.0,920.0,999.0,1000.0,
31.0,63.0,87.0,94.0,135.0,157.0,179.0,194.0,221.0,251.0,257.0,349.0,371.0,409.0,412.0,457.0,468.0,542.0,548.0,582.0,591.0,650.0,686.0,704.0,721.0,751.0,772.0,792.0,864.0,864.0,875.0,904.0,924.0,950.0,962.0,
28.0,41.0,51.0,55.0,107.0,167.0,177.0,181.0,184.0,209.0,293.0,302.0,302.0,309.0,309.0,317.0,320.0,330.0,411.0,435.0,464.0,465.0,501.0,515.0,536.0,546.0,571.0,577.0,591.0,671.0,719.0,735.0,749.0,768.0,772.0,777.0,804.0,811.0,818.0,844.0,852.0,872.0,916.0,925.0,
32.0,139.0,153.0,221.0,289.0,308.0,336.0,385.0,415.0,462.0,465.0,503.0,509.0,524.0,529.0,599.0,636.0,682.0,698.0,727.0,747.0,817.0,848.0,864.0,896.0,910.0,920.0,958.0,986.0,
28.0,62.0,117.0,219.0,246.0,253.0,327.0,327.0,354.0,419.0,510.0,526.0,537.0,538.0,559.0,567.0,568.0,592.0,592.0,605.0,647.0,678.0,691.0,706.0,757.0,782.0,815.0,816.0,829.0,855.0,897.0,967.0,981.0,1000.0,
9.0,12.0,72.0,76.0,99.0,113.0,120.0,157.0,178.0,187.0,299.0,332.0,393.0,416.0,419.0,500.0,591.0,623.0,643.0,660.0,672.0,694.0,706.0,707.0,719.0,743.0,755.0,781.0,841.0,842.0,846.0,865.0,867.0,895.0,949.0,953.0,
51.0,60.0,61.0,112.0,136.0,150.0,165.0,171.0,349.0,355.0,364.0,443.0,499.0,553.0,559.0,583.0,621.0,647.0,648.0,664.0,670.0,679.0,696.0,713.0,753.0,807.0,885.0,905.0,950.0,963.0,963.0,
54.0,56.0,151.0,152.0,153.0,172.0,174.0,211.0,214.0,251.0,285.0,308.0,320.0,346.0,352.0,376.0,382.0,383.0,399.0,504.0,547.0,560.0,596.0,609.0,612.0,680.0,763.0,788.0,828.0,839.0,841.0,875.0,880.0,890.0,903.0,908.0,911.0,954.0,973.0,990.0,990.0,
3.0,25.0,29.0,88.0,118.0,130.0,152.0,157.0,179.0,210.0,230.0,240.0,298.0,355.0,397.0,415.0,429.0,526.0,529.0,546.0,573.0,579.0,582.0,616.0,649.0,650.0,663.0,663.0,696.0,720.0,747.0,790.0,840.0,864.0,928.0,984.0,994.0,
2.0,3.0,4.0,103.0,121.0,146.0,147.0,151.0,162.0,171.0,249.0,265.0,306.0,323.0,365.0,379.0,382.0,430.0,438.0,466.0,486.0,488.0,494.0,517.0,651.0,693.0,698.0,715.0,736.0,762.0,763.0,795.0,827.0,860.0,866.0,894.0,897.0,909.0,915.0,938.0,996.0,
40.0,137.0,154.0,184.0,187.0,190.0,218.0,221.0,252.0,259.0,270.0,275.0,281.0,340.0,344.0,366.0,377.0,403.0,415.0,421.0,442.0,467.0,483.0,516.0,556.0,577.0,592.0,597.0,599.0,618.0,671.0,721.0,736.0,761.0,769.0,777.0,783.0,823.0,868.0,915.0,947.0,975.0,987.0,995.0,
2.0,9.0,13.0,44.0,95.0,111.0,132.0,139.0,172.0,203.0,203.0,219.0,222.0,224.0,268.0,338.0,356.0,363.0,381.0,388.0,403.0,458.0,459.0,463.0,470.0,477.0,584.0,592.0,607.0,626.0,626.0,665.0,725.0,741.0,741.0,789.0,791.0,792.0,812.0,857.0,864.0,882.0,889.0,930.0,969.0,984.0,
55.0,112.0,118.0,191.0,259.0,259.0,284.0,304.0,316.0,326.0,359.0,405.0,448.0,493.0,494.0,508.0,585.0,630.0,631.0,654.0,668.0,682.0,720.0,726.0,739.0,743.0,760.0,776.0,790.0,793.0,807.0,828.0,867.0,915.0,941.0,958.0,963.0,
3.0,28.0,85.0,108.0,128.0,155.0,178.0,201.0,215.0,220.0,251.0,253.0,271.0,293.0,299.0,329.0,334.0,336.0,345.0,357.0,392.0,434.0,448.0,464.0,488.0,497.0,510.0,562.0,618.0,621.0,638.0,646.0,676.0,700.0,708.0,710.0,721.0,728.0,812.0,854.0,863.0,888.0,907.0,907.0,925.0,952.0,956.0,974.0,981.0,
58.0,76.0,81.0,94.0,140.0,146.0,163.0,177.0,179.0,189.0,210.0,232.0,233.0,239.0,248.0,274.0,323.0,327.0,356.0,376.0,407.0,442.0,466.0,523.0,560.0,584.0,587.0,662.0,670.0,686.0,708.0,760.0,795.0,798.0,816.0,841.0,882.0,888.0,914.0,921.0,932.0,953.0,955.0,959.0,982.0,
31.0,48.0,122.0,135.0,187.0,251.0,260.0,282.0,288.0,316.0,327.0,339.0,361.0,369.0,373.0,398.0,401.0,403.0,470.0,503.0,532.0,578.0,659.0,666.0,729.0,759.0,768.0,798.0,801.0,850.0,862.0,873.0,955.0,959.0,982.0,987.0,
21.0,28.0,33.0,96.0,105.0,116.0,153.0,200.0,213.0,234.0,265.0,320.0,320.0,390.0,439.0,503.0,506.0,533.0,540.0,563.0,584.0,617.0,631.0,658.0,673.0,711.0,722.0,764.0,846.0,847.0,
4.0,48.0,74.0,77.0,170.0,177.0,186.0,191.0,195.0,201.0,210.0,218.0,222.0,260.0,334.0,364.0,402.0,460.0,624.0,637.0,657.0,826.0,826.0,829.0,961.0,
4.0,59.0,65.0,177.0,217.0,245.0,250.0,279.0,281.0,302.0,304.0,328.0,338.0,340.0,353.0,370.0,383.0,396.0,403.0,405.0,424.0,443.0,463.0,525.0,529.0,578.0,612.0,640.0,689.0,704.0,717.0,752.0,758.0,778.0,798.0,805.0,822.0,859.0,868.0,876.0,952.0,966.0,971.0,
28.0,30.0,218.0,229.0,250.0,256.0,266.0,344.0,344.0,522.0,537.0,565.0,574.0,604.0,606.0,709.0,717.0,722.0,760.0,840.0,842.0,851.0,876.0,886.0,928.0,938.0,
50.0,64.0,79.0,81.0,102.0,118.0,225.0,253.0,253.0,315.0,319.0,366.0,366.0,398.0,400.0,407.0,432.0,440.0,458.0,504.0,511.0,539.0,556.0,613.0,617.0,633.0,638.0,659.0,712.0,752.0,772.0,806.0,806.0,832.0,891.0,895.0,993.0,
36.0,53.0,119.0,175.0,182.0,183.0,198.0,203.0,235.0,268.0,305.0,323.0,366.0,394.0,408.0,423.0,424.0,480.0,536.0,537.0,550.0,648.0,721.0,783.0,786.0,787.0,790.0,810.0,850.0,901.0,911.0,928.0,931.0,939.0,975.0,995.0,997.0,
3.0,33.0,104.0,171.0,174.0,177.0,204.0,208.0,258.0,278.0,325.0,328.0,335.0,353.0,405.0,411.0,428.0,430.0,434.0,535.0,544.0,703.0,719.0,720.0,730.0,779.0,830.0,849.0,896.0,926.0,946.0,948.0,964.0,994.0,
58.0,74.0,160.0,168.0,199.0,206.0,235.0,256.0,270.0,283.0,298.0,334.0,357.0,368.0,382.0,469.0,482.0,494.0,507.0,564.0,605.0,613.0,624.0,743.0,820.0,831.0,851.0,871.0,901.0,930.0,
16.0,42.0,108.0,184.0,191.0,197.0,240.0,242.0,244.0,251.0,251.0,282.0,342.0,362.0,393.0,398.0,405.0,428.0,431.0,440.0,444.0,445.0,470.0,473.0,474.0,474.0,478.0,481.0,496.0,513.0,516.0,537.0,551.0,557.0,578.0,641.0,651.0,659.0,660.0,666.0,666.0,674.0,720.0,732.0,735.0,753.0,758.0,798.0,818.0,834.0,884.0,899.0,900.0,985.0,990.0,
15.0,33.0,39.0,49.0,69.0,116.0,117.0,139.0,177.0,183.0,193.0,210.0,212.0,217.0,220.0,230.0,277.0,289.0,315.0,343.0,383.0,416.0,420.0,438.0,443.0,475.0,519.0,582.0,605.0,620.0,632.0,656.0,688.0,702.0,726.0,780.0,790.0,819.0,822.0,829.0,838.0,910.0,955.0,
27.0,45.0,87.0,94.0,105.0,108.0,129.0,171.0,195.0,196.0,210.0,219.0,232.0,243.0,252.0,263.0,289.0,317.0,327.0,333.0,472.0,507.0,540.0,541.0,572.0,601.0,604.0,673.0,784.0,813.0,835.0,853.0,858.0,859.0,863.0,891.0,958.0,965.0,985.0,995.0,
25.0,75.0,82.0,121.0,163.0,165.0,190.0,257.0,338.0,362.0,415.0,427.0,436.0,474.0,482.0,529.0,535.0,548.0,562.0,594.0,596.0,621.0,683.0,700.0,709.0,771.0,776.0,794.0,804.0,820.0,842.0,865.0,914.0,915.0,979.0,
25.0,39.0,72.0,106.0,203.0,272.0,285.0,315.0,344.0,354.0,359.0,385.0,440.0,440.0,464.0,473.0,504.0,516.0,521.0,599.0,637.0,640.0,679.0,689.0,690.0,702.0,802.0,856.0,857.0,888.0,893.0,893.0,907.0,935.0,948.0,
36.0,90.0,139.0,147.0,157.0,182.0,296.0,319.0,333.0,351.0,441.0,471.0,485.0,528.0,529.0,529.0,546.0,581.0,614.0,677.0,677.0,697.0,710.0,713.0,714.0,759.0,761.0,768.0,813.0,861.0,962.0,982.0,991.0,
3.0,42.0,55.0,116.0,150.0,178.0,208.0,213.0,279.0,310.0,344.0,350.0,375.0,439.0,475.0,528.0,531.0,535.0,593.0,602.0,603.0,652.0,684.0,784.0,789.0,839.0,873.0,873.0,884.0,911.0,911.0,939.0,949.0,956.0,967.0,
3.0,48.0,65.0,91.0,97.0,141.0,142.0,200.0,236.0,270.0,354.0,367.0,376.0,395.0,411.0,418.0,440.0,469.0,484.0,499.0,524.0,538.0,562.0,576.0,616.0,618.0,669.0,690.0,701.0,718.0,745.0,765.0,779.0,825.0,878.0,889.0,921.0,934.0,941.0,982.0,1000.0,
