29.0,79.0,144.0,145.0,170.0,185.0,210.0,236.0,297.0,310.0,333.0,380.0,411.0,443.0,455.0,462.0,464.0,544.0,545.0,559.0,583.0,621.0,639.0,850.0,852.0,854.0,861.0,910.0,911.0,940.0,963.0,
3.0,17.0,20.0,25.0,84.0,108.0,120.0,168.0,172.0,211.0,272.0,284.0,376.0,389.0,420.0,437.0,451.0,544.0,556.0,602.0,609.0,616.0,626.0,629.0,665.0,673.0,746.0,818.0,826.0,828.0,856.0,881.0,892.0,903.0,904.0,907.0,916.0,958.0,
26.0,75.0,81.0,122.0,130.0,138.0,211.0,214.0,243.0,267.0,272.0,311.0,329.0,383.0,424.0,438.0,475.0,502.0,548.0,557.0,577.0,584.0,610.0,612.0,638.0,638.0,644.0,657.0,699.0,710.0,762.0,766.0,780.0,852.0,859.0,874.0,915.0,936.0,950.0,950.0,984.0,990.0,
27.0,28.0,80.0,85.0,123.0,132.0,140.0,170.0,209.0,231.0,267.0,344.0,346.0,479.0,545.0,604.0,614.0,626.0,634.0,637.0,639.0,654.0,655.0,669.0,726.0,734.0,743.0,778.0,801.0,816.0,818.0,819.0,876.0,920.0,946.0,979.0,980.0,989.0,
35.0,70.0,82.0,84.0,88.0,134.0,243.0,286.0,308.0,318.0,321.0,340.0,377.0,418.0,427.0,473.0,554.0,560.0,667.0,702.0,722.0,770.0,873.0,879.0,910.0,925.0,933.0,940.0,951.0,962.0,970.0,
27.0,36.0,74.0,74.0,89.0,103.0,104.0,177.0,183.0,235.0,251.0,286.0,316.0,324.0,400.0,458.0,544.0,545.0,549.0,568.0,572.0,592.0,605.0,616.0,643.0,711.0,712.0,726.0,747.0,754.0,763.0,805.0,809.0,923.0,924.0,
6.0,14.0,19.0,41.0,49.0,104.0,110.0,150.0,173.0,227.0,242.0,264.0,270.0,274.0,288.0,311.0,317.0,348.0,358.0,392.0,419.0,500.0,559.0,569.0,584.0,595.0,649.0,684.0,684.0,694.0,707.0,707.0,724.0,732.0,758.0,768.0,771.0,801.0,802.0,810.0,815.0,821.0,837.0,840.0,864.0,878.0,891.0,902.0,965.0,970.0,
22.0,54.0,56.0,115.0,132.0,190.0,224.0,234.0,261.0,281.0,314.0,351.0,374.0,408.0,442.0,443.0,448.0,454.0,477.0,484.0,490.0,494.0,520.0,535.0,583.0,586.0,625.0,629.0,643.0,704.0,712.0,749.0,833.0,839.0,869.0,898.0,920.0,927.0,941.0,997.0,
6.0,20.0,20.0,59.0,76.0,82.0,99.0,101.0,164.0,251.0,258.0,295.0,301.0,327.0,342.0,353.0,356.0,363.0,451.0,463.0,469.0,491.0,517.0,523.0,552.0,644.0,658.0,672.0,677.0,687.0,696.0,726.0,750.0,750.0,773.0,775.0,792.0,798.0,805.0,819.0,821.0,844.0,900.0,910.0,
4.0,20.0,26.0,120.0,155.0,173.0,177.0,208.0,232.0,264.0,283.0,308.0,342.0,342.0,430.0,550.0,565.0,656.0,681.0,698.0,737.0,779.0,783.0,793.0,808.0,898.0,938.0,942.0,987.0,
86.0,94.0,105.0,110.0,135.0,144.0,173.0,269.0,299.0,352.0,356.0,363.0,368.0,372.0,391.0,391.0,533.0,570.0,620.0,626.0,641.0,691.0,704.0,737.0,748.0,788.0,792.0,819.0,860.0,868.0,910.0,914.0,997.0,
23.0,49.0,55.0,58.0,136.0,189.0,214.0,288.0,296.0,324.0,327.0,339.0,346.0,362.0,399.0,400.0,469.0,510.0,521.0,538.0,539.0,539.0,552.0,604.0,610.0,634.0,642.0,760.0,796.0,815.0,825.0,829.0,880.0,892.0,917.0,930.0,954.0,979.0,
68.0,81.0,93.0,97.0,102.0,130.0,154.0,168.0,172.0,255.0,258.0,280.0,291.0,322.0,325.0,367.0,401.0,403.0,408.0,431.0,436.0,463.0,492.0,518.0,522.0,563.0,577.0,621.0,625.0,633.0,654.0,676.0,682.0,711.0,716.0,769.0,825.0,826.0,857.0,868.0,875.0,883.0,955.0,987.0,
45.0,59.0,115.0,118.0,148.0,207.0,207.0,245.0,272.0,296.0,351.0,391.0,427.0,455.0,492.0,502.0,555.0,590.0,626.0,636.0,689.0,744.0,793.0,815.0,837.0,864.0,889.0,892.0,902.0,925.0,937.0,
106.0,113.0,124.0,133.0,134.0,165.0,223.0,247.0,254.0,269.0,284.0,286.0,310.0,325.0,367.0,419.0,493.0,533.0,554.0,586.0,601.0,617.0,652.0,652.0,673.0,678.0,731.0,760.0,803.0,823.0,834.0,853.0,856.0,870.0,911.0,940.0,980.0,986.0,989.0,992.0,994.0,999.0,
62.0,76.0,84.0,97.0,118.0,123.0,124.0,148.0,164.0,235.0,247.0,269.0,302.0,348.0,414.0,418.0,448.0,494.0,520.0,522.0,548.0,685.0,701.0,716.0,727.0,776.0,796.0,859.0,865.0,881.0,908.0,916.0,958.0,986.0,
16.0,58.0,63.0,96.0,105.0,147.0,236.0,261.0,354.0,380.0,388.0,426.0,510.0,539.0,559.0,562.0,570.0,593.0,629.0,747.0,763.0,805.0,892.0,916.0,936.0,946.0,976.0,989.0,
43.0,43.0,45.0,124.0,140.0,158.0,163.0,169.0,176.0,230.0,252.0,285.0,313.0,323.0,337.0,344.0,377.0,388.0,449.0,490.0,553.0,591.0,618.0,647.0,648.0,650.0,694.0,766.0,783.0,793.0,866.0,889.0,
11.0,27.0,52.0,91.0,94.0,95.0,99.0,117.0,126.0,136.0,148.0,170.0,179.0,193.0,232.0,235.0,290.0,310.0,363.0,386.0,391.0,400.0,408.0,413.0,443.0,445.0,447.0,530.0,541.0,562.0,569.0,621.0,631.0,681.0,703.0,715.0,735.0,754.0,781.0,855.0,865.0,939.0,986.0,986.0,
17.0,26.0,30.0,77.0,81.0,115.0,133.0,187.0,291.0,317.0,318.0,323.0,372.0,372.0,386.0,408.0,460.0,483.0,497.0,501.0,502.0,507.0,535.0,538.0,539.0,589.0,601.0,613.0,663.0,676.0,676.0,678.0,690.0,779.0,786.0,789.0,871.0,878.0,920.0,925.0,976.0,985.0,
18.0,23.0,32.0,47.0,56.0,57.0,86.0,102.0,110.0,116.0,120.0,162.0,193.0,228.0,230.0,277.0,301.0,323.0,353.0,357.0,359.0,371.0,475.0,504.0,517.0,560.0,567.0,599.0,613.0,650.0,705.0,720.0,744.0,761.0,789.0,794.0,807.0,812.0,847.0,881.0,930.0,953.0,959.0,
17.0,37.0,67.0,85.0,118.0,130.0,164.0,176.0,196.0,208.0,216.0,295.0,302.0,303.0,335.0,353.0,378.0,384.0,402.0,404.0,462.0,529.0,617.0,634.0,638.0,665.0,706.0,710.0,716.0,732.0,737.0,794.0,799.0,802.0,814.0,815.0,863.0,870.0,895.0,918.0,948.0,957.0,961.0,985.0,1000.0,
85.0,110.0,112.0,162.0,248.0,295.0,303.0,312.0,374.0,390.0,424.0,426.0,458.0,472.0,487.0,491.0,558.0,563.0,564.0,600.0,608.0,622.0,741.0,770.0,774.0,780.0,827.0,851.0,867.0,868.0,937.0,945.0,948.0,
104.0,104.0,137.0,149.0,151.0,153.0,165.0,200.0,231.0,286.0,313.0,356.0,415.0,476.0,476.0,518.0,524.0,580.0,612.0,694.0,721.0,772.0,787.0,797.0,829.0,835.0,866.0,901.0,973.0,997.0,
6.0,30.0,33.0,83.0,132.0,144.0,223.0,253.0,294.0,302.0,315.0,348.0,356.0,363.0,392.0,419.0,435.0,453.0,465.0,489.0,529.0,557.0,558.0,561.0,563.0,633.0,635.0,637.0,644.0,671.0,694.0,720.0,728.0,741.0,750.0,773.0,782.0,785.0,854.0,876.0,888.0,908.0,967.0,
37.0,95.0,116.0,124.0,147.0,179.0,183.0,190.0,243.0,248.0,265.0,272.0,277.0,279.0,389.0,418.0,424.0,432.0,439.0,461.0,469.0,579.0,661.0,668.0,744.0,801.0,843.0,888.0,896.0,913.0,981.0,994.0,
73.0,85.0,92.0,120.0,140.0,170.0,183.0,241.0,245.0,277.0,329.0,344.0,354.0,358.0,420.0,474.0,518.0,529.0,555.0,568.0,577.0,599.0,690.0,740.0,778.0,809.0,817.0,895.0,935.0,938.0,947.0,982.0,997.0,
15.0,60.0,79.0,93.0,214.0,229.0,237.0,292.0,349.0,368.0,375.0,422.0,455.0,495.0,572.0,574.0,576.0,579.0,587.0,596.0,604.0,710.0,730.0,760.0,761.0,795.0,840.0,856.0,857.0,893.0,
21.0,27.0,29.0,94.0,95.0,107.0,134.0,157.0,165.0,327.0,389.0,395.0,415.0,426.0,432.0,435.0,458.0,479.0,482.0,505.0,536.0,550.0,594.0,607.0,613.0,623.0,642.0,644.0,655.0,664.0,673.0,678.0,685.0,727.0,768.0,797.0,818.0,852.0,866.0,921.0,982.0,
57.0,73.0,94.0,101.0,122.0,140.0,157.0,171.0,172.0,175.0,175.0,175.0,176.0,208.0,241.0,252.0,256.0,344.0,361.0,479.0,499.0,518.0,551.0,650.0,699.0,725.0,746.0,751.0,777.0,785.0,790.0,888.0,898.0,918.0,945.0,959.0,976.0,988.0,992.0,996.0,
29.0,38.0,83.0,131.0,131.0,138.0,229.0,231.0,235.0,257.0,280.0,286.0,324.0,385.0,393.0,431.0,436.0,440.0,457.0,489.0,494.0,503.0,560.0,592.0,600.0,640.0,656.0,662.0,699.0,709.0,739.0,759.0,765.0,784.0,839.0,873.0,895.0,910.0,951.0,977.0,985.0,987.0,993.0,
30.0,53.0,75.0,158.0,165.0,204.0,243.0,255.0,262.0,302.0,326.0,329.0,337.0,372.0,373.0,432.0,437.0,479.0,504.0,526.0,539.0,586.0,587.0,618.0,620.0,654.0,717.0,722.0,757.0,798.0,858.0,869.0,918.0,925.0,959.0,985.0,
23.0,67.0,86.0,96.0,100.0,105.0,113.0,134.0,142.0,165.0,178.0,182.0,190.0,221.0,242.0,287.0,297.0,304.0,346.0,359.0,368.0,391.0,417.0,432.0,457.0,460.0,460.0,507.0,617.0,641.0,661.0,669.0,669.0,690.0,713.0,725.0,738.0,747.0,780.0,784.0,810.0,826.0,833.0,839.0,845.0,893.0,898.0,930.0,957.0,973.0,977.0,980.0,987.0,999.0,
17.0,75.0,103.0,113.0,262.0,294.0,330.0,334.0,344.0,362.0,363.0,377.0,450.0,476.0,502.0,514.0,547.0,584.0,586.0,667.0,694.0,747.0,764.0,773.0,783.0,819.0,837.0,884.0,906.0,923.0,985.0,986.0,
5.0,10.0,105.0,137.0,142.0,157.0,205.0,231.0,235.0,327.0,338.0,376.0,394.0,402.0,409.0,449.0,478.0,551.0,705.0,727.0,744.0,826.0,924.0,938.0,993.0,
49.0,104.0,105.0,116.0,119.0,133.0,156.0,165.0,214.0,278.0,295.0,340.0,407.0,469.0,490.0,510.0,520.0,537.0,543.0,579.0,591.0,745.0,754.0,798.0,866.0,884.0,902.0,
60.0,79.0,98.0,113.0,150.0,172.0,173.0,224.0,259.0,301.0,356.0,365.0,369.0,376.0,377.0,380.0,397.0,503.0,691.0,738.0,748.0,748.0,790.0,813.0,989.0,997.0,
25.0,44.0,71.0,86.0,95.0,137.0,149.0,164.0,218.0,221.0,223.0,247.0,260.0,304.0,354.0,359.0,396.0,409.0,413.0,435.0,461.0,541.0,578.0,580.0,581.0,586.0,606.0,636.0,682.0,689.0,702.0,743.0,743.0,781.0,781.0,810.0,820.0,852.0,859.0,879.0,916.0,965.0,982.0,987.0,
3.0,19.0,24.0,58.0,79.0,81.0,120.0,142.0,144.0,182.0,239.0,270.0,277.0,280.0,280.0,311.0,317.0,338.0,397.0,405.0,410.0,419.0,423.0,460.0,484.0,500.0,519.0,546.0,557.0,658.0,706.0,709.0,770.0,807.0,823.0,889.0,900.0,958.0,994.0,
11.0,23.0,95.0,142.0,203.0,224.0,246.0,247.0,296.0,302.0,313.0,363.0,371.0,376.0,376.0,428.0,466.0,495.0,516.0,516.0,519.0,527.0,529.0,531.0,533.0,548.0,568.0,593.0,605.0,613.0,716.0,726.0,731.0,764.0,838.0,840.0,855.0,885.0,
16.0,51.0,54.0,57.0,121.0,139.0,169.0,169.0,172.0,182.0,302.0,371.0,419.0,449.0,465.0,493.0,570.0,576.0,602.0,602.0,633.0,653.0,658.0,664.0,665.0,665.0,667.0,667.0,669.0,698.0,710.0,712.0,746.0,770.0,774.0,912.0,925.0,931.0,955.0,978.0,
5.0,18.0,62.0,100.0,160.0,165.0,206.0,210.0,213.0,246.0,270.0,299.0,307.0,311.0,312.0,332.0,379.0,504.0,525.0,531.0,540.0,546.0,556.0,573.0,625.0,683.0,703.0,731.0,802.0,869.0,887.0,899.0,973.0,993.0,
3.0,48.0,56.0,123.0,153.0,153.0,155.0,161.0,207.0,223.0,264.0,296.0,302.0,326.0,337.0,370.0,435.0,436.0,444.0,446.0,450.0,473.0,513.0,579.0,618.0,663.0,684.0,710.0,753.0,756.0,797.0,846.0,985.0,
14.0,19.0,88.0,102.0,151.0,287.0,300.0,350.0,359.0,376.0,382.0,403.0,420.0,438.0,452.0,453.0,522.0,525.0,585.0,669.0,700.0,725.0,756.0,778.0,781.0,824.0,840.0,941.0,956.0,993.0,
18.0,45.0,163.0,176.0,180.0,229.0,309.0,310.0,320.0,332.0,409.0,502.0,520.0,522.0,531.0,538.0,546.0,564.0,566.0,570.0,586.0,591.0,592.0,597.0,600.0,635.0,660.0,669.0,684.0,685.0,701.0,703.0,725.0,762.0,770.0,799.0,821.0,824.0,829.0,847.0,854.0,873.0,873.0,888.0,
81.0,105.0,126.0,154.0,186.0,201.0,219.0,250.0,289.0,320.0,339.0,386.0,407.0,419.0,422.0,466.0,474.0,519.0,522.0,538.0,539.0,540.0,542.0,542.0,550.0,552.0,554.0,559.0,562.0,563.0,563.0,563.0,567.0,575.0,576.0,579.0,593.0,594.0,604.0,610.0,621.0,641.0,664.0,666.0,690.0,690.0,700.0,704.0,709.0,732.0,735.0,755.0,781.0,781.0,783.0,788.0,794.0,801.0,801.0,873.0,880.0,900.0,929.0,948.0,959.0,960.0,972.0,982.0,983.0,
41.0,50.0,63.0,72.0,74.0,138.0,141.0,208.0,284.0,337.0,337.0,353.0,361.0,367.0,472.0,522.0,529.0,541.0,548.0,549.0,551.0,562.0,565.0,584.0,591.0,591.0,597.0,619.0,624.0,626.0,645.0,664.0,671.0,683.0,739.0,759.0,809.0,816.0,816.0,856.0,858.0,868.0,870.0,891.0,902.0,923.0,923.0,926.0,953.0,967.0,
15.0,29.0,47.0,73.0,79.0,85.0,152.0,199.0,243.0,252.0,282.0,287.0,293.0,318.0,334.0,374.0,451.0,464.0,519.0,553.0,556.0,595.0,635.0,671.0,679.0,682.0,769.0,771.0,779.0,834.0,945.0,958.0,
9.0,37.0,66.0,80.0,91.0,103.0,219.0,260.0,270.0,294.0,306.0,333.0,339.0,362.0,363.0,390.0,399.0,466.0,479.0,507.0,569.0,574.0,608.0,629.0,650.0,660.0,677.0,716.0,723.0,747.0,883.0,887.0,905.0,933.0,954.0,955.0,964.0,
2.0,18.0,75.0,90.0,100.0,107.0,116.0,139.0,153.0,171.0,234.0,239.0,301.0,308.0,347.0,363.0,417.0,429.0,439.0,457.0,485.0,514.0,575.0,602.0,606.0,688.0,689.0,710.0,715.0,729.0,750.0,795.0,833.0,860.0,861.0,893.0,906.0,917.0,925.0,933.0,938.0,961.0,967.0,995.0,
28.0,58.0,99.0,133.0,140.0,182.0,184.0,222.0,265.0,296.0,358.0,406.0,478.0,492.0,566.0,586.0,598.0,609.0,613.0,686.0,706.0,783.0,802.0,804.0,804.0,840.0,864.0,891.0,933.0,953.0,995.0,1000.0,
6.0,9.0,10.0,11.0,82.0,108.0,148.0,188.0,243.0,251.0,344.0,374.0,382.0,387.0,404.0,431.0,444.0,473.0,486.0,532.0,590.0,597.0,609.0,634.0,639.0,647.0,662.0,698.0,709.0,736.0,790.0,867.0,887.0,896.0,956.0,957.0,982.0,984.0,
52.0,59.0,67.0,74.0,96.0,148.0,177.0,189.0,237.0,239.0,243.0,255.0,276.0,292.0,295.0,343.0,478.0,479.0,508.0,514.0,514.0,523.0,525.0,572.0,582.0,613.0,660.0,667.0,680.0,691.0,694.0,713.0,714.0,760.0,765.0,773.0,809.0,830.0,836.0,880.0,891.0,937.0,949.0,956.0,
41.0,78.0,88.0,128.0,141.0,190.0,205.0,262.0,312.0,315.0,321.0,327.0,331.0,364.0,380.0,384.0,386.0,425.0,447.0,475.0,600.0,619.0,670.0,685.0,770.0,808.0,836.0,847.0,908.0,924.0,967.0,974.0,
23.0,78.0,88.0,219.0,228.0,248.0,255.0,273.0,296.0,311.0,346.0,419.0,485.0,486.0,513.0,516.0,517.0,534.0,539.0,552.0,554.0,557.0,562.0,578.0,581.0,582.0,582.0,586.0,588.0,605.0,615.0,629.0,632.0,635.0,636.0,643.0,663.0,667.0,667.0,675.0,683.0,693.0,694.0,697.0,701.0,723.0,735.0,740.0,750.0,760.0,787.0,804.0,808.0,827.0,832.0,834.0,834.0,838.0,867.0,901.0,911.0,912.0,915.0,937.0,979.0,980.0,984.0,
8.0,25.0,58.0,240.0,246.0,259.0,261.0,325.0,330.0,392.0,431.0,452.0,501.0,528.0,530.0,540.0,541.0,544.0,550.0,552.0,554.0,561.0,565.0,571.0,577.0,578.0,579.0,581.0,584.0,588.0,590.0,591.0,618.0,619.0,624.0,634.0,636.0,640.0,641.0,650.0,668.0,675.0,678.0,683.0,691.0,696.0,703.0,720.0,722.0,723.0,729.0,747.0,752.0,753.0,757.0,760.0,773.0,779.0,813.0,824.0,842.0,847.0,847.0,851.0,868.0,876.0,879.0,885.0,886.0,904.0,912.0,918.0,918.0,918.0,920.0,934.0,935.0,963.0,981.0,981.0,992.0,996.0,
28.0,35.0,87.0,103.0,158.0,203.0,204.0,233.0,279.0,283.0,325.0,356.0,470.0,522.0,527.0,532.0,533.0,551.0,552.0,563.0,565.0,577.0,578.0,580.0,580.0,585.0,590.0,595.0,596.0,604.0,622.0,650.0,652.0,654.0,660.0,668.0,672.0,696.0,698.0,702.0,704.0,715.0,721.0,722.0,735.0,765.0,769.0,773.0,774.0,776.0,782.0,785.0,794.0,829.0,830.0,833.0,836.0,846.0,847.0,868.0,889.0,893.0,903.0,911.0,921.0,942.0,965.0,967.0,982.0,
6.0,8.0,68.0,69.0,103.0,110.0,111.0,139.0,142.0,150.0,208.0,217.0,228.0,369.0,377.0,403.0,440.0,511.0,565.0,616.0,712.0,729.0,732.0,752.0,779.0,873.0,964.0,
45.0,67.0,71.0,102.0,113.0,145.0,222.0,246.0,251.0,253.0,284.0,293.0,305.0,307.0,314.0,338.0,345.0,428.0,431.0,472.0,486.0,660.0,674.0,684.0,714.0,726.0,838.0,871.0,879.0,907.0,954.0,975.0,
11.0,25.0,36.0,66.0,108.0,159.0,211.0,343.0,347.0,353.0,378.0,383.0,398.0,403.0,439.0,447.0,457.0,476.0,478.0,486.0,506.0,516.0,558.0,584.0,590.0,611.0,613.0,628.0,637.0,654.0,661.0,663.0,675.0,692.0,713.0,758.0,835.0,895.0,896.0,897.0,900.0,950.0,962.0,
13.0,25.0,28.0,32.0,53.0,159.0,200.0,261.0,284.0,322.0,361.0,369.0,442.0,445.0,447.0,449.0,455.0,502.0,505.0,523.0,558.0,601.0,611.0,712.0,724.0,724.0,754.0,759.0,786.0,798.0,844.0,855.0,890.0,949.0,956.0,968.0,992.0,
6.0,19.0,36.0,37.0,54.0,117.0,123.0,169.0,197.0,200.0,216.0,235.0,236.0,241.0,276.0,289.0,321.0,358.0,372.0,374.0,424.0,440.0,447.0,516.0,525.0,541.0,570.0,583.0,688.0,709.0,727.0,780.0,858.0,862.0,878.0,999.0,
2.0,2.0,15.0,21.0,25.0,35.0,91.0,102.0,106.0,120.0,188.0,188.0,204.0,223.0,230.0,273.0,287.0,342.0,352.0,366.0,369.0,374.0,379.0,485.0,498.0,514.0,576.0,621.0,624.0,659.0,659.0,668.0,670.0,706.0,709.0,734.0,736.0,737.0,814.0,826.0,851.0,891.0,916.0,918.0,947.0,966.0,
2.0,22.0,23.0,99.0,111.0,120.0,154.0,199.0,243.0,255.0,314.0,343.0,420.0,432.0,480.0,491.0,508.0,595.0,682.0,753.0,842.0,884.0,998.0,
7.0,15.0,16.0,31.0,46.0,62.0,145.0,164.0,183.0,200.0,224.0,258.0,267.0,274.0,291.0,293.0,306.0,359.0,416.0,419.0,420.0,436.0,461.0,531.0,539.0,539.0,545.0,548.0,553.0,553.0,599.0,612.0,662.0,667.0,668.0,678.0,696.0,735.0,736.0,736.0,751.0,773.0,805.0,822.0,847.0,885.0,889.0,899.0,910.0,934.0,977.0,
94.0,101.0,107.0,178.0,248.0,248.0,250.0,302.0,312.0,322.0,338.0,384.0,454.0,491.0,505.0,517.0,538.0,539.0,557.0,560.0,561.0,580.0,582.0,583.0,587.0,601.0,618.0,620.0,623.0,628.0,644.0,644.0,649.0,666.0,673.0,679.0,688.0,692.0,694.0,700.0,701.0,716.0,741.0,744.0,755.0,757.0,802.0,809.0,813.0,834.0,844.0,870.0,886.0,890.0,905.0,915.0,935.0,942.0,967.0,
4.0,14.0,19.0,61.0,91.0,106.0,142.0,158.0,194.0,199.0,211.0,277.0,279.0,281.0,287.0,293.0,301.0,329.0,358.0,362.0,416.0,464.0,491.0,514.0,533.0,559.0,606.0,613.0,628.0,635.0,638.0,648.0,682.0,746.0,782.0,809.0,832.0,881.0,947.0,995.0,
18.0,34.0,86.0,94.0,116.0,118.0,169.0,171.0,184.0,223.0,244.0,253.0,273.0,325.0,334.0,357.0,458.0,474.0,537.0,542.0,545.0,549.0,554.0,575.0,575.0,580.0,683.0,703.0,704.0,733.0,787.0,787.0,792.0,838.0,896.0,905.0,
15.0,39.0,50.0,91.0,107.0,109.0,118.0,134.0,178.0,180.0,186.0,208.0,248.0,275.0,275.0,286.0,295.0,317.0,336.0,337.0,361.0,371.0,388.0,434.0,435.0,466.0,580.0,593.0,643.0,647.0,714.0,723.0,726.0,729.0,746.0,797.0,846.0,917.0,967.0,980.0,
46.0,54.0,115.0,161.0,178.0,229.0,275.0,302.0,388.0,394.0,431.0,433.0,454.0,474.0,511.0,562.0,634.0,706.0,748.0,782.0,888.0,900.0,906.0,956.0,
4.0,39.0,57.0,71.0,76.0,115.0,140.0,175.0,208.0,222.0,353.0,357.0,379.0,406.0,434.0,439.0,450.0,525.0,540.0,571.0,582.0,616.0,638.0,672.0,699.0,704.0,706.0,774.0,775.0,785.0,799.0,823.0,837.0,882.0,890.0,899.0,899.0,924.0,924.0,933.0,943.0,
47.0,60.0,69.0,79.0,86.0,87.0,121.0,231.0,280.0,296.0,325.0,341.0,347.0,392.0,392.0,403.0,407.0,425.0,457.0,476.0,481.0,503.0,512.0,517.0,546.0,546.0,568.0,594.0,597.0,606.0,708.0,712.0,712.0,760.0,775.0,786.0,808.0,837.0,889.0,900.0,926.0,935.0,985.0,
62.0,84.0,117.0,130.0,141.0,144.0,153.0,160.0,166.0,178.0,213.0,226.0,245.0,263.0,272.0,313.0,319.0,383.0,395.0,405.0,426.0,431.0,457.0,466.0,467.0,504.0,570.0,597.0,617.0,630.0,630.0,639.0,663.0,671.0,701.0,718.0,758.0,813.0,886.0,887.0,889.0,903.0,914.0,915.0,947.0,969.0,977.0,
11.0,53.0,73.0,132.0,176.0,343.0,345.0,359.0,375.0,414.0,428.0,463.0,489.0,489.0,548.0,558.0,566.0,601.0,625.0,626.0,641.0,666.0,681.0,737.0,765.0,776.0,890.0,901.0,927.0,931.0,937.0,
2.0,35.0,58.0,112.0,149.0,150.0,187.0,217.0,224.0,234.0,250.0,254.0,263.0,276.0,467.0,469.0,502.0,503.0,518.0,620.0,646.0,698.0,712.0,724.0,969.0,
7.0,34.0,72.0,85.0,113.0,123.0,170.0,231.0,245.0,294.0,321.0,378.0,400.0,470.0,539.0,546.0,576.0,578.0,584.0,587.0,683.0,688.0,690.0,694.0,714.0,747.0,808.0,830.0,844.0,913.0,948.0,949.0,957.0,968.0,986.0,
13.0,16.0,25.0,35.0,67.0,113.0,151.0,157.0,167.0,171.0,186.0,195.0,236.0,240.0,247.0,248.0,289.0,371.0,384.0,448.0,456.0,478.0,533.0,570.0,668.0,689.0,708.0,731.0,814.0,835.0,919.0,944.0,955.0,
41.0,53.0,96.0,97.0,113.0,120.0,137.0,198.0,231.0,255.0,279.0,281.0,302.0,344.0,372.0,386.0,390.0,431.0,476.0,561.0,580.0,600.0,623.0,695.0,736.0,759.0,767.0,776.0,776.0,791.0,830.0,854.0,862.0,875.0,882.0,896.0,936.0,973.0,
35.0,58.0,68.0,83.0,92.0,96.0,285.0,306.0,336.0,345.0,350.0,366.0,370.0,430.0,564.0,588.0,591.0,623.0,624.0,630.0,681.0,683.0,685.0,702.0,723.0,734.0,736.0,753.0,768.0,770.0,779.0,874.0,874.0,979.0,
2.0,13.0,21.0,31.0,68.0,115.0,126.0,217.0,219.0,230.0,237.0,243.0,256.0,320.0,326.0,331.0,339.0,402.0,476.0,504.0,522.0,559.0,578.0,619.0,649.0,680.0,697.0,765.0,789.0,795.0,806.0,806.0,812.0,851.0,882.0,920.0,993.0,
35.0,51.0,116.0,126.0,145.0,154.0,177.0,186.0,216.0,279.0,318.0,407.0,407.0,413.0,479.0,488.0,584.0,594.0,637.0,656.0,670.0,672.0,691.0,724.0,752.0,774.0,823.0,832.0,836.0,860.0,871.0,881.0,921.0,984.0,
20.0,48.0,55.0,63.0,140.0,145.0,232.0,265.0,298.0,420.0,448.0,451.0,472.0,473.0,513.0,559.0,561.0,566.0,628.0,647.0,680.0,681.0,715.0,717.0,723.0,751.0,789.0,844.0,883.0,890.0,915.0,942.0,998.0,
15.0,36.0,194.0,200.0,223.0,309.0,335.0,430.0,454.0,475.0,484.0,508.0,517.0,559.0,577.0,587.0,594.0,621.0,676.0,684.0,685.0,718.0,739.0,747.0,783.0,803.0,843.0,844.0,856.0,978.0,993.0,997.0,
12.0,28.0,28.0,33.0,37.0,50.0,66.0,113.0,130.0,134.0,165.0,184.0,195.0,218.0,239.0,239.0,313.0,361.0,418.0,435.0,444.0,457.0,501.0,508.0,542.0,593.0,596.0,609.0,642.0,675.0,741.0,771.0,772.0,787.0,800.0,801.0,859.0,891.0,895.0,967.0,987.0,987.0,996.0,
41.0,59.0,100.0,156.0,161.0,182.0,200.0,202.0,209.0,225.0,267.0,340.0,367.0,444.0,463.0,493.0,534.0,540.0,547.0,564.0,589.0,624.0,629.0,637.0,715.0,718.0,727.0,767.0,769.0,803.0,803.0,910.0,914.0,916.0,953.0,986.0,
27.0,39.0,39.0,55.0,56.0,68.0,113.0,154.0,155.0,188.0,208.0,304.0,320.0,346.0,349.0,356.0,392.0,422.0,433.0,435.0,465.0,469.0,485.0,535.0,541.0,598.0,614.0,638.0,650.0,660.0,664.0,741.0,846.0,856.0,962.0,
13.0,26.0,40.0,61.0,95.0,100.0,187.0,188.0,192.0,193.0,219.0,219.0,269.0,280.0,280.0,291.0,291.0,295.0,304.0,447.0,478.0,506.0,559.0,607.0,619.0,638.0,639.0,659.0,698.0,759.0,796.0,799.0,938.0,979.0,982.0,
2.0,2.0,37.0,105.0,122.0,123.0,125.0,125.0,151.0,187.0,226.0,246.0,293.0,311.0,314.0,320.0,337.0,364.0,397.0,398.0,440.0,446.0,474.0,519.0,525.0,556.0,566.0,592.0,667.0,704.0,722.0,746.0,749.0,762.0,778.0,791.0,817.0,847.0,860.0,867.0,879.0,920.0,930.0,984.0,
22.0,26.0,58.0,96.0,147.0,204.0,229.0,283.0,294.0,382.0,430.0,443.0,468.0,506.0,589.0,598.0,617.0,620.0,625.0,641.0,681.0,721.0,726.0,740.0,746.0,754.0,826.0,872.0,939.0,950.0,977.0,979.0,
4.0,10.0,24.0,68.0,95.0,116.0,184.0,185.0,194.0,251.0,320.0,321.0,341.0,377.0,414.0,415.0,441.0,447.0,477.0,506.0,520.0,553.0,599.0,603.0,635.0,644.0,724.0,742.0,785.0,801.0,804.0,836.0,844.0,845.0,849.0,854.0,889.0,912.0,939.0,954.0,
65.0,81.0,97.0,97.0,126.0,131.0,142.0,155.0,258.0,259.0,284.0,284.0,290.0,295.0,302.0,303.0,357.0,362.0,400.0,401.0,415.0,487.0,526.0,606.0,644.0,679.0,712.0,728.0,733.0,752.0,776.0,784.0,792.0,796.0,807.0,818.0,836.0,851.0,857.0,921.0,927.0,942.0,952.0,989.0,
82.0,162.0,206.0,262.0,271.0,277.0,278.0,335.0,422.0,453.0,465.0,550.0,599.0,612.0,644.0,665.0,693.0,726.0,744.0,777.0,811.0,834.0,867.0,869.0,894.0,915.0,938.0,980.0,983.0,
13.0,29.0,43.0,48.0,76.0,131.0,164.0,191.0,231.0,259.0,389.0,404.0,435.0,438.0,455.0,498.0,533.0,553.0,560.0,574.0,601.0,666.0,679.0,749.0,755.0,761.0,800.0,828.0,888.0,894.0,902.0,949.0,986.0,993.0,994.0,
89.0,143.0,160.0,185.0,216.0,240.0,240.0,253.0,296.0,407.0,409.0,409.0,441.0,465.0,465.0,493.0,529.0,536.0,538.0,538.0,575.0,663.0,664.0,685.0,769.0,772.0,781.0,796.0,834.0,841.0,848.0,852.0,857.0,874.0,890.0,910.0,985.0,
6.0,15.0,72.0,140.0,144.0,199.0,250.0,253.0,255.0,276.0,277.0,281.0,365.0,380.0,431.0,448.0,449.0,465.0,609.0,617.0,635.0,657.0,662.0,670.0,707.0,738.0,746.0,758.0,761.0,775.0,777.0,795.0,815.0,833.0,843.0,870.0,901.0,909.0,913.0,935.0,938.0,
25.0,84.0,87.0,117.0,124.0,165.0,203.0,206.0,260.0,298.0,320.0,331.0,365.0,387.0,387.0,393.0,424.0,436.0,437.0,475.0,487.0,614.0,624.0,651.0,652.0,674.0,696.0,777.0,814.0,868.0,903.0,904.0,920.0,939.0,992.0,995.0,
4.0,11.0,14.0,47.0,75.0,114.0,115.0,132.0,157.0,202.0,225.0,257.0,283.0,290.0,303.0,309.0,312.0,383.0,400.0,490.0,495.0,514.0,571.0,586.0,607.0,628.0,635.0,706.0,720.0,731.0,789.0,810.0,817.0,880.0,906.0,921.0,972.0,984.0,993.0,994.0,
9.0,125.0,148.0,159.0,177.0,217.0,245.0,258.0,273.0,274.0,274.0,294.0,363.0,414.0,432.0,435.0,473.0,518.0,542.0,568.0,619.0,624.0,624.0,691.0,707.0,776.0,779.0,789.0,809.0,822.0,846.0,878.0,912.0,925.0,956.0,974.0,986.0,
48.0,57.0,65.0,75.0,88.0,146.0,186.0,264.0,278.0,305.0,335.0,342.0,346.0,358.0,360.0,443.0,483.0,522.0,567.0,571.0,629.0,635.0,640.0,647.0,675.0,697.0,723.0,724.0,779.0,846.0,870.0,882.0,929.0,937.0,943.0,
83.0,89.0,138.0,166.0,215.0,237.0,237.0,255.0,262.0,266.0,286.0,293.0,306.0,316.0,323.0,366.0,413.0,419.0,463.0,553.0,556.0,562.0,562.0,585.0,588.0,602.0,628.0,629.0,644.0,668.0,773.0,779.0,783.0,790.0,810.0,830.0,860.0,918.0,930.0,945.0,
