137.0,262.0,278.0,312.0,324.0,324.0,350.0,405.0,439.0,452.0,458.0,488.0,626.0,658.0,695.0,754.0,828.0,854.0,858.0,882.0,970.0,998.0,
33.0,50.0,169.0,191.0,206.0,212.0,214.0,258.0,268.0,411.0,434.0,438.0,511.0,524.0,529.0,556.0,564.0,582.0,584.0,613.0,632.0,635.0,732.0,736.0,808.0,814.0,816.0,816.0,821.0,887.0,897.0,900.0,943.0,
21.0,37.0,154.0,170.0,193.0,223.0,226.0,271.0,287.0,288.0,305.0,379.0,382.0,390.0,404.0,522.0,528.0,629.0,652.0,654.0,668.0,674.0,696.0,699.0,724.0,743.0,785.0,864.0,873.0,875.0,914.0,918.0,933.0,951.0,964.0,975.0,
11.0,62.0,69.0,171.0,173.0,187.0,187.0,199.0,244.0,311.0,410.0,410.0,412.0,441.0,500.0,512.0,541.0,561.0,562.0,587.0,596.0,603.0,609.0,616.0,617.0,625.0,646.0,654.0,667.0,743.0,784.0,792.0,814.0,845.0,846.0,896.0,919.0,923.0,983.0,
10.0,18.0,22.0,35.0,47.0,63.0,103.0,109.0,154.0,177.0,217.0,222.0,235.0,244.0,290.0,291.0,295.0,313.0,343.0,463.0,469.0,508.0,531.0,534.0,552.0,589.0,597.0,626.0,640.0,642.0,645.0,652.0,712.0,735.0,736.0,842.0,852.0,880.0,971.0,978.0,988.0,993.0,995.0,
38.0,39.0,49.0,52.0,68.0,81.0,116.0,150.0,165.0,184.0,238.0,275.0,280.0,298.0,325.0,352.0,398.0,415.0,428.0,440.0,533.0,539.0,539.0,565.0,575.0,598.0,601.0,631.0,636.0,662.0,693.0,785.0,785.0,814.0,833.0,890.0,963.0,965.0,
17.0,30.0,50.0,56.0,77.0,89.0,113.0,118.0,137.0,180.0,227.0,232.0,312.0,317.0,320.0,328.0,344.0,346.0,360.0,363.0,451.0,471.0,510.0,523.0,529.0,623.0,626.0,638.0,663.0,667.0,735.0,789.0,805.0,825.0,831.0,835.0,937.0,945.0,951.0,952.0,
26.0,83.0,90.0,101.0,124.0,131.0,131.0,210.0,220.0,261.0,266.0,267.0,269.0,326.0,330.0,359.0,360.0,379.0,380.0,422.0,433.0,455.0,486.0,495.0,512.0,558.0,624.0,634.0,682.0,683.0,719.0,752.0,798.0,802.0,873.0,928.0,
20.0,39.0,51.0,71.0,127.0,130.0,135.0,146.0,183.0,188.0,197.0,306.0,337.0,358.0,436.0,436.0,516.0,608.0,616.0,637.0,642.0,675.0,683.0,716.0,746.0,747.0,822.0,844.0,864.0,872.0,879.0,889.0,914.0,924.0,949.0,
16.0,42.0,56.0,78.0,149.0,212.0,225.0,244.0,246.0,316.0,322.0,371.0,453.0,514.0,533.0,536.0,590.0,596.0,607.0,610.0,687.0,693.0,694.0,746.0,749.0,788.0,790.0,792.0,824.0,828.0,845.0,847.0,945.0,947.0,967.0,972.0,986.0,
10.0,42.0,106.0,115.0,148.0,188.0,220.0,238.0,243.0,262.0,276.0,291.0,298.0,344.0,350.0,373.0,430.0,540.0,571.0,612.0,756.0,770.0,786.0,888.0,923.0,990.0,
5.0,13.0,55.0,66.0,86.0,88.0,187.0,202.0,215.0,240.0,240.0,270.0,288.0,327.0,361.0,460.0,485.0,515.0,520.0,531.0,537.0,571.0,631.0,632.0,640.0,641.0,652.0,657.0,662.0,697.0,734.0,777.0,795.0,815.0,827.0,875.0,892.0,897.0,908.0,967.0,973.0,1000.0,
11.0,45.0,70.0,143.0,151.0,155.0,195.0,196.0,199.0,205.0,205.0,227.0,253.0,355.0,360.0,372.0,382.0,389.0,406.0,416.0,453.0,461.0,530.0,548.0,567.0,583.0,585.0,596.0,604.0,640.0,640.0,667.0,719.0,720.0,741.0,767.0,769.0,794.0,806.0,816.0,825.0,907.0,915.0,932.0,953.0,977.0,
28.0,119.0,177.0,235.0,259.0,267.0,277.0,323.0,331.0,344.0,390.0,393.0,413.0,418.0,447.0,452.0,456.0,478.0,486.0,564.0,598.0,625.0,678.0,697.0,727.0,776.0,776.0,810.0,845.0,854.0,967.0,984.0,989.0,992.0,997.0,
36.0,54.0,69.0,98.0,108.0,114.0,115.0,126.0,132.0,178.0,235.0,240.0,242.0,248.0,331.0,377.0,379.0,426.0,466.0,498.0,537.0,565.0,630.0,634.0,678.0,695.0,713.0,737.0,764.0,777.0,800.0,814.0,832.0,885.0,901.0,916.0,930.0,997.0,
23.0,56.0,83.0,143.0,177.0,209.0,225.0,230.0,256.0,273.0,274.0,279.0,296.0,357.0,390.0,400.0,430.0,453.0,472.0,474.0,498.0,503.0,526.0,539.0,560.0,562.0,565.0,619.0,625.0,638.0,652.0,672.0,674.0,682.0,699.0,728.0,828.0,853.0,875.0,939.0,943.0,970.0,972.0,979.0,
7.0,7.0,51.0,66.0,68.0,76.0,98.0,115.0,131.0,137.0,141.0,149.0,176.0,241.0,250.0,258.0,300.0,304.0,316.0,357.0,370.0,405.0,425.0,438.0,441.0,478.0,479.0,551.0,568.0,615.0,660.0,669.0,683.0,698.0,738.0,762.0,774.0,883.0,908.0,987.0,993.0,996.0,997.0,
18.0,43.0,93.0,226.0,233.0,241.0,246.0,249.0,288.0,357.0,420.0,520.0,523.0,528.0,566.0,573.0,618.0,657.0,672.0,674.0,705.0,709.0,716.0,772.0,818.0,818.0,821.0,830.0,875.0,896.0,977.0,993.0,
35.0,40.0,60.0,93.0,140.0,159.0,165.0,259.0,263.0,270.0,297.0,320.0,325.0,330.0,350.0,358.0,392.0,422.0,476.0,497.0,541.0,551.0,598.0,610.0,662.0,676.0,753.0,852.0,861.0,904.0,918.0,954.0,995.0,
32.0,76.0,77.0,94.0,109.0,152.0,168.0,175.0,185.0,188.0,193.0,200.0,259.0,291.0,299.0,306.0,352.0,391.0,463.0,464.0,474.0,491.0,503.0,506.0,512.0,515.0,517.0,536.0,640.0,668.0,744.0,913.0,931.0,935.0,937.0,950.0,995.0,998.0,
17.0,28.0,35.0,97.0,154.0,161.0,171.0,178.0,218.0,220.0,222.0,248.0,299.0,305.0,363.0,369.0,397.0,408.0,443.0,471.0,641.0,642.0,654.0,670.0,679.0,684.0,693.0,736.0,745.0,763.0,768.0,770.0,812.0,832.0,893.0,898.0,901.0,928.0,958.0,963.0,
11.0,18.0,20.0,21.0,24.0,47.0,54.0,59.0,66.0,98.0,133.0,189.0,337.0,398.0,433.0,472.0,477.0,487.0,495.0,521.0,525.0,525.0,526.0,549.0,660.0,670.0,701.0,733.0,755.0,765.0,769.0,769.0,810.0,820.0,823.0,931.0,932.0,934.0,992.0,
37.0,48.0,98.0,103.0,108.0,180.0,213.0,244.0,306.0,359.0,412.0,448.0,520.0,562.0,626.0,651.0,663.0,702.0,716.0,746.0,815.0,871.0,898.0,904.0,908.0,959.0,964.0,994.0,995.0,
40.0,79.0,112.0,186.0,218.0,290.0,294.0,306.0,334.0,364.0,366.0,368.0,368.0,374.0,387.0,441.0,452.0,464.0,531.0,532.0,603.0,618.0,620.0,638.0,670.0,707.0,738.0,766.0,770.0,805.0,865.0,869.0,886.0,899.0,968.0,1000.0,
16.0,39.0,66.0,205.0,227.0,250.0,278.0,290.0,327.0,359.0,387.0,400.0,470.0,475.0,486.0,524.0,538.0,608.0,613.0,667.0,686.0,698.0,727.0,753.0,758.0,789.0,868.0,890.0,896.0,900.0,914.0,937.0,959.0,964.0,984.0,996.0,
39.0,44.0,49.0,50.0,60.0,117.0,194.0,196.0,207.0,256.0,284.0,302.0,321.0,351.0,438.0,489.0,559.0,561.0,591.0,622.0,663.0,691.0,694.0,703.0,753.0,759.0,783.0,824.0,836.0,890.0,899.0,946.0,975.0,
28.0,34.0,45.0,49.0,58.0,73.0,100.0,103.0,149.0,153.0,230.0,261.0,264.0,275.0,297.0,317.0,326.0,335.0,346.0,365.0,369.0,488.0,509.0,607.0,647.0,661.0,666.0,802.0,807.0,807.0,908.0,937.0,
5.0,14.0,35.0,45.0,72.0,150.0,204.0,248.0,262.0,268.0,273.0,283.0,290.0,324.0,327.0,348.0,382.0,401.0,402.0,465.0,512.0,516.0,593.0,647.0,657.0,666.0,699.0,752.0,770.0,842.0,911.0,930.0,940.0,987.0,989.0,
30.0,76.0,91.0,96.0,121.0,154.0,162.0,204.0,230.0,274.0,304.0,325.0,334.0,343.0,348.0,364.0,377.0,446.0,471.0,482.0,484.0,548.0,587.0,589.0,589.0,599.0,613.0,629.0,648.0,650.0,758.0,781.0,807.0,829.0,943.0,971.0,985.0,
10.0,14.0,23.0,87.0,210.0,238.0,240.0,284.0,318.0,358.0,369.0,408.0,412.0,466.0,547.0,577.0,617.0,639.0,655.0,666.0,673.0,682.0,685.0,693.0,739.0,807.0,808.0,840.0,908.0,935.0,950.0,951.0,987.0,988.0,
44.0,131.0,185.0,192.0,196.0,247.0,256.0,258.0,271.0,321.0,352.0,375.0,399.0,403.0,421.0,422.0,445.0,446.0,468.0,512.0,527.0,569.0,646.0,657.0,660.0,667.0,678.0,749.0,751.0,765.0,802.0,822.0,873.0,883.0,911.0,969.0,984.0,
31.0,42.0,62.0,75.0,91.0,130.0,147.0,231.0,244.0,251.0,259.0,309.0,319.0,324.0,333.0,363.0,425.0,471.0,500.0,513.0,530.0,531.0,585.0,607.0,661.0,669.0,719.0,768.0,839.0,841.0,854.0,893.0,898.0,965.0,969.0,998.0,
13.0,33.0,72.0,109.0,125.0,145.0,145.0,148.0,149.0,154.0,156.0,185.0,215.0,226.0,245.0,263.0,277.0,334.0,412.0,457.0,469.0,473.0,492.0,496.0,497.0,571.0,626.0,653.0,681.0,690.0,700.0,738.0,753.0,780.0,810.0,859.0,868.0,868.0,868.0,873.0,901.0,968.0,987.0,990.0,
14.0,71.0,115.0,169.0,215.0,255.0,272.0,287.0,288.0,301.0,313.0,381.0,420.0,436.0,464.0,487.0,545.0,635.0,639.0,648.0,679.0,708.0,713.0,772.0,778.0,865.0,880.0,943.0,996.0,999.0,
7.0,13.0,92.0,117.0,128.0,137.0,143.0,182.0,188.0,208.0,242.0,257.0,347.0,362.0,407.0,479.0,510.0,560.0,583.0,613.0,646.0,700.0,704.0,738.0,742.0,754.0,827.0,847.0,854.0,857.0,877.0,909.0,916.0,982.0,
19.0,43.0,46.0,54.0,62.0,87.0,139.0,160.0,161.0,191.0,198.0,204.0,246.0,250.0,295.0,306.0,343.0,350.0,363.0,363.0,382.0,415.0,458.0,478.0,495.0,499.0,505.0,517.0,536.0,554.0,590.0,636.0,646.0,646.0,683.0,834.0,914.0,
4.0,8.0,41.0,53.0,104.0,160.0,193.0,211.0,215.0,234.0,282.0,292.0,330.0,337.0,360.0,368.0,380.0,484.0,484.0,549.0,554.0,560.0,614.0,617.0,652.0,653.0,665.0,693.0,788.0,794.0,800.0,971.0,
9.0,66.0,71.0,165.0,177.0,246.0,280.0,311.0,342.0,389.0,394.0,419.0,494.0,506.0,510.0,551.0,568.0,569.0,580.0,616.0,695.0,740.0,755.0,785.0,846.0,854.0,868.0,873.0,877.0,901.0,914.0,938.0,957.0,971.0,
16.0,46.0,66.0,99.0,136.0,240.0,294.0,348.0,455.0,481.0,487.0,563.0,602.0,621.0,647.0,695.0,766.0,767.0,787.0,830.0,864.0,865.0,884.0,897.0,941.0,945.0,956.0,
12.0,23.0,59.0,62.0,88.0,100.0,138.0,152.0,172.0,217.0,244.0,244.0,248.0,259.0,353.0,399.0,429.0,474.0,531.0,534.0,540.0,555.0,571.0,593.0,599.0,624.0,626.0,641.0,694.0,699.0,754.0,826.0,839.0,880.0,883.0,964.0,968.0,982.0,
22.0,46.0,97.0,120.0,128.0,174.0,198.0,214.0,225.0,308.0,321.0,387.0,389.0,411.0,426.0,461.0,561.0,572.0,639.0,661.0,678.0,698.0,701.0,714.0,730.0,759.0,797.0,837.0,838.0,842.0,843.0,876.0,888.0,891.0,901.0,905.0,938.0,959.0,980.0,
46.0,100.0,129.0,138.0,153.0,158.0,278.0,283.0,286.0,314.0,365.0,404.0,407.0,437.0,494.0,517.0,549.0,629.0,715.0,752.0,765.0,789.0,815.0,851.0,939.0,962.0,971.0,981.0,
12.0,91.0,95.0,115.0,119.0,136.0,161.0,177.0,214.0,216.0,299.0,397.0,397.0,433.0,443.0,456.0,508.0,598.0,618.0,647.0,661.0,667.0,682.0,690.0,721.0,744.0,786.0,786.0,801.0,933.0,969.0,977.0,
53.0,53.0,71.0,77.0,99.0,104.0,108.0,109.0,127.0,173.0,193.0,216.0,222.0,227.0,247.0,349.0,366.0,425.0,444.0,498.0,501.0,520.0,534.0,575.0,594.0,622.0,641.0,698.0,701.0,744.0,755.0,759.0,768.0,782.0,789.0,791.0,833.0,928.0,936.0,975.0,977.0,
10.0,58.0,69.0,82.0,104.0,106.0,147.0,173.0,182.0,197.0,236.0,271.0,286.0,297.0,306.0,323.0,343.0,348.0,354.0,428.0,466.0,484.0,529.0,532.0,533.0,548.0,550.0,553.0,570.0,594.0,605.0,643.0,652.0,655.0,657.0,658.0,679.0,688.0,694.0,723.0,763.0,811.0,828.0,840.0,865.0,915.0,
15.0,101.0,103.0,165.0,198.0,232.0,235.0,275.0,299.0,319.0,330.0,332.0,413.0,416.0,424.0,430.0,451.0,480.0,514.0,520.0,544.0,552.0,561.0,566.0,569.0,571.0,574.0,577.0,584.0,601.0,605.0,611.0,614.0,623.0,637.0,645.0,654.0,654.0,667.0,690.0,787.0,827.0,840.0,845.0,851.0,855.0,871.0,874.0,885.0,893.0,923.0,929.0,940.0,969.0,972.0,976.0,
96.0,111.0,112.0,177.0,199.0,223.0,234.0,281.0,294.0,329.0,367.0,395.0,421.0,511.0,519.0,541.0,561.0,580.0,594.0,598.0,612.0,656.0,673.0,699.0,734.0,758.0,759.0,771.0,823.0,844.0,872.0,882.0,943.0,953.0,
31.0,31.0,36.0,82.0,94.0,104.0,146.0,195.0,218.0,255.0,262.0,300.0,306.0,336.0,349.0,368.0,422.0,442.0,460.0,500.0,588.0,600.0,608.0,680.0,699.0,709.0,723.0,731.0,733.0,757.0,766.0,786.0,787.0,841.0,920.0,935.0,952.0,994.0,
5.0,46.0,94.0,135.0,151.0,151.0,172.0,175.0,180.0,228.0,237.0,254.0,275.0,334.0,344.0,416.0,438.0,462.0,499.0,503.0,505.0,556.0,605.0,607.0,722.0,814.0,834.0,859.0,860.0,866.0,880.0,905.0,906.0,917.0,920.0,941.0,946.0,961.0,970.0,
39.0,45.0,78.0,89.0,115.0,132.0,256.0,263.0,289.0,304.0,335.0,339.0,355.0,368.0,369.0,379.0,381.0,428.0,433.0,446.0,469.0,488.0,546.0,586.0,611.0,613.0,620.0,632.0,638.0,641.0,658.0,687.0,687.0,744.0,779.0,795.0,896.0,905.0,928.0,950.0,
17.0,130.0,165.0,176.0,185.0,189.0,348.0,349.0,399.0,410.0,430.0,431.0,434.0,468.0,583.0,605.0,664.0,711.0,759.0,791.0,800.0,840.0,872.0,991.0,
14.0,29.0,35.0,57.0,72.0,104.0,134.0,199.0,231.0,242.0,266.0,269.0,273.0,282.0,290.0,339.0,343.0,360.0,380.0,398.0,403.0,572.0,579.0,592.0,607.0,610.0,626.0,760.0,795.0,815.0,830.0,967.0,1000.0,
51.0,65.0,87.0,101.0,121.0,168.0,185.0,189.0,200.0,211.0,228.0,246.0,286.0,297.0,346.0,351.0,356.0,368.0,403.0,405.0,410.0,413.0,455.0,486.0,492.0,555.0,559.0,574.0,587.0,589.0,604.0,630.0,693.0,824.0,970.0,996.0,
42.0,63.0,78.0,126.0,140.0,154.0,170.0,179.0,187.0,200.0,208.0,230.0,232.0,284.0,286.0,328.0,335.0,340.0,351.0,424.0,426.0,472.0,477.0,482.0,484.0,519.0,564.0,611.0,618.0,654.0,679.0,742.0,766.0,817.0,857.0,874.0,889.0,892.0,894.0,928.0,936.0,
14.0,33.0,51.0,54.0,82.0,86.0,95.0,122.0,126.0,201.0,210.0,217.0,226.0,279.0,310.0,316.0,334.0,359.0,367.0,425.0,431.0,479.0,491.0,499.0,517.0,521.0,523.0,528.0,535.0,535.0,538.0,543.0,550.0,552.0,557.0,558.0,571.0,575.0,575.0,576.0,580.0,581.0,602.0,603.0,619.0,622.0,647.0,652.0,655.0,664.0,673.0,674.0,676.0,705.0,708.0,726.0,731.0,731.0,775.0,803.0,826.0,831.0,873.0,877.0,878.0,881.0,892.0,901.0,903.0,910.0,914.0,960.0,967.0,995.0,
5.0,32.0,59.0,67.0,97.0,103.0,117.0,143.0,149.0,164.0,168.0,173.0,211.0,213.0,215.0,231.0,236.0,259.0,270.0,275.0,299.0,339.0,434.0,460.0,501.0,514.0,516.0,520.0,524.0,528.0,533.0,538.0,548.0,554.0,556.0,558.0,562.0,566.0,585.0,593.0,594.0,611.0,616.0,617.0,620.0,626.0,629.0,630.0,643.0,647.0,720.0,721.0,735.0,749.0,749.0,759.0,769.0,776.0,776.0,786.0,803.0,806.0,807.0,813.0,814.0,817.0,829.0,838.0,838.0,841.0,887.0,899.0,899.0,903.0,911.0,920.0,933.0,939.0,943.0,961.0,976.0,992.0,
60.0,113.0,192.0,201.0,249.0,262.0,281.0,291.0,293.0,303.0,322.0,348.0,373.0,393.0,454.0,525.0,539.0,548.0,549.0,551.0,560.0,561.0,565.0,570.0,589.0,606.0,612.0,620.0,622.0,657.0,694.0,696.0,706.0,710.0,731.0,732.0,765.0,780.0,784.0,790.0,807.0,825.0,842.0,845.0,851.0,892.0,909.0,911.0,936.0,940.0,944.0,
25.0,49.0,56.0,70.0,162.0,175.0,201.0,220.0,227.0,247.0,270.0,277.0,281.0,289.0,298.0,303.0,373.0,396.0,403.0,425.0,445.0,468.0,553.0,627.0,666.0,684.0,776.0,823.0,886.0,930.0,993.0,
6.0,45.0,115.0,116.0,129.0,156.0,171.0,196.0,236.0,264.0,290.0,297.0,319.0,320.0,356.0,460.0,507.0,521.0,559.0,608.0,613.0,616.0,623.0,653.0,654.0,680.0,690.0,709.0,740.0,752.0,804.0,823.0,865.0,878.0,942.0,956.0,961.0,
72.0,103.0,160.0,248.0,314.0,330.0,366.0,441.0,443.0,472.0,477.0,489.0,519.0,558.0,559.0,601.0,611.0,612.0,619.0,685.0,691.0,725.0,734.0,736.0,756.0,766.0,810.0,859.0,899.0,983.0,
40.0,116.0,180.0,183.0,206.0,213.0,248.0,329.0,334.0,351.0,361.0,382.0,466.0,480.0,507.0,511.0,512.0,533.0,543.0,550.0,576.0,600.0,605.0,618.0,696.0,771.0,785.0,833.0,846.0,961.0,998.0,
31.0,46.0,53.0,85.0,112.0,121.0,122.0,128.0,188.0,214.0,237.0,287.0,394.0,450.0,451.0,492.0,512.0,535.0,545.0,553.0,579.0,640.0,682.0,682.0,709.0,798.0,817.0,873.0,924.0,952.0,956.0,993.0,
23.0,43.0,56.0,58.0,145.0,230.0,231.0,233.0,238.0,238.0,325.0,402.0,418.0,443.0,450.0,472.0,483.0,651.0,659.0,685.0,689.0,702.0,703.0,714.0,837.0,866.0,913.0,922.0,945.0,996.0,
86.0,113.0,133.0,152.0,152.0,184.0,185.0,268.0,282.0,306.0,331.0,354.0,361.0,389.0,420.0,455.0,467.0,497.0,514.0,519.0,519.0,525.0,531.0,620.0,630.0,714.0,736.0,763.0,787.0,870.0,884.0,892.0,906.0,910.0,924.0,968.0,983.0,
5.0,16.0,25.0,32.0,52.0,58.0,115.0,130.0,141.0,144.0,166.0,170.0,196.0,207.0,235.0,296.0,317.0,349.0,351.0,382.0,417.0,428.0,448.0,472.0,524.0,525.0,525.0,540.0,548.0,570.0,577.0,615.0,625.0,643.0,647.0,670.0,677.0,678.0,687.0,688.0,697.0,713.0,755.0,801.0,850.0,857.0,895.0,902.0,925.0,952.0,995.0,
89.0,102.0,107.0,113.0,123.0,143.0,175.0,221.0,277.0,279.0,305.0,338.0,377.0,381.0,415.0,443.0,482.0,533.0,536.0,545.0,546.0,553.0,557.0,559.0,560.0,567.0,573.0,577.0,580.0,587.0,596.0,596.0,635.0,639.0,645.0,653.0,654.0,659.0,660.0,665.0,672.0,685.0,686.0,686.0,698.0,710.0,712.0,738.0,749.0,763.0,787.0,802.0,811.0,820.0,845.0,848.0,887.0,888.0,910.0,917.0,946.0,948.0,958.0,962.0,970.0,977.0,982.0,998.0,998.0,
20.0,69.0,89.0,148.0,162.0,184.0,226.0,228.0,236.0,257.0,267.0,277.0,279.0,300.0,309.0,313.0,359.0,361.0,361.0,372.0,401.0,405.0,410.0,454.0,466.0,501.0,517.0,547.0,551.0,551.0,553.0,554.0,588.0,591.0,595.0,639.0,675.0,712.0,730.0,745.0,751.0,768.0,769.0,796.0,807.0,808.0,824.0,849.0,874.0,881.0,881.0,928.0,935.0,951.0,970.0,
13.0,18.0,30.0,36.0,49.0,51.0,94.0,112.0,184.0,185.0,185.0,193.0,207.0,208.0,241.0,258.0,262.0,312.0,315.0,323.0,364.0,375.0,450.0,499.0,502.0,529.0,574.0,586.0,590.0,604.0,625.0,650.0,681.0,749.0,750.0,777.0,795.0,797.0,799.0,847.0,876.0,883.0,891.0,911.0,968.0,990.0,999.0,
11.0,52.0,84.0,189.0,192.0,193.0,222.0,259.0,369.0,442.0,446.0,468.0,499.0,528.0,557.0,578.0,591.0,597.0,664.0,717.0,728.0,755.0,823.0,830.0,837.0,955.0,
25.0,25.0,30.0,57.0,138.0,203.0,250.0,334.0,382.0,443.0,449.0,460.0,466.0,474.0,487.0,550.0,585.0,609.0,641.0,646.0,650.0,653.0,682.0,689.0,705.0,723.0,734.0,752.0,775.0,778.0,819.0,826.0,880.0,885.0,916.0,
17.0,22.0,66.0,68.0,88.0,97.0,101.0,103.0,110.0,169.0,202.0,263.0,285.0,324.0,341.0,348.0,362.0,367.0,370.0,393.0,408.0,433.0,448.0,452.0,499.0,511.0,535.0,544.0,590.0,623.0,656.0,662.0,665.0,669.0,717.0,746.0,755.0,761.0,766.0,822.0,828.0,840.0,962.0,
3.0,7.0,72.0,110.0,116.0,119.0,157.0,158.0,160.0,170.0,174.0,190.0,213.0,273.0,288.0,332.0,398.0,399.0,405.0,432.0,476.0,478.0,505.0,578.0,633.0,638.0,643.0,690.0,695.0,714.0,724.0,777.0,803.0,831.0,840.0,872.0,947.0,973.0,
25.0,28.0,36.0,106.0,167.0,231.0,280.0,337.0,449.0,470.0,478.0,489.0,549.0,564.0,578.0,625.0,640.0,712.0,723.0,729.0,803.0,836.0,854.0,854.0,865.0,899.0,923.0,968.0,970.0,999.0,
8.0,22.0,32.0,52.0,55.0,77.0,101.0,108.0,117.0,124.0,131.0,155.0,186.0,198.0,201.0,206.0,237.0,267.0,272.0,320.0,346.0,377.0,418.0,462.0,462.0,466.0,480.0,489.0,552.0,586.0,660.0,672.0,694.0,708.0,801.0,872.0,875.0,919.0,952.0,957.0,977.0,
4.0,35.0,56.0,80.0,101.0,124.0,134.0,137.0,190.0,211.0,226.0,247.0,259.0,269.0,275.0,300.0,314.0,364.0,400.0,402.0,411.0,414.0,439.0,464.0,484.0,555.0,602.0,623.0,648.0,741.0,749.0,808.0,822.0,866.0,881.0,884.0,989.0,
11.0,44.0,51.0,112.0,136.0,138.0,158.0,171.0,173.0,186.0,197.0,198.0,214.0,260.0,278.0,367.0,376.0,400.0,431.0,440.0,464.0,494.0,496.0,531.0,532.0,563.0,584.0,614.0,621.0,632.0,743.0,824.0,868.0,874.0,963.0,
9.0,81.0,115.0,154.0,165.0,207.0,232.0,258.0,282.0,402.0,406.0,412.0,428.0,498.0,499.0,505.0,535.0,538.0,541.0,566.0,633.0,658.0,681.0,745.0,831.0,935.0,955.0,
28.0,30.0,48.0,48.0,71.0,81.0,170.0,182.0,230.0,241.0,282.0,287.0,298.0,331.0,350.0,358.0,372.0,421.0,468.0,476.0,495.0,551.0,588.0,596.0,653.0,716.0,721.0,747.0,778.0,780.0,788.0,793.0,825.0,827.0,845.0,871.0,942.0,
36.0,89.0,182.0,228.0,271.0,314.0,343.0,380.0,391.0,413.0,446.0,451.0,523.0,529.0,541.0,611.0,628.0,796.0,798.0,798.0,843.0,849.0,883.0,939.0,951.0,977.0,981.0,
29.0,34.0,51.0,59.0,84.0,108.0,126.0,130.0,154.0,170.0,207.0,231.0,236.0,287.0,293.0,304.0,322.0,343.0,404.0,416.0,418.0,421.0,444.0,459.0,514.0,520.0,539.0,569.0,578.0,580.0,585.0,625.0,653.0,698.0,794.0,795.0,798.0,812.0,813.0,843.0,870.0,874.0,902.0,917.0,949.0,989.0,
31.0,44.0,47.0,50.0,85.0,88.0,91.0,99.0,102.0,119.0,160.0,175.0,182.0,193.0,261.0,272.0,313.0,369.0,376.0,428.0,431.0,455.0,476.0,477.0,490.0,499.0,511.0,517.0,530.0,584.0,713.0,752.0,773.0,777.0,779.0,792.0,808.0,867.0,874.0,876.0,945.0,953.0,995.0,
94.0,97.0,123.0,164.0,176.0,176.0,183.0,188.0,273.0,342.0,380.0,421.0,426.0,430.0,445.0,465.0,466.0,470.0,483.0,507.0,545.0,641.0,723.0,748.0,756.0,797.0,802.0,803.0,824.0,909.0,963.0,967.0,985.0,993.0,
10.0,27.0,75.0,99.0,102.0,110.0,143.0,175.0,182.0,191.0,191.0,195.0,212.0,214.0,224.0,271.0,373.0,411.0,414.0,415.0,442.0,443.0,533.0,630.0,635.0,664.0,668.0,674.0,687.0,688.0,704.0,719.0,738.0,768.0,791.0,807.0,882.0,932.0,989.0,998.0,
19.0,33.0,46.0,87.0,149.0,199.0,221.0,225.0,227.0,247.0,252.0,263.0,306.0,332.0,347.0,380.0,404.0,432.0,492.0,519.0,538.0,545.0,549.0,557.0,622.0,669.0,677.0,739.0,743.0,746.0,794.0,847.0,856.0,946.0,949.0,953.0,
44.0,54.0,63.0,108.0,124.0,189.0,206.0,216.0,237.0,261.0,273.0,283.0,289.0,313.0,381.0,395.0,419.0,432.0,448.0,497.0,511.0,554.0,566.0,569.0,574.0,593.0,629.0,659.0,686.0,703.0,756.0,780.0,785.0,790.0,807.0,821.0,871.0,908.0,909.0,920.0,933.0,935.0,940.0,970.0,978.0,994.0,
26.0,57.0,59.0,78.0,117.0,141.0,165.0,168.0,181.0,304.0,323.0,325.0,327.0,336.0,350.0,425.0,455.0,483.0,553.0,596.0,613.0,641.0,704.0,741.0,787.0,809.0,848.0,898.0,992.0,995.0,
10.0,59.0,63.0,131.0,186.0,193.0,205.0,206.0,222.0,223.0,235.0,241.0,331.0,407.0,428.0,463.0,464.0,485.0,501.0,514.0,529.0,551.0,554.0,621.0,634.0,681.0,689.0,724.0,731.0,733.0,790.0,805.0,857.0,989.0,
60.0,93.0,118.0,132.0,140.0,199.0,239.0,240.0,254.0,257.0,258.0,325.0,356.0,378.0,389.0,425.0,431.0,459.0,494.0,500.0,512.0,523.0,524.0,526.0,561.0,562.0,572.0,625.0,630.0,668.0,739.0,840.0,879.0,913.0,932.0,977.0,1000.0,
22.0,30.0,60.0,109.0,123.0,169.0,169.0,173.0,217.0,247.0,262.0,289.0,304.0,318.0,368.0,433.0,433.0,438.0,455.0,474.0,486.0,556.0,560.0,563.0,575.0,598.0,610.0,615.0,620.0,649.0,652.0,660.0,680.0,707.0,724.0,750.0,777.0,786.0,805.0,872.0,892.0,900.0,962.0,
21.0,50.0,92.0,92.0,105.0,106.0,137.0,159.0,161.0,179.0,209.0,209.0,221.0,248.0,277.0,378.0,383.0,384.0,389.0,433.0,454.0,481.0,517.0,607.0,609.0,656.0,664.0,674.0,694.0,706.0,815.0,883.0,933.0,957.0,
68.0,70.0,141.0,141.0,161.0,293.0,333.0,354.0,381.0,413.0,514.0,569.0,599.0,601.0,614.0,715.0,745.0,764.0,765.0,793.0,795.0,845.0,855.0,902.0,969.0,969.0,978.0,983.0,
6.0,51.0,67.0,68.0,72.0,92.0,99.0,128.0,135.0,141.0,145.0,152.0,180.0,183.0,265.0,294.0,523.0,527.0,566.0,573.0,644.0,657.0,715.0,731.0,764.0,773.0,780.0,784.0,800.0,830.0,831.0,847.0,886.0,921.0,923.0,
37.0,66.0,228.0,277.0,318.0,356.0,357.0,388.0,409.0,434.0,446.0,494.0,509.0,553.0,576.0,607.0,615.0,640.0,675.0,710.0,737.0,808.0,850.0,863.0,872.0,879.0,888.0,899.0,917.0,922.0,971.0,990.0,
16.0,37.0,45.0,55.0,56.0,95.0,97.0,128.0,226.0,309.0,345.0,387.0,477.0,479.0,498.0,516.0,526.0,540.0,575.0,577.0,657.0,688.0,745.0,756.0,769.0,806.0,818.0,838.0,845.0,847.0,865.0,890.0,916.0,917.0,967.0,968.0,995.0,
29.0,30.0,30.0,47.0,70.0,81.0,84.0,138.0,143.0,153.0,173.0,206.0,256.0,278.0,310.0,335.0,351.0,367.0,453.0,512.0,512.0,518.0,540.0,621.0,621.0,680.0,711.0,727.0,743.0,774.0,776.0,827.0,898.0,941.0,944.0,971.0,999.0,
16.0,38.0,45.0,83.0,102.0,123.0,126.0,137.0,176.0,179.0,193.0,196.0,265.0,312.0,325.0,360.0,368.0,399.0,448.0,451.0,452.0,463.0,486.0,490.0,494.0,519.0,568.0,591.0,625.0,671.0,695.0,698.0,725.0,767.0,775.0,787.0,800.0,813.0,820.0,896.0,905.0,909.0,945.0,
14.0,67.0,86.0,120.0,141.0,143.0,144.0,158.0,158.0,210.0,211.0,219.0,278.0,293.0,295.0,427.0,432.0,449.0,492.0,498.0,507.0,526.0,608.0,625.0,701.0,702.0,812.0,845.0,908.0,953.0,981.0,
51.0,67.0,112.0,115.0,131.0,158.0,191.0,201.0,210.0,213.0,223.0,265.0,279.0,345.0,359.0,416.0,455.0,488.0,507.0,585.0,707.0,774.0,784.0,803.0,818.0,829.0,894.0,916.0,919.0,920.0,968.0,
6.0,30.0,30.0,39.0,72.0,76.0,87.0,123.0,147.0,152.0,154.0,160.0,184.0,205.0,239.0,241.0,242.0,252.0,268.0,327.0,403.0,450.0,455.0,456.0,460.0,464.0,474.0,475.0,498.0,501.0,505.0,509.0,526.0,550.0,609.0,648.0,648.0,649.0,696.0,778.0,796.0,820.0,834.0,861.0,865.0,879.0,886.0,956.0,956.0,958.0,976.0,995.0,
17.0,23.0,53.0,148.0,171.0,190.0,206.0,209.0,254.0,255.0,259.0,333.0,343.0,362.0,365.0,408.0,415.0,431.0,444.0,467.0,478.0,498.0,501.0,513.0,529.0,576.0,577.0,581.0,587.0,620.0,633.0,658.0,676.0,723.0,725.0,732.0,742.0,801.0,802.0,851.0,875.0,919.0,927.0,933.0,937.0,
