30.0,50.0,79.0,96.0,105.0,117.0,133.0,169.0,187.0,189.0,230.0,235.0,250.0,256.0,265.0,306.0,352.0,354.0,408.0,424.0,440.0,440.0,467.0,480.0,499.0,519.0,609.0,615.0,619.0,684.0,709.0,711.0,719.0,815.0,835.0,881.0,941.0,993.0,
33.0,46.0,63.0,75.0,149.0,152.0,202.0,209.0,225.0,308.0,319.0,348.0,370.0,435.0,441.0,482.0,489.0,499.0,546.0,558.0,561.0,597.0,608.0,660.0,672.0,695.0,727.0,769.0,803.0,820.0,825.0,910.0,945.0,1000.0,
4.0,83.0,89.0,99.0,112.0,118.0,119.0,128.0,153.0,158.0,221.0,248.0,305.0,310.0,417.0,419.0,570.0,572.0,600.0,605.0,615.0,739.0,822.0,885.0,908.0,914.0,939.0,961.0,
50.0,53.0,56.0,129.0,137.0,158.0,167.0,203.0,217.0,243.0,312.0,407.0,446.0,474.0,489.0,509.0,607.0,635.0,637.0,648.0,652.0,689.0,712.0,735.0,828.0,847.0,985.0,
46.0,89.0,128.0,137.0,185.0,208.0,263.0,284.0,305.0,312.0,344.0,352.0,389.0,409.0,414.0,427.0,447.0,475.0,479.0,497.0,500.0,513.0,566.0,633.0,644.0,659.0,689.0,713.0,743.0,764.0,771.0,784.0,797.0,810.0,828.0,840.0,934.0,940.0,972.0,
39.0,93.0,108.0,169.0,174.0,175.0,214.0,281.0,328.0,394.0,404.0,420.0,449.0,459.0,497.0,509.0,511.0,567.0,570.0,608.0,609.0,619.0,624.0,651.0,702.0,719.0,724.0,731.0,847.0,853.0,863.0,885.0,892.0,896.0,938.0,975.0,998.0,
6.0,14.0,32.0,58.0,63.0,94.0,104.0,232.0,259.0,311.0,323.0,342.0,344.0,411.0,434.0,477.0,523.0,525.0,637.0,698.0,756.0,771.0,800.0,846.0,874.0,925.0,
6.0,7.0,105.0,120.0,134.0,207.0,215.0,217.0,230.0,249.0,273.0,274.0,295.0,320.0,323.0,332.0,361.0,405.0,442.0,461.0,475.0,560.0,565.0,565.0,566.0,584.0,590.0,620.0,644.0,671.0,698.0,714.0,715.0,746.0,746.0,848.0,852.0,874.0,923.0,934.0,958.0,969.0,
8.0,13.0,20.0,46.0,48.0,67.0,88.0,96.0,127.0,129.0,132.0,147.0,166.0,184.0,261.0,263.0,292.0,296.0,315.0,321.0,327.0,387.0,427.0,432.0,440.0,461.0,479.0,491.0,531.0,547.0,571.0,589.0,629.0,642.0,644.0,659.0,704.0,704.0,721.0,721.0,728.0,751.0,769.0,774.0,784.0,813.0,815.0,832.0,876.0,882.0,886.0,923.0,984.0,
22.0,131.0,144.0,175.0,178.0,237.0,276.0,287.0,297.0,323.0,408.0,432.0,468.0,500.0,519.0,565.0,584.0,624.0,635.0,694.0,707.0,726.0,740.0,758.0,767.0,793.0,838.0,892.0,893.0,905.0,907.0,974.0,982.0,986.0,
19.0,42.0,44.0,63.0,124.0,226.0,231.0,244.0,296.0,303.0,314.0,363.0,444.0,463.0,486.0,500.0,503.0,504.0,511.0,521.0,553.0,571.0,575.0,613.0,656.0,676.0,743.0,789.0,829.0,838.0,849.0,883.0,906.0,928.0,958.0,974.0,
8.0,84.0,97.0,140.0,249.0,333.0,346.0,349.0,417.0,426.0,470.0,477.0,508.0,526.0,601.0,610.0,638.0,638.0,639.0,645.0,693.0,697.0,712.0,725.0,748.0,751.0,752.0,783.0,849.0,868.0,871.0,892.0,911.0,932.0,972.0,
28.0,31.0,33.0,63.0,145.0,161.0,192.0,360.0,379.0,390.0,400.0,440.0,459.0,462.0,482.0,491.0,500.0,511.0,516.0,524.0,604.0,604.0,670.0,671.0,713.0,718.0,723.0,753.0,815.0,816.0,816.0,831.0,853.0,880.0,898.0,905.0,957.0,991.0,
39.0,58.0,84.0,135.0,146.0,177.0,192.0,210.0,327.0,405.0,433.0,436.0,441.0,487.0,570.0,571.0,576.0,592.0,594.0,712.0,719.0,719.0,762.0,790.0,804.0,819.0,847.0,848.0,855.0,883.0,891.0,898.0,904.0,
7.0,39.0,40.0,99.0,118.0,127.0,128.0,152.0,301.0,345.0,367.0,396.0,404.0,419.0,441.0,462.0,478.0,495.0,500.0,524.0,542.0,547.0,565.0,575.0,602.0,617.0,629.0,696.0,739.0,745.0,763.0,
19.0,19.0,36.0,43.0,45.0,56.0,91.0,101.0,132.0,149.0,241.0,241.0,264.0,267.0,308.0,313.0,338.0,435.0,481.0,532.0,533.0,554.0,608.0,659.0,680.0,690.0,753.0,846.0,875.0,909.0,928.0,952.0,
8.0,98.0,101.0,102.0,110.0,127.0,149.0,205.0,276.0,318.0,383.0,464.0,466.0,553.0,572.0,591.0,651.0,689.0,712.0,730.0,821.0,880.0,915.0,989.0,
61.0,142.0,143.0,148.0,160.0,173.0,185.0,225.0,246.0,277.0,287.0,318.0,327.0,337.0,378.0,401.0,412.0,461.0,505.0,551.0,591.0,606.0,608.0,617.0,626.0,631.0,681.0,694.0,700.0,728.0,738.0,766.0,778.0,811.0,836.0,881.0,930.0,946.0,980.0,
2.0,12.0,29.0,30.0,37.0,58.0,73.0,80.0,117.0,126.0,130.0,161.0,177.0,270.0,300.0,318.0,355.0,385.0,419.0,439.0,542.0,552.0,565.0,620.0,656.0,660.0,703.0,757.0,782.0,810.0,835.0,844.0,966.0,
8.0,18.0,86.0,151.0,173.0,175.0,229.0,261.0,283.0,305.0,340.0,357.0,375.0,382.0,415.0,455.0,576.0,617.0,669.0,697.0,707.0,712.0,725.0,732.0,744.0,746.0,811.0,834.0,843.0,877.0,939.0,941.0,943.0,948.0,965.0,975.0,977.0,989.0,
65.0,68.0,187.0,193.0,204.0,224.0,262.0,270.0,285.0,301.0,303.0,318.0,328.0,347.0,386.0,435.0,488.0,572.0,574.0,621.0,623.0,651.0,777.0,851.0,883.0,907.0,
23.0,31.0,38.0,107.0,184.0,211.0,223.0,224.0,238.0,254.0,322.0,341.0,418.0,438.0,452.0,477.0,487.0,502.0,518.0,540.0,582.0,625.0,626.0,653.0,662.0,664.0,698.0,719.0,722.0,770.0,771.0,792.0,814.0,815.0,857.0,988.0,
17.0,19.0,22.0,51.0,61.0,174.0,287.0,303.0,306.0,337.0,345.0,425.0,466.0,471.0,499.0,556.0,590.0,619.0,663.0,793.0,793.0,795.0,829.0,836.0,916.0,918.0,922.0,984.0,
18.0,42.0,174.0,184.0,195.0,202.0,237.0,250.0,261.0,267.0,285.0,341.0,362.0,433.0,439.0,442.0,448.0,496.0,507.0,539.0,606.0,627.0,670.0,694.0,721.0,757.0,832.0,899.0,914.0,978.0,997.0,
74.0,88.0,101.0,132.0,164.0,234.0,274.0,276.0,281.0,284.0,305.0,311.0,326.0,368.0,402.0,424.0,429.0,470.0,477.0,539.0,541.0,579.0,639.0,651.0,660.0,739.0,782.0,822.0,833.0,849.0,875.0,889.0,971.0,987.0,
45.0,48.0,59.0,80.0,96.0,107.0,159.0,168.0,175.0,218.0,230.0,291.0,293.0,299.0,345.0,351.0,353.0,406.0,408.0,420.0,475.0,481.0,500.0,514.0,578.0,623.0,649.0,666.0,687.0,690.0,794.0,840.0,921.0,934.0,953.0,
8.0,55.0,81.0,116.0,122.0,158.0,184.0,215.0,230.0,240.0,330.0,333.0,365.0,375.0,381.0,394.0,399.0,418.0,422.0,429.0,466.0,491.0,526.0,529.0,540.0,651.0,666.0,675.0,698.0,701.0,725.0,756.0,757.0,767.0,777.0,866.0,875.0,876.0,884.0,919.0,924.0,985.0,998.0,
15.0,54.0,62.0,72.0,85.0,114.0,134.0,143.0,151.0,174.0,212.0,244.0,249.0,258.0,286.0,292.0,332.0,333.0,440.0,486.0,488.0,550.0,552.0,568.0,578.0,610.0,651.0,701.0,722.0,753.0,756.0,785.0,790.0,859.0,898.0,979.0,989.0,997.0,
44.0,50.0,95.0,186.0,193.0,193.0,196.0,278.0,282.0,286.0,287.0,293.0,310.0,344.0,347.0,351.0,362.0,375.0,420.0,442.0,464.0,482.0,488.0,542.0,606.0,650.0,703.0,745.0,846.0,851.0,913.0,917.0,937.0,947.0,
6.0,9.0,26.0,43.0,67.0,74.0,118.0,147.0,155.0,228.0,275.0,280.0,299.0,308.0,394.0,403.0,404.0,424.0,441.0,445.0,447.0,468.0,563.0,563.0,582.0,582.0,588.0,602.0,611.0,626.0,637.0,719.0,729.0,733.0,812.0,817.0,840.0,860.0,866.0,869.0,890.0,914.0,974.0,
8.0,10.0,23.0,43.0,48.0,76.0,123.0,124.0,130.0,138.0,163.0,179.0,225.0,256.0,272.0,281.0,294.0,337.0,362.0,396.0,409.0,438.0,452.0,508.0,559.0,576.0,585.0,629.0,656.0,657.0,678.0,719.0,729.0,785.0,799.0,821.0,872.0,918.0,938.0,953.0,989.0,
10.0,38.0,117.0,124.0,212.0,226.0,251.0,257.0,259.0,284.0,368.0,404.0,424.0,439.0,551.0,554.0,586.0,604.0,626.0,703.0,748.0,765.0,809.0,822.0,840.0,927.0,977.0,
22.0,42.0,42.0,83.0,154.0,177.0,280.0,293.0,330.0,335.0,361.0,464.0,487.0,566.0,588.0,594.0,608.0,635.0,651.0,665.0,674.0,687.0,719.0,721.0,739.0,801.0,809.0,823.0,856.0,876.0,923.0,926.0,967.0,
42.0,58.0,86.0,133.0,155.0,170.0,196.0,225.0,242.0,306.0,346.0,396.0,401.0,446.0,452.0,452.0,468.0,472.0,488.0,511.0,545.0,558.0,559.0,563.0,565.0,567.0,589.0,650.0,654.0,657.0,658.0,735.0,741.0,792.0,808.0,823.0,823.0,860.0,871.0,925.0,944.0,
11.0,40.0,47.0,97.0,118.0,128.0,131.0,133.0,210.0,239.0,282.0,308.0,313.0,320.0,329.0,338.0,350.0,352.0,360.0,414.0,522.0,545.0,547.0,566.0,690.0,700.0,721.0,775.0,804.0,841.0,841.0,844.0,889.0,958.0,966.0,
19.0,27.0,28.0,44.0,48.0,49.0,67.0,96.0,137.0,166.0,175.0,188.0,233.0,287.0,288.0,440.0,504.0,532.0,551.0,609.0,643.0,663.0,677.0,706.0,714.0,718.0,739.0,793.0,804.0,813.0,862.0,884.0,929.0,948.0,959.0,
9.0,70.0,178.0,310.0,367.0,404.0,469.0,478.0,485.0,500.0,513.0,537.0,542.0,575.0,609.0,643.0,653.0,656.0,718.0,758.0,796.0,804.0,811.0,850.0,852.0,871.0,893.0,916.0,919.0,943.0,981.0,997.0,
15.0,34.0,90.0,122.0,162.0,177.0,188.0,202.0,242.0,274.0,290.0,297.0,306.0,315.0,366.0,384.0,396.0,459.0,459.0,487.0,491.0,492.0,573.0,574.0,576.0,584.0,599.0,615.0,638.0,695.0,696.0,790.0,880.0,923.0,939.0,977.0,999.0,
21.0,42.0,50.0,122.0,134.0,198.0,227.0,273.0,306.0,388.0,401.0,438.0,451.0,466.0,470.0,486.0,488.0,519.0,585.0,671.0,741.0,753.0,769.0,777.0,778.0,806.0,807.0,809.0,879.0,940.0,
42.0,56.0,63.0,124.0,178.0,243.0,248.0,257.0,315.0,332.0,346.0,446.0,450.0,518.0,544.0,550.0,553.0,608.0,612.0,613.0,650.0,651.0,651.0,657.0,660.0,662.0,691.0,710.0,758.0,817.0,837.0,872.0,889.0,912.0,958.0,971.0,
35.0,50.0,83.0,119.0,121.0,168.0,203.0,233.0,248.0,298.0,374.0,383.0,384.0,425.0,442.0,448.0,482.0,488.0,518.0,546.0,559.0,561.0,579.0,594.0,607.0,672.0,700.0,713.0,779.0,865.0,866.0,902.0,956.0,973.0,988.0,
25.0,91.0,111.0,148.0,155.0,168.0,173.0,178.0,202.0,221.0,248.0,279.0,280.0,301.0,314.0,364.0,376.0,388.0,417.0,432.0,503.0,504.0,546.0,611.0,655.0,686.0,752.0,768.0,784.0,792.0,798.0,833.0,871.0,895.0,926.0,929.0,952.0,971.0,985.0,1000.0,
55.0,104.0,108.0,113.0,129.0,179.0,181.0,214.0,226.0,264.0,296.0,315.0,320.0,321.0,333.0,365.0,372.0,378.0,382.0,417.0,418.0,449.0,457.0,465.0,474.0,474.0,495.0,500.0,513.0,560.0,585.0,595.0,606.0,631.0,637.0,648.0,672.0,676.0,681.0,688.0,706.0,752.0,769.0,776.0,810.0,833.0,876.0,959.0,992.0,
52.0,60.0,148.0,195.0,202.0,208.0,253.0,302.0,312.0,356.0,446.0,457.0,470.0,514.0,518.0,575.0,663.0,667.0,668.0,685.0,689.0,690.0,708.0,771.0,778.0,782.0,790.0,804.0,814.0,856.0,887.0,905.0,961.0,988.0,
25.0,36.0,40.0,63.0,66.0,81.0,96.0,121.0,190.0,216.0,232.0,278.0,330.0,337.0,340.0,355.0,361.0,366.0,384.0,393.0,404.0,465.0,476.0,482.0,487.0,500.0,510.0,514.0,526.0,533.0,540.0,549.0,569.0,577.0,616.0,630.0,736.0,758.0,823.0,827.0,834.0,835.0,835.0,857.0,878.0,920.0,924.0,956.0,966.0,975.0,
12.0,123.0,192.0,211.0,217.0,236.0,261.0,303.0,345.0,360.0,419.0,425.0,458.0,487.0,561.0,562.0,588.0,588.0,599.0,623.0,624.0,643.0,648.0,654.0,659.0,674.0,710.0,714.0,795.0,818.0,833.0,865.0,880.0,889.0,890.0,917.0,950.0,965.0,970.0,974.0,
44.0,182.0,202.0,207.0,277.0,301.0,312.0,322.0,327.0,338.0,367.0,429.0,480.0,508.0,542.0,542.0,545.0,572.0,615.0,616.0,654.0,715.0,715.0,722.0,762.0,765.0,788.0,864.0,874.0,927.0,944.0,
38.0,63.0,120.0,148.0,205.0,207.0,213.0,238.0,240.0,260.0,278.0,301.0,309.0,355.0,425.0,430.0,501.0,539.0,585.0,618.0,670.0,721.0,765.0,808.0,829.0,831.0,867.0,928.0,932.0,940.0,969.0,992.0,
49.0,61.0,85.0,98.0,121.0,192.0,218.0,222.0,232.0,234.0,252.0,257.0,292.0,296.0,308.0,325.0,334.0,346.0,352.0,359.0,360.0,405.0,435.0,463.0,517.0,543.0,549.0,588.0,617.0,691.0,695.0,708.0,725.0,726.0,766.0,781.0,781.0,793.0,832.0,879.0,881.0,882.0,913.0,959.0,988.0,
2.0,21.0,38.0,45.0,88.0,183.0,220.0,222.0,239.0,320.0,374.0,387.0,394.0,409.0,527.0,576.0,587.0,600.0,601.0,624.0,625.0,675.0,738.0,751.0,777.0,871.0,878.0,885.0,917.0,925.0,935.0,941.0,950.0,
17.0,26.0,92.0,99.0,100.0,115.0,146.0,167.0,168.0,219.0,228.0,258.0,270.0,297.0,327.0,364.0,367.0,386.0,400.0,409.0,429.0,432.0,436.0,437.0,470.0,537.0,557.0,565.0,598.0,616.0,619.0,632.0,657.0,805.0,875.0,902.0,918.0,920.0,922.0,924.0,930.0,931.0,932.0,946.0,951.0,956.0,997.0,
17.0,30.0,82.0,136.0,160.0,181.0,191.0,219.0,241.0,249.0,272.0,289.0,323.0,325.0,325.0,375.0,377.0,401.0,419.0,425.0,435.0,464.0,529.0,535.0,570.0,595.0,612.0,619.0,636.0,647.0,662.0,666.0,692.0,825.0,853.0,882.0,934.0,982.0,986.0,988.0,
6.0,16.0,78.0,85.0,144.0,158.0,162.0,165.0,213.0,248.0,287.0,303.0,315.0,324.0,325.0,334.0,334.0,432.0,433.0,453.0,480.0,489.0,524.0,552.0,579.0,620.0,645.0,671.0,699.0,708.0,737.0,757.0,786.0,815.0,824.0,860.0,871.0,883.0,970.0,980.0,984.0,
83.0,128.0,134.0,146.0,157.0,170.0,196.0,259.0,260.0,316.0,381.0,382.0,415.0,428.0,476.0,513.0,516.0,533.0,543.0,635.0,640.0,663.0,701.0,702.0,720.0,722.0,753.0,785.0,840.0,878.0,905.0,911.0,959.0,
81.0,123.0,183.0,189.0,209.0,244.0,290.0,296.0,319.0,361.0,366.0,386.0,407.0,410.0,415.0,416.0,504.0,505.0,513.0,523.0,527.0,545.0,550.0,557.0,558.0,576.0,594.0,596.0,604.0,607.0,611.0,629.0,665.0,676.0,694.0,700.0,705.0,708.0,710.0,741.0,785.0,794.0,815.0,845.0,857.0,924.0,931.0,993.0,
40.0,53.0,79.0,82.0,92.0,103.0,134.0,171.0,191.0,223.0,248.0,268.0,288.0,308.0,332.0,375.0,411.0,440.0,470.0,522.0,524.0,534.0,535.0,542.0,542.0,544.0,552.0,554.0,554.0,555.0,557.0,561.0,567.0,569.0,572.0,579.0,586.0,590.0,590.0,592.0,594.0,595.0,599.0,614.0,620.0,627.0,630.0,630.0,631.0,632.0,637.0,658.0,672.0,689.0,713.0,718.0,720.0,779.0,789.0,798.0,806.0,812.0,825.0,828.0,835.0,836.0,839.0,854.0,860.0,862.0,876.0,894.0,908.0,910.0,911.0,925.0,938.0,956.0,968.0,968.0,978.0,1000.0,
12.0,14.0,54.0,70.0,94.0,125.0,127.0,139.0,142.0,206.0,219.0,220.0,241.0,256.0,285.0,310.0,311.0,353.0,370.0,370.0,390.0,416.0,492.0,514.0,543.0,550.0,564.0,584.0,606.0,628.0,678.0,689.0,730.0,789.0,791.0,827.0,842.0,847.0,849.0,857.0,861.0,869.0,869.0,871.0,873.0,889.0,909.0,914.0,919.0,924.0,989.0,998.0,999.0,
46.0,133.0,143.0,209.0,239.0,289.0,297.0,437.0,440.0,459.0,486.0,494.0,522.0,548.0,625.0,640.0,650.0,666.0,683.0,749.0,755.0,755.0,760.0,784.0,806.0,849.0,851.0,943.0,964.0,
3.0,13.0,25.0,27.0,29.0,64.0,117.0,155.0,226.0,243.0,319.0,327.0,430.0,439.0,514.0,516.0,530.0,552.0,558.0,615.0,632.0,639.0,646.0,663.0,688.0,693.0,701.0,705.0,724.0,744.0,756.0,783.0,845.0,853.0,856.0,869.0,879.0,882.0,903.0,960.0,999.0,
3.0,34.0,38.0,76.0,85.0,109.0,130.0,179.0,189.0,198.0,221.0,244.0,246.0,293.0,348.0,355.0,364.0,427.0,501.0,551.0,561.0,604.0,672.0,673.0,677.0,686.0,686.0,690.0,706.0,709.0,757.0,764.0,773.0,778.0,826.0,900.0,908.0,911.0,942.0,942.0,964.0,968.0,973.0,985.0,
26.0,74.0,85.0,100.0,111.0,139.0,176.0,189.0,195.0,216.0,270.0,278.0,347.0,364.0,378.0,386.0,394.0,430.0,452.0,464.0,482.0,489.0,498.0,518.0,524.0,594.0,672.0,731.0,747.0,773.0,800.0,806.0,834.0,864.0,905.0,912.0,945.0,955.0,966.0,967.0,
12.0,23.0,35.0,132.0,185.0,211.0,239.0,245.0,248.0,254.0,262.0,267.0,305.0,331.0,381.0,382.0,403.0,465.0,516.0,518.0,522.0,533.0,536.0,577.0,639.0,713.0,713.0,771.0,775.0,834.0,835.0,875.0,980.0,
33.0,53.0,62.0,123.0,137.0,160.0,195.0,234.0,287.0,289.0,311.0,326.0,430.0,512.0,515.0,533.0,542.0,569.0,581.0,620.0,680.0,724.0,762.0,814.0,815.0,883.0,904.0,
38.0,72.0,97.0,118.0,135.0,142.0,181.0,226.0,234.0,236.0,237.0,242.0,289.0,318.0,331.0,375.0,390.0,457.0,546.0,557.0,561.0,619.0,636.0,642.0,717.0,755.0,768.0,788.0,858.0,905.0,924.0,991.0,
58.0,80.0,86.0,88.0,88.0,124.0,145.0,253.0,296.0,499.0,560.0,562.0,574.0,614.0,685.0,707.0,713.0,833.0,897.0,897.0,922.0,930.0,939.0,940.0,941.0,966.0,984.0,986.0,
60.0,74.0,87.0,129.0,153.0,193.0,220.0,228.0,229.0,246.0,280.0,316.0,334.0,352.0,354.0,355.0,397.0,517.0,522.0,524.0,531.0,546.0,560.0,564.0,592.0,606.0,613.0,619.0,634.0,635.0,636.0,636.0,666.0,671.0,673.0,686.0,695.0,726.0,744.0,746.0,758.0,772.0,773.0,776.0,780.0,798.0,800.0,803.0,808.0,818.0,825.0,835.0,840.0,852.0,869.0,902.0,920.0,929.0,933.0,973.0,984.0,
13.0,56.0,60.0,89.0,114.0,151.0,167.0,168.0,195.0,213.0,220.0,288.0,292.0,329.0,337.0,345.0,384.0,389.0,420.0,431.0,463.0,511.0,540.0,550.0,557.0,580.0,592.0,617.0,632.0,726.0,734.0,735.0,908.0,951.0,962.0,977.0,
2.0,72.0,105.0,128.0,148.0,160.0,173.0,197.0,214.0,216.0,241.0,244.0,260.0,311.0,360.0,396.0,433.0,450.0,455.0,484.0,526.0,595.0,615.0,638.0,638.0,654.0,658.0,704.0,725.0,740.0,788.0,816.0,834.0,835.0,857.0,962.0,966.0,979.0,997.0,998.0,
55.0,71.0,92.0,112.0,158.0,175.0,182.0,202.0,228.0,255.0,255.0,262.0,341.0,382.0,385.0,399.0,436.0,481.0,500.0,519.0,519.0,534.0,548.0,589.0,634.0,748.0,778.0,808.0,812.0,853.0,858.0,894.0,897.0,923.0,939.0,986.0,
50.0,73.0,89.0,141.0,165.0,167.0,182.0,182.0,300.0,328.0,344.0,369.0,395.0,411.0,431.0,436.0,438.0,470.0,678.0,685.0,807.0,869.0,879.0,934.0,944.0,957.0,960.0,
4.0,10.0,21.0,44.0,78.0,96.0,124.0,136.0,153.0,154.0,189.0,191.0,241.0,276.0,316.0,349.0,478.0,504.0,531.0,547.0,658.0,660.0,690.0,727.0,788.0,829.0,893.0,921.0,922.0,945.0,969.0,
24.0,87.0,98.0,99.0,152.0,188.0,233.0,283.0,351.0,364.0,417.0,451.0,455.0,478.0,498.0,561.0,564.0,581.0,583.0,635.0,638.0,649.0,671.0,763.0,789.0,793.0,832.0,840.0,848.0,883.0,954.0,958.0,960.0,979.0,
4.0,41.0,115.0,131.0,139.0,188.0,199.0,266.0,284.0,330.0,352.0,399.0,416.0,454.0,468.0,483.0,484.0,522.0,576.0,579.0,629.0,671.0,674.0,744.0,782.0,784.0,806.0,841.0,856.0,864.0,903.0,916.0,921.0,969.0,986.0,
65.0,84.0,108.0,154.0,172.0,178.0,190.0,217.0,233.0,244.0,264.0,323.0,336.0,343.0,350.0,355.0,417.0,538.0,541.0,550.0,612.0,621.0,640.0,646.0,656.0,657.0,662.0,676.0,684.0,691.0,716.0,719.0,722.0,727.0,733.0,748.0,774.0,827.0,902.0,905.0,919.0,971.0,982.0,
8.0,83.0,95.0,122.0,125.0,137.0,148.0,191.0,235.0,257.0,260.0,281.0,285.0,405.0,405.0,452.0,457.0,470.0,491.0,521.0,543.0,606.0,694.0,726.0,733.0,800.0,835.0,840.0,918.0,925.0,931.0,944.0,
87.0,96.0,109.0,137.0,139.0,156.0,262.0,270.0,319.0,327.0,358.0,413.0,442.0,446.0,501.0,531.0,547.0,560.0,620.0,655.0,765.0,794.0,825.0,853.0,922.0,940.0,940.0,987.0,987.0,991.0,
9.0,9.0,30.0,45.0,64.0,102.0,111.0,203.0,259.0,313.0,371.0,377.0,413.0,421.0,422.0,456.0,457.0,502.0,521.0,560.0,570.0,572.0,659.0,675.0,699.0,726.0,819.0,841.0,884.0,887.0,917.0,939.0,950.0,980.0,990.0,
2.0,4.0,101.0,105.0,137.0,182.0,199.0,259.0,259.0,267.0,363.0,389.0,406.0,417.0,418.0,457.0,460.0,474.0,504.0,529.0,551.0,643.0,653.0,658.0,695.0,724.0,730.0,735.0,742.0,746.0,789.0,855.0,893.0,895.0,917.0,951.0,956.0,958.0,971.0,978.0,
10.0,15.0,26.0,78.0,119.0,149.0,152.0,171.0,179.0,181.0,183.0,215.0,229.0,264.0,274.0,317.0,339.0,364.0,371.0,416.0,440.0,451.0,481.0,491.0,527.0,541.0,595.0,604.0,623.0,624.0,720.0,765.0,783.0,814.0,857.0,864.0,865.0,885.0,891.0,950.0,965.0,965.0,
14.0,42.0,46.0,96.0,106.0,108.0,128.0,135.0,160.0,176.0,184.0,185.0,186.0,319.0,371.0,419.0,453.0,479.0,524.0,612.0,614.0,629.0,657.0,710.0,719.0,727.0,734.0,742.0,805.0,813.0,855.0,863.0,881.0,949.0,
37.0,42.0,170.0,212.0,265.0,273.0,292.0,321.0,372.0,398.0,423.0,490.0,525.0,534.0,580.0,596.0,610.0,659.0,691.0,732.0,744.0,796.0,834.0,859.0,935.0,990.0,995.0,
4.0,37.0,45.0,49.0,81.0,87.0,107.0,219.0,228.0,240.0,251.0,273.0,277.0,384.0,405.0,430.0,489.0,522.0,533.0,586.0,586.0,606.0,669.0,699.0,725.0,784.0,795.0,867.0,879.0,882.0,902.0,960.0,977.0,
10.0,19.0,71.0,88.0,91.0,138.0,230.0,246.0,260.0,260.0,376.0,401.0,407.0,410.0,423.0,427.0,448.0,454.0,482.0,517.0,588.0,589.0,611.0,612.0,633.0,641.0,656.0,667.0,717.0,726.0,758.0,813.0,857.0,878.0,906.0,979.0,
5.0,28.0,87.0,93.0,94.0,104.0,118.0,119.0,120.0,141.0,161.0,180.0,180.0,260.0,427.0,450.0,453.0,471.0,477.0,482.0,509.0,542.0,548.0,573.0,694.0,695.0,714.0,743.0,764.0,767.0,812.0,814.0,816.0,964.0,991.0,
14.0,54.0,98.0,123.0,142.0,150.0,163.0,183.0,195.0,224.0,271.0,318.0,327.0,333.0,375.0,485.0,508.0,557.0,595.0,596.0,639.0,720.0,737.0,738.0,784.0,794.0,831.0,844.0,872.0,983.0,
27.0,42.0,44.0,83.0,126.0,167.0,184.0,213.0,278.0,315.0,326.0,444.0,455.0,502.0,526.0,547.0,570.0,617.0,623.0,681.0,728.0,743.0,744.0,774.0,793.0,793.0,808.0,837.0,849.0,874.0,942.0,970.0,996.0,
64.0,78.0,101.0,176.0,185.0,195.0,199.0,211.0,243.0,277.0,427.0,493.0,495.0,533.0,573.0,648.0,859.0,900.0,905.0,932.0,938.0,977.0,989.0,
42.0,46.0,51.0,63.0,68.0,69.0,69.0,94.0,100.0,110.0,120.0,167.0,225.0,251.0,327.0,387.0,399.0,406.0,408.0,456.0,464.0,465.0,471.0,488.0,521.0,558.0,573.0,586.0,597.0,654.0,694.0,728.0,751.0,755.0,759.0,792.0,807.0,816.0,831.0,917.0,963.0,978.0,
71.0,132.0,139.0,187.0,197.0,245.0,282.0,341.0,347.0,353.0,360.0,375.0,401.0,420.0,437.0,475.0,549.0,582.0,593.0,593.0,655.0,658.0,661.0,692.0,719.0,735.0,745.0,774.0,789.0,790.0,806.0,822.0,873.0,915.0,923.0,935.0,968.0,
10.0,21.0,25.0,37.0,54.0,55.0,71.0,85.0,93.0,105.0,119.0,125.0,154.0,167.0,312.0,320.0,385.0,420.0,541.0,596.0,602.0,618.0,622.0,721.0,722.0,728.0,745.0,817.0,831.0,833.0,834.0,849.0,872.0,897.0,909.0,968.0,
72.0,79.0,83.0,93.0,184.0,186.0,197.0,200.0,205.0,215.0,255.0,289.0,348.0,372.0,372.0,395.0,450.0,465.0,497.0,499.0,503.0,545.0,617.0,622.0,656.0,660.0,715.0,757.0,758.0,766.0,797.0,803.0,909.0,941.0,968.0,
82.0,107.0,171.0,228.0,235.0,236.0,274.0,284.0,295.0,315.0,318.0,446.0,459.0,465.0,479.0,495.0,499.0,502.0,528.0,537.0,578.0,583.0,596.0,653.0,661.0,670.0,735.0,749.0,760.0,765.0,770.0,771.0,794.0,807.0,831.0,850.0,878.0,879.0,884.0,944.0,945.0,974.0,
25.0,35.0,43.0,59.0,65.0,65.0,80.0,86.0,117.0,146.0,155.0,273.0,288.0,308.0,315.0,316.0,361.0,393.0,402.0,437.0,454.0,469.0,497.0,497.0,499.0,521.0,523.0,557.0,588.0,646.0,736.0,744.0,760.0,765.0,821.0,833.0,939.0,941.0,955.0,977.0,988.0,
45.0,52.0,86.0,110.0,144.0,163.0,172.0,191.0,198.0,214.0,221.0,226.0,250.0,258.0,259.0,279.0,320.0,321.0,407.0,408.0,465.0,499.0,533.0,545.0,561.0,561.0,592.0,727.0,730.0,737.0,819.0,853.0,860.0,868.0,874.0,933.0,935.0,940.0,974.0,989.0,
3.0,15.0,38.0,59.0,90.0,179.0,189.0,190.0,198.0,218.0,219.0,273.0,304.0,311.0,321.0,329.0,364.0,409.0,422.0,437.0,454.0,469.0,481.0,519.0,612.0,633.0,647.0,660.0,681.0,797.0,815.0,824.0,829.0,836.0,838.0,852.0,877.0,885.0,902.0,924.0,971.0,972.0,987.0,
4.0,65.0,74.0,83.0,109.0,133.0,157.0,178.0,191.0,211.0,221.0,259.0,387.0,390.0,420.0,423.0,548.0,549.0,587.0,604.0,604.0,661.0,684.0,694.0,732.0,758.0,772.0,794.0,808.0,874.0,911.0,917.0,926.0,
66.0,92.0,111.0,134.0,137.0,150.0,153.0,170.0,171.0,201.0,208.0,242.0,275.0,279.0,328.0,339.0,381.0,436.0,455.0,467.0,468.0,473.0,476.0,495.0,499.0,502.0,513.0,513.0,515.0,516.0,530.0,543.0,552.0,575.0,606.0,625.0,655.0,666.0,708.0,725.0,738.0,738.0,751.0,762.0,767.0,777.0,791.0,818.0,835.0,869.0,930.0,970.0,
40.0,130.0,131.0,176.0,186.0,202.0,254.0,300.0,301.0,325.0,335.0,339.0,372.0,373.0,394.0,426.0,426.0,430.0,449.0,471.0,481.0,530.0,605.0,607.0,612.0,634.0,691.0,699.0,712.0,763.0,768.0,777.0,778.0,785.0,788.0,807.0,808.0,815.0,847.0,865.0,869.0,911.0,915.0,951.0,986.0,
96.0,128.0,183.0,187.0,189.0,201.0,214.0,315.0,333.0,337.0,378.0,391.0,509.0,536.0,602.0,606.0,635.0,659.0,662.0,674.0,706.0,830.0,882.0,909.0,917.0,930.0,953.0,
19.0,49.0,60.0,69.0,72.0,83.0,182.0,195.0,196.0,273.0,336.0,377.0,386.0,427.0,451.0,495.0,502.0,599.0,650.0,688.0,695.0,705.0,721.0,733.0,746.0,784.0,830.0,839.0,840.0,845.0,865.0,920.0,933.0,956.0,
