14.0,41.0,49.0,78.0,124.0,203.0,210.0,216.0,271.0,290.0,297.0,306.0,336.0,354.0,363.0,443.0,509.0,520.0,651.0,676.0,727.0,728.0,737.0,739.0,828.0,843.0,873.0,878.0,881.0,900.0,903.0,908.0,921.0,995.0,
17.0,41.0,44.0,57.0,80.0,120.0,123.0,126.0,219.0,234.0,243.0,265.0,350.0,379.0,434.0,473.0,485.0,488.0,517.0,575.0,591.0,594.0,626.0,631.0,640.0,642.0,666.0,670.0,717.0,729.0,751.0,772.0,775.0,819.0,820.0,830.0,841.0,958.0,960.0,979.0,993.0,
17.0,55.0,67.0,73.0,74.0,87.0,115.0,158.0,258.0,308.0,349.0,390.0,438.0,453.0,488.0,497.0,502.0,529.0,604.0,623.0,734.0,811.0,825.0,832.0,855.0,875.0,888.0,915.0,948.0,973.0,
10.0,23.0,24.0,72.0,74.0,100.0,119.0,142.0,170.0,183.0,197.0,205.0,218.0,267.0,278.0,288.0,319.0,332.0,346.0,447.0,450.0,480.0,516.0,525.0,575.0,584.0,587.0,619.0,624.0,629.0,648.0,687.0,721.0,722.0,742.0,775.0,825.0,861.0,900.0,932.0,944.0,946.0,953.0,958.0,966.0,966.0,
3.0,21.0,55.0,73.0,95.0,119.0,198.0,227.0,247.0,256.0,294.0,302.0,318.0,319.0,324.0,468.0,614.0,651.0,654.0,659.0,733.0,755.0,782.0,803.0,815.0,823.0,839.0,873.0,914.0,966.0,971.0,991.0,
13.0,20.0,49.0,54.0,64.0,76.0,192.0,260.0,264.0,327.0,403.0,414.0,418.0,418.0,449.0,465.0,488.0,512.0,657.0,712.0,713.0,822.0,865.0,929.0,960.0,
18.0,19.0,34.0,90.0,128.0,163.0,171.0,174.0,200.0,200.0,217.0,232.0,238.0,243.0,244.0,253.0,277.0,296.0,309.0,318.0,335.0,377.0,442.0,480.0,490.0,495.0,699.0,721.0,748.0,765.0,831.0,883.0,888.0,888.0,929.0,959.0,
9.0,24.0,83.0,85.0,132.0,132.0,136.0,143.0,190.0,193.0,203.0,275.0,370.0,455.0,459.0,461.0,481.0,504.0,646.0,672.0,701.0,726.0,732.0,789.0,833.0,840.0,855.0,872.0,879.0,880.0,912.0,928.0,943.0,958.0,976.0,
14.0,20.0,48.0,94.0,204.0,214.0,234.0,275.0,282.0,311.0,344.0,366.0,408.0,430.0,465.0,475.0,527.0,585.0,599.0,615.0,622.0,632.0,645.0,685.0,723.0,728.0,764.0,783.0,787.0,811.0,859.0,867.0,920.0,961.0,
46.0,47.0,108.0,129.0,168.0,181.0,197.0,205.0,216.0,231.0,253.0,269.0,274.0,284.0,406.0,421.0,433.0,553.0,561.0,634.0,639.0,656.0,664.0,676.0,741.0,764.0,851.0,891.0,915.0,960.0,974.0,975.0,995.0,
2.0,137.0,151.0,152.0,154.0,184.0,207.0,207.0,210.0,257.0,263.0,321.0,340.0,354.0,379.0,393.0,433.0,454.0,478.0,487.0,494.0,509.0,522.0,523.0,524.0,580.0,590.0,606.0,621.0,648.0,671.0,672.0,675.0,739.0,808.0,811.0,815.0,823.0,903.0,941.0,941.0,980.0,985.0,1000.0,
23.0,158.0,227.0,232.0,318.0,384.0,390.0,417.0,421.0,423.0,434.0,440.0,492.0,494.0,507.0,559.0,560.0,613.0,616.0,630.0,631.0,638.0,641.0,657.0,706.0,765.0,779.0,785.0,796.0,797.0,833.0,866.0,887.0,892.0,907.0,921.0,933.0,966.0,967.0,
86.0,94.0,96.0,213.0,269.0,274.0,334.0,340.0,356.0,357.0,416.0,450.0,467.0,473.0,477.0,483.0,502.0,511.0,640.0,662.0,681.0,707.0,748.0,753.0,795.0,801.0,814.0,826.0,840.0,859.0,876.0,886.0,917.0,927.0,954.0,
9.0,12.0,21.0,26.0,169.0,239.0,334.0,343.0,443.0,452.0,501.0,506.0,
19.0,22.0,49.0,77.0,107.0,134.0,150.0,157.0,192.0,192.0,197.0,229.0,305.0,373.0,409.0,426.0,463.0,473.0,481.0,492.0,510.0,
10.0,18.0,61.0,65.0,102.0,121.0,151.0,225.0,243.0,249.0,281.0,303.0,308.0,356.0,358.0,377.0,428.0,442.0,493.0,
2.0,34.0,73.0,99.0,99.0,107.0,113.0,122.0,141.0,223.0,224.0,235.0,242.0,261.0,271.0,321.0,325.0,342.0,361.0,378.0,393.0,460.0,479.0,501.0,506.0,
31.0,82.0,97.0,113.0,129.0,144.0,199.0,207.0,237.0,250.0,258.0,301.0,302.0,331.0,351.0,365.0,386.0,427.0,436.0,451.0,466.0,487.0,
10.0,32.0,40.0,44.0,87.0,146.0,155.0,190.0,195.0,199.0,215.0,230.0,270.0,282.0,314.0,325.0,336.0,341.0,406.0,413.0,414.0,427.0,438.0,485.0,636.0,649.0,723.0,728.0,746.0,773.0,788.0,797.0,817.0,820.0,887.0,974.0,
80.0,105.0,119.0,123.0,134.0,175.0,179.0,196.0,226.0,231.0,243.0,261.0,273.0,295.0,330.0,394.0,402.0,412.0,428.0,447.0,461.0,469.0,480.0,503.0,533.0,550.0,583.0,592.0,597.0,599.0,619.0,634.0,666.0,668.0,673.0,685.0,694.0,717.0,731.0,805.0,845.0,871.0,889.0,909.0,910.0,913.0,918.0,964.0,979.0,982.0,
15.0,37.0,72.0,86.0,98.0,129.0,169.0,186.0,203.0,214.0,262.0,274.0,281.0,293.0,315.0,323.0,415.0,427.0,460.0,470.0,491.0,495.0,509.0,581.0,671.0,693.0,727.0,794.0,823.0,858.0,876.0,896.0,896.0,898.0,927.0,974.0,995.0,996.0,
27.0,143.0,151.0,184.0,201.0,226.0,238.0,246.0,294.0,364.0,365.0,375.0,401.0,425.0,443.0,464.0,493.0,716.0,722.0,769.0,774.0,843.0,878.0,882.0,893.0,964.0,995.0,
36.0,38.0,96.0,150.0,172.0,179.0,311.0,311.0,312.0,339.0,395.0,422.0,425.0,474.0,510.0,
11.0,62.0,99.0,126.0,140.0,148.0,168.0,195.0,220.0,222.0,275.0,286.0,300.0,310.0,352.0,355.0,374.0,391.0,446.0,455.0,459.0,774.0,909.0,
5.0,13.0,51.0,72.0,146.0,148.0,154.0,163.0,165.0,202.0,223.0,227.0,236.0,270.0,279.0,316.0,372.0,378.0,422.0,460.0,480.0,758.0,890.0,971.0,
4.0,31.0,33.0,48.0,117.0,128.0,163.0,172.0,194.0,200.0,235.0,245.0,312.0,336.0,349.0,350.0,357.0,395.0,405.0,405.0,420.0,429.0,492.0,496.0,502.0,503.0,735.0,830.0,912.0,
48.0,54.0,61.0,114.0,118.0,152.0,195.0,201.0,263.0,275.0,320.0,440.0,444.0,445.0,479.0,492.0,770.0,840.0,943.0,
18.0,51.0,53.0,53.0,108.0,149.0,160.0,223.0,231.0,234.0,270.0,320.0,322.0,326.0,351.0,361.0,397.0,404.0,433.0,786.0,908.0,937.0,
10.0,21.0,41.0,45.0,74.0,114.0,122.0,187.0,190.0,196.0,210.0,219.0,233.0,302.0,352.0,407.0,433.0,435.0,451.0,456.0,468.0,
10.0,74.0,84.0,106.0,152.0,160.0,164.0,171.0,185.0,201.0,316.0,318.0,341.0,367.0,395.0,405.0,419.0,477.0,493.0,703.0,738.0,771.0,789.0,858.0,891.0,916.0,916.0,979.0,
54.0,69.0,76.0,114.0,119.0,156.0,229.0,232.0,233.0,249.0,268.0,306.0,338.0,376.0,417.0,455.0,465.0,472.0,530.0,534.0,588.0,609.0,639.0,653.0,673.0,682.0,697.0,722.0,725.0,737.0,751.0,758.0,809.0,819.0,822.0,837.0,887.0,904.0,918.0,921.0,922.0,930.0,983.0,
13.0,17.0,68.0,174.0,209.0,217.0,267.0,271.0,312.0,328.0,362.0,450.0,453.0,492.0,505.0,
6.0,45.0,84.0,146.0,210.0,218.0,242.0,256.0,291.0,302.0,323.0,331.0,352.0,376.0,387.0,391.0,394.0,436.0,473.0,476.0,
25.0,79.0,138.0,197.0,221.0,224.0,332.0,345.0,364.0,365.0,434.0,474.0,494.0,792.0,836.0,842.0,907.0,944.0,947.0,
8.0,22.0,66.0,68.0,72.0,96.0,106.0,113.0,117.0,144.0,166.0,184.0,227.0,266.0,270.0,286.0,288.0,302.0,336.0,375.0,400.0,444.0,455.0,464.0,915.0,919.0,929.0,
48.0,119.0,127.0,167.0,195.0,311.0,319.0,327.0,361.0,413.0,417.0,418.0,427.0,453.0,478.0,488.0,788.0,809.0,859.0,869.0,947.0,986.0,
24.0,78.0,96.0,134.0,139.0,190.0,220.0,312.0,352.0,380.0,382.0,401.0,456.0,467.0,876.0,893.0,898.0,904.0,917.0,
57.0,103.0,149.0,188.0,242.0,266.0,294.0,301.0,326.0,432.0,455.0,500.0,820.0,997.0,
9.0,10.0,29.0,48.0,63.0,90.0,93.0,99.0,124.0,177.0,288.0,317.0,320.0,343.0,348.0,351.0,371.0,375.0,381.0,389.0,449.0,474.0,
11.0,55.0,68.0,95.0,104.0,105.0,122.0,149.0,185.0,189.0,203.0,220.0,236.0,271.0,307.0,381.0,387.0,442.0,446.0,493.0,502.0,
64.0,115.0,140.0,143.0,149.0,269.0,271.0,300.0,361.0,437.0,453.0,464.0,481.0,499.0,652.0,705.0,711.0,721.0,747.0,757.0,815.0,822.0,834.0,876.0,923.0,947.0,
18.0,66.0,105.0,109.0,189.0,223.0,247.0,267.0,303.0,324.0,332.0,354.0,360.0,379.0,400.0,420.0,
8.0,15.0,43.0,74.0,88.0,89.0,111.0,114.0,149.0,149.0,157.0,183.0,200.0,207.0,210.0,219.0,275.0,294.0,320.0,337.0,349.0,354.0,462.0,753.0,843.0,982.0,989.0,
3.0,18.0,78.0,108.0,116.0,160.0,207.0,209.0,232.0,237.0,266.0,299.0,302.0,357.0,464.0,497.0,764.0,803.0,833.0,849.0,898.0,931.0,941.0,968.0,
14.0,29.0,50.0,111.0,125.0,135.0,147.0,212.0,223.0,256.0,297.0,302.0,307.0,406.0,407.0,787.0,
5.0,8.0,31.0,69.0,69.0,150.0,153.0,199.0,245.0,286.0,307.0,357.0,367.0,386.0,401.0,409.0,419.0,435.0,503.0,880.0,902.0,917.0,984.0,
2.0,35.0,125.0,137.0,147.0,153.0,188.0,209.0,261.0,295.0,321.0,336.0,399.0,434.0,460.0,491.0,498.0,498.0,504.0,777.0,856.0,868.0,882.0,925.0,984.0,
22.0,32.0,55.0,91.0,132.0,153.0,187.0,263.0,415.0,433.0,442.0,463.0,472.0,490.0,918.0,923.0,969.0,976.0,990.0,
3.0,24.0,106.0,118.0,189.0,205.0,243.0,244.0,257.0,296.0,316.0,328.0,366.0,372.0,383.0,410.0,485.0,773.0,799.0,870.0,892.0,953.0,
12.0,15.0,18.0,31.0,50.0,145.0,184.0,213.0,243.0,299.0,302.0,310.0,335.0,366.0,393.0,395.0,422.0,434.0,437.0,472.0,478.0,493.0,505.0,
46.0,48.0,72.0,77.0,102.0,157.0,164.0,203.0,219.0,227.0,239.0,368.0,449.0,495.0,705.0,719.0,778.0,823.0,845.0,874.0,874.0,937.0,967.0,972.0,974.0,990.0,
48.0,66.0,87.0,94.0,102.0,132.0,153.0,216.0,300.0,326.0,401.0,410.0,437.0,447.0,460.0,473.0,
25.0,59.0,89.0,103.0,107.0,112.0,113.0,181.0,189.0,218.0,224.0,274.0,287.0,347.0,385.0,399.0,405.0,411.0,966.0,
9.0,27.0,53.0,58.0,64.0,73.0,73.0,125.0,137.0,210.0,286.0,296.0,308.0,308.0,336.0,367.0,388.0,388.0,395.0,413.0,432.0,458.0,498.0,797.0,854.0,920.0,920.0,922.0,923.0,
18.0,35.0,63.0,90.0,95.0,152.0,190.0,193.0,233.0,258.0,338.0,352.0,354.0,358.0,361.0,440.0,457.0,468.0,760.0,776.0,817.0,831.0,854.0,965.0,
64.0,68.0,154.0,161.0,191.0,191.0,197.0,223.0,231.0,292.0,369.0,379.0,409.0,434.0,453.0,461.0,474.0,920.0,964.0,
37.0,49.0,116.0,130.0,146.0,179.0,286.0,401.0,431.0,498.0,506.0,510.0,844.0,873.0,879.0,908.0,965.0,
21.0,22.0,57.0,67.0,137.0,138.0,218.0,224.0,230.0,294.0,403.0,446.0,481.0,493.0,806.0,842.0,933.0,933.0,965.0,966.0,
97.0,112.0,136.0,148.0,237.0,285.0,301.0,439.0,495.0,958.0,994.0,
13.0,58.0,60.0,62.0,75.0,77.0,104.0,121.0,126.0,170.0,174.0,179.0,222.0,259.0,315.0,342.0,359.0,368.0,485.0,
69.0,105.0,124.0,135.0,136.0,173.0,185.0,201.0,261.0,262.0,272.0,305.0,317.0,377.0,424.0,437.0,464.0,652.0,652.0,712.0,730.0,747.0,755.0,780.0,782.0,795.0,798.0,836.0,884.0,930.0,944.0,953.0,975.0,995.0,
8.0,25.0,65.0,74.0,83.0,107.0,119.0,128.0,136.0,137.0,152.0,200.0,213.0,237.0,285.0,332.0,353.0,472.0,476.0,495.0,501.0,
41.0,45.0,99.0,131.0,156.0,169.0,216.0,221.0,224.0,230.0,237.0,248.0,251.0,309.0,314.0,321.0,326.0,339.0,343.0,359.0,360.0,400.0,415.0,421.0,431.0,440.0,454.0,847.0,918.0,949.0,
6.0,12.0,68.0,126.0,128.0,141.0,158.0,220.0,236.0,243.0,257.0,292.0,313.0,319.0,352.0,423.0,464.0,488.0,809.0,818.0,820.0,856.0,961.0,963.0,985.0,
37.0,123.0,163.0,182.0,230.0,233.0,257.0,264.0,269.0,343.0,381.0,435.0,454.0,483.0,924.0,939.0,
7.0,12.0,14.0,33.0,47.0,81.0,102.0,151.0,159.0,223.0,228.0,260.0,278.0,281.0,362.0,377.0,383.0,456.0,499.0,728.0,783.0,793.0,836.0,857.0,871.0,910.0,
9.0,27.0,62.0,69.0,120.0,125.0,146.0,154.0,169.0,269.0,278.0,296.0,305.0,310.0,320.0,368.0,380.0,382.0,400.0,475.0,486.0,511.0,914.0,998.0,
16.0,80.0,111.0,121.0,167.0,204.0,225.0,312.0,378.0,387.0,398.0,408.0,414.0,421.0,721.0,767.0,777.0,832.0,861.0,950.0,
13.0,28.0,38.0,55.0,63.0,98.0,130.0,167.0,173.0,192.0,201.0,213.0,218.0,267.0,275.0,294.0,347.0,355.0,379.0,383.0,436.0,459.0,470.0,480.0,495.0,501.0,924.0,
99.0,227.0,259.0,269.0,278.0,284.0,300.0,307.0,312.0,317.0,321.0,322.0,409.0,428.0,436.0,484.0,486.0,502.0,
21.0,35.0,40.0,52.0,55.0,56.0,79.0,91.0,123.0,149.0,200.0,277.0,324.0,341.0,354.0,374.0,405.0,411.0,415.0,424.0,438.0,457.0,459.0,496.0,547.0,556.0,600.0,604.0,606.0,631.0,671.0,673.0,705.0,708.0,738.0,756.0,769.0,778.0,803.0,814.0,833.0,880.0,882.0,885.0,886.0,921.0,923.0,939.0,939.0,960.0,
36.0,101.0,166.0,187.0,208.0,300.0,305.0,335.0,425.0,472.0,494.0,511.0,
10.0,38.0,44.0,47.0,50.0,85.0,96.0,141.0,158.0,163.0,197.0,268.0,278.0,355.0,364.0,376.0,383.0,442.0,464.0,837.0,952.0,
9.0,19.0,73.0,100.0,196.0,200.0,233.0,283.0,387.0,387.0,394.0,394.0,446.0,446.0,447.0,882.0,940.0,980.0,
22.0,30.0,73.0,85.0,94.0,202.0,212.0,255.0,293.0,328.0,336.0,340.0,363.0,374.0,387.0,412.0,427.0,460.0,710.0,780.0,844.0,867.0,867.0,916.0,946.0,946.0,993.0,995.0,
67.0,166.0,181.0,256.0,271.0,311.0,363.0,370.0,373.0,406.0,417.0,454.0,454.0,489.0,813.0,983.0,
33.0,87.0,109.0,112.0,135.0,157.0,200.0,214.0,255.0,259.0,317.0,350.0,386.0,439.0,449.0,477.0,813.0,845.0,
22.0,26.0,50.0,79.0,84.0,123.0,154.0,170.0,220.0,245.0,398.0,440.0,484.0,489.0,814.0,923.0,
183.0,185.0,206.0,224.0,367.0,367.0,370.0,385.0,416.0,445.0,459.0,476.0,900.0,
6.0,60.0,69.0,81.0,134.0,140.0,141.0,187.0,190.0,225.0,227.0,288.0,300.0,307.0,344.0,345.0,364.0,377.0,386.0,401.0,462.0,500.0,507.0,
16.0,20.0,32.0,87.0,127.0,140.0,199.0,204.0,294.0,301.0,304.0,308.0,353.0,361.0,462.0,463.0,467.0,499.0,503.0,507.0,547.0,567.0,580.0,605.0,607.0,609.0,620.0,628.0,638.0,647.0,659.0,662.0,665.0,690.0,705.0,715.0,741.0,742.0,748.0,750.0,765.0,778.0,778.0,822.0,833.0,840.0,842.0,852.0,854.0,864.0,902.0,902.0,930.0,952.0,985.0,
6.0,23.0,27.0,32.0,66.0,74.0,168.0,170.0,234.0,235.0,264.0,283.0,292.0,375.0,407.0,456.0,463.0,471.0,488.0,646.0,655.0,683.0,747.0,760.0,815.0,889.0,894.0,938.0,969.0,
15.0,45.0,60.0,94.0,97.0,180.0,205.0,206.0,239.0,256.0,273.0,286.0,369.0,402.0,441.0,454.0,483.0,486.0,
43.0,48.0,70.0,107.0,120.0,185.0,202.0,243.0,273.0,349.0,361.0,365.0,442.0,464.0,486.0,487.0,870.0,
18.0,22.0,46.0,55.0,86.0,95.0,106.0,129.0,138.0,139.0,163.0,169.0,210.0,222.0,229.0,236.0,260.0,293.0,361.0,362.0,404.0,430.0,436.0,442.0,450.0,805.0,848.0,
8.0,26.0,45.0,63.0,70.0,71.0,76.0,200.0,212.0,237.0,260.0,299.0,304.0,363.0,364.0,386.0,389.0,427.0,468.0,483.0,504.0,812.0,847.0,852.0,854.0,937.0,992.0,
59.0,82.0,89.0,103.0,114.0,132.0,183.0,183.0,188.0,212.0,226.0,243.0,248.0,257.0,261.0,291.0,296.0,349.0,349.0,349.0,375.0,385.0,386.0,387.0,784.0,808.0,921.0,969.0,995.0,
31.0,79.0,98.0,139.0,160.0,225.0,288.0,304.0,307.0,331.0,332.0,332.0,380.0,387.0,404.0,447.0,448.0,449.0,451.0,502.0,508.0,913.0,915.0,
7.0,65.0,85.0,94.0,143.0,216.0,364.0,373.0,377.0,405.0,411.0,440.0,468.0,473.0,483.0,506.0,
22.0,28.0,62.0,64.0,132.0,139.0,166.0,196.0,230.0,274.0,320.0,392.0,413.0,448.0,457.0,633.0,661.0,730.0,745.0,773.0,791.0,881.0,900.0,904.0,908.0,985.0,
3.0,13.0,24.0,41.0,77.0,108.0,111.0,142.0,149.0,182.0,197.0,212.0,216.0,287.0,311.0,352.0,357.0,360.0,384.0,432.0,468.0,474.0,498.0,510.0,514.0,562.0,567.0,598.0,617.0,619.0,646.0,648.0,655.0,670.0,677.0,706.0,722.0,726.0,727.0,745.0,852.0,889.0,892.0,899.0,909.0,935.0,941.0,
3.0,27.0,68.0,90.0,112.0,140.0,171.0,250.0,264.0,285.0,292.0,324.0,357.0,361.0,436.0,473.0,517.0,521.0,552.0,555.0,563.0,570.0,574.0,599.0,614.0,617.0,626.0,632.0,636.0,651.0,654.0,656.0,696.0,752.0,767.0,778.0,805.0,844.0,864.0,866.0,880.0,899.0,900.0,906.0,979.0,
13.0,17.0,33.0,62.0,108.0,132.0,139.0,149.0,191.0,192.0,222.0,245.0,249.0,352.0,364.0,381.0,388.0,395.0,428.0,669.0,727.0,731.0,783.0,801.0,866.0,937.0,966.0,998.0,
34.0,51.0,65.0,68.0,76.0,97.0,135.0,155.0,157.0,215.0,218.0,268.0,309.0,360.0,369.0,387.0,416.0,420.0,431.0,432.0,441.0,476.0,
28.0,30.0,38.0,47.0,116.0,207.0,313.0,379.0,412.0,418.0,443.0,462.0,468.0,483.0,490.0,509.0,
4.0,24.0,74.0,140.0,141.0,228.0,230.0,251.0,259.0,317.0,330.0,403.0,406.0,446.0,458.0,464.0,485.0,488.0,
17.0,24.0,26.0,36.0,43.0,61.0,63.0,104.0,107.0,132.0,163.0,164.0,224.0,271.0,274.0,278.0,306.0,321.0,344.0,356.0,368.0,373.0,411.0,414.0,425.0,432.0,444.0,455.0,501.0,
61.0,62.0,228.0,263.0,283.0,364.0,374.0,410.0,431.0,435.0,451.0,479.0,
39.0,54.0,55.0,58.0,58.0,63.0,71.0,81.0,184.0,201.0,244.0,272.0,331.0,331.0,357.0,386.0,411.0,419.0,423.0,453.0,463.0,490.0,620.0,709.0,717.0,731.0,749.0,806.0,856.0,909.0,915.0,919.0,954.0,960.0,963.0,982.0,
35.0,63.0,73.0,92.0,137.0,139.0,158.0,172.0,174.0,177.0,181.0,190.0,228.0,256.0,305.0,535.0,544.0,578.0,592.0,601.0,616.0,636.0,661.0,687.0,695.0,750.0,759.0,760.0,792.0,797.0,815.0,817.0,831.0,860.0,866.0,872.0,942.0,952.0,953.0,979.0,985.0,995.0,
