5.0,14.0,85.0,98.0,127.0,214.0,221.0,245.0,263.0,269.0,274.0,301.0,302.0,324.0,344.0,461.0,463.0,519.0,576.0,644.0,671.0,676.0,698.0,703.0,740.0,765.0,830.0,856.0,885.0,899.0,923.0,953.0,978.0,
8.0,13.0,126.0,174.0,181.0,195.0,201.0,226.0,231.0,240.0,264.0,272.0,290.0,296.0,309.0,360.0,367.0,375.0,478.0,484.0,528.0,530.0,555.0,566.0,580.0,593.0,616.0,622.0,629.0,638.0,661.0,671.0,673.0,706.0,768.0,785.0,801.0,852.0,875.0,876.0,891.0,905.0,911.0,943.0,944.0,949.0,969.0,975.0,992.0,
52.0,111.0,181.0,192.0,217.0,220.0,220.0,229.0,310.0,319.0,329.0,373.0,389.0,394.0,418.0,470.0,487.0,498.0,505.0,526.0,531.0,532.0,532.0,539.0,542.0,551.0,563.0,570.0,600.0,603.0,620.0,652.0,717.0,722.0,724.0,750.0,764.0,772.0,801.0,809.0,810.0,824.0,852.0,879.0,891.0,917.0,943.0,955.0,
22.0,34.0,107.0,129.0,184.0,239.0,258.0,275.0,386.0,459.0,459.0,535.0,587.0,594.0,596.0,637.0,638.0,649.0,655.0,682.0,685.0,698.0,704.0,744.0,782.0,787.0,791.0,805.0,870.0,880.0,896.0,922.0,927.0,928.0,960.0,985.0,989.0,1000.0,
28.0,45.0,110.0,195.0,231.0,239.0,325.0,327.0,335.0,399.0,444.0,453.0,483.0,488.0,499.0,508.0,509.0,660.0,706.0,714.0,719.0,720.0,725.0,740.0,748.0,753.0,769.0,806.0,851.0,869.0,939.0,960.0,975.0,986.0,990.0,
13.0,22.0,46.0,69.0,79.0,184.0,215.0,228.0,236.0,240.0,289.0,333.0,389.0,392.0,408.0,420.0,445.0,499.0,513.0,740.0,771.0,865.0,892.0,929.0,946.0,950.0,953.0,
10.0,11.0,34.0,68.0,83.0,99.0,100.0,152.0,176.0,219.0,222.0,258.0,276.0,384.0,424.0,424.0,433.0,444.0,606.0,610.0,622.0,655.0,657.0,665.0,688.0,707.0,721.0,737.0,744.0,818.0,836.0,839.0,852.0,860.0,877.0,896.0,916.0,917.0,918.0,919.0,927.0,938.0,939.0,939.0,957.0,962.0,965.0,980.0,991.0,
38.0,58.0,90.0,106.0,140.0,163.0,164.0,198.0,238.0,291.0,341.0,343.0,383.0,391.0,401.0,421.0,453.0,485.0,492.0,506.0,600.0,650.0,672.0,679.0,679.0,714.0,722.0,732.0,736.0,746.0,757.0,777.0,795.0,836.0,870.0,884.0,911.0,964.0,988.0,
3.0,171.0,182.0,243.0,256.0,296.0,320.0,348.0,373.0,394.0,416.0,511.0,532.0,555.0,575.0,578.0,610.0,754.0,765.0,770.0,785.0,802.0,812.0,818.0,860.0,880.0,884.0,898.0,920.0,993.0,
3.0,6.0,43.0,45.0,58.0,119.0,150.0,156.0,166.0,199.0,229.0,256.0,294.0,316.0,349.0,400.0,404.0,409.0,436.0,441.0,545.0,580.0,581.0,583.0,584.0,588.0,604.0,640.0,653.0,708.0,709.0,763.0,777.0,805.0,830.0,865.0,869.0,876.0,929.0,941.0,945.0,957.0,970.0,980.0,991.0,
19.0,30.0,105.0,113.0,118.0,141.0,147.0,194.0,226.0,227.0,238.0,275.0,494.0,511.0,522.0,532.0,539.0,552.0,553.0,571.0,593.0,608.0,621.0,634.0,649.0,652.0,677.0,697.0,721.0,761.0,781.0,885.0,899.0,904.0,977.0,
4.0,14.0,95.0,107.0,116.0,163.0,205.0,238.0,260.0,343.0,344.0,354.0,422.0,495.0,502.0,505.0,531.0,543.0,562.0,612.0,625.0,646.0,660.0,686.0,689.0,715.0,739.0,759.0,784.0,787.0,787.0,815.0,826.0,849.0,853.0,860.0,888.0,956.0,969.0,973.0,978.0,992.0,
64.0,70.0,94.0,98.0,107.0,134.0,145.0,162.0,195.0,198.0,223.0,229.0,255.0,309.0,327.0,350.0,371.0,374.0,387.0,414.0,435.0,482.0,678.0,722.0,757.0,779.0,782.0,787.0,833.0,850.0,853.0,868.0,941.0,972.0,
4.0,44.0,94.0,97.0,119.0,267.0,278.0,282.0,291.0,333.0,341.0,359.0,359.0,412.0,435.0,465.0,479.0,496.0,
28.0,64.0,89.0,95.0,115.0,166.0,175.0,196.0,220.0,295.0,329.0,413.0,433.0,436.0,
24.0,43.0,131.0,158.0,159.0,185.0,196.0,197.0,218.0,235.0,266.0,276.0,297.0,364.0,386.0,390.0,404.0,407.0,422.0,
18.0,19.0,35.0,84.0,90.0,109.0,113.0,120.0,177.0,234.0,325.0,366.0,367.0,449.0,461.0,480.0,490.0,
21.0,46.0,46.0,47.0,130.0,148.0,154.0,158.0,161.0,161.0,218.0,250.0,304.0,325.0,330.0,341.0,369.0,370.0,386.0,419.0,420.0,436.0,448.0,478.0,
75.0,93.0,110.0,130.0,141.0,355.0,356.0,421.0,428.0,447.0,619.0,637.0,655.0,675.0,748.0,782.0,789.0,810.0,886.0,887.0,908.0,919.0,923.0,966.0,986.0,
25.0,55.0,92.0,104.0,136.0,173.0,187.0,209.0,262.0,263.0,271.0,293.0,340.0,366.0,368.0,411.0,416.0,417.0,501.0,534.0,541.0,573.0,575.0,578.0,651.0,672.0,679.0,685.0,695.0,700.0,705.0,712.0,712.0,715.0,737.0,738.0,777.0,795.0,809.0,820.0,828.0,842.0,876.0,882.0,890.0,898.0,910.0,943.0,944.0,945.0,995.0,
41.0,70.0,77.0,110.0,125.0,145.0,190.0,245.0,251.0,262.0,305.0,329.0,330.0,388.0,429.0,449.0,541.0,565.0,574.0,579.0,630.0,651.0,706.0,728.0,745.0,780.0,796.0,812.0,842.0,850.0,853.0,865.0,869.0,887.0,925.0,970.0,983.0,996.0,
5.0,16.0,160.0,171.0,200.0,224.0,238.0,259.0,280.0,306.0,346.0,354.0,426.0,449.0,482.0,510.0,690.0,691.0,725.0,801.0,814.0,853.0,904.0,919.0,996.0,
36.0,45.0,108.0,116.0,141.0,169.0,201.0,203.0,209.0,300.0,314.0,326.0,327.0,336.0,339.0,430.0,430.0,432.0,436.0,475.0,487.0,502.0,511.0,
2.0,69.0,122.0,155.0,163.0,289.0,315.0,360.0,365.0,397.0,400.0,436.0,448.0,449.0,487.0,794.0,866.0,
18.0,31.0,34.0,37.0,68.0,79.0,80.0,101.0,115.0,135.0,146.0,156.0,162.0,229.0,289.0,316.0,345.0,375.0,392.0,401.0,404.0,410.0,419.0,434.0,448.0,449.0,469.0,490.0,765.0,845.0,
26.0,26.0,29.0,44.0,75.0,79.0,82.0,131.0,174.0,179.0,179.0,236.0,239.0,286.0,327.0,343.0,376.0,404.0,427.0,453.0,801.0,
7.0,8.0,24.0,30.0,34.0,90.0,97.0,119.0,152.0,180.0,202.0,209.0,278.0,280.0,324.0,387.0,395.0,400.0,461.0,497.0,510.0,795.0,816.0,905.0,909.0,931.0,987.0,
100.0,125.0,167.0,252.0,284.0,296.0,304.0,317.0,422.0,423.0,451.0,778.0,971.0,
7.0,44.0,76.0,77.0,102.0,117.0,133.0,201.0,262.0,280.0,298.0,312.0,326.0,333.0,349.0,379.0,408.0,420.0,438.0,439.0,455.0,
2.0,33.0,46.0,65.0,98.0,124.0,153.0,167.0,168.0,246.0,254.0,375.0,376.0,393.0,422.0,437.0,485.0,486.0,659.0,687.0,739.0,762.0,816.0,843.0,863.0,865.0,867.0,926.0,927.0,929.0,961.0,
47.0,49.0,76.0,108.0,116.0,138.0,197.0,226.0,236.0,247.0,263.0,312.0,318.0,338.0,359.0,381.0,394.0,515.0,626.0,644.0,659.0,659.0,712.0,740.0,769.0,815.0,859.0,868.0,916.0,928.0,947.0,982.0,994.0,1000.0,
21.0,22.0,26.0,98.0,179.0,198.0,229.0,301.0,324.0,334.0,354.0,407.0,433.0,476.0,
3.0,8.0,43.0,52.0,107.0,108.0,150.0,166.0,178.0,179.0,197.0,241.0,260.0,261.0,274.0,276.0,296.0,301.0,317.0,480.0,
30.0,36.0,47.0,72.0,78.0,167.0,176.0,287.0,287.0,293.0,337.0,355.0,373.0,375.0,444.0,449.0,487.0,769.0,963.0,
38.0,45.0,77.0,186.0,199.0,206.0,209.0,216.0,235.0,273.0,276.0,292.0,311.0,378.0,401.0,413.0,439.0,466.0,847.0,848.0,
24.0,41.0,46.0,51.0,83.0,94.0,96.0,98.0,118.0,155.0,163.0,214.0,249.0,256.0,257.0,332.0,355.0,363.0,450.0,724.0,765.0,875.0,892.0,928.0,944.0,993.0,
87.0,106.0,132.0,139.0,165.0,168.0,176.0,197.0,208.0,262.0,264.0,293.0,339.0,368.0,467.0,476.0,492.0,732.0,762.0,775.0,845.0,854.0,870.0,905.0,906.0,934.0,972.0,
23.0,43.0,145.0,150.0,150.0,153.0,170.0,333.0,338.0,347.0,364.0,369.0,381.0,429.0,484.0,488.0,493.0,498.0,793.0,862.0,984.0,
25.0,41.0,44.0,55.0,82.0,291.0,310.0,327.0,330.0,357.0,361.0,364.0,374.0,379.0,400.0,408.0,452.0,479.0,492.0,833.0,872.0,
33.0,62.0,83.0,112.0,125.0,158.0,172.0,179.0,237.0,268.0,293.0,333.0,372.0,380.0,385.0,385.0,388.0,394.0,459.0,468.0,476.0,490.0,
5.0,6.0,8.0,18.0,87.0,112.0,114.0,125.0,133.0,170.0,171.0,193.0,211.0,225.0,226.0,284.0,315.0,333.0,341.0,369.0,377.0,421.0,422.0,425.0,448.0,616.0,665.0,701.0,717.0,724.0,753.0,788.0,789.0,823.0,827.0,848.0,916.0,971.0,
23.0,62.0,122.0,125.0,132.0,145.0,154.0,159.0,212.0,220.0,280.0,292.0,300.0,320.0,367.0,368.0,374.0,381.0,387.0,416.0,
50.0,53.0,66.0,88.0,150.0,179.0,195.0,202.0,274.0,337.0,346.0,371.0,413.0,439.0,444.0,452.0,453.0,462.0,484.0,501.0,758.0,849.0,889.0,
36.0,56.0,67.0,174.0,215.0,268.0,280.0,297.0,318.0,343.0,394.0,438.0,456.0,470.0,886.0,938.0,
2.0,51.0,56.0,105.0,145.0,176.0,194.0,221.0,279.0,305.0,305.0,349.0,395.0,486.0,884.0,942.0,
2.0,11.0,50.0,64.0,89.0,149.0,160.0,171.0,236.0,244.0,254.0,274.0,315.0,330.0,372.0,406.0,423.0,435.0,488.0,759.0,796.0,901.0,
39.0,101.0,111.0,133.0,148.0,168.0,196.0,223.0,300.0,315.0,318.0,350.0,362.0,384.0,815.0,844.0,
15.0,24.0,66.0,69.0,99.0,117.0,140.0,182.0,213.0,278.0,324.0,334.0,336.0,374.0,442.0,463.0,781.0,904.0,904.0,924.0,
3.0,62.0,96.0,104.0,105.0,113.0,129.0,169.0,247.0,296.0,314.0,364.0,369.0,387.0,439.0,482.0,493.0,495.0,804.0,954.0,
32.0,51.0,53.0,82.0,101.0,152.0,156.0,173.0,175.0,219.0,318.0,334.0,376.0,493.0,
32.0,75.0,160.0,176.0,195.0,212.0,220.0,285.0,336.0,504.0,639.0,669.0,687.0,705.0,749.0,780.0,814.0,823.0,885.0,898.0,948.0,963.0,980.0,
16.0,23.0,113.0,131.0,137.0,150.0,256.0,280.0,340.0,354.0,366.0,379.0,412.0,418.0,458.0,477.0,480.0,481.0,502.0,506.0,
62.0,67.0,88.0,166.0,185.0,262.0,291.0,315.0,351.0,367.0,383.0,384.0,392.0,405.0,420.0,431.0,841.0,
38.0,92.0,97.0,99.0,149.0,167.0,210.0,246.0,254.0,285.0,314.0,335.0,413.0,478.0,782.0,862.0,924.0,935.0,
14.0,15.0,33.0,34.0,42.0,49.0,84.0,105.0,113.0,123.0,129.0,155.0,207.0,236.0,286.0,305.0,336.0,409.0,441.0,454.0,499.0,792.0,813.0,824.0,836.0,863.0,907.0,992.0,
26.0,28.0,50.0,131.0,154.0,155.0,181.0,264.0,265.0,274.0,332.0,332.0,342.0,368.0,386.0,388.0,391.0,420.0,474.0,749.0,758.0,782.0,841.0,
45.0,84.0,98.0,119.0,134.0,136.0,136.0,165.0,183.0,195.0,200.0,265.0,293.0,387.0,396.0,399.0,494.0,501.0,506.0,805.0,944.0,966.0,
22.0,24.0,43.0,71.0,127.0,138.0,165.0,167.0,313.0,316.0,356.0,361.0,386.0,436.0,495.0,720.0,748.0,763.0,788.0,814.0,823.0,968.0,973.0,983.0,
94.0,117.0,125.0,130.0,140.0,144.0,146.0,158.0,218.0,226.0,300.0,356.0,383.0,405.0,468.0,482.0,496.0,811.0,851.0,890.0,
78.0,80.0,117.0,145.0,158.0,263.0,296.0,296.0,304.0,307.0,318.0,320.0,332.0,335.0,379.0,397.0,432.0,445.0,461.0,
8.0,18.0,21.0,96.0,108.0,125.0,126.0,145.0,172.0,187.0,211.0,223.0,267.0,438.0,446.0,449.0,638.0,658.0,688.0,730.0,736.0,736.0,754.0,785.0,797.0,822.0,841.0,843.0,866.0,875.0,903.0,906.0,912.0,937.0,970.0,973.0,982.0,
72.0,99.0,127.0,180.0,182.0,194.0,212.0,222.0,249.0,254.0,268.0,327.0,350.0,353.0,372.0,452.0,454.0,460.0,484.0,491.0,
12.0,15.0,35.0,38.0,47.0,60.0,124.0,128.0,161.0,168.0,170.0,188.0,190.0,220.0,243.0,279.0,303.0,374.0,417.0,426.0,476.0,500.0,835.0,875.0,894.0,902.0,
5.0,17.0,17.0,121.0,255.0,410.0,411.0,415.0,419.0,492.0,502.0,761.0,865.0,912.0,929.0,959.0,976.0,
18.0,32.0,52.0,78.0,164.0,168.0,180.0,184.0,185.0,187.0,193.0,272.0,301.0,353.0,363.0,442.0,458.0,461.0,475.0,489.0,846.0,849.0,867.0,944.0,979.0,
236.0,300.0,392.0,428.0,470.0,485.0,715.0,725.0,761.0,785.0,792.0,910.0,953.0,957.0,
5.0,108.0,129.0,135.0,198.0,215.0,253.0,280.0,304.0,336.0,392.0,410.0,427.0,433.0,444.0,446.0,509.0,721.0,830.0,842.0,888.0,
21.0,95.0,110.0,114.0,136.0,142.0,200.0,310.0,311.0,330.0,333.0,361.0,474.0,502.0,773.0,816.0,849.0,870.0,924.0,955.0,
43.0,148.0,168.0,193.0,213.0,242.0,254.0,367.0,367.0,395.0,425.0,449.0,454.0,886.0,902.0,916.0,
54.0,82.0,98.0,114.0,141.0,244.0,256.0,306.0,309.0,346.0,412.0,417.0,460.0,462.0,479.0,490.0,507.0,
4.0,41.0,58.0,74.0,75.0,94.0,98.0,202.0,336.0,354.0,375.0,402.0,410.0,437.0,506.0,541.0,586.0,617.0,676.0,678.0,682.0,692.0,696.0,700.0,709.0,712.0,766.0,775.0,778.0,850.0,892.0,892.0,893.0,952.0,
5.0,35.0,63.0,141.0,159.0,160.0,220.0,270.0,278.0,313.0,315.0,353.0,376.0,398.0,401.0,415.0,453.0,471.0,490.0,496.0,509.0,
8.0,30.0,43.0,98.0,120.0,161.0,162.0,169.0,183.0,188.0,216.0,223.0,237.0,239.0,292.0,298.0,303.0,310.0,323.0,357.0,388.0,936.0,948.0,965.0,
63.0,103.0,115.0,124.0,157.0,248.0,256.0,256.0,293.0,303.0,313.0,327.0,373.0,396.0,411.0,420.0,423.0,439.0,440.0,458.0,470.0,507.0,809.0,956.0,976.0,
12.0,14.0,15.0,55.0,111.0,146.0,177.0,240.0,330.0,359.0,365.0,438.0,443.0,469.0,740.0,923.0,936.0,962.0,
40.0,66.0,68.0,118.0,170.0,188.0,226.0,280.0,285.0,314.0,316.0,415.0,438.0,456.0,491.0,507.0,813.0,881.0,942.0,
54.0,117.0,142.0,159.0,175.0,177.0,189.0,210.0,242.0,276.0,293.0,329.0,351.0,356.0,373.0,387.0,398.0,409.0,455.0,797.0,
5.0,70.0,92.0,154.0,157.0,192.0,197.0,212.0,252.0,291.0,342.0,393.0,393.0,433.0,435.0,450.0,451.0,507.0,776.0,806.0,966.0,
93.0,107.0,114.0,191.0,192.0,253.0,253.0,260.0,265.0,273.0,375.0,461.0,484.0,500.0,941.0,
60.0,105.0,152.0,168.0,173.0,187.0,245.0,262.0,263.0,288.0,323.0,326.0,402.0,418.0,459.0,459.0,499.0,992.0,
8.0,26.0,71.0,75.0,124.0,136.0,152.0,154.0,195.0,207.0,223.0,229.0,352.0,408.0,415.0,429.0,460.0,479.0,483.0,497.0,549.0,555.0,564.0,567.0,698.0,703.0,707.0,743.0,744.0,769.0,785.0,815.0,848.0,849.0,855.0,876.0,881.0,948.0,950.0,968.0,
49.0,81.0,101.0,109.0,141.0,149.0,181.0,198.0,205.0,214.0,222.0,290.0,420.0,481.0,484.0,494.0,707.0,719.0,794.0,847.0,856.0,898.0,931.0,991.0,998.0,
9.0,19.0,55.0,71.0,90.0,91.0,112.0,118.0,187.0,201.0,239.0,282.0,297.0,301.0,324.0,386.0,390.0,484.0,
28.0,31.0,49.0,68.0,89.0,148.0,177.0,178.0,183.0,234.0,265.0,354.0,362.0,428.0,508.0,796.0,879.0,
33.0,42.0,42.0,64.0,72.0,127.0,227.0,236.0,238.0,277.0,279.0,298.0,349.0,353.0,361.0,365.0,390.0,419.0,482.0,497.0,778.0,991.0,
51.0,54.0,80.0,92.0,105.0,134.0,155.0,246.0,353.0,442.0,450.0,460.0,476.0,903.0,
54.0,97.0,133.0,136.0,173.0,181.0,191.0,245.0,248.0,266.0,275.0,341.0,445.0,471.0,748.0,796.0,798.0,947.0,999.0,
30.0,75.0,79.0,88.0,142.0,143.0,168.0,246.0,315.0,377.0,378.0,384.0,395.0,416.0,477.0,498.0,504.0,859.0,890.0,956.0,
7.0,28.0,78.0,86.0,102.0,125.0,126.0,132.0,146.0,164.0,172.0,252.0,290.0,295.0,298.0,328.0,331.0,335.0,393.0,421.0,438.0,461.0,484.0,498.0,
10.0,80.0,100.0,146.0,180.0,203.0,205.0,258.0,261.0,277.0,291.0,410.0,433.0,438.0,449.0,452.0,656.0,678.0,688.0,726.0,734.0,764.0,787.0,804.0,810.0,817.0,873.0,991.0,
52.0,55.0,82.0,156.0,159.0,176.0,185.0,219.0,297.0,318.0,332.0,335.0,387.0,403.0,405.0,485.0,486.0,487.0,565.0,618.0,618.0,653.0,675.0,687.0,703.0,732.0,742.0,784.0,829.0,875.0,969.0,972.0,988.0,
12.0,75.0,114.0,118.0,162.0,174.0,204.0,210.0,259.0,297.0,335.0,393.0,455.0,466.0,516.0,516.0,575.0,576.0,584.0,592.0,602.0,617.0,631.0,674.0,674.0,675.0,679.0,699.0,712.0,716.0,719.0,722.0,729.0,747.0,755.0,794.0,821.0,884.0,918.0,948.0,
23.0,34.0,40.0,62.0,67.0,97.0,140.0,173.0,185.0,242.0,247.0,355.0,362.0,429.0,442.0,447.0,474.0,477.0,641.0,696.0,722.0,814.0,839.0,859.0,897.0,918.0,931.0,963.0,968.0,
20.0,63.0,73.0,77.0,82.0,85.0,123.0,133.0,235.0,241.0,260.0,268.0,305.0,309.0,321.0,386.0,419.0,424.0,432.0,444.0,471.0,472.0,473.0,486.0,503.0,
8.0,48.0,106.0,118.0,158.0,167.0,169.0,216.0,235.0,250.0,284.0,312.0,321.0,355.0,356.0,387.0,398.0,431.0,470.0,482.0,
121.0,171.0,257.0,280.0,289.0,312.0,339.0,361.0,378.0,487.0,500.0,
5.0,7.0,12.0,37.0,67.0,102.0,115.0,153.0,238.0,267.0,318.0,341.0,347.0,361.0,389.0,389.0,398.0,468.0,500.0,
22.0,33.0,79.0,148.0,191.0,200.0,209.0,263.0,264.0,276.0,304.0,311.0,311.0,342.0,365.0,422.0,446.0,476.0,493.0,505.0,
14.0,45.0,69.0,87.0,102.0,105.0,107.0,121.0,122.0,130.0,131.0,135.0,137.0,144.0,174.0,209.0,211.0,265.0,272.0,372.0,412.0,442.0,442.0,484.0,513.0,626.0,680.0,771.0,803.0,839.0,847.0,853.0,861.0,970.0,973.0,
19.0,75.0,77.0,111.0,125.0,132.0,133.0,147.0,185.0,232.0,240.0,241.0,297.0,298.0,313.0,315.0,406.0,438.0,501.0,525.0,530.0,574.0,595.0,620.0,624.0,633.0,710.0,720.0,727.0,771.0,795.0,813.0,814.0,835.0,842.0,862.0,882.0,913.0,945.0,966.0,985.0,
