5.0,29.0,40.0,51.0,52.0,98.0,103.0,109.0,114.0,188.0,190.0,290.0,298.0,299.0,303.0,315.0,344.0,346.0,347.0,359.0,403.0,418.0,439.0,487.0,496.0,531.0,535.0,550.0,558.0,577.0,638.0,653.0,657.0,684.0,701.0,731.0,775.0,800.0,845.0,966.0,
27.0,34.0,60.0,98.0,117.0,122.0,125.0,136.0,152.0,172.0,182.0,212.0,232.0,233.0,236.0,238.0,241.0,299.0,355.0,397.0,413.0,418.0,432.0,437.0,461.0,556.0,581.0,590.0,606.0,606.0,638.0,714.0,751.0,767.0,837.0,849.0,890.0,915.0,934.0,967.0,980.0,985.0,
51.0,79.0,149.0,150.0,158.0,166.0,170.0,186.0,190.0,201.0,212.0,216.0,241.0,260.0,296.0,299.0,336.0,378.0,385.0,401.0,491.0,532.0,723.0,731.0,819.0,822.0,907.0,907.0,918.0,958.0,
109.0,128.0,142.0,188.0,196.0,206.0,304.0,322.0,324.0,374.0,385.0,401.0,407.0,428.0,445.0,471.0,497.0,533.0,622.0,769.0,771.0,779.0,785.0,853.0,888.0,898.0,940.0,972.0,975.0,
50.0,115.0,139.0,148.0,162.0,162.0,168.0,175.0,205.0,280.0,324.0,340.0,360.0,361.0,370.0,382.0,386.0,450.0,466.0,475.0,477.0,484.0,486.0,487.0,488.0,499.0,500.0,519.0,547.0,561.0,580.0,601.0,601.0,614.0,692.0,692.0,724.0,782.0,823.0,825.0,843.0,876.0,974.0,983.0,990.0,
7.0,19.0,119.0,129.0,146.0,154.0,178.0,183.0,191.0,213.0,238.0,255.0,266.0,274.0,284.0,340.0,346.0,374.0,389.0,428.0,463.0,490.0,519.0,546.0,557.0,589.0,643.0,665.0,688.0,728.0,844.0,849.0,924.0,956.0,958.0,
2.0,8.0,70.0,81.0,95.0,112.0,119.0,170.0,205.0,228.0,257.0,257.0,270.0,287.0,299.0,317.0,328.0,351.0,357.0,431.0,432.0,440.0,467.0,510.0,522.0,554.0,557.0,568.0,582.0,589.0,592.0,630.0,765.0,790.0,793.0,817.0,878.0,901.0,913.0,
10.0,16.0,55.0,80.0,101.0,168.0,176.0,213.0,217.0,223.0,244.0,294.0,332.0,409.0,438.0,444.0,465.0,496.0,515.0,560.0,576.0,588.0,630.0,669.0,767.0,884.0,926.0,951.0,984.0,
5.0,43.0,92.0,96.0,220.0,226.0,274.0,276.0,281.0,283.0,297.0,312.0,329.0,338.0,404.0,415.0,439.0,504.0,525.0,565.0,569.0,633.0,730.0,769.0,774.0,778.0,795.0,842.0,907.0,943.0,957.0,
15.0,39.0,42.0,68.0,116.0,128.0,140.0,198.0,236.0,282.0,334.0,340.0,376.0,385.0,460.0,474.0,514.0,580.0,588.0,593.0,601.0,612.0,630.0,692.0,764.0,785.0,785.0,804.0,832.0,842.0,861.0,878.0,888.0,900.0,904.0,939.0,998.0,
10.0,12.0,50.0,63.0,100.0,117.0,140.0,150.0,171.0,193.0,195.0,220.0,229.0,260.0,302.0,319.0,410.0,424.0,430.0,452.0,518.0,523.0,566.0,573.0,781.0,832.0,833.0,842.0,915.0,927.0,977.0,
21.0,21.0,62.0,70.0,83.0,86.0,89.0,120.0,199.0,277.0,288.0,312.0,328.0,336.0,442.0,445.0,447.0,481.0,501.0,538.0,549.0,568.0,646.0,664.0,713.0,725.0,762.0,792.0,810.0,811.0,936.0,951.0,964.0,989.0,995.0,
12.0,31.0,33.0,82.0,96.0,98.0,99.0,114.0,121.0,125.0,144.0,153.0,160.0,201.0,253.0,273.0,292.0,329.0,344.0,406.0,407.0,417.0,419.0,423.0,438.0,515.0,520.0,539.0,553.0,562.0,578.0,608.0,614.0,653.0,679.0,684.0,686.0,699.0,754.0,782.0,848.0,849.0,873.0,935.0,968.0,968.0,
4.0,14.0,31.0,39.0,50.0,51.0,74.0,89.0,93.0,101.0,132.0,138.0,175.0,208.0,246.0,257.0,267.0,274.0,277.0,327.0,329.0,351.0,375.0,396.0,475.0,476.0,519.0,524.0,525.0,526.0,529.0,542.0,550.0,564.0,566.0,589.0,594.0,602.0,620.0,634.0,637.0,638.0,654.0,673.0,674.0,688.0,700.0,711.0,715.0,739.0,743.0,744.0,759.0,821.0,826.0,830.0,844.0,844.0,846.0,871.0,891.0,926.0,938.0,950.0,951.0,970.0,982.0,985.0,
28.0,31.0,50.0,93.0,147.0,155.0,195.0,265.0,346.0,369.0,376.0,380.0,385.0,409.0,411.0,460.0,462.0,478.0,481.0,481.0,494.0,512.0,524.0,524.0,530.0,534.0,540.0,542.0,547.0,551.0,558.0,562.0,565.0,580.0,581.0,592.0,607.0,608.0,616.0,622.0,623.0,639.0,647.0,651.0,655.0,659.0,681.0,691.0,714.0,720.0,724.0,732.0,739.0,748.0,754.0,755.0,763.0,768.0,799.0,823.0,834.0,863.0,881.0,905.0,906.0,916.0,927.0,927.0,940.0,959.0,990.0,
5.0,75.0,104.0,123.0,150.0,167.0,187.0,239.0,261.0,281.0,287.0,304.0,310.0,318.0,359.0,380.0,412.0,416.0,425.0,483.0,483.0,507.0,511.0,516.0,518.0,521.0,522.0,527.0,530.0,538.0,548.0,548.0,549.0,551.0,554.0,558.0,559.0,562.0,571.0,579.0,581.0,598.0,599.0,607.0,619.0,621.0,632.0,670.0,686.0,689.0,699.0,712.0,744.0,745.0,746.0,763.0,770.0,790.0,795.0,847.0,858.0,873.0,909.0,930.0,945.0,954.0,968.0,969.0,970.0,980.0,990.0,
33.0,84.0,107.0,180.0,193.0,207.0,248.0,284.0,284.0,290.0,337.0,354.0,356.0,359.0,374.0,389.0,401.0,414.0,455.0,512.0,531.0,550.0,555.0,556.0,557.0,563.0,564.0,568.0,570.0,573.0,573.0,592.0,596.0,597.0,599.0,600.0,611.0,618.0,619.0,627.0,633.0,634.0,640.0,735.0,739.0,774.0,826.0,854.0,856.0,857.0,859.0,860.0,875.0,877.0,922.0,931.0,933.0,936.0,938.0,961.0,971.0,986.0,988.0,
8.0,49.0,104.0,105.0,120.0,125.0,198.0,224.0,226.0,245.0,250.0,259.0,302.0,320.0,334.0,355.0,477.0,485.0,486.0,514.0,527.0,538.0,547.0,547.0,552.0,556.0,583.0,584.0,595.0,595.0,603.0,607.0,607.0,613.0,619.0,620.0,622.0,631.0,655.0,656.0,661.0,665.0,689.0,690.0,691.0,705.0,705.0,725.0,736.0,736.0,767.0,803.0,804.0,810.0,855.0,862.0,908.0,916.0,923.0,925.0,942.0,989.0,991.0,1000.0,
10.0,90.0,110.0,119.0,129.0,166.0,178.0,190.0,252.0,260.0,295.0,302.0,307.0,345.0,349.0,401.0,449.0,462.0,462.0,481.0,510.0,545.0,548.0,554.0,590.0,592.0,615.0,625.0,634.0,752.0,761.0,761.0,811.0,820.0,887.0,946.0,976.0,978.0,985.0,
26.0,96.0,146.0,182.0,185.0,240.0,249.0,291.0,336.0,343.0,346.0,361.0,374.0,383.0,400.0,428.0,438.0,449.0,480.0,496.0,498.0,628.0,747.0,836.0,
2.0,116.0,122.0,124.0,146.0,161.0,182.0,190.0,195.0,195.0,321.0,382.0,384.0,386.0,468.0,560.0,562.0,567.0,625.0,853.0,863.0,930.0,931.0,970.0,
19.0,82.0,89.0,99.0,106.0,114.0,128.0,141.0,156.0,196.0,203.0,215.0,250.0,254.0,266.0,270.0,305.0,317.0,356.0,363.0,382.0,390.0,401.0,505.0,527.0,542.0,550.0,555.0,611.0,614.0,625.0,648.0,658.0,663.0,709.0,818.0,846.0,849.0,878.0,882.0,
31.0,63.0,141.0,165.0,188.0,206.0,207.0,211.0,240.0,344.0,372.0,389.0,415.0,446.0,484.0,492.0,500.0,504.0,515.0,516.0,518.0,530.0,533.0,534.0,539.0,553.0,560.0,573.0,579.0,586.0,608.0,608.0,632.0,636.0,642.0,642.0,645.0,653.0,654.0,672.0,677.0,700.0,702.0,704.0,705.0,725.0,738.0,751.0,752.0,752.0,757.0,761.0,767.0,768.0,778.0,778.0,795.0,798.0,810.0,830.0,840.0,848.0,849.0,858.0,858.0,919.0,922.0,967.0,
18.0,22.0,23.0,122.0,180.0,187.0,190.0,245.0,260.0,274.0,321.0,372.0,395.0,396.0,413.0,419.0,423.0,463.0,481.0,527.0,529.0,533.0,541.0,547.0,548.0,549.0,558.0,561.0,562.0,570.0,574.0,582.0,583.0,585.0,586.0,588.0,598.0,599.0,614.0,624.0,626.0,629.0,631.0,635.0,635.0,638.0,645.0,653.0,654.0,656.0,665.0,665.0,680.0,685.0,714.0,719.0,720.0,723.0,739.0,759.0,761.0,762.0,763.0,764.0,804.0,855.0,858.0,881.0,927.0,966.0,973.0,975.0,
19.0,27.0,40.0,48.0,53.0,70.0,89.0,104.0,104.0,110.0,129.0,129.0,158.0,200.0,224.0,237.0,266.0,275.0,297.0,305.0,339.0,505.0,508.0,529.0,534.0,535.0,545.0,545.0,547.0,554.0,554.0,560.0,566.0,579.0,584.0,592.0,606.0,615.0,619.0,626.0,636.0,656.0,673.0,681.0,693.0,703.0,726.0,734.0,737.0,740.0,749.0,754.0,762.0,777.0,778.0,781.0,786.0,808.0,809.0,821.0,840.0,844.0,874.0,874.0,883.0,894.0,967.0,984.0,993.0,
8.0,49.0,62.0,70.0,82.0,130.0,166.0,185.0,199.0,236.0,240.0,261.0,362.0,390.0,426.0,432.0,449.0,468.0,478.0,519.0,525.0,530.0,535.0,537.0,545.0,546.0,547.0,547.0,556.0,563.0,563.0,570.0,577.0,582.0,583.0,584.0,596.0,596.0,597.0,598.0,605.0,609.0,609.0,616.0,619.0,626.0,630.0,647.0,665.0,736.0,740.0,781.0,818.0,821.0,824.0,837.0,875.0,904.0,905.0,929.0,929.0,963.0,972.0,972.0,985.0,
16.0,59.0,102.0,107.0,123.0,125.0,220.0,243.0,263.0,316.0,318.0,368.0,369.0,407.0,433.0,448.0,453.0,467.0,523.0,532.0,534.0,539.0,543.0,547.0,562.0,569.0,579.0,580.0,583.0,595.0,596.0,635.0,638.0,644.0,690.0,710.0,750.0,757.0,773.0,779.0,792.0,797.0,821.0,830.0,844.0,851.0,859.0,871.0,874.0,887.0,929.0,996.0,
10.0,37.0,132.0,157.0,160.0,180.0,269.0,365.0,370.0,383.0,396.0,400.0,415.0,518.0,527.0,533.0,533.0,549.0,555.0,559.0,565.0,569.0,573.0,581.0,582.0,583.0,599.0,601.0,614.0,627.0,633.0,635.0,635.0,668.0,688.0,689.0,689.0,698.0,715.0,716.0,720.0,742.0,755.0,767.0,783.0,805.0,821.0,832.0,859.0,868.0,877.0,878.0,886.0,893.0,894.0,914.0,933.0,936.0,
4.0,17.0,89.0,99.0,120.0,237.0,305.0,340.0,343.0,364.0,381.0,389.0,401.0,444.0,519.0,521.0,525.0,527.0,528.0,533.0,538.0,539.0,548.0,554.0,562.0,566.0,573.0,579.0,584.0,585.0,587.0,587.0,604.0,608.0,633.0,636.0,644.0,645.0,653.0,659.0,662.0,684.0,699.0,706.0,717.0,723.0,737.0,747.0,753.0,756.0,771.0,780.0,791.0,803.0,818.0,822.0,837.0,842.0,849.0,854.0,856.0,879.0,896.0,897.0,975.0,975.0,985.0,986.0,998.0,999.0,
5.0,19.0,119.0,128.0,128.0,136.0,191.0,226.0,261.0,302.0,314.0,330.0,376.0,411.0,451.0,466.0,492.0,509.0,522.0,527.0,542.0,558.0,604.0,654.0,702.0,712.0,749.0,764.0,771.0,861.0,862.0,888.0,913.0,941.0,958.0,973.0,
23.0,134.0,140.0,193.0,200.0,202.0,214.0,252.0,257.0,284.0,292.0,310.0,323.0,380.0,402.0,525.0,529.0,535.0,536.0,549.0,563.0,611.0,688.0,700.0,727.0,794.0,854.0,
27.0,107.0,131.0,132.0,148.0,166.0,218.0,224.0,334.0,343.0,359.0,360.0,479.0,491.0,538.0,539.0,553.0,569.0,578.0,581.0,582.0,601.0,605.0,612.0,615.0,624.0,636.0,643.0,643.0,645.0,656.0,658.0,674.0,698.0,709.0,709.0,710.0,733.0,748.0,761.0,763.0,774.0,788.0,813.0,833.0,854.0,871.0,923.0,929.0,959.0,961.0,964.0,989.0,
78.0,142.0,149.0,183.0,191.0,200.0,204.0,236.0,291.0,310.0,357.0,365.0,378.0,406.0,499.0,508.0,537.0,549.0,550.0,556.0,579.0,580.0,580.0,582.0,584.0,593.0,596.0,603.0,603.0,604.0,606.0,622.0,622.0,626.0,635.0,645.0,656.0,663.0,664.0,671.0,692.0,697.0,704.0,717.0,729.0,733.0,739.0,760.0,766.0,769.0,772.0,777.0,789.0,792.0,817.0,820.0,839.0,851.0,856.0,860.0,867.0,874.0,882.0,909.0,912.0,929.0,940.0,968.0,978.0,988.0,999.0,
22.0,27.0,36.0,55.0,87.0,99.0,109.0,113.0,128.0,131.0,147.0,148.0,183.0,185.0,211.0,316.0,353.0,386.0,400.0,403.0,434.0,442.0,453.0,492.0,513.0,518.0,518.0,520.0,523.0,531.0,532.0,533.0,539.0,544.0,548.0,548.0,553.0,559.0,560.0,574.0,578.0,579.0,587.0,588.0,610.0,610.0,636.0,644.0,645.0,649.0,650.0,662.0,669.0,679.0,679.0,703.0,717.0,767.0,798.0,808.0,821.0,860.0,861.0,878.0,897.0,954.0,962.0,978.0,979.0,981.0,993.0,999.0,
21.0,59.0,73.0,80.0,91.0,120.0,157.0,162.0,162.0,214.0,293.0,309.0,329.0,371.0,414.0,417.0,422.0,424.0,452.0,477.0,522.0,531.0,533.0,535.0,537.0,539.0,542.0,555.0,573.0,576.0,583.0,597.0,604.0,614.0,619.0,623.0,638.0,643.0,648.0,667.0,668.0,694.0,696.0,721.0,723.0,733.0,747.0,761.0,763.0,774.0,779.0,780.0,781.0,785.0,786.0,789.0,832.0,836.0,846.0,849.0,857.0,912.0,924.0,928.0,932.0,948.0,1000.0,
9.0,44.0,119.0,122.0,127.0,138.0,158.0,181.0,181.0,217.0,264.0,278.0,296.0,305.0,320.0,384.0,397.0,409.0,450.0,529.0,533.0,536.0,547.0,548.0,554.0,563.0,569.0,570.0,574.0,575.0,582.0,585.0,589.0,594.0,594.0,627.0,637.0,639.0,643.0,662.0,670.0,672.0,677.0,692.0,702.0,707.0,718.0,723.0,730.0,738.0,741.0,788.0,809.0,811.0,821.0,833.0,844.0,851.0,884.0,891.0,912.0,925.0,938.0,939.0,976.0,995.0,
237.0,238.0,247.0,249.0,254.0,311.0,352.0,369.0,411.0,426.0,465.0,465.0,511.0,519.0,520.0,525.0,526.0,532.0,532.0,538.0,539.0,547.0,561.0,565.0,566.0,572.0,574.0,575.0,581.0,586.0,590.0,594.0,609.0,624.0,636.0,640.0,648.0,652.0,662.0,670.0,679.0,721.0,729.0,756.0,770.0,777.0,782.0,824.0,847.0,851.0,894.0,921.0,929.0,965.0,981.0,981.0,
16.0,27.0,89.0,100.0,129.0,157.0,168.0,170.0,184.0,204.0,227.0,254.0,271.0,323.0,333.0,386.0,387.0,407.0,419.0,426.0,477.0,485.0,490.0,507.0,519.0,529.0,531.0,537.0,540.0,547.0,552.0,555.0,556.0,561.0,570.0,576.0,589.0,594.0,603.0,624.0,633.0,646.0,649.0,651.0,658.0,662.0,676.0,676.0,688.0,704.0,706.0,718.0,723.0,761.0,788.0,793.0,808.0,813.0,814.0,816.0,818.0,828.0,840.0,862.0,883.0,888.0,922.0,955.0,970.0,975.0,
33.0,34.0,59.0,81.0,119.0,198.0,208.0,225.0,243.0,300.0,358.0,391.0,410.0,479.0,481.0,529.0,539.0,547.0,583.0,593.0,594.0,597.0,598.0,600.0,600.0,622.0,637.0,644.0,665.0,674.0,683.0,686.0,695.0,711.0,716.0,716.0,718.0,723.0,724.0,738.0,738.0,750.0,756.0,762.0,781.0,796.0,808.0,826.0,827.0,833.0,837.0,851.0,871.0,886.0,891.0,895.0,912.0,978.0,
3.0,30.0,38.0,102.0,132.0,150.0,277.0,291.0,355.0,374.0,418.0,458.0,465.0,469.0,503.0,512.0,513.0,515.0,527.0,545.0,553.0,554.0,554.0,557.0,560.0,567.0,572.0,582.0,585.0,595.0,595.0,613.0,614.0,635.0,665.0,674.0,689.0,689.0,712.0,713.0,719.0,720.0,740.0,746.0,756.0,777.0,791.0,797.0,800.0,802.0,813.0,846.0,852.0,860.0,862.0,862.0,862.0,865.0,868.0,871.0,874.0,883.0,908.0,909.0,940.0,941.0,979.0,990.0,
2.0,113.0,139.0,166.0,265.0,276.0,287.0,307.0,437.0,446.0,460.0,489.0,535.0,552.0,555.0,561.0,577.0,601.0,628.0,631.0,764.0,780.0,830.0,872.0,893.0,936.0,943.0,
27.0,31.0,37.0,69.0,97.0,119.0,202.0,211.0,214.0,267.0,268.0,326.0,351.0,391.0,422.0,479.0,481.0,484.0,507.0,510.0,521.0,522.0,540.0,546.0,555.0,557.0,559.0,562.0,563.0,569.0,572.0,592.0,610.0,611.0,620.0,622.0,647.0,650.0,663.0,665.0,665.0,671.0,695.0,712.0,716.0,722.0,731.0,742.0,751.0,771.0,783.0,786.0,792.0,828.0,831.0,857.0,861.0,873.0,884.0,914.0,931.0,939.0,946.0,948.0,961.0,962.0,969.0,975.0,980.0,983.0,985.0,998.0,998.0,
78.0,86.0,125.0,187.0,191.0,192.0,202.0,294.0,321.0,324.0,357.0,383.0,398.0,410.0,453.0,510.0,513.0,521.0,526.0,528.0,529.0,536.0,545.0,551.0,551.0,552.0,553.0,560.0,573.0,579.0,580.0,588.0,590.0,590.0,643.0,653.0,666.0,673.0,696.0,743.0,810.0,812.0,819.0,823.0,830.0,832.0,855.0,872.0,873.0,876.0,903.0,907.0,1000.0,
8.0,49.0,54.0,62.0,65.0,77.0,139.0,227.0,248.0,318.0,357.0,395.0,401.0,426.0,456.0,464.0,472.0,518.0,520.0,521.0,523.0,537.0,541.0,547.0,559.0,576.0,584.0,584.0,585.0,588.0,592.0,596.0,607.0,616.0,630.0,649.0,660.0,668.0,711.0,737.0,750.0,751.0,779.0,779.0,792.0,807.0,821.0,836.0,838.0,838.0,887.0,918.0,944.0,950.0,958.0,960.0,964.0,967.0,999.0,
2.0,21.0,28.0,31.0,39.0,129.0,219.0,271.0,383.0,384.0,426.0,427.0,434.0,441.0,461.0,535.0,540.0,545.0,547.0,550.0,554.0,559.0,571.0,575.0,586.0,587.0,591.0,595.0,596.0,602.0,614.0,673.0,690.0,700.0,703.0,703.0,727.0,732.0,768.0,775.0,787.0,830.0,844.0,889.0,906.0,906.0,949.0,955.0,956.0,969.0,
9.0,24.0,26.0,55.0,105.0,161.0,170.0,178.0,199.0,228.0,247.0,269.0,301.0,313.0,319.0,327.0,334.0,335.0,359.0,430.0,477.0,516.0,518.0,518.0,524.0,534.0,535.0,535.0,538.0,539.0,539.0,543.0,550.0,554.0,556.0,559.0,569.0,570.0,571.0,574.0,577.0,593.0,596.0,614.0,628.0,644.0,658.0,662.0,672.0,682.0,686.0,705.0,711.0,752.0,766.0,807.0,823.0,836.0,838.0,846.0,852.0,867.0,879.0,888.0,891.0,897.0,897.0,943.0,963.0,966.0,985.0,
3.0,59.0,84.0,114.0,207.0,226.0,256.0,274.0,323.0,324.0,326.0,359.0,370.0,392.0,420.0,438.0,453.0,517.0,521.0,525.0,534.0,535.0,546.0,548.0,556.0,559.0,561.0,566.0,570.0,571.0,572.0,573.0,583.0,600.0,602.0,602.0,607.0,621.0,627.0,631.0,633.0,657.0,661.0,674.0,702.0,702.0,707.0,711.0,715.0,719.0,731.0,739.0,749.0,882.0,916.0,963.0,965.0,969.0,994.0,
20.0,41.0,113.0,134.0,152.0,198.0,223.0,233.0,297.0,332.0,381.0,440.0,478.0,479.0,511.0,526.0,529.0,530.0,533.0,534.0,540.0,544.0,551.0,553.0,557.0,563.0,565.0,574.0,582.0,582.0,590.0,591.0,593.0,595.0,600.0,603.0,610.0,619.0,626.0,649.0,653.0,656.0,667.0,687.0,698.0,701.0,702.0,728.0,748.0,772.0,778.0,786.0,788.0,793.0,811.0,819.0,835.0,840.0,858.0,885.0,911.0,951.0,979.0,989.0,991.0,
5.0,6.0,20.0,48.0,86.0,177.0,182.0,185.0,190.0,199.0,223.0,283.0,320.0,332.0,341.0,382.0,388.0,395.0,414.0,426.0,433.0,463.0,517.0,529.0,531.0,534.0,536.0,540.0,544.0,545.0,547.0,557.0,558.0,559.0,559.0,563.0,563.0,566.0,570.0,573.0,576.0,576.0,586.0,588.0,604.0,605.0,609.0,631.0,644.0,658.0,664.0,677.0,704.0,720.0,724.0,775.0,809.0,811.0,830.0,863.0,874.0,925.0,950.0,952.0,958.0,959.0,975.0,995.0,
27.0,57.0,95.0,95.0,190.0,191.0,197.0,241.0,244.0,255.0,271.0,281.0,281.0,353.0,368.0,370.0,446.0,449.0,465.0,506.0,507.0,516.0,524.0,538.0,541.0,548.0,555.0,570.0,581.0,581.0,588.0,589.0,596.0,600.0,602.0,604.0,617.0,627.0,636.0,651.0,657.0,668.0,668.0,671.0,683.0,694.0,704.0,709.0,711.0,729.0,736.0,746.0,754.0,757.0,761.0,771.0,774.0,790.0,813.0,847.0,852.0,866.0,869.0,885.0,894.0,915.0,916.0,928.0,929.0,940.0,940.0,950.0,954.0,960.0,973.0,978.0,980.0,990.0,999.0,
78.0,81.0,87.0,91.0,118.0,138.0,138.0,173.0,235.0,276.0,291.0,294.0,342.0,487.0,541.0,542.0,554.0,614.0,636.0,677.0,707.0,710.0,720.0,787.0,836.0,838.0,855.0,890.0,942.0,987.0,
14.0,42.0,70.0,98.0,106.0,149.0,166.0,214.0,346.0,378.0,392.0,431.0,505.0,517.0,517.0,519.0,520.0,532.0,539.0,540.0,547.0,553.0,556.0,556.0,566.0,566.0,567.0,572.0,573.0,573.0,575.0,589.0,593.0,594.0,603.0,606.0,607.0,610.0,621.0,622.0,637.0,640.0,645.0,653.0,654.0,688.0,689.0,704.0,718.0,729.0,732.0,744.0,746.0,747.0,756.0,757.0,757.0,768.0,770.0,788.0,795.0,826.0,831.0,837.0,837.0,849.0,871.0,871.0,888.0,893.0,897.0,920.0,926.0,941.0,958.0,961.0,991.0,
47.0,52.0,93.0,97.0,124.0,134.0,148.0,186.0,279.0,308.0,324.0,327.0,414.0,435.0,438.0,451.0,457.0,468.0,476.0,481.0,488.0,532.0,533.0,541.0,542.0,545.0,547.0,548.0,558.0,560.0,566.0,571.0,574.0,581.0,583.0,591.0,594.0,596.0,605.0,608.0,620.0,622.0,623.0,627.0,628.0,628.0,633.0,639.0,639.0,669.0,723.0,730.0,760.0,766.0,785.0,788.0,803.0,827.0,845.0,848.0,911.0,944.0,979.0,981.0,
13.0,25.0,30.0,81.0,97.0,106.0,111.0,123.0,149.0,153.0,167.0,229.0,245.0,420.0,465.0,492.0,500.0,518.0,530.0,531.0,539.0,542.0,545.0,546.0,546.0,548.0,551.0,552.0,559.0,567.0,586.0,592.0,611.0,617.0,626.0,649.0,656.0,657.0,682.0,687.0,691.0,712.0,750.0,756.0,791.0,844.0,902.0,914.0,917.0,920.0,938.0,963.0,973.0,
6.0,32.0,37.0,89.0,92.0,101.0,132.0,182.0,230.0,242.0,269.0,322.0,357.0,363.0,388.0,459.0,474.0,491.0,498.0,523.0,525.0,529.0,541.0,541.0,542.0,543.0,543.0,543.0,547.0,555.0,556.0,560.0,564.0,568.0,572.0,573.0,577.0,578.0,582.0,604.0,609.0,611.0,621.0,626.0,630.0,633.0,634.0,637.0,641.0,642.0,646.0,664.0,670.0,704.0,727.0,736.0,741.0,755.0,758.0,825.0,837.0,839.0,850.0,859.0,879.0,894.0,910.0,950.0,976.0,999.0,
59.0,65.0,157.0,190.0,191.0,211.0,236.0,254.0,290.0,332.0,336.0,342.0,359.0,380.0,398.0,411.0,430.0,435.0,505.0,520.0,521.0,521.0,533.0,538.0,556.0,572.0,575.0,583.0,590.0,596.0,650.0,654.0,657.0,659.0,659.0,661.0,663.0,683.0,703.0,707.0,715.0,729.0,730.0,735.0,743.0,762.0,769.0,833.0,835.0,847.0,852.0,858.0,873.0,875.0,902.0,918.0,928.0,955.0,955.0,958.0,961.0,972.0,980.0,
10.0,28.0,125.0,149.0,152.0,166.0,175.0,181.0,212.0,263.0,286.0,306.0,377.0,445.0,477.0,519.0,529.0,533.0,539.0,554.0,559.0,559.0,562.0,566.0,566.0,570.0,572.0,581.0,591.0,592.0,604.0,604.0,608.0,610.0,626.0,626.0,626.0,631.0,644.0,692.0,714.0,724.0,730.0,730.0,738.0,747.0,762.0,765.0,775.0,777.0,792.0,799.0,813.0,818.0,820.0,828.0,845.0,853.0,859.0,867.0,886.0,925.0,964.0,995.0,997.0,
5.0,59.0,62.0,71.0,117.0,122.0,160.0,167.0,178.0,210.0,247.0,256.0,267.0,320.0,339.0,361.0,370.0,423.0,429.0,436.0,442.0,489.0,490.0,513.0,532.0,534.0,535.0,545.0,550.0,558.0,564.0,566.0,568.0,570.0,575.0,604.0,604.0,622.0,643.0,646.0,655.0,674.0,690.0,694.0,699.0,722.0,730.0,731.0,733.0,737.0,758.0,818.0,825.0,827.0,843.0,861.0,881.0,889.0,896.0,912.0,919.0,935.0,946.0,957.0,983.0,992.0,
18.0,101.0,103.0,122.0,181.0,199.0,205.0,213.0,228.0,243.0,304.0,432.0,462.0,462.0,482.0,495.0,502.0,520.0,521.0,522.0,523.0,530.0,538.0,540.0,553.0,555.0,560.0,561.0,571.0,578.0,582.0,586.0,609.0,611.0,614.0,619.0,624.0,628.0,629.0,631.0,646.0,649.0,691.0,717.0,748.0,748.0,750.0,760.0,784.0,785.0,805.0,829.0,833.0,843.0,855.0,873.0,884.0,886.0,895.0,904.0,905.0,928.0,942.0,943.0,959.0,961.0,969.0,985.0,986.0,997.0,
71.0,75.0,82.0,108.0,115.0,116.0,166.0,194.0,208.0,214.0,257.0,288.0,289.0,305.0,333.0,352.0,356.0,374.0,443.0,513.0,536.0,538.0,542.0,544.0,547.0,551.0,554.0,555.0,567.0,583.0,586.0,598.0,603.0,604.0,611.0,620.0,628.0,629.0,637.0,659.0,660.0,686.0,693.0,699.0,703.0,706.0,711.0,713.0,722.0,728.0,751.0,782.0,799.0,811.0,830.0,837.0,846.0,848.0,872.0,879.0,894.0,902.0,905.0,923.0,944.0,948.0,959.0,967.0,984.0,994.0,
72.0,119.0,147.0,245.0,251.0,332.0,391.0,492.0,510.0,530.0,547.0,556.0,562.0,603.0,605.0,609.0,613.0,668.0,674.0,707.0,753.0,764.0,783.0,879.0,887.0,927.0,937.0,
113.0,133.0,136.0,246.0,299.0,323.0,332.0,337.0,367.0,385.0,416.0,433.0,456.0,456.0,490.0,492.0,505.0,535.0,536.0,536.0,538.0,549.0,554.0,561.0,564.0,564.0,568.0,579.0,579.0,582.0,587.0,588.0,595.0,596.0,603.0,612.0,616.0,623.0,628.0,631.0,637.0,642.0,680.0,690.0,695.0,698.0,711.0,742.0,744.0,745.0,755.0,777.0,791.0,805.0,812.0,882.0,911.0,938.0,943.0,963.0,969.0,976.0,997.0,999.0,
65.0,77.0,137.0,137.0,155.0,161.0,190.0,197.0,201.0,237.0,254.0,445.0,476.0,494.0,510.0,536.0,537.0,538.0,544.0,545.0,580.0,580.0,581.0,582.0,582.0,585.0,598.0,598.0,613.0,627.0,631.0,633.0,645.0,663.0,676.0,680.0,681.0,698.0,717.0,728.0,748.0,757.0,776.0,782.0,789.0,794.0,796.0,831.0,869.0,871.0,909.0,955.0,961.0,991.0,
8.0,45.0,52.0,61.0,71.0,126.0,196.0,230.0,252.0,269.0,325.0,341.0,351.0,376.0,385.0,401.0,452.0,477.0,486.0,510.0,515.0,530.0,531.0,534.0,536.0,539.0,541.0,542.0,549.0,557.0,570.0,583.0,599.0,612.0,616.0,617.0,618.0,623.0,631.0,632.0,635.0,641.0,646.0,672.0,673.0,674.0,680.0,693.0,697.0,700.0,715.0,721.0,731.0,758.0,764.0,769.0,771.0,777.0,784.0,785.0,802.0,803.0,808.0,815.0,816.0,819.0,824.0,865.0,885.0,889.0,901.0,907.0,924.0,929.0,932.0,953.0,970.0,976.0,
127.0,140.0,196.0,224.0,236.0,263.0,294.0,447.0,483.0,524.0,529.0,534.0,538.0,538.0,541.0,546.0,546.0,547.0,549.0,549.0,553.0,561.0,562.0,577.0,577.0,579.0,590.0,590.0,596.0,602.0,602.0,618.0,625.0,626.0,635.0,647.0,658.0,662.0,665.0,686.0,691.0,707.0,726.0,757.0,775.0,783.0,793.0,794.0,816.0,820.0,837.0,866.0,867.0,883.0,884.0,897.0,947.0,955.0,963.0,982.0,
3.0,8.0,12.0,24.0,171.0,186.0,249.0,254.0,268.0,309.0,337.0,340.0,384.0,400.0,437.0,458.0,476.0,496.0,519.0,523.0,523.0,540.0,546.0,550.0,555.0,558.0,573.0,574.0,575.0,576.0,584.0,585.0,590.0,593.0,614.0,615.0,621.0,624.0,631.0,632.0,634.0,639.0,664.0,665.0,666.0,671.0,702.0,706.0,710.0,718.0,722.0,725.0,756.0,761.0,765.0,769.0,780.0,782.0,814.0,847.0,854.0,857.0,892.0,915.0,921.0,922.0,949.0,978.0,999.0,
22.0,23.0,24.0,30.0,135.0,156.0,183.0,186.0,209.0,233.0,307.0,355.0,400.0,404.0,412.0,476.0,513.0,515.0,528.0,535.0,537.0,541.0,542.0,543.0,543.0,544.0,553.0,557.0,570.0,577.0,578.0,594.0,599.0,604.0,607.0,610.0,621.0,642.0,647.0,649.0,655.0,666.0,708.0,720.0,720.0,747.0,747.0,757.0,763.0,772.0,796.0,800.0,816.0,829.0,837.0,892.0,932.0,944.0,945.0,956.0,980.0,
17.0,44.0,77.0,107.0,109.0,127.0,156.0,174.0,205.0,247.0,370.0,394.0,403.0,432.0,455.0,513.0,517.0,520.0,532.0,539.0,542.0,544.0,547.0,547.0,549.0,563.0,569.0,572.0,576.0,579.0,582.0,592.0,598.0,613.0,613.0,615.0,622.0,637.0,643.0,664.0,671.0,694.0,708.0,725.0,729.0,736.0,752.0,775.0,782.0,808.0,816.0,823.0,845.0,845.0,872.0,890.0,910.0,910.0,915.0,946.0,966.0,967.0,994.0,994.0,996.0,998.0,
9.0,70.0,120.0,143.0,184.0,186.0,211.0,239.0,255.0,305.0,308.0,334.0,346.0,372.0,412.0,440.0,443.0,484.0,522.0,525.0,533.0,537.0,538.0,538.0,544.0,544.0,546.0,549.0,552.0,553.0,561.0,563.0,563.0,604.0,607.0,616.0,646.0,687.0,713.0,723.0,730.0,731.0,761.0,763.0,767.0,777.0,785.0,829.0,856.0,925.0,962.0,969.0,977.0,
13.0,21.0,25.0,30.0,84.0,88.0,116.0,156.0,166.0,239.0,308.0,325.0,358.0,443.0,451.0,460.0,462.0,468.0,502.0,516.0,519.0,521.0,531.0,533.0,546.0,551.0,555.0,568.0,575.0,581.0,584.0,609.0,618.0,623.0,630.0,630.0,644.0,653.0,658.0,661.0,689.0,689.0,699.0,704.0,714.0,725.0,742.0,817.0,819.0,831.0,850.0,874.0,906.0,929.0,936.0,940.0,941.0,947.0,959.0,964.0,998.0,
37.0,91.0,108.0,141.0,240.0,276.0,330.0,339.0,385.0,396.0,423.0,468.0,478.0,495.0,507.0,512.0,599.0,670.0,671.0,708.0,776.0,824.0,838.0,896.0,955.0,987.0,
13.0,20.0,29.0,71.0,86.0,112.0,122.0,162.0,182.0,195.0,198.0,252.0,261.0,269.0,326.0,342.0,353.0,354.0,431.0,485.0,486.0,496.0,527.0,528.0,529.0,546.0,557.0,559.0,570.0,585.0,596.0,631.0,638.0,656.0,686.0,693.0,711.0,712.0,730.0,754.0,767.0,779.0,820.0,832.0,838.0,871.0,887.0,889.0,891.0,918.0,932.0,956.0,970.0,981.0,983.0,985.0,
4.0,17.0,28.0,58.0,69.0,73.0,93.0,138.0,197.0,229.0,243.0,276.0,321.0,339.0,370.0,416.0,518.0,520.0,528.0,528.0,537.0,538.0,545.0,545.0,547.0,549.0,553.0,554.0,555.0,557.0,557.0,566.0,572.0,575.0,586.0,592.0,595.0,600.0,612.0,625.0,631.0,642.0,676.0,713.0,715.0,727.0,728.0,737.0,746.0,760.0,762.0,797.0,825.0,850.0,876.0,889.0,891.0,894.0,895.0,903.0,934.0,945.0,957.0,972.0,987.0,
53.0,75.0,139.0,141.0,200.0,230.0,237.0,313.0,316.0,328.0,358.0,359.0,390.0,512.0,520.0,520.0,522.0,535.0,538.0,540.0,550.0,552.0,557.0,561.0,562.0,564.0,565.0,566.0,573.0,582.0,586.0,599.0,613.0,615.0,618.0,632.0,634.0,635.0,642.0,655.0,717.0,731.0,756.0,766.0,795.0,810.0,857.0,863.0,877.0,907.0,908.0,922.0,940.0,942.0,958.0,960.0,961.0,1000.0,
41.0,44.0,70.0,121.0,128.0,148.0,165.0,209.0,228.0,267.0,326.0,349.0,369.0,370.0,388.0,464.0,466.0,512.0,513.0,531.0,533.0,535.0,539.0,541.0,543.0,545.0,553.0,560.0,563.0,564.0,566.0,574.0,576.0,580.0,583.0,589.0,589.0,600.0,603.0,606.0,613.0,624.0,636.0,639.0,640.0,657.0,660.0,675.0,697.0,702.0,720.0,739.0,752.0,810.0,819.0,821.0,823.0,824.0,839.0,848.0,858.0,881.0,886.0,931.0,939.0,939.0,951.0,952.0,979.0,986.0,986.0,
5.0,32.0,60.0,62.0,77.0,148.0,148.0,159.0,184.0,209.0,226.0,239.0,266.0,271.0,310.0,371.0,383.0,399.0,447.0,515.0,519.0,519.0,526.0,527.0,531.0,533.0,535.0,536.0,537.0,538.0,554.0,554.0,556.0,558.0,564.0,567.0,574.0,574.0,578.0,580.0,581.0,586.0,594.0,595.0,596.0,602.0,606.0,607.0,608.0,627.0,659.0,675.0,682.0,737.0,749.0,764.0,768.0,775.0,803.0,807.0,847.0,865.0,906.0,940.0,947.0,949.0,987.0,990.0,
18.0,39.0,48.0,69.0,92.0,111.0,116.0,146.0,205.0,233.0,236.0,253.0,298.0,302.0,328.0,346.0,371.0,385.0,453.0,499.0,501.0,510.0,518.0,522.0,527.0,534.0,538.0,540.0,548.0,550.0,551.0,556.0,562.0,566.0,569.0,597.0,603.0,606.0,634.0,641.0,643.0,659.0,693.0,710.0,722.0,724.0,737.0,750.0,755.0,764.0,793.0,828.0,831.0,839.0,852.0,867.0,868.0,875.0,883.0,908.0,912.0,948.0,976.0,983.0,987.0,
95.0,100.0,133.0,160.0,162.0,235.0,293.0,340.0,342.0,343.0,431.0,474.0,485.0,499.0,522.0,526.0,534.0,544.0,545.0,546.0,546.0,547.0,548.0,549.0,568.0,573.0,574.0,577.0,578.0,580.0,582.0,587.0,590.0,602.0,606.0,612.0,614.0,631.0,633.0,641.0,654.0,655.0,657.0,660.0,660.0,678.0,682.0,685.0,688.0,703.0,712.0,715.0,726.0,732.0,743.0,748.0,765.0,773.0,783.0,794.0,809.0,816.0,818.0,869.0,877.0,884.0,905.0,908.0,917.0,946.0,970.0,971.0,978.0,990.0,
32.0,35.0,70.0,98.0,160.0,162.0,218.0,221.0,244.0,256.0,286.0,290.0,296.0,315.0,376.0,385.0,401.0,426.0,457.0,513.0,522.0,524.0,533.0,534.0,535.0,536.0,537.0,542.0,543.0,544.0,549.0,551.0,559.0,561.0,562.0,579.0,591.0,595.0,599.0,600.0,606.0,608.0,608.0,617.0,617.0,620.0,621.0,627.0,629.0,631.0,641.0,650.0,650.0,652.0,658.0,665.0,669.0,673.0,676.0,693.0,695.0,695.0,707.0,709.0,713.0,716.0,727.0,728.0,754.0,760.0,791.0,794.0,798.0,802.0,811.0,811.0,814.0,840.0,868.0,884.0,884.0,899.0,920.0,927.0,932.0,971.0,981.0,982.0,991.0,1000.0,
61.0,68.0,108.0,110.0,155.0,221.0,306.0,326.0,342.0,383.0,390.0,414.0,489.0,495.0,505.0,520.0,535.0,535.0,541.0,570.0,578.0,589.0,613.0,614.0,622.0,627.0,629.0,639.0,643.0,643.0,676.0,679.0,695.0,698.0,702.0,704.0,721.0,721.0,739.0,770.0,792.0,795.0,795.0,797.0,807.0,829.0,831.0,833.0,846.0,861.0,902.0,908.0,912.0,920.0,933.0,941.0,950.0,962.0,978.0,994.0,
23.0,47.0,67.0,86.0,109.0,111.0,130.0,135.0,166.0,189.0,194.0,220.0,252.0,300.0,303.0,330.0,365.0,374.0,409.0,416.0,425.0,568.0,579.0,660.0,661.0,693.0,783.0,835.0,914.0,940.0,
4.0,74.0,85.0,93.0,105.0,120.0,198.0,209.0,214.0,219.0,240.0,271.0,280.0,316.0,317.0,332.0,334.0,368.0,373.0,396.0,402.0,502.0,542.0,551.0,555.0,567.0,579.0,585.0,739.0,854.0,897.0,940.0,954.0,974.0,975.0,995.0,998.0,
3.0,30.0,35.0,49.0,71.0,92.0,101.0,161.0,181.0,194.0,223.0,224.0,236.0,289.0,291.0,293.0,324.0,329.0,341.0,417.0,454.0,506.0,522.0,526.0,540.0,544.0,546.0,548.0,548.0,558.0,559.0,561.0,562.0,563.0,578.0,583.0,584.0,587.0,587.0,602.0,621.0,634.0,650.0,655.0,658.0,663.0,683.0,691.0,698.0,727.0,733.0,736.0,738.0,742.0,745.0,746.0,750.0,781.0,790.0,814.0,821.0,824.0,834.0,861.0,876.0,885.0,891.0,906.0,907.0,911.0,924.0,932.0,939.0,949.0,951.0,954.0,964.0,974.0,
25.0,27.0,49.0,52.0,95.0,100.0,105.0,197.0,225.0,250.0,265.0,332.0,353.0,363.0,379.0,447.0,448.0,466.0,478.0,499.0,518.0,520.0,521.0,521.0,525.0,527.0,528.0,534.0,541.0,545.0,545.0,545.0,549.0,553.0,553.0,554.0,558.0,559.0,564.0,566.0,569.0,582.0,594.0,597.0,607.0,610.0,611.0,626.0,627.0,627.0,631.0,635.0,636.0,639.0,644.0,648.0,649.0,650.0,657.0,660.0,662.0,670.0,680.0,686.0,702.0,703.0,720.0,735.0,741.0,763.0,772.0,776.0,807.0,828.0,841.0,865.0,892.0,916.0,942.0,948.0,954.0,994.0,996.0,
58.0,60.0,62.0,78.0,138.0,142.0,155.0,224.0,347.0,400.0,408.0,474.0,517.0,529.0,529.0,529.0,531.0,537.0,537.0,540.0,545.0,548.0,552.0,553.0,554.0,556.0,564.0,568.0,573.0,574.0,581.0,588.0,601.0,605.0,609.0,616.0,628.0,637.0,639.0,650.0,655.0,655.0,657.0,667.0,674.0,685.0,688.0,722.0,763.0,787.0,792.0,805.0,808.0,814.0,816.0,823.0,845.0,858.0,859.0,917.0,918.0,919.0,923.0,923.0,957.0,958.0,991.0,
8.0,89.0,171.0,232.0,249.0,261.0,268.0,271.0,330.0,371.0,390.0,411.0,429.0,451.0,453.0,456.0,469.0,481.0,519.0,535.0,544.0,548.0,559.0,560.0,560.0,561.0,561.0,565.0,565.0,578.0,583.0,591.0,624.0,638.0,641.0,652.0,669.0,673.0,675.0,691.0,695.0,700.0,706.0,708.0,732.0,733.0,743.0,747.0,748.0,749.0,750.0,770.0,803.0,857.0,864.0,888.0,900.0,909.0,923.0,967.0,978.0,994.0,
3.0,29.0,49.0,139.0,236.0,263.0,275.0,279.0,311.0,311.0,344.0,386.0,395.0,456.0,504.0,507.0,513.0,524.0,527.0,531.0,532.0,534.0,540.0,541.0,554.0,557.0,565.0,566.0,567.0,567.0,567.0,581.0,585.0,600.0,607.0,611.0,619.0,632.0,632.0,639.0,658.0,667.0,673.0,677.0,678.0,687.0,690.0,693.0,698.0,728.0,729.0,745.0,746.0,759.0,815.0,816.0,832.0,922.0,925.0,930.0,937.0,945.0,946.0,950.0,973.0,979.0,995.0,
28.0,67.0,111.0,133.0,141.0,144.0,169.0,271.0,321.0,323.0,375.0,395.0,417.0,417.0,424.0,424.0,465.0,468.0,493.0,493.0,512.0,523.0,525.0,532.0,538.0,539.0,539.0,544.0,544.0,545.0,549.0,560.0,561.0,563.0,576.0,586.0,598.0,606.0,610.0,617.0,624.0,641.0,661.0,698.0,711.0,715.0,719.0,753.0,754.0,761.0,776.0,827.0,842.0,884.0,905.0,906.0,923.0,930.0,989.0,990.0,
12.0,20.0,31.0,77.0,105.0,110.0,135.0,153.0,160.0,174.0,182.0,184.0,198.0,220.0,244.0,251.0,287.0,305.0,338.0,395.0,399.0,416.0,444.0,454.0,469.0,518.0,528.0,531.0,533.0,536.0,541.0,542.0,548.0,550.0,551.0,559.0,561.0,572.0,575.0,581.0,586.0,599.0,612.0,645.0,657.0,669.0,669.0,703.0,709.0,723.0,724.0,746.0,779.0,790.0,798.0,798.0,806.0,825.0,833.0,863.0,865.0,875.0,892.0,914.0,917.0,926.0,967.0,978.0,983.0,983.0,1000.0,
7.0,40.0,49.0,114.0,129.0,226.0,304.0,316.0,399.0,416.0,420.0,440.0,470.0,472.0,482.0,510.0,516.0,527.0,530.0,537.0,543.0,556.0,582.0,586.0,614.0,614.0,626.0,635.0,681.0,712.0,728.0,750.0,751.0,760.0,775.0,779.0,828.0,851.0,925.0,992.0,
88.0,104.0,169.0,180.0,258.0,287.0,320.0,324.0,343.0,354.0,374.0,391.0,392.0,404.0,456.0,490.0,539.0,552.0,572.0,579.0,582.0,587.0,602.0,630.0,642.0,723.0,757.0,958.0,961.0,969.0,983.0,
9.0,9.0,22.0,34.0,56.0,87.0,91.0,115.0,135.0,161.0,185.0,211.0,234.0,263.0,269.0,272.0,276.0,281.0,292.0,353.0,392.0,442.0,469.0,495.0,500.0,549.0,600.0,602.0,611.0,640.0,807.0,814.0,819.0,826.0,831.0,858.0,971.0,
48.0,62.0,120.0,135.0,162.0,198.0,219.0,231.0,235.0,266.0,269.0,275.0,320.0,331.0,337.0,352.0,401.0,434.0,447.0,458.0,481.0,522.0,534.0,562.0,571.0,574.0,633.0,635.0,638.0,683.0,748.0,749.0,763.0,764.0,764.0,783.0,812.0,880.0,891.0,912.0,920.0,948.0,972.0,981.0,982.0,993.0,
77.0,104.0,157.0,272.0,343.0,425.0,445.0,522.0,532.0,537.0,542.0,548.0,564.0,567.0,574.0,582.0,596.0,605.0,609.0,625.0,628.0,634.0,642.0,647.0,669.0,682.0,684.0,689.0,697.0,710.0,727.0,747.0,757.0,766.0,805.0,821.0,829.0,850.0,851.0,853.0,919.0,958.0,965.0,979.0,
5.0,14.0,32.0,72.0,119.0,175.0,197.0,212.0,224.0,293.0,323.0,352.0,357.0,362.0,376.0,395.0,398.0,399.0,401.0,438.0,439.0,490.0,514.0,522.0,522.0,525.0,526.0,529.0,530.0,539.0,540.0,544.0,549.0,550.0,552.0,553.0,556.0,557.0,559.0,559.0,559.0,561.0,562.0,564.0,565.0,566.0,569.0,571.0,575.0,582.0,590.0,598.0,607.0,622.0,632.0,638.0,646.0,651.0,660.0,662.0,672.0,688.0,702.0,712.0,730.0,734.0,749.0,750.0,757.0,758.0,768.0,776.0,779.0,786.0,799.0,811.0,825.0,828.0,840.0,853.0,865.0,872.0,881.0,883.0,884.0,921.0,950.0,951.0,977.0,996.0,
61.0,86.0,120.0,121.0,124.0,188.0,201.0,227.0,246.0,252.0,280.0,281.0,299.0,337.0,344.0,404.0,427.0,476.0,501.0,516.0,518.0,520.0,522.0,525.0,527.0,537.0,541.0,542.0,544.0,555.0,562.0,562.0,563.0,565.0,568.0,579.0,579.0,581.0,581.0,582.0,585.0,589.0,591.0,604.0,629.0,660.0,673.0,681.0,686.0,691.0,713.0,731.0,741.0,744.0,744.0,747.0,769.0,776.0,794.0,796.0,799.0,808.0,813.0,819.0,846.0,851.0,853.0,873.0,878.0,901.0,902.0,902.0,914.0,919.0,924.0,934.0,936.0,936.0,939.0,954.0,978.0,988.0,
14.0,33.0,86.0,121.0,142.0,192.0,199.0,201.0,227.0,274.0,308.0,315.0,379.0,385.0,399.0,416.0,425.0,474.0,507.0,512.0,520.0,533.0,538.0,544.0,544.0,545.0,551.0,557.0,562.0,563.0,568.0,582.0,589.0,595.0,597.0,608.0,621.0,629.0,629.0,636.0,657.0,660.0,664.0,665.0,690.0,713.0,722.0,804.0,812.0,823.0,827.0,837.0,873.0,877.0,898.0,903.0,981.0,987.0,996.0,1000.0,
7.0,17.0,18.0,77.0,83.0,86.0,149.0,163.0,166.0,177.0,191.0,192.0,240.0,260.0,276.0,346.0,375.0,409.0,413.0,429.0,510.0,519.0,533.0,537.0,539.0,543.0,547.0,548.0,550.0,551.0,553.0,555.0,558.0,565.0,568.0,571.0,572.0,573.0,575.0,588.0,588.0,610.0,614.0,615.0,637.0,641.0,659.0,672.0,680.0,701.0,723.0,734.0,755.0,764.0,765.0,769.0,785.0,787.0,802.0,803.0,825.0,826.0,828.0,831.0,847.0,867.0,869.0,870.0,904.0,907.0,947.0,950.0,952.0,965.0,973.0,993.0,
10.0,17.0,23.0,57.0,106.0,119.0,120.0,127.0,155.0,173.0,179.0,196.0,280.0,326.0,370.0,387.0,410.0,418.0,423.0,448.0,454.0,454.0,458.0,491.0,510.0,525.0,528.0,541.0,551.0,553.0,570.0,587.0,587.0,589.0,610.0,622.0,655.0,663.0,676.0,682.0,751.0,758.0,788.0,882.0,889.0,924.0,970.0,
25.0,44.0,52.0,62.0,93.0,97.0,117.0,189.0,202.0,256.0,256.0,267.0,304.0,310.0,336.0,378.0,436.0,438.0,455.0,510.0,534.0,550.0,650.0,651.0,774.0,783.0,828.0,917.0,930.0,935.0,943.0,
