53.0,104.0,122.0,133.0,157.0,158.0,158.0,194.0,204.0,209.0,212.0,264.0,312.0,329.0,378.0,412.0,450.0,478.0,516.0,599.0,657.0,681.0,703.0,757.0,785.0,833.0,843.0,856.0,897.0,993.0,
49.0,87.0,101.0,116.0,163.0,202.0,238.0,278.0,361.0,371.0,395.0,433.0,456.0,456.0,470.0,473.0,556.0,592.0,643.0,660.0,664.0,666.0,715.0,719.0,733.0,739.0,775.0,808.0,834.0,873.0,873.0,888.0,889.0,917.0,941.0,992.0,
19.0,54.0,133.0,167.0,194.0,229.0,267.0,275.0,299.0,311.0,321.0,331.0,334.0,337.0,452.0,485.0,525.0,527.0,561.0,637.0,720.0,772.0,809.0,831.0,851.0,973.0,985.0,
5.0,6.0,8.0,59.0,123.0,150.0,225.0,236.0,247.0,266.0,279.0,281.0,316.0,318.0,359.0,365.0,393.0,426.0,429.0,438.0,439.0,457.0,490.0,494.0,496.0,508.0,516.0,523.0,528.0,536.0,545.0,549.0,587.0,642.0,681.0,712.0,943.0,963.0,
7.0,22.0,23.0,30.0,46.0,63.0,83.0,233.0,241.0,298.0,304.0,353.0,362.0,369.0,428.0,434.0,496.0,540.0,566.0,578.0,589.0,629.0,707.0,738.0,761.0,827.0,945.0,962.0,966.0,
13.0,79.0,165.0,183.0,225.0,296.0,324.0,325.0,327.0,327.0,331.0,344.0,367.0,392.0,396.0,438.0,473.0,510.0,511.0,515.0,530.0,547.0,548.0,550.0,575.0,587.0,623.0,644.0,667.0,689.0,709.0,774.0,774.0,793.0,819.0,834.0,910.0,930.0,990.0,997.0,
48.0,74.0,77.0,89.0,147.0,173.0,177.0,186.0,190.0,204.0,228.0,268.0,329.0,340.0,352.0,359.0,378.0,395.0,423.0,429.0,465.0,528.0,531.0,554.0,567.0,593.0,667.0,668.0,721.0,723.0,774.0,805.0,825.0,907.0,988.0,995.0,997.0,
36.0,61.0,97.0,107.0,116.0,208.0,229.0,253.0,254.0,259.0,272.0,290.0,331.0,377.0,383.0,388.0,397.0,431.0,497.0,511.0,518.0,584.0,625.0,804.0,806.0,827.0,964.0,972.0,
13.0,15.0,41.0,48.0,50.0,130.0,133.0,195.0,214.0,247.0,273.0,280.0,322.0,337.0,354.0,357.0,365.0,396.0,419.0,451.0,475.0,479.0,598.0,598.0,635.0,658.0,658.0,678.0,759.0,777.0,805.0,830.0,878.0,947.0,
11.0,24.0,41.0,89.0,134.0,136.0,142.0,166.0,166.0,183.0,218.0,221.0,234.0,249.0,334.0,387.0,394.0,421.0,440.0,516.0,522.0,612.0,652.0,710.0,724.0,725.0,754.0,842.0,843.0,849.0,882.0,908.0,914.0,924.0,963.0,
23.0,37.0,56.0,87.0,106.0,110.0,156.0,157.0,167.0,247.0,304.0,322.0,413.0,421.0,439.0,441.0,496.0,509.0,523.0,540.0,551.0,558.0,666.0,718.0,741.0,864.0,
37.0,63.0,141.0,176.0,194.0,194.0,209.0,212.0,216.0,278.0,312.0,345.0,419.0,470.0,534.0,537.0,552.0,588.0,650.0,659.0,714.0,768.0,773.0,799.0,824.0,860.0,901.0,
12.0,34.0,34.0,36.0,82.0,129.0,161.0,191.0,216.0,222.0,291.0,310.0,372.0,412.0,458.0,489.0,516.0,525.0,561.0,564.0,582.0,597.0,601.0,615.0,707.0,738.0,758.0,779.0,816.0,823.0,849.0,882.0,887.0,
10.0,26.0,38.0,38.0,186.0,204.0,216.0,256.0,346.0,375.0,385.0,388.0,393.0,401.0,414.0,443.0,459.0,466.0,488.0,517.0,524.0,530.0,531.0,549.0,554.0,556.0,570.0,579.0,583.0,598.0,616.0,619.0,620.0,621.0,632.0,632.0,634.0,651.0,669.0,673.0,673.0,688.0,745.0,748.0,765.0,817.0,832.0,872.0,874.0,879.0,880.0,895.0,905.0,905.0,907.0,911.0,931.0,987.0,993.0,
59.0,112.0,139.0,148.0,153.0,157.0,163.0,170.0,188.0,195.0,202.0,297.0,406.0,412.0,438.0,452.0,515.0,518.0,520.0,533.0,538.0,539.0,549.0,552.0,561.0,564.0,567.0,571.0,575.0,578.0,582.0,585.0,586.0,595.0,598.0,600.0,601.0,614.0,628.0,641.0,650.0,652.0,664.0,666.0,666.0,667.0,694.0,698.0,700.0,707.0,717.0,749.0,774.0,784.0,794.0,796.0,803.0,805.0,827.0,828.0,854.0,857.0,893.0,903.0,913.0,914.0,940.0,948.0,949.0,956.0,956.0,958.0,969.0,981.0,
8.0,51.0,64.0,139.0,157.0,163.0,182.0,197.0,258.0,300.0,340.0,363.0,374.0,441.0,446.0,459.0,464.0,488.0,511.0,522.0,523.0,530.0,535.0,537.0,539.0,542.0,542.0,568.0,571.0,572.0,576.0,579.0,581.0,581.0,590.0,594.0,597.0,602.0,609.0,609.0,615.0,617.0,618.0,622.0,629.0,629.0,631.0,633.0,635.0,643.0,644.0,676.0,691.0,694.0,719.0,726.0,730.0,733.0,761.0,804.0,811.0,844.0,847.0,854.0,875.0,876.0,876.0,878.0,890.0,905.0,933.0,934.0,966.0,974.0,989.0,995.0,
12.0,33.0,39.0,65.0,72.0,75.0,92.0,126.0,130.0,172.0,200.0,200.0,236.0,302.0,335.0,344.0,373.0,374.0,388.0,423.0,434.0,484.0,508.0,517.0,522.0,526.0,531.0,542.0,543.0,545.0,546.0,546.0,547.0,550.0,562.0,564.0,564.0,565.0,573.0,584.0,594.0,602.0,610.0,612.0,619.0,624.0,631.0,631.0,634.0,651.0,692.0,709.0,722.0,740.0,747.0,754.0,774.0,774.0,781.0,783.0,795.0,798.0,804.0,811.0,819.0,830.0,836.0,858.0,896.0,914.0,954.0,972.0,
7.0,82.0,103.0,131.0,161.0,168.0,183.0,204.0,217.0,288.0,295.0,300.0,307.0,316.0,332.0,392.0,413.0,416.0,426.0,463.0,468.0,497.0,514.0,530.0,538.0,545.0,546.0,559.0,564.0,568.0,597.0,608.0,609.0,616.0,635.0,648.0,651.0,655.0,661.0,696.0,710.0,713.0,733.0,734.0,735.0,756.0,769.0,782.0,785.0,786.0,829.0,836.0,836.0,849.0,875.0,876.0,885.0,894.0,932.0,946.0,954.0,972.0,975.0,
45.0,101.0,104.0,111.0,155.0,181.0,193.0,208.0,214.0,236.0,238.0,267.0,323.0,327.0,337.0,367.0,398.0,413.0,419.0,435.0,504.0,525.0,534.0,557.0,575.0,584.0,605.0,632.0,652.0,735.0,745.0,774.0,923.0,957.0,958.0,962.0,
12.0,51.0,157.0,176.0,208.0,219.0,244.0,294.0,402.0,437.0,445.0,460.0,520.0,710.0,753.0,798.0,799.0,864.0,880.0,895.0,896.0,
14.0,52.0,59.0,111.0,119.0,147.0,174.0,175.0,214.0,222.0,254.0,286.0,298.0,311.0,314.0,328.0,337.0,339.0,396.0,419.0,421.0,423.0,464.0,532.0,608.0,633.0,653.0,665.0,688.0,729.0,821.0,826.0,836.0,892.0,893.0,905.0,946.0,959.0,
32.0,41.0,152.0,162.0,229.0,262.0,296.0,328.0,387.0,410.0,417.0,445.0,464.0,483.0,494.0,494.0,539.0,555.0,562.0,572.0,592.0,613.0,625.0,656.0,673.0,684.0,713.0,803.0,979.0,979.0,
30.0,128.0,168.0,173.0,192.0,210.0,226.0,227.0,327.0,354.0,368.0,374.0,405.0,419.0,425.0,479.0,493.0,511.0,527.0,527.0,535.0,543.0,543.0,548.0,552.0,555.0,558.0,561.0,565.0,573.0,575.0,595.0,596.0,597.0,599.0,600.0,662.0,669.0,670.0,681.0,692.0,692.0,700.0,738.0,747.0,748.0,754.0,760.0,807.0,812.0,817.0,824.0,831.0,836.0,846.0,858.0,866.0,866.0,888.0,911.0,914.0,919.0,928.0,950.0,963.0,967.0,982.0,
33.0,34.0,60.0,69.0,82.0,114.0,123.0,178.0,212.0,281.0,307.0,326.0,327.0,370.0,376.0,395.0,435.0,516.0,527.0,530.0,535.0,535.0,541.0,556.0,570.0,571.0,574.0,574.0,577.0,583.0,592.0,607.0,615.0,624.0,633.0,646.0,655.0,655.0,714.0,725.0,728.0,728.0,736.0,748.0,750.0,767.0,776.0,800.0,806.0,848.0,853.0,867.0,885.0,887.0,895.0,901.0,906.0,942.0,950.0,970.0,997.0,998.0,
83.0,90.0,138.0,152.0,164.0,171.0,191.0,195.0,199.0,210.0,247.0,247.0,248.0,253.0,281.0,287.0,394.0,399.0,404.0,527.0,532.0,534.0,535.0,537.0,538.0,544.0,548.0,549.0,550.0,554.0,555.0,558.0,567.0,584.0,584.0,604.0,612.0,613.0,621.0,622.0,624.0,625.0,636.0,642.0,653.0,661.0,678.0,692.0,696.0,699.0,703.0,711.0,724.0,740.0,742.0,792.0,801.0,818.0,819.0,855.0,879.0,891.0,902.0,916.0,917.0,934.0,941.0,954.0,968.0,990.0,
64.0,120.0,124.0,163.0,178.0,209.0,277.0,284.0,296.0,325.0,398.0,402.0,422.0,436.0,447.0,477.0,497.0,505.0,509.0,510.0,515.0,516.0,519.0,532.0,532.0,533.0,535.0,544.0,548.0,550.0,551.0,565.0,565.0,569.0,572.0,578.0,596.0,599.0,609.0,619.0,622.0,646.0,647.0,652.0,673.0,678.0,688.0,689.0,699.0,700.0,700.0,701.0,718.0,720.0,781.0,785.0,835.0,840.0,848.0,855.0,857.0,871.0,883.0,926.0,928.0,929.0,938.0,940.0,949.0,988.0,990.0,1000.0,
20.0,26.0,38.0,78.0,93.0,155.0,159.0,170.0,171.0,208.0,215.0,254.0,300.0,308.0,325.0,329.0,422.0,477.0,500.0,518.0,529.0,532.0,532.0,533.0,534.0,549.0,556.0,564.0,570.0,571.0,571.0,574.0,589.0,590.0,595.0,599.0,600.0,604.0,606.0,609.0,613.0,621.0,621.0,622.0,623.0,624.0,644.0,653.0,655.0,665.0,678.0,696.0,720.0,720.0,726.0,727.0,764.0,770.0,821.0,825.0,862.0,895.0,905.0,921.0,974.0,991.0,
5.0,16.0,52.0,52.0,63.0,86.0,149.0,208.0,246.0,259.0,263.0,264.0,265.0,318.0,328.0,333.0,387.0,400.0,410.0,427.0,445.0,513.0,516.0,517.0,518.0,531.0,535.0,546.0,551.0,554.0,557.0,559.0,564.0,564.0,571.0,574.0,576.0,581.0,582.0,584.0,601.0,603.0,611.0,611.0,612.0,614.0,619.0,625.0,631.0,632.0,634.0,637.0,645.0,647.0,647.0,655.0,661.0,663.0,672.0,685.0,695.0,701.0,727.0,738.0,742.0,757.0,763.0,842.0,848.0,861.0,865.0,876.0,886.0,889.0,892.0,898.0,899.0,932.0,933.0,952.0,959.0,1000.0,
26.0,67.0,76.0,109.0,153.0,173.0,177.0,185.0,190.0,203.0,206.0,221.0,230.0,232.0,282.0,285.0,314.0,317.0,351.0,374.0,374.0,414.0,442.0,461.0,477.0,482.0,489.0,500.0,523.0,527.0,529.0,529.0,532.0,532.0,533.0,551.0,553.0,567.0,567.0,570.0,575.0,585.0,585.0,588.0,589.0,591.0,591.0,596.0,627.0,630.0,635.0,643.0,647.0,648.0,706.0,707.0,718.0,727.0,731.0,753.0,761.0,772.0,792.0,793.0,798.0,800.0,820.0,828.0,839.0,843.0,844.0,851.0,893.0,901.0,928.0,929.0,
35.0,50.0,71.0,101.0,109.0,134.0,186.0,208.0,222.0,252.0,275.0,282.0,284.0,292.0,295.0,319.0,356.0,356.0,360.0,374.0,388.0,393.0,401.0,408.0,410.0,432.0,479.0,484.0,492.0,518.0,522.0,545.0,570.0,580.0,688.0,711.0,730.0,739.0,790.0,798.0,825.0,867.0,911.0,925.0,993.0,
7.0,11.0,14.0,15.0,80.0,82.0,154.0,182.0,198.0,233.0,250.0,299.0,305.0,309.0,421.0,431.0,434.0,462.0,484.0,505.0,552.0,557.0,562.0,588.0,624.0,666.0,746.0,747.0,747.0,798.0,823.0,919.0,931.0,
13.0,22.0,30.0,48.0,60.0,89.0,123.0,123.0,180.0,182.0,196.0,197.0,210.0,218.0,235.0,253.0,253.0,266.0,287.0,336.0,337.0,388.0,390.0,438.0,470.0,530.0,531.0,536.0,540.0,545.0,568.0,570.0,573.0,584.0,599.0,614.0,627.0,635.0,644.0,648.0,678.0,681.0,701.0,704.0,717.0,758.0,775.0,797.0,841.0,841.0,850.0,858.0,879.0,889.0,892.0,900.0,903.0,938.0,941.0,943.0,948.0,967.0,
56.0,59.0,125.0,134.0,139.0,201.0,220.0,225.0,256.0,264.0,276.0,286.0,299.0,309.0,338.0,346.0,379.0,508.0,524.0,530.0,530.0,533.0,537.0,539.0,545.0,546.0,548.0,558.0,560.0,561.0,563.0,568.0,569.0,569.0,571.0,574.0,583.0,593.0,605.0,605.0,615.0,617.0,633.0,635.0,638.0,642.0,645.0,645.0,646.0,652.0,653.0,664.0,664.0,673.0,708.0,708.0,712.0,714.0,721.0,732.0,740.0,747.0,748.0,754.0,762.0,791.0,797.0,801.0,809.0,811.0,816.0,830.0,842.0,846.0,847.0,849.0,878.0,888.0,891.0,904.0,920.0,936.0,941.0,943.0,947.0,970.0,976.0,981.0,991.0,
30.0,41.0,46.0,186.0,212.0,227.0,249.0,249.0,311.0,368.0,383.0,402.0,416.0,423.0,429.0,432.0,481.0,514.0,516.0,521.0,523.0,530.0,530.0,531.0,537.0,540.0,542.0,551.0,562.0,572.0,573.0,574.0,579.0,580.0,582.0,595.0,601.0,602.0,607.0,608.0,609.0,609.0,610.0,637.0,642.0,642.0,655.0,662.0,667.0,675.0,677.0,687.0,707.0,721.0,743.0,780.0,785.0,787.0,797.0,813.0,821.0,843.0,854.0,859.0,898.0,900.0,925.0,926.0,927.0,928.0,928.0,936.0,949.0,961.0,972.0,982.0,
55.0,58.0,60.0,68.0,77.0,109.0,125.0,126.0,138.0,218.0,218.0,243.0,244.0,267.0,282.0,314.0,343.0,374.0,388.0,402.0,402.0,420.0,459.0,466.0,483.0,523.0,528.0,528.0,531.0,542.0,543.0,546.0,556.0,560.0,563.0,578.0,586.0,589.0,599.0,607.0,634.0,642.0,663.0,669.0,686.0,721.0,748.0,762.0,762.0,780.0,801.0,812.0,815.0,838.0,842.0,868.0,889.0,890.0,910.0,
5.0,25.0,36.0,86.0,92.0,93.0,172.0,188.0,206.0,208.0,305.0,335.0,368.0,369.0,398.0,468.0,474.0,478.0,519.0,530.0,542.0,553.0,558.0,603.0,621.0,635.0,646.0,651.0,664.0,664.0,670.0,679.0,686.0,691.0,700.0,706.0,706.0,759.0,797.0,804.0,810.0,828.0,847.0,848.0,854.0,881.0,903.0,912.0,934.0,994.0,
23.0,64.0,88.0,92.0,97.0,167.0,176.0,181.0,192.0,197.0,198.0,226.0,229.0,240.0,255.0,304.0,311.0,338.0,357.0,380.0,406.0,440.0,446.0,507.0,520.0,522.0,532.0,535.0,536.0,545.0,549.0,557.0,559.0,567.0,568.0,577.0,577.0,583.0,585.0,586.0,604.0,605.0,644.0,657.0,668.0,669.0,673.0,676.0,677.0,689.0,715.0,729.0,753.0,779.0,793.0,813.0,818.0,833.0,852.0,860.0,881.0,892.0,896.0,897.0,949.0,964.0,973.0,993.0,995.0,
25.0,94.0,104.0,106.0,155.0,171.0,241.0,266.0,305.0,379.0,382.0,385.0,417.0,422.0,481.0,498.0,529.0,529.0,530.0,531.0,538.0,540.0,548.0,553.0,554.0,558.0,564.0,564.0,566.0,587.0,601.0,612.0,616.0,618.0,618.0,621.0,639.0,642.0,653.0,671.0,672.0,693.0,702.0,745.0,774.0,786.0,790.0,797.0,828.0,902.0,942.0,963.0,971.0,973.0,979.0,985.0,
71.0,94.0,195.0,233.0,266.0,322.0,339.0,341.0,370.0,400.0,434.0,450.0,469.0,489.0,506.0,517.0,521.0,525.0,542.0,547.0,553.0,555.0,580.0,583.0,592.0,596.0,597.0,633.0,634.0,635.0,637.0,645.0,670.0,673.0,680.0,686.0,733.0,741.0,748.0,748.0,787.0,791.0,799.0,808.0,811.0,821.0,835.0,851.0,866.0,873.0,882.0,904.0,921.0,933.0,937.0,962.0,964.0,974.0,979.0,994.0,
12.0,47.0,72.0,84.0,135.0,153.0,158.0,188.0,199.0,207.0,216.0,216.0,272.0,318.0,342.0,352.0,356.0,358.0,369.0,388.0,446.0,469.0,473.0,478.0,504.0,523.0,528.0,533.0,534.0,534.0,541.0,543.0,544.0,583.0,584.0,590.0,593.0,619.0,642.0,658.0,659.0,664.0,674.0,700.0,721.0,725.0,740.0,752.0,753.0,755.0,757.0,759.0,762.0,780.0,783.0,800.0,822.0,833.0,838.0,866.0,943.0,947.0,976.0,981.0,996.0,997.0,
21.0,46.0,48.0,69.0,76.0,79.0,97.0,114.0,118.0,133.0,136.0,152.0,175.0,206.0,213.0,233.0,237.0,256.0,315.0,324.0,407.0,422.0,439.0,444.0,457.0,462.0,493.0,527.0,540.0,545.0,547.0,550.0,551.0,570.0,579.0,579.0,598.0,647.0,654.0,666.0,750.0,750.0,883.0,
32.0,74.0,89.0,96.0,122.0,147.0,166.0,212.0,221.0,233.0,239.0,253.0,272.0,272.0,279.0,302.0,436.0,440.0,515.0,524.0,528.0,531.0,531.0,535.0,547.0,548.0,548.0,557.0,564.0,576.0,579.0,594.0,596.0,596.0,651.0,654.0,654.0,660.0,671.0,672.0,675.0,679.0,687.0,688.0,689.0,696.0,722.0,727.0,752.0,762.0,772.0,774.0,790.0,793.0,795.0,813.0,814.0,845.0,852.0,866.0,877.0,896.0,907.0,939.0,973.0,986.0,998.0,
15.0,22.0,66.0,69.0,115.0,127.0,169.0,176.0,186.0,188.0,196.0,204.0,204.0,245.0,283.0,301.0,382.0,414.0,419.0,432.0,515.0,530.0,536.0,537.0,543.0,546.0,553.0,556.0,561.0,561.0,570.0,570.0,575.0,578.0,590.0,604.0,613.0,627.0,627.0,648.0,672.0,678.0,724.0,731.0,733.0,741.0,741.0,763.0,769.0,818.0,824.0,829.0,842.0,864.0,867.0,880.0,913.0,925.0,936.0,943.0,954.0,
51.0,67.0,87.0,182.0,216.0,287.0,289.0,294.0,393.0,419.0,429.0,436.0,462.0,465.0,482.0,489.0,491.0,501.0,504.0,516.0,516.0,519.0,522.0,524.0,526.0,533.0,534.0,547.0,550.0,554.0,555.0,559.0,560.0,562.0,564.0,564.0,581.0,581.0,585.0,590.0,591.0,594.0,598.0,598.0,601.0,624.0,650.0,656.0,674.0,678.0,709.0,716.0,742.0,768.0,781.0,788.0,790.0,818.0,833.0,839.0,845.0,856.0,857.0,864.0,867.0,878.0,885.0,888.0,919.0,920.0,945.0,952.0,952.0,953.0,963.0,984.0,993.0,999.0,999.0,1000.0,
7.0,54.0,68.0,82.0,90.0,196.0,223.0,239.0,282.0,309.0,410.0,417.0,418.0,425.0,449.0,470.0,521.0,526.0,529.0,530.0,532.0,532.0,534.0,538.0,542.0,542.0,543.0,546.0,568.0,574.0,581.0,587.0,589.0,590.0,615.0,615.0,621.0,629.0,639.0,640.0,643.0,670.0,698.0,705.0,717.0,721.0,752.0,789.0,803.0,896.0,897.0,930.0,944.0,952.0,956.0,970.0,975.0,
42.0,44.0,67.0,69.0,69.0,95.0,103.0,162.0,166.0,182.0,194.0,225.0,233.0,239.0,248.0,250.0,272.0,276.0,321.0,356.0,368.0,373.0,392.0,416.0,445.0,461.0,480.0,525.0,534.0,539.0,545.0,546.0,553.0,554.0,556.0,562.0,565.0,566.0,571.0,587.0,588.0,598.0,599.0,618.0,622.0,638.0,643.0,651.0,654.0,662.0,682.0,708.0,778.0,789.0,790.0,792.0,897.0,911.0,956.0,984.0,
6.0,66.0,101.0,102.0,108.0,121.0,128.0,170.0,173.0,184.0,186.0,193.0,194.0,238.0,251.0,329.0,352.0,430.0,477.0,483.0,484.0,515.0,532.0,532.0,533.0,533.0,548.0,549.0,554.0,555.0,573.0,574.0,582.0,607.0,612.0,660.0,665.0,671.0,686.0,704.0,711.0,731.0,740.0,747.0,765.0,798.0,799.0,801.0,801.0,842.0,843.0,874.0,905.0,908.0,918.0,921.0,953.0,982.0,994.0,
20.0,79.0,93.0,112.0,120.0,155.0,156.0,165.0,202.0,219.0,272.0,275.0,294.0,321.0,327.0,336.0,340.0,344.0,350.0,380.0,397.0,439.0,484.0,504.0,522.0,527.0,530.0,536.0,548.0,553.0,563.0,563.0,565.0,566.0,572.0,575.0,577.0,578.0,579.0,579.0,607.0,608.0,616.0,645.0,647.0,652.0,673.0,676.0,681.0,691.0,694.0,738.0,766.0,777.0,823.0,831.0,902.0,966.0,991.0,995.0,
10.0,168.0,178.0,187.0,211.0,216.0,267.0,325.0,347.0,375.0,385.0,391.0,405.0,442.0,458.0,473.0,521.0,521.0,523.0,525.0,529.0,540.0,550.0,554.0,554.0,562.0,564.0,569.0,572.0,584.0,596.0,599.0,609.0,609.0,610.0,614.0,624.0,642.0,659.0,662.0,676.0,680.0,695.0,695.0,702.0,705.0,718.0,741.0,773.0,811.0,816.0,820.0,823.0,823.0,872.0,880.0,900.0,907.0,913.0,990.0,
58.0,64.0,92.0,108.0,120.0,129.0,135.0,158.0,173.0,207.0,251.0,280.0,282.0,287.0,307.0,317.0,336.0,383.0,476.0,492.0,503.0,508.0,520.0,521.0,523.0,525.0,532.0,532.0,537.0,538.0,544.0,549.0,554.0,561.0,565.0,569.0,571.0,580.0,594.0,596.0,597.0,599.0,611.0,616.0,635.0,649.0,657.0,661.0,663.0,668.0,669.0,671.0,684.0,685.0,686.0,688.0,699.0,703.0,708.0,713.0,749.0,756.0,787.0,787.0,796.0,806.0,825.0,832.0,846.0,876.0,890.0,891.0,899.0,910.0,913.0,916.0,927.0,941.0,943.0,955.0,1000.0,
17.0,18.0,20.0,25.0,80.0,115.0,150.0,179.0,185.0,190.0,206.0,260.0,331.0,340.0,355.0,375.0,386.0,452.0,494.0,497.0,537.0,561.0,578.0,585.0,591.0,626.0,627.0,648.0,668.0,670.0,708.0,732.0,833.0,864.0,869.0,945.0,960.0,982.0,1000.0,
60.0,99.0,134.0,181.0,222.0,247.0,284.0,371.0,375.0,381.0,392.0,431.0,448.0,475.0,482.0,485.0,516.0,516.0,517.0,520.0,524.0,529.0,529.0,536.0,539.0,542.0,542.0,545.0,552.0,552.0,560.0,561.0,562.0,579.0,602.0,603.0,607.0,610.0,614.0,616.0,617.0,618.0,639.0,649.0,689.0,699.0,719.0,719.0,727.0,731.0,736.0,774.0,774.0,783.0,787.0,789.0,793.0,817.0,822.0,828.0,833.0,839.0,865.0,872.0,875.0,879.0,881.0,890.0,909.0,915.0,916.0,937.0,957.0,970.0,991.0,
56.0,60.0,85.0,113.0,235.0,293.0,372.0,470.0,485.0,532.0,535.0,539.0,541.0,551.0,553.0,568.0,569.0,594.0,595.0,596.0,600.0,603.0,604.0,605.0,611.0,623.0,628.0,640.0,665.0,666.0,689.0,694.0,705.0,751.0,757.0,820.0,887.0,909.0,911.0,914.0,936.0,946.0,962.0,965.0,970.0,973.0,
16.0,36.0,47.0,86.0,192.0,221.0,239.0,243.0,255.0,260.0,273.0,275.0,277.0,293.0,309.0,311.0,371.0,401.0,402.0,413.0,427.0,466.0,479.0,518.0,526.0,531.0,532.0,535.0,535.0,536.0,538.0,540.0,543.0,546.0,547.0,548.0,551.0,553.0,588.0,597.0,616.0,637.0,641.0,649.0,652.0,658.0,688.0,703.0,705.0,710.0,710.0,716.0,720.0,732.0,737.0,757.0,760.0,771.0,775.0,787.0,792.0,803.0,805.0,807.0,815.0,823.0,832.0,878.0,881.0,912.0,925.0,932.0,933.0,945.0,973.0,976.0,1000.0,
27.0,28.0,46.0,138.0,154.0,195.0,209.0,211.0,237.0,254.0,274.0,275.0,301.0,302.0,305.0,336.0,374.0,378.0,385.0,398.0,405.0,455.0,499.0,510.0,511.0,512.0,529.0,531.0,531.0,533.0,537.0,542.0,543.0,548.0,559.0,563.0,564.0,569.0,587.0,600.0,616.0,624.0,632.0,639.0,657.0,664.0,677.0,681.0,687.0,690.0,711.0,720.0,721.0,727.0,739.0,742.0,744.0,744.0,751.0,753.0,763.0,771.0,772.0,788.0,793.0,869.0,874.0,885.0,886.0,897.0,901.0,909.0,916.0,917.0,948.0,951.0,960.0,967.0,972.0,984.0,
6.0,49.0,111.0,130.0,150.0,158.0,180.0,193.0,222.0,306.0,306.0,317.0,357.0,358.0,413.0,422.0,439.0,447.0,459.0,524.0,524.0,535.0,538.0,539.0,542.0,551.0,553.0,557.0,568.0,569.0,570.0,573.0,574.0,586.0,599.0,606.0,643.0,690.0,696.0,767.0,787.0,803.0,807.0,827.0,862.0,863.0,878.0,880.0,897.0,958.0,965.0,976.0,979.0,998.0,1000.0,
48.0,57.0,151.0,161.0,162.0,191.0,192.0,217.0,230.0,236.0,257.0,263.0,267.0,287.0,315.0,378.0,482.0,490.0,493.0,510.0,519.0,520.0,520.0,526.0,539.0,539.0,539.0,541.0,542.0,544.0,546.0,548.0,557.0,567.0,570.0,571.0,577.0,595.0,598.0,609.0,639.0,641.0,657.0,677.0,689.0,717.0,729.0,769.0,852.0,889.0,931.0,936.0,998.0,
60.0,208.0,247.0,277.0,327.0,340.0,344.0,394.0,432.0,441.0,482.0,502.0,505.0,515.0,518.0,524.0,526.0,527.0,535.0,539.0,552.0,552.0,563.0,564.0,565.0,565.0,569.0,582.0,586.0,590.0,594.0,596.0,624.0,629.0,630.0,657.0,659.0,660.0,671.0,707.0,736.0,767.0,771.0,774.0,774.0,777.0,800.0,818.0,831.0,832.0,836.0,861.0,879.0,915.0,922.0,940.0,973.0,997.0,
42.0,93.0,111.0,122.0,138.0,139.0,142.0,155.0,162.0,274.0,326.0,368.0,390.0,417.0,438.0,451.0,497.0,498.0,500.0,520.0,528.0,532.0,533.0,537.0,538.0,538.0,541.0,544.0,545.0,551.0,553.0,555.0,557.0,560.0,568.0,590.0,593.0,607.0,610.0,611.0,612.0,614.0,618.0,635.0,638.0,646.0,646.0,656.0,676.0,699.0,707.0,713.0,720.0,726.0,740.0,784.0,877.0,907.0,913.0,915.0,937.0,946.0,969.0,982.0,
31.0,40.0,59.0,81.0,84.0,91.0,122.0,137.0,141.0,157.0,231.0,260.0,270.0,295.0,299.0,373.0,383.0,477.0,482.0,503.0,517.0,519.0,524.0,526.0,533.0,533.0,541.0,547.0,553.0,561.0,575.0,575.0,589.0,597.0,599.0,606.0,606.0,615.0,623.0,624.0,627.0,654.0,657.0,664.0,691.0,698.0,715.0,716.0,724.0,741.0,753.0,765.0,767.0,770.0,771.0,774.0,774.0,777.0,784.0,789.0,792.0,851.0,870.0,879.0,923.0,952.0,965.0,969.0,972.0,984.0,989.0,
25.0,65.0,74.0,118.0,140.0,194.0,215.0,260.0,275.0,334.0,341.0,402.0,431.0,441.0,504.0,506.0,527.0,562.0,629.0,635.0,657.0,679.0,782.0,790.0,810.0,821.0,835.0,845.0,902.0,965.0,991.0,
18.0,27.0,29.0,79.0,136.0,137.0,182.0,196.0,197.0,201.0,235.0,248.0,274.0,283.0,297.0,374.0,443.0,526.0,531.0,532.0,536.0,538.0,541.0,542.0,548.0,554.0,560.0,561.0,561.0,562.0,574.0,580.0,589.0,590.0,625.0,631.0,636.0,644.0,647.0,652.0,657.0,658.0,664.0,673.0,688.0,704.0,720.0,722.0,738.0,739.0,741.0,742.0,779.0,786.0,799.0,804.0,807.0,812.0,846.0,855.0,859.0,862.0,862.0,895.0,904.0,912.0,923.0,949.0,979.0,990.0,992.0,
79.0,134.0,145.0,167.0,195.0,257.0,291.0,293.0,349.0,421.0,423.0,439.0,440.0,487.0,499.0,508.0,520.0,522.0,524.0,526.0,529.0,529.0,529.0,531.0,533.0,538.0,541.0,543.0,550.0,555.0,562.0,564.0,569.0,571.0,572.0,575.0,579.0,581.0,584.0,606.0,607.0,610.0,612.0,613.0,615.0,620.0,627.0,658.0,660.0,680.0,684.0,687.0,698.0,699.0,724.0,724.0,737.0,769.0,777.0,799.0,810.0,811.0,822.0,834.0,891.0,897.0,897.0,902.0,903.0,911.0,926.0,951.0,979.0,980.0,
3.0,23.0,31.0,47.0,115.0,129.0,131.0,256.0,261.0,403.0,422.0,428.0,428.0,454.0,507.0,517.0,524.0,537.0,537.0,540.0,542.0,549.0,550.0,551.0,560.0,562.0,563.0,564.0,573.0,575.0,582.0,589.0,591.0,612.0,615.0,628.0,632.0,634.0,650.0,652.0,672.0,683.0,684.0,701.0,703.0,719.0,738.0,740.0,760.0,766.0,782.0,792.0,803.0,808.0,843.0,846.0,854.0,857.0,916.0,943.0,947.0,
3.0,16.0,21.0,64.0,80.0,128.0,143.0,198.0,202.0,249.0,297.0,299.0,341.0,384.0,393.0,446.0,453.0,463.0,466.0,515.0,520.0,521.0,524.0,526.0,537.0,541.0,542.0,544.0,545.0,548.0,554.0,556.0,558.0,562.0,565.0,574.0,578.0,599.0,616.0,620.0,621.0,632.0,648.0,652.0,657.0,659.0,672.0,672.0,674.0,689.0,703.0,735.0,748.0,759.0,795.0,809.0,811.0,814.0,825.0,841.0,877.0,885.0,908.0,940.0,954.0,994.0,
30.0,31.0,45.0,49.0,57.0,148.0,189.0,190.0,251.0,344.0,385.0,385.0,453.0,486.0,502.0,505.0,519.0,519.0,525.0,528.0,550.0,559.0,562.0,574.0,575.0,581.0,584.0,585.0,588.0,595.0,596.0,600.0,608.0,616.0,621.0,627.0,654.0,678.0,684.0,692.0,701.0,717.0,727.0,728.0,732.0,745.0,748.0,748.0,750.0,766.0,783.0,801.0,816.0,828.0,829.0,839.0,854.0,898.0,903.0,920.0,924.0,927.0,962.0,997.0,
17.0,70.0,108.0,147.0,150.0,153.0,159.0,188.0,270.0,364.0,434.0,457.0,462.0,465.0,478.0,533.0,537.0,538.0,540.0,544.0,545.0,546.0,548.0,555.0,557.0,562.0,575.0,578.0,582.0,585.0,594.0,637.0,665.0,675.0,687.0,716.0,718.0,762.0,766.0,800.0,819.0,824.0,825.0,843.0,849.0,865.0,874.0,886.0,886.0,898.0,937.0,941.0,943.0,955.0,
47.0,82.0,153.0,168.0,212.0,225.0,252.0,276.0,295.0,306.0,318.0,324.0,337.0,343.0,381.0,426.0,472.0,474.0,496.0,528.0,539.0,542.0,546.0,554.0,556.0,568.0,568.0,570.0,574.0,574.0,576.0,591.0,592.0,596.0,598.0,631.0,638.0,649.0,651.0,653.0,654.0,673.0,677.0,681.0,684.0,687.0,691.0,775.0,819.0,824.0,836.0,844.0,875.0,893.0,897.0,926.0,943.0,951.0,963.0,969.0,970.0,972.0,980.0,988.0,
7.0,61.0,103.0,167.0,179.0,185.0,254.0,271.0,295.0,318.0,337.0,379.0,422.0,448.0,463.0,493.0,510.0,511.0,513.0,516.0,519.0,526.0,535.0,537.0,542.0,544.0,545.0,545.0,551.0,556.0,559.0,560.0,565.0,567.0,570.0,585.0,587.0,599.0,603.0,605.0,610.0,615.0,618.0,623.0,624.0,627.0,629.0,650.0,653.0,661.0,675.0,676.0,709.0,710.0,712.0,725.0,732.0,738.0,751.0,781.0,786.0,792.0,818.0,836.0,847.0,872.0,892.0,915.0,937.0,947.0,956.0,
3.0,34.0,80.0,150.0,192.0,255.0,255.0,264.0,280.0,282.0,285.0,292.0,296.0,336.0,361.0,437.0,437.0,485.0,519.0,529.0,532.0,538.0,564.0,568.0,574.0,587.0,587.0,590.0,598.0,639.0,660.0,668.0,678.0,708.0,796.0,812.0,823.0,844.0,850.0,891.0,908.0,910.0,911.0,919.0,947.0,948.0,967.0,
7.0,7.0,21.0,29.0,32.0,60.0,64.0,69.0,93.0,105.0,121.0,126.0,138.0,163.0,166.0,182.0,248.0,273.0,288.0,295.0,347.0,414.0,481.0,512.0,531.0,538.0,641.0,690.0,702.0,731.0,750.0,791.0,822.0,861.0,939.0,973.0,
2.0,26.0,42.0,87.0,98.0,138.0,161.0,198.0,198.0,199.0,252.0,341.0,356.0,371.0,396.0,408.0,413.0,424.0,442.0,442.0,450.0,513.0,514.0,533.0,534.0,541.0,543.0,546.0,554.0,562.0,564.0,576.0,586.0,588.0,594.0,601.0,615.0,627.0,635.0,650.0,655.0,656.0,672.0,699.0,702.0,708.0,710.0,737.0,741.0,743.0,753.0,754.0,759.0,766.0,772.0,829.0,829.0,832.0,849.0,856.0,870.0,886.0,915.0,940.0,954.0,976.0,983.0,996.0,998.0,
13.0,24.0,46.0,68.0,75.0,187.0,189.0,194.0,210.0,226.0,255.0,257.0,315.0,329.0,376.0,390.0,426.0,428.0,495.0,529.0,540.0,545.0,547.0,547.0,550.0,550.0,553.0,553.0,558.0,563.0,571.0,578.0,579.0,587.0,600.0,635.0,649.0,658.0,662.0,668.0,681.0,705.0,714.0,718.0,763.0,773.0,773.0,789.0,810.0,818.0,832.0,861.0,865.0,898.0,903.0,918.0,926.0,936.0,941.0,948.0,966.0,998.0,
29.0,108.0,144.0,210.0,215.0,250.0,261.0,266.0,274.0,290.0,345.0,426.0,466.0,499.0,523.0,530.0,530.0,540.0,543.0,544.0,548.0,559.0,562.0,562.0,564.0,570.0,571.0,579.0,581.0,582.0,584.0,592.0,596.0,596.0,604.0,609.0,615.0,633.0,636.0,666.0,668.0,672.0,683.0,693.0,694.0,710.0,753.0,787.0,798.0,820.0,879.0,893.0,894.0,902.0,952.0,977.0,978.0,984.0,
17.0,44.0,58.0,72.0,92.0,107.0,132.0,168.0,199.0,220.0,223.0,288.0,306.0,308.0,351.0,355.0,361.0,364.0,481.0,525.0,527.0,528.0,544.0,544.0,545.0,548.0,552.0,558.0,571.0,572.0,577.0,577.0,586.0,588.0,589.0,590.0,592.0,596.0,605.0,638.0,672.0,683.0,686.0,689.0,719.0,739.0,760.0,771.0,772.0,778.0,791.0,797.0,903.0,921.0,949.0,954.0,969.0,980.0,
14.0,48.0,53.0,77.0,138.0,175.0,201.0,204.0,221.0,238.0,262.0,283.0,308.0,335.0,392.0,454.0,512.0,519.0,521.0,532.0,540.0,544.0,547.0,550.0,564.0,571.0,576.0,589.0,589.0,592.0,597.0,597.0,599.0,601.0,602.0,607.0,661.0,662.0,676.0,693.0,698.0,700.0,701.0,718.0,721.0,739.0,743.0,753.0,771.0,784.0,799.0,826.0,867.0,909.0,914.0,920.0,935.0,988.0,991.0,
38.0,45.0,63.0,64.0,75.0,162.0,186.0,198.0,202.0,214.0,255.0,337.0,453.0,455.0,472.0,499.0,533.0,542.0,544.0,551.0,556.0,574.0,575.0,586.0,587.0,589.0,594.0,608.0,615.0,623.0,649.0,656.0,672.0,679.0,682.0,700.0,717.0,726.0,747.0,769.0,771.0,788.0,791.0,803.0,805.0,821.0,828.0,870.0,890.0,894.0,906.0,908.0,912.0,914.0,918.0,964.0,987.0,
10.0,15.0,22.0,37.0,79.0,84.0,90.0,127.0,173.0,210.0,245.0,245.0,266.0,311.0,323.0,342.0,350.0,352.0,353.0,378.0,418.0,485.0,491.0,494.0,519.0,520.0,534.0,537.0,538.0,538.0,540.0,544.0,554.0,555.0,559.0,565.0,573.0,578.0,580.0,590.0,591.0,593.0,603.0,607.0,624.0,625.0,628.0,628.0,628.0,646.0,654.0,676.0,689.0,705.0,716.0,723.0,724.0,733.0,738.0,741.0,749.0,751.0,763.0,802.0,812.0,855.0,871.0,877.0,911.0,954.0,959.0,984.0,
81.0,90.0,129.0,137.0,183.0,206.0,213.0,227.0,276.0,284.0,320.0,333.0,419.0,419.0,459.0,469.0,491.0,522.0,534.0,540.0,543.0,544.0,545.0,550.0,556.0,557.0,564.0,573.0,575.0,580.0,581.0,582.0,599.0,600.0,615.0,621.0,622.0,628.0,630.0,666.0,677.0,693.0,697.0,702.0,719.0,722.0,755.0,767.0,789.0,794.0,797.0,813.0,816.0,821.0,827.0,835.0,838.0,840.0,858.0,870.0,896.0,928.0,931.0,957.0,959.0,961.0,975.0,981.0,984.0,990.0,993.0,998.0,
29.0,35.0,40.0,41.0,44.0,75.0,78.0,120.0,120.0,132.0,157.0,171.0,206.0,230.0,274.0,278.0,279.0,281.0,285.0,313.0,338.0,381.0,410.0,444.0,448.0,495.0,499.0,519.0,520.0,542.0,544.0,554.0,558.0,563.0,563.0,567.0,568.0,570.0,579.0,580.0,596.0,599.0,604.0,605.0,613.0,638.0,640.0,659.0,670.0,690.0,703.0,754.0,755.0,763.0,769.0,807.0,813.0,843.0,846.0,861.0,864.0,864.0,879.0,883.0,884.0,892.0,896.0,925.0,939.0,950.0,969.0,969.0,
15.0,60.0,67.0,117.0,167.0,173.0,183.0,183.0,188.0,195.0,248.0,297.0,320.0,332.0,352.0,357.0,359.0,365.0,366.0,379.0,384.0,385.0,393.0,435.0,452.0,481.0,501.0,509.0,539.0,571.0,639.0,705.0,794.0,837.0,854.0,867.0,953.0,973.0,978.0,981.0,
34.0,54.0,170.0,188.0,208.0,227.0,251.0,300.0,314.0,330.0,338.0,388.0,390.0,447.0,541.0,545.0,563.0,568.0,580.0,637.0,669.0,780.0,803.0,855.0,876.0,899.0,929.0,945.0,959.0,977.0,985.0,995.0,
2.0,22.0,55.0,71.0,93.0,103.0,126.0,135.0,148.0,166.0,188.0,199.0,248.0,271.0,301.0,308.0,314.0,335.0,453.0,459.0,466.0,523.0,527.0,532.0,541.0,541.0,547.0,548.0,552.0,561.0,561.0,567.0,577.0,582.0,582.0,593.0,595.0,595.0,600.0,602.0,612.0,621.0,623.0,629.0,632.0,642.0,662.0,700.0,701.0,702.0,720.0,727.0,735.0,767.0,770.0,775.0,814.0,824.0,834.0,876.0,877.0,881.0,889.0,911.0,916.0,918.0,922.0,923.0,925.0,927.0,941.0,984.0,990.0,1000.0,
17.0,41.0,50.0,72.0,73.0,118.0,129.0,133.0,150.0,218.0,233.0,244.0,267.0,376.0,398.0,403.0,450.0,470.0,512.0,514.0,521.0,526.0,530.0,535.0,535.0,539.0,545.0,547.0,550.0,554.0,557.0,561.0,563.0,569.0,573.0,576.0,592.0,596.0,604.0,615.0,616.0,616.0,617.0,617.0,636.0,642.0,651.0,655.0,714.0,727.0,728.0,764.0,774.0,779.0,809.0,817.0,822.0,825.0,826.0,831.0,855.0,858.0,860.0,873.0,902.0,914.0,917.0,922.0,928.0,952.0,952.0,956.0,958.0,973.0,983.0,992.0,
8.0,88.0,123.0,149.0,188.0,189.0,210.0,231.0,239.0,251.0,310.0,346.0,357.0,366.0,379.0,428.0,441.0,454.0,485.0,504.0,530.0,535.0,536.0,536.0,536.0,546.0,549.0,549.0,570.0,570.0,571.0,578.0,586.0,591.0,596.0,610.0,617.0,630.0,633.0,634.0,678.0,683.0,706.0,736.0,742.0,764.0,769.0,802.0,808.0,820.0,828.0,847.0,857.0,859.0,868.0,885.0,889.0,889.0,910.0,926.0,929.0,937.0,956.0,960.0,990.0,
13.0,31.0,69.0,77.0,103.0,135.0,175.0,190.0,192.0,226.0,231.0,256.0,272.0,296.0,422.0,444.0,462.0,462.0,487.0,504.0,510.0,512.0,522.0,523.0,525.0,525.0,526.0,527.0,529.0,529.0,538.0,546.0,549.0,550.0,551.0,555.0,556.0,559.0,562.0,576.0,579.0,589.0,592.0,602.0,609.0,618.0,622.0,626.0,637.0,644.0,654.0,681.0,695.0,704.0,722.0,723.0,732.0,744.0,747.0,774.0,798.0,817.0,847.0,852.0,876.0,889.0,898.0,923.0,929.0,959.0,976.0,
22.0,51.0,69.0,91.0,135.0,158.0,207.0,245.0,249.0,274.0,335.0,399.0,403.0,432.0,432.0,474.0,491.0,514.0,531.0,536.0,537.0,540.0,548.0,549.0,551.0,562.0,566.0,569.0,574.0,578.0,582.0,586.0,589.0,592.0,610.0,612.0,613.0,618.0,631.0,640.0,645.0,649.0,650.0,658.0,667.0,672.0,676.0,687.0,693.0,701.0,704.0,721.0,728.0,731.0,737.0,754.0,756.0,789.0,803.0,820.0,828.0,844.0,905.0,912.0,930.0,936.0,942.0,952.0,974.0,992.0,
19.0,36.0,45.0,81.0,83.0,110.0,132.0,155.0,217.0,226.0,343.0,345.0,358.0,358.0,358.0,403.0,454.0,475.0,484.0,516.0,521.0,523.0,525.0,525.0,526.0,527.0,530.0,532.0,532.0,533.0,535.0,537.0,540.0,541.0,549.0,549.0,557.0,567.0,569.0,572.0,576.0,580.0,610.0,615.0,624.0,645.0,647.0,648.0,648.0,650.0,653.0,657.0,658.0,672.0,678.0,681.0,682.0,687.0,688.0,697.0,697.0,706.0,725.0,779.0,798.0,802.0,824.0,828.0,832.0,847.0,852.0,887.0,906.0,921.0,927.0,938.0,954.0,962.0,969.0,969.0,998.0,
27.0,53.0,77.0,79.0,124.0,127.0,133.0,249.0,331.0,389.0,397.0,410.0,414.0,420.0,442.0,448.0,453.0,457.0,461.0,463.0,473.0,521.0,521.0,548.0,551.0,552.0,563.0,566.0,569.0,571.0,577.0,586.0,590.0,591.0,593.0,608.0,614.0,618.0,626.0,630.0,670.0,679.0,682.0,696.0,699.0,699.0,705.0,711.0,715.0,728.0,738.0,748.0,753.0,775.0,797.0,819.0,831.0,836.0,837.0,861.0,877.0,891.0,912.0,919.0,925.0,948.0,949.0,950.0,960.0,960.0,962.0,997.0,
5.0,13.0,21.0,29.0,32.0,69.0,80.0,97.0,132.0,160.0,188.0,196.0,210.0,213.0,248.0,319.0,374.0,407.0,410.0,428.0,437.0,440.0,467.0,475.0,479.0,481.0,531.0,594.0,615.0,623.0,629.0,643.0,645.0,668.0,691.0,707.0,723.0,776.0,797.0,820.0,840.0,935.0,967.0,980.0,991.0,
14.0,99.0,100.0,160.0,193.0,223.0,247.0,289.0,325.0,341.0,359.0,395.0,396.0,396.0,442.0,450.0,499.0,517.0,550.0,567.0,567.0,585.0,618.0,622.0,630.0,632.0,657.0,661.0,667.0,669.0,684.0,775.0,802.0,805.0,817.0,850.0,858.0,903.0,904.0,918.0,919.0,920.0,
6.0,12.0,36.0,73.0,79.0,92.0,95.0,150.0,152.0,215.0,216.0,232.0,242.0,295.0,337.0,342.0,352.0,368.0,376.0,383.0,412.0,458.0,482.0,525.0,532.0,555.0,586.0,594.0,649.0,656.0,680.0,706.0,732.0,805.0,887.0,898.0,911.0,965.0,971.0,
15.0,35.0,99.0,114.0,117.0,119.0,153.0,169.0,245.0,303.0,316.0,340.0,374.0,376.0,392.0,407.0,440.0,500.0,516.0,526.0,544.0,545.0,598.0,611.0,612.0,613.0,618.0,630.0,657.0,689.0,713.0,803.0,815.0,874.0,879.0,890.0,973.0,
4.0,11.0,18.0,19.0,65.0,170.0,181.0,190.0,190.0,218.0,235.0,256.0,302.0,324.0,325.0,328.0,380.0,384.0,418.0,464.0,483.0,529.0,535.0,537.0,539.0,545.0,548.0,551.0,554.0,571.0,582.0,585.0,585.0,596.0,599.0,615.0,642.0,646.0,665.0,672.0,676.0,697.0,697.0,703.0,724.0,742.0,781.0,786.0,795.0,819.0,872.0,885.0,895.0,930.0,936.0,959.0,998.0,
39.0,68.0,99.0,105.0,140.0,223.0,232.0,235.0,269.0,277.0,285.0,334.0,382.0,407.0,429.0,511.0,519.0,525.0,538.0,541.0,544.0,546.0,549.0,550.0,554.0,559.0,571.0,583.0,590.0,593.0,594.0,604.0,613.0,618.0,627.0,629.0,641.0,648.0,650.0,652.0,658.0,664.0,665.0,670.0,683.0,698.0,703.0,705.0,708.0,761.0,818.0,860.0,863.0,874.0,881.0,885.0,886.0,893.0,906.0,969.0,977.0,985.0,992.0,
24.0,55.0,99.0,133.0,142.0,150.0,169.0,244.0,255.0,267.0,282.0,290.0,320.0,328.0,354.0,387.0,411.0,459.0,474.0,501.0,508.0,511.0,512.0,512.0,525.0,525.0,529.0,535.0,545.0,546.0,549.0,571.0,583.0,583.0,585.0,586.0,590.0,602.0,612.0,612.0,617.0,617.0,651.0,653.0,658.0,661.0,664.0,684.0,687.0,690.0,704.0,712.0,747.0,748.0,760.0,763.0,772.0,781.0,815.0,816.0,822.0,827.0,851.0,875.0,879.0,898.0,923.0,928.0,931.0,940.0,947.0,951.0,958.0,962.0,964.0,966.0,968.0,974.0,975.0,978.0,982.0,
4.0,16.0,37.0,41.0,51.0,60.0,65.0,67.0,73.0,97.0,109.0,117.0,120.0,147.0,169.0,214.0,248.0,259.0,309.0,319.0,352.0,374.0,381.0,383.0,391.0,397.0,403.0,404.0,409.0,420.0,437.0,477.0,478.0,480.0,483.0,516.0,520.0,524.0,528.0,531.0,538.0,549.0,550.0,553.0,561.0,564.0,565.0,566.0,568.0,576.0,579.0,587.0,589.0,589.0,605.0,625.0,632.0,637.0,643.0,658.0,663.0,668.0,668.0,674.0,680.0,692.0,692.0,700.0,712.0,722.0,735.0,746.0,758.0,778.0,791.0,819.0,854.0,854.0,877.0,881.0,889.0,905.0,905.0,910.0,914.0,942.0,960.0,969.0,980.0,990.0,
7.0,32.0,43.0,100.0,160.0,220.0,231.0,274.0,286.0,306.0,370.0,371.0,377.0,444.0,445.0,499.0,513.0,518.0,518.0,520.0,533.0,543.0,544.0,545.0,551.0,559.0,561.0,562.0,563.0,570.0,576.0,582.0,592.0,593.0,608.0,621.0,643.0,643.0,647.0,654.0,670.0,674.0,695.0,715.0,725.0,744.0,745.0,772.0,779.0,787.0,795.0,796.0,815.0,822.0,827.0,846.0,902.0,921.0,930.0,955.0,962.0,971.0,988.0,
54.0,62.0,62.0,63.0,76.0,109.0,111.0,124.0,178.0,180.0,259.0,261.0,263.0,275.0,307.0,324.0,368.0,403.0,421.0,489.0,541.0,541.0,542.0,542.0,547.0,560.0,578.0,592.0,601.0,627.0,636.0,639.0,642.0,708.0,727.0,771.0,773.0,777.0,845.0,908.0,976.0,992.0,
4.0,5.0,80.0,98.0,99.0,106.0,134.0,145.0,168.0,182.0,193.0,209.0,241.0,247.0,314.0,329.0,413.0,414.0,557.0,593.0,641.0,757.0,777.0,815.0,839.0,863.0,907.0,943.0,993.0,
