19.0,63.0,83.0,84.0,86.0,91.0,92.0,104.0,119.0,142.0,158.0,171.0,182.0,189.0,237.0,257.0,262.0,268.0,360.0,382.0,499.0,550.0,577.0,598.0,600.0,601.0,607.0,714.0,730.0,750.0,938.0,959.0,967.0,972.0,
35.0,84.0,113.0,121.0,148.0,178.0,230.0,233.0,246.0,246.0,250.0,270.0,282.0,305.0,360.0,383.0,452.0,462.0,481.0,484.0,537.0,574.0,583.0,653.0,665.0,675.0,675.0,778.0,810.0,839.0,848.0,901.0,902.0,930.0,
2.0,29.0,99.0,113.0,120.0,150.0,156.0,172.0,183.0,184.0,199.0,201.0,203.0,295.0,338.0,339.0,345.0,346.0,398.0,427.0,535.0,581.0,593.0,603.0,611.0,626.0,711.0,724.0,764.0,767.0,768.0,817.0,920.0,968.0,
67.0,76.0,86.0,99.0,109.0,119.0,120.0,207.0,209.0,239.0,272.0,281.0,287.0,315.0,341.0,354.0,362.0,368.0,439.0,452.0,456.0,484.0,495.0,506.0,509.0,519.0,522.0,548.0,551.0,561.0,575.0,711.0,797.0,814.0,832.0,976.0,
3.0,52.0,64.0,90.0,117.0,134.0,136.0,146.0,176.0,180.0,270.0,288.0,314.0,317.0,329.0,330.0,331.0,389.0,392.0,430.0,473.0,525.0,529.0,543.0,559.0,564.0,579.0,596.0,601.0,641.0,657.0,732.0,819.0,820.0,846.0,860.0,871.0,931.0,965.0,997.0,
24.0,85.0,143.0,236.0,244.0,362.0,382.0,478.0,480.0,493.0,496.0,509.0,522.0,535.0,564.0,611.0,632.0,640.0,673.0,695.0,747.0,755.0,814.0,820.0,867.0,867.0,912.0,936.0,944.0,997.0,
20.0,67.0,74.0,133.0,149.0,169.0,177.0,205.0,206.0,226.0,226.0,256.0,263.0,311.0,340.0,383.0,388.0,388.0,417.0,422.0,424.0,438.0,543.0,557.0,557.0,566.0,586.0,667.0,703.0,707.0,776.0,794.0,806.0,835.0,842.0,848.0,904.0,905.0,950.0,993.0,
83.0,91.0,121.0,123.0,279.0,353.0,400.0,457.0,481.0,588.0,592.0,632.0,675.0,722.0,749.0,762.0,792.0,805.0,853.0,876.0,
39.0,71.0,80.0,98.0,118.0,148.0,152.0,165.0,192.0,192.0,227.0,266.0,275.0,280.0,316.0,332.0,339.0,345.0,371.0,395.0,408.0,416.0,465.0,481.0,486.0,512.0,542.0,560.0,600.0,648.0,721.0,732.0,823.0,832.0,850.0,967.0,980.0,996.0,
23.0,39.0,53.0,101.0,120.0,140.0,154.0,159.0,221.0,233.0,244.0,337.0,408.0,444.0,466.0,529.0,529.0,535.0,546.0,569.0,600.0,669.0,675.0,676.0,700.0,801.0,817.0,834.0,849.0,928.0,933.0,
25.0,52.0,58.0,127.0,127.0,173.0,207.0,266.0,269.0,377.0,434.0,474.0,510.0,551.0,595.0,606.0,619.0,631.0,648.0,696.0,723.0,738.0,772.0,773.0,784.0,858.0,891.0,899.0,928.0,928.0,939.0,
31.0,37.0,52.0,70.0,78.0,92.0,114.0,125.0,136.0,157.0,167.0,192.0,199.0,254.0,294.0,296.0,313.0,314.0,345.0,353.0,355.0,362.0,397.0,518.0,532.0,557.0,643.0,658.0,667.0,711.0,717.0,734.0,841.0,860.0,882.0,896.0,911.0,911.0,936.0,941.0,949.0,986.0,
5.0,6.0,12.0,133.0,170.0,194.0,205.0,245.0,253.0,259.0,271.0,301.0,316.0,349.0,351.0,440.0,495.0,497.0,531.0,536.0,540.0,550.0,612.0,628.0,634.0,641.0,649.0,685.0,740.0,759.0,775.0,795.0,825.0,894.0,921.0,945.0,959.0,
37.0,44.0,108.0,109.0,177.0,185.0,200.0,204.0,216.0,218.0,231.0,343.0,357.0,404.0,516.0,531.0,531.0,557.0,558.0,559.0,562.0,576.0,587.0,609.0,619.0,620.0,621.0,637.0,642.0,654.0,661.0,670.0,683.0,684.0,694.0,711.0,718.0,733.0,777.0,778.0,789.0,795.0,797.0,830.0,842.0,875.0,877.0,884.0,885.0,896.0,911.0,944.0,963.0,971.0,995.0,
47.0,52.0,61.0,61.0,118.0,132.0,136.0,183.0,257.0,262.0,285.0,316.0,332.0,349.0,381.0,422.0,440.0,451.0,515.0,516.0,516.0,524.0,536.0,536.0,545.0,546.0,548.0,549.0,553.0,558.0,560.0,565.0,566.0,568.0,578.0,583.0,591.0,601.0,610.0,612.0,618.0,625.0,633.0,634.0,653.0,654.0,658.0,661.0,667.0,682.0,718.0,722.0,726.0,759.0,760.0,768.0,784.0,797.0,807.0,811.0,853.0,866.0,879.0,896.0,921.0,921.0,931.0,942.0,945.0,945.0,966.0,970.0,994.0,999.0,
6.0,11.0,37.0,61.0,90.0,125.0,130.0,166.0,184.0,241.0,251.0,281.0,293.0,295.0,371.0,376.0,388.0,515.0,518.0,523.0,528.0,532.0,533.0,536.0,549.0,553.0,555.0,556.0,558.0,561.0,563.0,564.0,566.0,570.0,570.0,573.0,588.0,612.0,613.0,615.0,619.0,623.0,628.0,649.0,654.0,665.0,670.0,679.0,704.0,705.0,711.0,715.0,720.0,721.0,730.0,753.0,761.0,772.0,782.0,782.0,788.0,788.0,826.0,868.0,877.0,890.0,892.0,903.0,913.0,925.0,951.0,964.0,982.0,
4.0,28.0,48.0,50.0,99.0,114.0,135.0,144.0,177.0,182.0,185.0,284.0,306.0,316.0,494.0,510.0,516.0,518.0,518.0,527.0,533.0,551.0,552.0,555.0,555.0,558.0,559.0,561.0,567.0,573.0,575.0,576.0,577.0,579.0,582.0,585.0,586.0,586.0,588.0,590.0,605.0,611.0,616.0,618.0,621.0,623.0,629.0,656.0,667.0,679.0,690.0,699.0,700.0,716.0,724.0,741.0,756.0,766.0,779.0,786.0,789.0,790.0,793.0,804.0,816.0,825.0,829.0,833.0,846.0,847.0,850.0,884.0,895.0,899.0,899.0,903.0,929.0,952.0,958.0,
40.0,154.0,161.0,181.0,189.0,210.0,216.0,241.0,249.0,259.0,265.0,267.0,289.0,312.0,313.0,348.0,366.0,386.0,387.0,411.0,417.0,485.0,504.0,524.0,541.0,561.0,565.0,574.0,577.0,599.0,600.0,604.0,609.0,611.0,619.0,626.0,630.0,633.0,639.0,643.0,652.0,661.0,705.0,719.0,725.0,766.0,770.0,785.0,789.0,805.0,808.0,828.0,832.0,837.0,841.0,842.0,863.0,867.0,875.0,890.0,900.0,926.0,927.0,929.0,936.0,947.0,995.0,
6.0,49.0,49.0,51.0,84.0,130.0,143.0,168.0,192.0,244.0,258.0,269.0,285.0,298.0,306.0,307.0,318.0,381.0,411.0,433.0,434.0,436.0,444.0,461.0,468.0,474.0,508.0,529.0,569.0,609.0,620.0,645.0,651.0,673.0,677.0,689.0,691.0,723.0,742.0,757.0,817.0,824.0,830.0,857.0,883.0,974.0,
12.0,18.0,63.0,139.0,169.0,187.0,262.0,288.0,292.0,316.0,324.0,361.0,364.0,381.0,384.0,442.0,443.0,452.0,478.0,485.0,487.0,513.0,517.0,538.0,577.0,590.0,594.0,623.0,626.0,644.0,669.0,709.0,738.0,772.0,774.0,850.0,865.0,869.0,991.0,
181.0,183.0,265.0,307.0,323.0,340.0,348.0,372.0,391.0,434.0,463.0,481.0,486.0,503.0,553.0,553.0,571.0,578.0,590.0,604.0,658.0,698.0,744.0,779.0,850.0,906.0,914.0,918.0,929.0,937.0,943.0,
14.0,36.0,58.0,90.0,92.0,156.0,206.0,211.0,242.0,254.0,254.0,256.0,290.0,308.0,344.0,384.0,451.0,473.0,487.0,516.0,520.0,524.0,536.0,550.0,555.0,572.0,578.0,604.0,605.0,613.0,615.0,626.0,626.0,685.0,690.0,695.0,698.0,713.0,719.0,745.0,750.0,765.0,801.0,806.0,830.0,896.0,927.0,942.0,995.0,
16.0,24.0,105.0,127.0,135.0,152.0,176.0,187.0,251.0,286.0,305.0,320.0,329.0,337.0,344.0,412.0,442.0,459.0,461.0,473.0,478.0,499.0,519.0,524.0,525.0,528.0,528.0,533.0,559.0,574.0,577.0,600.0,613.0,622.0,634.0,650.0,653.0,660.0,676.0,715.0,764.0,791.0,792.0,795.0,802.0,828.0,853.0,880.0,894.0,924.0,948.0,950.0,960.0,965.0,988.0,
23.0,57.0,79.0,88.0,124.0,142.0,143.0,163.0,163.0,168.0,183.0,185.0,186.0,281.0,288.0,335.0,336.0,368.0,376.0,400.0,437.0,454.0,454.0,516.0,520.0,522.0,544.0,545.0,547.0,547.0,552.0,553.0,564.0,578.0,580.0,581.0,582.0,582.0,584.0,591.0,606.0,623.0,654.0,667.0,696.0,735.0,739.0,742.0,750.0,754.0,757.0,763.0,822.0,833.0,843.0,844.0,847.0,848.0,874.0,886.0,920.0,940.0,964.0,977.0,996.0,999.0,
32.0,40.0,109.0,178.0,236.0,263.0,322.0,339.0,363.0,382.0,390.0,399.0,400.0,434.0,444.0,444.0,447.0,450.0,455.0,477.0,510.0,523.0,530.0,533.0,534.0,538.0,562.0,563.0,565.0,565.0,578.0,588.0,591.0,599.0,602.0,607.0,613.0,619.0,619.0,620.0,621.0,624.0,642.0,651.0,656.0,682.0,692.0,720.0,737.0,738.0,738.0,772.0,796.0,804.0,805.0,827.0,842.0,903.0,905.0,987.0,
14.0,29.0,65.0,68.0,72.0,88.0,118.0,211.0,223.0,239.0,278.0,281.0,334.0,448.0,512.0,513.0,517.0,519.0,525.0,527.0,531.0,534.0,536.0,549.0,550.0,556.0,558.0,561.0,562.0,571.0,572.0,574.0,594.0,594.0,605.0,609.0,610.0,611.0,619.0,628.0,639.0,653.0,664.0,668.0,705.0,726.0,736.0,779.0,792.0,800.0,821.0,876.0,898.0,912.0,916.0,924.0,935.0,948.0,958.0,973.0,989.0,995.0,
22.0,60.0,62.0,141.0,224.0,240.0,247.0,310.0,348.0,352.0,385.0,440.0,518.0,527.0,527.0,528.0,533.0,543.0,545.0,547.0,550.0,554.0,555.0,556.0,556.0,556.0,562.0,563.0,574.0,575.0,576.0,577.0,578.0,580.0,586.0,591.0,591.0,596.0,602.0,631.0,651.0,680.0,681.0,702.0,725.0,756.0,785.0,788.0,807.0,807.0,808.0,814.0,824.0,836.0,867.0,889.0,911.0,916.0,919.0,946.0,949.0,984.0,987.0,
13.0,63.0,84.0,95.0,124.0,125.0,194.0,198.0,222.0,282.0,365.0,417.0,429.0,455.0,509.0,519.0,521.0,523.0,530.0,532.0,540.0,550.0,562.0,566.0,571.0,575.0,581.0,591.0,593.0,596.0,621.0,639.0,643.0,650.0,672.0,673.0,676.0,680.0,682.0,710.0,761.0,773.0,778.0,781.0,786.0,806.0,810.0,819.0,830.0,835.0,852.0,879.0,903.0,912.0,939.0,954.0,958.0,961.0,976.0,991.0,
148.0,217.0,238.0,247.0,298.0,302.0,305.0,308.0,342.0,370.0,438.0,451.0,472.0,504.0,512.0,516.0,517.0,540.0,543.0,546.0,547.0,549.0,553.0,558.0,560.0,561.0,576.0,586.0,596.0,600.0,601.0,606.0,612.0,613.0,625.0,628.0,629.0,631.0,639.0,641.0,667.0,680.0,695.0,705.0,718.0,735.0,753.0,755.0,776.0,786.0,790.0,794.0,805.0,810.0,812.0,830.0,831.0,832.0,839.0,928.0,947.0,962.0,970.0,992.0,992.0,
122.0,134.0,139.0,142.0,145.0,153.0,161.0,198.0,207.0,239.0,297.0,304.0,378.0,403.0,404.0,459.0,492.0,530.0,536.0,550.0,554.0,574.0,586.0,603.0,639.0,654.0,665.0,703.0,704.0,721.0,746.0,883.0,949.0,954.0,966.0,
12.0,98.0,105.0,186.0,213.0,229.0,233.0,240.0,271.0,301.0,313.0,342.0,345.0,349.0,368.0,372.0,383.0,398.0,398.0,457.0,533.0,540.0,561.0,576.0,582.0,588.0,592.0,604.0,768.0,782.0,783.0,850.0,895.0,900.0,933.0,989.0,993.0,
113.0,114.0,114.0,121.0,129.0,137.0,177.0,178.0,212.0,226.0,254.0,278.0,334.0,351.0,380.0,413.0,443.0,445.0,501.0,527.0,536.0,537.0,555.0,558.0,570.0,570.0,570.0,575.0,584.0,609.0,622.0,629.0,634.0,637.0,642.0,645.0,654.0,685.0,713.0,723.0,752.0,759.0,762.0,768.0,788.0,796.0,861.0,867.0,870.0,873.0,897.0,910.0,923.0,933.0,952.0,
72.0,129.0,178.0,182.0,201.0,228.0,234.0,310.0,318.0,396.0,513.0,515.0,522.0,525.0,528.0,528.0,530.0,533.0,533.0,543.0,544.0,550.0,552.0,555.0,557.0,558.0,558.0,561.0,570.0,574.0,588.0,596.0,618.0,631.0,637.0,641.0,645.0,661.0,674.0,686.0,687.0,701.0,704.0,723.0,724.0,729.0,759.0,777.0,794.0,798.0,810.0,817.0,820.0,836.0,838.0,858.0,873.0,874.0,882.0,910.0,915.0,916.0,924.0,944.0,947.0,963.0,992.0,
20.0,64.0,74.0,80.0,81.0,122.0,130.0,160.0,163.0,185.0,208.0,221.0,276.0,361.0,394.0,416.0,436.0,440.0,453.0,460.0,516.0,523.0,531.0,531.0,532.0,532.0,533.0,534.0,534.0,542.0,547.0,550.0,552.0,555.0,555.0,555.0,557.0,557.0,569.0,570.0,580.0,588.0,589.0,602.0,607.0,623.0,636.0,642.0,644.0,650.0,651.0,652.0,655.0,671.0,676.0,679.0,684.0,693.0,704.0,722.0,768.0,778.0,778.0,790.0,811.0,820.0,832.0,899.0,925.0,942.0,991.0,
59.0,116.0,149.0,153.0,182.0,196.0,239.0,282.0,410.0,470.0,507.0,511.0,535.0,536.0,539.0,557.0,568.0,570.0,573.0,586.0,609.0,641.0,646.0,647.0,674.0,691.0,717.0,742.0,747.0,823.0,833.0,842.0,850.0,872.0,878.0,890.0,902.0,915.0,938.0,941.0,955.0,972.0,974.0,980.0,989.0,
26.0,29.0,33.0,85.0,97.0,119.0,123.0,125.0,132.0,189.0,196.0,201.0,202.0,257.0,277.0,287.0,342.0,347.0,401.0,422.0,431.0,433.0,486.0,517.0,539.0,540.0,557.0,559.0,565.0,568.0,577.0,580.0,583.0,585.0,600.0,608.0,626.0,629.0,671.0,688.0,701.0,704.0,730.0,738.0,748.0,752.0,798.0,806.0,807.0,852.0,873.0,877.0,885.0,898.0,905.0,945.0,957.0,973.0,
14.0,119.0,140.0,141.0,142.0,201.0,236.0,264.0,295.0,355.0,373.0,398.0,401.0,464.0,480.0,519.0,524.0,526.0,529.0,534.0,546.0,548.0,562.0,572.0,578.0,581.0,586.0,587.0,599.0,635.0,654.0,657.0,681.0,697.0,699.0,701.0,715.0,759.0,815.0,836.0,841.0,844.0,855.0,857.0,877.0,884.0,889.0,921.0,963.0,965.0,
8.0,13.0,17.0,35.0,71.0,80.0,127.0,136.0,159.0,212.0,221.0,282.0,324.0,332.0,361.0,366.0,397.0,404.0,517.0,518.0,521.0,522.0,525.0,527.0,529.0,532.0,534.0,537.0,540.0,548.0,549.0,551.0,559.0,566.0,569.0,569.0,573.0,576.0,580.0,583.0,586.0,587.0,588.0,593.0,598.0,613.0,617.0,634.0,643.0,657.0,660.0,664.0,666.0,666.0,670.0,681.0,684.0,691.0,713.0,716.0,764.0,784.0,823.0,841.0,843.0,844.0,854.0,895.0,925.0,927.0,946.0,950.0,954.0,967.0,984.0,
46.0,60.0,85.0,96.0,111.0,157.0,173.0,182.0,226.0,258.0,282.0,296.0,298.0,362.0,365.0,399.0,487.0,511.0,521.0,524.0,529.0,531.0,532.0,536.0,545.0,547.0,556.0,562.0,563.0,577.0,585.0,593.0,600.0,606.0,608.0,617.0,630.0,632.0,637.0,639.0,659.0,676.0,700.0,724.0,731.0,735.0,746.0,748.0,756.0,767.0,778.0,815.0,818.0,842.0,859.0,868.0,876.0,885.0,889.0,918.0,935.0,975.0,993.0,
9.0,13.0,55.0,59.0,68.0,87.0,92.0,115.0,172.0,173.0,195.0,217.0,233.0,313.0,315.0,323.0,389.0,411.0,416.0,419.0,457.0,464.0,485.0,497.0,516.0,527.0,552.0,553.0,558.0,560.0,573.0,576.0,593.0,605.0,609.0,621.0,638.0,643.0,678.0,687.0,747.0,756.0,819.0,844.0,870.0,891.0,892.0,926.0,943.0,982.0,987.0,994.0,996.0,
3.0,81.0,82.0,88.0,125.0,145.0,153.0,164.0,320.0,373.0,389.0,404.0,411.0,414.0,447.0,526.0,534.0,550.0,553.0,576.0,586.0,614.0,650.0,665.0,703.0,732.0,736.0,745.0,745.0,830.0,861.0,875.0,895.0,930.0,941.0,977.0,988.0,994.0,
4.0,9.0,73.0,168.0,192.0,247.0,262.0,278.0,357.0,369.0,391.0,395.0,438.0,471.0,477.0,484.0,521.0,530.0,533.0,543.0,549.0,556.0,557.0,561.0,570.0,575.0,575.0,592.0,610.0,617.0,623.0,654.0,659.0,660.0,674.0,677.0,683.0,701.0,704.0,716.0,718.0,720.0,723.0,748.0,766.0,770.0,774.0,813.0,816.0,820.0,825.0,834.0,837.0,842.0,860.0,878.0,889.0,897.0,927.0,938.0,966.0,975.0,978.0,982.0,992.0,996.0,
16.0,48.0,69.0,77.0,117.0,117.0,123.0,180.0,244.0,255.0,278.0,303.0,336.0,343.0,352.0,383.0,406.0,451.0,457.0,461.0,461.0,466.0,474.0,507.0,521.0,534.0,553.0,553.0,555.0,558.0,561.0,564.0,566.0,588.0,595.0,595.0,596.0,617.0,621.0,634.0,635.0,645.0,654.0,656.0,659.0,699.0,706.0,713.0,732.0,738.0,744.0,771.0,784.0,791.0,825.0,832.0,852.0,921.0,933.0,940.0,941.0,956.0,975.0,978.0,982.0,999.0,
14.0,18.0,57.0,79.0,79.0,182.0,188.0,226.0,241.0,244.0,249.0,254.0,260.0,269.0,273.0,275.0,325.0,374.0,464.0,494.0,527.0,530.0,533.0,534.0,554.0,559.0,583.0,588.0,601.0,610.0,611.0,621.0,623.0,632.0,633.0,636.0,636.0,646.0,682.0,691.0,738.0,777.0,807.0,819.0,826.0,848.0,898.0,955.0,955.0,969.0,984.0,985.0,986.0,
3.0,53.0,61.0,108.0,109.0,109.0,111.0,123.0,189.0,217.0,234.0,277.0,281.0,296.0,314.0,340.0,357.0,390.0,407.0,448.0,453.0,454.0,465.0,485.0,508.0,522.0,529.0,530.0,540.0,542.0,542.0,543.0,547.0,548.0,557.0,563.0,564.0,572.0,586.0,589.0,591.0,595.0,603.0,606.0,609.0,612.0,615.0,620.0,622.0,631.0,662.0,665.0,681.0,693.0,707.0,715.0,729.0,741.0,754.0,757.0,788.0,801.0,815.0,815.0,821.0,824.0,844.0,856.0,909.0,919.0,924.0,948.0,985.0,
5.0,36.0,37.0,92.0,127.0,149.0,207.0,226.0,325.0,346.0,352.0,356.0,370.0,370.0,427.0,478.0,494.0,497.0,497.0,524.0,527.0,529.0,532.0,536.0,537.0,538.0,549.0,552.0,562.0,564.0,582.0,585.0,589.0,596.0,600.0,609.0,618.0,622.0,632.0,633.0,645.0,663.0,667.0,669.0,676.0,680.0,703.0,711.0,717.0,728.0,740.0,763.0,783.0,789.0,803.0,814.0,816.0,834.0,852.0,867.0,875.0,883.0,896.0,927.0,927.0,941.0,942.0,
24.0,25.0,80.0,86.0,120.0,125.0,137.0,176.0,192.0,210.0,236.0,250.0,272.0,273.0,295.0,311.0,376.0,400.0,427.0,463.0,471.0,484.0,525.0,535.0,536.0,539.0,541.0,544.0,551.0,556.0,571.0,571.0,572.0,572.0,576.0,583.0,584.0,608.0,617.0,640.0,647.0,656.0,663.0,663.0,664.0,670.0,678.0,694.0,713.0,751.0,759.0,821.0,870.0,910.0,993.0,
6.0,81.0,113.0,143.0,161.0,260.0,261.0,286.0,301.0,322.0,331.0,429.0,435.0,447.0,454.0,483.0,489.0,518.0,519.0,523.0,524.0,530.0,533.0,537.0,538.0,553.0,553.0,559.0,559.0,564.0,567.0,568.0,580.0,583.0,588.0,591.0,594.0,606.0,608.0,610.0,610.0,611.0,617.0,618.0,629.0,631.0,633.0,642.0,650.0,653.0,662.0,665.0,665.0,667.0,680.0,724.0,730.0,742.0,758.0,759.0,761.0,773.0,778.0,794.0,811.0,813.0,827.0,898.0,904.0,905.0,925.0,926.0,943.0,
32.0,36.0,125.0,134.0,289.0,290.0,314.0,431.0,503.0,518.0,520.0,520.0,534.0,534.0,539.0,540.0,541.0,541.0,543.0,552.0,557.0,560.0,562.0,566.0,583.0,589.0,592.0,605.0,609.0,615.0,621.0,633.0,643.0,645.0,648.0,651.0,667.0,676.0,679.0,681.0,685.0,699.0,702.0,705.0,712.0,734.0,743.0,803.0,809.0,832.0,842.0,845.0,858.0,860.0,881.0,928.0,936.0,949.0,951.0,954.0,958.0,968.0,977.0,
75.0,115.0,123.0,141.0,144.0,156.0,173.0,187.0,237.0,252.0,291.0,311.0,384.0,410.0,413.0,416.0,419.0,469.0,489.0,519.0,526.0,529.0,533.0,538.0,544.0,550.0,551.0,552.0,560.0,568.0,569.0,570.0,571.0,581.0,589.0,590.0,593.0,593.0,600.0,608.0,609.0,611.0,611.0,612.0,612.0,614.0,618.0,640.0,644.0,648.0,650.0,664.0,685.0,709.0,717.0,730.0,756.0,766.0,782.0,783.0,791.0,794.0,813.0,847.0,890.0,905.0,914.0,918.0,926.0,939.0,986.0,
3.0,6.0,13.0,37.0,56.0,75.0,80.0,108.0,133.0,186.0,200.0,219.0,252.0,288.0,304.0,337.0,355.0,407.0,420.0,445.0,463.0,475.0,501.0,502.0,505.0,509.0,543.0,549.0,575.0,576.0,603.0,609.0,669.0,721.0,757.0,757.0,769.0,873.0,892.0,946.0,967.0,980.0,982.0,987.0,
30.0,38.0,65.0,84.0,92.0,232.0,243.0,275.0,275.0,299.0,333.0,358.0,366.0,427.0,428.0,434.0,476.0,479.0,480.0,504.0,510.0,515.0,522.0,541.0,542.0,564.0,567.0,574.0,587.0,604.0,612.0,617.0,631.0,638.0,642.0,654.0,657.0,660.0,681.0,681.0,685.0,687.0,702.0,706.0,708.0,714.0,733.0,739.0,740.0,742.0,773.0,783.0,793.0,812.0,835.0,911.0,918.0,932.0,938.0,948.0,956.0,959.0,960.0,961.0,964.0,977.0,978.0,
43.0,43.0,43.0,90.0,95.0,119.0,120.0,137.0,163.0,169.0,175.0,206.0,208.0,227.0,299.0,323.0,331.0,376.0,386.0,399.0,419.0,424.0,487.0,505.0,519.0,521.0,523.0,529.0,532.0,536.0,545.0,546.0,547.0,555.0,556.0,594.0,594.0,599.0,602.0,602.0,604.0,637.0,642.0,662.0,663.0,672.0,693.0,726.0,730.0,749.0,758.0,777.0,817.0,817.0,860.0,876.0,886.0,914.0,927.0,958.0,961.0,965.0,997.0,
50.0,63.0,71.0,74.0,102.0,105.0,128.0,159.0,184.0,200.0,250.0,267.0,277.0,287.0,296.0,318.0,368.0,389.0,403.0,442.0,471.0,516.0,523.0,524.0,526.0,528.0,534.0,534.0,539.0,545.0,547.0,554.0,559.0,561.0,563.0,576.0,590.0,593.0,596.0,605.0,612.0,617.0,622.0,625.0,663.0,665.0,726.0,726.0,734.0,748.0,757.0,758.0,768.0,798.0,833.0,848.0,864.0,865.0,874.0,889.0,907.0,918.0,924.0,925.0,925.0,944.0,950.0,953.0,956.0,982.0,982.0,
32.0,102.0,104.0,125.0,132.0,155.0,168.0,285.0,302.0,310.0,355.0,366.0,433.0,433.0,476.0,488.0,490.0,509.0,519.0,537.0,542.0,547.0,553.0,562.0,565.0,567.0,569.0,570.0,573.0,577.0,579.0,580.0,581.0,598.0,651.0,654.0,654.0,711.0,720.0,750.0,751.0,763.0,795.0,809.0,812.0,834.0,898.0,931.0,934.0,947.0,958.0,959.0,972.0,
19.0,40.0,78.0,80.0,104.0,136.0,170.0,191.0,195.0,199.0,218.0,218.0,221.0,251.0,257.0,270.0,272.0,282.0,289.0,454.0,459.0,511.0,515.0,519.0,520.0,526.0,533.0,536.0,540.0,548.0,555.0,559.0,561.0,565.0,567.0,572.0,574.0,586.0,591.0,594.0,614.0,618.0,619.0,619.0,625.0,628.0,629.0,635.0,644.0,656.0,686.0,699.0,710.0,732.0,757.0,769.0,781.0,781.0,796.0,817.0,831.0,845.0,847.0,857.0,864.0,867.0,875.0,896.0,934.0,947.0,952.0,966.0,978.0,
51.0,81.0,127.0,144.0,168.0,188.0,266.0,308.0,353.0,354.0,361.0,469.0,484.0,497.0,528.0,529.0,537.0,537.0,539.0,540.0,540.0,546.0,547.0,547.0,553.0,554.0,555.0,560.0,565.0,575.0,584.0,590.0,591.0,599.0,610.0,618.0,621.0,653.0,692.0,709.0,714.0,764.0,773.0,814.0,867.0,875.0,880.0,893.0,917.0,921.0,923.0,927.0,966.0,970.0,
20.0,32.0,70.0,82.0,111.0,257.0,279.0,284.0,300.0,327.0,349.0,399.0,432.0,463.0,500.0,504.0,509.0,517.0,529.0,533.0,536.0,538.0,542.0,544.0,550.0,554.0,557.0,558.0,567.0,587.0,594.0,607.0,612.0,616.0,621.0,624.0,627.0,635.0,648.0,667.0,680.0,688.0,695.0,719.0,719.0,720.0,729.0,734.0,741.0,756.0,798.0,814.0,837.0,852.0,854.0,855.0,870.0,880.0,886.0,928.0,
25.0,103.0,113.0,119.0,122.0,181.0,206.0,212.0,225.0,241.0,275.0,278.0,282.0,315.0,319.0,390.0,438.0,440.0,453.0,464.0,476.0,516.0,518.0,531.0,537.0,540.0,540.0,541.0,541.0,557.0,558.0,563.0,566.0,573.0,584.0,590.0,599.0,602.0,605.0,623.0,625.0,637.0,637.0,642.0,642.0,649.0,656.0,664.0,685.0,686.0,687.0,692.0,709.0,746.0,760.0,762.0,774.0,774.0,783.0,793.0,800.0,803.0,816.0,826.0,834.0,838.0,862.0,871.0,878.0,881.0,884.0,884.0,903.0,905.0,958.0,959.0,984.0,993.0,
8.0,49.0,80.0,92.0,108.0,112.0,117.0,201.0,211.0,213.0,224.0,239.0,249.0,276.0,298.0,348.0,407.0,408.0,453.0,472.0,482.0,494.0,499.0,513.0,526.0,528.0,534.0,535.0,537.0,537.0,539.0,541.0,543.0,547.0,548.0,569.0,570.0,584.0,585.0,590.0,591.0,596.0,605.0,608.0,611.0,614.0,627.0,627.0,636.0,637.0,640.0,646.0,653.0,660.0,664.0,672.0,682.0,683.0,703.0,712.0,714.0,728.0,752.0,784.0,791.0,806.0,808.0,819.0,837.0,846.0,860.0,882.0,895.0,899.0,912.0,914.0,937.0,954.0,969.0,995.0,999.0,
34.0,38.0,92.0,96.0,207.0,289.0,296.0,302.0,420.0,533.0,537.0,559.0,559.0,570.0,575.0,575.0,586.0,726.0,752.0,772.0,786.0,893.0,928.0,939.0,943.0,979.0,981.0,
19.0,31.0,58.0,111.0,139.0,159.0,213.0,275.0,335.0,348.0,376.0,443.0,455.0,471.0,502.0,504.0,516.0,520.0,533.0,542.0,566.0,573.0,591.0,592.0,607.0,611.0,615.0,619.0,626.0,634.0,643.0,645.0,655.0,660.0,679.0,694.0,698.0,712.0,744.0,754.0,754.0,759.0,764.0,779.0,797.0,859.0,859.0,866.0,880.0,897.0,929.0,952.0,973.0,975.0,976.0,989.0,995.0,997.0,
27.0,78.0,85.0,109.0,147.0,157.0,207.0,240.0,280.0,296.0,345.0,386.0,398.0,400.0,410.0,411.0,433.0,452.0,483.0,490.0,492.0,530.0,531.0,542.0,548.0,549.0,555.0,559.0,560.0,565.0,566.0,572.0,577.0,587.0,597.0,598.0,603.0,606.0,607.0,613.0,615.0,624.0,631.0,633.0,650.0,654.0,697.0,700.0,715.0,716.0,718.0,722.0,726.0,741.0,748.0,754.0,782.0,785.0,791.0,795.0,804.0,822.0,844.0,867.0,868.0,878.0,920.0,924.0,939.0,959.0,967.0,969.0,972.0,977.0,984.0,
9.0,24.0,99.0,104.0,174.0,327.0,337.0,344.0,345.0,351.0,368.0,380.0,457.0,468.0,515.0,518.0,526.0,527.0,541.0,545.0,552.0,557.0,558.0,565.0,584.0,588.0,626.0,626.0,630.0,635.0,648.0,669.0,690.0,700.0,703.0,717.0,739.0,805.0,809.0,817.0,828.0,837.0,845.0,851.0,881.0,884.0,903.0,925.0,926.0,930.0,965.0,
64.0,107.0,117.0,149.0,217.0,223.0,245.0,262.0,315.0,319.0,336.0,337.0,399.0,401.0,435.0,483.0,501.0,518.0,522.0,531.0,536.0,542.0,544.0,545.0,546.0,548.0,548.0,552.0,563.0,567.0,569.0,574.0,588.0,593.0,595.0,611.0,617.0,639.0,646.0,647.0,654.0,666.0,672.0,677.0,701.0,710.0,747.0,756.0,772.0,828.0,856.0,861.0,872.0,872.0,888.0,889.0,890.0,895.0,903.0,913.0,944.0,946.0,948.0,954.0,957.0,960.0,995.0,
13.0,81.0,114.0,121.0,141.0,161.0,175.0,187.0,190.0,288.0,317.0,391.0,416.0,455.0,464.0,519.0,530.0,530.0,537.0,542.0,544.0,545.0,562.0,567.0,576.0,583.0,584.0,585.0,589.0,589.0,591.0,594.0,600.0,614.0,622.0,636.0,638.0,649.0,662.0,673.0,702.0,705.0,718.0,723.0,746.0,756.0,761.0,794.0,810.0,884.0,941.0,945.0,947.0,974.0,989.0,998.0,
33.0,60.0,88.0,168.0,178.0,190.0,192.0,195.0,248.0,277.0,327.0,365.0,368.0,383.0,441.0,474.0,511.0,524.0,532.0,537.0,541.0,544.0,546.0,546.0,548.0,548.0,551.0,555.0,562.0,563.0,566.0,567.0,568.0,569.0,578.0,584.0,586.0,612.0,614.0,615.0,619.0,627.0,628.0,635.0,641.0,644.0,646.0,656.0,660.0,662.0,678.0,793.0,803.0,805.0,805.0,806.0,814.0,828.0,863.0,883.0,891.0,956.0,961.0,966.0,968.0,972.0,974.0,975.0,985.0,
36.0,36.0,47.0,126.0,205.0,306.0,326.0,336.0,339.0,398.0,425.0,434.0,483.0,500.0,523.0,524.0,528.0,528.0,534.0,541.0,542.0,546.0,580.0,583.0,584.0,592.0,615.0,617.0,645.0,651.0,657.0,687.0,708.0,714.0,717.0,719.0,720.0,724.0,752.0,769.0,775.0,799.0,876.0,885.0,888.0,904.0,909.0,942.0,952.0,969.0,
3.0,40.0,63.0,130.0,161.0,164.0,167.0,214.0,271.0,287.0,290.0,292.0,350.0,356.0,361.0,410.0,419.0,428.0,464.0,494.0,513.0,523.0,524.0,526.0,531.0,541.0,546.0,547.0,548.0,561.0,561.0,574.0,576.0,593.0,595.0,595.0,598.0,619.0,621.0,623.0,638.0,639.0,655.0,667.0,667.0,671.0,676.0,683.0,692.0,704.0,708.0,722.0,743.0,749.0,768.0,778.0,780.0,795.0,799.0,805.0,828.0,898.0,916.0,934.0,951.0,955.0,970.0,970.0,971.0,992.0,993.0,
39.0,54.0,61.0,67.0,86.0,110.0,112.0,122.0,144.0,172.0,223.0,242.0,270.0,443.0,453.0,476.0,482.0,534.0,539.0,540.0,540.0,564.0,564.0,567.0,568.0,570.0,572.0,578.0,579.0,582.0,583.0,585.0,588.0,592.0,596.0,612.0,621.0,632.0,641.0,642.0,676.0,682.0,696.0,716.0,719.0,736.0,737.0,763.0,768.0,779.0,800.0,802.0,816.0,845.0,848.0,852.0,862.0,870.0,880.0,889.0,900.0,928.0,950.0,957.0,976.0,977.0,988.0,
17.0,80.0,108.0,120.0,145.0,148.0,158.0,158.0,266.0,299.0,347.0,347.0,350.0,393.0,445.0,455.0,505.0,519.0,538.0,695.0,742.0,791.0,806.0,818.0,877.0,916.0,
41.0,64.0,70.0,78.0,154.0,172.0,296.0,296.0,303.0,368.0,392.0,405.0,413.0,415.0,450.0,477.0,494.0,516.0,525.0,531.0,535.0,563.0,567.0,568.0,575.0,581.0,587.0,590.0,604.0,613.0,621.0,622.0,623.0,631.0,635.0,656.0,660.0,682.0,688.0,742.0,745.0,757.0,777.0,792.0,802.0,840.0,853.0,857.0,865.0,884.0,886.0,925.0,931.0,960.0,965.0,968.0,988.0,993.0,997.0,1000.0,
44.0,53.0,91.0,147.0,208.0,216.0,236.0,245.0,265.0,269.0,289.0,357.0,362.0,396.0,436.0,439.0,452.0,455.0,462.0,478.0,494.0,497.0,524.0,532.0,541.0,544.0,544.0,545.0,550.0,553.0,555.0,556.0,556.0,560.0,565.0,575.0,582.0,585.0,586.0,587.0,597.0,615.0,619.0,624.0,651.0,659.0,682.0,694.0,702.0,708.0,730.0,732.0,738.0,742.0,747.0,765.0,768.0,777.0,785.0,806.0,823.0,826.0,830.0,834.0,838.0,855.0,859.0,868.0,882.0,888.0,925.0,927.0,937.0,941.0,964.0,
12.0,19.0,43.0,48.0,53.0,62.0,64.0,76.0,78.0,91.0,102.0,106.0,106.0,175.0,195.0,198.0,205.0,207.0,232.0,244.0,258.0,301.0,316.0,355.0,376.0,377.0,418.0,450.0,472.0,506.0,511.0,525.0,537.0,544.0,545.0,545.0,552.0,553.0,556.0,560.0,561.0,561.0,563.0,565.0,565.0,566.0,573.0,573.0,581.0,587.0,593.0,622.0,639.0,649.0,651.0,657.0,680.0,689.0,705.0,707.0,724.0,732.0,778.0,813.0,813.0,822.0,828.0,834.0,844.0,852.0,962.0,
35.0,56.0,117.0,147.0,150.0,185.0,234.0,239.0,261.0,387.0,453.0,458.0,467.0,480.0,500.0,514.0,515.0,519.0,522.0,539.0,543.0,546.0,548.0,549.0,554.0,557.0,588.0,593.0,595.0,609.0,614.0,617.0,620.0,635.0,636.0,648.0,657.0,662.0,663.0,672.0,673.0,675.0,683.0,708.0,728.0,745.0,751.0,758.0,766.0,813.0,856.0,864.0,867.0,867.0,873.0,881.0,894.0,905.0,922.0,925.0,929.0,932.0,960.0,969.0,969.0,970.0,971.0,976.0,983.0,
54.0,83.0,83.0,85.0,117.0,153.0,202.0,222.0,241.0,242.0,249.0,252.0,310.0,361.0,378.0,400.0,409.0,420.0,422.0,428.0,443.0,468.0,483.0,517.0,518.0,519.0,521.0,526.0,527.0,539.0,540.0,547.0,549.0,563.0,569.0,573.0,574.0,579.0,581.0,585.0,589.0,593.0,595.0,597.0,600.0,603.0,606.0,610.0,611.0,622.0,623.0,633.0,637.0,652.0,656.0,662.0,684.0,687.0,706.0,713.0,714.0,739.0,762.0,773.0,803.0,834.0,840.0,847.0,854.0,880.0,935.0,939.0,951.0,957.0,965.0,984.0,988.0,997.0,
20.0,52.0,60.0,80.0,87.0,106.0,135.0,157.0,173.0,207.0,266.0,284.0,303.0,399.0,407.0,407.0,435.0,459.0,465.0,489.0,523.0,527.0,528.0,534.0,537.0,547.0,548.0,550.0,566.0,566.0,573.0,577.0,592.0,604.0,605.0,614.0,676.0,682.0,702.0,711.0,718.0,727.0,738.0,744.0,758.0,766.0,782.0,792.0,818.0,826.0,828.0,842.0,861.0,904.0,904.0,906.0,912.0,914.0,929.0,941.0,963.0,985.0,999.0,
40.0,89.0,104.0,127.0,164.0,186.0,202.0,224.0,254.0,292.0,356.0,365.0,407.0,501.0,506.0,507.0,512.0,522.0,522.0,524.0,527.0,535.0,538.0,540.0,544.0,552.0,554.0,556.0,561.0,565.0,575.0,575.0,579.0,582.0,588.0,589.0,590.0,611.0,624.0,627.0,637.0,639.0,644.0,658.0,666.0,668.0,683.0,693.0,833.0,841.0,867.0,873.0,874.0,912.0,949.0,958.0,964.0,974.0,981.0,1000.0,
47.0,115.0,149.0,161.0,176.0,184.0,233.0,257.0,294.0,319.0,336.0,354.0,372.0,389.0,396.0,431.0,454.0,483.0,486.0,511.0,516.0,537.0,543.0,545.0,547.0,547.0,555.0,559.0,560.0,563.0,578.0,581.0,593.0,595.0,634.0,639.0,648.0,653.0,677.0,686.0,731.0,734.0,738.0,793.0,809.0,811.0,818.0,840.0,842.0,850.0,856.0,893.0,899.0,924.0,928.0,931.0,932.0,945.0,966.0,999.0,
12.0,17.0,17.0,19.0,56.0,93.0,106.0,127.0,130.0,195.0,198.0,201.0,216.0,283.0,326.0,331.0,390.0,403.0,413.0,422.0,520.0,523.0,524.0,530.0,531.0,546.0,547.0,550.0,560.0,584.0,587.0,588.0,589.0,595.0,596.0,598.0,600.0,601.0,611.0,654.0,681.0,682.0,690.0,710.0,774.0,774.0,774.0,794.0,796.0,804.0,818.0,826.0,840.0,840.0,848.0,856.0,871.0,873.0,876.0,881.0,909.0,941.0,980.0,984.0,
21.0,73.0,101.0,122.0,150.0,155.0,160.0,231.0,233.0,263.0,274.0,278.0,281.0,336.0,359.0,402.0,408.0,420.0,427.0,459.0,563.0,565.0,668.0,743.0,746.0,763.0,779.0,813.0,852.0,858.0,869.0,886.0,898.0,998.0,
14.0,26.0,43.0,53.0,64.0,93.0,98.0,107.0,120.0,121.0,144.0,180.0,220.0,253.0,314.0,345.0,404.0,411.0,419.0,495.0,512.0,517.0,522.0,528.0,542.0,553.0,573.0,629.0,640.0,699.0,733.0,765.0,772.0,774.0,790.0,853.0,881.0,882.0,958.0,993.0,
20.0,34.0,58.0,72.0,101.0,141.0,155.0,166.0,178.0,212.0,219.0,245.0,270.0,276.0,297.0,302.0,344.0,359.0,408.0,432.0,446.0,459.0,477.0,479.0,481.0,495.0,507.0,516.0,520.0,521.0,536.0,549.0,551.0,555.0,556.0,559.0,561.0,561.0,570.0,571.0,571.0,572.0,588.0,593.0,600.0,601.0,607.0,626.0,630.0,643.0,647.0,665.0,709.0,711.0,715.0,728.0,738.0,742.0,776.0,778.0,800.0,811.0,897.0,967.0,1000.0,
3.0,8.0,12.0,40.0,50.0,117.0,118.0,147.0,185.0,198.0,213.0,251.0,292.0,317.0,319.0,324.0,332.0,332.0,343.0,347.0,394.0,398.0,415.0,435.0,439.0,466.0,480.0,487.0,489.0,526.0,526.0,530.0,533.0,543.0,543.0,549.0,554.0,560.0,574.0,575.0,578.0,584.0,591.0,592.0,596.0,596.0,613.0,621.0,621.0,629.0,652.0,658.0,668.0,683.0,704.0,708.0,714.0,716.0,748.0,759.0,791.0,813.0,814.0,864.0,890.0,916.0,918.0,937.0,946.0,950.0,953.0,957.0,967.0,977.0,
49.0,53.0,90.0,91.0,119.0,129.0,164.0,179.0,187.0,343.0,357.0,374.0,389.0,400.0,410.0,423.0,440.0,442.0,485.0,516.0,523.0,524.0,530.0,531.0,533.0,533.0,537.0,548.0,548.0,549.0,551.0,555.0,557.0,558.0,573.0,584.0,597.0,607.0,608.0,619.0,620.0,622.0,625.0,626.0,636.0,638.0,652.0,691.0,692.0,694.0,699.0,700.0,703.0,705.0,707.0,726.0,758.0,770.0,779.0,800.0,810.0,812.0,822.0,822.0,830.0,833.0,848.0,850.0,865.0,897.0,935.0,942.0,943.0,
84.0,103.0,117.0,200.0,206.0,232.0,232.0,241.0,268.0,271.0,318.0,358.0,412.0,518.0,523.0,524.0,525.0,532.0,534.0,560.0,566.0,572.0,574.0,577.0,581.0,581.0,584.0,585.0,587.0,590.0,596.0,607.0,628.0,634.0,644.0,657.0,662.0,694.0,704.0,710.0,743.0,788.0,789.0,820.0,878.0,890.0,906.0,908.0,925.0,928.0,
47.0,50.0,106.0,131.0,138.0,152.0,187.0,189.0,226.0,247.0,257.0,290.0,305.0,358.0,385.0,388.0,406.0,413.0,435.0,478.0,484.0,526.0,527.0,540.0,541.0,551.0,560.0,564.0,568.0,582.0,588.0,588.0,598.0,598.0,602.0,609.0,611.0,611.0,615.0,622.0,652.0,655.0,656.0,691.0,697.0,699.0,705.0,709.0,726.0,733.0,734.0,741.0,764.0,767.0,777.0,791.0,792.0,801.0,824.0,861.0,863.0,879.0,893.0,895.0,906.0,907.0,916.0,917.0,956.0,967.0,969.0,991.0,
5.0,104.0,111.0,171.0,189.0,190.0,197.0,236.0,238.0,285.0,311.0,321.0,365.0,387.0,395.0,418.0,420.0,443.0,454.0,463.0,508.0,518.0,527.0,532.0,538.0,540.0,544.0,549.0,549.0,550.0,560.0,563.0,565.0,565.0,570.0,578.0,585.0,589.0,598.0,603.0,616.0,633.0,650.0,651.0,671.0,675.0,676.0,681.0,685.0,688.0,697.0,720.0,753.0,760.0,761.0,819.0,837.0,872.0,916.0,916.0,937.0,
24.0,82.0,126.0,130.0,202.0,211.0,270.0,310.0,319.0,327.0,367.0,377.0,411.0,434.0,449.0,468.0,504.0,519.0,519.0,524.0,530.0,532.0,541.0,542.0,544.0,548.0,551.0,558.0,559.0,561.0,573.0,574.0,575.0,581.0,584.0,589.0,593.0,596.0,612.0,613.0,624.0,627.0,627.0,638.0,645.0,647.0,649.0,673.0,682.0,706.0,712.0,718.0,735.0,736.0,740.0,779.0,788.0,797.0,808.0,812.0,842.0,846.0,848.0,857.0,858.0,859.0,868.0,872.0,917.0,
21.0,26.0,45.0,91.0,162.0,170.0,186.0,290.0,320.0,346.0,382.0,392.0,396.0,417.0,428.0,445.0,471.0,488.0,503.0,506.0,561.0,566.0,570.0,601.0,618.0,634.0,710.0,819.0,825.0,857.0,870.0,913.0,920.0,
2.0,28.0,54.0,71.0,81.0,109.0,153.0,162.0,207.0,210.0,313.0,317.0,331.0,363.0,380.0,397.0,416.0,424.0,589.0,612.0,650.0,694.0,768.0,795.0,824.0,848.0,860.0,874.0,963.0,983.0,
2.0,41.0,43.0,119.0,136.0,183.0,201.0,221.0,241.0,241.0,258.0,289.0,291.0,350.0,350.0,372.0,402.0,403.0,443.0,517.0,524.0,540.0,571.0,579.0,665.0,667.0,691.0,703.0,747.0,820.0,860.0,870.0,877.0,885.0,
5.0,35.0,51.0,74.0,117.0,209.0,324.0,358.0,366.0,401.0,418.0,425.0,456.0,501.0,501.0,545.0,545.0,568.0,568.0,590.0,654.0,674.0,799.0,843.0,852.0,863.0,977.0,
54.0,56.0,62.0,84.0,114.0,116.0,123.0,125.0,143.0,161.0,163.0,181.0,266.0,344.0,348.0,351.0,514.0,519.0,522.0,529.0,537.0,548.0,560.0,573.0,590.0,614.0,620.0,622.0,622.0,629.0,631.0,651.0,655.0,657.0,735.0,745.0,770.0,821.0,849.0,869.0,886.0,899.0,900.0,928.0,947.0,952.0,969.0,974.0,
27.0,48.0,57.0,69.0,73.0,119.0,119.0,165.0,167.0,225.0,254.0,265.0,282.0,294.0,328.0,412.0,435.0,465.0,518.0,519.0,526.0,536.0,540.0,544.0,555.0,565.0,568.0,569.0,572.0,575.0,576.0,588.0,611.0,619.0,632.0,643.0,674.0,737.0,742.0,750.0,768.0,773.0,779.0,787.0,792.0,794.0,796.0,800.0,812.0,815.0,830.0,851.0,867.0,874.0,884.0,936.0,944.0,977.0,
18.0,83.0,98.0,120.0,144.0,163.0,168.0,171.0,266.0,330.0,337.0,348.0,362.0,367.0,371.0,432.0,446.0,518.0,521.0,533.0,537.0,539.0,540.0,542.0,546.0,549.0,557.0,557.0,558.0,558.0,560.0,560.0,563.0,565.0,574.0,576.0,583.0,588.0,593.0,597.0,601.0,604.0,605.0,612.0,623.0,647.0,660.0,668.0,676.0,677.0,689.0,693.0,707.0,724.0,737.0,739.0,751.0,764.0,773.0,789.0,802.0,810.0,815.0,817.0,820.0,832.0,834.0,843.0,867.0,876.0,878.0,880.0,912.0,930.0,933.0,937.0,954.0,955.0,970.0,976.0,977.0,998.0,
24.0,31.0,78.0,149.0,170.0,217.0,230.0,262.0,270.0,304.0,373.0,399.0,415.0,511.0,522.0,536.0,544.0,549.0,549.0,551.0,554.0,555.0,557.0,562.0,566.0,567.0,580.0,583.0,585.0,593.0,596.0,601.0,608.0,611.0,615.0,621.0,624.0,636.0,637.0,640.0,661.0,667.0,669.0,677.0,693.0,693.0,704.0,747.0,780.0,782.0,792.0,792.0,822.0,830.0,842.0,853.0,867.0,868.0,878.0,879.0,890.0,909.0,927.0,927.0,931.0,936.0,961.0,972.0,977.0,977.0,978.0,993.0,998.0,1000.0,
18.0,37.0,83.0,87.0,88.0,108.0,120.0,140.0,155.0,159.0,166.0,169.0,215.0,224.0,263.0,345.0,415.0,441.0,479.0,512.0,517.0,521.0,528.0,532.0,535.0,536.0,538.0,560.0,564.0,573.0,582.0,591.0,596.0,607.0,609.0,612.0,616.0,621.0,629.0,631.0,634.0,664.0,664.0,669.0,676.0,688.0,702.0,709.0,710.0,719.0,743.0,746.0,756.0,800.0,886.0,900.0,909.0,935.0,955.0,964.0,
10.0,34.0,57.0,86.0,94.0,105.0,129.0,151.0,154.0,161.0,163.0,163.0,212.0,217.0,292.0,305.0,346.0,380.0,454.0,456.0,458.0,466.0,475.0,525.0,526.0,554.0,556.0,563.0,563.0,574.0,588.0,591.0,665.0,724.0,779.0,810.0,819.0,862.0,955.0,973.0,973.0,984.0,
11.0,36.0,94.0,113.0,117.0,132.0,153.0,175.0,180.0,209.0,216.0,229.0,241.0,242.0,259.0,344.0,344.0,385.0,388.0,442.0,442.0,446.0,446.0,483.0,535.0,551.0,554.0,618.0,650.0,654.0,717.0,725.0,754.0,883.0,
