16.0,23.0,63.0,76.0,80.0,112.0,137.0,154.0,168.0,246.0,277.0,356.0,365.0,409.0,420.0,422.0,504.0,524.0,595.0,599.0,612.0,613.0,616.0,619.0,643.0,674.0,744.0,756.0,758.0,765.0,777.0,835.0,835.0,846.0,870.0,874.0,889.0,
7.0,81.0,130.0,135.0,166.0,174.0,188.0,197.0,219.0,278.0,279.0,292.0,335.0,358.0,367.0,405.0,555.0,558.0,561.0,644.0,645.0,661.0,679.0,683.0,684.0,710.0,716.0,774.0,790.0,840.0,881.0,895.0,903.0,912.0,918.0,940.0,
3.0,12.0,21.0,48.0,79.0,91.0,108.0,149.0,156.0,164.0,168.0,219.0,235.0,242.0,316.0,348.0,357.0,372.0,386.0,404.0,419.0,444.0,506.0,537.0,552.0,580.0,586.0,601.0,648.0,698.0,704.0,711.0,752.0,758.0,766.0,770.0,781.0,815.0,832.0,865.0,879.0,886.0,915.0,945.0,980.0,997.0,1000.0,
17.0,43.0,81.0,90.0,110.0,113.0,130.0,138.0,146.0,177.0,182.0,189.0,210.0,233.0,270.0,289.0,291.0,324.0,342.0,348.0,427.0,432.0,459.0,478.0,529.0,559.0,561.0,563.0,575.0,587.0,630.0,673.0,682.0,683.0,751.0,766.0,813.0,834.0,841.0,846.0,847.0,875.0,898.0,900.0,903.0,937.0,
3.0,36.0,38.0,66.0,97.0,141.0,154.0,175.0,235.0,276.0,291.0,417.0,457.0,458.0,465.0,475.0,488.0,493.0,499.0,504.0,565.0,567.0,601.0,640.0,665.0,679.0,730.0,748.0,758.0,824.0,864.0,881.0,936.0,
4.0,48.0,88.0,98.0,124.0,164.0,206.0,209.0,238.0,258.0,263.0,287.0,389.0,456.0,466.0,534.0,539.0,540.0,607.0,645.0,649.0,680.0,707.0,728.0,732.0,733.0,793.0,805.0,815.0,823.0,838.0,849.0,866.0,867.0,876.0,877.0,967.0,
56.0,87.0,114.0,127.0,149.0,198.0,270.0,284.0,286.0,298.0,307.0,311.0,324.0,335.0,349.0,369.0,382.0,476.0,489.0,499.0,500.0,502.0,521.0,539.0,539.0,554.0,574.0,587.0,623.0,642.0,649.0,656.0,680.0,703.0,776.0,802.0,810.0,863.0,894.0,922.0,926.0,957.0,977.0,984.0,988.0,989.0,
8.0,26.0,94.0,109.0,159.0,214.0,308.0,350.0,406.0,422.0,444.0,464.0,482.0,483.0,509.0,513.0,533.0,648.0,650.0,723.0,863.0,899.0,
25.0,53.0,77.0,87.0,132.0,182.0,188.0,229.0,253.0,323.0,343.0,362.0,420.0,424.0,426.0,457.0,540.0,552.0,584.0,614.0,639.0,661.0,696.0,711.0,718.0,719.0,798.0,816.0,986.0,
30.0,34.0,36.0,46.0,51.0,88.0,90.0,119.0,121.0,126.0,143.0,153.0,162.0,167.0,202.0,206.0,231.0,243.0,266.0,271.0,297.0,333.0,365.0,384.0,385.0,389.0,392.0,432.0,436.0,494.0,518.0,569.0,679.0,693.0,697.0,744.0,762.0,772.0,773.0,803.0,816.0,833.0,840.0,845.0,846.0,900.0,910.0,995.0,
22.0,53.0,90.0,100.0,134.0,150.0,161.0,200.0,206.0,210.0,219.0,238.0,281.0,283.0,284.0,321.0,371.0,395.0,456.0,512.0,527.0,540.0,543.0,588.0,592.0,619.0,637.0,711.0,832.0,836.0,844.0,855.0,968.0,981.0,
19.0,51.0,105.0,113.0,115.0,130.0,154.0,164.0,193.0,233.0,259.0,280.0,300.0,319.0,337.0,345.0,353.0,365.0,371.0,372.0,441.0,452.0,453.0,631.0,681.0,688.0,700.0,707.0,724.0,766.0,784.0,796.0,838.0,915.0,968.0,970.0,992.0,1000.0,
5.0,27.0,60.0,88.0,130.0,144.0,161.0,215.0,255.0,260.0,264.0,270.0,290.0,293.0,324.0,360.0,387.0,407.0,458.0,463.0,466.0,466.0,467.0,474.0,476.0,486.0,498.0,501.0,525.0,551.0,553.0,590.0,601.0,645.0,653.0,660.0,726.0,766.0,861.0,911.0,959.0,983.0,988.0,
52.0,53.0,85.0,90.0,95.0,112.0,119.0,123.0,166.0,195.0,217.0,240.0,252.0,301.0,345.0,423.0,456.0,462.0,482.0,491.0,513.0,519.0,521.0,523.0,530.0,533.0,560.0,621.0,627.0,632.0,658.0,694.0,728.0,744.0,760.0,814.0,816.0,829.0,848.0,861.0,913.0,962.0,
17.0,111.0,175.0,197.0,243.0,294.0,322.0,350.0,359.0,368.0,394.0,397.0,414.0,422.0,451.0,455.0,516.0,538.0,544.0,550.0,554.0,583.0,602.0,737.0,774.0,800.0,884.0,895.0,963.0,
12.0,45.0,65.0,107.0,163.0,193.0,242.0,355.0,423.0,424.0,519.0,600.0,726.0,758.0,775.0,776.0,814.0,840.0,897.0,983.0,989.0,
23.0,59.0,61.0,110.0,119.0,151.0,171.0,191.0,206.0,234.0,256.0,259.0,271.0,307.0,316.0,332.0,336.0,367.0,371.0,396.0,397.0,469.0,474.0,482.0,488.0,507.0,519.0,757.0,770.0,878.0,897.0,958.0,995.0,
18.0,19.0,51.0,57.0,67.0,163.0,170.0,221.0,223.0,230.0,244.0,248.0,255.0,272.0,274.0,295.0,308.0,315.0,329.0,346.0,347.0,352.0,393.0,403.0,445.0,450.0,470.0,483.0,497.0,626.0,673.0,678.0,688.0,727.0,731.0,837.0,848.0,885.0,925.0,934.0,940.0,972.0,
6.0,28.0,60.0,63.0,67.0,94.0,100.0,103.0,209.0,212.0,214.0,223.0,317.0,322.0,340.0,368.0,430.0,479.0,506.0,508.0,528.0,531.0,555.0,568.0,589.0,590.0,593.0,608.0,648.0,651.0,679.0,681.0,686.0,692.0,726.0,783.0,804.0,829.0,837.0,850.0,875.0,912.0,966.0,987.0,
33.0,38.0,38.0,82.0,109.0,133.0,166.0,192.0,196.0,281.0,313.0,314.0,361.0,402.0,406.0,408.0,427.0,492.0,522.0,523.0,585.0,595.0,612.0,635.0,657.0,753.0,755.0,782.0,786.0,833.0,852.0,862.0,863.0,877.0,998.0,
29.0,54.0,77.0,86.0,159.0,167.0,172.0,192.0,204.0,207.0,222.0,245.0,245.0,276.0,291.0,319.0,330.0,366.0,373.0,391.0,409.0,412.0,436.0,469.0,514.0,517.0,548.0,591.0,593.0,679.0,694.0,694.0,755.0,762.0,811.0,824.0,869.0,886.0,926.0,941.0,
10.0,60.0,62.0,90.0,94.0,209.0,228.0,229.0,230.0,239.0,311.0,321.0,372.0,398.0,419.0,475.0,476.0,478.0,483.0,503.0,516.0,534.0,536.0,552.0,557.0,585.0,609.0,616.0,656.0,657.0,675.0,687.0,707.0,711.0,716.0,773.0,775.0,822.0,866.0,882.0,893.0,945.0,
27.0,31.0,32.0,68.0,69.0,81.0,85.0,99.0,140.0,168.0,220.0,249.0,305.0,346.0,415.0,431.0,432.0,439.0,440.0,456.0,519.0,549.0,632.0,653.0,705.0,731.0,749.0,750.0,866.0,890.0,963.0,965.0,
53.0,70.0,73.0,131.0,157.0,165.0,182.0,230.0,248.0,249.0,250.0,293.0,389.0,392.0,456.0,470.0,523.0,534.0,539.0,551.0,556.0,580.0,710.0,743.0,772.0,777.0,794.0,803.0,805.0,836.0,881.0,896.0,913.0,932.0,997.0,
7.0,19.0,30.0,93.0,200.0,262.0,290.0,291.0,350.0,372.0,377.0,399.0,417.0,437.0,449.0,460.0,475.0,524.0,524.0,528.0,528.0,530.0,550.0,550.0,554.0,559.0,563.0,573.0,590.0,598.0,618.0,657.0,698.0,711.0,737.0,740.0,747.0,753.0,773.0,783.0,798.0,823.0,836.0,876.0,956.0,968.0,973.0,
68.0,155.0,181.0,199.0,214.0,215.0,274.0,293.0,310.0,327.0,359.0,375.0,377.0,385.0,401.0,403.0,407.0,407.0,432.0,457.0,510.0,520.0,527.0,539.0,539.0,546.0,548.0,554.0,555.0,559.0,576.0,585.0,609.0,610.0,656.0,672.0,676.0,722.0,740.0,760.0,774.0,779.0,799.0,829.0,831.0,852.0,854.0,910.0,941.0,947.0,948.0,954.0,979.0,985.0,
78.0,87.0,107.0,131.0,148.0,199.0,201.0,252.0,261.0,266.0,312.0,348.0,356.0,395.0,420.0,434.0,439.0,450.0,450.0,471.0,472.0,507.0,509.0,512.0,524.0,541.0,542.0,548.0,556.0,566.0,577.0,581.0,583.0,610.0,630.0,639.0,640.0,644.0,645.0,651.0,680.0,691.0,695.0,709.0,727.0,743.0,751.0,757.0,796.0,808.0,821.0,821.0,832.0,837.0,861.0,880.0,884.0,895.0,924.0,929.0,931.0,933.0,936.0,965.0,980.0,984.0,
39.0,42.0,45.0,92.0,97.0,111.0,139.0,171.0,185.0,227.0,271.0,386.0,406.0,418.0,429.0,472.0,477.0,487.0,525.0,533.0,591.0,595.0,619.0,628.0,642.0,700.0,719.0,951.0,953.0,970.0,981.0,982.0,
9.0,23.0,53.0,55.0,83.0,101.0,139.0,246.0,277.0,292.0,295.0,324.0,333.0,353.0,434.0,461.0,473.0,522.0,540.0,571.0,576.0,588.0,615.0,670.0,751.0,767.0,779.0,781.0,787.0,926.0,929.0,952.0,967.0,983.0,984.0,
18.0,49.0,51.0,100.0,111.0,138.0,144.0,194.0,211.0,233.0,236.0,302.0,304.0,315.0,343.0,361.0,380.0,383.0,485.0,506.0,529.0,584.0,588.0,596.0,641.0,663.0,680.0,732.0,758.0,788.0,791.0,793.0,893.0,
15.0,16.0,44.0,46.0,96.0,103.0,109.0,135.0,184.0,208.0,214.0,249.0,254.0,292.0,306.0,327.0,370.0,453.0,457.0,514.0,524.0,591.0,616.0,616.0,670.0,673.0,730.0,731.0,748.0,762.0,766.0,771.0,808.0,814.0,823.0,930.0,937.0,953.0,976.0,983.0,986.0,
3.0,32.0,97.0,104.0,123.0,158.0,159.0,217.0,295.0,321.0,348.0,385.0,419.0,461.0,471.0,511.0,533.0,537.0,544.0,550.0,591.0,647.0,786.0,789.0,798.0,800.0,807.0,819.0,869.0,894.0,916.0,967.0,
14.0,32.0,41.0,97.0,100.0,122.0,246.0,252.0,256.0,262.0,278.0,317.0,323.0,326.0,347.0,348.0,364.0,378.0,389.0,392.0,409.0,433.0,531.0,557.0,562.0,567.0,597.0,634.0,691.0,719.0,745.0,826.0,903.0,941.0,959.0,
5.0,32.0,49.0,66.0,98.0,134.0,135.0,154.0,170.0,177.0,202.0,206.0,215.0,274.0,305.0,356.0,360.0,360.0,368.0,379.0,389.0,414.0,444.0,466.0,497.0,522.0,523.0,541.0,543.0,546.0,555.0,561.0,572.0,573.0,576.0,614.0,618.0,624.0,640.0,643.0,645.0,663.0,666.0,684.0,703.0,719.0,737.0,750.0,760.0,768.0,773.0,793.0,800.0,805.0,848.0,855.0,872.0,895.0,900.0,932.0,934.0,935.0,951.0,955.0,959.0,960.0,971.0,983.0,997.0,
4.0,14.0,75.0,93.0,95.0,99.0,101.0,113.0,114.0,130.0,198.0,237.0,260.0,274.0,288.0,309.0,320.0,363.0,383.0,429.0,499.0,505.0,514.0,519.0,521.0,521.0,527.0,532.0,533.0,535.0,540.0,542.0,544.0,545.0,548.0,552.0,557.0,559.0,566.0,572.0,584.0,587.0,589.0,589.0,592.0,594.0,597.0,602.0,619.0,624.0,643.0,658.0,667.0,668.0,679.0,721.0,727.0,744.0,753.0,777.0,796.0,803.0,881.0,893.0,901.0,902.0,903.0,917.0,940.0,986.0,
3.0,17.0,39.0,109.0,128.0,133.0,184.0,190.0,209.0,219.0,242.0,319.0,320.0,388.0,415.0,446.0,449.0,472.0,494.0,501.0,501.0,503.0,507.0,509.0,520.0,532.0,533.0,536.0,539.0,546.0,548.0,549.0,564.0,564.0,566.0,570.0,571.0,585.0,589.0,589.0,594.0,606.0,611.0,629.0,642.0,646.0,659.0,672.0,679.0,721.0,729.0,739.0,754.0,757.0,758.0,759.0,765.0,779.0,786.0,809.0,834.0,838.0,853.0,854.0,872.0,899.0,904.0,926.0,945.0,957.0,964.0,992.0,
30.0,71.0,110.0,113.0,113.0,141.0,229.0,279.0,319.0,345.0,356.0,383.0,414.0,489.0,496.0,501.0,518.0,521.0,524.0,524.0,533.0,549.0,554.0,555.0,564.0,564.0,568.0,579.0,580.0,583.0,583.0,584.0,589.0,590.0,606.0,615.0,621.0,629.0,635.0,635.0,656.0,657.0,671.0,674.0,691.0,695.0,710.0,715.0,716.0,734.0,755.0,768.0,780.0,796.0,798.0,805.0,823.0,846.0,856.0,883.0,886.0,889.0,895.0,923.0,925.0,932.0,935.0,942.0,995.0,
45.0,55.0,57.0,57.0,110.0,111.0,116.0,153.0,218.0,282.0,319.0,322.0,334.0,372.0,391.0,404.0,424.0,424.0,438.0,440.0,447.0,457.0,480.0,490.0,496.0,498.0,502.0,520.0,523.0,526.0,537.0,540.0,555.0,558.0,563.0,591.0,607.0,632.0,648.0,649.0,649.0,650.0,654.0,659.0,676.0,683.0,692.0,693.0,700.0,718.0,719.0,735.0,749.0,768.0,784.0,785.0,793.0,797.0,809.0,811.0,855.0,860.0,861.0,882.0,885.0,899.0,903.0,913.0,922.0,928.0,932.0,935.0,979.0,982.0,
48.0,67.0,110.0,146.0,150.0,176.0,195.0,292.0,312.0,317.0,361.0,367.0,416.0,417.0,516.0,530.0,533.0,545.0,549.0,553.0,720.0,764.0,799.0,815.0,818.0,871.0,912.0,915.0,926.0,989.0,
43.0,84.0,155.0,177.0,183.0,257.0,299.0,334.0,338.0,375.0,393.0,396.0,417.0,429.0,456.0,486.0,519.0,561.0,599.0,644.0,688.0,696.0,756.0,785.0,836.0,960.0,962.0,984.0,985.0,
38.0,90.0,102.0,152.0,175.0,219.0,226.0,302.0,342.0,350.0,377.0,379.0,414.0,516.0,654.0,666.0,717.0,718.0,771.0,783.0,784.0,853.0,913.0,918.0,923.0,946.0,980.0,
13.0,16.0,33.0,36.0,63.0,80.0,117.0,128.0,160.0,214.0,232.0,269.0,284.0,339.0,367.0,396.0,444.0,446.0,475.0,485.0,491.0,567.0,618.0,628.0,633.0,638.0,659.0,718.0,733.0,737.0,763.0,801.0,950.0,990.0,
15.0,23.0,25.0,45.0,96.0,105.0,107.0,131.0,178.0,245.0,246.0,261.0,322.0,326.0,370.0,384.0,414.0,416.0,441.0,445.0,508.0,544.0,567.0,576.0,580.0,582.0,591.0,596.0,607.0,618.0,628.0,629.0,672.0,677.0,737.0,739.0,770.0,797.0,821.0,891.0,902.0,929.0,940.0,962.0,968.0,969.0,
26.0,57.0,92.0,146.0,151.0,164.0,168.0,178.0,192.0,194.0,197.0,282.0,284.0,326.0,331.0,369.0,379.0,404.0,445.0,451.0,452.0,471.0,477.0,486.0,526.0,526.0,527.0,528.0,534.0,542.0,550.0,553.0,561.0,565.0,571.0,576.0,584.0,585.0,586.0,589.0,602.0,604.0,606.0,616.0,638.0,639.0,641.0,650.0,658.0,685.0,689.0,690.0,712.0,729.0,737.0,761.0,767.0,805.0,808.0,816.0,827.0,846.0,848.0,852.0,865.0,870.0,873.0,889.0,897.0,909.0,924.0,932.0,935.0,955.0,997.0,
109.0,111.0,119.0,151.0,256.0,293.0,309.0,357.0,371.0,396.0,412.0,474.0,504.0,526.0,532.0,544.0,545.0,549.0,550.0,562.0,564.0,567.0,572.0,577.0,581.0,586.0,588.0,592.0,609.0,613.0,622.0,663.0,664.0,665.0,669.0,692.0,713.0,723.0,723.0,775.0,807.0,832.0,840.0,855.0,867.0,870.0,890.0,912.0,956.0,961.0,996.0,1000.0,
65.0,73.0,95.0,137.0,183.0,185.0,234.0,247.0,278.0,304.0,329.0,329.0,370.0,398.0,408.0,412.0,431.0,469.0,475.0,497.0,514.0,529.0,531.0,532.0,538.0,540.0,547.0,548.0,550.0,564.0,587.0,587.0,600.0,609.0,614.0,623.0,652.0,652.0,664.0,679.0,696.0,712.0,756.0,804.0,823.0,861.0,867.0,872.0,900.0,934.0,943.0,947.0,952.0,
21.0,58.0,75.0,83.0,135.0,201.0,207.0,252.0,278.0,294.0,300.0,326.0,328.0,344.0,368.0,387.0,395.0,426.0,446.0,447.0,450.0,456.0,460.0,465.0,467.0,487.0,529.0,532.0,543.0,553.0,563.0,564.0,567.0,567.0,569.0,585.0,586.0,589.0,606.0,612.0,615.0,617.0,621.0,623.0,647.0,656.0,688.0,703.0,706.0,711.0,733.0,745.0,757.0,769.0,797.0,812.0,825.0,854.0,871.0,875.0,893.0,923.0,926.0,939.0,965.0,990.0,
31.0,34.0,53.0,53.0,82.0,112.0,143.0,145.0,150.0,162.0,168.0,179.0,185.0,197.0,240.0,246.0,303.0,322.0,330.0,336.0,347.0,373.0,378.0,379.0,384.0,388.0,409.0,447.0,483.0,502.0,510.0,511.0,514.0,524.0,529.0,544.0,548.0,552.0,555.0,558.0,561.0,564.0,565.0,566.0,569.0,570.0,572.0,580.0,581.0,582.0,583.0,584.0,585.0,590.0,594.0,595.0,629.0,640.0,658.0,671.0,704.0,729.0,738.0,759.0,768.0,774.0,790.0,798.0,798.0,807.0,808.0,816.0,865.0,939.0,943.0,947.0,965.0,972.0,
2.0,64.0,107.0,113.0,142.0,218.0,227.0,234.0,237.0,326.0,395.0,409.0,451.0,486.0,518.0,522.0,524.0,530.0,534.0,540.0,542.0,564.0,572.0,592.0,604.0,663.0,676.0,679.0,696.0,701.0,717.0,748.0,752.0,759.0,762.0,792.0,825.0,827.0,851.0,882.0,896.0,900.0,916.0,935.0,945.0,955.0,990.0,
31.0,49.0,81.0,87.0,143.0,236.0,259.0,292.0,328.0,349.0,408.0,432.0,442.0,453.0,458.0,498.0,504.0,507.0,529.0,586.0,610.0,610.0,619.0,712.0,772.0,823.0,823.0,826.0,838.0,852.0,861.0,894.0,
16.0,65.0,120.0,125.0,130.0,170.0,195.0,198.0,221.0,253.0,265.0,268.0,268.0,284.0,293.0,297.0,312.0,318.0,324.0,370.0,429.0,439.0,443.0,500.0,556.0,606.0,649.0,691.0,701.0,704.0,727.0,771.0,824.0,857.0,864.0,890.0,896.0,906.0,919.0,946.0,947.0,992.0,
7.0,49.0,64.0,117.0,122.0,135.0,142.0,175.0,184.0,195.0,214.0,223.0,277.0,280.0,280.0,285.0,308.0,326.0,337.0,338.0,353.0,354.0,371.0,384.0,414.0,419.0,498.0,501.0,551.0,610.0,629.0,640.0,666.0,731.0,905.0,990.0,996.0,
91.0,124.0,132.0,175.0,230.0,236.0,243.0,248.0,284.0,289.0,310.0,387.0,413.0,442.0,480.0,506.0,524.0,547.0,551.0,554.0,556.0,565.0,566.0,568.0,568.0,574.0,575.0,576.0,578.0,579.0,580.0,580.0,588.0,594.0,602.0,607.0,619.0,643.0,647.0,652.0,653.0,663.0,682.0,697.0,716.0,717.0,734.0,755.0,761.0,763.0,779.0,793.0,795.0,803.0,822.0,836.0,844.0,848.0,931.0,936.0,944.0,947.0,950.0,982.0,991.0,
3.0,13.0,78.0,89.0,91.0,146.0,174.0,202.0,213.0,233.0,251.0,255.0,290.0,293.0,314.0,324.0,347.0,348.0,426.0,453.0,494.0,529.0,557.0,558.0,562.0,568.0,571.0,573.0,574.0,580.0,596.0,602.0,636.0,638.0,643.0,647.0,654.0,661.0,667.0,675.0,689.0,701.0,703.0,710.0,711.0,713.0,720.0,726.0,727.0,750.0,755.0,763.0,764.0,774.0,801.0,823.0,838.0,851.0,901.0,905.0,906.0,933.0,949.0,968.0,978.0,981.0,989.0,990.0,997.0,
2.0,18.0,23.0,27.0,46.0,55.0,123.0,157.0,214.0,238.0,350.0,387.0,400.0,417.0,426.0,491.0,525.0,527.0,529.0,540.0,550.0,553.0,553.0,553.0,554.0,555.0,557.0,570.0,575.0,575.0,585.0,592.0,599.0,612.0,615.0,621.0,628.0,628.0,664.0,677.0,687.0,697.0,711.0,741.0,749.0,763.0,781.0,798.0,833.0,847.0,853.0,864.0,875.0,895.0,907.0,932.0,964.0,965.0,975.0,976.0,976.0,991.0,994.0,998.0,
2.0,46.0,86.0,102.0,129.0,165.0,178.0,200.0,204.0,233.0,233.0,250.0,279.0,322.0,328.0,339.0,369.0,396.0,398.0,429.0,432.0,437.0,439.0,442.0,477.0,485.0,526.0,530.0,535.0,536.0,543.0,550.0,553.0,556.0,560.0,565.0,568.0,572.0,572.0,590.0,590.0,596.0,598.0,612.0,631.0,633.0,635.0,638.0,649.0,653.0,685.0,700.0,733.0,749.0,757.0,759.0,759.0,763.0,782.0,788.0,819.0,824.0,826.0,849.0,852.0,862.0,862.0,868.0,868.0,879.0,888.0,947.0,952.0,997.0,
14.0,51.0,94.0,117.0,138.0,165.0,170.0,187.0,283.0,289.0,320.0,332.0,344.0,344.0,371.0,391.0,411.0,425.0,471.0,478.0,501.0,505.0,517.0,523.0,524.0,524.0,532.0,534.0,535.0,540.0,540.0,547.0,548.0,549.0,558.0,567.0,570.0,572.0,578.0,581.0,589.0,599.0,600.0,617.0,629.0,631.0,632.0,640.0,641.0,647.0,648.0,659.0,705.0,711.0,721.0,731.0,749.0,760.0,766.0,782.0,785.0,787.0,798.0,839.0,872.0,940.0,943.0,950.0,961.0,966.0,999.0,
22.0,85.0,106.0,112.0,147.0,155.0,165.0,173.0,253.0,266.0,277.0,284.0,328.0,355.0,415.0,425.0,434.0,449.0,511.0,515.0,525.0,526.0,544.0,550.0,553.0,557.0,559.0,561.0,578.0,598.0,607.0,612.0,617.0,639.0,649.0,651.0,652.0,656.0,658.0,659.0,663.0,670.0,696.0,741.0,751.0,755.0,776.0,780.0,790.0,799.0,822.0,828.0,837.0,842.0,874.0,878.0,916.0,923.0,927.0,937.0,986.0,987.0,988.0,1000.0,
16.0,46.0,55.0,61.0,109.0,128.0,130.0,159.0,164.0,188.0,189.0,221.0,238.0,274.0,289.0,304.0,323.0,332.0,371.0,441.0,442.0,496.0,546.0,552.0,554.0,556.0,563.0,573.0,573.0,574.0,575.0,588.0,591.0,595.0,610.0,628.0,643.0,662.0,674.0,677.0,680.0,681.0,705.0,708.0,715.0,727.0,742.0,757.0,767.0,773.0,781.0,788.0,797.0,844.0,860.0,873.0,894.0,898.0,903.0,970.0,979.0,994.0,998.0,999.0,1000.0,
26.0,77.0,79.0,88.0,108.0,158.0,199.0,223.0,239.0,265.0,283.0,355.0,399.0,411.0,421.0,427.0,446.0,466.0,468.0,509.0,544.0,620.0,644.0,661.0,689.0,710.0,733.0,749.0,837.0,908.0,947.0,
20.0,89.0,98.0,123.0,125.0,126.0,137.0,183.0,200.0,205.0,279.0,302.0,312.0,323.0,335.0,358.0,442.0,463.0,476.0,505.0,529.0,568.0,590.0,669.0,701.0,736.0,758.0,806.0,816.0,818.0,822.0,860.0,906.0,910.0,974.0,999.0,
20.0,23.0,38.0,44.0,49.0,87.0,87.0,95.0,107.0,110.0,134.0,138.0,147.0,184.0,192.0,201.0,202.0,279.0,343.0,370.0,411.0,424.0,431.0,444.0,448.0,454.0,485.0,535.0,543.0,548.0,624.0,640.0,650.0,671.0,692.0,723.0,731.0,770.0,815.0,834.0,951.0,973.0,
2.0,18.0,69.0,89.0,98.0,111.0,121.0,153.0,183.0,211.0,226.0,237.0,291.0,303.0,309.0,322.0,325.0,336.0,346.0,361.0,398.0,405.0,475.0,517.0,541.0,544.0,557.0,574.0,582.0,584.0,585.0,596.0,605.0,607.0,629.0,632.0,640.0,644.0,647.0,657.0,662.0,665.0,725.0,727.0,743.0,743.0,751.0,779.0,788.0,813.0,835.0,869.0,871.0,891.0,915.0,947.0,975.0,
54.0,84.0,85.0,118.0,206.0,220.0,231.0,262.0,281.0,309.0,327.0,337.0,347.0,360.0,366.0,399.0,409.0,448.0,452.0,454.0,473.0,498.0,503.0,518.0,525.0,528.0,532.0,539.0,541.0,541.0,546.0,548.0,558.0,561.0,561.0,561.0,566.0,567.0,573.0,576.0,583.0,592.0,602.0,602.0,607.0,610.0,611.0,626.0,642.0,668.0,671.0,678.0,695.0,698.0,705.0,717.0,748.0,758.0,759.0,760.0,763.0,771.0,788.0,800.0,857.0,859.0,865.0,878.0,895.0,907.0,908.0,914.0,916.0,924.0,955.0,965.0,969.0,971.0,989.0,999.0,1000.0,
39.0,55.0,69.0,142.0,152.0,171.0,181.0,228.0,240.0,242.0,256.0,291.0,306.0,383.0,405.0,423.0,462.0,506.0,521.0,526.0,530.0,537.0,539.0,545.0,546.0,549.0,553.0,558.0,560.0,560.0,561.0,569.0,572.0,572.0,573.0,574.0,579.0,579.0,583.0,608.0,624.0,625.0,648.0,656.0,660.0,662.0,672.0,689.0,740.0,749.0,796.0,821.0,825.0,896.0,911.0,924.0,925.0,948.0,949.0,974.0,982.0,
21.0,56.0,75.0,148.0,168.0,173.0,201.0,209.0,259.0,270.0,288.0,294.0,307.0,308.0,337.0,368.0,434.0,445.0,459.0,464.0,472.0,479.0,524.0,525.0,525.0,530.0,533.0,543.0,544.0,550.0,553.0,555.0,555.0,558.0,562.0,576.0,576.0,579.0,581.0,584.0,587.0,590.0,598.0,601.0,622.0,624.0,634.0,642.0,649.0,667.0,673.0,674.0,691.0,694.0,709.0,719.0,762.0,783.0,799.0,813.0,818.0,824.0,869.0,870.0,884.0,906.0,918.0,934.0,939.0,965.0,
6.0,39.0,61.0,98.0,122.0,126.0,146.0,190.0,207.0,271.0,281.0,322.0,367.0,374.0,402.0,414.0,441.0,464.0,468.0,481.0,494.0,495.0,498.0,532.0,533.0,538.0,539.0,544.0,545.0,549.0,553.0,556.0,562.0,573.0,573.0,582.0,582.0,583.0,602.0,606.0,625.0,635.0,640.0,641.0,654.0,659.0,661.0,683.0,683.0,696.0,706.0,709.0,719.0,728.0,764.0,775.0,790.0,791.0,806.0,817.0,870.0,875.0,886.0,910.0,920.0,922.0,923.0,926.0,929.0,945.0,950.0,957.0,971.0,985.0,990.0,995.0,
12.0,16.0,16.0,18.0,27.0,75.0,76.0,91.0,116.0,156.0,214.0,218.0,231.0,235.0,260.0,279.0,282.0,308.0,340.0,344.0,346.0,360.0,382.0,496.0,504.0,531.0,533.0,535.0,546.0,550.0,551.0,552.0,556.0,559.0,561.0,568.0,574.0,581.0,591.0,595.0,597.0,601.0,603.0,611.0,622.0,631.0,639.0,647.0,650.0,657.0,672.0,673.0,673.0,685.0,686.0,694.0,697.0,707.0,744.0,750.0,774.0,790.0,811.0,831.0,839.0,890.0,896.0,910.0,926.0,933.0,933.0,989.0,993.0,
74.0,98.0,121.0,140.0,162.0,166.0,191.0,200.0,205.0,212.0,241.0,305.0,308.0,331.0,351.0,357.0,369.0,380.0,401.0,526.0,529.0,529.0,534.0,534.0,537.0,541.0,543.0,551.0,569.0,618.0,628.0,633.0,646.0,655.0,657.0,674.0,675.0,697.0,734.0,766.0,777.0,802.0,809.0,831.0,833.0,844.0,863.0,870.0,883.0,891.0,915.0,918.0,967.0,968.0,978.0,
73.0,77.0,98.0,122.0,123.0,134.0,174.0,175.0,195.0,216.0,222.0,287.0,287.0,397.0,423.0,423.0,459.0,516.0,555.0,580.0,619.0,635.0,670.0,691.0,795.0,826.0,938.0,960.0,981.0,992.0,
25.0,51.0,114.0,178.0,185.0,187.0,202.0,223.0,232.0,238.0,252.0,274.0,315.0,354.0,390.0,425.0,445.0,488.0,498.0,539.0,561.0,563.0,585.0,588.0,610.0,610.0,622.0,670.0,699.0,700.0,713.0,721.0,744.0,784.0,800.0,832.0,832.0,858.0,877.0,960.0,967.0,
27.0,62.0,140.0,148.0,201.0,210.0,226.0,264.0,270.0,322.0,323.0,351.0,356.0,364.0,377.0,417.0,419.0,443.0,466.0,477.0,514.0,522.0,547.0,590.0,590.0,601.0,639.0,670.0,681.0,731.0,772.0,789.0,915.0,916.0,932.0,967.0,989.0,992.0,
3.0,46.0,64.0,83.0,86.0,93.0,136.0,159.0,197.0,240.0,250.0,255.0,258.0,284.0,369.0,387.0,392.0,454.0,465.0,467.0,497.0,520.0,526.0,550.0,551.0,597.0,606.0,609.0,636.0,683.0,704.0,737.0,745.0,764.0,769.0,780.0,788.0,801.0,825.0,863.0,880.0,967.0,
12.0,18.0,34.0,74.0,99.0,121.0,130.0,182.0,190.0,208.0,245.0,283.0,329.0,346.0,372.0,425.0,438.0,504.0,519.0,522.0,535.0,546.0,547.0,553.0,553.0,554.0,560.0,564.0,568.0,587.0,592.0,606.0,615.0,628.0,634.0,649.0,659.0,684.0,685.0,696.0,703.0,724.0,733.0,735.0,749.0,764.0,764.0,805.0,814.0,871.0,883.0,898.0,908.0,909.0,911.0,913.0,918.0,932.0,945.0,962.0,969.0,975.0,983.0,994.0,1000.0,
13.0,29.0,34.0,48.0,69.0,71.0,86.0,89.0,105.0,114.0,144.0,158.0,196.0,221.0,233.0,255.0,257.0,270.0,272.0,298.0,326.0,328.0,332.0,332.0,341.0,343.0,369.0,393.0,437.0,452.0,470.0,472.0,513.0,517.0,518.0,526.0,532.0,538.0,539.0,546.0,546.0,549.0,549.0,552.0,552.0,554.0,557.0,557.0,569.0,587.0,590.0,603.0,612.0,635.0,637.0,646.0,674.0,681.0,682.0,695.0,695.0,698.0,744.0,746.0,751.0,768.0,782.0,790.0,794.0,803.0,815.0,817.0,822.0,850.0,855.0,869.0,874.0,894.0,910.0,914.0,914.0,942.0,963.0,968.0,969.0,
17.0,64.0,122.0,129.0,174.0,198.0,218.0,220.0,238.0,270.0,336.0,377.0,386.0,394.0,406.0,528.0,528.0,530.0,530.0,531.0,533.0,538.0,551.0,556.0,563.0,565.0,568.0,569.0,571.0,575.0,576.0,592.0,600.0,611.0,620.0,625.0,627.0,634.0,634.0,641.0,648.0,662.0,665.0,677.0,681.0,698.0,706.0,738.0,757.0,762.0,781.0,812.0,816.0,817.0,824.0,829.0,832.0,835.0,844.0,849.0,864.0,866.0,871.0,876.0,887.0,936.0,940.0,957.0,961.0,964.0,985.0,
18.0,32.0,58.0,72.0,167.0,170.0,174.0,200.0,210.0,231.0,368.0,466.0,504.0,506.0,522.0,524.0,529.0,530.0,539.0,542.0,542.0,542.0,545.0,550.0,559.0,563.0,564.0,565.0,567.0,567.0,568.0,585.0,589.0,598.0,600.0,606.0,610.0,610.0,621.0,624.0,626.0,630.0,631.0,632.0,633.0,635.0,653.0,670.0,713.0,736.0,738.0,746.0,766.0,781.0,781.0,792.0,804.0,814.0,827.0,831.0,841.0,855.0,892.0,903.0,904.0,906.0,912.0,913.0,920.0,921.0,925.0,932.0,958.0,981.0,988.0,
14.0,14.0,59.0,77.0,100.0,160.0,181.0,225.0,243.0,274.0,287.0,307.0,310.0,325.0,334.0,334.0,359.0,372.0,416.0,442.0,462.0,502.0,505.0,518.0,525.0,553.0,573.0,573.0,585.0,588.0,590.0,593.0,606.0,641.0,660.0,670.0,670.0,683.0,689.0,691.0,696.0,733.0,770.0,789.0,801.0,809.0,811.0,820.0,828.0,886.0,903.0,908.0,917.0,921.0,926.0,927.0,945.0,959.0,993.0,
45.0,107.0,119.0,126.0,135.0,152.0,159.0,184.0,184.0,212.0,269.0,282.0,290.0,359.0,413.0,417.0,490.0,517.0,518.0,531.0,533.0,552.0,578.0,579.0,581.0,586.0,648.0,661.0,703.0,771.0,780.0,816.0,834.0,840.0,876.0,888.0,948.0,950.0,972.0,997.0,
16.0,34.0,46.0,65.0,91.0,91.0,95.0,143.0,166.0,200.0,281.0,332.0,375.0,381.0,394.0,413.0,431.0,442.0,504.0,572.0,597.0,634.0,647.0,657.0,673.0,706.0,713.0,718.0,729.0,747.0,797.0,828.0,832.0,850.0,852.0,893.0,898.0,914.0,
45.0,51.0,99.0,101.0,108.0,189.0,226.0,227.0,243.0,244.0,282.0,295.0,322.0,357.0,402.0,465.0,469.0,479.0,504.0,518.0,532.0,564.0,565.0,630.0,657.0,717.0,763.0,765.0,769.0,780.0,793.0,805.0,805.0,829.0,834.0,853.0,856.0,871.0,890.0,911.0,927.0,983.0,
98.0,106.0,107.0,144.0,219.0,252.0,273.0,275.0,285.0,305.0,342.0,354.0,368.0,373.0,414.0,459.0,466.0,494.0,500.0,515.0,561.0,584.0,591.0,607.0,636.0,680.0,716.0,765.0,821.0,827.0,888.0,912.0,941.0,
22.0,29.0,50.0,64.0,101.0,108.0,118.0,165.0,200.0,215.0,233.0,257.0,259.0,269.0,270.0,287.0,291.0,299.0,358.0,401.0,436.0,471.0,482.0,499.0,535.0,542.0,568.0,611.0,645.0,693.0,701.0,771.0,816.0,824.0,883.0,907.0,912.0,934.0,
11.0,76.0,78.0,152.0,265.0,276.0,295.0,314.0,318.0,351.0,369.0,385.0,389.0,463.0,504.0,526.0,540.0,542.0,578.0,590.0,597.0,615.0,629.0,639.0,654.0,671.0,703.0,719.0,748.0,784.0,799.0,849.0,856.0,874.0,894.0,
4.0,11.0,17.0,61.0,111.0,135.0,153.0,182.0,265.0,304.0,322.0,368.0,457.0,463.0,482.0,530.0,530.0,538.0,538.0,558.0,564.0,577.0,581.0,600.0,646.0,672.0,673.0,678.0,697.0,704.0,708.0,740.0,753.0,757.0,761.0,790.0,818.0,846.0,868.0,885.0,906.0,978.0,983.0,
36.0,43.0,57.0,67.0,91.0,95.0,128.0,144.0,193.0,195.0,197.0,254.0,270.0,295.0,305.0,319.0,333.0,347.0,377.0,393.0,398.0,421.0,437.0,499.0,528.0,543.0,561.0,562.0,564.0,575.0,575.0,575.0,590.0,590.0,604.0,615.0,639.0,653.0,654.0,662.0,688.0,690.0,725.0,808.0,842.0,844.0,882.0,884.0,886.0,906.0,916.0,942.0,961.0,975.0,976.0,982.0,984.0,
42.0,117.0,162.0,172.0,186.0,199.0,209.0,225.0,307.0,314.0,332.0,484.0,496.0,527.0,536.0,538.0,539.0,557.0,566.0,576.0,579.0,589.0,593.0,597.0,603.0,617.0,622.0,626.0,637.0,650.0,677.0,686.0,746.0,755.0,762.0,780.0,792.0,804.0,806.0,806.0,843.0,917.0,927.0,969.0,
11.0,60.0,73.0,76.0,88.0,93.0,123.0,132.0,153.0,190.0,201.0,285.0,304.0,336.0,359.0,387.0,387.0,431.0,463.0,484.0,488.0,546.0,547.0,552.0,553.0,559.0,595.0,650.0,742.0,759.0,763.0,774.0,816.0,846.0,868.0,919.0,924.0,955.0,991.0,993.0,
96.0,122.0,266.0,279.0,351.0,351.0,359.0,382.0,397.0,419.0,442.0,522.0,533.0,552.0,575.0,613.0,616.0,640.0,677.0,677.0,709.0,775.0,819.0,868.0,974.0,
5.0,14.0,51.0,104.0,168.0,181.0,198.0,226.0,265.0,266.0,271.0,289.0,292.0,394.0,433.0,462.0,485.0,514.0,515.0,550.0,562.0,587.0,601.0,677.0,685.0,686.0,693.0,696.0,749.0,760.0,770.0,793.0,809.0,818.0,862.0,869.0,870.0,953.0,954.0,958.0,963.0,
13.0,34.0,79.0,93.0,122.0,125.0,139.0,144.0,160.0,246.0,263.0,274.0,306.0,310.0,322.0,331.0,351.0,362.0,380.0,391.0,477.0,503.0,516.0,549.0,575.0,578.0,586.0,627.0,708.0,739.0,740.0,751.0,770.0,800.0,909.0,911.0,926.0,974.0,
14.0,25.0,72.0,105.0,133.0,143.0,166.0,178.0,241.0,259.0,338.0,339.0,350.0,379.0,389.0,440.0,457.0,458.0,474.0,484.0,506.0,510.0,522.0,525.0,534.0,548.0,549.0,552.0,553.0,586.0,603.0,606.0,608.0,644.0,654.0,701.0,710.0,777.0,800.0,824.0,848.0,854.0,884.0,885.0,953.0,957.0,990.0,
16.0,49.0,51.0,66.0,81.0,99.0,117.0,160.0,198.0,211.0,225.0,363.0,446.0,449.0,471.0,519.0,521.0,549.0,636.0,714.0,759.0,819.0,899.0,913.0,934.0,971.0,
44.0,48.0,54.0,54.0,86.0,123.0,135.0,193.0,224.0,232.0,247.0,249.0,265.0,284.0,329.0,400.0,425.0,511.0,673.0,711.0,740.0,830.0,869.0,883.0,885.0,893.0,897.0,
30.0,50.0,58.0,106.0,128.0,134.0,136.0,140.0,173.0,210.0,238.0,271.0,316.0,379.0,426.0,463.0,511.0,514.0,569.0,576.0,628.0,634.0,680.0,694.0,750.0,794.0,799.0,806.0,918.0,983.0,990.0,
10.0,33.0,76.0,120.0,135.0,167.0,176.0,183.0,257.0,277.0,342.0,342.0,382.0,466.0,519.0,525.0,585.0,588.0,592.0,596.0,678.0,682.0,701.0,712.0,859.0,889.0,909.0,
12.0,156.0,157.0,159.0,174.0,251.0,254.0,279.0,358.0,367.0,386.0,428.0,431.0,444.0,473.0,522.0,530.0,534.0,638.0,688.0,728.0,738.0,745.0,793.0,946.0,951.0,974.0,983.0,987.0,
8.0,27.0,28.0,56.0,93.0,115.0,160.0,239.0,341.0,352.0,380.0,400.0,434.0,469.0,520.0,527.0,551.0,621.0,653.0,653.0,668.0,688.0,718.0,860.0,902.0,933.0,969.0,
8.0,12.0,71.0,85.0,116.0,133.0,138.0,330.0,419.0,438.0,441.0,441.0,463.0,500.0,564.0,564.0,615.0,616.0,692.0,700.0,738.0,778.0,807.0,824.0,836.0,891.0,922.0,930.0,938.0,993.0,997.0,
45.0,69.0,83.0,107.0,168.0,215.0,225.0,263.0,264.0,315.0,317.0,322.0,348.0,384.0,385.0,402.0,418.0,425.0,428.0,442.0,499.0,515.0,540.0,542.0,580.0,583.0,609.0,631.0,637.0,651.0,659.0,686.0,703.0,706.0,753.0,780.0,814.0,837.0,865.0,878.0,892.0,921.0,944.0,975.0,985.0,
