4.0,37.0,55.0,87.0,110.0,126.0,146.0,208.0,244.0,258.0,275.0,297.0,319.0,323.0,348.0,363.0,443.0,452.0,477.0,550.0,552.0,603.0,618.0,648.0,665.0,666.0,682.0,697.0,778.0,796.0,957.0,963.0,995.0,
26.0,68.0,78.0,78.0,80.0,92.0,149.0,184.0,226.0,230.0,243.0,259.0,262.0,282.0,338.0,349.0,356.0,379.0,430.0,449.0,462.0,465.0,468.0,473.0,483.0,490.0,498.0,542.0,551.0,571.0,585.0,648.0,719.0,742.0,749.0,766.0,797.0,820.0,831.0,862.0,870.0,885.0,888.0,936.0,943.0,976.0,
10.0,33.0,38.0,56.0,120.0,126.0,156.0,158.0,178.0,251.0,327.0,389.0,417.0,462.0,468.0,472.0,492.0,496.0,547.0,594.0,620.0,668.0,679.0,679.0,704.0,786.0,829.0,843.0,862.0,871.0,945.0,963.0,973.0,
20.0,37.0,49.0,87.0,128.0,128.0,152.0,207.0,216.0,233.0,258.0,293.0,295.0,329.0,331.0,358.0,372.0,391.0,405.0,413.0,459.0,477.0,509.0,511.0,531.0,545.0,571.0,572.0,579.0,664.0,668.0,675.0,770.0,772.0,840.0,901.0,915.0,918.0,925.0,940.0,991.0,991.0,995.0,
37.0,98.0,126.0,160.0,182.0,245.0,266.0,287.0,348.0,370.0,383.0,392.0,408.0,423.0,430.0,440.0,528.0,536.0,574.0,620.0,651.0,652.0,683.0,696.0,702.0,707.0,714.0,780.0,801.0,802.0,831.0,852.0,860.0,881.0,884.0,891.0,912.0,934.0,954.0,983.0,
28.0,32.0,82.0,134.0,147.0,165.0,173.0,201.0,226.0,236.0,248.0,250.0,259.0,282.0,322.0,389.0,390.0,392.0,395.0,400.0,414.0,465.0,467.0,472.0,479.0,502.0,506.0,506.0,536.0,605.0,605.0,627.0,630.0,682.0,772.0,781.0,798.0,799.0,847.0,847.0,878.0,882.0,885.0,917.0,942.0,949.0,961.0,976.0,985.0,986.0,
6.0,72.0,86.0,120.0,121.0,139.0,183.0,191.0,208.0,212.0,276.0,308.0,346.0,351.0,369.0,408.0,422.0,477.0,491.0,502.0,537.0,542.0,563.0,563.0,569.0,570.0,577.0,598.0,600.0,613.0,616.0,629.0,718.0,723.0,741.0,764.0,805.0,845.0,871.0,884.0,890.0,917.0,936.0,957.0,
27.0,35.0,57.0,68.0,104.0,116.0,120.0,164.0,165.0,222.0,231.0,243.0,279.0,316.0,325.0,329.0,353.0,399.0,405.0,434.0,445.0,498.0,503.0,514.0,535.0,543.0,544.0,550.0,551.0,575.0,581.0,607.0,622.0,653.0,663.0,670.0,673.0,704.0,757.0,792.0,803.0,810.0,868.0,869.0,877.0,890.0,917.0,973.0,980.0,995.0,
70.0,129.0,136.0,158.0,161.0,168.0,213.0,275.0,291.0,411.0,431.0,460.0,495.0,549.0,557.0,576.0,576.0,632.0,662.0,697.0,702.0,733.0,764.0,770.0,775.0,777.0,785.0,811.0,879.0,879.0,882.0,886.0,927.0,938.0,980.0,991.0,
22.0,81.0,84.0,108.0,109.0,143.0,151.0,152.0,175.0,176.0,216.0,216.0,262.0,308.0,320.0,326.0,341.0,361.0,376.0,379.0,392.0,412.0,428.0,535.0,583.0,596.0,609.0,653.0,750.0,755.0,806.0,815.0,846.0,858.0,883.0,890.0,903.0,921.0,923.0,924.0,926.0,929.0,944.0,981.0,997.0,
49.0,60.0,60.0,102.0,120.0,144.0,187.0,201.0,210.0,250.0,267.0,270.0,271.0,303.0,328.0,367.0,375.0,380.0,380.0,394.0,403.0,427.0,437.0,466.0,466.0,471.0,482.0,485.0,501.0,524.0,563.0,574.0,576.0,624.0,641.0,677.0,691.0,720.0,761.0,780.0,801.0,808.0,815.0,876.0,929.0,982.0,999.0,
2.0,21.0,50.0,64.0,80.0,80.0,99.0,145.0,176.0,191.0,207.0,313.0,329.0,393.0,424.0,438.0,489.0,511.0,537.0,592.0,594.0,648.0,651.0,664.0,712.0,729.0,731.0,734.0,755.0,758.0,807.0,819.0,837.0,871.0,888.0,940.0,962.0,976.0,991.0,993.0,998.0,
35.0,68.0,120.0,140.0,156.0,170.0,178.0,235.0,303.0,419.0,431.0,474.0,515.0,538.0,546.0,627.0,651.0,659.0,713.0,739.0,752.0,797.0,801.0,839.0,852.0,878.0,974.0,
13.0,28.0,71.0,88.0,223.0,276.0,308.0,315.0,326.0,327.0,338.0,355.0,364.0,364.0,390.0,401.0,427.0,452.0,510.0,516.0,538.0,545.0,579.0,580.0,601.0,605.0,622.0,642.0,677.0,692.0,721.0,726.0,789.0,821.0,822.0,843.0,855.0,925.0,926.0,941.0,1000.0,
9.0,14.0,21.0,31.0,76.0,112.0,219.0,261.0,279.0,321.0,355.0,360.0,365.0,368.0,373.0,485.0,502.0,536.0,567.0,576.0,624.0,641.0,662.0,717.0,729.0,764.0,782.0,826.0,836.0,842.0,880.0,895.0,903.0,963.0,969.0,990.0,993.0,
18.0,55.0,135.0,149.0,154.0,226.0,352.0,356.0,361.0,376.0,396.0,398.0,449.0,500.0,548.0,572.0,646.0,667.0,674.0,728.0,738.0,749.0,767.0,777.0,785.0,797.0,812.0,829.0,855.0,862.0,870.0,886.0,894.0,912.0,923.0,955.0,976.0,
16.0,128.0,141.0,209.0,245.0,294.0,300.0,301.0,302.0,323.0,341.0,347.0,369.0,372.0,375.0,387.0,448.0,543.0,554.0,604.0,694.0,719.0,741.0,822.0,833.0,839.0,855.0,872.0,887.0,889.0,899.0,900.0,932.0,946.0,951.0,
44.0,49.0,88.0,162.0,182.0,218.0,222.0,272.0,273.0,322.0,336.0,352.0,380.0,440.0,446.0,476.0,476.0,482.0,483.0,551.0,577.0,580.0,687.0,722.0,762.0,806.0,825.0,840.0,849.0,855.0,867.0,874.0,882.0,885.0,911.0,926.0,
35.0,60.0,70.0,101.0,152.0,157.0,193.0,240.0,265.0,325.0,362.0,453.0,473.0,510.0,552.0,572.0,576.0,634.0,643.0,652.0,672.0,693.0,768.0,775.0,815.0,846.0,863.0,875.0,883.0,900.0,925.0,956.0,956.0,961.0,995.0,
15.0,31.0,69.0,199.0,279.0,280.0,292.0,315.0,315.0,333.0,367.0,379.0,442.0,464.0,487.0,565.0,578.0,586.0,743.0,754.0,816.0,831.0,834.0,837.0,837.0,860.0,885.0,934.0,940.0,971.0,979.0,
30.0,57.0,116.0,162.0,172.0,183.0,188.0,204.0,236.0,252.0,383.0,399.0,401.0,410.0,426.0,428.0,444.0,447.0,453.0,475.0,483.0,543.0,545.0,626.0,631.0,632.0,634.0,638.0,681.0,698.0,710.0,746.0,753.0,761.0,765.0,821.0,823.0,837.0,870.0,896.0,900.0,907.0,914.0,956.0,
23.0,29.0,59.0,73.0,108.0,119.0,141.0,159.0,165.0,176.0,324.0,327.0,340.0,346.0,405.0,454.0,514.0,591.0,631.0,659.0,669.0,706.0,709.0,745.0,754.0,779.0,799.0,844.0,854.0,938.0,991.0,
33.0,116.0,162.0,189.0,203.0,216.0,228.0,243.0,265.0,333.0,368.0,384.0,396.0,404.0,464.0,532.0,536.0,565.0,590.0,593.0,639.0,644.0,676.0,696.0,745.0,752.0,756.0,808.0,822.0,823.0,840.0,849.0,867.0,872.0,876.0,888.0,900.0,906.0,921.0,925.0,932.0,936.0,937.0,946.0,972.0,981.0,
3.0,42.0,91.0,98.0,164.0,195.0,205.0,219.0,229.0,276.0,278.0,294.0,324.0,356.0,361.0,383.0,392.0,434.0,484.0,515.0,567.0,607.0,638.0,649.0,653.0,787.0,815.0,821.0,849.0,870.0,890.0,900.0,943.0,999.0,
7.0,19.0,63.0,95.0,121.0,130.0,132.0,222.0,272.0,280.0,301.0,331.0,334.0,382.0,397.0,430.0,466.0,466.0,471.0,510.0,520.0,547.0,597.0,606.0,621.0,633.0,707.0,727.0,731.0,800.0,836.0,852.0,883.0,885.0,887.0,898.0,932.0,935.0,988.0,991.0,997.0,
56.0,65.0,121.0,126.0,156.0,180.0,195.0,197.0,199.0,203.0,257.0,309.0,340.0,357.0,384.0,428.0,447.0,447.0,461.0,478.0,480.0,500.0,543.0,544.0,563.0,573.0,612.0,642.0,686.0,698.0,791.0,811.0,818.0,921.0,930.0,978.0,991.0,
15.0,22.0,53.0,64.0,93.0,94.0,121.0,138.0,195.0,223.0,262.0,264.0,274.0,318.0,340.0,388.0,406.0,446.0,456.0,468.0,519.0,526.0,539.0,560.0,594.0,732.0,748.0,792.0,793.0,839.0,844.0,860.0,864.0,877.0,882.0,982.0,
2.0,62.0,76.0,107.0,119.0,147.0,192.0,221.0,224.0,274.0,292.0,323.0,383.0,400.0,404.0,412.0,415.0,423.0,437.0,448.0,461.0,483.0,507.0,558.0,586.0,620.0,645.0,678.0,789.0,831.0,833.0,864.0,960.0,983.0,
81.0,116.0,204.0,205.0,242.0,258.0,290.0,291.0,301.0,323.0,330.0,337.0,369.0,421.0,467.0,467.0,489.0,507.0,512.0,547.0,592.0,632.0,660.0,673.0,697.0,703.0,709.0,716.0,796.0,807.0,920.0,941.0,952.0,
36.0,66.0,101.0,126.0,134.0,172.0,211.0,223.0,240.0,274.0,360.0,369.0,373.0,377.0,425.0,479.0,501.0,524.0,581.0,585.0,614.0,721.0,731.0,755.0,766.0,856.0,873.0,889.0,985.0,993.0,
2.0,17.0,18.0,27.0,80.0,114.0,137.0,140.0,222.0,230.0,277.0,292.0,344.0,365.0,379.0,411.0,428.0,457.0,459.0,459.0,464.0,552.0,565.0,575.0,581.0,585.0,588.0,595.0,609.0,638.0,646.0,670.0,673.0,693.0,735.0,762.0,774.0,802.0,817.0,836.0,897.0,912.0,918.0,934.0,936.0,975.0,986.0,
13.0,37.0,44.0,48.0,49.0,60.0,72.0,80.0,88.0,91.0,116.0,152.0,155.0,164.0,166.0,180.0,252.0,264.0,300.0,313.0,321.0,324.0,422.0,452.0,455.0,473.0,497.0,499.0,544.0,550.0,626.0,629.0,658.0,673.0,723.0,750.0,763.0,775.0,794.0,848.0,988.0,
6.0,42.0,69.0,89.0,114.0,121.0,129.0,142.0,142.0,148.0,153.0,158.0,167.0,169.0,206.0,207.0,226.0,226.0,233.0,238.0,264.0,283.0,290.0,297.0,312.0,379.0,394.0,410.0,430.0,460.0,491.0,492.0,526.0,533.0,534.0,541.0,612.0,619.0,620.0,624.0,645.0,725.0,739.0,785.0,801.0,833.0,841.0,846.0,855.0,886.0,919.0,
24.0,62.0,63.0,72.0,92.0,97.0,130.0,163.0,189.0,196.0,196.0,199.0,199.0,220.0,294.0,303.0,309.0,338.0,363.0,366.0,386.0,422.0,446.0,449.0,451.0,456.0,519.0,547.0,608.0,623.0,626.0,631.0,661.0,688.0,703.0,732.0,750.0,777.0,792.0,810.0,855.0,884.0,885.0,900.0,904.0,
19.0,31.0,51.0,71.0,76.0,80.0,85.0,92.0,111.0,162.0,187.0,197.0,205.0,249.0,278.0,286.0,389.0,400.0,407.0,434.0,487.0,493.0,506.0,539.0,549.0,551.0,560.0,578.0,578.0,591.0,655.0,674.0,724.0,761.0,791.0,867.0,873.0,877.0,905.0,978.0,997.0,
22.0,64.0,70.0,100.0,175.0,191.0,222.0,226.0,287.0,337.0,367.0,393.0,472.0,517.0,532.0,539.0,542.0,561.0,583.0,648.0,668.0,670.0,694.0,724.0,735.0,750.0,792.0,838.0,852.0,860.0,
9.0,25.0,31.0,88.0,189.0,232.0,271.0,398.0,485.0,499.0,566.0,601.0,639.0,648.0,674.0,675.0,678.0,683.0,730.0,809.0,824.0,826.0,893.0,937.0,942.0,947.0,959.0,994.0,
28.0,38.0,42.0,100.0,101.0,147.0,230.0,309.0,327.0,348.0,348.0,349.0,353.0,357.0,372.0,384.0,388.0,392.0,420.0,459.0,487.0,533.0,641.0,664.0,667.0,681.0,725.0,725.0,740.0,758.0,760.0,764.0,793.0,803.0,811.0,813.0,840.0,870.0,915.0,921.0,970.0,
14.0,44.0,46.0,57.0,75.0,100.0,193.0,208.0,258.0,265.0,269.0,286.0,370.0,370.0,371.0,430.0,545.0,547.0,552.0,577.0,586.0,601.0,619.0,669.0,714.0,739.0,745.0,794.0,797.0,822.0,911.0,929.0,979.0,
14.0,27.0,39.0,54.0,73.0,83.0,88.0,115.0,129.0,203.0,207.0,211.0,255.0,267.0,268.0,294.0,296.0,303.0,321.0,360.0,398.0,414.0,428.0,446.0,455.0,496.0,497.0,514.0,613.0,671.0,696.0,712.0,713.0,738.0,745.0,798.0,808.0,822.0,822.0,854.0,900.0,939.0,967.0,980.0,
16.0,26.0,36.0,51.0,77.0,159.0,201.0,204.0,224.0,231.0,234.0,306.0,307.0,307.0,326.0,332.0,332.0,342.0,345.0,398.0,419.0,499.0,511.0,532.0,570.0,598.0,641.0,669.0,684.0,708.0,733.0,749.0,764.0,784.0,797.0,834.0,843.0,853.0,905.0,905.0,912.0,918.0,935.0,978.0,
58.0,63.0,173.0,189.0,201.0,274.0,300.0,300.0,326.0,334.0,337.0,353.0,358.0,372.0,379.0,387.0,394.0,441.0,451.0,469.0,484.0,536.0,556.0,560.0,583.0,600.0,604.0,608.0,616.0,623.0,623.0,625.0,633.0,683.0,701.0,770.0,879.0,924.0,925.0,937.0,937.0,965.0,
15.0,36.0,38.0,56.0,65.0,78.0,101.0,131.0,157.0,162.0,169.0,172.0,242.0,247.0,255.0,275.0,278.0,281.0,358.0,380.0,413.0,419.0,439.0,442.0,484.0,486.0,487.0,532.0,551.0,577.0,591.0,632.0,649.0,676.0,767.0,854.0,868.0,869.0,
23.0,28.0,31.0,50.0,63.0,89.0,91.0,95.0,126.0,164.0,180.0,190.0,229.0,282.0,305.0,315.0,323.0,326.0,338.0,353.0,369.0,382.0,390.0,396.0,447.0,460.0,536.0,538.0,563.0,568.0,583.0,627.0,632.0,707.0,718.0,758.0,824.0,845.0,849.0,897.0,946.0,946.0,970.0,984.0,
9.0,55.0,57.0,87.0,91.0,104.0,131.0,251.0,337.0,403.0,410.0,417.0,438.0,502.0,529.0,529.0,554.0,554.0,583.0,586.0,593.0,598.0,603.0,609.0,621.0,646.0,662.0,720.0,779.0,787.0,795.0,811.0,820.0,828.0,870.0,872.0,887.0,904.0,904.0,920.0,927.0,984.0,993.0,
2.0,9.0,19.0,21.0,123.0,183.0,187.0,189.0,203.0,226.0,254.0,254.0,384.0,395.0,407.0,495.0,507.0,527.0,529.0,533.0,542.0,549.0,565.0,576.0,577.0,589.0,595.0,614.0,629.0,650.0,677.0,680.0,695.0,698.0,726.0,739.0,746.0,757.0,789.0,789.0,827.0,827.0,847.0,871.0,919.0,946.0,956.0,962.0,972.0,985.0,
41.0,57.0,89.0,103.0,142.0,169.0,187.0,187.0,230.0,299.0,428.0,429.0,509.0,516.0,527.0,542.0,559.0,561.0,562.0,580.0,638.0,653.0,675.0,704.0,754.0,852.0,882.0,909.0,917.0,923.0,942.0,954.0,
10.0,15.0,83.0,95.0,132.0,173.0,182.0,278.0,284.0,290.0,325.0,351.0,351.0,353.0,372.0,386.0,401.0,422.0,429.0,436.0,490.0,516.0,527.0,529.0,546.0,565.0,574.0,617.0,651.0,778.0,805.0,856.0,876.0,923.0,
20.0,68.0,87.0,115.0,128.0,151.0,162.0,250.0,268.0,269.0,271.0,285.0,303.0,353.0,358.0,358.0,403.0,435.0,447.0,450.0,506.0,514.0,526.0,572.0,580.0,584.0,589.0,589.0,599.0,613.0,646.0,686.0,722.0,772.0,780.0,797.0,809.0,855.0,891.0,941.0,967.0,990.0,997.0,
29.0,94.0,177.0,214.0,225.0,264.0,279.0,280.0,288.0,360.0,368.0,405.0,409.0,453.0,470.0,499.0,520.0,522.0,557.0,591.0,617.0,653.0,679.0,701.0,761.0,779.0,795.0,819.0,866.0,879.0,911.0,921.0,935.0,941.0,950.0,967.0,1000.0,1000.0,
74.0,123.0,133.0,154.0,185.0,211.0,226.0,229.0,273.0,283.0,297.0,445.0,447.0,450.0,496.0,517.0,528.0,563.0,582.0,582.0,620.0,743.0,744.0,831.0,849.0,882.0,908.0,913.0,917.0,932.0,958.0,972.0,997.0,
6.0,10.0,35.0,148.0,161.0,161.0,181.0,204.0,223.0,259.0,277.0,285.0,368.0,378.0,407.0,415.0,437.0,458.0,477.0,482.0,533.0,573.0,581.0,584.0,635.0,688.0,701.0,732.0,734.0,749.0,756.0,770.0,792.0,853.0,881.0,883.0,915.0,947.0,980.0,989.0,998.0,
15.0,16.0,33.0,73.0,104.0,139.0,141.0,178.0,182.0,184.0,204.0,226.0,248.0,249.0,281.0,318.0,325.0,334.0,372.0,391.0,411.0,466.0,483.0,513.0,539.0,550.0,568.0,571.0,624.0,693.0,718.0,757.0,765.0,789.0,795.0,848.0,859.0,875.0,912.0,972.0,993.0,
11.0,40.0,48.0,61.0,66.0,73.0,73.0,115.0,141.0,194.0,302.0,311.0,403.0,407.0,425.0,455.0,506.0,519.0,522.0,561.0,590.0,598.0,682.0,754.0,758.0,802.0,809.0,817.0,827.0,865.0,882.0,912.0,
3.0,125.0,134.0,145.0,152.0,152.0,154.0,179.0,197.0,218.0,223.0,277.0,352.0,376.0,509.0,533.0,537.0,622.0,628.0,655.0,705.0,738.0,763.0,772.0,805.0,810.0,844.0,854.0,859.0,878.0,913.0,936.0,940.0,
14.0,69.0,104.0,137.0,157.0,269.0,274.0,383.0,398.0,407.0,408.0,419.0,430.0,435.0,445.0,455.0,479.0,516.0,518.0,519.0,520.0,526.0,526.0,528.0,529.0,531.0,535.0,537.0,541.0,541.0,541.0,541.0,542.0,544.0,545.0,548.0,553.0,556.0,557.0,560.0,563.0,581.0,582.0,591.0,592.0,592.0,596.0,599.0,599.0,604.0,614.0,624.0,625.0,629.0,673.0,675.0,679.0,679.0,682.0,684.0,704.0,710.0,712.0,713.0,714.0,718.0,732.0,734.0,750.0,753.0,757.0,766.0,776.0,785.0,787.0,796.0,797.0,805.0,810.0,823.0,830.0,834.0,859.0,861.0,865.0,868.0,893.0,894.0,895.0,895.0,908.0,916.0,920.0,957.0,973.0,991.0,999.0,
17.0,75.0,115.0,138.0,153.0,191.0,217.0,234.0,292.0,298.0,300.0,328.0,362.0,365.0,373.0,385.0,393.0,475.0,476.0,506.0,514.0,516.0,518.0,545.0,548.0,555.0,564.0,564.0,565.0,569.0,574.0,593.0,597.0,602.0,611.0,611.0,619.0,636.0,673.0,780.0,784.0,786.0,786.0,790.0,824.0,838.0,861.0,865.0,894.0,896.0,899.0,928.0,950.0,953.0,
36.0,49.0,97.0,100.0,144.0,217.0,220.0,281.0,294.0,296.0,313.0,326.0,343.0,352.0,353.0,357.0,360.0,372.0,373.0,386.0,408.0,440.0,454.0,465.0,498.0,542.0,543.0,623.0,719.0,722.0,730.0,787.0,796.0,816.0,824.0,911.0,992.0,
57.0,72.0,86.0,164.0,168.0,188.0,193.0,201.0,216.0,221.0,221.0,239.0,246.0,254.0,257.0,281.0,316.0,316.0,318.0,358.0,369.0,410.0,437.0,442.0,447.0,485.0,499.0,518.0,525.0,580.0,639.0,639.0,693.0,774.0,785.0,813.0,896.0,913.0,922.0,948.0,984.0,986.0,992.0,
58.0,85.0,197.0,236.0,296.0,329.0,337.0,348.0,391.0,397.0,400.0,434.0,448.0,506.0,533.0,547.0,578.0,592.0,596.0,604.0,626.0,627.0,657.0,666.0,678.0,694.0,696.0,713.0,718.0,725.0,759.0,771.0,774.0,779.0,789.0,797.0,817.0,838.0,859.0,878.0,931.0,944.0,945.0,
10.0,13.0,14.0,18.0,26.0,30.0,46.0,83.0,93.0,118.0,125.0,140.0,143.0,195.0,225.0,328.0,336.0,338.0,375.0,468.0,502.0,530.0,561.0,594.0,601.0,603.0,672.0,702.0,711.0,754.0,756.0,842.0,846.0,866.0,891.0,943.0,947.0,980.0,989.0,994.0,995.0,
4.0,54.0,64.0,97.0,109.0,119.0,156.0,160.0,183.0,245.0,282.0,324.0,341.0,383.0,430.0,446.0,473.0,558.0,570.0,586.0,649.0,664.0,731.0,741.0,751.0,762.0,784.0,856.0,903.0,
39.0,75.0,98.0,173.0,181.0,221.0,229.0,263.0,266.0,267.0,268.0,312.0,361.0,398.0,405.0,481.0,498.0,498.0,506.0,512.0,537.0,559.0,595.0,613.0,628.0,647.0,672.0,690.0,691.0,707.0,750.0,778.0,811.0,820.0,863.0,897.0,942.0,975.0,
4.0,16.0,66.0,102.0,148.0,220.0,243.0,252.0,276.0,308.0,343.0,380.0,394.0,430.0,444.0,467.0,519.0,531.0,537.0,550.0,556.0,568.0,608.0,663.0,759.0,766.0,797.0,801.0,821.0,826.0,946.0,995.0,
46.0,98.0,99.0,126.0,130.0,141.0,224.0,225.0,246.0,249.0,266.0,314.0,371.0,373.0,380.0,380.0,414.0,452.0,456.0,460.0,531.0,575.0,620.0,630.0,671.0,686.0,833.0,839.0,874.0,921.0,949.0,
12.0,52.0,71.0,79.0,83.0,124.0,260.0,279.0,323.0,334.0,337.0,354.0,366.0,370.0,374.0,397.0,412.0,454.0,492.0,559.0,560.0,574.0,615.0,626.0,669.0,695.0,736.0,804.0,818.0,865.0,867.0,877.0,901.0,913.0,916.0,983.0,993.0,999.0,
16.0,51.0,93.0,151.0,173.0,228.0,233.0,245.0,260.0,300.0,350.0,460.0,487.0,500.0,538.0,540.0,558.0,570.0,654.0,657.0,665.0,756.0,757.0,757.0,810.0,823.0,827.0,837.0,852.0,877.0,898.0,903.0,938.0,938.0,947.0,982.0,
7.0,37.0,67.0,136.0,162.0,245.0,264.0,285.0,285.0,345.0,353.0,374.0,400.0,415.0,501.0,546.0,597.0,651.0,664.0,678.0,682.0,687.0,722.0,771.0,794.0,809.0,883.0,945.0,947.0,952.0,
17.0,24.0,31.0,33.0,41.0,99.0,101.0,171.0,175.0,256.0,258.0,271.0,273.0,314.0,333.0,345.0,364.0,380.0,388.0,454.0,456.0,508.0,557.0,576.0,586.0,607.0,607.0,620.0,669.0,671.0,699.0,743.0,775.0,826.0,839.0,850.0,900.0,974.0,
47.0,73.0,117.0,132.0,145.0,203.0,233.0,249.0,265.0,272.0,330.0,335.0,395.0,415.0,441.0,467.0,469.0,475.0,487.0,487.0,529.0,547.0,606.0,611.0,642.0,682.0,700.0,703.0,711.0,730.0,743.0,749.0,784.0,827.0,834.0,860.0,890.0,902.0,933.0,961.0,979.0,
7.0,15.0,38.0,75.0,76.0,121.0,148.0,151.0,176.0,186.0,260.0,265.0,276.0,348.0,382.0,426.0,438.0,461.0,485.0,485.0,498.0,519.0,578.0,588.0,591.0,597.0,638.0,651.0,727.0,732.0,734.0,758.0,838.0,849.0,854.0,858.0,883.0,904.0,911.0,913.0,918.0,932.0,951.0,
34.0,142.0,147.0,171.0,201.0,224.0,250.0,259.0,260.0,275.0,277.0,314.0,314.0,317.0,333.0,353.0,424.0,450.0,455.0,474.0,485.0,504.0,506.0,529.0,591.0,595.0,611.0,625.0,704.0,712.0,729.0,752.0,755.0,813.0,814.0,815.0,817.0,866.0,983.0,
10.0,13.0,30.0,74.0,74.0,124.0,129.0,183.0,183.0,224.0,269.0,310.0,337.0,341.0,362.0,372.0,437.0,440.0,454.0,486.0,541.0,543.0,552.0,561.0,564.0,577.0,582.0,599.0,669.0,712.0,813.0,884.0,889.0,910.0,939.0,967.0,
28.0,29.0,44.0,62.0,62.0,69.0,79.0,83.0,87.0,94.0,96.0,101.0,104.0,124.0,145.0,157.0,205.0,220.0,240.0,268.0,270.0,273.0,369.0,377.0,379.0,432.0,451.0,470.0,497.0,500.0,501.0,502.0,515.0,543.0,577.0,668.0,720.0,731.0,737.0,751.0,775.0,778.0,826.0,851.0,873.0,894.0,894.0,907.0,971.0,989.0,995.0,
76.0,81.0,120.0,137.0,145.0,158.0,169.0,169.0,229.0,261.0,277.0,282.0,284.0,295.0,346.0,357.0,371.0,378.0,409.0,460.0,501.0,511.0,527.0,544.0,573.0,574.0,581.0,596.0,601.0,658.0,661.0,668.0,705.0,724.0,779.0,783.0,810.0,843.0,848.0,871.0,879.0,901.0,961.0,963.0,965.0,
15.0,23.0,95.0,116.0,124.0,125.0,167.0,178.0,208.0,212.0,228.0,242.0,273.0,289.0,313.0,317.0,351.0,369.0,375.0,376.0,409.0,411.0,422.0,424.0,437.0,454.0,472.0,484.0,514.0,543.0,596.0,606.0,625.0,649.0,650.0,669.0,676.0,694.0,737.0,755.0,758.0,780.0,794.0,805.0,811.0,821.0,838.0,951.0,980.0,982.0,994.0,
28.0,36.0,56.0,57.0,73.0,74.0,81.0,101.0,131.0,216.0,259.0,264.0,322.0,358.0,396.0,420.0,433.0,469.0,472.0,480.0,490.0,509.0,514.0,534.0,547.0,559.0,626.0,685.0,738.0,739.0,742.0,748.0,766.0,783.0,790.0,796.0,814.0,831.0,904.0,906.0,
5.0,36.0,47.0,51.0,65.0,99.0,104.0,129.0,150.0,196.0,199.0,219.0,248.0,375.0,414.0,415.0,421.0,468.0,484.0,484.0,490.0,501.0,597.0,650.0,704.0,709.0,721.0,723.0,864.0,880.0,957.0,
69.0,110.0,112.0,130.0,145.0,254.0,296.0,306.0,315.0,344.0,361.0,398.0,409.0,413.0,424.0,467.0,489.0,536.0,564.0,602.0,656.0,689.0,738.0,745.0,752.0,766.0,789.0,825.0,881.0,898.0,921.0,933.0,993.0,
25.0,46.0,52.0,62.0,68.0,85.0,183.0,185.0,188.0,238.0,283.0,298.0,308.0,309.0,317.0,349.0,415.0,445.0,477.0,493.0,499.0,509.0,553.0,554.0,561.0,590.0,592.0,631.0,668.0,675.0,680.0,719.0,753.0,765.0,774.0,844.0,845.0,849.0,855.0,863.0,893.0,897.0,897.0,901.0,917.0,929.0,965.0,
40.0,46.0,77.0,102.0,112.0,159.0,169.0,175.0,215.0,226.0,236.0,263.0,267.0,322.0,384.0,388.0,408.0,409.0,426.0,454.0,456.0,474.0,508.0,554.0,583.0,607.0,608.0,613.0,673.0,676.0,719.0,729.0,736.0,762.0,785.0,815.0,852.0,874.0,893.0,900.0,939.0,982.0,982.0,993.0,
18.0,48.0,88.0,119.0,138.0,145.0,192.0,210.0,229.0,237.0,283.0,326.0,444.0,460.0,484.0,528.0,531.0,536.0,565.0,681.0,697.0,725.0,787.0,787.0,886.0,933.0,943.0,961.0,996.0,
48.0,66.0,68.0,85.0,86.0,154.0,190.0,229.0,248.0,350.0,360.0,361.0,369.0,383.0,383.0,391.0,406.0,406.0,480.0,533.0,546.0,555.0,611.0,646.0,647.0,680.0,683.0,685.0,711.0,719.0,739.0,811.0,834.0,857.0,862.0,867.0,876.0,884.0,911.0,936.0,966.0,994.0,
25.0,38.0,122.0,124.0,138.0,140.0,169.0,208.0,211.0,258.0,271.0,287.0,357.0,386.0,395.0,427.0,494.0,499.0,603.0,631.0,683.0,836.0,868.0,955.0,960.0,963.0,
16.0,58.0,67.0,110.0,125.0,154.0,168.0,198.0,214.0,253.0,256.0,287.0,304.0,347.0,378.0,390.0,455.0,460.0,476.0,499.0,514.0,515.0,531.0,568.0,569.0,584.0,587.0,610.0,612.0,625.0,645.0,674.0,716.0,754.0,788.0,794.0,828.0,831.0,928.0,948.0,972.0,
111.0,113.0,147.0,188.0,245.0,250.0,302.0,309.0,319.0,334.0,351.0,365.0,370.0,380.0,388.0,391.0,398.0,402.0,480.0,482.0,506.0,569.0,575.0,578.0,597.0,604.0,649.0,664.0,775.0,820.0,832.0,842.0,865.0,909.0,932.0,944.0,944.0,950.0,966.0,
23.0,48.0,63.0,89.0,101.0,123.0,139.0,152.0,171.0,278.0,294.0,316.0,332.0,401.0,470.0,470.0,499.0,592.0,610.0,613.0,645.0,681.0,718.0,720.0,720.0,724.0,746.0,749.0,763.0,770.0,772.0,788.0,898.0,904.0,926.0,933.0,933.0,955.0,963.0,964.0,984.0,
16.0,98.0,109.0,112.0,113.0,251.0,283.0,299.0,320.0,328.0,352.0,397.0,402.0,413.0,416.0,464.0,485.0,487.0,491.0,509.0,555.0,562.0,595.0,596.0,644.0,711.0,757.0,795.0,818.0,858.0,903.0,913.0,929.0,933.0,966.0,998.0,1000.0,
3.0,9.0,16.0,16.0,79.0,100.0,122.0,164.0,186.0,209.0,222.0,276.0,289.0,364.0,381.0,390.0,422.0,432.0,448.0,456.0,485.0,516.0,652.0,723.0,734.0,790.0,794.0,851.0,857.0,922.0,922.0,925.0,932.0,957.0,975.0,
25.0,72.0,90.0,109.0,158.0,213.0,242.0,255.0,283.0,325.0,334.0,360.0,395.0,460.0,462.0,475.0,508.0,522.0,537.0,575.0,646.0,652.0,683.0,705.0,734.0,739.0,759.0,777.0,795.0,796.0,812.0,819.0,851.0,877.0,896.0,950.0,958.0,966.0,980.0,983.0,988.0,998.0,
5.0,69.0,79.0,102.0,105.0,111.0,118.0,125.0,131.0,131.0,138.0,141.0,174.0,183.0,189.0,225.0,241.0,263.0,269.0,286.0,329.0,330.0,366.0,401.0,422.0,424.0,425.0,426.0,557.0,558.0,602.0,607.0,613.0,624.0,645.0,662.0,690.0,705.0,732.0,754.0,803.0,872.0,909.0,909.0,931.0,958.0,986.0,990.0,
25.0,25.0,41.0,82.0,190.0,233.0,236.0,308.0,313.0,389.0,394.0,430.0,435.0,451.0,456.0,463.0,476.0,479.0,503.0,511.0,516.0,573.0,603.0,653.0,676.0,701.0,715.0,785.0,801.0,827.0,873.0,896.0,903.0,914.0,919.0,954.0,958.0,991.0,997.0,
4.0,27.0,28.0,30.0,30.0,38.0,41.0,105.0,110.0,118.0,207.0,265.0,289.0,349.0,440.0,451.0,453.0,487.0,496.0,527.0,530.0,579.0,598.0,598.0,631.0,637.0,654.0,705.0,744.0,762.0,769.0,797.0,816.0,844.0,891.0,892.0,960.0,984.0,
31.0,79.0,87.0,114.0,146.0,156.0,166.0,185.0,185.0,200.0,224.0,236.0,249.0,256.0,275.0,448.0,477.0,534.0,560.0,675.0,702.0,770.0,790.0,828.0,869.0,887.0,919.0,925.0,991.0,
13.0,31.0,68.0,82.0,87.0,89.0,126.0,131.0,147.0,161.0,172.0,191.0,195.0,217.0,235.0,251.0,276.0,282.0,293.0,298.0,340.0,430.0,445.0,456.0,467.0,599.0,619.0,622.0,634.0,635.0,701.0,708.0,769.0,786.0,790.0,795.0,802.0,875.0,899.0,985.0,987.0,
19.0,99.0,176.0,193.0,279.0,310.0,328.0,350.0,381.0,393.0,411.0,437.0,491.0,515.0,517.0,547.0,597.0,685.0,727.0,746.0,758.0,758.0,794.0,820.0,832.0,861.0,876.0,884.0,896.0,952.0,986.0,994.0,
38.0,52.0,53.0,81.0,106.0,122.0,125.0,132.0,140.0,164.0,213.0,247.0,284.0,301.0,302.0,343.0,346.0,349.0,352.0,414.0,448.0,452.0,504.0,713.0,805.0,837.0,901.0,904.0,928.0,928.0,955.0,961.0,979.0,983.0,994.0,
12.0,22.0,50.0,74.0,75.0,82.0,123.0,208.0,215.0,259.0,391.0,414.0,499.0,505.0,522.0,537.0,557.0,597.0,657.0,665.0,718.0,754.0,789.0,826.0,845.0,860.0,878.0,898.0,946.0,
18.0,58.0,64.0,73.0,75.0,93.0,113.0,288.0,308.0,347.0,354.0,355.0,360.0,362.0,368.0,450.0,527.0,545.0,574.0,604.0,640.0,671.0,727.0,765.0,811.0,838.0,875.0,932.0,935.0,942.0,951.0,968.0,
8.0,81.0,180.0,230.0,269.0,283.0,288.0,343.0,351.0,364.0,397.0,425.0,432.0,438.0,445.0,447.0,476.0,498.0,513.0,519.0,545.0,559.0,635.0,646.0,656.0,690.0,747.0,773.0,790.0,813.0,820.0,925.0,
