5.0,105.0,117.0,118.0,185.0,186.0,216.0,225.0,269.0,294.0,295.0,296.0,315.0,322.0,377.0,397.0,405.0,514.0,531.0,559.0,574.0,602.0,627.0,667.0,708.0,744.0,746.0,756.0,774.0,790.0,814.0,815.0,831.0,834.0,836.0,892.0,913.0,931.0,985.0,
13.0,93.0,103.0,194.0,195.0,203.0,224.0,281.0,289.0,307.0,369.0,520.0,540.0,545.0,555.0,561.0,563.0,612.0,681.0,704.0,743.0,756.0,786.0,880.0,894.0,946.0,957.0,958.0,972.0,
30.0,85.0,87.0,122.0,175.0,190.0,194.0,234.0,247.0,257.0,259.0,290.0,319.0,395.0,397.0,426.0,494.0,533.0,546.0,553.0,585.0,600.0,606.0,614.0,629.0,666.0,736.0,741.0,821.0,870.0,922.0,988.0,
5.0,12.0,18.0,38.0,38.0,52.0,96.0,110.0,150.0,216.0,218.0,240.0,259.0,274.0,274.0,282.0,331.0,331.0,427.0,432.0,442.0,476.0,478.0,504.0,536.0,559.0,561.0,567.0,576.0,636.0,661.0,678.0,721.0,754.0,806.0,820.0,835.0,841.0,894.0,898.0,907.0,927.0,945.0,962.0,985.0,993.0,
5.0,80.0,89.0,92.0,123.0,159.0,161.0,236.0,239.0,266.0,308.0,369.0,394.0,396.0,457.0,463.0,567.0,585.0,603.0,632.0,654.0,655.0,688.0,701.0,722.0,741.0,753.0,775.0,796.0,842.0,856.0,869.0,878.0,917.0,934.0,978.0,993.0,
7.0,18.0,40.0,65.0,68.0,123.0,125.0,143.0,148.0,174.0,220.0,259.0,343.0,357.0,364.0,367.0,368.0,369.0,391.0,427.0,482.0,495.0,535.0,576.0,614.0,651.0,665.0,673.0,688.0,704.0,756.0,791.0,914.0,964.0,983.0,992.0,
32.0,58.0,100.0,110.0,115.0,121.0,149.0,217.0,221.0,228.0,237.0,287.0,329.0,331.0,391.0,413.0,477.0,504.0,611.0,615.0,654.0,669.0,671.0,691.0,707.0,778.0,810.0,839.0,841.0,858.0,886.0,936.0,937.0,955.0,
8.0,49.0,108.0,204.0,224.0,227.0,304.0,313.0,351.0,352.0,420.0,434.0,509.0,540.0,546.0,572.0,596.0,612.0,621.0,632.0,735.0,748.0,759.0,760.0,764.0,807.0,840.0,863.0,867.0,872.0,885.0,891.0,928.0,939.0,986.0,
23.0,29.0,72.0,76.0,82.0,103.0,168.0,191.0,196.0,209.0,234.0,249.0,293.0,313.0,385.0,410.0,434.0,435.0,563.0,584.0,630.0,679.0,699.0,774.0,800.0,822.0,841.0,849.0,852.0,854.0,860.0,910.0,936.0,951.0,988.0,993.0,
7.0,76.0,115.0,163.0,222.0,259.0,317.0,454.0,551.0,572.0,604.0,610.0,635.0,687.0,690.0,723.0,737.0,758.0,763.0,799.0,866.0,874.0,874.0,875.0,905.0,931.0,
64.0,129.0,158.0,237.0,244.0,303.0,400.0,457.0,459.0,465.0,468.0,484.0,502.0,512.0,552.0,612.0,638.0,659.0,696.0,715.0,719.0,905.0,915.0,917.0,
34.0,55.0,86.0,107.0,149.0,205.0,212.0,213.0,249.0,253.0,265.0,267.0,268.0,289.0,305.0,306.0,335.0,363.0,365.0,404.0,406.0,421.0,425.0,443.0,463.0,476.0,508.0,513.0,557.0,559.0,575.0,601.0,620.0,624.0,633.0,639.0,644.0,673.0,718.0,721.0,786.0,841.0,887.0,908.0,936.0,954.0,995.0,
20.0,20.0,122.0,154.0,254.0,270.0,279.0,286.0,389.0,423.0,432.0,451.0,492.0,507.0,523.0,611.0,668.0,693.0,730.0,759.0,798.0,809.0,814.0,870.0,889.0,905.0,938.0,961.0,
30.0,68.0,72.0,96.0,156.0,190.0,193.0,197.0,215.0,227.0,239.0,275.0,305.0,335.0,344.0,349.0,370.0,385.0,426.0,453.0,463.0,500.0,503.0,522.0,560.0,613.0,665.0,675.0,713.0,738.0,778.0,789.0,794.0,881.0,883.0,965.0,970.0,989.0,
70.0,79.0,83.0,95.0,162.0,168.0,173.0,198.0,223.0,229.0,269.0,278.0,284.0,289.0,292.0,295.0,303.0,315.0,333.0,340.0,364.0,369.0,378.0,383.0,386.0,434.0,442.0,475.0,481.0,638.0,670.0,706.0,768.0,782.0,794.0,797.0,857.0,859.0,890.0,943.0,947.0,968.0,981.0,
25.0,45.0,58.0,61.0,68.0,72.0,86.0,151.0,165.0,176.0,194.0,211.0,265.0,274.0,297.0,308.0,324.0,357.0,416.0,425.0,443.0,467.0,486.0,487.0,505.0,507.0,667.0,685.0,688.0,720.0,730.0,752.0,781.0,783.0,863.0,872.0,879.0,880.0,889.0,922.0,931.0,956.0,963.0,969.0,975.0,982.0,
35.0,108.0,136.0,175.0,214.0,235.0,247.0,288.0,329.0,344.0,368.0,384.0,391.0,471.0,471.0,479.0,507.0,525.0,556.0,572.0,592.0,642.0,678.0,720.0,723.0,732.0,735.0,751.0,781.0,804.0,833.0,839.0,864.0,882.0,893.0,912.0,944.0,954.0,996.0,
19.0,20.0,32.0,66.0,199.0,204.0,252.0,285.0,301.0,326.0,367.0,390.0,424.0,447.0,450.0,462.0,469.0,490.0,504.0,511.0,540.0,546.0,569.0,598.0,600.0,643.0,659.0,660.0,683.0,689.0,696.0,702.0,781.0,786.0,791.0,815.0,828.0,856.0,864.0,865.0,872.0,920.0,931.0,944.0,976.0,981.0,986.0,995.0,999.0,
50.0,92.0,96.0,158.0,173.0,190.0,200.0,253.0,254.0,360.0,405.0,450.0,452.0,491.0,553.0,568.0,615.0,625.0,644.0,676.0,718.0,734.0,758.0,764.0,771.0,773.0,779.0,789.0,815.0,830.0,849.0,867.0,879.0,889.0,900.0,909.0,923.0,930.0,933.0,938.0,970.0,
61.0,75.0,95.0,182.0,210.0,223.0,317.0,398.0,402.0,421.0,493.0,528.0,546.0,558.0,598.0,600.0,671.0,733.0,735.0,741.0,750.0,781.0,815.0,831.0,868.0,880.0,932.0,937.0,947.0,953.0,990.0,
11.0,23.0,29.0,83.0,118.0,142.0,150.0,171.0,254.0,279.0,300.0,332.0,378.0,395.0,400.0,417.0,425.0,452.0,456.0,539.0,574.0,618.0,630.0,656.0,679.0,681.0,696.0,703.0,732.0,746.0,770.0,795.0,819.0,845.0,859.0,870.0,879.0,914.0,963.0,977.0,980.0,
52.0,53.0,56.0,67.0,102.0,174.0,180.0,182.0,201.0,264.0,291.0,313.0,314.0,321.0,327.0,340.0,391.0,452.0,470.0,473.0,481.0,517.0,534.0,583.0,606.0,612.0,675.0,681.0,700.0,749.0,751.0,798.0,829.0,843.0,848.0,880.0,890.0,899.0,901.0,961.0,971.0,986.0,
4.0,43.0,85.0,88.0,104.0,165.0,187.0,202.0,202.0,203.0,315.0,323.0,335.0,355.0,375.0,375.0,416.0,427.0,446.0,447.0,470.0,485.0,558.0,566.0,582.0,596.0,606.0,621.0,653.0,686.0,698.0,700.0,736.0,752.0,765.0,789.0,806.0,817.0,821.0,822.0,828.0,830.0,869.0,893.0,894.0,900.0,920.0,945.0,949.0,969.0,970.0,971.0,987.0,
9.0,64.0,81.0,118.0,157.0,202.0,211.0,212.0,220.0,233.0,335.0,365.0,389.0,396.0,422.0,431.0,438.0,466.0,739.0,829.0,919.0,992.0,993.0,
12.0,16.0,25.0,46.0,99.0,142.0,149.0,206.0,209.0,241.0,281.0,298.0,305.0,354.0,380.0,382.0,398.0,423.0,439.0,456.0,456.0,463.0,469.0,472.0,478.0,492.0,496.0,
4.0,15.0,37.0,49.0,145.0,145.0,170.0,179.0,191.0,250.0,292.0,295.0,313.0,359.0,383.0,449.0,478.0,
31.0,109.0,246.0,254.0,269.0,294.0,295.0,341.0,382.0,415.0,449.0,460.0,472.0,
80.0,109.0,214.0,243.0,283.0,288.0,423.0,437.0,478.0,854.0,902.0,933.0,
20.0,37.0,58.0,145.0,149.0,169.0,180.0,187.0,204.0,226.0,262.0,287.0,289.0,329.0,343.0,387.0,396.0,411.0,420.0,465.0,467.0,476.0,557.0,572.0,574.0,652.0,662.0,663.0,694.0,765.0,772.0,777.0,798.0,927.0,960.0,961.0,980.0,992.0,
25.0,49.0,71.0,86.0,104.0,119.0,147.0,158.0,169.0,170.0,175.0,206.0,209.0,221.0,228.0,326.0,361.0,375.0,548.0,561.0,574.0,586.0,605.0,646.0,761.0,812.0,827.0,869.0,
9.0,80.0,95.0,123.0,157.0,167.0,171.0,175.0,194.0,205.0,311.0,346.0,381.0,407.0,416.0,490.0,493.0,502.0,508.0,532.0,550.0,551.0,611.0,618.0,625.0,641.0,643.0,655.0,659.0,668.0,679.0,707.0,764.0,814.0,863.0,866.0,879.0,880.0,911.0,
35.0,44.0,95.0,164.0,196.0,285.0,293.0,299.0,317.0,320.0,339.0,349.0,405.0,411.0,426.0,454.0,459.0,485.0,491.0,526.0,567.0,570.0,606.0,615.0,660.0,662.0,672.0,681.0,686.0,703.0,711.0,717.0,737.0,749.0,792.0,807.0,817.0,823.0,836.0,836.0,844.0,856.0,875.0,908.0,923.0,927.0,961.0,987.0,
14.0,39.0,56.0,56.0,58.0,87.0,90.0,119.0,140.0,199.0,202.0,228.0,290.0,313.0,324.0,344.0,377.0,393.0,433.0,482.0,486.0,501.0,747.0,776.0,883.0,951.0,958.0,992.0,
131.0,153.0,179.0,198.0,220.0,251.0,251.0,324.0,326.0,361.0,373.0,394.0,395.0,
10.0,61.0,159.0,165.0,175.0,184.0,212.0,216.0,246.0,274.0,368.0,369.0,414.0,425.0,438.0,474.0,484.0,489.0,493.0,501.0,872.0,
40.0,42.0,43.0,78.0,87.0,125.0,140.0,219.0,234.0,247.0,279.0,331.0,352.0,355.0,376.0,459.0,464.0,490.0,837.0,921.0,939.0,989.0,
9.0,13.0,31.0,33.0,43.0,71.0,106.0,138.0,165.0,218.0,270.0,305.0,358.0,374.0,390.0,466.0,822.0,947.0,
41.0,86.0,96.0,122.0,125.0,154.0,247.0,354.0,366.0,369.0,427.0,452.0,454.0,470.0,478.0,479.0,
14.0,14.0,27.0,55.0,58.0,119.0,124.0,133.0,159.0,227.0,257.0,259.0,267.0,336.0,370.0,388.0,459.0,465.0,764.0,765.0,795.0,881.0,893.0,
138.0,154.0,183.0,213.0,218.0,235.0,250.0,277.0,279.0,303.0,325.0,367.0,376.0,393.0,405.0,450.0,490.0,555.0,559.0,620.0,626.0,667.0,681.0,726.0,755.0,757.0,767.0,798.0,817.0,821.0,846.0,857.0,877.0,891.0,895.0,897.0,903.0,961.0,974.0,988.0,
8.0,42.0,46.0,94.0,208.0,214.0,240.0,306.0,307.0,307.0,312.0,345.0,353.0,408.0,422.0,490.0,506.0,597.0,601.0,608.0,674.0,708.0,727.0,728.0,745.0,763.0,812.0,832.0,873.0,893.0,981.0,996.0,
6.0,31.0,78.0,100.0,111.0,161.0,163.0,172.0,184.0,185.0,200.0,203.0,227.0,275.0,369.0,422.0,492.0,562.0,615.0,794.0,800.0,839.0,854.0,899.0,904.0,921.0,923.0,996.0,
21.0,67.0,111.0,138.0,150.0,255.0,283.0,285.0,301.0,329.0,348.0,354.0,369.0,427.0,428.0,430.0,443.0,
53.0,72.0,131.0,141.0,194.0,196.0,203.0,213.0,225.0,247.0,251.0,291.0,309.0,316.0,322.0,328.0,338.0,366.0,394.0,441.0,449.0,452.0,822.0,994.0,
11.0,17.0,40.0,65.0,107.0,111.0,205.0,205.0,206.0,228.0,233.0,291.0,321.0,324.0,334.0,359.0,439.0,713.0,828.0,941.0,
37.0,64.0,71.0,84.0,147.0,153.0,241.0,299.0,303.0,378.0,399.0,447.0,790.0,847.0,878.0,901.0,923.0,943.0,984.0,
19.0,22.0,58.0,76.0,83.0,126.0,303.0,305.0,310.0,337.0,358.0,375.0,388.0,438.0,454.0,464.0,465.0,485.0,502.0,766.0,889.0,902.0,
8.0,26.0,53.0,75.0,96.0,105.0,174.0,206.0,262.0,271.0,277.0,284.0,293.0,324.0,334.0,366.0,407.0,460.0,477.0,975.0,
41.0,42.0,85.0,114.0,146.0,165.0,165.0,169.0,191.0,194.0,207.0,236.0,254.0,316.0,319.0,345.0,431.0,450.0,454.0,457.0,462.0,
22.0,23.0,35.0,45.0,101.0,102.0,111.0,113.0,127.0,201.0,220.0,272.0,279.0,288.0,302.0,302.0,360.0,408.0,465.0,470.0,474.0,485.0,557.0,559.0,569.0,584.0,600.0,664.0,685.0,693.0,710.0,731.0,760.0,790.0,803.0,825.0,826.0,846.0,867.0,880.0,882.0,895.0,916.0,932.0,945.0,948.0,971.0,
41.0,45.0,51.0,73.0,80.0,117.0,139.0,213.0,214.0,241.0,250.0,355.0,433.0,450.0,457.0,465.0,477.0,483.0,495.0,518.0,630.0,646.0,651.0,659.0,685.0,755.0,755.0,766.0,771.0,772.0,796.0,814.0,832.0,890.0,890.0,912.0,924.0,991.0,
37.0,86.0,104.0,171.0,196.0,288.0,310.0,318.0,357.0,363.0,363.0,388.0,460.0,635.0,672.0,682.0,686.0,687.0,691.0,754.0,755.0,798.0,834.0,860.0,863.0,874.0,893.0,907.0,912.0,914.0,931.0,947.0,957.0,991.0,
6.0,58.0,95.0,116.0,144.0,172.0,187.0,187.0,210.0,229.0,274.0,275.0,276.0,335.0,377.0,405.0,430.0,448.0,477.0,487.0,
12.0,27.0,34.0,44.0,104.0,107.0,159.0,183.0,197.0,207.0,212.0,214.0,215.0,269.0,276.0,296.0,310.0,363.0,369.0,401.0,401.0,419.0,441.0,447.0,475.0,996.0,
2.0,8.0,26.0,54.0,86.0,92.0,160.0,174.0,186.0,187.0,213.0,232.0,241.0,261.0,279.0,304.0,307.0,378.0,383.0,383.0,430.0,434.0,454.0,737.0,855.0,925.0,982.0,985.0,
29.0,33.0,37.0,50.0,73.0,120.0,140.0,143.0,157.0,159.0,171.0,187.0,191.0,198.0,205.0,208.0,244.0,247.0,322.0,361.0,407.0,410.0,426.0,426.0,456.0,468.0,473.0,787.0,805.0,807.0,931.0,979.0,
18.0,43.0,126.0,152.0,193.0,250.0,280.0,321.0,343.0,390.0,413.0,448.0,715.0,830.0,940.0,944.0,966.0,
61.0,133.0,142.0,154.0,188.0,189.0,195.0,212.0,231.0,269.0,274.0,320.0,322.0,355.0,364.0,365.0,371.0,438.0,438.0,439.0,439.0,444.0,445.0,462.0,470.0,485.0,498.0,502.0,864.0,876.0,907.0,
16.0,24.0,70.0,87.0,176.0,196.0,201.0,212.0,214.0,222.0,238.0,240.0,256.0,261.0,311.0,319.0,390.0,402.0,444.0,454.0,457.0,487.0,
113.0,116.0,121.0,136.0,198.0,207.0,261.0,375.0,420.0,453.0,455.0,456.0,652.0,684.0,708.0,711.0,748.0,752.0,752.0,807.0,816.0,913.0,920.0,934.0,938.0,939.0,941.0,968.0,978.0,994.0,
5.0,16.0,40.0,55.0,64.0,85.0,89.0,141.0,185.0,186.0,187.0,187.0,194.0,201.0,217.0,273.0,308.0,308.0,332.0,336.0,338.0,344.0,382.0,398.0,400.0,402.0,443.0,479.0,479.0,516.0,526.0,544.0,548.0,550.0,563.0,570.0,578.0,579.0,639.0,644.0,732.0,740.0,747.0,756.0,803.0,809.0,854.0,899.0,914.0,953.0,964.0,997.0,1000.0,
20.0,55.0,124.0,132.0,156.0,157.0,171.0,186.0,188.0,198.0,248.0,276.0,320.0,343.0,365.0,412.0,511.0,595.0,601.0,617.0,634.0,667.0,669.0,673.0,710.0,732.0,772.0,776.0,786.0,789.0,795.0,854.0,864.0,948.0,963.0,991.0,992.0,
38.0,155.0,162.0,176.0,188.0,188.0,192.0,222.0,226.0,259.0,270.0,273.0,275.0,355.0,380.0,389.0,392.0,452.0,464.0,479.0,486.0,
5.0,24.0,49.0,67.0,80.0,92.0,194.0,220.0,261.0,282.0,315.0,318.0,327.0,410.0,438.0,442.0,453.0,454.0,504.0,506.0,758.0,816.0,
3.0,11.0,11.0,28.0,36.0,132.0,136.0,178.0,188.0,281.0,290.0,297.0,318.0,383.0,396.0,433.0,452.0,472.0,959.0,
30.0,124.0,243.0,251.0,275.0,287.0,295.0,302.0,309.0,370.0,443.0,475.0,487.0,498.0,829.0,923.0,983.0,
107.0,113.0,135.0,136.0,145.0,166.0,168.0,169.0,222.0,241.0,321.0,334.0,338.0,374.0,376.0,382.0,397.0,412.0,424.0,441.0,475.0,486.0,487.0,500.0,808.0,857.0,966.0,
10.0,14.0,41.0,104.0,126.0,141.0,157.0,157.0,224.0,263.0,313.0,325.0,407.0,433.0,453.0,489.0,779.0,812.0,926.0,
27.0,37.0,93.0,131.0,173.0,191.0,209.0,210.0,216.0,242.0,248.0,252.0,253.0,254.0,333.0,337.0,363.0,406.0,426.0,427.0,429.0,454.0,494.0,506.0,
65.0,77.0,77.0,100.0,100.0,166.0,203.0,205.0,209.0,214.0,217.0,219.0,238.0,249.0,264.0,289.0,292.0,429.0,502.0,538.0,574.0,581.0,625.0,659.0,660.0,689.0,701.0,702.0,712.0,726.0,739.0,749.0,784.0,817.0,825.0,917.0,926.0,933.0,937.0,953.0,976.0,978.0,
25.0,31.0,40.0,117.0,157.0,165.0,167.0,222.0,222.0,268.0,273.0,280.0,320.0,368.0,375.0,428.0,446.0,598.0,644.0,665.0,684.0,733.0,808.0,813.0,818.0,819.0,821.0,840.0,864.0,875.0,963.0,993.0,996.0,
6.0,50.0,63.0,169.0,222.0,242.0,260.0,280.0,341.0,438.0,457.0,461.0,520.0,605.0,606.0,624.0,638.0,687.0,691.0,694.0,800.0,805.0,852.0,873.0,887.0,914.0,960.0,964.0,969.0,973.0,993.0,995.0,
28.0,29.0,36.0,68.0,72.0,91.0,153.0,183.0,219.0,219.0,298.0,330.0,349.0,357.0,388.0,390.0,404.0,412.0,447.0,457.0,496.0,837.0,845.0,863.0,890.0,938.0,
15.0,33.0,54.0,75.0,111.0,197.0,225.0,231.0,320.0,323.0,343.0,382.0,393.0,
11.0,29.0,36.0,89.0,103.0,105.0,105.0,116.0,148.0,160.0,163.0,202.0,221.0,222.0,284.0,301.0,313.0,378.0,403.0,411.0,417.0,419.0,424.0,472.0,
2.0,45.0,61.0,160.0,168.0,207.0,234.0,236.0,280.0,290.0,320.0,337.0,345.0,488.0,816.0,948.0,997.0,
55.0,168.0,211.0,227.0,275.0,319.0,349.0,383.0,396.0,415.0,435.0,450.0,778.0,
56.0,66.0,82.0,101.0,144.0,181.0,225.0,240.0,253.0,369.0,376.0,391.0,448.0,457.0,
5.0,41.0,52.0,54.0,77.0,87.0,136.0,138.0,172.0,209.0,250.0,295.0,314.0,328.0,408.0,453.0,742.0,808.0,879.0,931.0,943.0,
19.0,92.0,119.0,239.0,251.0,285.0,291.0,310.0,330.0,337.0,386.0,449.0,461.0,480.0,511.0,517.0,537.0,566.0,600.0,621.0,634.0,641.0,669.0,726.0,739.0,744.0,745.0,753.0,755.0,769.0,773.0,868.0,872.0,880.0,899.0,953.0,957.0,960.0,962.0,
30.0,80.0,90.0,108.0,112.0,113.0,144.0,145.0,230.0,235.0,283.0,370.0,386.0,433.0,454.0,467.0,511.0,520.0,528.0,552.0,565.0,572.0,574.0,584.0,586.0,632.0,633.0,697.0,702.0,806.0,825.0,847.0,867.0,879.0,916.0,941.0,958.0,979.0,994.0,996.0,
28.0,46.0,55.0,63.0,95.0,112.0,155.0,169.0,184.0,208.0,243.0,256.0,259.0,268.0,294.0,317.0,372.0,456.0,488.0,517.0,550.0,555.0,563.0,596.0,622.0,644.0,667.0,673.0,673.0,675.0,677.0,689.0,706.0,722.0,730.0,734.0,751.0,790.0,810.0,837.0,845.0,887.0,916.0,929.0,929.0,945.0,965.0,989.0,996.0,
22.0,50.0,101.0,150.0,163.0,164.0,166.0,180.0,237.0,239.0,258.0,328.0,389.0,413.0,456.0,460.0,476.0,508.0,541.0,641.0,652.0,662.0,707.0,716.0,718.0,746.0,747.0,754.0,773.0,780.0,816.0,818.0,831.0,847.0,857.0,873.0,922.0,928.0,931.0,979.0,1000.0,
13.0,60.0,88.0,98.0,114.0,170.0,182.0,198.0,332.0,443.0,444.0,451.0,468.0,489.0,803.0,807.0,840.0,890.0,952.0,
5.0,16.0,20.0,100.0,284.0,285.0,286.0,372.0,390.0,428.0,474.0,478.0,
16.0,18.0,104.0,104.0,128.0,132.0,183.0,199.0,223.0,283.0,299.0,322.0,342.0,357.0,400.0,462.0,470.0,
72.0,90.0,92.0,135.0,140.0,145.0,181.0,196.0,223.0,230.0,240.0,250.0,298.0,321.0,329.0,379.0,491.0,
26.0,44.0,57.0,89.0,90.0,148.0,168.0,170.0,200.0,226.0,249.0,270.0,285.0,300.0,348.0,381.0,406.0,414.0,439.0,444.0,451.0,467.0,496.0,814.0,857.0,867.0,963.0,997.0,
77.0,128.0,159.0,203.0,241.0,255.0,303.0,308.0,337.0,379.0,395.0,463.0,477.0,569.0,575.0,600.0,617.0,662.0,694.0,728.0,758.0,769.0,803.0,803.0,804.0,809.0,822.0,907.0,938.0,990.0,
39.0,59.0,71.0,77.0,166.0,170.0,204.0,205.0,223.0,254.0,269.0,284.0,304.0,316.0,341.0,345.0,360.0,385.0,442.0,470.0,481.0,524.0,561.0,568.0,607.0,607.0,615.0,620.0,650.0,650.0,666.0,677.0,718.0,804.0,827.0,834.0,835.0,849.0,865.0,872.0,881.0,921.0,929.0,944.0,
5.0,14.0,144.0,177.0,183.0,280.0,303.0,342.0,354.0,378.0,407.0,408.0,413.0,501.0,539.0,570.0,652.0,677.0,678.0,704.0,709.0,719.0,719.0,777.0,789.0,805.0,806.0,822.0,928.0,
4.0,24.0,99.0,103.0,104.0,142.0,161.0,202.0,218.0,271.0,287.0,290.0,303.0,328.0,333.0,372.0,382.0,410.0,429.0,443.0,463.0,491.0,514.0,514.0,533.0,553.0,582.0,643.0,655.0,661.0,673.0,675.0,740.0,850.0,860.0,934.0,967.0,1000.0,
23.0,44.0,45.0,61.0,74.0,99.0,119.0,219.0,273.0,275.0,295.0,346.0,361.0,379.0,389.0,422.0,435.0,456.0,495.0,523.0,553.0,573.0,579.0,660.0,663.0,676.0,684.0,710.0,782.0,789.0,834.0,879.0,913.0,947.0,958.0,974.0,980.0,986.0,991.0,
6.0,42.0,42.0,53.0,68.0,75.0,132.0,142.0,142.0,162.0,170.0,203.0,206.0,230.0,263.0,273.0,281.0,311.0,331.0,415.0,430.0,453.0,465.0,468.0,479.0,486.0,488.0,514.0,519.0,572.0,582.0,586.0,646.0,684.0,731.0,801.0,845.0,878.0,948.0,980.0,
51.0,77.0,79.0,91.0,94.0,114.0,165.0,168.0,194.0,224.0,236.0,244.0,264.0,295.0,316.0,335.0,338.0,374.0,398.0,399.0,399.0,412.0,431.0,439.0,456.0,513.0,520.0,574.0,588.0,656.0,666.0,669.0,669.0,775.0,787.0,824.0,828.0,836.0,839.0,851.0,876.0,878.0,878.0,880.0,886.0,897.0,900.0,911.0,922.0,995.0,995.0,
70.0,94.0,117.0,192.0,201.0,219.0,280.0,325.0,340.0,375.0,403.0,441.0,474.0,474.0,505.0,585.0,595.0,621.0,670.0,673.0,719.0,737.0,773.0,806.0,821.0,828.0,864.0,899.0,901.0,969.0,986.0,995.0,
2.0,3.0,30.0,87.0,185.0,188.0,199.0,205.0,227.0,243.0,275.0,288.0,314.0,323.0,343.0,354.0,364.0,416.0,440.0,471.0,501.0,539.0,584.0,627.0,677.0,687.0,732.0,743.0,747.0,756.0,782.0,782.0,787.0,810.0,810.0,890.0,923.0,928.0,949.0,963.0,989.0,996.0,
17.0,43.0,70.0,176.0,208.0,219.0,220.0,266.0,315.0,374.0,414.0,424.0,489.0,539.0,542.0,582.0,591.0,610.0,639.0,655.0,668.0,682.0,689.0,709.0,714.0,771.0,808.0,843.0,861.0,865.0,865.0,877.0,885.0,899.0,971.0,
36.0,60.0,100.0,186.0,199.0,256.0,259.0,292.0,428.0,435.0,478.0,490.0,523.0,540.0,578.0,601.0,650.0,652.0,653.0,685.0,695.0,716.0,748.0,814.0,820.0,822.0,827.0,914.0,917.0,925.0,926.0,935.0,
5.0,43.0,45.0,46.0,80.0,160.0,183.0,197.0,241.0,267.0,287.0,334.0,341.0,412.0,420.0,490.0,512.0,532.0,541.0,564.0,622.0,661.0,663.0,714.0,743.0,849.0,862.0,909.0,921.0,980.0,988.0,
