18.0,42.0,44.0,58.0,74.0,82.0,84.0,94.0,120.0,182.0,188.0,232.0,269.0,359.0,514.0,526.0,528.0,546.0,584.0,664.0,691.0,700.0,703.0,751.0,776.0,780.0,785.0,796.0,834.0,939.0,965.0,979.0,986.0,998.0,
42.0,50.0,131.0,145.0,145.0,242.0,251.0,288.0,293.0,310.0,334.0,424.0,427.0,449.0,458.0,466.0,518.0,522.0,524.0,534.0,551.0,734.0,741.0,755.0,798.0,851.0,852.0,876.0,880.0,928.0,930.0,983.0,987.0,994.0,
53.0,65.0,89.0,130.0,147.0,148.0,188.0,194.0,205.0,216.0,241.0,268.0,320.0,330.0,383.0,409.0,452.0,457.0,458.0,528.0,532.0,570.0,611.0,621.0,712.0,729.0,732.0,740.0,740.0,898.0,917.0,937.0,967.0,976.0,985.0,989.0,
72.0,73.0,82.0,102.0,109.0,123.0,138.0,155.0,172.0,217.0,241.0,255.0,332.0,373.0,420.0,460.0,469.0,474.0,474.0,503.0,508.0,522.0,525.0,534.0,541.0,547.0,554.0,609.0,632.0,656.0,682.0,722.0,738.0,739.0,741.0,752.0,758.0,768.0,781.0,795.0,834.0,867.0,880.0,891.0,897.0,914.0,921.0,921.0,921.0,951.0,974.0,
13.0,41.0,64.0,103.0,108.0,153.0,174.0,201.0,206.0,257.0,284.0,306.0,323.0,328.0,426.0,511.0,525.0,564.0,570.0,640.0,665.0,706.0,711.0,720.0,721.0,732.0,777.0,796.0,801.0,836.0,847.0,943.0,
20.0,28.0,80.0,92.0,190.0,196.0,295.0,352.0,368.0,370.0,414.0,420.0,439.0,515.0,549.0,555.0,585.0,616.0,619.0,620.0,623.0,649.0,702.0,721.0,774.0,840.0,968.0,978.0,984.0,
12.0,29.0,77.0,98.0,136.0,141.0,154.0,178.0,195.0,227.0,244.0,300.0,321.0,326.0,353.0,358.0,358.0,440.0,466.0,502.0,551.0,557.0,557.0,578.0,581.0,602.0,603.0,658.0,681.0,694.0,704.0,728.0,729.0,752.0,754.0,815.0,856.0,912.0,922.0,925.0,
12.0,30.0,63.0,108.0,110.0,117.0,124.0,202.0,214.0,232.0,238.0,290.0,314.0,319.0,336.0,360.0,428.0,444.0,459.0,475.0,558.0,562.0,617.0,626.0,666.0,718.0,747.0,748.0,780.0,797.0,806.0,825.0,879.0,881.0,960.0,973.0,990.0,995.0,
87.0,97.0,100.0,122.0,151.0,214.0,222.0,234.0,262.0,275.0,318.0,356.0,372.0,375.0,380.0,387.0,389.0,408.0,422.0,479.0,495.0,498.0,514.0,550.0,580.0,594.0,605.0,643.0,745.0,781.0,829.0,838.0,
16.0,17.0,24.0,47.0,48.0,170.0,206.0,239.0,269.0,272.0,289.0,332.0,334.0,347.0,358.0,424.0,459.0,501.0,517.0,577.0,634.0,647.0,682.0,731.0,744.0,765.0,784.0,784.0,799.0,819.0,943.0,946.0,974.0,980.0,
24.0,87.0,127.0,146.0,206.0,229.0,230.0,294.0,297.0,315.0,379.0,389.0,405.0,406.0,410.0,416.0,427.0,485.0,507.0,516.0,523.0,532.0,552.0,581.0,587.0,600.0,704.0,751.0,807.0,815.0,833.0,842.0,873.0,911.0,922.0,992.0,999.0,
31.0,121.0,124.0,127.0,144.0,185.0,211.0,212.0,220.0,262.0,268.0,337.0,357.0,370.0,378.0,386.0,414.0,426.0,467.0,492.0,503.0,529.0,534.0,551.0,581.0,632.0,668.0,693.0,697.0,749.0,779.0,847.0,874.0,875.0,928.0,937.0,971.0,982.0,988.0,
24.0,26.0,34.0,93.0,137.0,142.0,172.0,222.0,227.0,231.0,239.0,248.0,256.0,258.0,262.0,309.0,385.0,432.0,525.0,545.0,564.0,570.0,581.0,632.0,640.0,656.0,667.0,684.0,693.0,694.0,759.0,768.0,789.0,790.0,794.0,833.0,848.0,860.0,880.0,937.0,959.0,970.0,978.0,
22.0,51.0,54.0,59.0,89.0,99.0,161.0,162.0,168.0,174.0,177.0,201.0,240.0,250.0,311.0,313.0,324.0,326.0,330.0,336.0,361.0,379.0,418.0,418.0,460.0,497.0,498.0,534.0,605.0,618.0,627.0,628.0,634.0,637.0,666.0,693.0,698.0,724.0,746.0,771.0,840.0,841.0,908.0,914.0,916.0,933.0,938.0,958.0,959.0,963.0,966.0,967.0,984.0,993.0,996.0,
29.0,54.0,64.0,77.0,81.0,128.0,174.0,287.0,344.0,349.0,358.0,380.0,380.0,381.0,437.0,605.0,638.0,687.0,757.0,760.0,841.0,851.0,854.0,857.0,861.0,872.0,876.0,891.0,915.0,931.0,935.0,945.0,953.0,984.0,
7.0,30.0,47.0,62.0,92.0,103.0,139.0,154.0,212.0,251.0,343.0,382.0,399.0,410.0,437.0,449.0,484.0,596.0,633.0,684.0,713.0,734.0,736.0,736.0,742.0,763.0,788.0,851.0,854.0,898.0,913.0,919.0,929.0,981.0,982.0,
3.0,16.0,18.0,36.0,43.0,47.0,58.0,74.0,80.0,80.0,159.0,222.0,250.0,304.0,361.0,364.0,435.0,443.0,481.0,582.0,593.0,727.0,733.0,734.0,745.0,747.0,748.0,765.0,783.0,792.0,794.0,820.0,824.0,857.0,898.0,899.0,909.0,971.0,972.0,
56.0,70.0,85.0,143.0,238.0,264.0,300.0,305.0,339.0,390.0,436.0,443.0,573.0,598.0,621.0,630.0,638.0,645.0,650.0,661.0,668.0,671.0,691.0,694.0,705.0,717.0,730.0,744.0,761.0,798.0,886.0,922.0,931.0,966.0,968.0,975.0,988.0,988.0,
25.0,67.0,70.0,99.0,152.0,201.0,242.0,268.0,270.0,282.0,295.0,307.0,341.0,353.0,413.0,488.0,509.0,528.0,535.0,545.0,548.0,559.0,574.0,600.0,635.0,655.0,663.0,740.0,752.0,776.0,809.0,810.0,882.0,914.0,949.0,966.0,
22.0,33.0,64.0,79.0,89.0,97.0,118.0,124.0,130.0,130.0,166.0,168.0,234.0,249.0,270.0,301.0,346.0,347.0,354.0,434.0,455.0,457.0,467.0,579.0,599.0,606.0,612.0,615.0,652.0,696.0,749.0,769.0,789.0,794.0,811.0,818.0,823.0,839.0,869.0,874.0,933.0,933.0,939.0,998.0,
24.0,33.0,61.0,98.0,135.0,136.0,153.0,155.0,160.0,164.0,233.0,269.0,317.0,367.0,411.0,412.0,458.0,458.0,463.0,491.0,499.0,504.0,556.0,569.0,581.0,582.0,662.0,668.0,706.0,784.0,803.0,807.0,809.0,865.0,916.0,996.0,999.0,
5.0,36.0,56.0,68.0,72.0,75.0,105.0,142.0,149.0,220.0,250.0,269.0,297.0,324.0,340.0,345.0,376.0,378.0,391.0,449.0,562.0,575.0,596.0,661.0,738.0,746.0,784.0,789.0,789.0,817.0,829.0,845.0,845.0,894.0,949.0,957.0,993.0,995.0,996.0,
8.0,74.0,120.0,168.0,168.0,199.0,215.0,310.0,316.0,452.0,467.0,509.0,537.0,583.0,584.0,611.0,615.0,626.0,668.0,669.0,685.0,700.0,720.0,754.0,786.0,787.0,791.0,808.0,844.0,851.0,857.0,891.0,896.0,918.0,926.0,935.0,957.0,967.0,979.0,
5.0,40.0,52.0,70.0,79.0,142.0,164.0,176.0,227.0,229.0,283.0,343.0,405.0,430.0,835.0,919.0,959.0,
26.0,33.0,46.0,94.0,111.0,163.0,181.0,218.0,310.0,357.0,406.0,435.0,455.0,464.0,475.0,487.0,502.0,
2.0,2.0,58.0,71.0,114.0,120.0,126.0,129.0,161.0,175.0,195.0,226.0,230.0,296.0,302.0,327.0,366.0,382.0,387.0,415.0,422.0,443.0,446.0,452.0,480.0,491.0,
25.0,56.0,86.0,87.0,88.0,126.0,126.0,138.0,174.0,197.0,197.0,218.0,224.0,225.0,259.0,338.0,347.0,362.0,379.0,388.0,443.0,461.0,505.0,
2.0,4.0,11.0,34.0,55.0,108.0,121.0,164.0,168.0,311.0,317.0,358.0,377.0,380.0,458.0,500.0,827.0,862.0,863.0,
24.0,79.0,82.0,86.0,111.0,118.0,150.0,159.0,182.0,227.0,264.0,311.0,313.0,322.0,323.0,348.0,369.0,370.0,400.0,407.0,408.0,432.0,453.0,612.0,618.0,648.0,668.0,694.0,705.0,709.0,731.0,759.0,794.0,803.0,805.0,913.0,946.0,
12.0,29.0,55.0,106.0,121.0,121.0,131.0,146.0,151.0,152.0,164.0,194.0,199.0,203.0,204.0,209.0,244.0,250.0,260.0,264.0,268.0,324.0,331.0,345.0,348.0,356.0,395.0,396.0,426.0,469.0,472.0,483.0,504.0,508.0,509.0,516.0,529.0,562.0,581.0,645.0,659.0,670.0,674.0,724.0,727.0,728.0,753.0,755.0,759.0,778.0,806.0,823.0,838.0,856.0,862.0,927.0,939.0,957.0,989.0,
29.0,46.0,73.0,129.0,135.0,149.0,183.0,199.0,238.0,254.0,273.0,310.0,313.0,320.0,339.0,350.0,351.0,375.0,377.0,387.0,403.0,452.0,472.0,484.0,520.0,582.0,600.0,603.0,606.0,636.0,674.0,678.0,678.0,754.0,777.0,896.0,921.0,926.0,939.0,941.0,986.0,993.0,1000.0,
33.0,50.0,70.0,94.0,97.0,167.0,181.0,240.0,270.0,282.0,284.0,367.0,367.0,431.0,444.0,498.0,519.0,521.0,538.0,612.0,626.0,671.0,690.0,719.0,776.0,778.0,844.0,942.0,943.0,
32.0,40.0,47.0,95.0,111.0,143.0,171.0,190.0,194.0,207.0,221.0,250.0,299.0,333.0,334.0,353.0,459.0,499.0,504.0,824.0,961.0,981.0,987.0,995.0,
67.0,83.0,131.0,136.0,145.0,180.0,204.0,213.0,231.0,257.0,280.0,311.0,315.0,363.0,404.0,406.0,444.0,467.0,475.0,476.0,487.0,491.0,500.0,
18.0,29.0,116.0,128.0,143.0,182.0,222.0,267.0,347.0,395.0,405.0,450.0,510.0,510.0,795.0,803.0,826.0,914.0,933.0,
21.0,42.0,138.0,150.0,211.0,239.0,279.0,306.0,321.0,334.0,416.0,417.0,454.0,464.0,469.0,495.0,875.0,968.0,
5.0,11.0,40.0,130.0,245.0,259.0,352.0,361.0,393.0,431.0,456.0,479.0,497.0,498.0,509.0,962.0,
5.0,65.0,94.0,127.0,137.0,162.0,187.0,213.0,232.0,316.0,348.0,350.0,357.0,359.0,457.0,493.0,495.0,500.0,
4.0,20.0,75.0,111.0,160.0,162.0,211.0,220.0,228.0,256.0,311.0,317.0,339.0,352.0,375.0,379.0,383.0,438.0,450.0,466.0,484.0,498.0,508.0,703.0,703.0,850.0,955.0,
51.0,104.0,110.0,136.0,181.0,183.0,240.0,250.0,270.0,334.0,354.0,387.0,410.0,420.0,483.0,495.0,544.0,575.0,607.0,661.0,671.0,688.0,715.0,718.0,726.0,757.0,762.0,794.0,796.0,812.0,814.0,824.0,834.0,835.0,843.0,860.0,891.0,929.0,969.0,989.0,
16.0,18.0,61.0,120.0,129.0,173.0,203.0,209.0,277.0,285.0,314.0,326.0,329.0,355.0,403.0,434.0,443.0,458.0,508.0,514.0,525.0,540.0,548.0,562.0,580.0,587.0,681.0,739.0,745.0,751.0,751.0,778.0,790.0,791.0,793.0,847.0,861.0,864.0,917.0,946.0,953.0,970.0,982.0,998.0,
14.0,34.0,40.0,61.0,63.0,99.0,110.0,120.0,170.0,180.0,186.0,190.0,243.0,252.0,301.0,307.0,322.0,351.0,373.0,458.0,598.0,601.0,727.0,737.0,751.0,800.0,803.0,810.0,814.0,838.0,878.0,921.0,959.0,961.0,969.0,970.0,992.0,
34.0,56.0,96.0,119.0,144.0,187.0,241.0,302.0,314.0,322.0,504.0,
13.0,52.0,75.0,84.0,110.0,114.0,114.0,132.0,150.0,157.0,191.0,245.0,261.0,266.0,318.0,319.0,356.0,375.0,381.0,461.0,484.0,984.0,
30.0,48.0,81.0,136.0,155.0,157.0,225.0,233.0,282.0,313.0,336.0,357.0,421.0,469.0,496.0,797.0,
9.0,15.0,23.0,55.0,103.0,127.0,156.0,185.0,185.0,232.0,244.0,263.0,281.0,284.0,305.0,341.0,363.0,411.0,415.0,717.0,794.0,818.0,825.0,
5.0,16.0,31.0,62.0,205.0,279.0,305.0,316.0,337.0,356.0,388.0,398.0,427.0,451.0,473.0,484.0,782.0,
68.0,173.0,187.0,187.0,190.0,197.0,198.0,205.0,276.0,278.0,417.0,464.0,486.0,505.0,913.0,
5.0,9.0,96.0,148.0,160.0,193.0,195.0,209.0,265.0,268.0,299.0,305.0,361.0,376.0,426.0,426.0,478.0,486.0,
28.0,52.0,155.0,180.0,197.0,212.0,247.0,279.0,303.0,353.0,358.0,380.0,411.0,411.0,445.0,477.0,514.0,522.0,593.0,618.0,661.0,668.0,689.0,782.0,784.0,808.0,817.0,820.0,820.0,837.0,844.0,852.0,853.0,894.0,899.0,930.0,931.0,934.0,959.0,980.0,990.0,
13.0,25.0,61.0,78.0,180.0,202.0,209.0,249.0,255.0,319.0,335.0,351.0,374.0,471.0,489.0,490.0,514.0,526.0,534.0,639.0,654.0,656.0,722.0,803.0,830.0,844.0,869.0,921.0,
160.0,162.0,162.0,186.0,230.0,236.0,267.0,348.0,350.0,403.0,407.0,425.0,428.0,453.0,473.0,477.0,497.0,558.0,602.0,616.0,620.0,630.0,677.0,680.0,718.0,731.0,761.0,767.0,781.0,843.0,875.0,910.0,
40.0,61.0,70.0,103.0,233.0,239.0,351.0,419.0,423.0,442.0,485.0,
78.0,107.0,117.0,143.0,183.0,190.0,202.0,284.0,287.0,359.0,385.0,388.0,456.0,469.0,483.0,
47.0,54.0,120.0,126.0,136.0,169.0,221.0,223.0,276.0,290.0,309.0,309.0,352.0,466.0,478.0,508.0,852.0,942.0,
18.0,149.0,151.0,170.0,215.0,226.0,243.0,246.0,318.0,333.0,357.0,380.0,393.0,479.0,737.0,752.0,826.0,913.0,929.0,948.0,
49.0,66.0,83.0,155.0,209.0,225.0,228.0,234.0,242.0,258.0,258.0,260.0,293.0,321.0,344.0,348.0,363.0,377.0,377.0,405.0,447.0,479.0,481.0,483.0,502.0,804.0,898.0,
17.0,29.0,74.0,96.0,116.0,139.0,139.0,148.0,175.0,238.0,253.0,415.0,420.0,459.0,468.0,485.0,822.0,
28.0,36.0,49.0,52.0,69.0,131.0,172.0,256.0,298.0,327.0,333.0,357.0,361.0,425.0,491.0,
57.0,98.0,99.0,117.0,144.0,145.0,148.0,225.0,263.0,265.0,303.0,306.0,310.0,310.0,364.0,400.0,459.0,463.0,468.0,473.0,475.0,488.0,501.0,593.0,606.0,621.0,681.0,693.0,694.0,717.0,738.0,743.0,770.0,770.0,778.0,826.0,868.0,937.0,947.0,949.0,963.0,965.0,987.0,
15.0,54.0,62.0,71.0,116.0,164.0,175.0,229.0,260.0,276.0,299.0,301.0,305.0,320.0,324.0,329.0,331.0,333.0,361.0,365.0,427.0,439.0,449.0,519.0,542.0,588.0,677.0,685.0,717.0,730.0,749.0,764.0,767.0,786.0,791.0,792.0,793.0,799.0,831.0,844.0,845.0,853.0,914.0,932.0,959.0,970.0,
3.0,32.0,51.0,80.0,87.0,280.0,318.0,328.0,366.0,394.0,399.0,404.0,481.0,497.0,601.0,610.0,630.0,635.0,661.0,677.0,682.0,712.0,743.0,747.0,759.0,781.0,805.0,817.0,824.0,841.0,853.0,857.0,895.0,921.0,935.0,949.0,955.0,970.0,978.0,987.0,
140.0,209.0,227.0,259.0,259.0,261.0,262.0,293.0,309.0,318.0,332.0,360.0,381.0,381.0,484.0,
99.0,272.0,281.0,282.0,293.0,346.0,362.0,416.0,417.0,427.0,447.0,463.0,482.0,805.0,894.0,907.0,948.0,
2.0,86.0,97.0,108.0,157.0,162.0,171.0,181.0,183.0,185.0,200.0,214.0,285.0,360.0,371.0,418.0,478.0,494.0,503.0,504.0,847.0,857.0,915.0,
16.0,72.0,77.0,78.0,85.0,229.0,267.0,284.0,345.0,353.0,366.0,407.0,449.0,481.0,901.0,957.0,990.0,
23.0,55.0,107.0,109.0,112.0,135.0,144.0,174.0,240.0,263.0,331.0,332.0,345.0,391.0,430.0,460.0,465.0,842.0,849.0,887.0,
10.0,24.0,63.0,107.0,111.0,188.0,204.0,275.0,280.0,341.0,346.0,386.0,405.0,452.0,456.0,902.0,928.0,
12.0,50.0,59.0,147.0,306.0,375.0,385.0,391.0,459.0,464.0,507.0,
10.0,15.0,21.0,38.0,43.0,117.0,117.0,156.0,176.0,187.0,237.0,238.0,263.0,295.0,308.0,343.0,344.0,376.0,413.0,475.0,521.0,696.0,710.0,731.0,731.0,761.0,772.0,799.0,823.0,824.0,841.0,943.0,952.0,957.0,968.0,975.0,986.0,
2.0,9.0,35.0,56.0,72.0,84.0,127.0,129.0,134.0,193.0,222.0,251.0,289.0,364.0,390.0,409.0,428.0,441.0,453.0,476.0,496.0,579.0,579.0,592.0,637.0,645.0,662.0,677.0,709.0,727.0,730.0,758.0,853.0,861.0,871.0,886.0,909.0,958.0,958.0,
15.0,66.0,95.0,157.0,183.0,198.0,219.0,255.0,270.0,275.0,321.0,353.0,363.0,389.0,409.0,411.0,456.0,465.0,467.0,506.0,606.0,643.0,661.0,752.0,752.0,779.0,781.0,783.0,802.0,807.0,814.0,827.0,837.0,850.0,860.0,881.0,888.0,888.0,918.0,941.0,
43.0,70.0,110.0,182.0,185.0,212.0,224.0,228.0,278.0,324.0,346.0,448.0,461.0,741.0,846.0,932.0,959.0,
46.0,67.0,100.0,108.0,122.0,126.0,134.0,157.0,157.0,185.0,192.0,193.0,251.0,267.0,298.0,321.0,359.0,359.0,371.0,392.0,403.0,406.0,437.0,468.0,486.0,
2.0,11.0,34.0,89.0,93.0,97.0,117.0,121.0,122.0,247.0,254.0,273.0,282.0,286.0,315.0,362.0,399.0,428.0,430.0,780.0,867.0,878.0,970.0,
107.0,107.0,148.0,164.0,169.0,186.0,200.0,227.0,244.0,254.0,255.0,273.0,274.0,290.0,342.0,347.0,348.0,356.0,366.0,370.0,409.0,411.0,440.0,787.0,874.0,
13.0,25.0,62.0,78.0,94.0,113.0,119.0,140.0,162.0,188.0,200.0,215.0,227.0,238.0,255.0,259.0,263.0,268.0,290.0,296.0,353.0,401.0,404.0,406.0,469.0,482.0,489.0,825.0,961.0,989.0,
70.0,73.0,124.0,132.0,170.0,190.0,260.0,304.0,327.0,341.0,343.0,362.0,458.0,
13.0,37.0,46.0,64.0,75.0,106.0,160.0,174.0,187.0,206.0,235.0,256.0,327.0,360.0,368.0,385.0,422.0,473.0,483.0,495.0,750.0,826.0,848.0,898.0,
24.0,77.0,139.0,156.0,166.0,235.0,257.0,265.0,269.0,273.0,296.0,326.0,368.0,368.0,374.0,429.0,430.0,434.0,468.0,493.0,498.0,553.0,566.0,597.0,627.0,679.0,695.0,714.0,731.0,740.0,794.0,826.0,848.0,897.0,919.0,929.0,974.0,
25.0,33.0,95.0,112.0,112.0,113.0,123.0,136.0,139.0,186.0,226.0,280.0,292.0,299.0,301.0,329.0,356.0,394.0,409.0,434.0,524.0,543.0,569.0,592.0,736.0,736.0,797.0,801.0,803.0,814.0,831.0,835.0,848.0,866.0,866.0,880.0,893.0,922.0,929.0,932.0,943.0,947.0,964.0,976.0,991.0,997.0,
31.0,90.0,111.0,120.0,164.0,191.0,233.0,282.0,297.0,365.0,382.0,398.0,404.0,457.0,471.0,477.0,519.0,545.0,636.0,671.0,689.0,697.0,709.0,734.0,737.0,738.0,786.0,854.0,974.0,980.0,
25.0,41.0,48.0,67.0,70.0,96.0,222.0,249.0,258.0,276.0,287.0,293.0,319.0,423.0,423.0,436.0,474.0,480.0,569.0,586.0,622.0,659.0,666.0,689.0,748.0,755.0,793.0,810.0,818.0,869.0,886.0,925.0,942.0,952.0,963.0,999.0,
4.0,16.0,59.0,73.0,145.0,157.0,176.0,187.0,206.0,212.0,282.0,291.0,304.0,335.0,352.0,362.0,388.0,471.0,487.0,491.0,497.0,507.0,692.0,784.0,799.0,821.0,827.0,949.0,972.0,980.0,
17.0,32.0,97.0,99.0,169.0,184.0,190.0,233.0,273.0,278.0,317.0,334.0,356.0,379.0,381.0,457.0,459.0,463.0,471.0,
27.0,73.0,76.0,99.0,114.0,119.0,130.0,145.0,146.0,154.0,170.0,200.0,204.0,208.0,242.0,256.0,259.0,332.0,355.0,377.0,438.0,446.0,474.0,496.0,498.0,
13.0,91.0,93.0,159.0,214.0,276.0,289.0,314.0,344.0,344.0,351.0,360.0,364.0,381.0,411.0,421.0,494.0,
10.0,113.0,119.0,146.0,167.0,173.0,214.0,215.0,231.0,272.0,317.0,412.0,422.0,432.0,465.0,469.0,502.0,512.0,739.0,826.0,843.0,849.0,853.0,910.0,
120.0,131.0,197.0,199.0,205.0,208.0,245.0,254.0,292.0,412.0,417.0,442.0,478.0,527.0,528.0,572.0,585.0,655.0,656.0,665.0,692.0,734.0,743.0,743.0,748.0,761.0,766.0,768.0,786.0,865.0,865.0,867.0,878.0,900.0,912.0,913.0,917.0,930.0,949.0,957.0,966.0,978.0,993.0,
9.0,43.0,77.0,155.0,179.0,216.0,291.0,300.0,334.0,371.0,411.0,414.0,427.0,429.0,464.0,493.0,519.0,542.0,551.0,565.0,586.0,630.0,653.0,654.0,668.0,714.0,727.0,775.0,792.0,792.0,795.0,893.0,944.0,
14.0,21.0,21.0,28.0,47.0,87.0,146.0,147.0,149.0,173.0,175.0,206.0,258.0,274.0,287.0,298.0,327.0,352.0,373.0,386.0,414.0,437.0,462.0,478.0,513.0,587.0,588.0,656.0,718.0,771.0,801.0,805.0,841.0,910.0,913.0,946.0,976.0,
61.0,127.0,176.0,212.0,222.0,225.0,234.0,239.0,263.0,282.0,358.0,374.0,385.0,405.0,424.0,433.0,449.0,455.0,522.0,552.0,580.0,616.0,648.0,670.0,686.0,693.0,756.0,758.0,801.0,868.0,873.0,891.0,893.0,914.0,917.0,930.0,968.0,970.0,986.0,
7.0,36.0,119.0,164.0,171.0,195.0,200.0,208.0,229.0,258.0,261.0,264.0,281.0,366.0,400.0,428.0,451.0,455.0,506.0,538.0,571.0,574.0,576.0,582.0,611.0,614.0,618.0,656.0,657.0,662.0,693.0,733.0,733.0,738.0,749.0,770.0,776.0,779.0,783.0,807.0,811.0,827.0,851.0,874.0,883.0,897.0,920.0,952.0,968.0,985.0,995.0,
43.0,61.0,150.0,152.0,200.0,221.0,260.0,261.0,265.0,274.0,375.0,502.0,503.0,577.0,578.0,579.0,584.0,585.0,625.0,640.0,647.0,664.0,680.0,705.0,756.0,757.0,809.0,832.0,895.0,896.0,942.0,955.0,
25.0,69.0,84.0,138.0,161.0,216.0,230.0,309.0,341.0,364.0,370.0,405.0,426.0,446.0,461.0,479.0,484.0,486.0,496.0,669.0,706.0,728.0,730.0,807.0,818.0,835.0,862.0,870.0,872.0,903.0,912.0,937.0,959.0,963.0,979.0,
4.0,4.0,28.0,52.0,64.0,79.0,80.0,103.0,129.0,150.0,204.0,211.0,233.0,269.0,346.0,391.0,392.0,420.0,425.0,488.0,505.0,618.0,628.0,649.0,657.0,682.0,694.0,694.0,760.0,768.0,784.0,863.0,905.0,939.0,982.0,
23.0,28.0,37.0,42.0,79.0,118.0,121.0,148.0,210.0,253.0,257.0,261.0,280.0,280.0,297.0,310.0,321.0,334.0,370.0,433.0,495.0,503.0,532.0,611.0,643.0,691.0,693.0,791.0,826.0,841.0,857.0,860.0,911.0,952.0,970.0,975.0,980.0,986.0,992.0,
8.0,15.0,48.0,59.0,113.0,145.0,159.0,178.0,194.0,212.0,237.0,297.0,308.0,398.0,439.0,442.0,478.0,490.0,498.0,500.0,521.0,553.0,586.0,635.0,648.0,660.0,667.0,689.0,704.0,715.0,715.0,716.0,724.0,725.0,735.0,750.0,753.0,776.0,801.0,828.0,855.0,856.0,865.0,868.0,905.0,905.0,911.0,912.0,919.0,926.0,937.0,
21.0,36.0,53.0,58.0,88.0,98.0,128.0,177.0,233.0,265.0,363.0,365.0,418.0,432.0,454.0,545.0,557.0,602.0,603.0,605.0,621.0,632.0,640.0,644.0,658.0,712.0,720.0,806.0,854.0,864.0,884.0,
126.0,157.0,168.0,238.0,251.0,278.0,291.0,304.0,320.0,322.0,381.0,426.0,444.0,536.0,538.0,562.0,581.0,606.0,608.0,608.0,617.0,678.0,748.0,777.0,785.0,799.0,811.0,832.0,833.0,837.0,864.0,871.0,
