12.0,29.0,129.0,238.0,242.0,311.0,354.0,354.0,355.0,367.0,413.0,437.0,512.0,523.0,533.0,547.0,550.0,604.0,606.0,636.0,646.0,650.0,672.0,764.0,767.0,772.0,781.0,782.0,815.0,854.0,862.0,874.0,878.0,882.0,923.0,934.0,944.0,980.0,
23.0,47.0,53.0,95.0,97.0,101.0,131.0,186.0,187.0,189.0,227.0,263.0,288.0,342.0,370.0,420.0,435.0,472.0,507.0,567.0,568.0,595.0,666.0,701.0,785.0,802.0,813.0,909.0,999.0,
6.0,59.0,70.0,116.0,128.0,154.0,166.0,214.0,217.0,220.0,244.0,252.0,256.0,356.0,390.0,396.0,424.0,434.0,499.0,565.0,566.0,607.0,609.0,615.0,618.0,623.0,650.0,669.0,680.0,736.0,774.0,783.0,793.0,795.0,796.0,798.0,856.0,923.0,924.0,933.0,952.0,994.0,
3.0,26.0,58.0,69.0,119.0,165.0,175.0,218.0,226.0,252.0,292.0,328.0,347.0,347.0,347.0,370.0,397.0,398.0,403.0,416.0,421.0,460.0,465.0,518.0,520.0,527.0,546.0,580.0,632.0,652.0,702.0,715.0,729.0,748.0,770.0,783.0,800.0,808.0,808.0,836.0,893.0,952.0,
43.0,65.0,69.0,98.0,138.0,190.0,194.0,225.0,254.0,258.0,268.0,273.0,321.0,332.0,362.0,459.0,485.0,509.0,513.0,687.0,714.0,734.0,750.0,771.0,825.0,825.0,833.0,947.0,962.0,992.0,995.0,
40.0,89.0,114.0,137.0,151.0,189.0,265.0,281.0,339.0,345.0,372.0,375.0,446.0,519.0,525.0,529.0,534.0,541.0,593.0,611.0,618.0,662.0,705.0,760.0,782.0,807.0,809.0,845.0,881.0,883.0,891.0,897.0,925.0,963.0,992.0,1000.0,
7.0,8.0,23.0,67.0,68.0,116.0,132.0,170.0,206.0,263.0,264.0,325.0,377.0,382.0,392.0,400.0,438.0,451.0,515.0,559.0,572.0,596.0,602.0,619.0,626.0,661.0,800.0,821.0,864.0,866.0,874.0,875.0,897.0,908.0,944.0,
100.0,136.0,140.0,153.0,212.0,216.0,220.0,240.0,245.0,249.0,253.0,275.0,284.0,318.0,341.0,345.0,383.0,392.0,393.0,401.0,428.0,532.0,537.0,634.0,659.0,661.0,689.0,725.0,733.0,792.0,798.0,819.0,838.0,866.0,879.0,881.0,
15.0,20.0,70.0,189.0,195.0,262.0,297.0,377.0,416.0,435.0,518.0,524.0,529.0,554.0,643.0,660.0,678.0,684.0,691.0,711.0,764.0,767.0,781.0,805.0,808.0,826.0,831.0,844.0,865.0,916.0,
22.0,25.0,35.0,46.0,71.0,90.0,108.0,145.0,151.0,157.0,270.0,288.0,409.0,486.0,488.0,494.0,499.0,527.0,558.0,565.0,600.0,603.0,647.0,670.0,745.0,758.0,767.0,861.0,866.0,901.0,931.0,941.0,952.0,960.0,977.0,
77.0,99.0,136.0,216.0,268.0,309.0,343.0,352.0,360.0,368.0,374.0,432.0,479.0,499.0,535.0,552.0,623.0,643.0,667.0,746.0,785.0,789.0,817.0,859.0,860.0,872.0,880.0,893.0,897.0,915.0,940.0,965.0,975.0,
22.0,85.0,111.0,133.0,141.0,156.0,160.0,176.0,195.0,212.0,229.0,235.0,248.0,277.0,291.0,304.0,323.0,339.0,420.0,451.0,455.0,476.0,539.0,636.0,660.0,694.0,727.0,740.0,742.0,784.0,820.0,823.0,877.0,901.0,938.0,938.0,978.0,
23.0,147.0,187.0,203.0,234.0,238.0,263.0,271.0,315.0,367.0,429.0,431.0,476.0,485.0,514.0,541.0,555.0,556.0,560.0,568.0,581.0,583.0,671.0,691.0,731.0,751.0,778.0,796.0,841.0,845.0,853.0,879.0,882.0,899.0,900.0,944.0,968.0,988.0,
16.0,24.0,31.0,63.0,82.0,137.0,146.0,166.0,166.0,181.0,188.0,227.0,249.0,304.0,429.0,442.0,448.0,463.0,485.0,522.0,559.0,561.0,561.0,583.0,590.0,620.0,627.0,636.0,696.0,697.0,708.0,719.0,729.0,754.0,791.0,807.0,832.0,874.0,881.0,899.0,900.0,915.0,939.0,
87.0,123.0,129.0,142.0,148.0,152.0,162.0,181.0,254.0,274.0,300.0,310.0,313.0,354.0,390.0,441.0,455.0,457.0,464.0,469.0,501.0,540.0,558.0,560.0,585.0,608.0,609.0,638.0,731.0,740.0,746.0,819.0,825.0,899.0,906.0,924.0,941.0,974.0,
16.0,36.0,109.0,114.0,115.0,129.0,136.0,152.0,155.0,194.0,219.0,224.0,244.0,265.0,272.0,295.0,312.0,331.0,347.0,352.0,352.0,357.0,371.0,429.0,429.0,468.0,496.0,509.0,516.0,536.0,611.0,691.0,699.0,728.0,760.0,766.0,775.0,792.0,798.0,801.0,881.0,903.0,941.0,
59.0,71.0,82.0,96.0,130.0,142.0,144.0,151.0,205.0,251.0,265.0,284.0,286.0,320.0,332.0,336.0,406.0,446.0,485.0,486.0,488.0,534.0,556.0,573.0,641.0,656.0,733.0,777.0,796.0,880.0,892.0,902.0,922.0,934.0,936.0,957.0,962.0,998.0,
4.0,32.0,87.0,168.0,271.0,299.0,331.0,378.0,516.0,532.0,600.0,608.0,616.0,619.0,682.0,732.0,741.0,767.0,917.0,963.0,993.0,
33.0,35.0,57.0,62.0,122.0,143.0,150.0,154.0,207.0,220.0,227.0,232.0,279.0,313.0,417.0,417.0,434.0,461.0,490.0,508.0,592.0,593.0,600.0,626.0,655.0,660.0,672.0,693.0,697.0,711.0,783.0,784.0,810.0,874.0,891.0,916.0,923.0,951.0,
7.0,17.0,117.0,129.0,132.0,138.0,144.0,145.0,148.0,188.0,212.0,240.0,249.0,279.0,294.0,383.0,394.0,447.0,457.0,464.0,471.0,508.0,537.0,561.0,603.0,648.0,660.0,688.0,717.0,738.0,765.0,793.0,812.0,835.0,836.0,974.0,975.0,979.0,995.0,
6.0,30.0,56.0,65.0,103.0,110.0,135.0,187.0,194.0,246.0,273.0,299.0,398.0,398.0,411.0,426.0,441.0,452.0,453.0,460.0,480.0,529.0,563.0,590.0,669.0,681.0,701.0,731.0,801.0,802.0,828.0,843.0,942.0,981.0,992.0,
49.0,96.0,161.0,216.0,217.0,266.0,292.0,301.0,337.0,340.0,366.0,401.0,443.0,511.0,523.0,541.0,592.0,631.0,832.0,854.0,914.0,933.0,959.0,978.0,980.0,995.0,
39.0,40.0,82.0,101.0,121.0,145.0,186.0,202.0,210.0,212.0,220.0,233.0,253.0,283.0,296.0,331.0,352.0,442.0,459.0,513.0,528.0,580.0,594.0,648.0,684.0,691.0,769.0,800.0,805.0,835.0,861.0,899.0,967.0,967.0,982.0,
18.0,83.0,94.0,138.0,152.0,159.0,195.0,235.0,270.0,373.0,386.0,392.0,403.0,472.0,483.0,488.0,497.0,519.0,534.0,535.0,545.0,562.0,565.0,588.0,750.0,853.0,931.0,988.0,991.0,996.0,
20.0,106.0,119.0,167.0,173.0,205.0,218.0,235.0,248.0,270.0,289.0,417.0,488.0,504.0,527.0,540.0,551.0,554.0,573.0,575.0,576.0,601.0,609.0,612.0,616.0,619.0,643.0,650.0,665.0,740.0,782.0,798.0,799.0,803.0,809.0,897.0,901.0,935.0,940.0,946.0,948.0,967.0,972.0,
21.0,77.0,112.0,123.0,124.0,128.0,138.0,147.0,186.0,195.0,239.0,280.0,318.0,326.0,330.0,332.0,342.0,375.0,394.0,396.0,412.0,454.0,493.0,521.0,521.0,530.0,530.0,537.0,546.0,549.0,551.0,563.0,568.0,611.0,620.0,623.0,678.0,689.0,692.0,712.0,747.0,765.0,803.0,803.0,804.0,807.0,817.0,822.0,826.0,834.0,839.0,883.0,918.0,930.0,935.0,959.0,977.0,978.0,993.0,
172.0,221.0,227.0,283.0,322.0,353.0,386.0,413.0,462.0,512.0,544.0,551.0,552.0,569.0,574.0,576.0,578.0,580.0,636.0,636.0,645.0,646.0,646.0,673.0,679.0,704.0,813.0,928.0,996.0,997.0,
59.0,106.0,116.0,134.0,170.0,170.0,181.0,191.0,225.0,236.0,268.0,274.0,313.0,365.0,367.0,383.0,390.0,517.0,557.0,652.0,656.0,662.0,882.0,917.0,939.0,
17.0,28.0,41.0,88.0,90.0,136.0,145.0,220.0,262.0,265.0,336.0,342.0,389.0,433.0,456.0,483.0,484.0,525.0,527.0,541.0,547.0,548.0,622.0,649.0,687.0,759.0,812.0,850.0,858.0,910.0,951.0,978.0,
14.0,29.0,48.0,51.0,55.0,72.0,125.0,137.0,174.0,202.0,206.0,273.0,336.0,349.0,352.0,373.0,415.0,418.0,465.0,479.0,593.0,646.0,672.0,674.0,676.0,687.0,753.0,763.0,832.0,844.0,887.0,895.0,943.0,
11.0,26.0,35.0,38.0,44.0,72.0,84.0,89.0,126.0,133.0,176.0,219.0,229.0,247.0,248.0,283.0,326.0,347.0,355.0,356.0,366.0,388.0,434.0,457.0,461.0,523.0,540.0,568.0,585.0,619.0,640.0,686.0,689.0,718.0,729.0,731.0,759.0,774.0,782.0,802.0,820.0,823.0,867.0,878.0,918.0,925.0,962.0,971.0,
35.0,94.0,148.0,168.0,175.0,184.0,238.0,243.0,245.0,246.0,259.0,273.0,274.0,289.0,340.0,361.0,363.0,374.0,387.0,402.0,461.0,477.0,493.0,495.0,505.0,512.0,602.0,604.0,644.0,692.0,718.0,722.0,733.0,737.0,744.0,782.0,798.0,837.0,838.0,843.0,850.0,881.0,923.0,929.0,939.0,966.0,969.0,
40.0,50.0,67.0,70.0,89.0,162.0,202.0,225.0,293.0,326.0,332.0,422.0,449.0,531.0,556.0,563.0,598.0,656.0,683.0,697.0,704.0,731.0,825.0,920.0,
62.0,63.0,69.0,157.0,191.0,205.0,219.0,275.0,279.0,340.0,343.0,354.0,375.0,389.0,404.0,443.0,452.0,464.0,481.0,484.0,498.0,530.0,534.0,541.0,542.0,547.0,554.0,556.0,566.0,580.0,582.0,584.0,594.0,597.0,602.0,626.0,647.0,648.0,656.0,666.0,669.0,686.0,689.0,714.0,720.0,721.0,793.0,818.0,864.0,876.0,917.0,918.0,921.0,930.0,943.0,943.0,954.0,962.0,973.0,974.0,
29.0,33.0,149.0,283.0,293.0,315.0,345.0,406.0,432.0,453.0,454.0,522.0,527.0,536.0,538.0,539.0,541.0,544.0,546.0,559.0,568.0,574.0,580.0,586.0,596.0,606.0,630.0,634.0,636.0,644.0,646.0,652.0,662.0,717.0,728.0,729.0,732.0,741.0,743.0,744.0,757.0,761.0,781.0,801.0,807.0,818.0,826.0,828.0,858.0,876.0,892.0,905.0,927.0,946.0,953.0,989.0,993.0,
36.0,78.0,80.0,87.0,93.0,112.0,149.0,173.0,230.0,272.0,292.0,297.0,329.0,358.0,385.0,417.0,426.0,463.0,516.0,527.0,528.0,535.0,535.0,536.0,540.0,541.0,545.0,546.0,552.0,556.0,564.0,564.0,571.0,575.0,581.0,591.0,599.0,632.0,652.0,692.0,694.0,706.0,711.0,716.0,718.0,740.0,753.0,771.0,807.0,819.0,824.0,826.0,887.0,889.0,912.0,913.0,922.0,955.0,957.0,963.0,976.0,977.0,978.0,980.0,995.0,
111.0,116.0,161.0,179.0,257.0,260.0,294.0,300.0,327.0,338.0,343.0,350.0,356.0,376.0,384.0,420.0,432.0,494.0,508.0,510.0,528.0,538.0,541.0,549.0,554.0,561.0,566.0,573.0,575.0,580.0,586.0,591.0,599.0,599.0,607.0,617.0,618.0,626.0,633.0,663.0,674.0,688.0,689.0,689.0,699.0,714.0,732.0,751.0,765.0,806.0,816.0,825.0,830.0,838.0,862.0,871.0,907.0,915.0,926.0,932.0,937.0,938.0,947.0,960.0,
17.0,57.0,91.0,95.0,103.0,130.0,194.0,237.0,246.0,271.0,274.0,291.0,300.0,364.0,395.0,426.0,439.0,443.0,458.0,480.0,525.0,537.0,555.0,555.0,560.0,562.0,563.0,575.0,575.0,577.0,589.0,592.0,611.0,620.0,626.0,656.0,696.0,712.0,754.0,755.0,760.0,775.0,800.0,802.0,828.0,838.0,858.0,868.0,890.0,891.0,918.0,940.0,946.0,954.0,955.0,987.0,994.0,
33.0,48.0,89.0,112.0,130.0,132.0,192.0,213.0,226.0,233.0,296.0,300.0,308.0,336.0,372.0,380.0,404.0,442.0,445.0,508.0,550.0,575.0,723.0,758.0,762.0,784.0,805.0,833.0,917.0,936.0,982.0,
2.0,33.0,60.0,66.0,70.0,90.0,101.0,142.0,152.0,211.0,228.0,232.0,254.0,254.0,306.0,323.0,404.0,407.0,436.0,443.0,450.0,476.0,481.0,483.0,494.0,513.0,523.0,527.0,544.0,550.0,560.0,566.0,572.0,605.0,630.0,645.0,675.0,693.0,750.0,825.0,862.0,918.0,
102.0,129.0,149.0,168.0,170.0,203.0,228.0,258.0,307.0,435.0,441.0,453.0,457.0,459.0,469.0,505.0,564.0,586.0,602.0,621.0,653.0,666.0,700.0,718.0,719.0,737.0,755.0,829.0,846.0,881.0,947.0,992.0,
134.0,176.0,178.0,249.0,271.0,310.0,386.0,425.0,450.0,456.0,502.0,530.0,550.0,570.0,626.0,630.0,693.0,696.0,715.0,717.0,729.0,734.0,749.0,820.0,849.0,865.0,874.0,929.0,930.0,994.0,996.0,1000.0,
11.0,36.0,45.0,105.0,117.0,131.0,165.0,197.0,210.0,218.0,239.0,252.0,272.0,286.0,287.0,319.0,338.0,353.0,356.0,358.0,366.0,373.0,442.0,516.0,530.0,538.0,559.0,560.0,593.0,601.0,669.0,676.0,677.0,716.0,719.0,777.0,782.0,786.0,787.0,810.0,811.0,935.0,948.0,949.0,969.0,982.0,
26.0,30.0,49.0,168.0,191.0,212.0,238.0,241.0,269.0,278.0,280.0,320.0,329.0,337.0,371.0,377.0,377.0,430.0,436.0,449.0,452.0,453.0,482.0,516.0,519.0,526.0,529.0,541.0,543.0,548.0,549.0,552.0,565.0,575.0,595.0,595.0,601.0,609.0,611.0,621.0,630.0,638.0,638.0,640.0,647.0,656.0,671.0,676.0,678.0,684.0,688.0,694.0,699.0,702.0,735.0,746.0,770.0,774.0,784.0,801.0,822.0,826.0,834.0,835.0,848.0,855.0,859.0,879.0,893.0,897.0,907.0,920.0,922.0,952.0,959.0,975.0,976.0,979.0,1000.0,
24.0,63.0,99.0,108.0,175.0,225.0,316.0,348.0,377.0,393.0,438.0,466.0,514.0,517.0,523.0,523.0,524.0,525.0,526.0,534.0,536.0,539.0,540.0,550.0,551.0,555.0,555.0,558.0,572.0,580.0,585.0,587.0,589.0,596.0,597.0,597.0,599.0,616.0,620.0,621.0,626.0,629.0,630.0,647.0,647.0,650.0,653.0,661.0,697.0,704.0,712.0,723.0,730.0,738.0,741.0,751.0,756.0,768.0,773.0,780.0,783.0,787.0,811.0,842.0,898.0,902.0,911.0,919.0,922.0,945.0,950.0,959.0,966.0,970.0,982.0,984.0,991.0,
6.0,11.0,88.0,89.0,103.0,119.0,127.0,133.0,139.0,168.0,202.0,202.0,220.0,237.0,242.0,252.0,354.0,387.0,408.0,427.0,431.0,518.0,519.0,542.0,551.0,552.0,555.0,559.0,565.0,567.0,568.0,570.0,570.0,578.0,582.0,589.0,597.0,597.0,603.0,607.0,610.0,718.0,737.0,750.0,753.0,753.0,766.0,783.0,796.0,804.0,839.0,839.0,849.0,855.0,879.0,882.0,890.0,901.0,931.0,933.0,977.0,991.0,993.0,999.0,
72.0,73.0,91.0,121.0,137.0,150.0,256.0,266.0,322.0,324.0,350.0,373.0,376.0,451.0,460.0,516.0,517.0,524.0,535.0,541.0,542.0,546.0,553.0,558.0,561.0,564.0,569.0,572.0,598.0,618.0,636.0,639.0,640.0,640.0,669.0,684.0,686.0,689.0,701.0,704.0,715.0,720.0,731.0,747.0,756.0,790.0,809.0,811.0,814.0,838.0,839.0,854.0,860.0,879.0,922.0,923.0,929.0,941.0,954.0,965.0,
16.0,27.0,87.0,88.0,101.0,104.0,120.0,122.0,138.0,188.0,262.0,262.0,263.0,282.0,287.0,302.0,303.0,325.0,344.0,358.0,480.0,494.0,512.0,515.0,518.0,523.0,526.0,527.0,535.0,535.0,539.0,544.0,546.0,550.0,556.0,559.0,562.0,574.0,575.0,576.0,579.0,583.0,588.0,599.0,609.0,612.0,618.0,626.0,638.0,641.0,650.0,651.0,652.0,658.0,670.0,674.0,689.0,690.0,699.0,703.0,710.0,715.0,734.0,786.0,803.0,805.0,855.0,858.0,897.0,917.0,963.0,978.0,
38.0,138.0,193.0,214.0,233.0,335.0,402.0,459.0,491.0,511.0,525.0,530.0,537.0,545.0,578.0,625.0,645.0,648.0,650.0,664.0,709.0,724.0,726.0,731.0,732.0,742.0,757.0,772.0,780.0,799.0,813.0,814.0,828.0,846.0,867.0,880.0,897.0,929.0,940.0,
129.0,217.0,229.0,267.0,332.0,350.0,410.0,423.0,435.0,508.0,540.0,622.0,663.0,736.0,743.0,747.0,748.0,782.0,836.0,847.0,852.0,870.0,896.0,942.0,967.0,
62.0,65.0,88.0,90.0,93.0,108.0,125.0,146.0,148.0,155.0,177.0,179.0,180.0,217.0,228.0,271.0,359.0,484.0,523.0,527.0,538.0,564.0,574.0,583.0,601.0,660.0,705.0,733.0,741.0,743.0,752.0,778.0,826.0,834.0,853.0,886.0,888.0,929.0,938.0,
13.0,117.0,173.0,186.0,209.0,219.0,230.0,394.0,405.0,425.0,439.0,447.0,454.0,461.0,464.0,471.0,508.0,515.0,527.0,620.0,637.0,644.0,683.0,704.0,723.0,742.0,745.0,790.0,839.0,840.0,862.0,943.0,971.0,
12.0,38.0,45.0,75.0,78.0,82.0,83.0,94.0,118.0,127.0,186.0,193.0,218.0,238.0,289.0,305.0,353.0,361.0,379.0,405.0,409.0,419.0,425.0,433.0,434.0,476.0,482.0,527.0,532.0,542.0,543.0,546.0,546.0,602.0,609.0,609.0,613.0,644.0,684.0,728.0,729.0,768.0,789.0,799.0,800.0,810.0,813.0,851.0,859.0,868.0,875.0,892.0,910.0,910.0,918.0,927.0,934.0,943.0,973.0,977.0,
19.0,20.0,21.0,30.0,104.0,133.0,158.0,175.0,197.0,200.0,231.0,258.0,265.0,349.0,353.0,426.0,433.0,449.0,453.0,473.0,479.0,496.0,498.0,514.0,524.0,530.0,531.0,533.0,535.0,537.0,544.0,548.0,557.0,558.0,559.0,567.0,571.0,579.0,583.0,585.0,599.0,601.0,606.0,607.0,608.0,637.0,640.0,657.0,671.0,678.0,683.0,687.0,692.0,697.0,706.0,708.0,713.0,725.0,746.0,747.0,749.0,754.0,765.0,791.0,808.0,817.0,827.0,858.0,870.0,877.0,883.0,895.0,899.0,903.0,907.0,928.0,934.0,937.0,944.0,952.0,976.0,993.0,999.0,1000.0,1000.0,
6.0,56.0,59.0,76.0,90.0,113.0,127.0,141.0,148.0,154.0,160.0,221.0,237.0,294.0,303.0,373.0,420.0,434.0,481.0,517.0,519.0,531.0,533.0,537.0,542.0,543.0,548.0,549.0,555.0,555.0,557.0,563.0,565.0,566.0,569.0,573.0,579.0,579.0,612.0,625.0,634.0,649.0,674.0,694.0,700.0,712.0,738.0,740.0,756.0,766.0,785.0,806.0,812.0,869.0,879.0,893.0,898.0,909.0,919.0,941.0,961.0,989.0,992.0,
14.0,16.0,32.0,44.0,82.0,98.0,140.0,150.0,160.0,204.0,222.0,305.0,317.0,395.0,400.0,404.0,444.0,514.0,515.0,518.0,523.0,526.0,527.0,536.0,541.0,549.0,550.0,552.0,562.0,567.0,569.0,572.0,572.0,575.0,583.0,601.0,616.0,620.0,627.0,638.0,653.0,667.0,674.0,690.0,696.0,698.0,779.0,822.0,824.0,827.0,884.0,907.0,946.0,958.0,973.0,975.0,983.0,995.0,1000.0,
102.0,107.0,159.0,185.0,189.0,227.0,228.0,232.0,307.0,417.0,460.0,478.0,503.0,507.0,516.0,518.0,518.0,520.0,522.0,523.0,524.0,527.0,527.0,530.0,531.0,536.0,541.0,542.0,555.0,565.0,566.0,572.0,578.0,591.0,597.0,598.0,605.0,609.0,609.0,612.0,621.0,625.0,625.0,639.0,641.0,671.0,690.0,724.0,742.0,745.0,748.0,804.0,838.0,843.0,851.0,860.0,871.0,883.0,893.0,895.0,898.0,918.0,948.0,968.0,991.0,
14.0,47.0,110.0,156.0,165.0,177.0,185.0,210.0,223.0,229.0,254.0,285.0,296.0,323.0,335.0,409.0,471.0,501.0,521.0,521.0,523.0,525.0,535.0,535.0,540.0,547.0,557.0,563.0,569.0,569.0,574.0,579.0,580.0,584.0,594.0,605.0,613.0,637.0,645.0,645.0,645.0,648.0,675.0,675.0,689.0,693.0,698.0,702.0,740.0,740.0,752.0,754.0,761.0,763.0,770.0,771.0,774.0,806.0,848.0,863.0,865.0,881.0,894.0,898.0,920.0,934.0,942.0,942.0,978.0,999.0,
25.0,58.0,124.0,130.0,143.0,168.0,229.0,232.0,237.0,251.0,279.0,296.0,345.0,364.0,418.0,488.0,490.0,493.0,541.0,551.0,551.0,579.0,581.0,583.0,584.0,599.0,600.0,601.0,604.0,660.0,685.0,791.0,814.0,848.0,866.0,912.0,945.0,945.0,989.0,989.0,
34.0,66.0,80.0,98.0,109.0,113.0,120.0,121.0,142.0,178.0,184.0,216.0,231.0,249.0,262.0,285.0,291.0,326.0,382.0,382.0,383.0,429.0,475.0,479.0,688.0,749.0,786.0,795.0,807.0,886.0,896.0,926.0,930.0,949.0,979.0,
29.0,40.0,79.0,93.0,153.0,171.0,249.0,253.0,254.0,255.0,282.0,318.0,367.0,381.0,393.0,430.0,442.0,442.0,458.0,480.0,509.0,591.0,613.0,618.0,630.0,637.0,639.0,647.0,668.0,686.0,702.0,711.0,717.0,789.0,821.0,882.0,886.0,914.0,938.0,974.0,
2.0,44.0,58.0,69.0,144.0,168.0,210.0,215.0,276.0,307.0,319.0,354.0,376.0,397.0,397.0,408.0,410.0,468.0,481.0,514.0,606.0,639.0,666.0,721.0,758.0,810.0,929.0,953.0,956.0,
25.0,49.0,66.0,77.0,87.0,92.0,137.0,138.0,140.0,252.0,283.0,306.0,356.0,366.0,368.0,369.0,388.0,402.0,440.0,461.0,483.0,511.0,555.0,629.0,677.0,744.0,754.0,782.0,791.0,811.0,813.0,835.0,848.0,860.0,898.0,920.0,931.0,980.0,997.0,
27.0,48.0,48.0,75.0,98.0,133.0,134.0,153.0,230.0,300.0,310.0,327.0,368.0,384.0,401.0,410.0,444.0,448.0,452.0,517.0,518.0,523.0,529.0,536.0,541.0,542.0,543.0,543.0,544.0,545.0,550.0,550.0,556.0,556.0,556.0,565.0,567.0,573.0,579.0,580.0,583.0,600.0,612.0,616.0,617.0,618.0,624.0,633.0,635.0,672.0,705.0,709.0,720.0,722.0,727.0,729.0,734.0,742.0,770.0,783.0,795.0,800.0,806.0,819.0,827.0,828.0,850.0,853.0,871.0,875.0,900.0,902.0,951.0,956.0,960.0,965.0,972.0,990.0,995.0,
51.0,73.0,77.0,131.0,134.0,165.0,180.0,186.0,188.0,193.0,205.0,207.0,248.0,280.0,353.0,361.0,398.0,405.0,407.0,427.0,450.0,467.0,519.0,525.0,526.0,528.0,529.0,529.0,538.0,538.0,539.0,544.0,544.0,549.0,549.0,565.0,567.0,577.0,578.0,578.0,582.0,582.0,587.0,589.0,604.0,611.0,617.0,619.0,620.0,621.0,629.0,632.0,646.0,689.0,692.0,696.0,714.0,720.0,752.0,760.0,762.0,769.0,772.0,783.0,823.0,838.0,838.0,856.0,874.0,874.0,912.0,925.0,952.0,959.0,961.0,975.0,981.0,994.0,998.0,1000.0,
32.0,59.0,158.0,162.0,249.0,283.0,330.0,342.0,373.0,382.0,440.0,457.0,505.0,507.0,513.0,514.0,521.0,529.0,535.0,536.0,539.0,539.0,539.0,549.0,552.0,556.0,559.0,568.0,568.0,570.0,572.0,574.0,578.0,583.0,584.0,587.0,608.0,608.0,610.0,610.0,636.0,639.0,651.0,655.0,665.0,666.0,678.0,704.0,711.0,712.0,725.0,762.0,775.0,779.0,784.0,796.0,806.0,827.0,827.0,830.0,833.0,858.0,859.0,881.0,939.0,985.0,
45.0,106.0,147.0,155.0,158.0,189.0,194.0,269.0,361.0,422.0,444.0,508.0,520.0,522.0,528.0,530.0,533.0,534.0,537.0,541.0,542.0,544.0,545.0,553.0,557.0,561.0,563.0,564.0,575.0,578.0,592.0,595.0,607.0,614.0,620.0,636.0,639.0,681.0,691.0,693.0,740.0,744.0,751.0,757.0,788.0,791.0,796.0,796.0,832.0,838.0,845.0,848.0,884.0,909.0,925.0,952.0,959.0,
32.0,61.0,119.0,261.0,288.0,311.0,324.0,439.0,445.0,492.0,527.0,530.0,536.0,545.0,551.0,554.0,555.0,559.0,563.0,566.0,566.0,575.0,581.0,587.0,588.0,590.0,590.0,599.0,620.0,637.0,645.0,649.0,681.0,682.0,685.0,689.0,699.0,710.0,710.0,734.0,734.0,735.0,738.0,744.0,778.0,782.0,783.0,829.0,831.0,836.0,856.0,862.0,863.0,867.0,869.0,882.0,894.0,904.0,920.0,922.0,926.0,929.0,940.0,984.0,984.0,
7.0,20.0,31.0,48.0,87.0,93.0,103.0,138.0,207.0,221.0,256.0,297.0,310.0,395.0,449.0,456.0,471.0,489.0,521.0,534.0,536.0,544.0,580.0,586.0,632.0,636.0,649.0,650.0,657.0,661.0,713.0,779.0,804.0,827.0,844.0,855.0,868.0,873.0,891.0,893.0,931.0,935.0,956.0,959.0,962.0,965.0,972.0,999.0,
9.0,107.0,111.0,127.0,130.0,170.0,211.0,237.0,249.0,297.0,365.0,407.0,412.0,443.0,444.0,539.0,544.0,578.0,615.0,661.0,667.0,680.0,701.0,730.0,742.0,785.0,806.0,894.0,907.0,910.0,922.0,927.0,967.0,971.0,983.0,995.0,
15.0,19.0,49.0,67.0,67.0,82.0,99.0,101.0,129.0,134.0,162.0,165.0,194.0,207.0,245.0,255.0,306.0,310.0,321.0,363.0,390.0,390.0,495.0,540.0,547.0,550.0,578.0,655.0,703.0,719.0,746.0,803.0,838.0,844.0,844.0,959.0,962.0,
9.0,208.0,210.0,256.0,275.0,282.0,336.0,347.0,369.0,377.0,383.0,410.0,425.0,487.0,491.0,511.0,534.0,554.0,565.0,629.0,694.0,730.0,816.0,825.0,891.0,895.0,923.0,934.0,944.0,951.0,956.0,
71.0,76.0,136.0,141.0,161.0,194.0,210.0,257.0,293.0,298.0,311.0,317.0,362.0,362.0,390.0,401.0,406.0,425.0,452.0,469.0,514.0,520.0,525.0,531.0,571.0,602.0,624.0,629.0,736.0,798.0,832.0,857.0,920.0,963.0,973.0,986.0,990.0,996.0,
29.0,44.0,58.0,76.0,85.0,92.0,136.0,139.0,165.0,187.0,202.0,238.0,250.0,276.0,288.0,331.0,403.0,412.0,473.0,493.0,519.0,529.0,532.0,546.0,548.0,552.0,553.0,555.0,560.0,563.0,566.0,573.0,575.0,582.0,590.0,590.0,613.0,639.0,697.0,699.0,703.0,710.0,724.0,725.0,730.0,733.0,768.0,802.0,815.0,827.0,832.0,839.0,841.0,877.0,882.0,891.0,916.0,916.0,944.0,966.0,974.0,977.0,
3.0,45.0,52.0,61.0,71.0,102.0,117.0,152.0,153.0,176.0,190.0,192.0,227.0,328.0,349.0,357.0,426.0,465.0,471.0,500.0,513.0,526.0,526.0,530.0,545.0,549.0,555.0,557.0,558.0,564.0,565.0,572.0,572.0,573.0,577.0,580.0,584.0,586.0,594.0,597.0,599.0,600.0,603.0,614.0,618.0,623.0,628.0,631.0,640.0,665.0,680.0,685.0,687.0,693.0,714.0,717.0,748.0,756.0,763.0,765.0,783.0,800.0,814.0,846.0,890.0,914.0,943.0,945.0,947.0,948.0,951.0,967.0,979.0,
2.0,11.0,54.0,135.0,190.0,207.0,259.0,269.0,287.0,289.0,306.0,310.0,401.0,412.0,418.0,495.0,527.0,538.0,540.0,541.0,546.0,547.0,549.0,555.0,558.0,558.0,559.0,565.0,568.0,573.0,575.0,577.0,588.0,589.0,592.0,602.0,605.0,608.0,614.0,622.0,626.0,627.0,670.0,678.0,688.0,709.0,718.0,719.0,727.0,727.0,733.0,749.0,759.0,771.0,773.0,795.0,822.0,828.0,832.0,833.0,841.0,876.0,887.0,896.0,923.0,943.0,946.0,954.0,960.0,994.0,
25.0,26.0,79.0,116.0,137.0,142.0,153.0,162.0,203.0,213.0,229.0,278.0,304.0,338.0,364.0,380.0,384.0,389.0,398.0,420.0,426.0,453.0,470.0,520.0,528.0,529.0,533.0,536.0,541.0,559.0,566.0,567.0,568.0,577.0,579.0,587.0,590.0,592.0,594.0,601.0,609.0,615.0,624.0,626.0,646.0,647.0,647.0,651.0,662.0,669.0,692.0,703.0,703.0,708.0,716.0,744.0,747.0,759.0,769.0,776.0,790.0,790.0,795.0,826.0,834.0,836.0,857.0,880.0,880.0,888.0,958.0,960.0,967.0,997.0,998.0,
36.0,76.0,131.0,146.0,165.0,172.0,185.0,206.0,258.0,259.0,265.0,315.0,345.0,372.0,372.0,385.0,409.0,427.0,452.0,457.0,473.0,509.0,515.0,527.0,529.0,536.0,537.0,538.0,541.0,547.0,548.0,550.0,563.0,567.0,578.0,578.0,579.0,586.0,588.0,590.0,591.0,597.0,644.0,646.0,654.0,663.0,692.0,709.0,726.0,732.0,737.0,787.0,804.0,826.0,827.0,828.0,838.0,850.0,868.0,910.0,916.0,982.0,
4.0,5.0,60.0,60.0,71.0,113.0,121.0,132.0,164.0,200.0,201.0,222.0,261.0,357.0,360.0,366.0,391.0,395.0,424.0,473.0,488.0,490.0,513.0,536.0,560.0,609.0,614.0,621.0,655.0,672.0,718.0,767.0,782.0,854.0,936.0,994.0,
67.0,86.0,87.0,106.0,114.0,126.0,142.0,153.0,160.0,243.0,329.0,358.0,381.0,398.0,425.0,459.0,493.0,509.0,534.0,543.0,597.0,629.0,738.0,770.0,794.0,795.0,811.0,824.0,833.0,926.0,970.0,
14.0,16.0,35.0,39.0,53.0,64.0,105.0,106.0,153.0,157.0,174.0,228.0,262.0,264.0,288.0,312.0,317.0,319.0,345.0,357.0,436.0,440.0,450.0,491.0,542.0,546.0,602.0,645.0,649.0,654.0,733.0,781.0,811.0,841.0,864.0,871.0,894.0,918.0,925.0,930.0,949.0,989.0,997.0,
77.0,89.0,92.0,113.0,116.0,125.0,155.0,161.0,168.0,169.0,192.0,298.0,307.0,308.0,387.0,395.0,407.0,430.0,452.0,464.0,519.0,544.0,620.0,629.0,760.0,768.0,781.0,810.0,836.0,855.0,867.0,878.0,911.0,936.0,
12.0,31.0,55.0,83.0,94.0,107.0,138.0,143.0,154.0,174.0,181.0,198.0,213.0,214.0,246.0,247.0,249.0,331.0,335.0,352.0,386.0,432.0,442.0,486.0,571.0,608.0,624.0,657.0,664.0,679.0,692.0,727.0,739.0,752.0,755.0,792.0,804.0,832.0,837.0,876.0,907.0,960.0,966.0,972.0,
6.0,51.0,120.0,166.0,173.0,178.0,202.0,277.0,315.0,327.0,343.0,378.0,397.0,424.0,433.0,470.0,486.0,487.0,532.0,542.0,552.0,577.0,746.0,896.0,912.0,917.0,955.0,955.0,956.0,961.0,968.0,
32.0,33.0,35.0,38.0,48.0,50.0,52.0,54.0,73.0,85.0,103.0,118.0,134.0,139.0,164.0,182.0,225.0,236.0,245.0,251.0,251.0,279.0,394.0,413.0,416.0,455.0,468.0,537.0,541.0,550.0,595.0,611.0,622.0,650.0,672.0,675.0,677.0,688.0,721.0,742.0,742.0,792.0,799.0,821.0,914.0,
11.0,72.0,74.0,114.0,123.0,174.0,215.0,216.0,335.0,383.0,394.0,405.0,528.0,531.0,534.0,548.0,549.0,554.0,555.0,555.0,590.0,596.0,597.0,601.0,621.0,628.0,638.0,641.0,642.0,684.0,707.0,725.0,738.0,741.0,748.0,753.0,762.0,767.0,781.0,833.0,860.0,879.0,900.0,913.0,922.0,943.0,945.0,948.0,962.0,965.0,
30.0,116.0,162.0,180.0,195.0,237.0,260.0,273.0,275.0,276.0,284.0,288.0,295.0,328.0,347.0,400.0,465.0,488.0,532.0,537.0,540.0,558.0,561.0,565.0,656.0,668.0,674.0,683.0,705.0,735.0,761.0,868.0,873.0,890.0,894.0,940.0,973.0,984.0,992.0,
117.0,139.0,256.0,286.0,308.0,422.0,427.0,428.0,441.0,478.0,502.0,531.0,567.0,585.0,604.0,635.0,640.0,730.0,765.0,818.0,967.0,995.0,
17.0,31.0,127.0,136.0,206.0,232.0,293.0,295.0,316.0,342.0,374.0,378.0,402.0,487.0,510.0,584.0,588.0,646.0,791.0,796.0,808.0,916.0,950.0,954.0,962.0,974.0,
34.0,37.0,75.0,80.0,96.0,108.0,148.0,169.0,208.0,209.0,217.0,271.0,294.0,311.0,326.0,343.0,375.0,381.0,439.0,458.0,550.0,577.0,586.0,604.0,625.0,640.0,739.0,784.0,793.0,797.0,798.0,804.0,881.0,915.0,918.0,938.0,952.0,961.0,985.0,
54.0,228.0,244.0,291.0,327.0,445.0,451.0,548.0,589.0,638.0,711.0,736.0,742.0,753.0,776.0,815.0,857.0,880.0,904.0,905.0,911.0,
15.0,66.0,97.0,142.0,144.0,155.0,203.0,303.0,311.0,319.0,324.0,364.0,392.0,455.0,522.0,602.0,654.0,655.0,758.0,761.0,763.0,799.0,806.0,821.0,842.0,915.0,930.0,973.0,978.0,987.0,
25.0,72.0,117.0,265.0,267.0,278.0,296.0,351.0,371.0,405.0,470.0,485.0,508.0,516.0,521.0,530.0,533.0,651.0,687.0,704.0,709.0,736.0,743.0,754.0,762.0,779.0,801.0,849.0,861.0,889.0,913.0,916.0,960.0,
35.0,43.0,50.0,62.0,66.0,215.0,227.0,249.0,276.0,298.0,305.0,313.0,325.0,327.0,330.0,346.0,367.0,374.0,376.0,406.0,417.0,462.0,464.0,465.0,479.0,549.0,560.0,685.0,715.0,748.0,786.0,807.0,866.0,887.0,963.0,
18.0,22.0,22.0,79.0,105.0,126.0,159.0,287.0,297.0,303.0,321.0,335.0,368.0,378.0,390.0,397.0,458.0,474.0,577.0,580.0,620.0,627.0,644.0,663.0,686.0,695.0,833.0,844.0,881.0,937.0,949.0,952.0,
50.0,114.0,178.0,230.0,248.0,262.0,265.0,267.0,285.0,300.0,317.0,331.0,350.0,383.0,451.0,458.0,509.0,513.0,526.0,547.0,548.0,596.0,644.0,674.0,674.0,692.0,712.0,784.0,788.0,817.0,885.0,925.0,967.0,980.0,981.0,
29.0,56.0,134.0,147.0,176.0,183.0,189.0,260.0,274.0,300.0,336.0,345.0,367.0,385.0,421.0,433.0,464.0,466.0,484.0,487.0,488.0,500.0,516.0,530.0,537.0,630.0,651.0,681.0,683.0,698.0,724.0,751.0,763.0,773.0,776.0,875.0,892.0,920.0,
51.0,142.0,144.0,244.0,271.0,297.0,347.0,374.0,384.0,406.0,426.0,439.0,462.0,463.0,463.0,525.0,540.0,556.0,564.0,566.0,604.0,604.0,640.0,747.0,822.0,872.0,894.0,971.0,986.0,
2.0,25.0,28.0,103.0,133.0,154.0,155.0,254.0,256.0,260.0,264.0,311.0,348.0,358.0,423.0,425.0,427.0,428.0,451.0,480.0,513.0,551.0,594.0,648.0,718.0,719.0,744.0,745.0,778.0,804.0,846.0,857.0,863.0,874.0,875.0,907.0,930.0,966.0,
40.0,121.0,123.0,123.0,187.0,191.0,206.0,207.0,219.0,235.0,261.0,269.0,273.0,344.0,349.0,358.0,376.0,387.0,395.0,399.0,401.0,410.0,418.0,441.0,451.0,476.0,509.0,580.0,615.0,658.0,660.0,674.0,755.0,758.0,873.0,906.0,934.0,938.0,952.0,
