19.0,40.0,53.0,124.0,138.0,141.0,149.0,172.0,185.0,215.0,244.0,249.0,256.0,259.0,325.0,337.0,365.0,405.0,414.0,452.0,472.0,583.0,597.0,600.0,609.0,626.0,629.0,694.0,783.0,803.0,820.0,844.0,881.0,956.0,
32.0,54.0,58.0,64.0,121.0,128.0,139.0,152.0,173.0,182.0,186.0,190.0,212.0,224.0,246.0,316.0,321.0,348.0,361.0,479.0,539.0,550.0,565.0,683.0,688.0,691.0,707.0,708.0,716.0,767.0,801.0,815.0,852.0,862.0,878.0,878.0,882.0,916.0,920.0,933.0,959.0,
6.0,15.0,38.0,79.0,139.0,150.0,175.0,224.0,224.0,241.0,246.0,278.0,305.0,345.0,361.0,392.0,410.0,446.0,462.0,464.0,474.0,495.0,532.0,539.0,545.0,638.0,661.0,672.0,676.0,679.0,728.0,729.0,741.0,766.0,798.0,812.0,846.0,875.0,929.0,980.0,985.0,
16.0,19.0,22.0,87.0,164.0,168.0,195.0,218.0,228.0,244.0,271.0,278.0,291.0,297.0,331.0,341.0,373.0,379.0,391.0,418.0,421.0,436.0,438.0,541.0,608.0,643.0,696.0,709.0,717.0,785.0,843.0,920.0,936.0,959.0,998.0,1000.0,
5.0,18.0,32.0,34.0,48.0,61.0,67.0,72.0,146.0,151.0,157.0,167.0,187.0,195.0,221.0,237.0,245.0,265.0,274.0,277.0,376.0,387.0,425.0,437.0,445.0,478.0,521.0,534.0,582.0,598.0,649.0,672.0,675.0,703.0,707.0,731.0,756.0,819.0,821.0,821.0,852.0,873.0,911.0,938.0,
21.0,25.0,100.0,121.0,155.0,160.0,161.0,195.0,280.0,301.0,314.0,315.0,339.0,344.0,390.0,429.0,443.0,471.0,494.0,495.0,542.0,577.0,580.0,592.0,691.0,722.0,740.0,751.0,759.0,816.0,818.0,846.0,855.0,953.0,
23.0,36.0,60.0,64.0,74.0,129.0,133.0,155.0,235.0,302.0,311.0,319.0,394.0,411.0,454.0,465.0,490.0,581.0,590.0,646.0,680.0,705.0,728.0,813.0,816.0,840.0,
55.0,55.0,160.0,229.0,282.0,310.0,312.0,316.0,361.0,402.0,410.0,417.0,437.0,450.0,475.0,552.0,577.0,579.0,609.0,626.0,658.0,713.0,715.0,753.0,779.0,781.0,856.0,878.0,978.0,
36.0,44.0,64.0,80.0,86.0,120.0,179.0,179.0,185.0,198.0,201.0,210.0,219.0,269.0,291.0,292.0,294.0,302.0,315.0,343.0,358.0,384.0,384.0,407.0,431.0,466.0,473.0,489.0,495.0,500.0,511.0,626.0,675.0,699.0,706.0,854.0,857.0,887.0,943.0,944.0,
44.0,48.0,52.0,58.0,70.0,83.0,113.0,122.0,123.0,134.0,136.0,185.0,202.0,219.0,264.0,312.0,345.0,346.0,371.0,435.0,465.0,492.0,504.0,531.0,543.0,576.0,583.0,599.0,608.0,626.0,635.0,671.0,719.0,722.0,783.0,807.0,831.0,916.0,920.0,932.0,932.0,966.0,982.0,
50.0,72.0,105.0,142.0,158.0,161.0,177.0,209.0,211.0,219.0,292.0,301.0,304.0,309.0,312.0,322.0,365.0,397.0,415.0,443.0,466.0,466.0,479.0,481.0,497.0,529.0,543.0,550.0,592.0,606.0,635.0,682.0,686.0,752.0,778.0,780.0,795.0,801.0,817.0,836.0,842.0,849.0,859.0,885.0,933.0,960.0,962.0,998.0,
6.0,7.0,23.0,88.0,102.0,103.0,112.0,113.0,182.0,314.0,350.0,379.0,381.0,388.0,405.0,426.0,429.0,440.0,442.0,483.0,490.0,491.0,515.0,536.0,560.0,573.0,612.0,625.0,626.0,662.0,675.0,694.0,790.0,791.0,792.0,804.0,810.0,812.0,820.0,824.0,827.0,838.0,877.0,882.0,890.0,981.0,
17.0,39.0,41.0,51.0,61.0,105.0,116.0,121.0,132.0,145.0,174.0,202.0,296.0,313.0,323.0,333.0,353.0,392.0,398.0,447.0,453.0,480.0,506.0,582.0,680.0,704.0,712.0,726.0,726.0,741.0,832.0,832.0,894.0,912.0,919.0,967.0,
16.0,18.0,81.0,122.0,128.0,181.0,235.0,276.0,279.0,440.0,448.0,482.0,493.0,500.0,505.0,535.0,553.0,586.0,619.0,626.0,673.0,725.0,737.0,739.0,844.0,899.0,945.0,981.0,
6.0,18.0,97.0,106.0,115.0,119.0,139.0,183.0,278.0,279.0,289.0,309.0,321.0,457.0,469.0,501.0,525.0,555.0,564.0,585.0,594.0,652.0,665.0,698.0,740.0,787.0,791.0,802.0,845.0,854.0,922.0,924.0,932.0,948.0,965.0,
54.0,70.0,115.0,126.0,173.0,243.0,335.0,336.0,378.0,380.0,417.0,420.0,422.0,533.0,533.0,539.0,557.0,561.0,579.0,597.0,621.0,709.0,740.0,754.0,789.0,804.0,843.0,956.0,974.0,
59.0,59.0,81.0,98.0,210.0,211.0,212.0,215.0,275.0,289.0,292.0,347.0,353.0,394.0,396.0,411.0,448.0,467.0,467.0,496.0,533.0,571.0,597.0,599.0,723.0,740.0,795.0,849.0,891.0,
12.0,80.0,89.0,91.0,92.0,128.0,139.0,160.0,229.0,233.0,236.0,241.0,278.0,313.0,318.0,332.0,365.0,387.0,420.0,448.0,452.0,454.0,504.0,514.0,536.0,575.0,587.0,629.0,633.0,645.0,649.0,685.0,715.0,724.0,746.0,802.0,822.0,864.0,931.0,936.0,942.0,965.0,968.0,
6.0,9.0,32.0,56.0,102.0,120.0,136.0,155.0,225.0,253.0,257.0,275.0,289.0,297.0,331.0,354.0,375.0,429.0,434.0,440.0,486.0,534.0,549.0,556.0,649.0,786.0,810.0,886.0,917.0,932.0,951.0,
14.0,18.0,52.0,85.0,112.0,120.0,162.0,163.0,240.0,251.0,263.0,272.0,290.0,358.0,362.0,393.0,404.0,420.0,480.0,487.0,502.0,532.0,541.0,566.0,595.0,602.0,606.0,626.0,641.0,670.0,729.0,749.0,766.0,778.0,797.0,820.0,826.0,913.0,927.0,937.0,941.0,947.0,950.0,957.0,
54.0,80.0,90.0,115.0,148.0,186.0,203.0,241.0,247.0,250.0,250.0,274.0,282.0,284.0,318.0,328.0,337.0,412.0,442.0,453.0,505.0,506.0,522.0,522.0,613.0,615.0,625.0,637.0,759.0,837.0,866.0,866.0,883.0,935.0,988.0,993.0,
192.0,197.0,235.0,285.0,312.0,355.0,369.0,371.0,388.0,410.0,486.0,490.0,577.0,603.0,609.0,650.0,681.0,690.0,696.0,729.0,758.0,758.0,781.0,783.0,784.0,816.0,826.0,882.0,905.0,922.0,956.0,
119.0,121.0,122.0,189.0,204.0,215.0,247.0,253.0,261.0,274.0,312.0,419.0,543.0,602.0,643.0,749.0,765.0,800.0,873.0,878.0,886.0,905.0,911.0,950.0,971.0,984.0,
90.0,105.0,139.0,156.0,190.0,213.0,224.0,230.0,230.0,231.0,288.0,339.0,344.0,370.0,380.0,449.0,469.0,503.0,539.0,540.0,542.0,556.0,606.0,744.0,902.0,961.0,969.0,
19.0,54.0,59.0,70.0,102.0,123.0,129.0,135.0,179.0,188.0,192.0,214.0,221.0,250.0,291.0,293.0,321.0,327.0,334.0,368.0,400.0,401.0,412.0,426.0,428.0,459.0,489.0,537.0,544.0,551.0,562.0,571.0,576.0,581.0,587.0,592.0,610.0,632.0,647.0,760.0,761.0,816.0,854.0,866.0,921.0,998.0,
65.0,66.0,85.0,124.0,228.0,228.0,228.0,272.0,318.0,337.0,353.0,400.0,409.0,419.0,428.0,435.0,459.0,459.0,473.0,545.0,547.0,550.0,559.0,566.0,570.0,580.0,597.0,633.0,640.0,672.0,698.0,708.0,715.0,721.0,722.0,723.0,763.0,786.0,803.0,831.0,860.0,863.0,865.0,884.0,888.0,904.0,908.0,912.0,913.0,922.0,923.0,951.0,973.0,
67.0,91.0,111.0,131.0,190.0,226.0,244.0,252.0,274.0,314.0,360.0,367.0,370.0,379.0,432.0,435.0,445.0,484.0,524.0,526.0,536.0,538.0,546.0,548.0,549.0,562.0,592.0,594.0,613.0,623.0,667.0,691.0,693.0,709.0,713.0,719.0,720.0,796.0,803.0,840.0,854.0,895.0,901.0,906.0,939.0,940.0,
3.0,32.0,61.0,69.0,83.0,128.0,161.0,185.0,238.0,286.0,293.0,293.0,300.0,347.0,369.0,387.0,387.0,388.0,402.0,416.0,420.0,427.0,446.0,463.0,463.0,474.0,476.0,479.0,482.0,554.0,560.0,666.0,703.0,704.0,711.0,773.0,821.0,827.0,881.0,904.0,915.0,923.0,924.0,931.0,958.0,997.0,
45.0,100.0,115.0,127.0,131.0,135.0,139.0,168.0,177.0,185.0,288.0,442.0,451.0,457.0,468.0,476.0,505.0,573.0,593.0,649.0,684.0,773.0,907.0,922.0,927.0,993.0,994.0,996.0,999.0,
51.0,85.0,86.0,89.0,110.0,153.0,223.0,243.0,335.0,345.0,364.0,400.0,412.0,419.0,439.0,451.0,461.0,521.0,533.0,547.0,619.0,718.0,766.0,820.0,859.0,900.0,911.0,924.0,929.0,930.0,938.0,943.0,943.0,962.0,968.0,
3.0,5.0,52.0,75.0,79.0,105.0,106.0,110.0,113.0,139.0,235.0,256.0,266.0,272.0,305.0,416.0,461.0,479.0,512.0,534.0,560.0,601.0,614.0,664.0,706.0,709.0,709.0,717.0,797.0,849.0,884.0,907.0,935.0,941.0,943.0,950.0,964.0,965.0,
5.0,19.0,114.0,154.0,159.0,243.0,252.0,294.0,333.0,342.0,369.0,370.0,370.0,388.0,393.0,394.0,404.0,413.0,428.0,441.0,457.0,482.0,510.0,519.0,552.0,563.0,596.0,668.0,717.0,772.0,797.0,802.0,826.0,853.0,860.0,878.0,901.0,915.0,918.0,944.0,953.0,955.0,
35.0,75.0,269.0,270.0,291.0,297.0,309.0,317.0,348.0,361.0,372.0,408.0,411.0,462.0,477.0,493.0,524.0,600.0,641.0,664.0,697.0,712.0,782.0,841.0,922.0,943.0,945.0,957.0,971.0,
23.0,39.0,72.0,100.0,105.0,113.0,121.0,126.0,141.0,141.0,155.0,219.0,254.0,279.0,318.0,369.0,373.0,381.0,405.0,414.0,424.0,448.0,541.0,545.0,552.0,564.0,581.0,582.0,596.0,599.0,600.0,613.0,621.0,632.0,646.0,648.0,651.0,656.0,665.0,679.0,680.0,681.0,687.0,707.0,748.0,766.0,774.0,791.0,810.0,884.0,897.0,897.0,911.0,975.0,975.0,1000.0,
27.0,60.0,98.0,139.0,190.0,237.0,240.0,245.0,272.0,276.0,287.0,321.0,325.0,387.0,418.0,420.0,436.0,452.0,456.0,488.0,512.0,520.0,525.0,529.0,537.0,539.0,548.0,552.0,553.0,559.0,561.0,561.0,564.0,572.0,581.0,589.0,598.0,603.0,607.0,625.0,626.0,632.0,641.0,650.0,656.0,670.0,713.0,714.0,719.0,724.0,733.0,746.0,753.0,756.0,765.0,778.0,781.0,783.0,840.0,867.0,873.0,880.0,898.0,906.0,908.0,911.0,932.0,932.0,956.0,969.0,978.0,986.0,993.0,
25.0,43.0,69.0,76.0,79.0,91.0,120.0,122.0,133.0,144.0,155.0,224.0,258.0,266.0,267.0,272.0,329.0,329.0,422.0,501.0,520.0,528.0,532.0,534.0,535.0,539.0,541.0,546.0,549.0,562.0,567.0,572.0,579.0,596.0,600.0,605.0,610.0,624.0,630.0,682.0,682.0,690.0,712.0,735.0,740.0,748.0,770.0,770.0,771.0,785.0,788.0,800.0,800.0,812.0,814.0,821.0,841.0,847.0,847.0,864.0,866.0,888.0,894.0,906.0,930.0,936.0,963.0,963.0,966.0,975.0,981.0,989.0,
32.0,46.0,99.0,100.0,190.0,191.0,209.0,226.0,271.0,309.0,393.0,441.0,520.0,533.0,534.0,536.0,539.0,540.0,541.0,545.0,556.0,557.0,568.0,570.0,573.0,586.0,590.0,594.0,596.0,597.0,614.0,614.0,617.0,626.0,628.0,633.0,637.0,643.0,654.0,655.0,656.0,658.0,667.0,673.0,677.0,694.0,700.0,717.0,723.0,749.0,757.0,773.0,776.0,781.0,792.0,814.0,848.0,917.0,922.0,936.0,945.0,945.0,950.0,969.0,976.0,996.0,997.0,1000.0,
3.0,47.0,170.0,177.0,179.0,188.0,219.0,223.0,254.0,263.0,307.0,363.0,375.0,403.0,428.0,521.0,524.0,533.0,533.0,550.0,564.0,565.0,565.0,577.0,583.0,593.0,596.0,601.0,604.0,608.0,622.0,624.0,625.0,626.0,632.0,635.0,650.0,702.0,728.0,740.0,744.0,748.0,749.0,753.0,771.0,782.0,786.0,792.0,833.0,834.0,849.0,867.0,904.0,997.0,
47.0,171.0,192.0,201.0,306.0,307.0,319.0,410.0,473.0,484.0,506.0,515.0,544.0,548.0,598.0,618.0,628.0,647.0,675.0,693.0,754.0,760.0,774.0,803.0,808.0,824.0,896.0,972.0,987.0,
15.0,17.0,91.0,166.0,229.0,284.0,292.0,328.0,335.0,361.0,362.0,364.0,370.0,448.0,496.0,496.0,518.0,531.0,535.0,640.0,661.0,717.0,739.0,750.0,754.0,799.0,896.0,903.0,915.0,944.0,948.0,
4.0,25.0,56.0,60.0,98.0,138.0,155.0,189.0,244.0,313.0,335.0,382.0,415.0,469.0,514.0,521.0,564.0,565.0,568.0,588.0,663.0,715.0,752.0,769.0,773.0,784.0,789.0,835.0,931.0,937.0,
11.0,16.0,22.0,29.0,30.0,37.0,57.0,63.0,88.0,92.0,110.0,151.0,188.0,188.0,190.0,252.0,258.0,263.0,265.0,280.0,329.0,358.0,385.0,403.0,405.0,460.0,466.0,507.0,509.0,540.0,558.0,589.0,630.0,694.0,719.0,747.0,748.0,835.0,867.0,879.0,896.0,961.0,1000.0,
8.0,39.0,123.0,129.0,195.0,254.0,260.0,262.0,276.0,277.0,309.0,384.0,481.0,492.0,544.0,545.0,547.0,551.0,557.0,560.0,572.0,575.0,580.0,585.0,589.0,596.0,612.0,615.0,616.0,630.0,688.0,749.0,792.0,796.0,827.0,834.0,974.0,989.0,
92.0,110.0,115.0,152.0,155.0,162.0,193.0,222.0,282.0,298.0,322.0,330.0,355.0,378.0,379.0,420.0,453.0,460.0,463.0,482.0,541.0,554.0,560.0,565.0,565.0,572.0,575.0,577.0,581.0,584.0,591.0,612.0,629.0,630.0,631.0,667.0,667.0,672.0,690.0,701.0,730.0,730.0,731.0,735.0,774.0,785.0,831.0,835.0,866.0,883.0,905.0,909.0,924.0,924.0,925.0,938.0,974.0,980.0,984.0,988.0,992.0,
22.0,87.0,105.0,170.0,193.0,195.0,243.0,281.0,283.0,285.0,300.0,314.0,340.0,359.0,359.0,370.0,423.0,456.0,472.0,504.0,516.0,519.0,525.0,531.0,543.0,544.0,544.0,548.0,554.0,554.0,556.0,560.0,560.0,565.0,566.0,566.0,567.0,574.0,583.0,586.0,588.0,593.0,600.0,612.0,614.0,614.0,617.0,627.0,637.0,644.0,650.0,664.0,667.0,675.0,690.0,690.0,691.0,700.0,714.0,716.0,729.0,733.0,750.0,751.0,773.0,780.0,780.0,800.0,802.0,810.0,815.0,823.0,828.0,833.0,841.0,864.0,866.0,868.0,872.0,884.0,912.0,913.0,945.0,958.0,967.0,993.0,
2.0,87.0,88.0,97.0,144.0,150.0,187.0,233.0,276.0,352.0,403.0,423.0,428.0,439.0,448.0,459.0,473.0,491.0,508.0,510.0,517.0,518.0,529.0,536.0,554.0,561.0,564.0,574.0,575.0,577.0,583.0,589.0,620.0,621.0,622.0,632.0,632.0,638.0,644.0,652.0,655.0,657.0,661.0,677.0,706.0,707.0,721.0,726.0,771.0,792.0,811.0,820.0,826.0,827.0,830.0,876.0,885.0,907.0,911.0,951.0,955.0,960.0,989.0,
11.0,23.0,29.0,77.0,80.0,168.0,180.0,218.0,242.0,243.0,258.0,262.0,263.0,264.0,273.0,277.0,348.0,358.0,411.0,418.0,435.0,438.0,447.0,489.0,506.0,515.0,523.0,538.0,543.0,547.0,554.0,554.0,557.0,568.0,570.0,572.0,588.0,592.0,593.0,596.0,659.0,660.0,663.0,684.0,699.0,705.0,727.0,735.0,739.0,760.0,770.0,774.0,789.0,791.0,813.0,815.0,838.0,853.0,859.0,865.0,868.0,895.0,901.0,906.0,909.0,913.0,919.0,944.0,983.0,983.0,985.0,990.0,
13.0,36.0,39.0,86.0,131.0,137.0,163.0,170.0,213.0,282.0,288.0,370.0,384.0,444.0,463.0,495.0,498.0,513.0,529.0,529.0,534.0,542.0,543.0,549.0,551.0,554.0,561.0,562.0,563.0,565.0,567.0,579.0,581.0,593.0,593.0,594.0,596.0,597.0,601.0,603.0,607.0,620.0,634.0,635.0,638.0,644.0,646.0,657.0,659.0,659.0,664.0,667.0,690.0,691.0,694.0,703.0,735.0,755.0,757.0,762.0,770.0,772.0,772.0,790.0,795.0,798.0,807.0,811.0,848.0,866.0,868.0,874.0,886.0,890.0,897.0,907.0,911.0,933.0,939.0,956.0,
10.0,28.0,32.0,61.0,63.0,73.0,119.0,135.0,137.0,153.0,164.0,199.0,214.0,263.0,276.0,315.0,320.0,328.0,335.0,341.0,384.0,399.0,399.0,460.0,498.0,525.0,561.0,570.0,580.0,586.0,587.0,596.0,604.0,607.0,613.0,615.0,648.0,689.0,802.0,820.0,834.0,849.0,1000.0,
3.0,23.0,46.0,74.0,91.0,100.0,110.0,136.0,149.0,209.0,229.0,236.0,275.0,288.0,288.0,298.0,316.0,320.0,377.0,472.0,476.0,483.0,530.0,535.0,551.0,585.0,638.0,665.0,715.0,717.0,828.0,876.0,918.0,919.0,960.0,
92.0,102.0,108.0,130.0,147.0,223.0,225.0,234.0,283.0,311.0,339.0,347.0,359.0,370.0,417.0,447.0,470.0,486.0,514.0,516.0,518.0,532.0,623.0,627.0,659.0,663.0,673.0,680.0,752.0,779.0,835.0,838.0,896.0,907.0,947.0,
20.0,29.0,30.0,30.0,66.0,111.0,123.0,146.0,147.0,201.0,233.0,261.0,288.0,297.0,298.0,301.0,352.0,360.0,393.0,442.0,464.0,579.0,615.0,616.0,641.0,677.0,702.0,831.0,865.0,865.0,872.0,874.0,893.0,943.0,960.0,
21.0,24.0,34.0,49.0,67.0,116.0,145.0,183.0,191.0,292.0,301.0,316.0,355.0,400.0,401.0,467.0,472.0,482.0,526.0,527.0,529.0,546.0,556.0,567.0,569.0,583.0,601.0,629.0,641.0,664.0,691.0,732.0,815.0,816.0,823.0,866.0,873.0,937.0,940.0,945.0,963.0,993.0,999.0,999.0,
36.0,41.0,57.0,89.0,107.0,118.0,122.0,149.0,233.0,286.0,345.0,346.0,348.0,350.0,351.0,387.0,515.0,526.0,529.0,538.0,538.0,538.0,540.0,543.0,543.0,548.0,550.0,557.0,563.0,570.0,571.0,575.0,588.0,589.0,598.0,598.0,611.0,615.0,630.0,634.0,636.0,639.0,640.0,640.0,642.0,655.0,660.0,669.0,709.0,710.0,717.0,722.0,723.0,740.0,771.0,787.0,789.0,790.0,803.0,824.0,862.0,889.0,893.0,932.0,949.0,956.0,978.0,991.0,
7.0,21.0,29.0,47.0,87.0,108.0,189.0,200.0,248.0,289.0,297.0,321.0,371.0,418.0,420.0,425.0,426.0,438.0,473.0,496.0,523.0,531.0,537.0,538.0,540.0,541.0,561.0,563.0,565.0,565.0,566.0,566.0,566.0,569.0,574.0,581.0,596.0,608.0,625.0,643.0,658.0,658.0,660.0,678.0,684.0,685.0,691.0,695.0,770.0,826.0,846.0,881.0,890.0,897.0,902.0,903.0,910.0,951.0,959.0,992.0,
36.0,84.0,98.0,116.0,132.0,145.0,170.0,176.0,185.0,196.0,225.0,248.0,276.0,312.0,325.0,325.0,445.0,455.0,458.0,469.0,512.0,521.0,526.0,533.0,535.0,536.0,580.0,581.0,588.0,596.0,597.0,607.0,618.0,638.0,640.0,647.0,654.0,655.0,674.0,692.0,695.0,719.0,739.0,740.0,748.0,750.0,791.0,794.0,801.0,833.0,838.0,848.0,862.0,868.0,929.0,942.0,947.0,954.0,
34.0,110.0,191.0,194.0,206.0,208.0,220.0,266.0,285.0,321.0,336.0,453.0,475.0,490.0,493.0,525.0,528.0,536.0,539.0,542.0,543.0,545.0,552.0,554.0,558.0,561.0,565.0,567.0,568.0,572.0,582.0,588.0,588.0,590.0,593.0,601.0,606.0,614.0,615.0,627.0,632.0,636.0,644.0,649.0,656.0,664.0,675.0,697.0,705.0,734.0,736.0,742.0,751.0,753.0,775.0,816.0,838.0,859.0,870.0,872.0,877.0,879.0,881.0,899.0,900.0,909.0,942.0,949.0,971.0,
21.0,95.0,112.0,118.0,131.0,193.0,198.0,245.0,288.0,303.0,308.0,335.0,429.0,431.0,451.0,466.0,492.0,517.0,520.0,528.0,529.0,532.0,533.0,550.0,556.0,559.0,616.0,618.0,626.0,629.0,629.0,638.0,657.0,667.0,668.0,669.0,676.0,678.0,694.0,698.0,707.0,711.0,725.0,736.0,752.0,759.0,759.0,764.0,778.0,783.0,786.0,842.0,867.0,881.0,884.0,947.0,962.0,964.0,985.0,
60.0,76.0,84.0,101.0,104.0,112.0,114.0,206.0,223.0,230.0,238.0,253.0,254.0,262.0,272.0,341.0,349.0,378.0,392.0,436.0,484.0,493.0,518.0,518.0,532.0,538.0,542.0,547.0,554.0,570.0,570.0,574.0,580.0,598.0,598.0,604.0,621.0,638.0,642.0,643.0,650.0,663.0,671.0,673.0,677.0,678.0,687.0,702.0,706.0,725.0,730.0,733.0,738.0,742.0,750.0,780.0,830.0,855.0,866.0,919.0,924.0,924.0,932.0,961.0,988.0,
37.0,46.0,68.0,82.0,84.0,96.0,137.0,192.0,226.0,283.0,290.0,326.0,366.0,458.0,502.0,510.0,522.0,524.0,526.0,593.0,614.0,670.0,823.0,834.0,835.0,865.0,885.0,893.0,948.0,963.0,969.0,
59.0,107.0,144.0,145.0,186.0,209.0,226.0,242.0,248.0,281.0,330.0,391.0,471.0,494.0,535.0,592.0,597.0,614.0,809.0,815.0,822.0,823.0,875.0,
18.0,93.0,105.0,110.0,111.0,151.0,176.0,214.0,249.0,260.0,275.0,298.0,428.0,461.0,501.0,507.0,517.0,525.0,555.0,683.0,683.0,755.0,829.0,858.0,870.0,888.0,955.0,
41.0,47.0,84.0,140.0,223.0,244.0,262.0,297.0,307.0,309.0,310.0,328.0,339.0,353.0,362.0,367.0,386.0,400.0,438.0,459.0,493.0,510.0,512.0,527.0,539.0,542.0,581.0,584.0,603.0,606.0,616.0,627.0,651.0,652.0,666.0,730.0,759.0,813.0,818.0,852.0,865.0,869.0,894.0,917.0,
35.0,159.0,179.0,203.0,205.0,232.0,237.0,287.0,319.0,343.0,348.0,353.0,357.0,362.0,385.0,473.0,492.0,525.0,526.0,531.0,531.0,535.0,539.0,540.0,545.0,549.0,549.0,557.0,559.0,571.0,575.0,585.0,586.0,587.0,603.0,607.0,613.0,618.0,621.0,624.0,638.0,640.0,652.0,690.0,709.0,712.0,724.0,740.0,745.0,763.0,766.0,781.0,793.0,797.0,809.0,814.0,819.0,834.0,845.0,862.0,867.0,870.0,883.0,887.0,890.0,912.0,918.0,937.0,946.0,946.0,951.0,957.0,959.0,971.0,980.0,982.0,985.0,995.0,
12.0,99.0,132.0,148.0,159.0,167.0,180.0,210.0,222.0,228.0,232.0,331.0,342.0,344.0,411.0,413.0,417.0,476.0,509.0,523.0,528.0,541.0,543.0,543.0,554.0,565.0,570.0,570.0,575.0,593.0,593.0,596.0,602.0,603.0,606.0,610.0,619.0,624.0,628.0,631.0,647.0,647.0,662.0,672.0,710.0,718.0,723.0,731.0,758.0,770.0,784.0,808.0,834.0,851.0,854.0,855.0,871.0,879.0,884.0,901.0,905.0,909.0,916.0,975.0,977.0,989.0,993.0,
8.0,46.0,46.0,50.0,67.0,78.0,87.0,110.0,189.0,252.0,292.0,369.0,379.0,385.0,462.0,463.0,471.0,487.0,509.0,513.0,525.0,530.0,539.0,540.0,547.0,559.0,560.0,560.0,564.0,570.0,570.0,573.0,583.0,603.0,604.0,608.0,613.0,620.0,622.0,622.0,622.0,633.0,635.0,665.0,666.0,673.0,686.0,690.0,692.0,696.0,716.0,722.0,774.0,831.0,915.0,936.0,
15.0,62.0,108.0,112.0,132.0,151.0,172.0,235.0,253.0,280.0,309.0,312.0,330.0,362.0,368.0,373.0,378.0,387.0,464.0,493.0,515.0,531.0,532.0,532.0,535.0,537.0,538.0,541.0,545.0,545.0,546.0,547.0,548.0,549.0,553.0,553.0,554.0,565.0,568.0,586.0,590.0,593.0,595.0,601.0,635.0,639.0,668.0,670.0,679.0,700.0,708.0,717.0,728.0,745.0,760.0,761.0,782.0,803.0,839.0,843.0,843.0,904.0,920.0,921.0,928.0,942.0,945.0,949.0,
24.0,30.0,32.0,71.0,74.0,95.0,105.0,196.0,196.0,203.0,213.0,213.0,216.0,226.0,237.0,250.0,250.0,255.0,269.0,281.0,314.0,315.0,334.0,359.0,362.0,366.0,369.0,378.0,398.0,399.0,401.0,405.0,433.0,469.0,475.0,489.0,515.0,517.0,524.0,525.0,527.0,533.0,533.0,535.0,544.0,546.0,551.0,555.0,566.0,568.0,574.0,579.0,584.0,586.0,589.0,597.0,605.0,615.0,624.0,627.0,638.0,641.0,659.0,682.0,696.0,704.0,706.0,720.0,730.0,739.0,759.0,797.0,807.0,811.0,824.0,842.0,854.0,862.0,874.0,877.0,895.0,902.0,906.0,909.0,913.0,914.0,929.0,931.0,950.0,974.0,
16.0,39.0,56.0,57.0,72.0,73.0,87.0,197.0,199.0,232.0,366.0,384.0,454.0,455.0,479.0,501.0,531.0,560.0,562.0,583.0,585.0,588.0,591.0,611.0,614.0,632.0,643.0,670.0,685.0,695.0,695.0,761.0,793.0,800.0,840.0,854.0,875.0,968.0,972.0,987.0,
15.0,23.0,65.0,127.0,145.0,167.0,232.0,288.0,325.0,390.0,449.0,457.0,476.0,487.0,505.0,509.0,548.0,588.0,594.0,599.0,712.0,786.0,888.0,914.0,974.0,
23.0,43.0,64.0,133.0,149.0,175.0,181.0,231.0,236.0,259.0,259.0,262.0,272.0,297.0,313.0,345.0,396.0,401.0,418.0,430.0,436.0,446.0,494.0,511.0,546.0,586.0,595.0,606.0,612.0,641.0,767.0,770.0,778.0,889.0,902.0,957.0,966.0,
59.0,97.0,118.0,122.0,131.0,176.0,197.0,230.0,244.0,264.0,300.0,327.0,370.0,401.0,481.0,576.0,605.0,610.0,614.0,641.0,663.0,696.0,742.0,787.0,796.0,900.0,954.0,955.0,962.0,
12.0,13.0,77.0,83.0,117.0,135.0,169.0,226.0,227.0,246.0,326.0,355.0,411.0,436.0,520.0,525.0,537.0,555.0,588.0,595.0,621.0,691.0,807.0,841.0,907.0,
5.0,49.0,59.0,82.0,118.0,137.0,226.0,246.0,265.0,318.0,343.0,355.0,389.0,414.0,424.0,462.0,535.0,537.0,537.0,547.0,549.0,552.0,553.0,556.0,557.0,561.0,562.0,567.0,570.0,574.0,575.0,580.0,584.0,590.0,590.0,612.0,632.0,633.0,641.0,687.0,699.0,722.0,770.0,775.0,776.0,817.0,841.0,850.0,850.0,866.0,883.0,886.0,893.0,921.0,930.0,982.0,993.0,1000.0,1000.0,
16.0,20.0,34.0,61.0,117.0,122.0,139.0,146.0,164.0,182.0,202.0,243.0,282.0,291.0,325.0,390.0,396.0,496.0,509.0,510.0,518.0,520.0,529.0,539.0,539.0,539.0,540.0,540.0,541.0,543.0,545.0,553.0,560.0,564.0,572.0,578.0,578.0,579.0,589.0,593.0,593.0,611.0,615.0,620.0,633.0,637.0,656.0,656.0,661.0,673.0,675.0,690.0,692.0,713.0,720.0,734.0,736.0,740.0,751.0,753.0,771.0,835.0,851.0,861.0,876.0,878.0,899.0,900.0,948.0,954.0,957.0,959.0,968.0,968.0,970.0,987.0,989.0,
6.0,52.0,54.0,69.0,71.0,89.0,125.0,185.0,241.0,242.0,249.0,252.0,254.0,256.0,273.0,287.0,300.0,333.0,356.0,368.0,396.0,401.0,430.0,457.0,458.0,460.0,525.0,526.0,527.0,527.0,533.0,544.0,544.0,561.0,563.0,564.0,570.0,583.0,586.0,610.0,612.0,614.0,615.0,625.0,639.0,645.0,651.0,655.0,655.0,664.0,672.0,676.0,679.0,680.0,718.0,750.0,763.0,769.0,771.0,774.0,782.0,785.0,804.0,810.0,812.0,826.0,849.0,866.0,869.0,870.0,879.0,885.0,910.0,911.0,912.0,913.0,926.0,931.0,959.0,962.0,
13.0,39.0,54.0,75.0,82.0,97.0,111.0,112.0,118.0,121.0,142.0,146.0,152.0,190.0,195.0,227.0,240.0,240.0,247.0,296.0,303.0,305.0,339.0,348.0,394.0,408.0,432.0,436.0,459.0,478.0,497.0,521.0,523.0,528.0,533.0,534.0,548.0,549.0,549.0,551.0,551.0,554.0,564.0,570.0,570.0,572.0,578.0,580.0,602.0,606.0,610.0,612.0,626.0,628.0,639.0,641.0,669.0,672.0,715.0,717.0,743.0,752.0,764.0,771.0,775.0,803.0,838.0,869.0,878.0,882.0,886.0,911.0,922.0,926.0,932.0,961.0,979.0,984.0,996.0,
10.0,53.0,70.0,71.0,82.0,98.0,112.0,193.0,223.0,249.0,321.0,402.0,426.0,433.0,454.0,458.0,466.0,468.0,517.0,526.0,527.0,537.0,537.0,541.0,541.0,561.0,566.0,572.0,574.0,635.0,641.0,656.0,676.0,705.0,706.0,721.0,725.0,727.0,731.0,747.0,762.0,762.0,765.0,768.0,777.0,783.0,800.0,815.0,886.0,893.0,895.0,895.0,901.0,904.0,921.0,951.0,976.0,979.0,996.0,
42.0,57.0,68.0,87.0,102.0,158.0,159.0,168.0,174.0,215.0,268.0,303.0,362.0,401.0,454.0,471.0,510.0,549.0,567.0,570.0,608.0,618.0,644.0,652.0,658.0,726.0,751.0,765.0,789.0,807.0,812.0,835.0,908.0,975.0,
2.0,33.0,59.0,93.0,191.0,208.0,229.0,240.0,257.0,261.0,373.0,504.0,510.0,527.0,534.0,551.0,556.0,565.0,565.0,664.0,736.0,772.0,774.0,774.0,781.0,839.0,842.0,861.0,916.0,918.0,928.0,936.0,944.0,
20.0,36.0,41.0,51.0,64.0,65.0,68.0,92.0,103.0,108.0,126.0,177.0,196.0,199.0,219.0,257.0,295.0,316.0,346.0,394.0,501.0,519.0,547.0,557.0,560.0,565.0,578.0,597.0,740.0,791.0,822.0,853.0,863.0,
11.0,54.0,69.0,76.0,109.0,117.0,161.0,194.0,206.0,206.0,246.0,247.0,293.0,305.0,322.0,330.0,349.0,369.0,381.0,416.0,444.0,462.0,470.0,526.0,540.0,543.0,594.0,596.0,623.0,648.0,672.0,674.0,719.0,755.0,765.0,782.0,900.0,906.0,950.0,992.0,
19.0,37.0,120.0,150.0,165.0,176.0,198.0,204.0,265.0,268.0,290.0,304.0,326.0,413.0,436.0,443.0,459.0,474.0,489.0,605.0,683.0,700.0,763.0,848.0,894.0,919.0,940.0,976.0,978.0,984.0,
3.0,19.0,29.0,48.0,57.0,89.0,100.0,117.0,122.0,168.0,177.0,268.0,292.0,303.0,350.0,361.0,393.0,396.0,414.0,425.0,428.0,432.0,452.0,453.0,454.0,507.0,515.0,562.0,572.0,719.0,752.0,763.0,797.0,828.0,832.0,850.0,852.0,881.0,895.0,937.0,994.0,
34.0,59.0,63.0,64.0,73.0,79.0,92.0,126.0,130.0,145.0,145.0,180.0,209.0,235.0,238.0,243.0,248.0,374.0,397.0,400.0,415.0,457.0,521.0,525.0,554.0,558.0,569.0,578.0,609.0,623.0,643.0,663.0,736.0,787.0,
71.0,91.0,151.0,208.0,240.0,243.0,333.0,343.0,377.0,423.0,431.0,452.0,469.0,469.0,476.0,491.0,512.0,512.0,541.0,542.0,544.0,547.0,578.0,594.0,618.0,619.0,655.0,664.0,673.0,676.0,683.0,710.0,719.0,747.0,820.0,824.0,829.0,852.0,903.0,908.0,956.0,956.0,
20.0,26.0,60.0,183.0,189.0,203.0,301.0,314.0,321.0,337.0,454.0,497.0,497.0,511.0,514.0,516.0,517.0,520.0,524.0,524.0,530.0,539.0,545.0,547.0,578.0,591.0,601.0,657.0,691.0,698.0,798.0,835.0,848.0,887.0,891.0,923.0,931.0,935.0,959.0,
43.0,58.0,68.0,129.0,130.0,152.0,160.0,165.0,177.0,192.0,202.0,223.0,241.0,246.0,253.0,279.0,309.0,416.0,426.0,455.0,460.0,460.0,463.0,466.0,473.0,476.0,519.0,537.0,541.0,627.0,631.0,653.0,692.0,782.0,815.0,825.0,846.0,856.0,936.0,
50.0,66.0,70.0,90.0,121.0,124.0,137.0,150.0,181.0,193.0,213.0,222.0,277.0,310.0,320.0,335.0,369.0,423.0,436.0,443.0,486.0,582.0,592.0,618.0,666.0,671.0,712.0,716.0,720.0,723.0,725.0,730.0,740.0,763.0,799.0,811.0,814.0,815.0,839.0,853.0,856.0,868.0,916.0,944.0,972.0,996.0,
33.0,37.0,45.0,95.0,101.0,195.0,206.0,206.0,207.0,231.0,236.0,249.0,262.0,282.0,301.0,302.0,316.0,330.0,380.0,427.0,456.0,464.0,481.0,506.0,538.0,558.0,567.0,576.0,603.0,652.0,654.0,736.0,740.0,757.0,762.0,774.0,800.0,826.0,853.0,853.0,860.0,866.0,888.0,990.0,
13.0,46.0,49.0,71.0,125.0,138.0,140.0,155.0,163.0,175.0,260.0,297.0,305.0,305.0,356.0,360.0,392.0,409.0,414.0,427.0,453.0,510.0,513.0,536.0,552.0,578.0,650.0,652.0,652.0,665.0,746.0,795.0,817.0,848.0,855.0,884.0,954.0,976.0,988.0,992.0,994.0,997.0,
13.0,27.0,30.0,104.0,111.0,112.0,166.0,167.0,176.0,283.0,318.0,330.0,367.0,369.0,399.0,401.0,418.0,436.0,449.0,451.0,454.0,499.0,589.0,589.0,589.0,618.0,626.0,637.0,696.0,820.0,834.0,852.0,862.0,912.0,950.0,973.0,
33.0,42.0,46.0,52.0,57.0,75.0,80.0,112.0,127.0,233.0,250.0,266.0,269.0,278.0,290.0,291.0,302.0,329.0,346.0,385.0,391.0,404.0,433.0,447.0,474.0,500.0,502.0,511.0,542.0,562.0,580.0,678.0,689.0,731.0,786.0,826.0,856.0,923.0,925.0,927.0,929.0,950.0,956.0,
35.0,124.0,135.0,152.0,164.0,169.0,178.0,268.0,305.0,320.0,332.0,340.0,378.0,411.0,442.0,567.0,579.0,580.0,592.0,633.0,648.0,716.0,720.0,837.0,882.0,905.0,916.0,931.0,935.0,950.0,1000.0,
9.0,67.0,74.0,85.0,90.0,190.0,198.0,217.0,245.0,283.0,284.0,289.0,337.0,366.0,369.0,391.0,412.0,423.0,427.0,453.0,508.0,535.0,552.0,606.0,631.0,759.0,769.0,782.0,803.0,819.0,882.0,912.0,990.0,
44.0,60.0,71.0,78.0,158.0,165.0,170.0,178.0,193.0,195.0,215.0,223.0,259.0,261.0,271.0,294.0,298.0,332.0,347.0,362.0,365.0,394.0,457.0,495.0,496.0,520.0,550.0,584.0,603.0,637.0,649.0,697.0,697.0,712.0,755.0,775.0,780.0,815.0,827.0,858.0,957.0,998.0,
29.0,49.0,57.0,86.0,122.0,152.0,158.0,165.0,175.0,207.0,209.0,376.0,398.0,408.0,473.0,551.0,568.0,586.0,609.0,647.0,667.0,715.0,736.0,804.0,811.0,817.0,821.0,829.0,866.0,967.0,973.0,992.0,
3.0,145.0,153.0,153.0,155.0,171.0,245.0,254.0,293.0,294.0,356.0,371.0,375.0,385.0,413.0,441.0,450.0,509.0,509.0,516.0,540.0,542.0,562.0,571.0,615.0,672.0,675.0,703.0,729.0,729.0,744.0,821.0,825.0,837.0,846.0,904.0,933.0,948.0,951.0,
32.0,68.0,123.0,128.0,139.0,176.0,186.0,202.0,203.0,210.0,292.0,306.0,310.0,327.0,465.0,471.0,502.0,507.0,556.0,581.0,616.0,623.0,664.0,687.0,716.0,728.0,767.0,788.0,900.0,908.0,930.0,1000.0,
33.0,112.0,114.0,146.0,148.0,193.0,217.0,240.0,240.0,255.0,365.0,462.0,465.0,475.0,541.0,586.0,614.0,614.0,619.0,697.0,758.0,791.0,805.0,808.0,824.0,839.0,904.0,939.0,945.0,969.0,995.0,
