8.0,9.0,49.0,77.0,106.0,130.0,154.0,180.0,190.0,235.0,238.0,247.0,265.0,269.0,270.0,325.0,357.0,367.0,405.0,482.0,483.0,575.0,604.0,604.0,611.0,641.0,674.0,688.0,722.0,804.0,816.0,828.0,836.0,921.0,936.0,968.0,
71.0,74.0,134.0,145.0,187.0,197.0,217.0,218.0,235.0,245.0,273.0,300.0,312.0,365.0,376.0,418.0,440.0,446.0,516.0,535.0,548.0,552.0,563.0,564.0,603.0,610.0,614.0,623.0,670.0,687.0,753.0,765.0,776.0,787.0,789.0,894.0,
32.0,120.0,138.0,145.0,161.0,166.0,198.0,199.0,246.0,274.0,305.0,309.0,358.0,363.0,396.0,396.0,400.0,415.0,425.0,427.0,450.0,510.0,528.0,539.0,586.0,623.0,625.0,702.0,764.0,786.0,797.0,907.0,923.0,
5.0,52.0,56.0,75.0,89.0,169.0,218.0,278.0,299.0,414.0,435.0,457.0,479.0,506.0,526.0,551.0,563.0,602.0,609.0,616.0,654.0,665.0,673.0,676.0,727.0,796.0,842.0,843.0,845.0,885.0,901.0,930.0,979.0,
24.0,29.0,48.0,101.0,112.0,131.0,136.0,145.0,146.0,244.0,274.0,276.0,293.0,323.0,326.0,333.0,350.0,366.0,376.0,402.0,408.0,408.0,482.0,502.0,503.0,509.0,571.0,578.0,582.0,626.0,680.0,685.0,707.0,751.0,759.0,784.0,791.0,793.0,824.0,922.0,924.0,966.0,986.0,
33.0,78.0,82.0,90.0,98.0,192.0,198.0,208.0,228.0,260.0,286.0,303.0,311.0,330.0,335.0,418.0,446.0,464.0,489.0,532.0,632.0,739.0,750.0,821.0,842.0,894.0,918.0,923.0,982.0,
25.0,32.0,36.0,43.0,50.0,64.0,82.0,83.0,98.0,99.0,130.0,142.0,157.0,159.0,165.0,194.0,224.0,252.0,291.0,371.0,374.0,397.0,398.0,400.0,560.0,568.0,569.0,618.0,621.0,639.0,655.0,658.0,729.0,747.0,787.0,801.0,851.0,857.0,859.0,863.0,890.0,911.0,920.0,970.0,980.0,1000.0,
11.0,15.0,17.0,48.0,61.0,86.0,135.0,173.0,194.0,197.0,197.0,204.0,212.0,230.0,254.0,259.0,261.0,291.0,291.0,294.0,394.0,404.0,554.0,614.0,659.0,694.0,709.0,762.0,782.0,794.0,796.0,823.0,853.0,915.0,965.0,974.0,986.0,994.0,996.0,
29.0,158.0,180.0,213.0,226.0,307.0,420.0,447.0,454.0,468.0,481.0,512.0,529.0,536.0,545.0,588.0,616.0,625.0,662.0,679.0,687.0,702.0,726.0,733.0,742.0,770.0,782.0,803.0,936.0,972.0,981.0,
32.0,55.0,60.0,102.0,128.0,151.0,156.0,164.0,173.0,191.0,232.0,249.0,276.0,279.0,312.0,328.0,422.0,478.0,515.0,562.0,568.0,594.0,654.0,735.0,764.0,773.0,788.0,789.0,797.0,852.0,877.0,881.0,913.0,929.0,977.0,999.0,
76.0,78.0,134.0,166.0,216.0,300.0,314.0,385.0,395.0,416.0,431.0,456.0,458.0,473.0,498.0,503.0,509.0,514.0,532.0,545.0,566.0,581.0,581.0,590.0,596.0,621.0,671.0,708.0,718.0,800.0,802.0,837.0,852.0,867.0,879.0,890.0,903.0,918.0,919.0,942.0,962.0,979.0,993.0,
38.0,72.0,123.0,156.0,180.0,208.0,230.0,299.0,303.0,317.0,369.0,401.0,422.0,452.0,458.0,486.0,500.0,510.0,513.0,523.0,574.0,614.0,641.0,642.0,692.0,713.0,733.0,764.0,783.0,783.0,798.0,814.0,843.0,866.0,877.0,880.0,899.0,923.0,951.0,965.0,993.0,996.0,
43.0,50.0,59.0,93.0,119.0,132.0,174.0,208.0,221.0,262.0,278.0,286.0,287.0,290.0,292.0,450.0,554.0,575.0,600.0,607.0,612.0,646.0,713.0,721.0,742.0,805.0,810.0,814.0,823.0,828.0,850.0,923.0,
25.0,95.0,142.0,150.0,160.0,182.0,211.0,248.0,267.0,282.0,298.0,324.0,339.0,343.0,362.0,437.0,480.0,490.0,505.0,512.0,531.0,540.0,586.0,642.0,674.0,709.0,741.0,749.0,751.0,769.0,782.0,823.0,852.0,911.0,918.0,933.0,936.0,958.0,994.0,
7.0,17.0,31.0,50.0,72.0,76.0,84.0,117.0,133.0,171.0,176.0,233.0,238.0,257.0,282.0,349.0,352.0,359.0,382.0,424.0,425.0,455.0,574.0,632.0,673.0,675.0,710.0,718.0,776.0,787.0,792.0,826.0,853.0,947.0,984.0,
35.0,73.0,104.0,111.0,168.0,199.0,212.0,326.0,346.0,379.0,385.0,405.0,486.0,537.0,543.0,546.0,581.0,634.0,642.0,646.0,648.0,648.0,690.0,710.0,761.0,774.0,796.0,867.0,897.0,959.0,
2.0,24.0,48.0,98.0,127.0,173.0,203.0,204.0,222.0,225.0,225.0,229.0,295.0,312.0,354.0,363.0,366.0,369.0,399.0,461.0,531.0,534.0,591.0,611.0,651.0,657.0,680.0,700.0,720.0,772.0,838.0,847.0,875.0,938.0,944.0,958.0,972.0,
21.0,26.0,63.0,75.0,98.0,104.0,104.0,155.0,166.0,178.0,179.0,184.0,200.0,222.0,223.0,238.0,280.0,337.0,362.0,403.0,490.0,524.0,539.0,622.0,664.0,681.0,698.0,722.0,732.0,802.0,825.0,838.0,861.0,905.0,953.0,990.0,
5.0,12.0,22.0,119.0,120.0,143.0,148.0,180.0,185.0,256.0,290.0,308.0,310.0,340.0,361.0,374.0,392.0,394.0,403.0,411.0,506.0,538.0,545.0,605.0,676.0,708.0,758.0,827.0,831.0,832.0,887.0,
46.0,77.0,88.0,102.0,125.0,183.0,199.0,224.0,239.0,247.0,321.0,332.0,355.0,360.0,368.0,389.0,470.0,498.0,537.0,653.0,709.0,744.0,757.0,765.0,797.0,806.0,844.0,855.0,867.0,891.0,928.0,942.0,965.0,982.0,
39.0,63.0,71.0,97.0,123.0,150.0,165.0,187.0,196.0,212.0,215.0,303.0,312.0,340.0,364.0,366.0,394.0,406.0,438.0,440.0,445.0,565.0,579.0,622.0,709.0,713.0,758.0,763.0,765.0,772.0,790.0,925.0,953.0,967.0,968.0,974.0,976.0,996.0,
75.0,146.0,152.0,152.0,159.0,198.0,215.0,227.0,256.0,310.0,351.0,532.0,540.0,548.0,586.0,616.0,622.0,625.0,699.0,699.0,723.0,741.0,782.0,799.0,805.0,864.0,869.0,881.0,897.0,903.0,903.0,906.0,914.0,922.0,930.0,951.0,
12.0,19.0,28.0,99.0,99.0,102.0,107.0,131.0,212.0,260.0,281.0,286.0,335.0,336.0,337.0,370.0,386.0,387.0,448.0,538.0,603.0,624.0,665.0,686.0,690.0,700.0,726.0,736.0,747.0,776.0,797.0,848.0,921.0,949.0,
5.0,81.0,98.0,104.0,126.0,250.0,264.0,269.0,270.0,272.0,359.0,405.0,430.0,452.0,500.0,558.0,598.0,675.0,751.0,768.0,796.0,800.0,842.0,901.0,927.0,932.0,943.0,
6.0,19.0,116.0,142.0,147.0,209.0,210.0,314.0,368.0,373.0,434.0,444.0,448.0,463.0,552.0,605.0,608.0,608.0,643.0,691.0,695.0,732.0,769.0,793.0,806.0,815.0,829.0,888.0,910.0,1000.0,
62.0,91.0,108.0,133.0,138.0,163.0,197.0,211.0,246.0,260.0,283.0,287.0,325.0,336.0,358.0,366.0,378.0,412.0,416.0,442.0,469.0,500.0,509.0,528.0,544.0,563.0,601.0,623.0,655.0,697.0,762.0,771.0,790.0,809.0,825.0,834.0,851.0,876.0,915.0,931.0,976.0,983.0,985.0,999.0,
8.0,14.0,43.0,64.0,96.0,226.0,279.0,453.0,536.0,553.0,568.0,644.0,655.0,677.0,707.0,738.0,739.0,755.0,773.0,774.0,782.0,793.0,801.0,805.0,844.0,892.0,954.0,963.0,
69.0,78.0,82.0,125.0,156.0,228.0,231.0,251.0,292.0,333.0,361.0,422.0,459.0,473.0,527.0,535.0,543.0,545.0,550.0,553.0,655.0,684.0,714.0,781.0,829.0,859.0,865.0,896.0,922.0,934.0,950.0,961.0,
28.0,31.0,41.0,46.0,95.0,148.0,180.0,211.0,232.0,236.0,247.0,293.0,301.0,318.0,326.0,376.0,403.0,413.0,429.0,471.0,527.0,561.0,569.0,600.0,619.0,636.0,652.0,657.0,658.0,672.0,698.0,713.0,715.0,735.0,739.0,759.0,770.0,789.0,832.0,837.0,844.0,857.0,901.0,925.0,992.0,995.0,
26.0,49.0,52.0,74.0,86.0,113.0,132.0,153.0,154.0,167.0,181.0,196.0,263.0,298.0,300.0,321.0,345.0,383.0,394.0,394.0,406.0,418.0,495.0,495.0,541.0,551.0,557.0,635.0,688.0,691.0,698.0,707.0,763.0,821.0,840.0,885.0,888.0,936.0,950.0,950.0,954.0,976.0,1000.0,
25.0,26.0,42.0,46.0,51.0,102.0,112.0,150.0,208.0,218.0,237.0,250.0,259.0,274.0,277.0,283.0,286.0,320.0,369.0,374.0,403.0,457.0,468.0,477.0,565.0,616.0,711.0,730.0,737.0,748.0,751.0,777.0,816.0,843.0,871.0,901.0,926.0,952.0,967.0,969.0,981.0,
11.0,23.0,40.0,79.0,118.0,120.0,125.0,172.0,192.0,221.0,228.0,245.0,246.0,246.0,261.0,308.0,384.0,387.0,421.0,560.0,631.0,641.0,649.0,655.0,700.0,708.0,717.0,740.0,745.0,766.0,771.0,785.0,795.0,798.0,819.0,855.0,902.0,920.0,929.0,943.0,944.0,998.0,
24.0,67.0,72.0,110.0,124.0,149.0,152.0,153.0,164.0,164.0,171.0,198.0,242.0,294.0,352.0,367.0,378.0,381.0,428.0,450.0,464.0,512.0,522.0,529.0,540.0,649.0,676.0,694.0,715.0,752.0,759.0,802.0,817.0,821.0,834.0,853.0,882.0,945.0,987.0,
13.0,38.0,56.0,59.0,66.0,79.0,153.0,167.0,177.0,183.0,191.0,203.0,216.0,235.0,255.0,301.0,346.0,355.0,357.0,403.0,406.0,498.0,518.0,573.0,611.0,616.0,640.0,670.0,687.0,718.0,750.0,758.0,759.0,806.0,821.0,832.0,857.0,860.0,889.0,
11.0,28.0,30.0,40.0,59.0,89.0,96.0,125.0,200.0,205.0,222.0,228.0,229.0,235.0,241.0,280.0,306.0,328.0,331.0,341.0,345.0,369.0,382.0,397.0,401.0,492.0,515.0,533.0,552.0,572.0,591.0,602.0,649.0,658.0,674.0,676.0,705.0,723.0,734.0,736.0,745.0,803.0,839.0,867.0,876.0,896.0,962.0,
14.0,67.0,79.0,85.0,103.0,128.0,164.0,176.0,191.0,197.0,205.0,208.0,217.0,228.0,234.0,325.0,346.0,350.0,449.0,456.0,489.0,525.0,544.0,572.0,578.0,589.0,601.0,635.0,644.0,674.0,707.0,735.0,760.0,801.0,919.0,949.0,982.0,
121.0,171.0,263.0,282.0,296.0,297.0,334.0,385.0,387.0,393.0,399.0,419.0,441.0,457.0,478.0,492.0,499.0,553.0,616.0,618.0,619.0,627.0,663.0,674.0,679.0,682.0,693.0,741.0,757.0,770.0,796.0,848.0,900.0,920.0,925.0,963.0,969.0,
48.0,57.0,85.0,93.0,137.0,161.0,211.0,243.0,248.0,248.0,271.0,341.0,401.0,448.0,503.0,615.0,626.0,704.0,787.0,794.0,850.0,869.0,903.0,937.0,986.0,
11.0,22.0,59.0,68.0,85.0,103.0,112.0,118.0,177.0,182.0,193.0,204.0,212.0,274.0,296.0,308.0,366.0,378.0,406.0,422.0,489.0,527.0,552.0,560.0,569.0,593.0,619.0,681.0,683.0,785.0,866.0,874.0,875.0,896.0,927.0,933.0,981.0,
33.0,78.0,123.0,134.0,172.0,202.0,237.0,248.0,282.0,283.0,331.0,348.0,365.0,376.0,398.0,426.0,439.0,447.0,480.0,486.0,532.0,607.0,623.0,635.0,669.0,687.0,689.0,763.0,807.0,818.0,870.0,882.0,911.0,923.0,927.0,
52.0,57.0,68.0,71.0,73.0,118.0,125.0,125.0,128.0,167.0,180.0,183.0,200.0,219.0,225.0,229.0,264.0,281.0,327.0,334.0,336.0,337.0,338.0,351.0,366.0,375.0,380.0,425.0,441.0,450.0,508.0,523.0,560.0,570.0,591.0,594.0,594.0,651.0,671.0,701.0,748.0,748.0,778.0,784.0,828.0,955.0,967.0,989.0,993.0,
6.0,24.0,96.0,99.0,188.0,189.0,193.0,208.0,297.0,320.0,358.0,396.0,426.0,443.0,478.0,506.0,563.0,591.0,604.0,667.0,687.0,708.0,715.0,740.0,758.0,770.0,771.0,776.0,790.0,812.0,821.0,843.0,853.0,863.0,957.0,988.0,
96.0,127.0,138.0,181.0,207.0,223.0,263.0,288.0,322.0,333.0,366.0,372.0,389.0,438.0,448.0,530.0,552.0,560.0,605.0,612.0,640.0,666.0,717.0,742.0,748.0,781.0,789.0,859.0,860.0,887.0,939.0,
14.0,26.0,111.0,148.0,185.0,270.0,279.0,287.0,303.0,350.0,362.0,376.0,388.0,409.0,443.0,456.0,489.0,491.0,536.0,578.0,617.0,632.0,641.0,676.0,809.0,810.0,870.0,903.0,911.0,936.0,994.0,
2.0,64.0,86.0,101.0,102.0,126.0,155.0,155.0,179.0,195.0,225.0,237.0,323.0,359.0,446.0,488.0,491.0,522.0,555.0,557.0,590.0,633.0,651.0,667.0,668.0,686.0,712.0,782.0,795.0,823.0,853.0,871.0,879.0,916.0,924.0,959.0,
23.0,53.0,55.0,81.0,81.0,81.0,121.0,141.0,168.0,248.0,351.0,359.0,389.0,436.0,508.0,508.0,531.0,533.0,550.0,565.0,572.0,578.0,591.0,681.0,719.0,762.0,881.0,885.0,889.0,913.0,913.0,923.0,942.0,
22.0,26.0,61.0,130.0,157.0,178.0,243.0,261.0,281.0,284.0,288.0,347.0,366.0,368.0,397.0,443.0,451.0,484.0,500.0,533.0,541.0,554.0,584.0,585.0,610.0,690.0,788.0,802.0,822.0,839.0,849.0,867.0,887.0,905.0,914.0,915.0,956.0,
52.0,57.0,116.0,173.0,230.0,230.0,231.0,248.0,272.0,299.0,305.0,316.0,335.0,347.0,352.0,356.0,371.0,382.0,425.0,437.0,439.0,440.0,453.0,472.0,489.0,523.0,534.0,538.0,544.0,587.0,699.0,703.0,705.0,719.0,733.0,792.0,833.0,942.0,943.0,948.0,959.0,961.0,992.0,997.0,
9.0,25.0,26.0,119.0,121.0,174.0,175.0,195.0,231.0,270.0,319.0,327.0,382.0,386.0,411.0,448.0,554.0,561.0,579.0,600.0,604.0,608.0,631.0,637.0,670.0,670.0,681.0,683.0,691.0,699.0,723.0,745.0,798.0,804.0,807.0,856.0,945.0,961.0,963.0,
2.0,49.0,54.0,55.0,81.0,91.0,108.0,125.0,126.0,127.0,145.0,155.0,172.0,209.0,212.0,234.0,240.0,245.0,248.0,293.0,304.0,311.0,375.0,383.0,401.0,406.0,417.0,425.0,434.0,440.0,442.0,444.0,485.0,497.0,549.0,569.0,626.0,644.0,673.0,721.0,741.0,758.0,778.0,840.0,874.0,917.0,921.0,951.0,
30.0,46.0,56.0,139.0,140.0,208.0,210.0,265.0,318.0,327.0,374.0,401.0,428.0,459.0,480.0,531.0,541.0,546.0,578.0,607.0,636.0,636.0,683.0,703.0,726.0,765.0,810.0,882.0,932.0,945.0,946.0,970.0,987.0,990.0,
29.0,56.0,66.0,73.0,161.0,167.0,183.0,198.0,216.0,250.0,271.0,322.0,359.0,366.0,449.0,474.0,518.0,537.0,548.0,564.0,572.0,584.0,586.0,602.0,617.0,619.0,653.0,670.0,674.0,689.0,704.0,730.0,743.0,754.0,780.0,843.0,844.0,851.0,871.0,912.0,934.0,939.0,966.0,967.0,967.0,969.0,994.0,
5.0,34.0,64.0,78.0,111.0,117.0,146.0,169.0,171.0,196.0,220.0,277.0,299.0,330.0,344.0,389.0,421.0,429.0,466.0,467.0,470.0,499.0,500.0,501.0,522.0,566.0,603.0,655.0,687.0,688.0,689.0,691.0,751.0,774.0,801.0,877.0,899.0,905.0,960.0,991.0,993.0,
7.0,16.0,30.0,58.0,82.0,96.0,106.0,123.0,133.0,161.0,212.0,277.0,278.0,317.0,328.0,329.0,398.0,408.0,458.0,512.0,515.0,521.0,558.0,658.0,667.0,701.0,713.0,758.0,787.0,814.0,849.0,881.0,902.0,943.0,962.0,990.0,
20.0,25.0,29.0,63.0,65.0,69.0,79.0,81.0,89.0,102.0,165.0,316.0,328.0,336.0,344.0,350.0,365.0,382.0,384.0,410.0,436.0,500.0,507.0,526.0,575.0,590.0,600.0,674.0,698.0,734.0,745.0,755.0,771.0,796.0,869.0,882.0,888.0,920.0,
75.0,78.0,109.0,141.0,153.0,154.0,158.0,174.0,197.0,249.0,335.0,338.0,376.0,376.0,438.0,461.0,512.0,556.0,697.0,698.0,790.0,804.0,891.0,896.0,984.0,987.0,
19.0,59.0,89.0,130.0,168.0,202.0,226.0,256.0,288.0,295.0,299.0,302.0,308.0,316.0,323.0,351.0,377.0,403.0,406.0,508.0,512.0,582.0,627.0,644.0,724.0,749.0,756.0,773.0,807.0,833.0,835.0,939.0,940.0,970.0,991.0,
12.0,20.0,25.0,81.0,113.0,117.0,151.0,166.0,240.0,252.0,260.0,262.0,270.0,321.0,357.0,394.0,401.0,544.0,549.0,564.0,634.0,649.0,669.0,686.0,707.0,714.0,717.0,726.0,733.0,750.0,751.0,795.0,811.0,821.0,872.0,887.0,911.0,922.0,977.0,982.0,
30.0,56.0,58.0,76.0,92.0,100.0,110.0,120.0,126.0,131.0,156.0,169.0,177.0,201.0,222.0,226.0,243.0,279.0,279.0,282.0,288.0,293.0,295.0,298.0,312.0,334.0,376.0,383.0,476.0,708.0,715.0,722.0,730.0,764.0,783.0,788.0,819.0,859.0,912.0,930.0,935.0,945.0,978.0,978.0,992.0,994.0,
30.0,45.0,55.0,67.0,88.0,95.0,107.0,109.0,118.0,176.0,196.0,242.0,260.0,286.0,323.0,344.0,347.0,399.0,407.0,414.0,455.0,461.0,465.0,509.0,537.0,555.0,561.0,626.0,634.0,643.0,650.0,651.0,672.0,688.0,716.0,745.0,752.0,793.0,833.0,907.0,926.0,
32.0,46.0,69.0,129.0,130.0,130.0,173.0,238.0,251.0,267.0,283.0,284.0,331.0,337.0,363.0,433.0,451.0,451.0,523.0,532.0,538.0,550.0,572.0,598.0,637.0,658.0,671.0,691.0,702.0,724.0,735.0,757.0,828.0,830.0,846.0,871.0,875.0,932.0,950.0,955.0,956.0,967.0,983.0,
57.0,67.0,79.0,133.0,160.0,164.0,233.0,237.0,301.0,381.0,384.0,452.0,470.0,484.0,503.0,503.0,530.0,627.0,675.0,684.0,719.0,737.0,738.0,805.0,837.0,847.0,922.0,934.0,950.0,997.0,
22.0,27.0,31.0,63.0,64.0,67.0,73.0,102.0,131.0,156.0,166.0,186.0,191.0,191.0,209.0,275.0,280.0,288.0,298.0,315.0,340.0,353.0,366.0,432.0,433.0,459.0,500.0,518.0,566.0,622.0,638.0,676.0,704.0,735.0,742.0,759.0,802.0,808.0,814.0,914.0,933.0,967.0,995.0,
40.0,50.0,102.0,117.0,166.0,184.0,194.0,286.0,306.0,362.0,427.0,457.0,473.0,474.0,553.0,588.0,590.0,611.0,642.0,726.0,749.0,762.0,769.0,789.0,799.0,808.0,808.0,811.0,823.0,853.0,854.0,873.0,895.0,924.0,930.0,934.0,938.0,949.0,950.0,992.0,998.0,
26.0,44.0,66.0,168.0,227.0,229.0,231.0,233.0,289.0,318.0,342.0,378.0,381.0,451.0,468.0,495.0,526.0,588.0,653.0,676.0,746.0,759.0,779.0,784.0,810.0,844.0,889.0,894.0,939.0,
24.0,38.0,85.0,107.0,110.0,115.0,198.0,248.0,253.0,264.0,283.0,304.0,317.0,354.0,390.0,435.0,436.0,453.0,458.0,475.0,515.0,612.0,632.0,656.0,677.0,679.0,709.0,746.0,759.0,769.0,788.0,812.0,819.0,843.0,846.0,865.0,890.0,910.0,913.0,943.0,985.0,
5.0,51.0,87.0,146.0,200.0,254.0,259.0,261.0,286.0,333.0,355.0,394.0,418.0,492.0,549.0,606.0,610.0,613.0,623.0,631.0,642.0,664.0,729.0,741.0,762.0,808.0,822.0,920.0,989.0,
4.0,11.0,43.0,47.0,56.0,68.0,88.0,122.0,262.0,263.0,272.0,288.0,327.0,429.0,435.0,490.0,516.0,524.0,538.0,543.0,581.0,582.0,617.0,620.0,626.0,640.0,655.0,695.0,772.0,804.0,835.0,863.0,869.0,884.0,887.0,906.0,965.0,988.0,
7.0,10.0,10.0,31.0,62.0,76.0,153.0,197.0,201.0,206.0,219.0,238.0,246.0,285.0,315.0,356.0,381.0,399.0,416.0,418.0,447.0,455.0,478.0,479.0,519.0,539.0,714.0,717.0,723.0,742.0,756.0,777.0,796.0,826.0,828.0,829.0,870.0,921.0,940.0,947.0,
2.0,49.0,86.0,110.0,110.0,130.0,131.0,150.0,176.0,249.0,265.0,277.0,281.0,288.0,323.0,348.0,355.0,370.0,403.0,407.0,438.0,440.0,449.0,457.0,488.0,556.0,587.0,610.0,616.0,617.0,628.0,654.0,660.0,689.0,714.0,777.0,784.0,808.0,821.0,826.0,829.0,843.0,865.0,870.0,879.0,881.0,945.0,957.0,976.0,997.0,
18.0,71.0,81.0,116.0,163.0,248.0,250.0,300.0,313.0,325.0,353.0,355.0,362.0,387.0,407.0,446.0,483.0,618.0,641.0,646.0,649.0,742.0,800.0,822.0,828.0,836.0,864.0,866.0,880.0,917.0,944.0,958.0,
3.0,12.0,47.0,49.0,74.0,116.0,123.0,127.0,146.0,167.0,175.0,200.0,215.0,234.0,248.0,280.0,290.0,408.0,455.0,473.0,482.0,485.0,506.0,513.0,523.0,582.0,598.0,620.0,622.0,622.0,627.0,628.0,633.0,634.0,634.0,684.0,686.0,687.0,736.0,751.0,815.0,815.0,883.0,924.0,961.0,996.0,
2.0,4.0,13.0,64.0,121.0,180.0,229.0,291.0,304.0,304.0,345.0,354.0,372.0,400.0,441.0,454.0,509.0,541.0,609.0,636.0,653.0,674.0,675.0,687.0,706.0,739.0,776.0,795.0,801.0,804.0,818.0,819.0,851.0,870.0,875.0,894.0,931.0,972.0,973.0,980.0,
3.0,22.0,38.0,40.0,41.0,66.0,140.0,205.0,235.0,262.0,290.0,290.0,313.0,333.0,349.0,358.0,391.0,401.0,402.0,414.0,449.0,451.0,456.0,524.0,571.0,572.0,585.0,616.0,626.0,674.0,798.0,799.0,800.0,805.0,806.0,829.0,851.0,877.0,879.0,980.0,992.0,
77.0,81.0,93.0,123.0,164.0,285.0,401.0,435.0,451.0,516.0,520.0,524.0,565.0,576.0,582.0,587.0,590.0,647.0,667.0,738.0,772.0,777.0,821.0,825.0,827.0,871.0,896.0,947.0,965.0,
93.0,113.0,116.0,121.0,149.0,186.0,220.0,259.0,297.0,327.0,328.0,355.0,379.0,393.0,399.0,481.0,482.0,502.0,508.0,520.0,565.0,585.0,604.0,693.0,710.0,711.0,777.0,784.0,813.0,841.0,947.0,974.0,983.0,987.0,
14.0,45.0,76.0,81.0,88.0,165.0,171.0,216.0,230.0,246.0,261.0,264.0,267.0,274.0,334.0,343.0,350.0,356.0,368.0,387.0,393.0,441.0,445.0,471.0,473.0,530.0,603.0,615.0,662.0,669.0,757.0,791.0,851.0,887.0,890.0,899.0,914.0,917.0,931.0,942.0,978.0,994.0,
24.0,73.0,105.0,149.0,214.0,269.0,348.0,353.0,409.0,410.0,488.0,494.0,565.0,590.0,622.0,644.0,653.0,671.0,688.0,689.0,702.0,755.0,815.0,817.0,853.0,865.0,868.0,904.0,904.0,907.0,912.0,921.0,924.0,940.0,944.0,995.0,998.0,
5.0,34.0,51.0,76.0,114.0,140.0,171.0,246.0,292.0,406.0,459.0,467.0,494.0,495.0,518.0,538.0,539.0,600.0,612.0,619.0,626.0,634.0,646.0,674.0,679.0,771.0,774.0,779.0,790.0,800.0,910.0,934.0,935.0,
55.0,67.0,132.0,172.0,173.0,179.0,179.0,197.0,300.0,330.0,333.0,351.0,361.0,395.0,411.0,441.0,458.0,458.0,463.0,516.0,531.0,554.0,611.0,627.0,693.0,701.0,775.0,783.0,833.0,840.0,885.0,921.0,922.0,936.0,
31.0,33.0,36.0,109.0,112.0,113.0,166.0,175.0,201.0,204.0,210.0,452.0,472.0,489.0,504.0,517.0,568.0,727.0,770.0,797.0,804.0,823.0,847.0,852.0,890.0,890.0,910.0,933.0,954.0,965.0,966.0,
31.0,189.0,241.0,259.0,360.0,377.0,407.0,412.0,487.0,540.0,542.0,562.0,586.0,588.0,621.0,677.0,688.0,692.0,786.0,804.0,807.0,856.0,925.0,927.0,942.0,
24.0,40.0,176.0,186.0,192.0,204.0,217.0,266.0,266.0,273.0,284.0,295.0,310.0,311.0,312.0,323.0,328.0,335.0,339.0,364.0,465.0,501.0,518.0,547.0,580.0,613.0,641.0,694.0,716.0,769.0,842.0,852.0,856.0,906.0,993.0,996.0,
107.0,137.0,138.0,140.0,183.0,224.0,249.0,259.0,275.0,278.0,299.0,303.0,318.0,378.0,403.0,445.0,494.0,494.0,497.0,531.0,569.0,633.0,697.0,701.0,725.0,742.0,831.0,852.0,852.0,907.0,916.0,927.0,935.0,949.0,970.0,970.0,
130.0,149.0,159.0,173.0,185.0,260.0,278.0,288.0,315.0,331.0,378.0,415.0,481.0,508.0,522.0,596.0,600.0,628.0,634.0,641.0,648.0,649.0,651.0,662.0,666.0,686.0,710.0,740.0,763.0,767.0,768.0,779.0,801.0,826.0,856.0,886.0,913.0,936.0,978.0,992.0,
12.0,30.0,64.0,64.0,77.0,87.0,90.0,128.0,135.0,142.0,166.0,196.0,220.0,241.0,259.0,270.0,303.0,411.0,414.0,431.0,474.0,516.0,529.0,543.0,545.0,550.0,556.0,594.0,598.0,617.0,623.0,652.0,678.0,690.0,693.0,767.0,786.0,849.0,859.0,982.0,993.0,
60.0,62.0,74.0,179.0,248.0,292.0,293.0,307.0,320.0,331.0,334.0,346.0,354.0,380.0,407.0,412.0,424.0,430.0,441.0,474.0,481.0,498.0,519.0,520.0,554.0,572.0,580.0,584.0,604.0,615.0,656.0,684.0,690.0,701.0,702.0,719.0,737.0,738.0,763.0,780.0,788.0,838.0,921.0,939.0,977.0,978.0,
29.0,53.0,75.0,82.0,106.0,130.0,189.0,238.0,257.0,266.0,329.0,335.0,343.0,365.0,369.0,390.0,403.0,412.0,478.0,497.0,521.0,580.0,598.0,635.0,657.0,666.0,686.0,733.0,757.0,783.0,808.0,814.0,824.0,862.0,884.0,924.0,935.0,979.0,992.0,
3.0,8.0,21.0,23.0,131.0,154.0,259.0,269.0,291.0,322.0,338.0,339.0,577.0,578.0,584.0,595.0,633.0,637.0,639.0,640.0,657.0,667.0,668.0,669.0,695.0,771.0,787.0,883.0,901.0,918.0,926.0,946.0,979.0,997.0,
15.0,68.0,72.0,77.0,105.0,136.0,152.0,158.0,173.0,190.0,204.0,226.0,232.0,264.0,310.0,314.0,332.0,357.0,380.0,434.0,453.0,462.0,463.0,500.0,521.0,576.0,624.0,646.0,698.0,710.0,784.0,786.0,816.0,822.0,834.0,843.0,865.0,871.0,900.0,901.0,917.0,941.0,942.0,
9.0,70.0,83.0,94.0,106.0,108.0,109.0,117.0,137.0,149.0,174.0,176.0,194.0,246.0,273.0,279.0,289.0,290.0,303.0,340.0,348.0,398.0,426.0,432.0,458.0,547.0,562.0,568.0,586.0,608.0,630.0,694.0,707.0,760.0,788.0,810.0,915.0,923.0,936.0,
21.0,107.0,121.0,126.0,138.0,169.0,182.0,186.0,241.0,322.0,397.0,430.0,430.0,454.0,457.0,481.0,490.0,524.0,550.0,583.0,612.0,619.0,632.0,641.0,645.0,650.0,672.0,684.0,699.0,711.0,713.0,742.0,766.0,790.0,814.0,861.0,898.0,906.0,947.0,996.0,
31.0,32.0,37.0,44.0,98.0,136.0,203.0,289.0,292.0,305.0,312.0,339.0,362.0,505.0,569.0,582.0,587.0,619.0,669.0,680.0,686.0,687.0,750.0,783.0,799.0,851.0,854.0,892.0,906.0,908.0,936.0,982.0,997.0,
24.0,25.0,66.0,102.0,112.0,132.0,167.0,183.0,253.0,288.0,289.0,309.0,347.0,347.0,369.0,372.0,409.0,427.0,443.0,455.0,537.0,538.0,538.0,544.0,549.0,625.0,641.0,653.0,661.0,662.0,683.0,716.0,738.0,759.0,771.0,782.0,808.0,826.0,834.0,838.0,861.0,908.0,921.0,986.0,
26.0,26.0,30.0,40.0,40.0,45.0,48.0,56.0,126.0,170.0,184.0,256.0,270.0,318.0,355.0,381.0,413.0,429.0,440.0,482.0,490.0,500.0,506.0,522.0,585.0,637.0,682.0,707.0,767.0,831.0,853.0,857.0,886.0,898.0,901.0,904.0,913.0,928.0,929.0,944.0,965.0,970.0,
20.0,37.0,70.0,73.0,85.0,93.0,216.0,236.0,303.0,306.0,332.0,398.0,455.0,464.0,477.0,485.0,494.0,512.0,581.0,623.0,629.0,650.0,672.0,692.0,708.0,720.0,727.0,727.0,741.0,764.0,796.0,796.0,804.0,809.0,818.0,955.0,965.0,965.0,
22.0,111.0,124.0,145.0,217.0,275.0,281.0,373.0,443.0,443.0,483.0,493.0,504.0,520.0,557.0,568.0,593.0,622.0,638.0,643.0,764.0,775.0,796.0,798.0,803.0,828.0,939.0,966.0,988.0,
80.0,104.0,135.0,157.0,240.0,269.0,270.0,279.0,287.0,312.0,404.0,435.0,453.0,469.0,469.0,481.0,509.0,513.0,558.0,582.0,609.0,681.0,711.0,741.0,742.0,778.0,805.0,816.0,860.0,883.0,883.0,971.0,981.0,994.0,
3.0,38.0,47.0,81.0,112.0,168.0,185.0,191.0,331.0,430.0,470.0,490.0,551.0,558.0,574.0,578.0,639.0,641.0,649.0,658.0,693.0,704.0,778.0,783.0,831.0,881.0,908.0,922.0,937.0,962.0,976.0,
89.0,107.0,163.0,167.0,238.0,250.0,332.0,361.0,365.0,372.0,372.0,382.0,385.0,412.0,429.0,451.0,451.0,457.0,499.0,536.0,555.0,585.0,616.0,646.0,679.0,730.0,734.0,766.0,803.0,826.0,846.0,865.0,927.0,932.0,937.0,957.0,982.0,999.0,1000.0,
