3.0,8.0,9.0,16.0,21.0,69.0,134.0,136.0,185.0,210.0,232.0,255.0,272.0,295.0,356.0,405.0,421.0,434.0,455.0,490.0,543.0,562.0,581.0,612.0,612.0,631.0,642.0,647.0,679.0,693.0,723.0,727.0,756.0,772.0,834.0,857.0,864.0,
19.0,35.0,68.0,85.0,114.0,130.0,138.0,154.0,186.0,191.0,193.0,220.0,220.0,229.0,346.0,368.0,388.0,404.0,443.0,450.0,456.0,472.0,478.0,490.0,518.0,571.0,592.0,597.0,616.0,632.0,641.0,645.0,731.0,837.0,860.0,870.0,884.0,906.0,928.0,948.0,967.0,977.0,
42.0,47.0,112.0,126.0,134.0,144.0,162.0,165.0,211.0,307.0,346.0,347.0,372.0,381.0,404.0,436.0,470.0,505.0,535.0,708.0,712.0,766.0,790.0,838.0,862.0,879.0,891.0,894.0,935.0,958.0,980.0,
18.0,44.0,52.0,99.0,107.0,161.0,176.0,229.0,237.0,277.0,299.0,303.0,362.0,374.0,404.0,407.0,429.0,442.0,453.0,457.0,457.0,509.0,607.0,639.0,676.0,746.0,806.0,823.0,888.0,888.0,898.0,911.0,924.0,939.0,964.0,
18.0,28.0,30.0,32.0,137.0,147.0,174.0,272.0,317.0,370.0,373.0,378.0,398.0,443.0,453.0,467.0,479.0,494.0,512.0,601.0,608.0,615.0,702.0,714.0,717.0,737.0,773.0,781.0,805.0,824.0,867.0,871.0,891.0,906.0,950.0,
12.0,18.0,124.0,140.0,163.0,214.0,260.0,285.0,337.0,368.0,420.0,437.0,463.0,466.0,474.0,496.0,496.0,575.0,582.0,596.0,659.0,696.0,728.0,795.0,809.0,865.0,880.0,889.0,895.0,909.0,909.0,942.0,961.0,973.0,
25.0,31.0,33.0,34.0,49.0,55.0,60.0,94.0,131.0,153.0,182.0,184.0,193.0,269.0,294.0,335.0,367.0,380.0,401.0,415.0,453.0,511.0,519.0,526.0,550.0,557.0,560.0,587.0,616.0,634.0,673.0,688.0,690.0,722.0,769.0,770.0,796.0,809.0,810.0,816.0,850.0,857.0,910.0,934.0,937.0,
36.0,101.0,127.0,137.0,140.0,177.0,235.0,243.0,265.0,307.0,320.0,341.0,342.0,400.0,478.0,485.0,522.0,546.0,565.0,567.0,587.0,613.0,666.0,694.0,724.0,732.0,742.0,759.0,760.0,827.0,843.0,851.0,853.0,868.0,892.0,903.0,944.0,987.0,
22.0,58.0,82.0,108.0,111.0,142.0,143.0,146.0,151.0,194.0,222.0,248.0,322.0,331.0,342.0,353.0,376.0,382.0,421.0,438.0,448.0,505.0,522.0,545.0,548.0,554.0,579.0,585.0,638.0,697.0,708.0,768.0,811.0,820.0,851.0,890.0,926.0,936.0,983.0,989.0,
59.0,66.0,66.0,79.0,134.0,141.0,185.0,210.0,236.0,297.0,324.0,363.0,395.0,411.0,420.0,432.0,435.0,440.0,455.0,467.0,516.0,576.0,580.0,600.0,618.0,633.0,640.0,650.0,728.0,795.0,807.0,831.0,872.0,873.0,894.0,938.0,940.0,989.0,
32.0,163.0,193.0,236.0,256.0,260.0,261.0,266.0,321.0,329.0,360.0,374.0,378.0,385.0,407.0,417.0,480.0,484.0,485.0,591.0,618.0,658.0,675.0,722.0,762.0,770.0,778.0,818.0,823.0,827.0,837.0,910.0,926.0,931.0,937.0,942.0,943.0,
28.0,38.0,52.0,88.0,168.0,181.0,199.0,207.0,273.0,474.0,494.0,576.0,580.0,582.0,635.0,665.0,667.0,672.0,700.0,722.0,743.0,745.0,755.0,783.0,805.0,811.0,904.0,942.0,
6.0,21.0,77.0,80.0,88.0,114.0,139.0,142.0,170.0,171.0,173.0,173.0,184.0,200.0,207.0,213.0,230.0,266.0,314.0,411.0,443.0,466.0,470.0,483.0,519.0,553.0,628.0,631.0,661.0,663.0,663.0,668.0,687.0,699.0,748.0,810.0,811.0,855.0,895.0,928.0,970.0,998.0,
9.0,39.0,50.0,58.0,104.0,113.0,127.0,203.0,214.0,253.0,256.0,259.0,269.0,291.0,308.0,318.0,332.0,346.0,379.0,407.0,421.0,473.0,478.0,491.0,560.0,563.0,564.0,575.0,592.0,594.0,608.0,635.0,645.0,756.0,766.0,769.0,865.0,877.0,933.0,967.0,983.0,
20.0,38.0,39.0,78.0,104.0,121.0,183.0,205.0,211.0,217.0,226.0,229.0,256.0,273.0,300.0,312.0,340.0,340.0,348.0,386.0,422.0,437.0,443.0,480.0,510.0,575.0,590.0,603.0,610.0,652.0,669.0,719.0,729.0,741.0,919.0,979.0,984.0,991.0,
25.0,39.0,48.0,49.0,60.0,64.0,75.0,93.0,261.0,263.0,299.0,304.0,324.0,337.0,394.0,402.0,416.0,417.0,473.0,510.0,515.0,516.0,517.0,523.0,574.0,579.0,583.0,651.0,680.0,692.0,715.0,741.0,746.0,754.0,760.0,761.0,769.0,778.0,798.0,819.0,844.0,881.0,883.0,985.0,991.0,994.0,
48.0,49.0,61.0,62.0,80.0,104.0,145.0,180.0,200.0,209.0,238.0,265.0,307.0,327.0,330.0,360.0,400.0,402.0,403.0,409.0,413.0,453.0,501.0,520.0,578.0,586.0,637.0,639.0,643.0,654.0,665.0,695.0,698.0,737.0,765.0,791.0,842.0,898.0,945.0,963.0,976.0,980.0,999.0,
38.0,71.0,113.0,129.0,135.0,221.0,286.0,301.0,352.0,352.0,352.0,372.0,374.0,378.0,493.0,493.0,507.0,534.0,563.0,568.0,573.0,616.0,703.0,714.0,732.0,784.0,882.0,910.0,921.0,930.0,935.0,937.0,966.0,982.0,992.0,
3.0,21.0,25.0,28.0,40.0,60.0,84.0,130.0,211.0,261.0,282.0,305.0,324.0,349.0,356.0,374.0,391.0,404.0,421.0,426.0,433.0,470.0,473.0,497.0,551.0,572.0,575.0,587.0,599.0,653.0,667.0,753.0,759.0,774.0,832.0,885.0,889.0,978.0,995.0,
109.0,131.0,143.0,162.0,187.0,218.0,252.0,271.0,277.0,305.0,315.0,319.0,347.0,375.0,399.0,439.0,440.0,466.0,473.0,511.0,542.0,553.0,575.0,581.0,623.0,625.0,704.0,737.0,744.0,764.0,831.0,844.0,849.0,888.0,896.0,897.0,962.0,982.0,
43.0,97.0,108.0,153.0,200.0,232.0,232.0,262.0,263.0,321.0,362.0,421.0,451.0,455.0,488.0,495.0,611.0,634.0,746.0,836.0,868.0,940.0,965.0,966.0,970.0,972.0,
71.0,98.0,105.0,165.0,197.0,233.0,242.0,244.0,277.0,288.0,290.0,303.0,310.0,430.0,455.0,456.0,475.0,480.0,513.0,586.0,600.0,722.0,760.0,761.0,764.0,807.0,830.0,846.0,861.0,879.0,910.0,918.0,931.0,932.0,934.0,935.0,964.0,965.0,986.0,
96.0,98.0,99.0,133.0,161.0,227.0,238.0,245.0,249.0,274.0,281.0,326.0,362.0,393.0,504.0,556.0,561.0,568.0,593.0,625.0,636.0,638.0,652.0,706.0,730.0,747.0,761.0,781.0,792.0,801.0,802.0,805.0,886.0,908.0,918.0,960.0,967.0,1000.0,
22.0,39.0,57.0,93.0,97.0,146.0,165.0,286.0,293.0,298.0,314.0,323.0,334.0,347.0,362.0,417.0,458.0,483.0,493.0,511.0,515.0,519.0,580.0,649.0,676.0,685.0,705.0,707.0,738.0,817.0,825.0,861.0,993.0,996.0,1000.0,
2.0,9.0,12.0,45.0,54.0,68.0,93.0,153.0,182.0,213.0,221.0,275.0,296.0,315.0,411.0,421.0,488.0,535.0,540.0,589.0,639.0,676.0,694.0,720.0,751.0,753.0,779.0,805.0,884.0,898.0,899.0,909.0,941.0,969.0,969.0,992.0,
31.0,45.0,132.0,219.0,252.0,256.0,258.0,258.0,267.0,271.0,300.0,306.0,316.0,323.0,348.0,356.0,483.0,492.0,526.0,543.0,567.0,568.0,602.0,616.0,656.0,669.0,675.0,690.0,690.0,698.0,717.0,744.0,764.0,784.0,807.0,817.0,824.0,835.0,958.0,966.0,979.0,
64.0,70.0,76.0,96.0,179.0,260.0,312.0,316.0,321.0,354.0,373.0,393.0,426.0,501.0,501.0,509.0,512.0,529.0,560.0,607.0,637.0,647.0,649.0,665.0,677.0,687.0,711.0,717.0,753.0,769.0,775.0,791.0,836.0,844.0,848.0,878.0,895.0,898.0,903.0,943.0,963.0,
51.0,54.0,62.0,62.0,71.0,81.0,85.0,136.0,180.0,205.0,233.0,304.0,318.0,347.0,347.0,348.0,376.0,435.0,453.0,474.0,486.0,487.0,499.0,526.0,528.0,558.0,563.0,576.0,583.0,609.0,634.0,663.0,687.0,702.0,705.0,741.0,757.0,760.0,781.0,801.0,813.0,826.0,861.0,877.0,933.0,938.0,965.0,997.0,
45.0,102.0,125.0,144.0,175.0,193.0,250.0,250.0,314.0,471.0,594.0,615.0,617.0,617.0,628.0,671.0,690.0,691.0,694.0,717.0,726.0,745.0,791.0,807.0,808.0,883.0,896.0,982.0,
15.0,39.0,63.0,68.0,75.0,78.0,89.0,106.0,111.0,126.0,153.0,193.0,226.0,270.0,289.0,301.0,317.0,359.0,406.0,407.0,449.0,450.0,464.0,470.0,476.0,496.0,515.0,556.0,576.0,585.0,625.0,635.0,676.0,686.0,708.0,726.0,765.0,773.0,810.0,827.0,845.0,853.0,856.0,883.0,895.0,904.0,918.0,920.0,999.0,
38.0,43.0,44.0,65.0,80.0,95.0,104.0,129.0,136.0,141.0,149.0,151.0,168.0,171.0,249.0,254.0,310.0,367.0,378.0,390.0,393.0,443.0,498.0,500.0,530.0,545.0,586.0,663.0,663.0,726.0,734.0,852.0,878.0,937.0,955.0,
84.0,120.0,133.0,144.0,159.0,306.0,321.0,340.0,401.0,459.0,546.0,563.0,634.0,653.0,656.0,660.0,670.0,689.0,689.0,711.0,804.0,804.0,854.0,858.0,903.0,938.0,962.0,
3.0,8.0,58.0,76.0,76.0,95.0,98.0,147.0,153.0,196.0,209.0,239.0,351.0,392.0,396.0,461.0,484.0,507.0,523.0,568.0,599.0,625.0,648.0,649.0,704.0,721.0,751.0,775.0,826.0,836.0,841.0,867.0,878.0,910.0,913.0,914.0,923.0,945.0,972.0,975.0,975.0,991.0,
55.0,77.0,79.0,156.0,173.0,174.0,197.0,207.0,248.0,254.0,260.0,271.0,305.0,377.0,484.0,496.0,505.0,510.0,534.0,538.0,603.0,612.0,612.0,623.0,640.0,677.0,691.0,702.0,715.0,728.0,740.0,755.0,758.0,773.0,783.0,789.0,810.0,900.0,941.0,
52.0,61.0,84.0,111.0,117.0,119.0,122.0,148.0,154.0,172.0,181.0,309.0,328.0,330.0,417.0,458.0,498.0,569.0,578.0,581.0,582.0,594.0,605.0,607.0,649.0,673.0,693.0,710.0,726.0,729.0,751.0,755.0,804.0,856.0,874.0,885.0,941.0,950.0,957.0,962.0,983.0,985.0,
29.0,31.0,33.0,62.0,69.0,111.0,115.0,130.0,152.0,159.0,185.0,207.0,221.0,231.0,264.0,267.0,321.0,337.0,349.0,405.0,455.0,463.0,638.0,648.0,650.0,675.0,729.0,734.0,767.0,785.0,790.0,799.0,846.0,855.0,856.0,857.0,867.0,905.0,934.0,937.0,939.0,949.0,953.0,956.0,964.0,1000.0,
8.0,30.0,115.0,127.0,131.0,173.0,185.0,212.0,217.0,233.0,246.0,283.0,322.0,332.0,337.0,347.0,348.0,402.0,414.0,443.0,477.0,516.0,516.0,549.0,596.0,599.0,614.0,634.0,726.0,805.0,812.0,825.0,834.0,840.0,881.0,882.0,921.0,933.0,960.0,
10.0,12.0,15.0,86.0,86.0,105.0,110.0,148.0,197.0,214.0,247.0,253.0,272.0,294.0,333.0,382.0,492.0,515.0,515.0,571.0,586.0,595.0,602.0,661.0,695.0,713.0,767.0,800.0,801.0,810.0,918.0,951.0,973.0,997.0,
19.0,25.0,58.0,61.0,81.0,95.0,126.0,147.0,176.0,224.0,242.0,358.0,383.0,398.0,402.0,435.0,453.0,468.0,587.0,590.0,610.0,633.0,674.0,682.0,714.0,723.0,744.0,745.0,801.0,848.0,887.0,908.0,920.0,940.0,956.0,958.0,991.0,
31.0,89.0,119.0,176.0,200.0,201.0,259.0,282.0,298.0,319.0,369.0,380.0,427.0,435.0,458.0,460.0,487.0,508.0,559.0,574.0,582.0,669.0,677.0,762.0,879.0,941.0,992.0,
7.0,16.0,32.0,42.0,75.0,91.0,92.0,103.0,111.0,119.0,130.0,140.0,171.0,244.0,305.0,325.0,342.0,385.0,393.0,401.0,401.0,402.0,448.0,491.0,497.0,498.0,508.0,521.0,547.0,564.0,578.0,618.0,662.0,664.0,685.0,695.0,750.0,756.0,802.0,815.0,826.0,844.0,913.0,956.0,
49.0,50.0,50.0,66.0,75.0,83.0,132.0,175.0,241.0,244.0,269.0,298.0,300.0,308.0,323.0,327.0,337.0,347.0,347.0,435.0,541.0,558.0,572.0,603.0,614.0,623.0,635.0,637.0,652.0,674.0,675.0,686.0,775.0,787.0,790.0,798.0,803.0,804.0,841.0,848.0,888.0,957.0,
35.0,54.0,126.0,139.0,157.0,166.0,198.0,272.0,290.0,300.0,313.0,332.0,366.0,384.0,386.0,429.0,483.0,495.0,513.0,520.0,583.0,593.0,596.0,603.0,606.0,624.0,646.0,649.0,686.0,901.0,905.0,917.0,935.0,941.0,944.0,964.0,978.0,1000.0,
8.0,49.0,90.0,96.0,113.0,124.0,126.0,167.0,184.0,194.0,217.0,228.0,234.0,246.0,276.0,287.0,302.0,310.0,315.0,332.0,361.0,382.0,485.0,515.0,524.0,528.0,542.0,594.0,611.0,617.0,627.0,665.0,696.0,709.0,715.0,741.0,783.0,844.0,845.0,859.0,892.0,906.0,918.0,958.0,960.0,995.0,
20.0,80.0,108.0,113.0,115.0,133.0,141.0,171.0,172.0,191.0,203.0,213.0,230.0,238.0,250.0,303.0,340.0,347.0,350.0,381.0,413.0,423.0,435.0,471.0,489.0,491.0,512.0,531.0,532.0,554.0,557.0,569.0,574.0,594.0,694.0,830.0,849.0,850.0,880.0,900.0,920.0,925.0,929.0,973.0,
25.0,51.0,90.0,106.0,163.0,181.0,195.0,220.0,229.0,234.0,235.0,275.0,277.0,302.0,323.0,331.0,342.0,379.0,384.0,428.0,446.0,464.0,466.0,497.0,526.0,529.0,636.0,681.0,685.0,762.0,854.0,890.0,890.0,919.0,939.0,973.0,
50.0,68.0,69.0,189.0,287.0,290.0,292.0,292.0,383.0,406.0,406.0,417.0,440.0,454.0,492.0,504.0,531.0,562.0,595.0,625.0,633.0,653.0,662.0,683.0,695.0,715.0,718.0,726.0,731.0,749.0,849.0,936.0,937.0,971.0,973.0,993.0,
31.0,45.0,46.0,68.0,81.0,96.0,108.0,150.0,161.0,187.0,233.0,281.0,292.0,295.0,302.0,350.0,400.0,424.0,453.0,466.0,474.0,501.0,507.0,512.0,555.0,592.0,616.0,630.0,660.0,716.0,743.0,745.0,748.0,799.0,826.0,829.0,900.0,942.0,978.0,
21.0,49.0,81.0,169.0,187.0,261.0,280.0,280.0,293.0,300.0,319.0,319.0,331.0,336.0,372.0,422.0,433.0,449.0,470.0,471.0,502.0,570.0,620.0,624.0,707.0,723.0,754.0,780.0,791.0,800.0,845.0,862.0,866.0,931.0,956.0,976.0,
33.0,54.0,77.0,90.0,102.0,154.0,154.0,161.0,176.0,189.0,251.0,272.0,321.0,359.0,364.0,436.0,447.0,462.0,481.0,484.0,503.0,527.0,595.0,616.0,616.0,621.0,719.0,724.0,752.0,768.0,772.0,786.0,796.0,806.0,821.0,840.0,855.0,861.0,866.0,890.0,900.0,917.0,948.0,
9.0,134.0,143.0,163.0,178.0,196.0,210.0,260.0,263.0,290.0,295.0,297.0,308.0,353.0,379.0,384.0,411.0,464.0,486.0,548.0,572.0,575.0,575.0,594.0,618.0,665.0,669.0,700.0,734.0,752.0,773.0,793.0,847.0,855.0,877.0,904.0,907.0,909.0,911.0,936.0,960.0,
9.0,28.0,31.0,81.0,117.0,133.0,140.0,158.0,181.0,190.0,240.0,258.0,267.0,285.0,309.0,374.0,394.0,409.0,424.0,469.0,542.0,552.0,555.0,561.0,575.0,578.0,638.0,642.0,645.0,657.0,814.0,822.0,828.0,853.0,866.0,886.0,946.0,984.0,
38.0,46.0,56.0,60.0,70.0,106.0,165.0,184.0,229.0,241.0,246.0,321.0,331.0,405.0,405.0,446.0,460.0,484.0,488.0,509.0,534.0,552.0,638.0,689.0,694.0,725.0,744.0,773.0,825.0,835.0,840.0,906.0,959.0,960.0,989.0,
4.0,47.0,98.0,123.0,141.0,143.0,146.0,146.0,165.0,205.0,219.0,262.0,266.0,268.0,280.0,331.0,339.0,346.0,357.0,370.0,373.0,397.0,409.0,431.0,432.0,434.0,474.0,569.0,583.0,623.0,633.0,680.0,703.0,746.0,764.0,784.0,785.0,798.0,801.0,822.0,886.0,904.0,927.0,948.0,956.0,965.0,990.0,999.0,
28.0,39.0,67.0,100.0,123.0,135.0,142.0,188.0,214.0,219.0,278.0,279.0,335.0,353.0,387.0,395.0,433.0,550.0,566.0,603.0,686.0,698.0,717.0,752.0,754.0,793.0,827.0,828.0,845.0,851.0,897.0,901.0,919.0,969.0,
58.0,120.0,153.0,190.0,193.0,242.0,284.0,396.0,402.0,427.0,498.0,646.0,665.0,706.0,734.0,785.0,799.0,807.0,861.0,871.0,891.0,971.0,977.0,980.0,
69.0,74.0,91.0,142.0,182.0,244.0,282.0,297.0,325.0,378.0,382.0,415.0,511.0,524.0,533.0,555.0,571.0,578.0,588.0,596.0,616.0,619.0,629.0,676.0,697.0,697.0,712.0,766.0,788.0,800.0,803.0,818.0,856.0,918.0,924.0,959.0,984.0,
8.0,14.0,37.0,62.0,77.0,98.0,123.0,126.0,163.0,275.0,279.0,286.0,414.0,425.0,451.0,503.0,540.0,567.0,583.0,585.0,596.0,612.0,623.0,705.0,707.0,757.0,820.0,836.0,840.0,867.0,881.0,895.0,950.0,
22.0,25.0,41.0,44.0,59.0,70.0,74.0,89.0,92.0,112.0,119.0,130.0,231.0,253.0,330.0,343.0,387.0,396.0,424.0,426.0,440.0,451.0,501.0,514.0,519.0,528.0,604.0,614.0,615.0,621.0,636.0,645.0,693.0,708.0,794.0,805.0,833.0,941.0,983.0,990.0,
89.0,282.0,285.0,293.0,312.0,321.0,345.0,413.0,424.0,444.0,445.0,446.0,483.0,512.0,513.0,527.0,543.0,543.0,555.0,557.0,560.0,594.0,637.0,674.0,679.0,698.0,703.0,712.0,734.0,800.0,813.0,817.0,873.0,883.0,924.0,995.0,
6.0,10.0,31.0,87.0,145.0,153.0,182.0,189.0,214.0,249.0,250.0,259.0,286.0,313.0,314.0,315.0,325.0,330.0,346.0,367.0,408.0,426.0,454.0,471.0,480.0,544.0,573.0,604.0,633.0,699.0,706.0,721.0,726.0,779.0,803.0,822.0,823.0,841.0,865.0,888.0,948.0,969.0,986.0,
32.0,34.0,45.0,63.0,65.0,70.0,71.0,127.0,134.0,138.0,202.0,302.0,356.0,376.0,393.0,401.0,464.0,482.0,484.0,486.0,488.0,542.0,601.0,626.0,646.0,655.0,686.0,704.0,736.0,736.0,797.0,837.0,862.0,866.0,976.0,995.0,
10.0,18.0,27.0,46.0,50.0,77.0,116.0,121.0,149.0,171.0,208.0,256.0,260.0,270.0,292.0,294.0,296.0,299.0,346.0,350.0,450.0,505.0,508.0,546.0,609.0,633.0,656.0,693.0,698.0,705.0,740.0,746.0,750.0,767.0,784.0,817.0,836.0,921.0,932.0,950.0,974.0,990.0,
2.0,30.0,34.0,41.0,65.0,149.0,198.0,217.0,238.0,252.0,254.0,277.0,313.0,339.0,350.0,400.0,417.0,436.0,451.0,463.0,468.0,517.0,532.0,597.0,618.0,619.0,627.0,630.0,664.0,691.0,704.0,746.0,834.0,871.0,999.0,
12.0,53.0,79.0,107.0,194.0,196.0,206.0,234.0,244.0,270.0,281.0,312.0,330.0,405.0,441.0,467.0,475.0,476.0,487.0,662.0,699.0,712.0,764.0,768.0,777.0,786.0,789.0,790.0,797.0,818.0,845.0,848.0,852.0,855.0,856.0,861.0,882.0,894.0,896.0,914.0,
20.0,94.0,94.0,112.0,123.0,130.0,193.0,197.0,205.0,207.0,226.0,233.0,246.0,291.0,291.0,345.0,361.0,371.0,394.0,434.0,469.0,477.0,484.0,486.0,557.0,590.0,592.0,595.0,619.0,642.0,685.0,716.0,771.0,772.0,773.0,781.0,802.0,824.0,828.0,837.0,853.0,920.0,967.0,969.0,985.0,997.0,
7.0,42.0,64.0,107.0,134.0,180.0,184.0,214.0,224.0,284.0,289.0,308.0,324.0,331.0,352.0,418.0,421.0,499.0,586.0,589.0,621.0,633.0,663.0,725.0,730.0,769.0,791.0,813.0,845.0,856.0,861.0,874.0,908.0,921.0,922.0,971.0,
5.0,8.0,57.0,67.0,95.0,129.0,152.0,162.0,168.0,194.0,235.0,239.0,242.0,243.0,257.0,266.0,276.0,322.0,323.0,340.0,343.0,344.0,415.0,426.0,437.0,443.0,444.0,451.0,463.0,504.0,514.0,547.0,582.0,584.0,596.0,647.0,647.0,703.0,712.0,731.0,732.0,757.0,792.0,815.0,866.0,882.0,898.0,943.0,947.0,
25.0,30.0,68.0,125.0,130.0,136.0,160.0,189.0,231.0,256.0,276.0,304.0,305.0,343.0,351.0,385.0,398.0,411.0,459.0,495.0,575.0,645.0,679.0,708.0,719.0,752.0,770.0,781.0,791.0,797.0,871.0,872.0,877.0,911.0,922.0,972.0,986.0,
38.0,76.0,77.0,100.0,148.0,171.0,180.0,191.0,240.0,244.0,250.0,282.0,345.0,365.0,372.0,417.0,473.0,492.0,498.0,563.0,586.0,715.0,725.0,752.0,770.0,787.0,897.0,898.0,918.0,943.0,945.0,978.0,
55.0,79.0,120.0,126.0,205.0,231.0,251.0,292.0,311.0,332.0,342.0,359.0,375.0,393.0,521.0,563.0,601.0,610.0,636.0,640.0,654.0,677.0,691.0,743.0,761.0,773.0,774.0,784.0,796.0,810.0,820.0,841.0,869.0,900.0,910.0,986.0,
13.0,20.0,67.0,93.0,146.0,175.0,179.0,184.0,196.0,200.0,202.0,208.0,245.0,270.0,272.0,343.0,440.0,453.0,471.0,490.0,514.0,527.0,535.0,553.0,570.0,572.0,589.0,597.0,668.0,676.0,679.0,682.0,704.0,710.0,765.0,852.0,931.0,945.0,966.0,
34.0,44.0,113.0,149.0,177.0,189.0,193.0,251.0,298.0,336.0,350.0,372.0,383.0,390.0,400.0,405.0,475.0,495.0,499.0,509.0,516.0,568.0,612.0,619.0,704.0,790.0,794.0,850.0,884.0,919.0,943.0,954.0,982.0,982.0,
26.0,31.0,100.0,105.0,138.0,151.0,160.0,188.0,230.0,252.0,275.0,283.0,357.0,402.0,439.0,463.0,497.0,499.0,546.0,592.0,605.0,621.0,630.0,650.0,679.0,710.0,746.0,747.0,798.0,858.0,860.0,907.0,927.0,931.0,949.0,990.0,995.0,
24.0,26.0,44.0,45.0,200.0,246.0,267.0,287.0,309.0,361.0,376.0,388.0,405.0,573.0,599.0,626.0,643.0,739.0,761.0,776.0,776.0,786.0,797.0,858.0,861.0,924.0,973.0,
67.0,87.0,143.0,149.0,219.0,235.0,255.0,347.0,390.0,414.0,417.0,440.0,462.0,502.0,528.0,550.0,564.0,582.0,608.0,631.0,676.0,692.0,696.0,718.0,747.0,755.0,817.0,837.0,937.0,981.0,993.0,994.0,1000.0,
25.0,50.0,50.0,68.0,69.0,109.0,118.0,133.0,139.0,152.0,155.0,178.0,185.0,188.0,209.0,226.0,233.0,235.0,278.0,311.0,390.0,423.0,453.0,498.0,521.0,539.0,555.0,606.0,628.0,700.0,706.0,738.0,757.0,762.0,817.0,827.0,840.0,841.0,845.0,854.0,884.0,888.0,907.0,946.0,946.0,974.0,977.0,984.0,986.0,992.0,
88.0,114.0,176.0,178.0,258.0,276.0,287.0,356.0,416.0,426.0,435.0,477.0,533.0,534.0,561.0,563.0,580.0,589.0,606.0,610.0,653.0,678.0,699.0,707.0,711.0,759.0,776.0,829.0,870.0,966.0,991.0,
38.0,46.0,119.0,152.0,327.0,334.0,339.0,344.0,355.0,365.0,365.0,405.0,419.0,443.0,485.0,507.0,512.0,516.0,589.0,603.0,614.0,672.0,679.0,718.0,761.0,769.0,780.0,812.0,827.0,845.0,866.0,879.0,880.0,887.0,916.0,925.0,985.0,985.0,
21.0,121.0,152.0,218.0,227.0,358.0,361.0,371.0,386.0,454.0,461.0,469.0,477.0,520.0,568.0,576.0,590.0,597.0,659.0,661.0,724.0,731.0,812.0,847.0,872.0,901.0,
7.0,42.0,44.0,51.0,58.0,75.0,87.0,132.0,151.0,181.0,185.0,249.0,268.0,300.0,341.0,355.0,355.0,367.0,415.0,416.0,418.0,420.0,458.0,459.0,464.0,475.0,499.0,522.0,570.0,573.0,584.0,587.0,659.0,683.0,685.0,691.0,700.0,749.0,753.0,760.0,809.0,829.0,888.0,907.0,914.0,939.0,956.0,962.0,962.0,
87.0,102.0,110.0,115.0,168.0,182.0,237.0,262.0,262.0,271.0,285.0,295.0,300.0,417.0,447.0,457.0,481.0,495.0,511.0,565.0,705.0,759.0,783.0,832.0,846.0,853.0,854.0,862.0,890.0,910.0,922.0,968.0,997.0,
20.0,136.0,146.0,198.0,233.0,254.0,290.0,290.0,319.0,326.0,355.0,375.0,386.0,389.0,403.0,410.0,415.0,516.0,625.0,648.0,675.0,679.0,695.0,700.0,714.0,719.0,749.0,765.0,847.0,889.0,925.0,928.0,952.0,979.0,
7.0,90.0,154.0,158.0,162.0,201.0,206.0,274.0,305.0,307.0,338.0,342.0,362.0,364.0,383.0,396.0,404.0,424.0,444.0,453.0,459.0,712.0,727.0,731.0,765.0,779.0,799.0,826.0,826.0,832.0,844.0,883.0,898.0,925.0,932.0,934.0,947.0,999.0,
10.0,21.0,40.0,64.0,68.0,79.0,102.0,159.0,188.0,193.0,215.0,217.0,235.0,246.0,254.0,291.0,309.0,313.0,373.0,385.0,457.0,478.0,506.0,584.0,589.0,654.0,721.0,728.0,738.0,745.0,832.0,887.0,915.0,947.0,995.0,1000.0,
19.0,21.0,105.0,112.0,139.0,149.0,192.0,207.0,289.0,295.0,304.0,315.0,401.0,412.0,421.0,435.0,467.0,468.0,471.0,477.0,517.0,574.0,589.0,627.0,655.0,713.0,726.0,746.0,786.0,837.0,931.0,
24.0,109.0,111.0,184.0,199.0,222.0,241.0,301.0,328.0,346.0,347.0,403.0,514.0,516.0,536.0,544.0,596.0,599.0,604.0,650.0,702.0,721.0,734.0,754.0,764.0,818.0,876.0,882.0,915.0,926.0,933.0,982.0,
11.0,18.0,26.0,42.0,97.0,108.0,137.0,162.0,229.0,238.0,250.0,253.0,257.0,258.0,292.0,300.0,312.0,339.0,352.0,364.0,429.0,461.0,479.0,526.0,562.0,677.0,768.0,811.0,812.0,830.0,836.0,888.0,907.0,918.0,923.0,991.0,
26.0,63.0,87.0,124.0,129.0,153.0,183.0,199.0,244.0,255.0,259.0,288.0,288.0,288.0,359.0,435.0,454.0,459.0,512.0,518.0,522.0,541.0,603.0,605.0,634.0,643.0,661.0,710.0,730.0,733.0,742.0,746.0,799.0,806.0,833.0,840.0,874.0,912.0,922.0,960.0,977.0,
2.0,37.0,73.0,73.0,93.0,99.0,132.0,140.0,153.0,173.0,174.0,299.0,310.0,360.0,399.0,423.0,438.0,463.0,502.0,505.0,518.0,524.0,533.0,542.0,543.0,561.0,576.0,592.0,601.0,602.0,613.0,645.0,673.0,721.0,735.0,821.0,831.0,848.0,866.0,934.0,960.0,978.0,
82.0,187.0,253.0,331.0,377.0,434.0,473.0,475.0,486.0,532.0,549.0,554.0,651.0,671.0,703.0,708.0,733.0,743.0,760.0,773.0,776.0,810.0,829.0,870.0,871.0,886.0,990.0,990.0,1000.0,
123.0,207.0,235.0,276.0,278.0,280.0,314.0,334.0,410.0,444.0,446.0,454.0,486.0,525.0,537.0,570.0,609.0,619.0,634.0,641.0,675.0,711.0,716.0,744.0,758.0,773.0,785.0,802.0,826.0,845.0,848.0,950.0,958.0,
20.0,92.0,127.0,150.0,151.0,164.0,172.0,175.0,203.0,258.0,312.0,457.0,468.0,481.0,505.0,519.0,520.0,527.0,545.0,566.0,626.0,636.0,647.0,675.0,682.0,738.0,769.0,795.0,814.0,875.0,875.0,898.0,930.0,945.0,984.0,
35.0,54.0,71.0,181.0,235.0,257.0,317.0,395.0,416.0,467.0,479.0,505.0,533.0,538.0,562.0,594.0,600.0,607.0,623.0,623.0,637.0,664.0,714.0,720.0,743.0,750.0,775.0,785.0,848.0,870.0,897.0,901.0,921.0,922.0,945.0,945.0,948.0,948.0,949.0,977.0,993.0,
2.0,5.0,17.0,44.0,142.0,151.0,180.0,207.0,271.0,302.0,316.0,433.0,454.0,458.0,549.0,561.0,568.0,570.0,599.0,614.0,618.0,634.0,746.0,752.0,784.0,821.0,833.0,924.0,932.0,936.0,952.0,976.0,982.0,
5.0,49.0,97.0,127.0,128.0,138.0,155.0,157.0,174.0,301.0,325.0,325.0,326.0,396.0,436.0,450.0,464.0,485.0,565.0,566.0,631.0,632.0,639.0,651.0,660.0,670.0,677.0,684.0,718.0,744.0,761.0,767.0,769.0,799.0,820.0,837.0,938.0,945.0,960.0,
28.0,30.0,151.0,168.0,183.0,216.0,220.0,252.0,302.0,381.0,507.0,515.0,535.0,539.0,569.0,604.0,652.0,690.0,721.0,722.0,723.0,787.0,789.0,914.0,923.0,982.0,985.0,
18.0,30.0,80.0,145.0,179.0,187.0,209.0,216.0,236.0,257.0,333.0,370.0,411.0,435.0,472.0,492.0,509.0,521.0,588.0,616.0,673.0,726.0,732.0,733.0,746.0,810.0,824.0,832.0,935.0,969.0,976.0,986.0,
57.0,148.0,191.0,276.0,282.0,302.0,336.0,353.0,371.0,376.0,378.0,378.0,488.0,506.0,517.0,544.0,547.0,577.0,588.0,598.0,699.0,702.0,790.0,793.0,797.0,801.0,814.0,816.0,829.0,851.0,876.0,910.0,946.0,970.0,
25.0,25.0,39.0,79.0,104.0,114.0,155.0,169.0,211.0,229.0,233.0,236.0,258.0,276.0,280.0,288.0,304.0,306.0,320.0,333.0,363.0,399.0,430.0,479.0,499.0,503.0,505.0,511.0,555.0,573.0,598.0,601.0,634.0,645.0,645.0,656.0,668.0,698.0,710.0,732.0,735.0,764.0,771.0,782.0,796.0,832.0,839.0,854.0,883.0,910.0,918.0,950.0,952.0,976.0,990.0,992.0,
