11.0,41.0,56.0,58.0,59.0,89.0,112.0,131.0,136.0,152.0,159.0,233.0,283.0,315.0,323.0,355.0,405.0,410.0,455.0,459.0,480.0,513.0,542.0,585.0,713.0,759.0,799.0,804.0,807.0,896.0,911.0,943.0,952.0,984.0,
38.0,93.0,111.0,123.0,128.0,146.0,268.0,279.0,315.0,346.0,363.0,373.0,378.0,383.0,423.0,474.0,525.0,531.0,595.0,622.0,650.0,663.0,682.0,685.0,715.0,726.0,760.0,790.0,799.0,813.0,816.0,855.0,923.0,927.0,934.0,953.0,966.0,
7.0,8.0,57.0,66.0,72.0,122.0,154.0,159.0,216.0,274.0,284.0,305.0,332.0,378.0,388.0,401.0,419.0,453.0,490.0,528.0,551.0,589.0,646.0,647.0,677.0,730.0,772.0,798.0,815.0,835.0,932.0,985.0,996.0,998.0,
54.0,58.0,103.0,133.0,144.0,178.0,183.0,208.0,217.0,255.0,257.0,260.0,266.0,299.0,312.0,329.0,366.0,367.0,435.0,461.0,477.0,482.0,503.0,551.0,571.0,578.0,610.0,620.0,663.0,663.0,664.0,680.0,725.0,726.0,732.0,744.0,775.0,781.0,953.0,986.0,
11.0,16.0,38.0,49.0,59.0,63.0,91.0,101.0,150.0,150.0,170.0,216.0,287.0,287.0,291.0,317.0,374.0,384.0,397.0,454.0,466.0,468.0,477.0,493.0,511.0,529.0,587.0,659.0,694.0,715.0,744.0,853.0,876.0,878.0,898.0,899.0,926.0,986.0,
6.0,10.0,17.0,46.0,69.0,105.0,130.0,131.0,179.0,224.0,299.0,303.0,376.0,407.0,435.0,444.0,505.0,511.0,543.0,563.0,649.0,653.0,658.0,735.0,740.0,784.0,817.0,845.0,874.0,897.0,921.0,966.0,984.0,
3.0,11.0,29.0,44.0,140.0,176.0,180.0,204.0,210.0,230.0,240.0,251.0,312.0,325.0,351.0,360.0,401.0,432.0,463.0,465.0,467.0,519.0,593.0,639.0,657.0,665.0,695.0,719.0,831.0,834.0,923.0,938.0,
49.0,87.0,107.0,121.0,123.0,128.0,134.0,165.0,168.0,214.0,223.0,225.0,237.0,270.0,326.0,336.0,365.0,383.0,403.0,431.0,445.0,459.0,504.0,518.0,530.0,532.0,543.0,602.0,642.0,691.0,712.0,715.0,722.0,732.0,734.0,767.0,793.0,893.0,993.0,
7.0,16.0,18.0,156.0,183.0,212.0,225.0,231.0,280.0,286.0,292.0,312.0,334.0,343.0,349.0,359.0,364.0,450.0,476.0,496.0,553.0,559.0,582.0,603.0,610.0,615.0,667.0,690.0,744.0,756.0,852.0,876.0,895.0,911.0,945.0,949.0,952.0,953.0,985.0,
30.0,74.0,113.0,115.0,125.0,132.0,153.0,213.0,230.0,271.0,278.0,287.0,288.0,306.0,342.0,428.0,431.0,440.0,467.0,479.0,511.0,551.0,552.0,557.0,628.0,645.0,652.0,654.0,698.0,709.0,714.0,748.0,754.0,782.0,825.0,871.0,871.0,922.0,924.0,929.0,930.0,944.0,955.0,982.0,991.0,
10.0,11.0,15.0,98.0,106.0,161.0,207.0,221.0,288.0,316.0,318.0,335.0,394.0,411.0,418.0,420.0,460.0,493.0,500.0,534.0,560.0,566.0,584.0,586.0,603.0,640.0,640.0,646.0,650.0,654.0,709.0,723.0,763.0,765.0,812.0,874.0,875.0,918.0,920.0,925.0,930.0,965.0,991.0,
62.0,105.0,113.0,123.0,151.0,202.0,210.0,330.0,367.0,372.0,376.0,456.0,460.0,486.0,548.0,566.0,582.0,589.0,609.0,615.0,678.0,679.0,697.0,739.0,751.0,778.0,793.0,819.0,858.0,861.0,895.0,896.0,903.0,928.0,931.0,977.0,986.0,
11.0,16.0,21.0,64.0,69.0,101.0,112.0,122.0,149.0,162.0,182.0,201.0,202.0,213.0,219.0,297.0,308.0,332.0,333.0,346.0,398.0,415.0,472.0,540.0,553.0,555.0,570.0,610.0,618.0,651.0,674.0,677.0,692.0,699.0,703.0,720.0,761.0,768.0,777.0,831.0,855.0,863.0,915.0,998.0,
22.0,46.0,88.0,121.0,141.0,144.0,145.0,146.0,189.0,231.0,233.0,257.0,258.0,277.0,314.0,388.0,405.0,443.0,451.0,456.0,530.0,530.0,584.0,607.0,661.0,680.0,681.0,745.0,750.0,753.0,763.0,810.0,819.0,834.0,855.0,865.0,876.0,879.0,939.0,940.0,973.0,979.0,983.0,
2.0,15.0,17.0,22.0,42.0,42.0,56.0,108.0,184.0,196.0,200.0,216.0,237.0,237.0,249.0,285.0,305.0,310.0,412.0,414.0,418.0,435.0,451.0,464.0,466.0,504.0,526.0,528.0,530.0,532.0,533.0,561.0,571.0,624.0,630.0,690.0,698.0,732.0,736.0,751.0,862.0,891.0,893.0,898.0,907.0,927.0,950.0,
8.0,30.0,31.0,45.0,63.0,84.0,99.0,141.0,158.0,166.0,187.0,210.0,214.0,272.0,288.0,370.0,395.0,405.0,427.0,439.0,470.0,507.0,534.0,549.0,632.0,667.0,740.0,745.0,768.0,772.0,775.0,780.0,808.0,833.0,834.0,846.0,894.0,895.0,925.0,944.0,946.0,999.0,
36.0,88.0,147.0,181.0,182.0,218.0,272.0,324.0,331.0,365.0,366.0,425.0,439.0,480.0,484.0,526.0,583.0,592.0,634.0,638.0,648.0,694.0,699.0,720.0,746.0,817.0,822.0,829.0,962.0,984.0,988.0,999.0,
14.0,33.0,37.0,55.0,62.0,87.0,160.0,265.0,292.0,298.0,329.0,361.0,422.0,436.0,455.0,505.0,506.0,512.0,529.0,554.0,647.0,737.0,801.0,807.0,836.0,906.0,924.0,943.0,951.0,980.0,
162.0,171.0,178.0,241.0,251.0,287.0,292.0,320.0,321.0,341.0,378.0,388.0,405.0,421.0,451.0,468.0,477.0,510.0,538.0,564.0,566.0,599.0,623.0,628.0,645.0,732.0,773.0,787.0,796.0,858.0,886.0,945.0,
44.0,55.0,59.0,77.0,87.0,185.0,205.0,211.0,260.0,299.0,347.0,352.0,355.0,370.0,394.0,427.0,505.0,543.0,549.0,584.0,606.0,621.0,627.0,632.0,640.0,666.0,690.0,694.0,707.0,710.0,711.0,712.0,729.0,747.0,753.0,960.0,
6.0,8.0,65.0,113.0,142.0,164.0,165.0,180.0,188.0,208.0,250.0,288.0,336.0,380.0,410.0,413.0,438.0,471.0,561.0,623.0,624.0,656.0,737.0,882.0,905.0,935.0,957.0,981.0,
20.0,43.0,136.0,141.0,164.0,172.0,175.0,197.0,262.0,359.0,379.0,394.0,395.0,469.0,475.0,541.0,640.0,647.0,697.0,760.0,776.0,778.0,808.0,851.0,876.0,921.0,980.0,980.0,981.0,
16.0,85.0,104.0,108.0,110.0,139.0,179.0,249.0,259.0,322.0,399.0,400.0,430.0,432.0,446.0,494.0,564.0,591.0,608.0,627.0,633.0,739.0,745.0,767.0,808.0,810.0,839.0,853.0,900.0,901.0,947.0,947.0,974.0,
49.0,53.0,86.0,116.0,173.0,218.0,237.0,302.0,311.0,356.0,370.0,371.0,427.0,455.0,466.0,466.0,475.0,541.0,546.0,674.0,689.0,701.0,711.0,735.0,748.0,765.0,785.0,821.0,852.0,891.0,899.0,943.0,975.0,
24.0,96.0,97.0,130.0,227.0,307.0,339.0,372.0,454.0,521.0,529.0,533.0,538.0,567.0,586.0,621.0,654.0,669.0,690.0,734.0,742.0,748.0,817.0,848.0,864.0,952.0,
28.0,45.0,78.0,120.0,134.0,142.0,188.0,195.0,206.0,230.0,288.0,325.0,382.0,407.0,408.0,412.0,420.0,429.0,445.0,554.0,555.0,557.0,616.0,653.0,684.0,698.0,702.0,724.0,760.0,796.0,850.0,851.0,857.0,861.0,895.0,929.0,938.0,967.0,980.0,
23.0,88.0,122.0,137.0,148.0,165.0,213.0,221.0,222.0,235.0,235.0,242.0,313.0,350.0,428.0,429.0,432.0,461.0,464.0,520.0,545.0,557.0,563.0,578.0,584.0,591.0,617.0,659.0,664.0,674.0,712.0,718.0,722.0,746.0,757.0,767.0,781.0,894.0,912.0,914.0,960.0,961.0,972.0,
35.0,47.0,76.0,114.0,119.0,151.0,152.0,247.0,271.0,305.0,321.0,335.0,357.0,358.0,380.0,391.0,394.0,397.0,400.0,401.0,418.0,443.0,448.0,518.0,523.0,579.0,592.0,618.0,649.0,656.0,740.0,811.0,849.0,871.0,925.0,925.0,942.0,942.0,958.0,972.0,
5.0,77.0,88.0,92.0,121.0,141.0,166.0,172.0,214.0,248.0,275.0,281.0,317.0,353.0,481.0,492.0,504.0,536.0,563.0,609.0,628.0,687.0,690.0,690.0,702.0,725.0,734.0,759.0,786.0,
31.0,43.0,95.0,119.0,133.0,183.0,199.0,201.0,202.0,223.0,229.0,229.0,363.0,403.0,415.0,421.0,422.0,445.0,491.0,497.0,564.0,583.0,587.0,588.0,633.0,674.0,684.0,690.0,702.0,706.0,807.0,815.0,857.0,861.0,945.0,953.0,
9.0,10.0,19.0,62.0,63.0,142.0,173.0,199.0,206.0,229.0,237.0,274.0,288.0,288.0,301.0,323.0,363.0,372.0,397.0,509.0,511.0,516.0,517.0,524.0,531.0,597.0,643.0,650.0,676.0,689.0,690.0,725.0,725.0,746.0,787.0,799.0,805.0,855.0,876.0,931.0,
10.0,35.0,81.0,125.0,131.0,147.0,152.0,159.0,192.0,194.0,208.0,218.0,230.0,230.0,250.0,300.0,317.0,424.0,483.0,498.0,533.0,535.0,664.0,692.0,704.0,716.0,729.0,777.0,780.0,809.0,876.0,889.0,899.0,932.0,939.0,954.0,982.0,995.0,
10.0,17.0,57.0,90.0,165.0,167.0,235.0,250.0,281.0,322.0,333.0,350.0,402.0,414.0,433.0,458.0,474.0,499.0,569.0,595.0,601.0,606.0,613.0,638.0,653.0,676.0,686.0,711.0,782.0,823.0,843.0,869.0,961.0,984.0,999.0,
30.0,55.0,68.0,88.0,88.0,91.0,234.0,236.0,296.0,334.0,389.0,417.0,420.0,431.0,542.0,557.0,598.0,623.0,720.0,732.0,750.0,799.0,800.0,880.0,915.0,928.0,931.0,950.0,975.0,976.0,
20.0,32.0,111.0,165.0,181.0,284.0,309.0,331.0,340.0,403.0,414.0,420.0,476.0,484.0,497.0,514.0,514.0,543.0,556.0,635.0,664.0,695.0,723.0,740.0,789.0,816.0,824.0,838.0,857.0,887.0,979.0,990.0,
24.0,110.0,257.0,279.0,332.0,361.0,365.0,372.0,390.0,399.0,424.0,433.0,483.0,492.0,498.0,501.0,540.0,592.0,596.0,684.0,722.0,769.0,813.0,864.0,936.0,966.0,985.0,993.0,998.0,
17.0,55.0,56.0,152.0,158.0,183.0,242.0,243.0,336.0,388.0,404.0,416.0,429.0,440.0,506.0,581.0,593.0,625.0,638.0,654.0,679.0,683.0,685.0,730.0,738.0,780.0,806.0,892.0,910.0,936.0,943.0,990.0,997.0,
29.0,80.0,136.0,162.0,169.0,201.0,208.0,231.0,261.0,268.0,271.0,275.0,278.0,320.0,364.0,365.0,388.0,420.0,429.0,432.0,445.0,457.0,530.0,641.0,643.0,660.0,682.0,697.0,701.0,788.0,834.0,847.0,877.0,894.0,928.0,959.0,979.0,
68.0,101.0,125.0,135.0,153.0,164.0,168.0,171.0,246.0,287.0,307.0,323.0,336.0,379.0,431.0,456.0,466.0,471.0,552.0,564.0,565.0,565.0,572.0,580.0,582.0,588.0,595.0,607.0,609.0,630.0,642.0,653.0,792.0,812.0,825.0,850.0,870.0,871.0,918.0,928.0,931.0,
3.0,7.0,26.0,42.0,52.0,64.0,125.0,151.0,162.0,236.0,243.0,289.0,336.0,361.0,419.0,423.0,447.0,506.0,508.0,521.0,564.0,578.0,584.0,587.0,601.0,614.0,622.0,623.0,695.0,711.0,718.0,718.0,728.0,848.0,858.0,951.0,992.0,
3.0,9.0,144.0,152.0,160.0,164.0,191.0,194.0,196.0,277.0,280.0,313.0,349.0,389.0,464.0,467.0,481.0,490.0,540.0,574.0,720.0,759.0,765.0,772.0,779.0,784.0,837.0,886.0,893.0,964.0,990.0,
25.0,44.0,48.0,98.0,115.0,126.0,150.0,167.0,171.0,203.0,288.0,345.0,365.0,412.0,433.0,461.0,470.0,489.0,523.0,593.0,597.0,601.0,618.0,648.0,668.0,672.0,677.0,746.0,783.0,804.0,822.0,832.0,835.0,856.0,868.0,872.0,888.0,913.0,
13.0,21.0,47.0,103.0,194.0,199.0,214.0,218.0,218.0,225.0,242.0,260.0,263.0,269.0,331.0,340.0,356.0,372.0,390.0,479.0,511.0,513.0,533.0,567.0,594.0,635.0,644.0,695.0,715.0,744.0,774.0,821.0,824.0,829.0,894.0,947.0,951.0,957.0,965.0,969.0,979.0,
7.0,42.0,101.0,102.0,105.0,175.0,196.0,221.0,228.0,233.0,292.0,336.0,345.0,359.0,367.0,372.0,373.0,393.0,408.0,421.0,429.0,430.0,435.0,450.0,466.0,466.0,510.0,535.0,540.0,583.0,612.0,620.0,625.0,646.0,658.0,715.0,749.0,752.0,778.0,825.0,855.0,870.0,913.0,934.0,935.0,965.0,966.0,968.0,987.0,
14.0,62.0,91.0,105.0,136.0,140.0,148.0,151.0,165.0,198.0,215.0,238.0,322.0,327.0,331.0,474.0,506.0,564.0,596.0,607.0,626.0,693.0,715.0,720.0,765.0,768.0,777.0,778.0,806.0,849.0,862.0,913.0,930.0,945.0,951.0,988.0,990.0,
85.0,105.0,110.0,125.0,192.0,284.0,300.0,343.0,378.0,436.0,491.0,499.0,519.0,531.0,585.0,626.0,658.0,668.0,700.0,702.0,719.0,753.0,758.0,771.0,823.0,848.0,896.0,897.0,900.0,922.0,930.0,
21.0,31.0,70.0,90.0,107.0,112.0,115.0,130.0,131.0,178.0,253.0,268.0,270.0,278.0,323.0,354.0,357.0,492.0,493.0,522.0,533.0,534.0,537.0,612.0,637.0,638.0,642.0,693.0,707.0,736.0,757.0,789.0,794.0,795.0,817.0,856.0,878.0,884.0,906.0,929.0,940.0,960.0,970.0,998.0,999.0,
3.0,92.0,95.0,109.0,118.0,151.0,165.0,177.0,183.0,250.0,260.0,329.0,389.0,391.0,417.0,489.0,492.0,519.0,542.0,558.0,568.0,590.0,604.0,631.0,689.0,695.0,714.0,766.0,799.0,808.0,839.0,965.0,
16.0,28.0,42.0,81.0,101.0,102.0,106.0,115.0,154.0,238.0,267.0,277.0,314.0,365.0,400.0,437.0,451.0,477.0,494.0,523.0,549.0,554.0,563.0,576.0,581.0,594.0,608.0,613.0,613.0,620.0,647.0,737.0,744.0,779.0,846.0,854.0,908.0,986.0,992.0,
22.0,22.0,38.0,53.0,64.0,94.0,131.0,206.0,224.0,238.0,267.0,277.0,297.0,361.0,375.0,384.0,417.0,439.0,446.0,481.0,551.0,563.0,616.0,634.0,697.0,700.0,703.0,746.0,801.0,864.0,873.0,919.0,984.0,987.0,
40.0,120.0,168.0,232.0,237.0,240.0,265.0,339.0,347.0,357.0,367.0,407.0,414.0,499.0,578.0,580.0,584.0,609.0,657.0,674.0,696.0,704.0,780.0,802.0,813.0,818.0,831.0,869.0,884.0,886.0,891.0,915.0,938.0,989.0,990.0,998.0,
15.0,30.0,34.0,95.0,101.0,115.0,169.0,213.0,213.0,235.0,423.0,424.0,449.0,486.0,528.0,591.0,601.0,685.0,688.0,707.0,717.0,751.0,828.0,829.0,858.0,900.0,936.0,
49.0,130.0,219.0,220.0,227.0,239.0,240.0,253.0,257.0,288.0,290.0,290.0,301.0,310.0,330.0,330.0,456.0,467.0,486.0,507.0,512.0,550.0,558.0,559.0,565.0,565.0,584.0,611.0,638.0,753.0,762.0,815.0,910.0,928.0,937.0,952.0,984.0,986.0,
36.0,48.0,66.0,79.0,127.0,141.0,153.0,166.0,194.0,196.0,218.0,254.0,270.0,406.0,428.0,440.0,463.0,463.0,477.0,482.0,491.0,528.0,553.0,559.0,565.0,570.0,587.0,587.0,618.0,642.0,685.0,696.0,697.0,711.0,750.0,813.0,871.0,914.0,944.0,957.0,986.0,991.0,995.0,
13.0,27.0,57.0,67.0,130.0,130.0,160.0,210.0,223.0,308.0,342.0,390.0,403.0,459.0,480.0,481.0,496.0,497.0,517.0,554.0,584.0,597.0,616.0,618.0,639.0,639.0,771.0,815.0,838.0,856.0,882.0,936.0,939.0,993.0,
71.0,111.0,149.0,247.0,331.0,348.0,363.0,390.0,412.0,421.0,454.0,465.0,470.0,472.0,497.0,504.0,575.0,646.0,679.0,730.0,846.0,887.0,
54.0,63.0,131.0,158.0,160.0,173.0,181.0,202.0,236.0,261.0,338.0,351.0,430.0,463.0,475.0,477.0,588.0,592.0,614.0,685.0,709.0,727.0,740.0,751.0,760.0,778.0,821.0,832.0,838.0,856.0,871.0,887.0,921.0,926.0,945.0,984.0,
9.0,24.0,49.0,122.0,159.0,182.0,191.0,257.0,258.0,283.0,308.0,322.0,382.0,382.0,412.0,430.0,475.0,534.0,572.0,649.0,670.0,671.0,676.0,746.0,763.0,788.0,842.0,865.0,881.0,915.0,985.0,
7.0,12.0,12.0,17.0,47.0,54.0,63.0,70.0,139.0,210.0,239.0,319.0,329.0,362.0,394.0,497.0,583.0,591.0,620.0,667.0,669.0,675.0,678.0,700.0,858.0,864.0,925.0,946.0,951.0,960.0,970.0,
25.0,70.0,93.0,110.0,124.0,129.0,163.0,199.0,204.0,206.0,245.0,280.0,300.0,343.0,343.0,377.0,381.0,433.0,552.0,556.0,592.0,598.0,599.0,609.0,648.0,652.0,668.0,712.0,721.0,751.0,772.0,812.0,863.0,908.0,995.0,
77.0,119.0,193.0,223.0,339.0,345.0,373.0,378.0,411.0,419.0,421.0,458.0,517.0,553.0,593.0,606.0,608.0,617.0,629.0,684.0,721.0,734.0,748.0,751.0,775.0,782.0,789.0,825.0,857.0,894.0,917.0,918.0,922.0,923.0,973.0,
14.0,95.0,110.0,120.0,124.0,142.0,143.0,165.0,191.0,205.0,230.0,239.0,325.0,343.0,344.0,412.0,449.0,508.0,536.0,591.0,645.0,657.0,681.0,723.0,733.0,798.0,825.0,831.0,841.0,851.0,945.0,987.0,
24.0,39.0,54.0,64.0,78.0,94.0,108.0,191.0,219.0,241.0,251.0,338.0,405.0,445.0,529.0,537.0,681.0,727.0,766.0,802.0,816.0,818.0,818.0,823.0,877.0,877.0,886.0,948.0,991.0,
80.0,105.0,132.0,249.0,260.0,291.0,397.0,408.0,415.0,426.0,430.0,446.0,452.0,483.0,507.0,509.0,538.0,539.0,546.0,552.0,558.0,562.0,565.0,582.0,651.0,657.0,659.0,663.0,668.0,702.0,768.0,784.0,789.0,800.0,833.0,858.0,858.0,908.0,924.0,976.0,
51.0,60.0,72.0,81.0,116.0,117.0,118.0,127.0,129.0,174.0,211.0,218.0,237.0,241.0,250.0,267.0,271.0,315.0,318.0,319.0,348.0,369.0,403.0,443.0,499.0,511.0,545.0,552.0,567.0,568.0,575.0,577.0,594.0,605.0,687.0,717.0,742.0,756.0,770.0,774.0,795.0,831.0,899.0,914.0,945.0,966.0,
15.0,43.0,102.0,150.0,158.0,165.0,176.0,199.0,214.0,238.0,281.0,283.0,288.0,318.0,345.0,462.0,483.0,518.0,555.0,559.0,572.0,584.0,590.0,593.0,594.0,615.0,644.0,662.0,677.0,737.0,738.0,748.0,771.0,776.0,780.0,793.0,806.0,815.0,815.0,841.0,847.0,853.0,862.0,897.0,990.0,
37.0,49.0,122.0,125.0,285.0,308.0,327.0,348.0,350.0,511.0,517.0,527.0,527.0,582.0,592.0,636.0,643.0,647.0,650.0,676.0,720.0,737.0,761.0,824.0,830.0,840.0,854.0,915.0,949.0,954.0,978.0,979.0,
10.0,44.0,52.0,53.0,110.0,174.0,185.0,265.0,289.0,348.0,352.0,387.0,390.0,413.0,423.0,487.0,489.0,545.0,683.0,685.0,719.0,720.0,755.0,758.0,791.0,846.0,867.0,944.0,951.0,978.0,
20.0,24.0,46.0,64.0,74.0,77.0,79.0,156.0,182.0,220.0,237.0,264.0,293.0,370.0,374.0,410.0,496.0,539.0,568.0,583.0,591.0,629.0,636.0,662.0,663.0,696.0,697.0,720.0,750.0,753.0,769.0,802.0,859.0,882.0,971.0,976.0,990.0,
6.0,11.0,36.0,56.0,69.0,88.0,129.0,196.0,216.0,263.0,350.0,518.0,600.0,601.0,614.0,616.0,643.0,723.0,757.0,773.0,793.0,880.0,885.0,933.0,934.0,939.0,
2.0,21.0,29.0,72.0,112.0,128.0,133.0,148.0,166.0,174.0,180.0,181.0,216.0,260.0,269.0,281.0,315.0,378.0,453.0,460.0,471.0,483.0,506.0,533.0,543.0,579.0,594.0,698.0,709.0,724.0,730.0,773.0,799.0,802.0,820.0,870.0,891.0,908.0,
5.0,22.0,99.0,107.0,107.0,112.0,163.0,172.0,178.0,185.0,348.0,407.0,439.0,452.0,468.0,481.0,484.0,515.0,574.0,650.0,651.0,653.0,655.0,675.0,694.0,723.0,735.0,743.0,782.0,801.0,811.0,829.0,841.0,879.0,893.0,900.0,917.0,937.0,1000.0,
2.0,18.0,33.0,42.0,59.0,72.0,76.0,93.0,99.0,147.0,190.0,193.0,215.0,248.0,260.0,279.0,286.0,292.0,302.0,310.0,319.0,321.0,324.0,325.0,372.0,405.0,409.0,510.0,559.0,568.0,605.0,640.0,665.0,722.0,749.0,784.0,812.0,894.0,900.0,905.0,916.0,954.0,967.0,993.0,
2.0,112.0,116.0,180.0,184.0,192.0,206.0,248.0,307.0,363.0,387.0,395.0,405.0,423.0,520.0,523.0,551.0,631.0,674.0,679.0,687.0,714.0,715.0,735.0,739.0,751.0,783.0,844.0,844.0,913.0,983.0,
23.0,78.0,95.0,106.0,118.0,166.0,196.0,206.0,210.0,268.0,301.0,308.0,338.0,350.0,382.0,408.0,439.0,478.0,494.0,510.0,516.0,596.0,609.0,792.0,828.0,830.0,846.0,860.0,860.0,865.0,933.0,967.0,
11.0,37.0,63.0,75.0,83.0,105.0,107.0,116.0,141.0,158.0,173.0,218.0,257.0,282.0,380.0,399.0,417.0,418.0,445.0,447.0,524.0,574.0,597.0,613.0,637.0,676.0,837.0,840.0,851.0,863.0,863.0,864.0,866.0,937.0,976.0,
66.0,91.0,95.0,114.0,186.0,327.0,343.0,349.0,349.0,354.0,358.0,367.0,379.0,426.0,444.0,457.0,467.0,502.0,578.0,582.0,603.0,606.0,629.0,641.0,654.0,665.0,679.0,686.0,708.0,785.0,788.0,825.0,889.0,920.0,926.0,977.0,
7.0,121.0,135.0,146.0,159.0,191.0,191.0,195.0,232.0,236.0,246.0,308.0,348.0,361.0,370.0,379.0,406.0,445.0,463.0,466.0,484.0,494.0,533.0,556.0,569.0,587.0,606.0,653.0,674.0,678.0,693.0,700.0,742.0,743.0,758.0,806.0,846.0,862.0,876.0,914.0,916.0,964.0,969.0,997.0,
21.0,81.0,85.0,112.0,152.0,171.0,175.0,182.0,188.0,249.0,256.0,259.0,265.0,282.0,318.0,369.0,375.0,378.0,418.0,460.0,468.0,556.0,556.0,563.0,594.0,613.0,625.0,636.0,707.0,716.0,886.0,897.0,911.0,957.0,971.0,
20.0,46.0,52.0,53.0,150.0,185.0,191.0,196.0,280.0,291.0,308.0,350.0,384.0,390.0,413.0,432.0,457.0,647.0,670.0,675.0,694.0,716.0,726.0,753.0,775.0,793.0,902.0,923.0,983.0,
3.0,19.0,22.0,25.0,27.0,51.0,67.0,70.0,108.0,113.0,151.0,175.0,177.0,177.0,204.0,248.0,285.0,291.0,300.0,368.0,395.0,419.0,438.0,454.0,461.0,476.0,500.0,573.0,637.0,715.0,727.0,745.0,838.0,907.0,923.0,927.0,950.0,981.0,992.0,998.0,
4.0,19.0,38.0,54.0,62.0,81.0,156.0,169.0,172.0,217.0,236.0,308.0,360.0,394.0,403.0,412.0,414.0,414.0,438.0,460.0,463.0,489.0,506.0,526.0,559.0,560.0,571.0,611.0,685.0,732.0,782.0,796.0,859.0,862.0,938.0,989.0,998.0,
34.0,46.0,120.0,193.0,197.0,212.0,219.0,232.0,249.0,256.0,290.0,290.0,307.0,314.0,356.0,381.0,394.0,471.0,471.0,536.0,584.0,588.0,608.0,623.0,634.0,655.0,658.0,788.0,803.0,837.0,843.0,906.0,926.0,942.0,945.0,962.0,976.0,
6.0,44.0,58.0,255.0,307.0,332.0,335.0,377.0,406.0,415.0,427.0,528.0,548.0,579.0,586.0,596.0,620.0,630.0,646.0,669.0,670.0,687.0,688.0,710.0,731.0,753.0,883.0,922.0,931.0,935.0,943.0,
8.0,26.0,35.0,47.0,68.0,89.0,131.0,151.0,258.0,278.0,324.0,371.0,378.0,382.0,405.0,431.0,437.0,483.0,489.0,497.0,548.0,583.0,593.0,610.0,632.0,652.0,658.0,661.0,761.0,780.0,791.0,805.0,811.0,820.0,834.0,883.0,894.0,899.0,917.0,959.0,999.0,
58.0,82.0,86.0,102.0,102.0,115.0,150.0,204.0,217.0,230.0,232.0,238.0,254.0,284.0,294.0,298.0,436.0,477.0,488.0,489.0,500.0,500.0,501.0,504.0,508.0,532.0,549.0,557.0,574.0,591.0,595.0,619.0,635.0,659.0,661.0,732.0,752.0,819.0,828.0,834.0,849.0,861.0,950.0,961.0,964.0,989.0,
54.0,79.0,126.0,179.0,184.0,267.0,307.0,314.0,330.0,333.0,430.0,440.0,444.0,461.0,470.0,482.0,516.0,560.0,572.0,575.0,628.0,716.0,759.0,801.0,813.0,815.0,830.0,850.0,852.0,904.0,943.0,977.0,992.0,
48.0,69.0,109.0,123.0,189.0,206.0,213.0,215.0,216.0,253.0,291.0,298.0,308.0,351.0,362.0,366.0,399.0,418.0,437.0,497.0,538.0,566.0,588.0,624.0,631.0,640.0,645.0,688.0,739.0,760.0,785.0,846.0,865.0,870.0,875.0,897.0,
64.0,66.0,66.0,120.0,160.0,167.0,271.0,278.0,309.0,335.0,388.0,406.0,424.0,429.0,475.0,511.0,512.0,575.0,605.0,683.0,703.0,769.0,778.0,801.0,814.0,831.0,848.0,867.0,919.0,933.0,946.0,
13.0,27.0,106.0,134.0,159.0,163.0,175.0,189.0,230.0,310.0,429.0,444.0,447.0,520.0,638.0,664.0,668.0,669.0,687.0,690.0,695.0,760.0,771.0,782.0,804.0,817.0,892.0,950.0,956.0,966.0,980.0,
171.0,176.0,180.0,197.0,200.0,211.0,230.0,232.0,258.0,276.0,287.0,353.0,410.0,453.0,503.0,511.0,512.0,528.0,533.0,546.0,602.0,609.0,658.0,666.0,676.0,712.0,729.0,731.0,809.0,814.0,815.0,826.0,834.0,843.0,867.0,928.0,930.0,942.0,958.0,967.0,
17.0,42.0,45.0,71.0,76.0,108.0,118.0,159.0,204.0,211.0,234.0,248.0,257.0,259.0,278.0,284.0,322.0,334.0,379.0,399.0,405.0,428.0,429.0,435.0,495.0,516.0,534.0,550.0,557.0,558.0,571.0,625.0,628.0,632.0,648.0,677.0,722.0,744.0,751.0,766.0,788.0,798.0,802.0,804.0,832.0,900.0,911.0,918.0,926.0,927.0,930.0,954.0,977.0,
34.0,100.0,111.0,128.0,151.0,157.0,275.0,288.0,320.0,359.0,367.0,374.0,380.0,385.0,454.0,464.0,489.0,515.0,554.0,560.0,575.0,597.0,605.0,621.0,685.0,690.0,699.0,702.0,716.0,776.0,814.0,855.0,871.0,884.0,909.0,926.0,933.0,975.0,976.0,980.0,
35.0,41.0,46.0,90.0,92.0,97.0,114.0,121.0,126.0,146.0,156.0,240.0,243.0,305.0,314.0,320.0,353.0,391.0,425.0,444.0,456.0,458.0,461.0,550.0,554.0,566.0,572.0,583.0,596.0,597.0,621.0,633.0,636.0,653.0,682.0,717.0,730.0,753.0,758.0,770.0,772.0,790.0,825.0,892.0,934.0,935.0,1000.0,1000.0,
52.0,82.0,85.0,122.0,155.0,159.0,196.0,198.0,208.0,210.0,224.0,237.0,286.0,298.0,312.0,340.0,360.0,398.0,418.0,424.0,427.0,447.0,449.0,462.0,506.0,514.0,576.0,677.0,750.0,820.0,850.0,857.0,880.0,895.0,899.0,904.0,913.0,917.0,930.0,933.0,956.0,
17.0,28.0,85.0,178.0,267.0,283.0,297.0,321.0,339.0,367.0,368.0,442.0,484.0,507.0,574.0,581.0,593.0,598.0,615.0,637.0,653.0,663.0,742.0,745.0,758.0,814.0,815.0,820.0,854.0,874.0,904.0,929.0,930.0,963.0,985.0,
38.0,96.0,128.0,180.0,249.0,264.0,287.0,316.0,432.0,477.0,498.0,509.0,534.0,541.0,542.0,575.0,578.0,590.0,592.0,743.0,770.0,780.0,785.0,818.0,819.0,885.0,890.0,914.0,927.0,928.0,955.0,958.0,969.0,985.0,991.0,998.0,
42.0,49.0,49.0,59.0,75.0,137.0,153.0,205.0,225.0,252.0,294.0,316.0,328.0,380.0,382.0,492.0,526.0,544.0,544.0,560.0,581.0,625.0,679.0,680.0,734.0,735.0,740.0,784.0,808.0,874.0,900.0,916.0,926.0,930.0,931.0,940.0,995.0,
29.0,47.0,55.0,82.0,137.0,161.0,320.0,334.0,424.0,435.0,445.0,453.0,481.0,538.0,543.0,584.0,589.0,624.0,636.0,649.0,739.0,756.0,786.0,803.0,809.0,824.0,907.0,910.0,959.0,970.0,972.0,983.0,991.0,
58.0,90.0,114.0,126.0,142.0,142.0,185.0,216.0,223.0,296.0,335.0,340.0,342.0,349.0,351.0,362.0,369.0,374.0,383.0,427.0,441.0,510.0,525.0,576.0,611.0,668.0,709.0,740.0,781.0,794.0,811.0,839.0,847.0,862.0,864.0,873.0,923.0,960.0,996.0,
