28.0,61.0,79.0,80.0,156.0,191.0,208.0,217.0,238.0,257.0,273.0,302.0,304.0,344.0,420.0,457.0,459.0,500.0,504.0,553.0,553.0,587.0,641.0,698.0,776.0,780.0,890.0,893.0,898.0,918.0,947.0,955.0,993.0,
6.0,25.0,53.0,74.0,79.0,85.0,150.0,157.0,163.0,184.0,194.0,205.0,224.0,273.0,329.0,331.0,351.0,405.0,458.0,494.0,512.0,524.0,567.0,583.0,601.0,609.0,613.0,637.0,664.0,671.0,727.0,738.0,745.0,749.0,752.0,753.0,775.0,806.0,810.0,812.0,861.0,982.0,986.0,
41.0,76.0,97.0,148.0,150.0,212.0,231.0,263.0,292.0,366.0,370.0,397.0,436.0,441.0,458.0,464.0,466.0,537.0,613.0,641.0,674.0,696.0,706.0,718.0,720.0,771.0,775.0,782.0,794.0,807.0,818.0,825.0,848.0,888.0,893.0,916.0,922.0,972.0,974.0,982.0,991.0,
28.0,36.0,72.0,96.0,121.0,129.0,147.0,175.0,175.0,176.0,177.0,215.0,228.0,230.0,245.0,287.0,314.0,315.0,319.0,320.0,336.0,405.0,446.0,449.0,466.0,486.0,495.0,503.0,542.0,603.0,689.0,711.0,726.0,831.0,834.0,836.0,839.0,892.0,911.0,941.0,952.0,997.0,
61.0,63.0,65.0,71.0,127.0,143.0,221.0,234.0,264.0,285.0,310.0,314.0,323.0,476.0,485.0,491.0,516.0,552.0,578.0,615.0,713.0,714.0,778.0,779.0,804.0,822.0,890.0,901.0,902.0,907.0,939.0,
9.0,69.0,102.0,114.0,172.0,182.0,200.0,287.0,336.0,346.0,354.0,376.0,380.0,399.0,431.0,443.0,453.0,465.0,483.0,568.0,590.0,634.0,650.0,689.0,710.0,718.0,740.0,742.0,752.0,778.0,825.0,829.0,845.0,884.0,885.0,915.0,
19.0,39.0,49.0,52.0,75.0,103.0,118.0,177.0,205.0,236.0,263.0,273.0,310.0,315.0,338.0,399.0,430.0,454.0,454.0,477.0,487.0,488.0,512.0,580.0,613.0,625.0,773.0,780.0,797.0,862.0,904.0,925.0,990.0,992.0,997.0,
53.0,68.0,80.0,104.0,156.0,191.0,197.0,280.0,401.0,474.0,491.0,515.0,545.0,568.0,611.0,644.0,659.0,666.0,682.0,729.0,735.0,771.0,785.0,787.0,793.0,847.0,970.0,992.0,
17.0,40.0,43.0,53.0,123.0,148.0,196.0,224.0,241.0,260.0,260.0,348.0,388.0,399.0,402.0,421.0,449.0,481.0,482.0,557.0,573.0,635.0,683.0,699.0,804.0,805.0,835.0,875.0,879.0,889.0,935.0,938.0,967.0,
13.0,23.0,24.0,24.0,29.0,42.0,112.0,139.0,187.0,199.0,200.0,212.0,222.0,251.0,318.0,366.0,385.0,396.0,445.0,457.0,459.0,486.0,494.0,504.0,572.0,577.0,592.0,607.0,646.0,669.0,673.0,684.0,764.0,775.0,795.0,799.0,811.0,836.0,870.0,906.0,911.0,921.0,966.0,978.0,988.0,
19.0,57.0,57.0,82.0,162.0,220.0,256.0,266.0,305.0,325.0,377.0,399.0,447.0,469.0,478.0,480.0,484.0,533.0,535.0,536.0,537.0,539.0,565.0,594.0,688.0,792.0,841.0,841.0,842.0,885.0,906.0,920.0,921.0,923.0,949.0,
10.0,25.0,33.0,69.0,80.0,104.0,136.0,198.0,268.0,276.0,304.0,338.0,351.0,363.0,424.0,426.0,442.0,452.0,458.0,465.0,475.0,475.0,489.0,510.0,512.0,540.0,559.0,569.0,580.0,613.0,633.0,674.0,729.0,763.0,779.0,780.0,925.0,970.0,
18.0,22.0,83.0,142.0,200.0,217.0,273.0,276.0,300.0,402.0,428.0,461.0,468.0,515.0,518.0,598.0,624.0,629.0,666.0,708.0,735.0,753.0,774.0,830.0,893.0,960.0,969.0,977.0,
45.0,82.0,101.0,126.0,129.0,129.0,139.0,152.0,186.0,219.0,277.0,284.0,292.0,299.0,348.0,353.0,412.0,414.0,466.0,477.0,486.0,523.0,526.0,549.0,562.0,596.0,659.0,665.0,682.0,719.0,794.0,842.0,863.0,905.0,920.0,940.0,955.0,963.0,963.0,981.0,986.0,994.0,
63.0,81.0,86.0,146.0,150.0,159.0,221.0,255.0,260.0,303.0,314.0,354.0,361.0,438.0,477.0,500.0,509.0,529.0,576.0,619.0,624.0,625.0,633.0,636.0,639.0,643.0,645.0,666.0,713.0,742.0,750.0,773.0,813.0,835.0,854.0,866.0,878.0,888.0,904.0,943.0,
4.0,12.0,51.0,90.0,114.0,142.0,150.0,175.0,195.0,335.0,335.0,335.0,382.0,569.0,606.0,634.0,711.0,734.0,747.0,752.0,767.0,792.0,793.0,848.0,868.0,884.0,981.0,
22.0,78.0,96.0,116.0,121.0,122.0,130.0,132.0,148.0,184.0,185.0,259.0,278.0,307.0,390.0,393.0,438.0,510.0,515.0,527.0,541.0,553.0,555.0,558.0,585.0,603.0,667.0,738.0,755.0,776.0,832.0,903.0,939.0,949.0,949.0,
5.0,33.0,82.0,212.0,456.0,484.0,531.0,539.0,556.0,603.0,624.0,638.0,703.0,737.0,743.0,797.0,806.0,822.0,847.0,864.0,895.0,999.0,
44.0,74.0,92.0,124.0,204.0,208.0,222.0,236.0,274.0,302.0,314.0,341.0,364.0,372.0,393.0,397.0,403.0,405.0,426.0,431.0,454.0,471.0,476.0,484.0,488.0,519.0,528.0,574.0,635.0,646.0,681.0,697.0,778.0,782.0,787.0,819.0,844.0,847.0,860.0,869.0,910.0,929.0,964.0,978.0,
17.0,19.0,55.0,59.0,75.0,94.0,188.0,209.0,222.0,227.0,244.0,286.0,299.0,312.0,339.0,363.0,371.0,379.0,423.0,429.0,432.0,477.0,485.0,514.0,575.0,586.0,609.0,647.0,649.0,659.0,661.0,684.0,685.0,691.0,716.0,774.0,811.0,823.0,826.0,847.0,888.0,936.0,943.0,953.0,963.0,968.0,984.0,
2.0,40.0,44.0,59.0,178.0,251.0,286.0,336.0,339.0,364.0,382.0,384.0,400.0,423.0,478.0,484.0,489.0,536.0,554.0,583.0,615.0,647.0,648.0,649.0,683.0,717.0,777.0,827.0,888.0,891.0,951.0,
23.0,44.0,77.0,89.0,127.0,142.0,179.0,183.0,289.0,297.0,350.0,351.0,364.0,437.0,449.0,494.0,499.0,532.0,533.0,557.0,574.0,587.0,590.0,642.0,655.0,786.0,812.0,835.0,878.0,886.0,890.0,890.0,890.0,937.0,949.0,976.0,
12.0,49.0,58.0,111.0,139.0,178.0,233.0,241.0,294.0,305.0,309.0,361.0,364.0,365.0,388.0,459.0,464.0,466.0,489.0,498.0,502.0,508.0,573.0,589.0,639.0,644.0,692.0,725.0,758.0,773.0,775.0,782.0,784.0,825.0,858.0,859.0,887.0,932.0,969.0,996.0,999.0,
109.0,122.0,187.0,207.0,237.0,290.0,305.0,326.0,375.0,399.0,416.0,427.0,433.0,473.0,473.0,540.0,548.0,632.0,674.0,679.0,683.0,698.0,712.0,739.0,748.0,872.0,906.0,982.0,
8.0,16.0,16.0,24.0,43.0,50.0,63.0,65.0,195.0,195.0,200.0,221.0,255.0,264.0,273.0,284.0,306.0,338.0,383.0,449.0,468.0,486.0,508.0,521.0,534.0,552.0,582.0,593.0,619.0,633.0,641.0,670.0,671.0,710.0,776.0,779.0,792.0,793.0,857.0,933.0,976.0,983.0,
107.0,132.0,146.0,152.0,221.0,248.0,324.0,336.0,381.0,399.0,402.0,419.0,455.0,485.0,574.0,584.0,587.0,603.0,608.0,657.0,658.0,705.0,708.0,717.0,740.0,800.0,830.0,838.0,842.0,897.0,907.0,977.0,986.0,
46.0,51.0,64.0,72.0,102.0,117.0,123.0,153.0,200.0,201.0,208.0,232.0,334.0,338.0,373.0,375.0,376.0,470.0,502.0,508.0,521.0,536.0,564.0,638.0,639.0,684.0,690.0,718.0,739.0,791.0,791.0,815.0,816.0,873.0,946.0,989.0,
36.0,107.0,215.0,243.0,283.0,345.0,351.0,387.0,390.0,408.0,410.0,474.0,521.0,570.0,591.0,597.0,602.0,619.0,624.0,628.0,641.0,682.0,725.0,813.0,913.0,927.0,974.0,
23.0,51.0,95.0,100.0,115.0,124.0,151.0,172.0,204.0,217.0,261.0,316.0,321.0,336.0,361.0,386.0,436.0,452.0,492.0,586.0,590.0,631.0,638.0,656.0,671.0,679.0,701.0,703.0,808.0,838.0,850.0,967.0,995.0,
4.0,15.0,17.0,18.0,32.0,63.0,66.0,77.0,209.0,240.0,275.0,282.0,325.0,348.0,442.0,454.0,462.0,465.0,557.0,620.0,632.0,644.0,677.0,687.0,700.0,702.0,709.0,713.0,722.0,731.0,733.0,828.0,881.0,897.0,956.0,961.0,
24.0,157.0,158.0,164.0,166.0,188.0,257.0,276.0,311.0,312.0,337.0,378.0,396.0,399.0,442.0,463.0,482.0,498.0,515.0,553.0,564.0,589.0,613.0,705.0,749.0,853.0,875.0,995.0,
80.0,126.0,151.0,182.0,188.0,193.0,235.0,279.0,288.0,293.0,311.0,317.0,349.0,359.0,370.0,417.0,604.0,611.0,641.0,651.0,656.0,677.0,693.0,698.0,738.0,743.0,774.0,776.0,812.0,856.0,879.0,890.0,943.0,
41.0,71.0,73.0,86.0,100.0,125.0,144.0,225.0,248.0,284.0,333.0,381.0,436.0,511.0,530.0,553.0,606.0,678.0,715.0,763.0,790.0,819.0,832.0,939.0,984.0,
22.0,52.0,56.0,79.0,87.0,108.0,118.0,126.0,141.0,148.0,152.0,158.0,172.0,187.0,246.0,266.0,272.0,291.0,299.0,322.0,341.0,393.0,402.0,416.0,478.0,560.0,593.0,648.0,708.0,721.0,727.0,728.0,738.0,757.0,782.0,784.0,788.0,788.0,793.0,813.0,839.0,879.0,891.0,997.0,
50.0,60.0,62.0,123.0,142.0,155.0,209.0,228.0,273.0,280.0,286.0,286.0,294.0,301.0,322.0,359.0,362.0,448.0,451.0,498.0,525.0,526.0,569.0,589.0,612.0,652.0,706.0,730.0,750.0,768.0,803.0,814.0,868.0,870.0,877.0,886.0,892.0,897.0,898.0,901.0,908.0,927.0,
17.0,24.0,40.0,41.0,68.0,75.0,118.0,152.0,288.0,366.0,370.0,393.0,415.0,426.0,428.0,436.0,459.0,461.0,542.0,563.0,574.0,592.0,594.0,607.0,623.0,637.0,647.0,661.0,670.0,697.0,724.0,741.0,795.0,802.0,817.0,881.0,939.0,969.0,
13.0,35.0,51.0,56.0,65.0,109.0,155.0,186.0,188.0,198.0,237.0,254.0,270.0,334.0,347.0,376.0,379.0,444.0,461.0,506.0,547.0,647.0,665.0,671.0,706.0,731.0,748.0,826.0,831.0,901.0,912.0,916.0,929.0,932.0,947.0,953.0,983.0,997.0,
33.0,102.0,160.0,181.0,187.0,248.0,334.0,423.0,454.0,461.0,529.0,602.0,628.0,677.0,711.0,737.0,759.0,772.0,811.0,830.0,875.0,880.0,918.0,945.0,961.0,969.0,974.0,980.0,
7.0,27.0,38.0,77.0,95.0,110.0,122.0,140.0,147.0,204.0,209.0,213.0,324.0,330.0,428.0,470.0,476.0,476.0,514.0,517.0,568.0,625.0,629.0,666.0,672.0,738.0,761.0,800.0,815.0,852.0,862.0,867.0,880.0,890.0,901.0,924.0,925.0,938.0,978.0,
13.0,51.0,61.0,77.0,90.0,102.0,106.0,111.0,113.0,126.0,131.0,151.0,184.0,197.0,209.0,221.0,243.0,257.0,264.0,288.0,300.0,415.0,422.0,438.0,501.0,502.0,548.0,603.0,604.0,614.0,622.0,661.0,691.0,743.0,765.0,787.0,802.0,825.0,827.0,836.0,843.0,846.0,868.0,877.0,879.0,930.0,
19.0,19.0,32.0,51.0,112.0,132.0,132.0,137.0,264.0,278.0,345.0,364.0,379.0,388.0,453.0,455.0,470.0,506.0,507.0,536.0,549.0,566.0,588.0,602.0,627.0,631.0,634.0,653.0,701.0,723.0,777.0,818.0,918.0,
10.0,10.0,34.0,83.0,109.0,133.0,136.0,187.0,210.0,240.0,252.0,267.0,291.0,310.0,349.0,387.0,391.0,411.0,425.0,442.0,446.0,447.0,503.0,549.0,573.0,573.0,610.0,614.0,630.0,651.0,653.0,699.0,739.0,762.0,762.0,799.0,852.0,864.0,885.0,983.0,999.0,999.0,
56.0,58.0,77.0,109.0,109.0,110.0,164.0,179.0,186.0,200.0,252.0,260.0,272.0,321.0,335.0,345.0,368.0,369.0,370.0,373.0,382.0,389.0,432.0,447.0,479.0,483.0,516.0,533.0,581.0,584.0,594.0,599.0,636.0,668.0,745.0,776.0,785.0,826.0,832.0,838.0,886.0,974.0,996.0,
38.0,122.0,152.0,161.0,207.0,266.0,446.0,472.0,512.0,539.0,557.0,572.0,609.0,613.0,641.0,653.0,733.0,782.0,814.0,866.0,942.0,959.0,988.0,
93.0,143.0,172.0,224.0,234.0,289.0,322.0,454.0,474.0,475.0,505.0,506.0,507.0,528.0,546.0,553.0,556.0,591.0,613.0,631.0,645.0,670.0,673.0,806.0,858.0,860.0,905.0,932.0,965.0,980.0,
3.0,78.0,116.0,127.0,177.0,254.0,282.0,289.0,297.0,375.0,376.0,383.0,403.0,416.0,461.0,472.0,479.0,483.0,521.0,527.0,540.0,548.0,567.0,623.0,665.0,721.0,722.0,723.0,767.0,785.0,786.0,789.0,825.0,878.0,905.0,953.0,998.0,
20.0,74.0,103.0,111.0,114.0,130.0,195.0,247.0,284.0,356.0,460.0,490.0,528.0,590.0,655.0,684.0,703.0,728.0,762.0,798.0,836.0,846.0,887.0,897.0,917.0,986.0,
54.0,71.0,121.0,125.0,205.0,242.0,347.0,379.0,407.0,447.0,489.0,492.0,502.0,541.0,566.0,581.0,629.0,631.0,640.0,646.0,652.0,661.0,663.0,687.0,693.0,694.0,705.0,712.0,724.0,755.0,756.0,787.0,830.0,840.0,867.0,875.0,918.0,
23.0,29.0,102.0,126.0,142.0,169.0,203.0,273.0,310.0,319.0,321.0,380.0,422.0,432.0,451.0,473.0,586.0,649.0,652.0,682.0,713.0,736.0,803.0,862.0,868.0,875.0,908.0,974.0,980.0,981.0,985.0,
4.0,65.0,74.0,91.0,104.0,121.0,132.0,151.0,206.0,206.0,336.0,341.0,355.0,436.0,440.0,442.0,579.0,605.0,621.0,674.0,745.0,750.0,771.0,794.0,796.0,796.0,805.0,821.0,827.0,878.0,985.0,999.0,
41.0,87.0,97.0,119.0,135.0,143.0,148.0,181.0,185.0,192.0,195.0,204.0,225.0,232.0,264.0,266.0,311.0,335.0,382.0,394.0,407.0,430.0,460.0,507.0,509.0,534.0,560.0,590.0,613.0,618.0,680.0,683.0,704.0,709.0,780.0,783.0,843.0,855.0,862.0,889.0,889.0,937.0,949.0,
47.0,59.0,69.0,112.0,174.0,181.0,204.0,214.0,222.0,254.0,257.0,357.0,399.0,450.0,481.0,493.0,496.0,503.0,637.0,662.0,684.0,692.0,695.0,697.0,723.0,787.0,790.0,906.0,921.0,964.0,
24.0,42.0,52.0,100.0,128.0,183.0,240.0,242.0,260.0,285.0,288.0,292.0,341.0,355.0,411.0,415.0,423.0,423.0,428.0,446.0,513.0,515.0,517.0,553.0,585.0,632.0,633.0,652.0,719.0,740.0,749.0,793.0,846.0,863.0,890.0,907.0,924.0,936.0,991.0,999.0,
71.0,72.0,110.0,113.0,129.0,156.0,186.0,217.0,234.0,253.0,255.0,257.0,404.0,455.0,463.0,490.0,535.0,545.0,589.0,607.0,622.0,624.0,636.0,672.0,674.0,688.0,695.0,697.0,706.0,744.0,852.0,865.0,894.0,946.0,946.0,
15.0,84.0,90.0,102.0,210.0,214.0,251.0,279.0,287.0,289.0,306.0,317.0,340.0,347.0,351.0,360.0,383.0,387.0,409.0,441.0,472.0,492.0,558.0,588.0,589.0,608.0,643.0,645.0,647.0,648.0,660.0,735.0,791.0,839.0,875.0,940.0,961.0,
62.0,72.0,121.0,144.0,146.0,254.0,271.0,327.0,360.0,371.0,381.0,411.0,433.0,437.0,451.0,484.0,517.0,527.0,705.0,745.0,770.0,778.0,780.0,782.0,783.0,838.0,839.0,862.0,881.0,966.0,969.0,981.0,
6.0,32.0,37.0,55.0,111.0,134.0,136.0,145.0,149.0,190.0,204.0,209.0,252.0,287.0,341.0,390.0,503.0,511.0,518.0,567.0,575.0,616.0,633.0,684.0,721.0,779.0,780.0,796.0,876.0,899.0,913.0,919.0,971.0,
15.0,18.0,44.0,58.0,60.0,63.0,104.0,109.0,164.0,230.0,231.0,312.0,330.0,430.0,480.0,515.0,551.0,568.0,605.0,650.0,689.0,701.0,702.0,756.0,789.0,814.0,814.0,818.0,840.0,873.0,880.0,922.0,923.0,926.0,956.0,969.0,976.0,
10.0,48.0,56.0,69.0,155.0,164.0,188.0,223.0,243.0,246.0,247.0,250.0,286.0,288.0,290.0,299.0,312.0,322.0,344.0,346.0,355.0,451.0,488.0,540.0,569.0,577.0,591.0,591.0,604.0,639.0,664.0,681.0,681.0,718.0,719.0,727.0,730.0,808.0,866.0,877.0,880.0,913.0,917.0,959.0,970.0,982.0,
6.0,8.0,185.0,209.0,285.0,292.0,295.0,307.0,367.0,414.0,460.0,474.0,521.0,525.0,544.0,547.0,575.0,647.0,652.0,678.0,679.0,711.0,719.0,761.0,775.0,795.0,809.0,828.0,828.0,870.0,886.0,908.0,941.0,945.0,963.0,
26.0,31.0,33.0,59.0,94.0,139.0,173.0,187.0,210.0,221.0,225.0,255.0,262.0,273.0,274.0,288.0,406.0,410.0,447.0,474.0,486.0,493.0,501.0,529.0,560.0,595.0,604.0,650.0,661.0,671.0,685.0,697.0,722.0,723.0,733.0,738.0,750.0,759.0,823.0,826.0,868.0,887.0,901.0,942.0,969.0,969.0,
14.0,26.0,45.0,65.0,73.0,77.0,78.0,87.0,100.0,114.0,181.0,190.0,203.0,249.0,267.0,276.0,301.0,331.0,348.0,377.0,377.0,394.0,396.0,442.0,513.0,530.0,536.0,548.0,645.0,673.0,682.0,757.0,763.0,771.0,823.0,863.0,864.0,865.0,872.0,882.0,889.0,912.0,917.0,
3.0,48.0,76.0,111.0,120.0,120.0,160.0,242.0,247.0,264.0,265.0,302.0,347.0,358.0,376.0,386.0,388.0,446.0,451.0,474.0,514.0,558.0,567.0,620.0,631.0,649.0,688.0,707.0,719.0,740.0,763.0,797.0,799.0,805.0,916.0,933.0,953.0,
13.0,41.0,81.0,84.0,85.0,91.0,99.0,109.0,156.0,177.0,179.0,248.0,276.0,312.0,314.0,327.0,337.0,386.0,400.0,411.0,441.0,496.0,513.0,561.0,671.0,718.0,724.0,760.0,765.0,781.0,818.0,891.0,906.0,942.0,973.0,979.0,
14.0,19.0,43.0,57.0,94.0,165.0,168.0,181.0,197.0,209.0,272.0,283.0,347.0,380.0,393.0,504.0,552.0,561.0,654.0,675.0,680.0,707.0,735.0,761.0,814.0,836.0,847.0,870.0,879.0,889.0,940.0,964.0,989.0,991.0,
35.0,47.0,139.0,148.0,226.0,254.0,256.0,260.0,294.0,417.0,459.0,459.0,573.0,597.0,643.0,708.0,720.0,743.0,750.0,852.0,950.0,970.0,1000.0,
68.0,85.0,93.0,116.0,176.0,203.0,318.0,378.0,471.0,552.0,599.0,624.0,625.0,631.0,660.0,689.0,759.0,766.0,782.0,821.0,836.0,883.0,949.0,973.0,981.0,994.0,
67.0,77.0,80.0,84.0,84.0,87.0,117.0,149.0,180.0,267.0,288.0,312.0,312.0,315.0,353.0,386.0,466.0,510.0,525.0,529.0,561.0,592.0,592.0,626.0,629.0,681.0,725.0,777.0,779.0,801.0,812.0,827.0,834.0,915.0,932.0,939.0,951.0,971.0,976.0,
27.0,28.0,35.0,49.0,66.0,67.0,82.0,176.0,177.0,208.0,270.0,276.0,281.0,290.0,350.0,421.0,423.0,497.0,550.0,557.0,577.0,639.0,694.0,706.0,716.0,770.0,792.0,833.0,838.0,888.0,937.0,948.0,
28.0,177.0,182.0,218.0,218.0,330.0,351.0,351.0,359.0,371.0,373.0,466.0,568.0,579.0,649.0,655.0,662.0,682.0,688.0,763.0,797.0,850.0,903.0,910.0,941.0,972.0,975.0,
31.0,34.0,39.0,70.0,117.0,150.0,151.0,166.0,176.0,194.0,227.0,244.0,334.0,354.0,371.0,383.0,396.0,426.0,499.0,537.0,554.0,575.0,629.0,661.0,676.0,700.0,721.0,742.0,752.0,765.0,779.0,881.0,891.0,941.0,976.0,987.0,
10.0,23.0,68.0,70.0,91.0,103.0,127.0,134.0,137.0,211.0,228.0,258.0,292.0,301.0,303.0,330.0,333.0,343.0,411.0,413.0,446.0,460.0,462.0,482.0,488.0,490.0,523.0,554.0,559.0,573.0,592.0,601.0,602.0,609.0,620.0,627.0,649.0,651.0,654.0,692.0,701.0,719.0,722.0,828.0,962.0,999.0,
61.0,66.0,183.0,301.0,330.0,338.0,339.0,340.0,413.0,425.0,444.0,591.0,596.0,600.0,616.0,625.0,627.0,735.0,735.0,763.0,774.0,795.0,848.0,854.0,866.0,868.0,876.0,900.0,921.0,948.0,964.0,981.0,993.0,997.0,
16.0,35.0,37.0,37.0,77.0,86.0,100.0,106.0,118.0,123.0,195.0,214.0,223.0,229.0,241.0,322.0,345.0,351.0,383.0,391.0,403.0,449.0,480.0,503.0,511.0,593.0,606.0,636.0,686.0,717.0,725.0,783.0,801.0,841.0,857.0,859.0,871.0,880.0,919.0,923.0,932.0,951.0,982.0,993.0,
21.0,63.0,71.0,75.0,101.0,119.0,139.0,198.0,231.0,320.0,323.0,331.0,359.0,383.0,388.0,490.0,505.0,518.0,559.0,562.0,647.0,674.0,685.0,788.0,797.0,818.0,834.0,851.0,882.0,886.0,894.0,897.0,906.0,915.0,
92.0,114.0,126.0,180.0,183.0,193.0,209.0,276.0,343.0,395.0,409.0,410.0,446.0,456.0,485.0,516.0,525.0,526.0,532.0,541.0,547.0,550.0,579.0,658.0,663.0,692.0,748.0,765.0,766.0,767.0,785.0,803.0,829.0,844.0,856.0,862.0,956.0,989.0,
28.0,53.0,86.0,132.0,173.0,259.0,281.0,306.0,316.0,351.0,405.0,417.0,430.0,506.0,516.0,535.0,580.0,582.0,584.0,587.0,605.0,633.0,649.0,656.0,689.0,698.0,710.0,712.0,717.0,737.0,740.0,744.0,780.0,818.0,842.0,874.0,905.0,926.0,946.0,
89.0,95.0,117.0,133.0,281.0,357.0,387.0,419.0,430.0,432.0,478.0,490.0,529.0,532.0,601.0,604.0,676.0,716.0,798.0,809.0,850.0,855.0,883.0,887.0,932.0,947.0,950.0,
24.0,66.0,73.0,80.0,93.0,149.0,243.0,294.0,319.0,325.0,326.0,365.0,393.0,400.0,402.0,403.0,419.0,447.0,459.0,460.0,461.0,465.0,491.0,512.0,520.0,551.0,552.0,555.0,609.0,663.0,679.0,694.0,714.0,717.0,740.0,752.0,883.0,887.0,892.0,904.0,953.0,975.0,983.0,
5.0,8.0,61.0,62.0,95.0,114.0,139.0,142.0,153.0,184.0,188.0,220.0,270.0,271.0,306.0,337.0,340.0,343.0,364.0,367.0,420.0,433.0,472.0,550.0,596.0,602.0,640.0,650.0,697.0,736.0,784.0,837.0,850.0,880.0,908.0,937.0,
17.0,23.0,74.0,93.0,114.0,124.0,161.0,234.0,247.0,315.0,367.0,376.0,383.0,386.0,405.0,435.0,440.0,528.0,532.0,545.0,568.0,574.0,623.0,723.0,732.0,736.0,772.0,881.0,886.0,889.0,921.0,944.0,946.0,964.0,
19.0,169.0,173.0,227.0,255.0,279.0,310.0,346.0,362.0,388.0,469.0,507.0,523.0,591.0,592.0,617.0,631.0,635.0,635.0,639.0,646.0,677.0,691.0,733.0,756.0,822.0,829.0,864.0,868.0,868.0,942.0,999.0,
110.0,135.0,150.0,155.0,165.0,174.0,213.0,293.0,324.0,461.0,499.0,519.0,527.0,533.0,546.0,580.0,628.0,659.0,714.0,726.0,742.0,759.0,785.0,788.0,802.0,814.0,853.0,874.0,918.0,964.0,998.0,
54.0,109.0,122.0,138.0,139.0,161.0,164.0,205.0,238.0,242.0,280.0,332.0,414.0,433.0,444.0,474.0,509.0,577.0,580.0,672.0,704.0,784.0,818.0,821.0,887.0,930.0,941.0,
15.0,32.0,33.0,33.0,50.0,111.0,113.0,142.0,176.0,202.0,227.0,249.0,428.0,444.0,450.0,467.0,482.0,519.0,535.0,634.0,669.0,673.0,705.0,714.0,739.0,746.0,759.0,766.0,879.0,924.0,930.0,987.0,
6.0,7.0,28.0,67.0,72.0,96.0,177.0,180.0,206.0,234.0,235.0,269.0,285.0,287.0,290.0,317.0,323.0,335.0,517.0,526.0,533.0,565.0,599.0,605.0,612.0,635.0,682.0,711.0,739.0,748.0,751.0,752.0,753.0,792.0,820.0,833.0,833.0,902.0,910.0,963.0,967.0,973.0,996.0,
11.0,14.0,17.0,21.0,26.0,41.0,42.0,76.0,137.0,147.0,185.0,187.0,193.0,199.0,216.0,233.0,236.0,244.0,281.0,297.0,314.0,316.0,377.0,389.0,397.0,419.0,438.0,446.0,447.0,451.0,481.0,481.0,596.0,625.0,631.0,641.0,700.0,708.0,782.0,792.0,811.0,845.0,863.0,905.0,943.0,952.0,965.0,996.0,
8.0,12.0,12.0,14.0,38.0,63.0,70.0,125.0,135.0,147.0,172.0,183.0,215.0,217.0,306.0,316.0,430.0,448.0,476.0,491.0,556.0,560.0,572.0,588.0,634.0,725.0,728.0,757.0,775.0,833.0,854.0,861.0,871.0,892.0,934.0,941.0,954.0,960.0,968.0,
2.0,7.0,24.0,104.0,126.0,152.0,188.0,207.0,222.0,244.0,365.0,380.0,387.0,420.0,441.0,464.0,490.0,541.0,543.0,546.0,557.0,577.0,687.0,767.0,801.0,806.0,806.0,812.0,815.0,908.0,921.0,962.0,972.0,1000.0,
10.0,19.0,28.0,33.0,62.0,84.0,99.0,150.0,188.0,196.0,211.0,235.0,260.0,261.0,266.0,267.0,273.0,287.0,302.0,305.0,313.0,384.0,396.0,396.0,400.0,427.0,442.0,468.0,475.0,509.0,523.0,547.0,578.0,629.0,659.0,717.0,736.0,769.0,781.0,793.0,804.0,823.0,843.0,845.0,866.0,908.0,
6.0,74.0,87.0,94.0,167.0,176.0,195.0,208.0,284.0,293.0,303.0,313.0,341.0,369.0,395.0,400.0,404.0,441.0,452.0,467.0,478.0,538.0,560.0,581.0,640.0,711.0,720.0,726.0,747.0,782.0,797.0,819.0,859.0,905.0,940.0,995.0,
3.0,52.0,64.0,122.0,125.0,140.0,153.0,214.0,230.0,252.0,299.0,316.0,323.0,337.0,386.0,405.0,426.0,444.0,445.0,465.0,759.0,799.0,861.0,973.0,
2.0,9.0,30.0,79.0,95.0,116.0,167.0,190.0,216.0,264.0,267.0,272.0,278.0,298.0,319.0,337.0,359.0,361.0,397.0,398.0,413.0,478.0,484.0,512.0,517.0,549.0,556.0,586.0,601.0,629.0,636.0,639.0,646.0,651.0,668.0,688.0,701.0,720.0,769.0,770.0,782.0,814.0,837.0,852.0,865.0,873.0,887.0,907.0,917.0,931.0,958.0,972.0,982.0,996.0,
47.0,80.0,82.0,189.0,254.0,258.0,286.0,304.0,339.0,463.0,465.0,488.0,515.0,521.0,530.0,531.0,535.0,546.0,591.0,602.0,626.0,643.0,653.0,669.0,672.0,756.0,761.0,788.0,800.0,813.0,818.0,835.0,887.0,903.0,907.0,925.0,932.0,944.0,972.0,980.0,988.0,991.0,998.0,999.0,
19.0,24.0,75.0,97.0,171.0,182.0,199.0,230.0,296.0,307.0,340.0,362.0,392.0,394.0,396.0,399.0,472.0,476.0,589.0,636.0,662.0,702.0,715.0,760.0,780.0,781.0,806.0,833.0,852.0,893.0,
73.0,77.0,120.0,129.0,166.0,175.0,199.0,216.0,296.0,304.0,325.0,341.0,349.0,360.0,392.0,393.0,418.0,476.0,495.0,514.0,531.0,541.0,572.0,585.0,610.0,620.0,626.0,666.0,671.0,680.0,682.0,712.0,763.0,805.0,883.0,911.0,925.0,942.0,
15.0,29.0,61.0,89.0,159.0,166.0,189.0,197.0,209.0,216.0,216.0,221.0,285.0,295.0,433.0,506.0,514.0,521.0,541.0,571.0,616.0,623.0,730.0,765.0,769.0,790.0,795.0,822.0,917.0,924.0,928.0,931.0,988.0,994.0,
53.0,58.0,72.0,113.0,122.0,239.0,241.0,255.0,287.0,334.0,342.0,346.0,365.0,392.0,395.0,446.0,447.0,474.0,490.0,530.0,653.0,721.0,771.0,778.0,784.0,854.0,921.0,
3.0,32.0,38.0,48.0,127.0,162.0,165.0,212.0,247.0,303.0,308.0,313.0,328.0,329.0,342.0,353.0,422.0,465.0,472.0,473.0,507.0,538.0,554.0,558.0,608.0,621.0,636.0,642.0,684.0,685.0,729.0,736.0,777.0,797.0,808.0,850.0,859.0,866.0,871.0,871.0,873.0,893.0,899.0,944.0,962.0,988.0,
6.0,31.0,47.0,49.0,71.0,94.0,126.0,235.0,306.0,316.0,358.0,368.0,377.0,383.0,384.0,415.0,433.0,489.0,527.0,561.0,561.0,600.0,627.0,652.0,672.0,693.0,762.0,777.0,923.0,
