28.0,55.0,64.0,65.0,73.0,80.0,92.0,119.0,139.0,150.0,153.0,171.0,175.0,205.0,214.0,225.0,227.0,242.0,245.0,251.0,270.0,273.0,276.0,306.0,375.0,376.0,409.0,420.0,438.0,477.0,497.0,519.0,520.0,577.0,596.0,666.0,674.0,680.0,834.0,883.0,895.0,945.0,954.0,984.0,994.0,
24.0,56.0,88.0,89.0,103.0,150.0,175.0,197.0,208.0,225.0,251.0,265.0,278.0,317.0,339.0,367.0,423.0,426.0,467.0,501.0,502.0,504.0,513.0,524.0,531.0,543.0,557.0,568.0,583.0,589.0,591.0,615.0,615.0,633.0,667.0,682.0,696.0,721.0,728.0,768.0,784.0,835.0,866.0,867.0,867.0,870.0,893.0,941.0,952.0,991.0,
15.0,72.0,85.0,115.0,159.0,175.0,198.0,254.0,298.0,375.0,430.0,431.0,432.0,457.0,466.0,479.0,507.0,577.0,579.0,604.0,610.0,615.0,626.0,654.0,654.0,663.0,716.0,762.0,799.0,812.0,860.0,880.0,921.0,945.0,970.0,985.0,
2.0,26.0,97.0,106.0,152.0,177.0,178.0,204.0,205.0,241.0,267.0,276.0,326.0,328.0,336.0,338.0,340.0,351.0,360.0,370.0,423.0,460.0,491.0,503.0,579.0,645.0,646.0,666.0,678.0,682.0,687.0,704.0,716.0,723.0,748.0,750.0,776.0,783.0,783.0,808.0,826.0,830.0,856.0,954.0,965.0,988.0,
15.0,70.0,87.0,127.0,187.0,215.0,234.0,334.0,462.0,463.0,538.0,561.0,603.0,607.0,648.0,722.0,755.0,769.0,820.0,846.0,857.0,862.0,867.0,892.0,965.0,
82.0,87.0,115.0,186.0,198.0,243.0,273.0,363.0,377.0,458.0,532.0,540.0,560.0,629.0,647.0,655.0,670.0,712.0,726.0,739.0,749.0,770.0,776.0,782.0,786.0,826.0,848.0,902.0,929.0,961.0,
43.0,49.0,100.0,104.0,104.0,107.0,117.0,137.0,147.0,149.0,151.0,157.0,199.0,222.0,237.0,284.0,322.0,355.0,371.0,454.0,518.0,591.0,649.0,714.0,755.0,781.0,821.0,836.0,859.0,862.0,873.0,882.0,909.0,922.0,988.0,992.0,
33.0,78.0,99.0,106.0,115.0,133.0,161.0,168.0,189.0,190.0,232.0,251.0,263.0,277.0,283.0,290.0,322.0,347.0,364.0,365.0,381.0,382.0,403.0,456.0,478.0,553.0,571.0,578.0,630.0,638.0,649.0,666.0,718.0,799.0,857.0,913.0,918.0,922.0,938.0,993.0,
100.0,104.0,161.0,172.0,268.0,296.0,338.0,354.0,375.0,402.0,430.0,461.0,463.0,469.0,503.0,515.0,518.0,582.0,583.0,591.0,611.0,651.0,656.0,691.0,727.0,763.0,862.0,868.0,877.0,938.0,943.0,950.0,952.0,
14.0,36.0,71.0,71.0,80.0,94.0,106.0,143.0,176.0,195.0,231.0,236.0,246.0,253.0,285.0,298.0,353.0,354.0,357.0,401.0,481.0,492.0,552.0,561.0,609.0,613.0,690.0,693.0,696.0,702.0,783.0,834.0,864.0,880.0,899.0,906.0,913.0,948.0,953.0,967.0,971.0,972.0,991.0,
33.0,94.0,97.0,99.0,136.0,285.0,313.0,340.0,375.0,451.0,471.0,473.0,484.0,510.0,538.0,598.0,610.0,756.0,838.0,847.0,886.0,905.0,924.0,924.0,925.0,954.0,992.0,
3.0,7.0,32.0,45.0,55.0,64.0,89.0,186.0,211.0,235.0,300.0,301.0,329.0,335.0,354.0,360.0,367.0,395.0,425.0,426.0,468.0,528.0,555.0,633.0,638.0,706.0,714.0,726.0,733.0,780.0,783.0,790.0,796.0,801.0,827.0,837.0,929.0,967.0,
63.0,86.0,165.0,172.0,205.0,433.0,438.0,459.0,504.0,580.0,609.0,653.0,670.0,703.0,732.0,743.0,757.0,779.0,818.0,831.0,843.0,884.0,904.0,911.0,927.0,951.0,
29.0,113.0,120.0,124.0,124.0,139.0,203.0,209.0,220.0,267.0,346.0,360.0,420.0,468.0,493.0,505.0,527.0,553.0,603.0,614.0,710.0,775.0,809.0,835.0,887.0,956.0,
21.0,30.0,50.0,60.0,67.0,77.0,113.0,119.0,148.0,155.0,251.0,296.0,302.0,302.0,391.0,392.0,413.0,449.0,485.0,501.0,510.0,512.0,531.0,560.0,564.0,566.0,588.0,593.0,626.0,666.0,679.0,724.0,733.0,741.0,758.0,781.0,786.0,808.0,832.0,854.0,873.0,882.0,894.0,947.0,990.0,
30.0,32.0,35.0,66.0,155.0,182.0,199.0,210.0,242.0,272.0,295.0,340.0,388.0,396.0,408.0,428.0,436.0,495.0,530.0,555.0,555.0,562.0,682.0,706.0,725.0,807.0,820.0,839.0,878.0,884.0,964.0,986.0,995.0,
62.0,72.0,109.0,227.0,231.0,336.0,341.0,381.0,451.0,466.0,500.0,504.0,517.0,530.0,574.0,582.0,599.0,603.0,635.0,668.0,680.0,685.0,695.0,714.0,719.0,725.0,742.0,752.0,762.0,782.0,866.0,887.0,947.0,947.0,950.0,982.0,
35.0,84.0,98.0,102.0,185.0,220.0,251.0,262.0,285.0,297.0,392.0,419.0,421.0,517.0,525.0,543.0,589.0,616.0,624.0,629.0,735.0,736.0,815.0,828.0,830.0,849.0,851.0,958.0,
4.0,13.0,61.0,75.0,84.0,91.0,131.0,158.0,213.0,213.0,215.0,231.0,258.0,306.0,356.0,399.0,441.0,472.0,542.0,569.0,586.0,652.0,657.0,659.0,688.0,696.0,735.0,736.0,776.0,783.0,795.0,832.0,935.0,
4.0,12.0,136.0,145.0,209.0,221.0,237.0,281.0,293.0,295.0,389.0,395.0,457.0,508.0,517.0,524.0,571.0,598.0,623.0,631.0,687.0,760.0,792.0,817.0,852.0,868.0,869.0,890.0,925.0,
48.0,60.0,73.0,112.0,163.0,163.0,168.0,183.0,192.0,208.0,213.0,279.0,303.0,345.0,347.0,347.0,468.0,470.0,485.0,531.0,548.0,593.0,594.0,681.0,718.0,796.0,808.0,825.0,867.0,867.0,894.0,970.0,981.0,992.0,
49.0,75.0,156.0,231.0,236.0,244.0,249.0,261.0,265.0,309.0,351.0,353.0,370.0,379.0,392.0,433.0,443.0,468.0,480.0,491.0,518.0,593.0,629.0,664.0,671.0,682.0,694.0,735.0,758.0,761.0,782.0,786.0,846.0,870.0,918.0,919.0,954.0,966.0,997.0,
11.0,15.0,19.0,23.0,38.0,62.0,77.0,78.0,79.0,93.0,142.0,156.0,205.0,303.0,314.0,369.0,399.0,433.0,468.0,479.0,500.0,512.0,518.0,549.0,555.0,557.0,594.0,594.0,780.0,815.0,833.0,881.0,881.0,935.0,977.0,998.0,
10.0,41.0,47.0,51.0,114.0,150.0,188.0,201.0,224.0,254.0,255.0,270.0,289.0,335.0,346.0,426.0,429.0,437.0,482.0,554.0,600.0,641.0,646.0,672.0,696.0,747.0,778.0,787.0,812.0,812.0,856.0,881.0,912.0,929.0,932.0,934.0,
25.0,59.0,101.0,158.0,163.0,170.0,199.0,265.0,294.0,299.0,299.0,337.0,394.0,418.0,481.0,505.0,510.0,514.0,533.0,541.0,614.0,649.0,651.0,654.0,719.0,745.0,762.0,764.0,875.0,884.0,945.0,996.0,
29.0,89.0,93.0,119.0,154.0,184.0,229.0,233.0,259.0,290.0,293.0,303.0,333.0,334.0,356.0,357.0,366.0,393.0,396.0,412.0,443.0,510.0,627.0,658.0,662.0,664.0,677.0,804.0,816.0,906.0,918.0,969.0,979.0,
39.0,101.0,124.0,135.0,210.0,215.0,217.0,226.0,238.0,267.0,267.0,313.0,332.0,344.0,349.0,393.0,409.0,428.0,433.0,452.0,532.0,591.0,630.0,636.0,645.0,672.0,674.0,675.0,725.0,729.0,729.0,761.0,801.0,827.0,857.0,868.0,898.0,946.0,979.0,993.0,
58.0,74.0,84.0,123.0,128.0,134.0,135.0,139.0,190.0,202.0,211.0,240.0,254.0,342.0,352.0,395.0,429.0,438.0,443.0,520.0,527.0,535.0,542.0,542.0,594.0,601.0,614.0,624.0,626.0,627.0,635.0,686.0,692.0,705.0,724.0,740.0,748.0,756.0,756.0,830.0,843.0,852.0,857.0,867.0,870.0,873.0,879.0,883.0,934.0,950.0,961.0,980.0,997.0,
87.0,93.0,115.0,142.0,161.0,173.0,187.0,281.0,291.0,335.0,354.0,362.0,400.0,437.0,461.0,510.0,575.0,582.0,600.0,631.0,636.0,657.0,666.0,691.0,747.0,765.0,823.0,843.0,858.0,864.0,874.0,900.0,922.0,
33.0,38.0,67.0,82.0,95.0,95.0,140.0,170.0,258.0,261.0,296.0,326.0,345.0,345.0,426.0,432.0,442.0,454.0,502.0,524.0,621.0,628.0,633.0,634.0,672.0,703.0,724.0,795.0,797.0,812.0,821.0,830.0,881.0,887.0,905.0,924.0,931.0,997.0,
7.0,43.0,74.0,75.0,89.0,99.0,186.0,202.0,227.0,239.0,259.0,269.0,292.0,294.0,300.0,347.0,354.0,356.0,367.0,368.0,369.0,377.0,382.0,487.0,500.0,526.0,529.0,534.0,535.0,548.0,574.0,663.0,683.0,692.0,789.0,790.0,853.0,893.0,
4.0,99.0,143.0,154.0,192.0,199.0,258.0,262.0,315.0,336.0,355.0,357.0,391.0,399.0,409.0,411.0,487.0,514.0,524.0,540.0,553.0,639.0,681.0,711.0,745.0,750.0,764.0,781.0,828.0,879.0,925.0,932.0,942.0,993.0,
71.0,100.0,111.0,127.0,193.0,206.0,210.0,225.0,228.0,290.0,303.0,321.0,357.0,361.0,380.0,480.0,506.0,551.0,551.0,560.0,583.0,590.0,591.0,591.0,599.0,623.0,727.0,731.0,786.0,814.0,829.0,867.0,
14.0,33.0,77.0,118.0,152.0,207.0,222.0,241.0,242.0,259.0,289.0,305.0,314.0,340.0,431.0,439.0,525.0,566.0,631.0,696.0,725.0,744.0,748.0,760.0,837.0,846.0,851.0,851.0,879.0,885.0,960.0,
26.0,62.0,70.0,110.0,119.0,133.0,142.0,164.0,164.0,168.0,168.0,175.0,178.0,193.0,204.0,239.0,247.0,271.0,335.0,345.0,376.0,386.0,475.0,479.0,512.0,516.0,518.0,530.0,579.0,582.0,591.0,640.0,647.0,708.0,805.0,807.0,830.0,836.0,904.0,982.0,992.0,
35.0,60.0,69.0,90.0,109.0,185.0,244.0,256.0,266.0,271.0,324.0,331.0,343.0,374.0,375.0,390.0,411.0,413.0,463.0,479.0,550.0,560.0,571.0,590.0,611.0,618.0,621.0,639.0,661.0,663.0,672.0,687.0,714.0,747.0,763.0,843.0,855.0,878.0,895.0,914.0,944.0,980.0,994.0,
10.0,16.0,39.0,41.0,66.0,111.0,132.0,132.0,183.0,186.0,202.0,238.0,248.0,286.0,303.0,430.0,461.0,468.0,468.0,509.0,516.0,535.0,555.0,604.0,606.0,620.0,653.0,658.0,700.0,720.0,768.0,769.0,773.0,781.0,825.0,868.0,898.0,939.0,945.0,947.0,957.0,971.0,975.0,979.0,985.0,
8.0,9.0,11.0,21.0,21.0,23.0,27.0,37.0,55.0,120.0,137.0,158.0,160.0,160.0,169.0,187.0,285.0,334.0,372.0,387.0,399.0,410.0,427.0,434.0,447.0,447.0,478.0,479.0,491.0,500.0,550.0,567.0,573.0,579.0,654.0,712.0,724.0,724.0,822.0,884.0,894.0,929.0,930.0,944.0,965.0,974.0,
46.0,73.0,90.0,118.0,157.0,164.0,183.0,214.0,265.0,301.0,306.0,311.0,358.0,361.0,363.0,438.0,455.0,482.0,492.0,506.0,570.0,570.0,588.0,606.0,661.0,685.0,689.0,714.0,735.0,759.0,776.0,795.0,840.0,901.0,929.0,942.0,948.0,997.0,
40.0,62.0,71.0,75.0,84.0,89.0,104.0,131.0,133.0,163.0,185.0,207.0,213.0,218.0,256.0,333.0,354.0,381.0,416.0,446.0,501.0,505.0,507.0,550.0,571.0,608.0,614.0,650.0,655.0,679.0,705.0,716.0,750.0,756.0,762.0,841.0,865.0,962.0,
6.0,6.0,12.0,38.0,40.0,46.0,69.0,84.0,85.0,91.0,104.0,134.0,204.0,234.0,266.0,318.0,324.0,354.0,355.0,360.0,360.0,414.0,422.0,434.0,484.0,551.0,552.0,561.0,570.0,585.0,596.0,615.0,621.0,625.0,627.0,647.0,685.0,760.0,826.0,842.0,848.0,897.0,937.0,996.0,
97.0,111.0,114.0,122.0,156.0,163.0,172.0,186.0,243.0,248.0,254.0,267.0,291.0,292.0,331.0,367.0,399.0,406.0,435.0,482.0,495.0,511.0,512.0,514.0,585.0,593.0,649.0,705.0,716.0,748.0,751.0,752.0,797.0,826.0,848.0,854.0,885.0,921.0,958.0,974.0,994.0,
15.0,16.0,17.0,23.0,40.0,75.0,121.0,132.0,168.0,183.0,265.0,289.0,312.0,345.0,407.0,450.0,452.0,522.0,527.0,560.0,564.0,568.0,584.0,607.0,614.0,725.0,769.0,809.0,851.0,851.0,858.0,872.0,935.0,952.0,
101.0,102.0,162.0,175.0,204.0,208.0,224.0,226.0,226.0,289.0,312.0,355.0,357.0,420.0,486.0,552.0,592.0,610.0,626.0,629.0,636.0,656.0,691.0,708.0,726.0,775.0,791.0,906.0,951.0,992.0,
9.0,46.0,49.0,107.0,159.0,165.0,165.0,210.0,245.0,261.0,282.0,384.0,426.0,465.0,472.0,485.0,497.0,546.0,567.0,582.0,627.0,643.0,647.0,648.0,662.0,672.0,681.0,701.0,719.0,727.0,745.0,770.0,822.0,852.0,855.0,856.0,941.0,983.0,
5.0,7.0,11.0,17.0,27.0,34.0,35.0,42.0,69.0,101.0,181.0,190.0,207.0,222.0,225.0,258.0,307.0,384.0,388.0,390.0,417.0,433.0,453.0,469.0,480.0,492.0,509.0,512.0,554.0,657.0,668.0,703.0,716.0,743.0,757.0,772.0,774.0,781.0,785.0,807.0,814.0,815.0,859.0,865.0,872.0,879.0,897.0,908.0,937.0,979.0,
38.0,52.0,104.0,194.0,208.0,289.0,340.0,369.0,416.0,452.0,483.0,485.0,595.0,633.0,699.0,719.0,752.0,755.0,770.0,797.0,826.0,828.0,854.0,875.0,883.0,894.0,895.0,904.0,906.0,946.0,975.0,978.0,
44.0,71.0,76.0,89.0,154.0,205.0,221.0,237.0,240.0,246.0,275.0,303.0,304.0,305.0,317.0,329.0,333.0,428.0,446.0,463.0,482.0,552.0,552.0,563.0,643.0,690.0,695.0,706.0,717.0,719.0,830.0,854.0,881.0,917.0,946.0,957.0,
59.0,75.0,177.0,267.0,314.0,333.0,355.0,368.0,382.0,422.0,434.0,461.0,474.0,528.0,529.0,534.0,547.0,566.0,575.0,610.0,674.0,697.0,709.0,731.0,748.0,764.0,767.0,775.0,805.0,806.0,842.0,855.0,856.0,869.0,923.0,972.0,
34.0,35.0,42.0,50.0,55.0,150.0,188.0,200.0,215.0,231.0,288.0,290.0,327.0,357.0,358.0,361.0,366.0,382.0,386.0,396.0,412.0,444.0,475.0,482.0,536.0,575.0,597.0,632.0,667.0,673.0,676.0,680.0,721.0,732.0,786.0,794.0,818.0,834.0,839.0,863.0,897.0,900.0,936.0,939.0,1000.0,
80.0,83.0,90.0,96.0,143.0,152.0,170.0,202.0,222.0,225.0,334.0,471.0,493.0,564.0,585.0,674.0,714.0,716.0,735.0,843.0,870.0,872.0,884.0,910.0,
56.0,67.0,76.0,124.0,133.0,144.0,191.0,239.0,240.0,306.0,329.0,394.0,414.0,469.0,472.0,488.0,517.0,571.0,572.0,574.0,591.0,608.0,620.0,621.0,624.0,663.0,716.0,731.0,733.0,891.0,904.0,932.0,939.0,954.0,956.0,993.0,
81.0,146.0,154.0,165.0,182.0,233.0,315.0,341.0,343.0,365.0,416.0,426.0,437.0,442.0,465.0,481.0,493.0,507.0,517.0,520.0,561.0,583.0,632.0,695.0,740.0,784.0,866.0,907.0,908.0,946.0,955.0,969.0,980.0,983.0,
32.0,51.0,90.0,125.0,136.0,158.0,162.0,166.0,186.0,218.0,242.0,256.0,304.0,316.0,336.0,376.0,456.0,483.0,490.0,498.0,504.0,525.0,597.0,608.0,621.0,659.0,733.0,767.0,787.0,836.0,857.0,876.0,912.0,920.0,924.0,934.0,965.0,972.0,
4.0,32.0,61.0,76.0,256.0,291.0,310.0,400.0,427.0,473.0,523.0,535.0,626.0,676.0,694.0,708.0,720.0,739.0,748.0,760.0,783.0,872.0,877.0,887.0,904.0,907.0,922.0,922.0,933.0,980.0,995.0,
30.0,38.0,41.0,50.0,78.0,126.0,152.0,155.0,189.0,218.0,257.0,278.0,334.0,417.0,473.0,556.0,643.0,726.0,791.0,825.0,827.0,935.0,939.0,
3.0,60.0,86.0,87.0,89.0,113.0,158.0,231.0,310.0,350.0,371.0,393.0,433.0,442.0,459.0,478.0,482.0,502.0,573.0,628.0,628.0,711.0,742.0,753.0,786.0,795.0,804.0,835.0,927.0,928.0,977.0,
10.0,11.0,38.0,100.0,104.0,142.0,200.0,257.0,277.0,283.0,317.0,322.0,331.0,362.0,363.0,365.0,391.0,408.0,421.0,502.0,520.0,557.0,561.0,581.0,620.0,653.0,662.0,701.0,721.0,753.0,760.0,769.0,819.0,821.0,823.0,830.0,869.0,948.0,992.0,993.0,
115.0,123.0,174.0,238.0,262.0,266.0,291.0,333.0,338.0,364.0,385.0,395.0,413.0,427.0,461.0,531.0,553.0,560.0,561.0,576.0,617.0,684.0,690.0,702.0,704.0,704.0,735.0,747.0,748.0,843.0,888.0,889.0,977.0,990.0,993.0,995.0,
38.0,62.0,105.0,217.0,227.0,244.0,255.0,292.0,293.0,317.0,333.0,351.0,352.0,387.0,466.0,506.0,516.0,574.0,601.0,619.0,622.0,666.0,683.0,687.0,692.0,712.0,714.0,822.0,870.0,880.0,881.0,885.0,891.0,938.0,993.0,
28.0,55.0,74.0,80.0,101.0,101.0,106.0,112.0,176.0,241.0,273.0,335.0,367.0,410.0,412.0,419.0,450.0,457.0,574.0,619.0,640.0,651.0,652.0,670.0,790.0,791.0,830.0,895.0,948.0,981.0,991.0,997.0,
16.0,48.0,60.0,77.0,95.0,117.0,150.0,181.0,184.0,247.0,250.0,266.0,293.0,297.0,342.0,375.0,455.0,494.0,501.0,526.0,569.0,622.0,639.0,656.0,675.0,725.0,810.0,845.0,849.0,854.0,908.0,912.0,917.0,925.0,926.0,1000.0,
34.0,76.0,102.0,109.0,248.0,279.0,286.0,338.0,358.0,373.0,384.0,435.0,446.0,503.0,518.0,556.0,558.0,569.0,658.0,690.0,702.0,714.0,720.0,817.0,819.0,835.0,837.0,893.0,900.0,1000.0,
19.0,21.0,67.0,87.0,97.0,108.0,120.0,143.0,160.0,171.0,185.0,242.0,432.0,435.0,446.0,481.0,499.0,506.0,555.0,571.0,574.0,594.0,658.0,663.0,696.0,725.0,745.0,751.0,770.0,830.0,839.0,846.0,866.0,876.0,882.0,887.0,922.0,935.0,988.0,
65.0,66.0,100.0,127.0,130.0,159.0,162.0,170.0,184.0,219.0,263.0,294.0,312.0,333.0,342.0,345.0,357.0,373.0,381.0,383.0,399.0,470.0,475.0,480.0,553.0,633.0,638.0,717.0,758.0,758.0,798.0,816.0,844.0,884.0,891.0,892.0,918.0,919.0,932.0,955.0,971.0,994.0,
8.0,58.0,65.0,90.0,108.0,123.0,138.0,161.0,165.0,171.0,237.0,240.0,289.0,300.0,307.0,310.0,331.0,361.0,389.0,447.0,492.0,497.0,524.0,574.0,580.0,599.0,605.0,678.0,682.0,747.0,804.0,822.0,851.0,856.0,859.0,878.0,920.0,
41.0,45.0,76.0,86.0,89.0,150.0,152.0,159.0,190.0,291.0,302.0,309.0,355.0,355.0,378.0,429.0,448.0,474.0,478.0,513.0,526.0,531.0,635.0,635.0,660.0,666.0,673.0,696.0,751.0,762.0,764.0,844.0,911.0,923.0,926.0,935.0,976.0,
7.0,22.0,33.0,59.0,143.0,172.0,177.0,260.0,261.0,331.0,426.0,472.0,478.0,530.0,551.0,551.0,576.0,591.0,659.0,672.0,709.0,709.0,720.0,724.0,733.0,806.0,831.0,839.0,856.0,895.0,
51.0,80.0,100.0,111.0,129.0,137.0,143.0,207.0,229.0,256.0,257.0,267.0,294.0,338.0,404.0,431.0,527.0,556.0,572.0,584.0,586.0,591.0,616.0,680.0,688.0,729.0,745.0,760.0,932.0,933.0,936.0,960.0,964.0,
21.0,62.0,81.0,104.0,131.0,136.0,194.0,197.0,200.0,213.0,289.0,295.0,336.0,369.0,371.0,453.0,466.0,528.0,531.0,543.0,623.0,626.0,629.0,672.0,708.0,716.0,731.0,737.0,802.0,824.0,894.0,908.0,915.0,922.0,969.0,
16.0,50.0,72.0,94.0,97.0,109.0,128.0,140.0,172.0,195.0,210.0,217.0,218.0,275.0,279.0,356.0,369.0,372.0,389.0,393.0,424.0,444.0,494.0,548.0,590.0,614.0,624.0,657.0,658.0,672.0,674.0,696.0,699.0,730.0,738.0,742.0,789.0,799.0,846.0,846.0,870.0,902.0,949.0,952.0,958.0,961.0,967.0,
20.0,64.0,128.0,170.0,199.0,247.0,275.0,298.0,306.0,345.0,358.0,386.0,394.0,461.0,617.0,690.0,717.0,734.0,805.0,840.0,899.0,905.0,911.0,911.0,953.0,963.0,1000.0,
37.0,101.0,110.0,116.0,119.0,134.0,138.0,140.0,268.0,269.0,326.0,338.0,373.0,418.0,430.0,443.0,467.0,492.0,511.0,537.0,566.0,576.0,581.0,599.0,602.0,638.0,653.0,653.0,662.0,682.0,687.0,688.0,716.0,758.0,780.0,784.0,795.0,836.0,860.0,888.0,911.0,927.0,939.0,941.0,986.0,
29.0,29.0,74.0,105.0,109.0,128.0,136.0,150.0,156.0,199.0,216.0,260.0,325.0,333.0,343.0,345.0,358.0,361.0,362.0,375.0,424.0,453.0,507.0,527.0,529.0,545.0,561.0,612.0,732.0,757.0,769.0,780.0,799.0,830.0,863.0,875.0,902.0,
17.0,59.0,88.0,124.0,130.0,131.0,143.0,164.0,304.0,321.0,335.0,394.0,413.0,571.0,582.0,669.0,700.0,717.0,727.0,737.0,759.0,814.0,818.0,835.0,839.0,847.0,863.0,882.0,889.0,902.0,952.0,995.0,
15.0,151.0,166.0,232.0,240.0,285.0,327.0,337.0,360.0,366.0,371.0,396.0,437.0,446.0,454.0,504.0,526.0,528.0,544.0,567.0,594.0,595.0,633.0,676.0,679.0,680.0,710.0,725.0,748.0,774.0,809.0,834.0,873.0,901.0,928.0,943.0,960.0,984.0,992.0,
5.0,51.0,56.0,68.0,73.0,106.0,126.0,160.0,200.0,228.0,234.0,257.0,275.0,324.0,340.0,361.0,364.0,390.0,414.0,441.0,518.0,529.0,545.0,590.0,597.0,606.0,710.0,765.0,765.0,776.0,788.0,883.0,906.0,936.0,994.0,995.0,998.0,
4.0,8.0,18.0,61.0,63.0,83.0,100.0,121.0,133.0,158.0,215.0,223.0,229.0,288.0,333.0,373.0,391.0,426.0,513.0,516.0,589.0,620.0,625.0,660.0,729.0,780.0,783.0,806.0,814.0,822.0,843.0,865.0,887.0,907.0,910.0,914.0,
2.0,100.0,150.0,174.0,194.0,244.0,252.0,280.0,306.0,322.0,336.0,338.0,363.0,417.0,429.0,466.0,474.0,487.0,495.0,518.0,566.0,576.0,584.0,605.0,660.0,672.0,690.0,744.0,786.0,822.0,853.0,915.0,932.0,960.0,993.0,994.0,996.0,
22.0,57.0,60.0,142.0,155.0,160.0,196.0,197.0,229.0,269.0,295.0,297.0,313.0,357.0,379.0,410.0,469.0,477.0,528.0,545.0,627.0,651.0,676.0,702.0,710.0,716.0,728.0,735.0,799.0,843.0,854.0,862.0,923.0,930.0,933.0,939.0,988.0,997.0,
19.0,49.0,50.0,68.0,76.0,91.0,123.0,124.0,281.0,285.0,294.0,331.0,335.0,364.0,387.0,403.0,404.0,475.0,486.0,509.0,573.0,621.0,622.0,647.0,657.0,661.0,690.0,787.0,817.0,847.0,863.0,941.0,
17.0,19.0,75.0,92.0,94.0,102.0,144.0,194.0,195.0,240.0,313.0,330.0,338.0,352.0,363.0,371.0,383.0,406.0,464.0,475.0,485.0,517.0,526.0,533.0,567.0,633.0,652.0,660.0,702.0,872.0,884.0,895.0,951.0,
23.0,98.0,109.0,133.0,136.0,141.0,173.0,201.0,250.0,277.0,280.0,287.0,317.0,345.0,355.0,358.0,379.0,383.0,417.0,433.0,447.0,467.0,492.0,506.0,547.0,582.0,599.0,607.0,621.0,652.0,662.0,700.0,751.0,766.0,823.0,853.0,860.0,873.0,877.0,897.0,929.0,968.0,979.0,
6.0,51.0,90.0,103.0,127.0,132.0,199.0,235.0,240.0,248.0,268.0,281.0,288.0,338.0,353.0,364.0,366.0,382.0,413.0,439.0,463.0,470.0,475.0,535.0,539.0,539.0,576.0,623.0,646.0,668.0,680.0,684.0,699.0,718.0,724.0,743.0,765.0,802.0,816.0,836.0,844.0,865.0,878.0,915.0,936.0,969.0,970.0,998.0,
23.0,24.0,113.0,116.0,127.0,136.0,148.0,160.0,199.0,201.0,203.0,212.0,271.0,291.0,292.0,292.0,314.0,324.0,341.0,348.0,494.0,506.0,513.0,533.0,534.0,550.0,682.0,692.0,713.0,735.0,764.0,766.0,774.0,789.0,790.0,790.0,804.0,823.0,869.0,936.0,939.0,944.0,960.0,
15.0,22.0,36.0,54.0,119.0,165.0,172.0,182.0,189.0,199.0,234.0,249.0,259.0,297.0,297.0,331.0,367.0,379.0,379.0,394.0,405.0,414.0,425.0,451.0,453.0,506.0,506.0,529.0,531.0,606.0,614.0,619.0,635.0,656.0,703.0,753.0,796.0,868.0,872.0,886.0,888.0,893.0,903.0,916.0,949.0,
13.0,52.0,107.0,110.0,170.0,172.0,196.0,224.0,322.0,324.0,337.0,391.0,413.0,421.0,423.0,449.0,472.0,478.0,493.0,533.0,535.0,546.0,700.0,716.0,822.0,858.0,900.0,909.0,909.0,959.0,965.0,966.0,979.0,988.0,991.0,
64.0,73.0,91.0,111.0,143.0,146.0,167.0,186.0,202.0,223.0,249.0,263.0,278.0,294.0,359.0,422.0,453.0,454.0,481.0,503.0,546.0,568.0,607.0,631.0,680.0,736.0,768.0,769.0,778.0,781.0,791.0,814.0,909.0,914.0,929.0,991.0,997.0,
30.0,35.0,85.0,97.0,110.0,127.0,136.0,173.0,185.0,208.0,241.0,243.0,256.0,302.0,315.0,320.0,321.0,364.0,375.0,409.0,412.0,418.0,450.0,463.0,477.0,499.0,555.0,565.0,567.0,629.0,630.0,631.0,643.0,656.0,699.0,725.0,748.0,763.0,798.0,810.0,820.0,844.0,860.0,922.0,939.0,942.0,982.0,
12.0,13.0,47.0,76.0,104.0,119.0,146.0,192.0,217.0,219.0,241.0,268.0,373.0,389.0,395.0,414.0,428.0,444.0,464.0,470.0,472.0,517.0,536.0,537.0,574.0,587.0,590.0,618.0,737.0,782.0,815.0,826.0,834.0,846.0,858.0,867.0,948.0,959.0,
93.0,105.0,115.0,129.0,147.0,165.0,183.0,193.0,205.0,222.0,238.0,269.0,323.0,335.0,365.0,423.0,445.0,454.0,521.0,544.0,556.0,568.0,654.0,670.0,708.0,805.0,830.0,839.0,974.0,
32.0,64.0,71.0,82.0,134.0,147.0,154.0,165.0,313.0,322.0,362.0,400.0,407.0,427.0,474.0,531.0,639.0,660.0,682.0,689.0,698.0,705.0,725.0,745.0,772.0,775.0,822.0,875.0,905.0,922.0,952.0,963.0,969.0,977.0,
3.0,31.0,74.0,145.0,150.0,156.0,203.0,210.0,221.0,310.0,317.0,329.0,330.0,351.0,393.0,538.0,593.0,623.0,629.0,643.0,646.0,668.0,690.0,700.0,718.0,720.0,756.0,801.0,825.0,846.0,849.0,861.0,941.0,
52.0,68.0,111.0,141.0,151.0,156.0,166.0,285.0,310.0,347.0,363.0,374.0,393.0,416.0,418.0,421.0,422.0,490.0,525.0,566.0,595.0,596.0,600.0,657.0,662.0,676.0,679.0,705.0,716.0,787.0,820.0,822.0,832.0,848.0,888.0,896.0,920.0,928.0,971.0,
38.0,102.0,134.0,191.0,196.0,201.0,248.0,248.0,261.0,339.0,362.0,374.0,379.0,381.0,424.0,482.0,510.0,551.0,554.0,563.0,574.0,584.0,700.0,713.0,802.0,836.0,836.0,846.0,854.0,893.0,913.0,914.0,936.0,953.0,975.0,
10.0,34.0,40.0,75.0,96.0,118.0,141.0,155.0,217.0,238.0,243.0,266.0,299.0,300.0,344.0,351.0,361.0,391.0,400.0,457.0,467.0,513.0,553.0,581.0,592.0,669.0,783.0,851.0,914.0,957.0,997.0,
5.0,26.0,63.0,77.0,121.0,126.0,127.0,157.0,208.0,264.0,279.0,300.0,302.0,314.0,384.0,390.0,411.0,416.0,431.0,470.0,491.0,522.0,522.0,542.0,545.0,546.0,576.0,612.0,619.0,650.0,652.0,654.0,676.0,684.0,688.0,713.0,722.0,756.0,777.0,819.0,826.0,864.0,873.0,891.0,913.0,925.0,965.0,994.0,
6.0,14.0,59.0,77.0,121.0,125.0,137.0,142.0,158.0,178.0,216.0,227.0,241.0,246.0,253.0,277.0,336.0,354.0,405.0,463.0,505.0,522.0,529.0,562.0,575.0,704.0,767.0,790.0,819.0,824.0,876.0,915.0,925.0,938.0,949.0,
36.0,61.0,109.0,182.0,183.0,189.0,359.0,381.0,430.0,463.0,469.0,519.0,546.0,555.0,562.0,576.0,580.0,590.0,592.0,626.0,630.0,652.0,673.0,681.0,688.0,726.0,729.0,736.0,785.0,791.0,851.0,880.0,918.0,953.0,962.0,992.0,
3.0,15.0,82.0,99.0,140.0,153.0,192.0,198.0,209.0,230.0,244.0,303.0,322.0,331.0,331.0,337.0,358.0,407.0,425.0,549.0,596.0,596.0,641.0,711.0,738.0,762.0,827.0,857.0,863.0,884.0,
