76.0,99.0,99.0,147.0,211.0,232.0,264.0,280.0,327.0,328.0,351.0,356.0,360.0,394.0,435.0,447.0,450.0,508.0,568.0,579.0,612.0,617.0,680.0,701.0,711.0,760.0,780.0,802.0,832.0,859.0,878.0,881.0,909.0,917.0,929.0,950.0,957.0,986.0,
36.0,63.0,104.0,116.0,151.0,166.0,169.0,171.0,178.0,228.0,244.0,262.0,268.0,336.0,377.0,402.0,418.0,429.0,448.0,479.0,523.0,529.0,565.0,593.0,597.0,611.0,658.0,673.0,702.0,720.0,773.0,782.0,818.0,830.0,869.0,876.0,897.0,996.0,
38.0,49.0,84.0,101.0,175.0,176.0,214.0,236.0,275.0,316.0,337.0,358.0,385.0,394.0,407.0,431.0,432.0,444.0,508.0,532.0,546.0,548.0,557.0,566.0,575.0,595.0,610.0,618.0,627.0,673.0,734.0,807.0,809.0,827.0,837.0,838.0,878.0,901.0,903.0,923.0,982.0,
8.0,31.0,57.0,86.0,88.0,124.0,164.0,189.0,268.0,312.0,312.0,324.0,376.0,387.0,423.0,427.0,441.0,479.0,500.0,504.0,516.0,567.0,580.0,606.0,619.0,624.0,628.0,657.0,677.0,705.0,721.0,780.0,832.0,851.0,868.0,877.0,955.0,977.0,984.0,
28.0,133.0,190.0,206.0,214.0,224.0,232.0,237.0,238.0,243.0,255.0,324.0,403.0,437.0,449.0,523.0,534.0,548.0,550.0,681.0,729.0,736.0,738.0,738.0,795.0,797.0,814.0,819.0,884.0,929.0,933.0,
31.0,112.0,145.0,186.0,191.0,235.0,396.0,423.0,435.0,486.0,498.0,507.0,510.0,554.0,564.0,580.0,605.0,608.0,628.0,644.0,683.0,685.0,736.0,736.0,761.0,789.0,829.0,840.0,849.0,859.0,893.0,972.0,988.0,
15.0,43.0,75.0,78.0,121.0,144.0,147.0,151.0,181.0,253.0,298.0,353.0,358.0,384.0,413.0,423.0,443.0,473.0,480.0,532.0,540.0,636.0,641.0,647.0,740.0,773.0,818.0,914.0,924.0,933.0,936.0,956.0,964.0,971.0,
21.0,38.0,51.0,60.0,82.0,103.0,122.0,156.0,163.0,200.0,201.0,216.0,222.0,251.0,350.0,358.0,358.0,380.0,454.0,502.0,507.0,516.0,517.0,521.0,523.0,532.0,538.0,552.0,592.0,629.0,656.0,665.0,666.0,758.0,769.0,804.0,814.0,822.0,826.0,848.0,855.0,876.0,896.0,907.0,912.0,950.0,974.0,
6.0,37.0,50.0,55.0,94.0,117.0,124.0,135.0,147.0,182.0,215.0,237.0,353.0,368.0,405.0,406.0,421.0,429.0,484.0,484.0,502.0,505.0,537.0,575.0,615.0,615.0,616.0,635.0,647.0,653.0,663.0,683.0,717.0,723.0,742.0,745.0,756.0,765.0,860.0,878.0,935.0,
32.0,64.0,104.0,153.0,169.0,214.0,257.0,307.0,317.0,335.0,357.0,391.0,419.0,424.0,450.0,503.0,560.0,588.0,628.0,655.0,694.0,708.0,709.0,744.0,749.0,763.0,781.0,816.0,845.0,880.0,888.0,897.0,
77.0,83.0,91.0,92.0,112.0,186.0,206.0,259.0,267.0,316.0,414.0,430.0,476.0,478.0,507.0,544.0,553.0,567.0,633.0,645.0,645.0,669.0,702.0,710.0,714.0,727.0,810.0,826.0,834.0,877.0,884.0,965.0,
2.0,3.0,5.0,25.0,130.0,167.0,177.0,183.0,258.0,270.0,290.0,341.0,346.0,356.0,361.0,369.0,419.0,448.0,464.0,494.0,495.0,510.0,537.0,587.0,589.0,623.0,653.0,776.0,828.0,836.0,840.0,880.0,913.0,943.0,
3.0,56.0,76.0,89.0,99.0,117.0,230.0,252.0,256.0,259.0,288.0,360.0,396.0,421.0,438.0,481.0,490.0,501.0,515.0,521.0,549.0,575.0,617.0,626.0,637.0,642.0,663.0,720.0,745.0,754.0,814.0,823.0,843.0,929.0,963.0,964.0,968.0,976.0,976.0,987.0,
32.0,68.0,101.0,105.0,118.0,166.0,178.0,187.0,223.0,235.0,282.0,335.0,351.0,355.0,381.0,384.0,414.0,434.0,453.0,458.0,462.0,471.0,497.0,550.0,551.0,582.0,610.0,615.0,634.0,641.0,685.0,686.0,720.0,725.0,728.0,762.0,769.0,774.0,818.0,829.0,845.0,857.0,870.0,875.0,883.0,969.0,
10.0,50.0,69.0,92.0,122.0,154.0,202.0,203.0,223.0,287.0,296.0,331.0,339.0,407.0,432.0,436.0,445.0,450.0,513.0,527.0,543.0,546.0,569.0,603.0,642.0,651.0,654.0,733.0,801.0,809.0,872.0,887.0,891.0,915.0,956.0,966.0,974.0,
2.0,19.0,34.0,51.0,91.0,102.0,118.0,161.0,181.0,182.0,183.0,192.0,218.0,226.0,232.0,266.0,294.0,317.0,349.0,361.0,381.0,439.0,452.0,508.0,617.0,618.0,638.0,639.0,644.0,666.0,688.0,695.0,705.0,730.0,737.0,748.0,835.0,883.0,895.0,912.0,930.0,965.0,975.0,985.0,989.0,
68.0,99.0,127.0,212.0,272.0,312.0,315.0,401.0,409.0,435.0,438.0,484.0,486.0,546.0,591.0,639.0,646.0,652.0,694.0,707.0,723.0,848.0,867.0,933.0,934.0,961.0,
3.0,10.0,28.0,30.0,45.0,57.0,109.0,212.0,212.0,258.0,279.0,351.0,401.0,460.0,556.0,558.0,562.0,570.0,581.0,669.0,682.0,688.0,689.0,776.0,843.0,845.0,867.0,870.0,875.0,919.0,927.0,936.0,941.0,
34.0,43.0,58.0,86.0,114.0,120.0,171.0,174.0,175.0,203.0,235.0,263.0,268.0,323.0,327.0,357.0,384.0,394.0,461.0,525.0,571.0,586.0,593.0,593.0,594.0,732.0,736.0,759.0,781.0,919.0,965.0,
2.0,9.0,60.0,81.0,122.0,157.0,218.0,223.0,229.0,236.0,240.0,258.0,297.0,320.0,331.0,334.0,421.0,462.0,514.0,555.0,575.0,585.0,612.0,625.0,626.0,711.0,716.0,767.0,771.0,799.0,804.0,823.0,828.0,848.0,882.0,940.0,975.0,
3.0,6.0,10.0,36.0,86.0,136.0,138.0,151.0,298.0,349.0,392.0,406.0,426.0,433.0,449.0,461.0,466.0,467.0,498.0,508.0,517.0,586.0,601.0,613.0,646.0,691.0,743.0,747.0,781.0,782.0,825.0,831.0,867.0,900.0,909.0,956.0,966.0,966.0,974.0,978.0,
20.0,31.0,64.0,71.0,80.0,105.0,110.0,112.0,133.0,173.0,304.0,393.0,421.0,436.0,444.0,454.0,480.0,525.0,532.0,543.0,558.0,616.0,685.0,709.0,742.0,775.0,806.0,814.0,832.0,884.0,905.0,943.0,979.0,980.0,998.0,
9.0,20.0,43.0,46.0,47.0,74.0,90.0,135.0,173.0,178.0,180.0,190.0,242.0,256.0,281.0,288.0,389.0,391.0,391.0,471.0,481.0,481.0,519.0,539.0,556.0,579.0,613.0,631.0,643.0,759.0,762.0,780.0,795.0,826.0,843.0,852.0,862.0,975.0,989.0,995.0,
96.0,139.0,144.0,217.0,228.0,278.0,354.0,366.0,382.0,388.0,432.0,459.0,490.0,502.0,503.0,564.0,570.0,571.0,574.0,650.0,714.0,740.0,761.0,793.0,840.0,973.0,991.0,991.0,
9.0,16.0,45.0,96.0,103.0,119.0,160.0,257.0,266.0,312.0,318.0,331.0,336.0,386.0,424.0,488.0,496.0,515.0,518.0,555.0,571.0,574.0,598.0,600.0,602.0,644.0,714.0,743.0,800.0,825.0,825.0,827.0,831.0,846.0,854.0,861.0,872.0,880.0,900.0,914.0,918.0,935.0,936.0,939.0,976.0,
33.0,46.0,48.0,94.0,120.0,127.0,127.0,162.0,166.0,205.0,209.0,219.0,327.0,360.0,372.0,449.0,482.0,483.0,509.0,510.0,531.0,570.0,598.0,702.0,770.0,806.0,831.0,893.0,922.0,955.0,998.0,
22.0,32.0,41.0,47.0,53.0,102.0,109.0,125.0,169.0,255.0,286.0,315.0,366.0,423.0,425.0,444.0,462.0,502.0,503.0,506.0,510.0,532.0,547.0,572.0,573.0,584.0,585.0,622.0,690.0,777.0,792.0,811.0,822.0,894.0,914.0,
48.0,93.0,152.0,162.0,208.0,247.0,287.0,347.0,367.0,380.0,392.0,403.0,453.0,476.0,476.0,487.0,492.0,648.0,666.0,683.0,737.0,825.0,838.0,853.0,872.0,876.0,891.0,893.0,933.0,942.0,970.0,
58.0,69.0,134.0,158.0,174.0,176.0,225.0,244.0,257.0,284.0,318.0,349.0,400.0,411.0,431.0,436.0,439.0,444.0,484.0,570.0,654.0,661.0,675.0,681.0,690.0,716.0,744.0,866.0,874.0,877.0,901.0,952.0,965.0,979.0,999.0,
5.0,30.0,127.0,151.0,224.0,236.0,275.0,322.0,340.0,346.0,366.0,395.0,442.0,465.0,483.0,570.0,587.0,617.0,702.0,736.0,779.0,823.0,825.0,875.0,882.0,890.0,907.0,945.0,982.0,989.0,994.0,996.0,
3.0,47.0,125.0,137.0,145.0,170.0,193.0,238.0,306.0,320.0,348.0,421.0,492.0,498.0,521.0,618.0,636.0,637.0,657.0,658.0,663.0,697.0,731.0,760.0,787.0,800.0,807.0,952.0,
43.0,51.0,72.0,73.0,76.0,83.0,154.0,176.0,191.0,211.0,254.0,290.0,299.0,341.0,343.0,353.0,385.0,414.0,499.0,531.0,560.0,579.0,599.0,630.0,640.0,642.0,673.0,685.0,777.0,795.0,836.0,848.0,854.0,906.0,928.0,
9.0,12.0,54.0,119.0,172.0,196.0,209.0,234.0,256.0,268.0,274.0,362.0,385.0,434.0,442.0,465.0,480.0,488.0,494.0,547.0,554.0,611.0,647.0,673.0,737.0,749.0,754.0,771.0,800.0,812.0,912.0,923.0,938.0,970.0,
5.0,9.0,22.0,49.0,75.0,145.0,227.0,239.0,303.0,313.0,474.0,479.0,577.0,718.0,755.0,837.0,874.0,930.0,934.0,936.0,958.0,
10.0,19.0,80.0,131.0,244.0,292.0,320.0,330.0,353.0,368.0,368.0,369.0,379.0,431.0,449.0,460.0,509.0,516.0,520.0,524.0,526.0,544.0,561.0,579.0,594.0,648.0,652.0,658.0,676.0,748.0,768.0,788.0,838.0,865.0,900.0,903.0,985.0,990.0,997.0,
29.0,71.0,118.0,143.0,157.0,213.0,215.0,216.0,220.0,301.0,332.0,335.0,379.0,385.0,498.0,504.0,524.0,535.0,538.0,546.0,553.0,559.0,567.0,583.0,588.0,590.0,606.0,619.0,628.0,635.0,679.0,682.0,686.0,720.0,726.0,726.0,741.0,752.0,766.0,768.0,775.0,783.0,823.0,834.0,851.0,855.0,858.0,860.0,922.0,936.0,968.0,992.0,
106.0,114.0,166.0,181.0,201.0,213.0,275.0,315.0,331.0,404.0,407.0,442.0,462.0,467.0,480.0,517.0,533.0,562.0,572.0,587.0,619.0,628.0,635.0,645.0,660.0,671.0,703.0,704.0,767.0,806.0,825.0,852.0,857.0,874.0,898.0,916.0,975.0,
5.0,26.0,69.0,84.0,121.0,145.0,215.0,225.0,229.0,250.0,250.0,296.0,358.0,397.0,406.0,443.0,466.0,471.0,472.0,500.0,503.0,504.0,523.0,547.0,547.0,635.0,723.0,776.0,797.0,889.0,906.0,916.0,957.0,962.0,982.0,988.0,
10.0,20.0,25.0,43.0,109.0,121.0,138.0,185.0,199.0,216.0,232.0,269.0,274.0,290.0,300.0,339.0,367.0,395.0,419.0,448.0,454.0,461.0,488.0,508.0,512.0,540.0,549.0,559.0,625.0,640.0,650.0,780.0,826.0,878.0,899.0,900.0,903.0,940.0,984.0,990.0,996.0,1000.0,
5.0,5.0,61.0,86.0,195.0,199.0,243.0,268.0,299.0,309.0,350.0,373.0,440.0,444.0,453.0,474.0,550.0,557.0,570.0,593.0,633.0,736.0,751.0,801.0,818.0,821.0,859.0,901.0,908.0,918.0,959.0,970.0,980.0,980.0,991.0,
9.0,85.0,86.0,99.0,124.0,180.0,200.0,218.0,308.0,349.0,356.0,370.0,415.0,432.0,468.0,474.0,482.0,493.0,521.0,530.0,568.0,581.0,585.0,605.0,633.0,641.0,646.0,694.0,729.0,796.0,804.0,809.0,823.0,823.0,899.0,910.0,965.0,
55.0,71.0,79.0,80.0,94.0,129.0,182.0,227.0,230.0,276.0,307.0,416.0,423.0,450.0,450.0,457.0,480.0,481.0,518.0,552.0,561.0,564.0,596.0,607.0,635.0,664.0,677.0,717.0,730.0,746.0,760.0,767.0,768.0,786.0,801.0,807.0,812.0,832.0,866.0,884.0,931.0,
26.0,48.0,62.0,114.0,118.0,136.0,165.0,205.0,259.0,287.0,313.0,322.0,334.0,411.0,423.0,449.0,449.0,522.0,616.0,631.0,644.0,656.0,664.0,675.0,751.0,762.0,766.0,795.0,839.0,867.0,937.0,940.0,964.0,
80.0,87.0,98.0,114.0,189.0,201.0,257.0,314.0,340.0,345.0,365.0,406.0,441.0,512.0,536.0,576.0,576.0,582.0,598.0,616.0,620.0,627.0,637.0,646.0,648.0,663.0,725.0,765.0,771.0,775.0,824.0,829.0,871.0,876.0,884.0,891.0,912.0,918.0,933.0,946.0,968.0,1000.0,
46.0,62.0,81.0,158.0,179.0,188.0,195.0,199.0,211.0,231.0,292.0,330.0,330.0,348.0,391.0,393.0,413.0,431.0,438.0,506.0,507.0,507.0,522.0,524.0,534.0,535.0,548.0,550.0,561.0,563.0,570.0,580.0,587.0,612.0,632.0,639.0,645.0,670.0,672.0,672.0,731.0,738.0,742.0,770.0,771.0,793.0,796.0,801.0,817.0,823.0,869.0,880.0,910.0,917.0,923.0,926.0,927.0,961.0,968.0,
43.0,80.0,85.0,95.0,111.0,128.0,135.0,135.0,142.0,149.0,162.0,174.0,202.0,202.0,208.0,217.0,227.0,249.0,250.0,256.0,279.0,280.0,286.0,289.0,298.0,300.0,315.0,330.0,514.0,526.0,551.0,553.0,553.0,556.0,557.0,557.0,561.0,593.0,605.0,616.0,619.0,626.0,640.0,650.0,651.0,651.0,657.0,663.0,674.0,677.0,680.0,695.0,702.0,723.0,727.0,731.0,737.0,749.0,766.0,768.0,773.0,778.0,795.0,824.0,824.0,828.0,850.0,852.0,853.0,867.0,876.0,887.0,909.0,930.0,935.0,946.0,966.0,
21.0,62.0,84.0,100.0,148.0,175.0,239.0,362.0,449.0,451.0,452.0,463.0,480.0,496.0,512.0,521.0,524.0,525.0,531.0,538.0,546.0,549.0,551.0,554.0,569.0,576.0,578.0,580.0,590.0,598.0,605.0,607.0,609.0,613.0,630.0,634.0,637.0,647.0,654.0,658.0,660.0,685.0,689.0,704.0,710.0,744.0,745.0,762.0,792.0,821.0,833.0,840.0,847.0,848.0,852.0,852.0,861.0,903.0,904.0,909.0,912.0,921.0,928.0,950.0,978.0,993.0,1000.0,
2.0,33.0,44.0,56.0,74.0,74.0,114.0,116.0,149.0,194.0,251.0,271.0,283.0,310.0,355.0,428.0,447.0,451.0,452.0,469.0,496.0,523.0,523.0,525.0,540.0,586.0,592.0,593.0,606.0,609.0,652.0,699.0,703.0,709.0,736.0,739.0,749.0,813.0,815.0,816.0,837.0,939.0,947.0,
17.0,43.0,66.0,69.0,75.0,88.0,156.0,161.0,169.0,192.0,229.0,232.0,257.0,271.0,287.0,314.0,317.0,470.0,493.0,516.0,536.0,553.0,603.0,603.0,708.0,722.0,734.0,735.0,736.0,835.0,856.0,861.0,879.0,987.0,996.0,
109.0,115.0,131.0,143.0,151.0,180.0,187.0,221.0,241.0,249.0,333.0,345.0,357.0,389.0,430.0,446.0,448.0,454.0,501.0,509.0,515.0,516.0,560.0,565.0,626.0,630.0,638.0,642.0,682.0,687.0,724.0,726.0,787.0,799.0,805.0,818.0,848.0,885.0,917.0,971.0,978.0,995.0,
28.0,35.0,134.0,142.0,148.0,187.0,196.0,201.0,248.0,248.0,257.0,263.0,280.0,280.0,283.0,315.0,454.0,521.0,527.0,559.0,632.0,672.0,704.0,705.0,720.0,766.0,781.0,795.0,827.0,862.0,871.0,920.0,947.0,991.0,
59.0,110.0,214.0,254.0,255.0,277.0,298.0,306.0,311.0,313.0,315.0,325.0,481.0,528.0,564.0,573.0,592.0,672.0,683.0,730.0,751.0,775.0,778.0,783.0,793.0,831.0,860.0,869.0,887.0,906.0,940.0,941.0,949.0,984.0,
42.0,71.0,72.0,81.0,89.0,94.0,101.0,124.0,140.0,177.0,189.0,273.0,288.0,311.0,316.0,318.0,318.0,327.0,348.0,358.0,358.0,361.0,374.0,462.0,521.0,557.0,559.0,567.0,601.0,676.0,693.0,702.0,704.0,793.0,812.0,853.0,917.0,965.0,975.0,982.0,993.0,
14.0,35.0,78.0,140.0,176.0,194.0,211.0,222.0,231.0,260.0,269.0,309.0,311.0,319.0,328.0,356.0,421.0,522.0,525.0,533.0,538.0,540.0,557.0,561.0,566.0,589.0,608.0,608.0,609.0,639.0,640.0,644.0,698.0,702.0,719.0,751.0,753.0,760.0,791.0,797.0,835.0,850.0,854.0,858.0,874.0,893.0,894.0,915.0,920.0,936.0,956.0,959.0,993.0,
10.0,100.0,109.0,128.0,210.0,253.0,255.0,257.0,276.0,340.0,383.0,390.0,402.0,439.0,458.0,518.0,528.0,540.0,541.0,549.0,549.0,557.0,559.0,563.0,565.0,581.0,589.0,590.0,598.0,604.0,606.0,615.0,615.0,617.0,618.0,623.0,629.0,638.0,643.0,643.0,654.0,713.0,716.0,720.0,724.0,734.0,749.0,758.0,759.0,759.0,762.0,778.0,850.0,852.0,880.0,882.0,897.0,900.0,912.0,956.0,983.0,990.0,993.0,998.0,
12.0,12.0,24.0,38.0,88.0,92.0,104.0,129.0,131.0,149.0,233.0,259.0,275.0,285.0,426.0,442.0,494.0,526.0,530.0,538.0,541.0,545.0,550.0,553.0,553.0,554.0,556.0,563.0,566.0,567.0,568.0,571.0,578.0,579.0,586.0,591.0,606.0,609.0,614.0,621.0,634.0,641.0,650.0,658.0,658.0,663.0,697.0,704.0,720.0,752.0,755.0,755.0,758.0,761.0,764.0,783.0,788.0,789.0,790.0,792.0,804.0,806.0,821.0,842.0,850.0,858.0,869.0,875.0,897.0,934.0,956.0,986.0,988.0,995.0,
30.0,83.0,111.0,114.0,116.0,140.0,150.0,178.0,183.0,199.0,205.0,233.0,260.0,312.0,317.0,339.0,409.0,419.0,474.0,482.0,490.0,511.0,518.0,522.0,523.0,528.0,532.0,534.0,537.0,542.0,543.0,543.0,552.0,553.0,557.0,564.0,570.0,571.0,583.0,591.0,606.0,609.0,635.0,636.0,640.0,649.0,650.0,665.0,668.0,676.0,681.0,687.0,688.0,712.0,735.0,790.0,798.0,821.0,821.0,823.0,847.0,869.0,875.0,881.0,885.0,887.0,887.0,912.0,912.0,915.0,917.0,922.0,934.0,938.0,953.0,962.0,962.0,967.0,971.0,985.0,992.0,1000.0,
2.0,10.0,11.0,27.0,38.0,57.0,68.0,110.0,154.0,225.0,228.0,239.0,265.0,268.0,343.0,345.0,345.0,369.0,418.0,470.0,479.0,495.0,535.0,551.0,554.0,568.0,568.0,600.0,607.0,610.0,639.0,641.0,647.0,651.0,659.0,673.0,675.0,676.0,685.0,689.0,752.0,801.0,849.0,887.0,898.0,899.0,917.0,943.0,988.0,
13.0,24.0,45.0,73.0,120.0,138.0,155.0,160.0,172.0,219.0,374.0,411.0,419.0,440.0,451.0,455.0,496.0,529.0,619.0,652.0,710.0,798.0,859.0,889.0,925.0,
2.0,73.0,103.0,104.0,105.0,114.0,119.0,157.0,187.0,233.0,284.0,343.0,362.0,368.0,374.0,375.0,496.0,513.0,614.0,688.0,691.0,720.0,723.0,726.0,730.0,750.0,750.0,790.0,810.0,828.0,854.0,879.0,911.0,994.0,
27.0,33.0,36.0,37.0,45.0,99.0,104.0,110.0,147.0,148.0,197.0,214.0,360.0,430.0,445.0,463.0,487.0,494.0,513.0,543.0,558.0,597.0,600.0,600.0,651.0,655.0,668.0,727.0,814.0,832.0,877.0,967.0,968.0,983.0,
15.0,30.0,104.0,119.0,160.0,196.0,213.0,213.0,215.0,221.0,269.0,329.0,335.0,345.0,392.0,466.0,503.0,510.0,707.0,711.0,730.0,732.0,739.0,760.0,762.0,765.0,800.0,904.0,935.0,969.0,
18.0,19.0,24.0,63.0,103.0,118.0,141.0,186.0,226.0,237.0,242.0,270.0,371.0,402.0,473.0,474.0,483.0,489.0,492.0,507.0,608.0,670.0,718.0,749.0,777.0,781.0,781.0,797.0,801.0,828.0,840.0,889.0,926.0,960.0,
4.0,31.0,59.0,61.0,132.0,175.0,186.0,254.0,255.0,268.0,272.0,287.0,361.0,363.0,371.0,394.0,404.0,423.0,452.0,509.0,512.0,519.0,524.0,539.0,542.0,553.0,570.0,582.0,590.0,617.0,685.0,937.0,984.0,
40.0,107.0,111.0,187.0,196.0,219.0,227.0,234.0,274.0,310.0,311.0,318.0,337.0,339.0,372.0,381.0,386.0,410.0,417.0,449.0,452.0,455.0,474.0,514.0,515.0,531.0,534.0,540.0,542.0,542.0,543.0,548.0,555.0,556.0,559.0,563.0,565.0,569.0,572.0,575.0,578.0,584.0,587.0,590.0,600.0,600.0,611.0,613.0,614.0,619.0,623.0,629.0,629.0,637.0,638.0,678.0,683.0,690.0,693.0,711.0,726.0,734.0,741.0,743.0,754.0,771.0,802.0,803.0,813.0,817.0,825.0,833.0,858.0,872.0,876.0,878.0,891.0,935.0,957.0,959.0,975.0,979.0,1000.0,
24.0,36.0,57.0,109.0,159.0,253.0,255.0,270.0,292.0,306.0,335.0,352.0,408.0,413.0,464.0,466.0,490.0,516.0,522.0,523.0,527.0,535.0,536.0,537.0,540.0,540.0,541.0,542.0,544.0,545.0,552.0,562.0,584.0,594.0,597.0,599.0,601.0,608.0,621.0,630.0,632.0,651.0,652.0,683.0,688.0,690.0,698.0,722.0,723.0,731.0,735.0,739.0,742.0,748.0,762.0,764.0,765.0,767.0,771.0,783.0,783.0,789.0,809.0,846.0,865.0,874.0,879.0,881.0,895.0,935.0,940.0,950.0,952.0,967.0,982.0,986.0,994.0,994.0,997.0,
14.0,67.0,100.0,114.0,126.0,138.0,159.0,173.0,178.0,214.0,223.0,231.0,233.0,250.0,254.0,318.0,323.0,354.0,364.0,367.0,368.0,425.0,447.0,479.0,500.0,520.0,524.0,526.0,528.0,532.0,544.0,545.0,550.0,554.0,561.0,573.0,578.0,588.0,590.0,590.0,602.0,619.0,623.0,627.0,637.0,643.0,647.0,658.0,660.0,684.0,684.0,685.0,693.0,697.0,705.0,721.0,723.0,742.0,742.0,751.0,754.0,790.0,793.0,794.0,794.0,796.0,797.0,797.0,805.0,816.0,819.0,828.0,862.0,872.0,880.0,882.0,900.0,900.0,906.0,919.0,936.0,938.0,943.0,955.0,955.0,960.0,969.0,969.0,986.0,990.0,999.0,
12.0,33.0,34.0,72.0,132.0,139.0,142.0,158.0,189.0,200.0,255.0,343.0,351.0,379.0,403.0,405.0,455.0,492.0,526.0,528.0,545.0,548.0,561.0,573.0,575.0,584.0,626.0,657.0,661.0,668.0,686.0,717.0,718.0,778.0,823.0,862.0,866.0,873.0,885.0,888.0,916.0,923.0,987.0,
28.0,107.0,112.0,137.0,161.0,184.0,196.0,196.0,325.0,351.0,376.0,382.0,383.0,384.0,399.0,435.0,445.0,482.0,507.0,534.0,538.0,545.0,565.0,586.0,596.0,661.0,676.0,736.0,789.0,871.0,901.0,978.0,998.0,
20.0,30.0,109.0,113.0,123.0,125.0,263.0,308.0,316.0,384.0,400.0,462.0,476.0,528.0,551.0,562.0,572.0,617.0,626.0,636.0,652.0,707.0,720.0,734.0,762.0,771.0,827.0,850.0,866.0,951.0,983.0,
13.0,24.0,32.0,89.0,126.0,149.0,170.0,196.0,248.0,257.0,297.0,315.0,333.0,348.0,365.0,417.0,442.0,464.0,589.0,596.0,606.0,616.0,663.0,684.0,688.0,734.0,779.0,838.0,851.0,863.0,868.0,886.0,894.0,906.0,913.0,928.0,970.0,
70.0,71.0,74.0,132.0,148.0,248.0,299.0,334.0,347.0,350.0,355.0,390.0,422.0,422.0,463.0,494.0,507.0,566.0,567.0,571.0,573.0,580.0,582.0,637.0,638.0,693.0,729.0,742.0,774.0,797.0,798.0,805.0,932.0,960.0,
47.0,73.0,107.0,142.0,162.0,185.0,237.0,377.0,421.0,512.0,606.0,642.0,647.0,674.0,733.0,782.0,875.0,886.0,963.0,989.0,
8.0,19.0,21.0,42.0,116.0,182.0,204.0,287.0,294.0,299.0,340.0,365.0,369.0,371.0,393.0,413.0,469.0,491.0,504.0,508.0,510.0,511.0,541.0,581.0,605.0,669.0,681.0,713.0,720.0,732.0,740.0,746.0,798.0,806.0,834.0,842.0,857.0,862.0,874.0,922.0,
70.0,74.0,116.0,122.0,167.0,179.0,180.0,225.0,286.0,354.0,394.0,485.0,502.0,514.0,517.0,520.0,523.0,537.0,544.0,553.0,566.0,571.0,574.0,606.0,610.0,620.0,640.0,693.0,722.0,740.0,771.0,774.0,780.0,781.0,836.0,876.0,978.0,
2.0,145.0,164.0,184.0,190.0,202.0,221.0,225.0,226.0,243.0,264.0,277.0,278.0,301.0,313.0,336.0,344.0,355.0,421.0,427.0,464.0,466.0,481.0,486.0,494.0,494.0,511.0,519.0,528.0,534.0,538.0,541.0,548.0,556.0,558.0,563.0,593.0,596.0,597.0,606.0,609.0,637.0,660.0,670.0,706.0,726.0,744.0,746.0,757.0,778.0,783.0,786.0,789.0,865.0,866.0,870.0,927.0,928.0,952.0,954.0,962.0,962.0,972.0,988.0,
45.0,55.0,64.0,120.0,191.0,200.0,206.0,209.0,209.0,245.0,247.0,331.0,345.0,345.0,370.0,411.0,445.0,519.0,522.0,540.0,602.0,610.0,610.0,620.0,637.0,639.0,647.0,649.0,657.0,683.0,689.0,694.0,740.0,769.0,829.0,831.0,870.0,871.0,902.0,924.0,948.0,951.0,988.0,
21.0,78.0,98.0,98.0,110.0,165.0,248.0,256.0,260.0,347.0,375.0,411.0,547.0,602.0,647.0,702.0,754.0,801.0,825.0,832.0,909.0,922.0,997.0,
39.0,117.0,125.0,135.0,146.0,152.0,161.0,174.0,191.0,192.0,194.0,212.0,224.0,237.0,272.0,359.0,361.0,375.0,388.0,450.0,458.0,555.0,581.0,584.0,591.0,592.0,628.0,632.0,633.0,671.0,682.0,776.0,800.0,826.0,826.0,894.0,917.0,962.0,972.0,981.0,1000.0,
24.0,51.0,120.0,124.0,145.0,148.0,161.0,170.0,190.0,217.0,222.0,277.0,299.0,334.0,369.0,463.0,470.0,497.0,563.0,574.0,576.0,591.0,593.0,595.0,603.0,609.0,621.0,639.0,653.0,655.0,781.0,814.0,846.0,852.0,925.0,927.0,950.0,954.0,973.0,985.0,
30.0,33.0,52.0,57.0,74.0,75.0,112.0,162.0,263.0,276.0,305.0,319.0,354.0,356.0,407.0,437.0,493.0,521.0,541.0,552.0,566.0,594.0,605.0,616.0,661.0,709.0,724.0,728.0,741.0,746.0,759.0,777.0,795.0,807.0,815.0,854.0,967.0,973.0,984.0,985.0,
10.0,33.0,89.0,97.0,156.0,162.0,170.0,171.0,197.0,229.0,243.0,246.0,289.0,328.0,340.0,343.0,395.0,451.0,461.0,478.0,492.0,510.0,555.0,555.0,664.0,681.0,683.0,728.0,761.0,769.0,839.0,865.0,868.0,894.0,927.0,947.0,974.0,975.0,988.0,999.0,
27.0,30.0,42.0,67.0,72.0,87.0,124.0,134.0,175.0,181.0,231.0,317.0,340.0,343.0,348.0,359.0,365.0,433.0,479.0,541.0,559.0,560.0,565.0,593.0,614.0,652.0,659.0,697.0,725.0,755.0,756.0,771.0,801.0,852.0,932.0,943.0,950.0,963.0,979.0,990.0,994.0,
22.0,29.0,39.0,78.0,146.0,166.0,175.0,183.0,204.0,230.0,232.0,234.0,266.0,271.0,274.0,283.0,466.0,525.0,548.0,557.0,558.0,573.0,641.0,668.0,669.0,693.0,755.0,779.0,790.0,841.0,887.0,925.0,
10.0,16.0,24.0,33.0,53.0,76.0,130.0,152.0,196.0,201.0,217.0,236.0,257.0,264.0,290.0,320.0,353.0,366.0,414.0,418.0,420.0,447.0,471.0,507.0,553.0,598.0,611.0,640.0,652.0,705.0,712.0,778.0,882.0,894.0,967.0,990.0,994.0,
22.0,46.0,70.0,129.0,159.0,166.0,184.0,259.0,278.0,332.0,352.0,448.0,507.0,536.0,552.0,553.0,568.0,572.0,602.0,616.0,642.0,704.0,738.0,764.0,830.0,879.0,904.0,935.0,
16.0,62.0,69.0,71.0,129.0,154.0,176.0,218.0,219.0,221.0,251.0,272.0,276.0,305.0,310.0,342.0,371.0,427.0,470.0,512.0,522.0,530.0,574.0,616.0,627.0,628.0,657.0,669.0,705.0,750.0,785.0,816.0,824.0,828.0,833.0,884.0,897.0,960.0,977.0,978.0,
28.0,48.0,53.0,54.0,112.0,113.0,145.0,159.0,162.0,176.0,206.0,214.0,227.0,265.0,274.0,286.0,290.0,291.0,320.0,350.0,362.0,365.0,416.0,418.0,490.0,502.0,503.0,546.0,554.0,606.0,627.0,661.0,749.0,788.0,798.0,805.0,847.0,859.0,872.0,884.0,885.0,962.0,
28.0,92.0,93.0,171.0,245.0,268.0,301.0,309.0,343.0,347.0,371.0,383.0,388.0,429.0,435.0,438.0,444.0,459.0,460.0,534.0,539.0,591.0,671.0,706.0,782.0,798.0,865.0,874.0,899.0,930.0,946.0,990.0,
64.0,69.0,79.0,110.0,196.0,208.0,219.0,238.0,249.0,286.0,287.0,301.0,333.0,355.0,444.0,483.0,541.0,590.0,633.0,639.0,670.0,680.0,695.0,700.0,701.0,705.0,715.0,747.0,770.0,841.0,858.0,859.0,895.0,984.0,
40.0,86.0,118.0,120.0,142.0,155.0,174.0,190.0,209.0,260.0,283.0,298.0,315.0,319.0,384.0,413.0,445.0,536.0,552.0,567.0,647.0,653.0,660.0,694.0,709.0,723.0,727.0,787.0,830.0,855.0,868.0,935.0,959.0,
85.0,87.0,136.0,171.0,208.0,261.0,339.0,340.0,343.0,354.0,359.0,398.0,465.0,474.0,508.0,525.0,582.0,625.0,676.0,692.0,694.0,703.0,728.0,728.0,753.0,813.0,826.0,841.0,847.0,927.0,951.0,956.0,964.0,980.0,997.0,
15.0,36.0,52.0,89.0,108.0,112.0,119.0,120.0,146.0,156.0,180.0,198.0,287.0,298.0,351.0,389.0,528.0,542.0,577.0,623.0,627.0,644.0,658.0,679.0,711.0,725.0,733.0,741.0,744.0,756.0,778.0,874.0,875.0,906.0,914.0,966.0,971.0,982.0,
80.0,106.0,113.0,138.0,138.0,148.0,159.0,222.0,241.0,270.0,303.0,400.0,403.0,438.0,471.0,474.0,481.0,567.0,699.0,707.0,708.0,717.0,730.0,763.0,804.0,872.0,875.0,918.0,926.0,927.0,946.0,
24.0,28.0,66.0,127.0,177.0,219.0,247.0,297.0,306.0,309.0,311.0,320.0,331.0,336.0,346.0,355.0,377.0,381.0,383.0,431.0,497.0,591.0,612.0,633.0,743.0,788.0,793.0,808.0,848.0,883.0,887.0,935.0,943.0,
25.0,62.0,93.0,112.0,162.0,208.0,231.0,264.0,278.0,292.0,322.0,361.0,366.0,370.0,489.0,499.0,500.0,503.0,527.0,549.0,550.0,551.0,566.0,570.0,577.0,607.0,614.0,627.0,637.0,642.0,670.0,680.0,693.0,699.0,734.0,735.0,776.0,806.0,836.0,850.0,886.0,969.0,
45.0,73.0,75.0,116.0,139.0,234.0,307.0,313.0,328.0,364.0,382.0,383.0,413.0,455.0,457.0,482.0,482.0,503.0,536.0,563.0,568.0,585.0,588.0,655.0,681.0,699.0,717.0,743.0,763.0,871.0,888.0,925.0,943.0,951.0,958.0,
24.0,80.0,103.0,105.0,123.0,131.0,211.0,310.0,317.0,333.0,372.0,430.0,485.0,505.0,520.0,524.0,557.0,573.0,630.0,649.0,668.0,681.0,706.0,709.0,744.0,744.0,779.0,783.0,783.0,789.0,835.0,836.0,857.0,861.0,865.0,958.0,982.0,991.0,
40.0,73.0,83.0,101.0,189.0,211.0,218.0,229.0,347.0,355.0,402.0,460.0,472.0,558.0,616.0,684.0,756.0,761.0,789.0,805.0,814.0,832.0,860.0,878.0,896.0,943.0,967.0,
17.0,31.0,62.0,113.0,117.0,145.0,153.0,169.0,209.0,209.0,333.0,358.0,372.0,378.0,403.0,431.0,450.0,466.0,512.0,611.0,635.0,715.0,770.0,772.0,778.0,810.0,832.0,849.0,944.0,954.0,978.0,
