15.0,27.0,31.0,31.0,42.0,111.0,113.0,125.0,190.0,191.0,230.0,283.0,293.0,306.0,314.0,346.0,358.0,361.0,410.0,435.0,439.0,447.0,462.0,488.0,502.0,530.0,560.0,579.0,594.0,602.0,606.0,619.0,622.0,642.0,645.0,654.0,712.0,714.0,735.0,774.0,791.0,807.0,813.0,813.0,896.0,898.0,906.0,912.0,919.0,931.0,954.0,957.0,978.0,
28.0,45.0,68.0,87.0,133.0,176.0,229.0,232.0,235.0,247.0,257.0,329.0,348.0,367.0,383.0,459.0,482.0,507.0,507.0,511.0,524.0,538.0,565.0,645.0,654.0,679.0,733.0,744.0,773.0,817.0,818.0,831.0,856.0,863.0,990.0,
22.0,89.0,113.0,119.0,146.0,161.0,167.0,231.0,236.0,242.0,294.0,298.0,305.0,326.0,339.0,342.0,349.0,392.0,406.0,444.0,480.0,514.0,543.0,645.0,652.0,658.0,672.0,684.0,712.0,752.0,793.0,892.0,907.0,912.0,963.0,989.0,
14.0,16.0,22.0,68.0,87.0,139.0,145.0,238.0,248.0,293.0,299.0,299.0,299.0,326.0,333.0,374.0,439.0,457.0,549.0,552.0,561.0,566.0,588.0,616.0,620.0,628.0,643.0,666.0,801.0,801.0,803.0,805.0,867.0,922.0,983.0,994.0,
45.0,73.0,88.0,134.0,186.0,189.0,222.0,231.0,245.0,279.0,317.0,335.0,339.0,351.0,376.0,391.0,450.0,468.0,473.0,487.0,519.0,567.0,587.0,606.0,613.0,619.0,686.0,692.0,729.0,733.0,738.0,755.0,771.0,834.0,855.0,864.0,898.0,899.0,916.0,933.0,955.0,
30.0,47.0,65.0,94.0,132.0,144.0,219.0,224.0,234.0,247.0,275.0,279.0,301.0,301.0,314.0,364.0,376.0,405.0,407.0,461.0,498.0,498.0,514.0,614.0,719.0,726.0,754.0,845.0,867.0,873.0,882.0,899.0,905.0,937.0,950.0,998.0,
43.0,75.0,80.0,111.0,166.0,178.0,181.0,203.0,267.0,268.0,289.0,313.0,357.0,407.0,413.0,413.0,428.0,516.0,540.0,559.0,580.0,586.0,608.0,614.0,619.0,628.0,684.0,686.0,709.0,731.0,745.0,759.0,772.0,773.0,807.0,827.0,849.0,889.0,939.0,
3.0,46.0,48.0,90.0,134.0,139.0,155.0,198.0,252.0,352.0,369.0,441.0,442.0,476.0,509.0,568.0,606.0,672.0,744.0,783.0,803.0,867.0,873.0,884.0,941.0,992.0,
53.0,126.0,164.0,165.0,175.0,196.0,219.0,221.0,222.0,233.0,263.0,280.0,291.0,303.0,345.0,376.0,377.0,411.0,522.0,532.0,536.0,536.0,584.0,596.0,637.0,671.0,685.0,687.0,719.0,738.0,758.0,770.0,779.0,818.0,840.0,867.0,923.0,993.0,
21.0,46.0,47.0,78.0,127.0,127.0,204.0,207.0,296.0,303.0,310.0,341.0,373.0,396.0,460.0,486.0,498.0,610.0,616.0,628.0,661.0,676.0,678.0,683.0,729.0,746.0,754.0,761.0,774.0,784.0,815.0,831.0,851.0,859.0,992.0,
85.0,103.0,115.0,170.0,183.0,186.0,229.0,236.0,266.0,270.0,307.0,312.0,315.0,326.0,352.0,391.0,422.0,462.0,477.0,478.0,505.0,528.0,549.0,603.0,638.0,670.0,693.0,772.0,795.0,838.0,839.0,899.0,917.0,922.0,941.0,968.0,982.0,
59.0,81.0,89.0,102.0,153.0,163.0,213.0,251.0,279.0,354.0,383.0,431.0,500.0,510.0,510.0,529.0,530.0,567.0,568.0,599.0,678.0,698.0,708.0,741.0,794.0,815.0,825.0,928.0,931.0,973.0,984.0,
61.0,82.0,86.0,136.0,146.0,160.0,194.0,215.0,238.0,241.0,244.0,247.0,249.0,265.0,271.0,322.0,350.0,366.0,407.0,438.0,462.0,495.0,526.0,541.0,590.0,598.0,617.0,623.0,630.0,643.0,644.0,671.0,677.0,681.0,684.0,702.0,734.0,744.0,761.0,853.0,856.0,901.0,917.0,957.0,993.0,
12.0,16.0,44.0,52.0,77.0,108.0,133.0,140.0,150.0,159.0,160.0,167.0,169.0,175.0,184.0,195.0,208.0,260.0,381.0,418.0,438.0,458.0,468.0,482.0,484.0,507.0,538.0,550.0,586.0,768.0,869.0,873.0,887.0,916.0,916.0,934.0,945.0,996.0,
45.0,63.0,137.0,166.0,198.0,209.0,263.0,268.0,292.0,317.0,334.0,373.0,403.0,415.0,417.0,436.0,450.0,517.0,520.0,559.0,670.0,687.0,688.0,702.0,734.0,735.0,749.0,766.0,766.0,772.0,818.0,845.0,858.0,866.0,872.0,905.0,915.0,918.0,922.0,928.0,933.0,933.0,962.0,
36.0,59.0,68.0,180.0,217.0,238.0,317.0,336.0,397.0,450.0,451.0,486.0,542.0,555.0,573.0,646.0,672.0,710.0,719.0,742.0,752.0,758.0,793.0,808.0,874.0,937.0,
7.0,24.0,85.0,102.0,119.0,121.0,125.0,131.0,173.0,202.0,205.0,255.0,313.0,313.0,321.0,326.0,348.0,383.0,410.0,430.0,499.0,541.0,634.0,647.0,669.0,699.0,714.0,761.0,768.0,796.0,801.0,929.0,959.0,
77.0,97.0,101.0,119.0,127.0,141.0,157.0,190.0,200.0,209.0,239.0,251.0,317.0,339.0,340.0,344.0,348.0,351.0,360.0,367.0,383.0,390.0,392.0,408.0,415.0,446.0,460.0,461.0,471.0,542.0,549.0,557.0,558.0,563.0,585.0,604.0,639.0,670.0,698.0,705.0,706.0,727.0,761.0,762.0,763.0,801.0,872.0,947.0,949.0,962.0,963.0,965.0,966.0,
26.0,27.0,61.0,98.0,157.0,157.0,186.0,214.0,233.0,239.0,255.0,311.0,313.0,318.0,353.0,360.0,364.0,403.0,411.0,416.0,435.0,452.0,469.0,513.0,522.0,574.0,616.0,642.0,683.0,702.0,713.0,719.0,801.0,804.0,877.0,877.0,889.0,920.0,929.0,930.0,955.0,
35.0,53.0,75.0,105.0,165.0,169.0,194.0,196.0,283.0,357.0,383.0,403.0,404.0,449.0,472.0,515.0,578.0,586.0,602.0,642.0,706.0,738.0,745.0,757.0,769.0,782.0,798.0,805.0,817.0,818.0,826.0,868.0,884.0,905.0,915.0,965.0,997.0,
29.0,45.0,89.0,118.0,119.0,137.0,180.0,295.0,311.0,328.0,361.0,387.0,400.0,415.0,417.0,490.0,494.0,496.0,499.0,530.0,559.0,635.0,648.0,689.0,779.0,812.0,812.0,858.0,901.0,913.0,940.0,974.0,978.0,
2.0,8.0,25.0,38.0,115.0,124.0,136.0,148.0,191.0,204.0,212.0,222.0,223.0,223.0,228.0,293.0,299.0,380.0,522.0,523.0,530.0,534.0,564.0,588.0,619.0,645.0,645.0,658.0,691.0,695.0,717.0,728.0,737.0,738.0,749.0,759.0,801.0,805.0,829.0,836.0,843.0,878.0,910.0,917.0,956.0,961.0,
5.0,18.0,28.0,47.0,129.0,139.0,147.0,239.0,272.0,304.0,336.0,373.0,406.0,408.0,424.0,478.0,486.0,525.0,599.0,684.0,688.0,764.0,822.0,829.0,852.0,860.0,874.0,879.0,905.0,909.0,948.0,
25.0,45.0,98.0,134.0,158.0,177.0,233.0,242.0,286.0,295.0,296.0,371.0,392.0,433.0,443.0,445.0,449.0,468.0,485.0,498.0,513.0,527.0,544.0,558.0,599.0,606.0,619.0,676.0,677.0,684.0,777.0,815.0,872.0,885.0,929.0,952.0,974.0,990.0,990.0,
30.0,33.0,70.0,83.0,88.0,108.0,110.0,142.0,165.0,190.0,190.0,282.0,346.0,425.0,439.0,450.0,485.0,494.0,515.0,531.0,552.0,591.0,601.0,642.0,669.0,706.0,709.0,722.0,725.0,728.0,737.0,786.0,796.0,807.0,838.0,865.0,908.0,916.0,962.0,962.0,968.0,992.0,
38.0,39.0,53.0,112.0,121.0,157.0,178.0,189.0,199.0,200.0,236.0,262.0,305.0,312.0,315.0,349.0,457.0,459.0,515.0,572.0,578.0,611.0,738.0,786.0,901.0,927.0,933.0,
15.0,22.0,32.0,93.0,98.0,103.0,104.0,134.0,142.0,191.0,212.0,266.0,268.0,271.0,317.0,329.0,347.0,367.0,445.0,502.0,572.0,580.0,587.0,588.0,639.0,657.0,660.0,663.0,682.0,708.0,714.0,735.0,757.0,763.0,769.0,780.0,786.0,787.0,806.0,814.0,829.0,843.0,855.0,924.0,946.0,967.0,
15.0,53.0,54.0,61.0,69.0,72.0,107.0,199.0,213.0,213.0,261.0,265.0,314.0,334.0,378.0,387.0,388.0,448.0,469.0,488.0,492.0,526.0,540.0,543.0,544.0,550.0,571.0,594.0,662.0,668.0,669.0,678.0,684.0,717.0,722.0,722.0,752.0,756.0,802.0,824.0,825.0,836.0,850.0,896.0,916.0,978.0,985.0,996.0,
51.0,77.0,88.0,99.0,138.0,154.0,161.0,197.0,209.0,256.0,294.0,295.0,336.0,417.0,459.0,506.0,525.0,526.0,534.0,592.0,630.0,638.0,645.0,700.0,731.0,738.0,826.0,859.0,883.0,891.0,949.0,955.0,969.0,970.0,
21.0,78.0,86.0,95.0,162.0,164.0,168.0,175.0,195.0,252.0,265.0,278.0,280.0,287.0,310.0,313.0,362.0,362.0,370.0,377.0,392.0,398.0,425.0,428.0,473.0,483.0,494.0,497.0,513.0,567.0,652.0,691.0,698.0,742.0,744.0,769.0,793.0,829.0,888.0,933.0,938.0,941.0,
5.0,32.0,45.0,58.0,87.0,100.0,106.0,257.0,259.0,267.0,291.0,301.0,302.0,330.0,365.0,430.0,488.0,564.0,570.0,571.0,576.0,615.0,642.0,659.0,743.0,807.0,819.0,862.0,874.0,900.0,948.0,993.0,996.0,
28.0,35.0,40.0,40.0,54.0,57.0,59.0,61.0,78.0,99.0,102.0,119.0,150.0,151.0,176.0,212.0,231.0,234.0,255.0,311.0,324.0,338.0,348.0,348.0,358.0,374.0,407.0,443.0,452.0,454.0,455.0,458.0,462.0,475.0,492.0,498.0,530.0,565.0,568.0,645.0,662.0,710.0,721.0,775.0,804.0,872.0,906.0,912.0,912.0,928.0,
16.0,92.0,94.0,121.0,135.0,156.0,166.0,213.0,226.0,264.0,310.0,332.0,335.0,337.0,415.0,428.0,456.0,507.0,564.0,575.0,621.0,622.0,644.0,647.0,653.0,663.0,671.0,680.0,731.0,751.0,758.0,774.0,807.0,836.0,858.0,877.0,878.0,899.0,953.0,999.0,
2.0,2.0,60.0,82.0,185.0,197.0,237.0,256.0,306.0,315.0,351.0,419.0,440.0,463.0,486.0,491.0,496.0,521.0,530.0,531.0,552.0,563.0,611.0,613.0,728.0,733.0,737.0,743.0,764.0,773.0,816.0,838.0,872.0,909.0,914.0,928.0,963.0,964.0,965.0,982.0,992.0,
3.0,48.0,50.0,103.0,103.0,145.0,186.0,198.0,222.0,237.0,256.0,276.0,278.0,359.0,375.0,429.0,532.0,561.0,777.0,883.0,901.0,929.0,958.0,979.0,980.0,
100.0,112.0,157.0,168.0,179.0,202.0,216.0,263.0,303.0,303.0,345.0,362.0,370.0,422.0,461.0,484.0,499.0,572.0,582.0,673.0,680.0,693.0,753.0,787.0,790.0,802.0,806.0,837.0,872.0,884.0,917.0,932.0,954.0,979.0,
7.0,207.0,257.0,290.0,323.0,334.0,346.0,350.0,369.0,381.0,419.0,462.0,473.0,479.0,511.0,567.0,628.0,640.0,697.0,719.0,720.0,776.0,777.0,816.0,823.0,844.0,896.0,909.0,909.0,963.0,
5.0,5.0,13.0,58.0,70.0,125.0,211.0,212.0,212.0,248.0,252.0,265.0,282.0,282.0,331.0,358.0,368.0,383.0,383.0,401.0,444.0,457.0,466.0,468.0,470.0,506.0,526.0,547.0,555.0,560.0,578.0,589.0,602.0,605.0,643.0,678.0,684.0,781.0,809.0,824.0,839.0,859.0,866.0,884.0,908.0,912.0,924.0,925.0,926.0,948.0,966.0,
2.0,9.0,42.0,54.0,68.0,113.0,118.0,128.0,137.0,143.0,146.0,176.0,187.0,210.0,256.0,273.0,284.0,284.0,289.0,381.0,386.0,407.0,471.0,495.0,521.0,525.0,536.0,554.0,567.0,623.0,696.0,705.0,705.0,750.0,757.0,786.0,788.0,789.0,812.0,844.0,848.0,866.0,866.0,924.0,985.0,
40.0,61.0,123.0,204.0,323.0,324.0,333.0,342.0,407.0,427.0,436.0,479.0,515.0,528.0,570.0,650.0,662.0,687.0,709.0,722.0,726.0,744.0,783.0,806.0,821.0,822.0,860.0,887.0,905.0,916.0,972.0,979.0,989.0,
8.0,26.0,89.0,125.0,145.0,169.0,179.0,189.0,208.0,225.0,236.0,317.0,328.0,349.0,362.0,395.0,439.0,472.0,486.0,522.0,528.0,531.0,544.0,547.0,553.0,580.0,619.0,621.0,657.0,753.0,764.0,766.0,781.0,783.0,789.0,828.0,899.0,950.0,955.0,963.0,970.0,981.0,993.0,
106.0,117.0,117.0,130.0,142.0,149.0,160.0,193.0,219.0,248.0,272.0,289.0,322.0,469.0,484.0,492.0,531.0,596.0,604.0,623.0,641.0,660.0,692.0,692.0,725.0,769.0,878.0,905.0,953.0,956.0,
25.0,27.0,88.0,132.0,170.0,190.0,219.0,222.0,251.0,260.0,293.0,293.0,332.0,334.0,373.0,376.0,416.0,445.0,465.0,501.0,511.0,549.0,552.0,570.0,584.0,591.0,598.0,609.0,633.0,654.0,670.0,683.0,684.0,693.0,728.0,744.0,773.0,847.0,855.0,856.0,861.0,896.0,904.0,906.0,939.0,952.0,955.0,975.0,979.0,982.0,
78.0,81.0,93.0,107.0,109.0,164.0,171.0,199.0,203.0,218.0,308.0,345.0,360.0,476.0,495.0,510.0,577.0,595.0,596.0,620.0,620.0,631.0,634.0,638.0,660.0,663.0,707.0,713.0,742.0,742.0,782.0,831.0,846.0,893.0,902.0,930.0,
20.0,94.0,130.0,169.0,239.0,306.0,314.0,330.0,429.0,512.0,525.0,527.0,564.0,622.0,628.0,652.0,721.0,750.0,756.0,762.0,782.0,813.0,855.0,963.0,968.0,982.0,987.0,
17.0,41.0,69.0,154.0,161.0,176.0,243.0,273.0,275.0,324.0,325.0,335.0,375.0,381.0,399.0,404.0,442.0,461.0,478.0,514.0,514.0,529.0,545.0,551.0,555.0,570.0,582.0,629.0,645.0,699.0,727.0,736.0,739.0,779.0,784.0,874.0,888.0,962.0,972.0,997.0,
7.0,33.0,66.0,73.0,87.0,94.0,95.0,123.0,174.0,177.0,191.0,191.0,230.0,241.0,301.0,349.0,356.0,375.0,380.0,417.0,420.0,529.0,529.0,605.0,618.0,672.0,708.0,738.0,739.0,742.0,743.0,784.0,792.0,875.0,888.0,998.0,
3.0,36.0,46.0,51.0,56.0,86.0,93.0,127.0,138.0,183.0,215.0,256.0,287.0,352.0,429.0,431.0,539.0,545.0,550.0,558.0,596.0,599.0,664.0,691.0,693.0,696.0,710.0,716.0,729.0,745.0,800.0,814.0,856.0,879.0,888.0,898.0,935.0,938.0,
8.0,17.0,24.0,43.0,56.0,149.0,185.0,205.0,226.0,252.0,261.0,267.0,302.0,316.0,371.0,421.0,475.0,505.0,527.0,538.0,543.0,545.0,553.0,560.0,595.0,626.0,651.0,721.0,736.0,746.0,758.0,805.0,867.0,901.0,929.0,940.0,961.0,962.0,976.0,
39.0,49.0,50.0,72.0,120.0,204.0,204.0,233.0,240.0,341.0,347.0,356.0,386.0,392.0,446.0,491.0,518.0,522.0,527.0,552.0,575.0,597.0,627.0,631.0,637.0,692.0,699.0,729.0,781.0,881.0,902.0,904.0,971.0,998.0,
18.0,52.0,61.0,86.0,104.0,147.0,160.0,176.0,195.0,203.0,209.0,219.0,244.0,277.0,286.0,293.0,295.0,311.0,318.0,343.0,349.0,364.0,387.0,411.0,447.0,464.0,565.0,590.0,660.0,683.0,701.0,726.0,732.0,797.0,798.0,834.0,890.0,934.0,952.0,958.0,992.0,
35.0,36.0,64.0,69.0,82.0,123.0,140.0,152.0,155.0,168.0,202.0,234.0,255.0,259.0,263.0,265.0,269.0,320.0,325.0,347.0,348.0,381.0,407.0,457.0,461.0,541.0,547.0,632.0,634.0,688.0,727.0,767.0,777.0,783.0,818.0,846.0,857.0,865.0,875.0,895.0,900.0,911.0,913.0,940.0,942.0,948.0,964.0,997.0,
72.0,102.0,114.0,159.0,176.0,187.0,193.0,207.0,217.0,219.0,221.0,233.0,294.0,297.0,310.0,368.0,384.0,398.0,460.0,506.0,513.0,522.0,561.0,564.0,565.0,572.0,573.0,582.0,586.0,615.0,617.0,628.0,628.0,630.0,637.0,682.0,715.0,757.0,800.0,838.0,841.0,851.0,868.0,924.0,927.0,945.0,952.0,1000.0,
71.0,149.0,172.0,175.0,175.0,231.0,271.0,288.0,289.0,292.0,365.0,428.0,439.0,471.0,480.0,533.0,604.0,633.0,676.0,747.0,780.0,819.0,855.0,938.0,967.0,996.0,
3.0,14.0,17.0,48.0,84.0,94.0,126.0,156.0,157.0,161.0,172.0,197.0,221.0,229.0,263.0,349.0,362.0,369.0,394.0,413.0,420.0,420.0,498.0,541.0,566.0,650.0,693.0,695.0,736.0,787.0,817.0,850.0,852.0,880.0,949.0,977.0,
36.0,114.0,119.0,139.0,165.0,201.0,220.0,230.0,232.0,249.0,265.0,275.0,300.0,311.0,315.0,318.0,326.0,340.0,355.0,385.0,460.0,472.0,489.0,497.0,499.0,609.0,611.0,626.0,640.0,650.0,650.0,663.0,674.0,716.0,772.0,851.0,897.0,
13.0,104.0,125.0,168.0,228.0,268.0,279.0,301.0,384.0,428.0,442.0,496.0,505.0,538.0,560.0,568.0,590.0,619.0,625.0,633.0,694.0,720.0,787.0,840.0,855.0,867.0,873.0,893.0,
2.0,12.0,24.0,82.0,100.0,129.0,146.0,161.0,164.0,167.0,256.0,260.0,299.0,301.0,328.0,347.0,350.0,356.0,371.0,380.0,401.0,424.0,437.0,449.0,484.0,501.0,533.0,535.0,577.0,583.0,600.0,608.0,634.0,659.0,682.0,688.0,723.0,743.0,747.0,761.0,791.0,793.0,820.0,837.0,854.0,858.0,865.0,915.0,920.0,924.0,
3.0,46.0,47.0,49.0,73.0,104.0,131.0,139.0,141.0,198.0,201.0,241.0,308.0,352.0,391.0,404.0,404.0,420.0,429.0,485.0,506.0,522.0,568.0,589.0,624.0,631.0,644.0,652.0,663.0,668.0,676.0,734.0,766.0,799.0,806.0,842.0,893.0,911.0,964.0,971.0,999.0,
4.0,17.0,24.0,29.0,47.0,56.0,65.0,66.0,84.0,93.0,131.0,180.0,191.0,214.0,268.0,296.0,296.0,344.0,391.0,413.0,460.0,467.0,478.0,546.0,573.0,625.0,636.0,652.0,664.0,697.0,704.0,726.0,741.0,781.0,796.0,815.0,842.0,871.0,878.0,904.0,905.0,914.0,950.0,958.0,964.0,987.0,
8.0,40.0,44.0,67.0,130.0,147.0,207.0,209.0,219.0,235.0,240.0,270.0,274.0,279.0,303.0,316.0,335.0,381.0,392.0,394.0,492.0,528.0,548.0,558.0,576.0,650.0,671.0,784.0,843.0,883.0,899.0,956.0,959.0,983.0,998.0,
32.0,41.0,51.0,71.0,75.0,89.0,109.0,121.0,128.0,139.0,181.0,246.0,267.0,277.0,281.0,336.0,343.0,345.0,352.0,360.0,375.0,384.0,401.0,408.0,438.0,503.0,509.0,542.0,590.0,607.0,616.0,619.0,631.0,636.0,639.0,662.0,670.0,681.0,698.0,768.0,824.0,849.0,859.0,869.0,875.0,916.0,946.0,984.0,988.0,
16.0,27.0,35.0,203.0,203.0,236.0,249.0,260.0,260.0,272.0,296.0,318.0,320.0,387.0,401.0,432.0,478.0,486.0,494.0,532.0,585.0,609.0,637.0,637.0,662.0,686.0,690.0,691.0,745.0,770.0,784.0,816.0,824.0,833.0,836.0,836.0,927.0,953.0,961.0,985.0,
21.0,24.0,27.0,32.0,33.0,39.0,70.0,72.0,131.0,148.0,161.0,171.0,232.0,244.0,304.0,308.0,347.0,386.0,482.0,485.0,488.0,535.0,597.0,691.0,705.0,729.0,785.0,793.0,849.0,918.0,942.0,951.0,
24.0,65.0,66.0,136.0,151.0,160.0,178.0,184.0,212.0,215.0,219.0,277.0,283.0,313.0,359.0,383.0,397.0,420.0,487.0,495.0,521.0,530.0,690.0,701.0,716.0,755.0,782.0,800.0,801.0,807.0,810.0,866.0,877.0,884.0,887.0,904.0,918.0,931.0,938.0,
44.0,45.0,64.0,65.0,107.0,154.0,171.0,172.0,213.0,242.0,251.0,260.0,296.0,297.0,338.0,386.0,388.0,390.0,433.0,452.0,553.0,579.0,646.0,647.0,652.0,678.0,726.0,740.0,755.0,767.0,809.0,866.0,924.0,1000.0,
63.0,69.0,98.0,112.0,168.0,223.0,227.0,281.0,311.0,343.0,359.0,381.0,478.0,482.0,500.0,502.0,525.0,550.0,559.0,563.0,568.0,573.0,592.0,625.0,645.0,662.0,662.0,672.0,680.0,704.0,716.0,727.0,733.0,903.0,976.0,
12.0,55.0,160.0,177.0,207.0,286.0,315.0,351.0,356.0,384.0,387.0,421.0,481.0,494.0,553.0,572.0,580.0,581.0,638.0,663.0,713.0,722.0,766.0,773.0,784.0,786.0,790.0,805.0,814.0,903.0,930.0,953.0,958.0,981.0,
15.0,42.0,98.0,163.0,243.0,376.0,435.0,483.0,539.0,550.0,560.0,638.0,655.0,666.0,667.0,668.0,669.0,760.0,793.0,822.0,844.0,861.0,874.0,961.0,968.0,973.0,
19.0,31.0,32.0,93.0,99.0,114.0,136.0,196.0,205.0,213.0,216.0,253.0,277.0,361.0,392.0,404.0,441.0,504.0,519.0,523.0,534.0,551.0,552.0,597.0,607.0,621.0,691.0,704.0,773.0,793.0,861.0,864.0,870.0,890.0,905.0,917.0,963.0,
11.0,28.0,51.0,102.0,133.0,155.0,166.0,207.0,242.0,257.0,278.0,280.0,313.0,346.0,384.0,389.0,462.0,474.0,487.0,494.0,499.0,499.0,506.0,526.0,527.0,537.0,561.0,621.0,625.0,640.0,668.0,677.0,746.0,755.0,823.0,831.0,844.0,895.0,942.0,995.0,1000.0,
16.0,74.0,96.0,123.0,158.0,162.0,184.0,241.0,253.0,261.0,284.0,308.0,320.0,322.0,373.0,374.0,379.0,385.0,423.0,425.0,490.0,512.0,572.0,575.0,577.0,585.0,637.0,646.0,657.0,663.0,696.0,722.0,730.0,766.0,817.0,855.0,877.0,879.0,911.0,959.0,966.0,991.0,993.0,
4.0,9.0,27.0,99.0,185.0,218.0,221.0,316.0,322.0,363.0,382.0,386.0,392.0,398.0,408.0,409.0,437.0,548.0,556.0,593.0,609.0,623.0,644.0,728.0,755.0,783.0,787.0,821.0,903.0,933.0,954.0,979.0,981.0,
37.0,42.0,47.0,59.0,76.0,96.0,112.0,187.0,189.0,204.0,209.0,257.0,332.0,369.0,375.0,389.0,423.0,429.0,474.0,482.0,522.0,614.0,616.0,679.0,729.0,742.0,772.0,774.0,781.0,814.0,820.0,823.0,881.0,883.0,909.0,969.0,969.0,
39.0,46.0,66.0,69.0,182.0,190.0,201.0,246.0,258.0,267.0,301.0,323.0,346.0,376.0,397.0,434.0,441.0,463.0,466.0,494.0,554.0,577.0,625.0,666.0,691.0,709.0,729.0,759.0,808.0,856.0,927.0,966.0,983.0,
5.0,43.0,46.0,57.0,67.0,72.0,109.0,139.0,178.0,207.0,259.0,297.0,302.0,310.0,325.0,329.0,331.0,347.0,354.0,364.0,375.0,438.0,462.0,478.0,486.0,499.0,537.0,565.0,673.0,683.0,765.0,828.0,830.0,833.0,859.0,882.0,930.0,959.0,999.0,999.0,
90.0,91.0,161.0,172.0,230.0,267.0,280.0,318.0,375.0,375.0,399.0,406.0,411.0,419.0,547.0,570.0,590.0,626.0,662.0,729.0,800.0,816.0,823.0,827.0,840.0,862.0,864.0,923.0,934.0,961.0,964.0,
12.0,17.0,43.0,61.0,65.0,77.0,78.0,139.0,154.0,177.0,190.0,203.0,203.0,219.0,241.0,289.0,345.0,390.0,391.0,400.0,425.0,432.0,472.0,519.0,530.0,548.0,551.0,564.0,595.0,596.0,597.0,603.0,622.0,643.0,659.0,732.0,748.0,803.0,813.0,843.0,856.0,873.0,896.0,898.0,910.0,977.0,
80.0,90.0,92.0,97.0,102.0,103.0,158.0,171.0,181.0,201.0,257.0,301.0,320.0,331.0,363.0,370.0,381.0,443.0,464.0,479.0,486.0,538.0,606.0,629.0,720.0,741.0,745.0,819.0,840.0,880.0,945.0,975.0,
19.0,19.0,52.0,104.0,122.0,177.0,187.0,232.0,240.0,273.0,329.0,340.0,345.0,508.0,525.0,573.0,603.0,656.0,735.0,755.0,826.0,863.0,959.0,963.0,971.0,984.0,987.0,
37.0,60.0,98.0,108.0,122.0,157.0,167.0,206.0,217.0,226.0,235.0,248.0,257.0,264.0,268.0,269.0,272.0,299.0,314.0,328.0,380.0,385.0,452.0,458.0,458.0,463.0,467.0,476.0,537.0,563.0,577.0,587.0,608.0,626.0,680.0,698.0,742.0,793.0,815.0,819.0,837.0,856.0,893.0,899.0,914.0,953.0,978.0,978.0,
8.0,15.0,188.0,198.0,200.0,213.0,226.0,238.0,239.0,287.0,294.0,295.0,306.0,308.0,332.0,338.0,347.0,364.0,383.0,472.0,499.0,510.0,551.0,665.0,686.0,694.0,736.0,810.0,840.0,840.0,864.0,905.0,916.0,
3.0,9.0,40.0,77.0,96.0,100.0,121.0,137.0,170.0,221.0,245.0,278.0,420.0,421.0,428.0,435.0,445.0,510.0,520.0,568.0,570.0,582.0,617.0,634.0,639.0,694.0,695.0,717.0,766.0,782.0,867.0,911.0,914.0,934.0,
28.0,31.0,55.0,65.0,93.0,100.0,147.0,174.0,184.0,225.0,249.0,363.0,372.0,377.0,392.0,418.0,476.0,524.0,628.0,632.0,636.0,661.0,663.0,678.0,711.0,717.0,804.0,804.0,886.0,912.0,999.0,
3.0,40.0,48.0,75.0,81.0,115.0,130.0,160.0,264.0,268.0,278.0,290.0,306.0,336.0,336.0,339.0,354.0,365.0,397.0,406.0,414.0,417.0,431.0,453.0,477.0,486.0,528.0,535.0,549.0,567.0,601.0,694.0,750.0,776.0,793.0,812.0,842.0,856.0,870.0,930.0,997.0,
16.0,31.0,63.0,74.0,86.0,110.0,119.0,119.0,216.0,232.0,232.0,265.0,275.0,284.0,346.0,370.0,412.0,439.0,526.0,537.0,550.0,575.0,587.0,644.0,685.0,690.0,703.0,712.0,738.0,783.0,811.0,884.0,895.0,944.0,964.0,981.0,993.0,
7.0,29.0,125.0,136.0,174.0,181.0,211.0,227.0,231.0,233.0,237.0,238.0,276.0,286.0,335.0,402.0,412.0,441.0,447.0,451.0,454.0,471.0,580.0,595.0,614.0,626.0,628.0,656.0,664.0,767.0,782.0,846.0,905.0,911.0,963.0,989.0,995.0,996.0,
53.0,78.0,96.0,107.0,108.0,128.0,140.0,199.0,222.0,226.0,373.0,424.0,439.0,478.0,522.0,537.0,578.0,628.0,631.0,638.0,648.0,655.0,658.0,684.0,696.0,720.0,746.0,771.0,775.0,823.0,842.0,866.0,892.0,903.0,946.0,950.0,
56.0,168.0,173.0,186.0,211.0,215.0,219.0,262.0,316.0,319.0,321.0,334.0,383.0,405.0,409.0,424.0,426.0,458.0,522.0,543.0,555.0,557.0,563.0,575.0,582.0,624.0,651.0,719.0,722.0,790.0,822.0,865.0,888.0,910.0,932.0,967.0,
13.0,13.0,30.0,95.0,101.0,126.0,193.0,267.0,366.0,391.0,428.0,443.0,470.0,494.0,500.0,506.0,589.0,629.0,666.0,669.0,687.0,696.0,715.0,726.0,730.0,734.0,910.0,947.0,984.0,991.0,
25.0,42.0,114.0,116.0,118.0,128.0,159.0,196.0,198.0,237.0,259.0,270.0,358.0,381.0,404.0,419.0,430.0,489.0,492.0,492.0,494.0,510.0,536.0,560.0,596.0,636.0,676.0,680.0,752.0,804.0,810.0,813.0,831.0,831.0,843.0,843.0,875.0,893.0,898.0,953.0,
6.0,20.0,21.0,44.0,51.0,54.0,93.0,97.0,141.0,159.0,191.0,213.0,237.0,257.0,263.0,275.0,277.0,327.0,364.0,381.0,390.0,479.0,485.0,488.0,648.0,661.0,691.0,713.0,716.0,756.0,832.0,832.0,834.0,843.0,924.0,973.0,
2.0,17.0,27.0,123.0,175.0,175.0,197.0,251.0,252.0,256.0,294.0,351.0,363.0,403.0,403.0,426.0,426.0,448.0,515.0,536.0,540.0,545.0,586.0,633.0,641.0,650.0,656.0,701.0,730.0,736.0,749.0,766.0,800.0,858.0,875.0,883.0,902.0,961.0,985.0,
4.0,29.0,55.0,88.0,117.0,118.0,142.0,146.0,182.0,210.0,226.0,228.0,236.0,266.0,336.0,385.0,407.0,411.0,512.0,540.0,545.0,628.0,700.0,703.0,737.0,740.0,776.0,852.0,870.0,960.0,973.0,990.0,
4.0,13.0,14.0,41.0,42.0,55.0,58.0,82.0,180.0,243.0,311.0,387.0,400.0,405.0,414.0,509.0,510.0,603.0,616.0,635.0,652.0,694.0,835.0,878.0,892.0,910.0,
54.0,88.0,119.0,122.0,122.0,159.0,226.0,273.0,280.0,399.0,438.0,459.0,490.0,497.0,517.0,524.0,580.0,598.0,624.0,656.0,693.0,741.0,757.0,813.0,888.0,911.0,915.0,940.0,981.0,988.0,998.0,
29.0,43.0,130.0,131.0,177.0,208.0,209.0,238.0,278.0,289.0,291.0,292.0,411.0,497.0,569.0,576.0,578.0,641.0,655.0,669.0,674.0,675.0,676.0,685.0,716.0,720.0,735.0,742.0,759.0,766.0,772.0,800.0,821.0,826.0,840.0,846.0,852.0,867.0,876.0,881.0,892.0,914.0,945.0,971.0,979.0,991.0,
3.0,96.0,99.0,151.0,186.0,246.0,296.0,311.0,343.0,347.0,398.0,403.0,411.0,414.0,463.0,494.0,501.0,555.0,602.0,672.0,719.0,722.0,765.0,786.0,792.0,801.0,801.0,809.0,819.0,822.0,824.0,850.0,877.0,882.0,882.0,907.0,923.0,930.0,940.0,946.0,973.0,
38.0,48.0,96.0,138.0,213.0,317.0,349.0,363.0,408.0,441.0,484.0,515.0,522.0,527.0,561.0,586.0,606.0,614.0,629.0,631.0,634.0,644.0,666.0,683.0,685.0,688.0,717.0,753.0,796.0,797.0,801.0,805.0,815.0,821.0,837.0,863.0,893.0,928.0,932.0,938.0,943.0,959.0,990.0,
11.0,15.0,17.0,66.0,103.0,115.0,137.0,157.0,209.0,264.0,281.0,307.0,388.0,399.0,420.0,425.0,428.0,437.0,441.0,519.0,539.0,542.0,552.0,603.0,604.0,608.0,622.0,635.0,704.0,714.0,737.0,810.0,819.0,839.0,852.0,859.0,874.0,887.0,892.0,906.0,941.0,942.0,951.0,958.0,964.0,997.0,
