50.0,80.0,89.0,107.0,128.0,131.0,240.0,259.0,260.0,262.0,272.0,280.0,307.0,350.0,365.0,408.0,411.0,437.0,449.0,469.0,476.0,519.0,546.0,554.0,580.0,616.0,630.0,635.0,664.0,708.0,712.0,717.0,757.0,761.0,764.0,805.0,827.0,924.0,986.0,
24.0,66.0,79.0,91.0,100.0,134.0,213.0,215.0,263.0,316.0,342.0,359.0,366.0,367.0,382.0,408.0,408.0,424.0,446.0,459.0,475.0,478.0,490.0,513.0,555.0,558.0,564.0,615.0,643.0,670.0,693.0,724.0,729.0,754.0,827.0,848.0,859.0,867.0,912.0,927.0,940.0,946.0,955.0,967.0,
2.0,44.0,51.0,59.0,64.0,77.0,88.0,88.0,149.0,159.0,162.0,166.0,191.0,196.0,248.0,266.0,269.0,279.0,344.0,374.0,379.0,435.0,451.0,533.0,537.0,560.0,602.0,612.0,648.0,653.0,671.0,679.0,686.0,688.0,785.0,798.0,822.0,830.0,841.0,848.0,850.0,869.0,881.0,915.0,947.0,951.0,963.0,972.0,
22.0,31.0,69.0,148.0,179.0,189.0,192.0,210.0,212.0,250.0,258.0,269.0,275.0,283.0,319.0,340.0,383.0,394.0,409.0,441.0,472.0,475.0,508.0,515.0,540.0,549.0,578.0,604.0,637.0,651.0,694.0,754.0,762.0,768.0,775.0,840.0,864.0,894.0,917.0,938.0,956.0,958.0,991.0,995.0,
34.0,58.0,165.0,173.0,236.0,242.0,250.0,259.0,271.0,307.0,324.0,354.0,384.0,386.0,485.0,503.0,514.0,587.0,596.0,607.0,621.0,653.0,668.0,690.0,789.0,806.0,825.0,828.0,828.0,848.0,852.0,870.0,874.0,882.0,943.0,962.0,975.0,
27.0,36.0,112.0,152.0,178.0,198.0,216.0,232.0,260.0,308.0,362.0,367.0,380.0,405.0,424.0,431.0,434.0,501.0,525.0,598.0,615.0,641.0,667.0,728.0,731.0,802.0,807.0,817.0,820.0,851.0,878.0,952.0,993.0,1000.0,
22.0,42.0,84.0,118.0,132.0,142.0,158.0,193.0,228.0,252.0,370.0,438.0,448.0,499.0,500.0,582.0,619.0,638.0,653.0,694.0,709.0,717.0,731.0,802.0,807.0,811.0,840.0,880.0,909.0,912.0,933.0,959.0,968.0,
51.0,126.0,140.0,215.0,229.0,304.0,313.0,345.0,416.0,418.0,422.0,432.0,482.0,523.0,561.0,591.0,603.0,618.0,684.0,770.0,885.0,900.0,903.0,905.0,918.0,
12.0,54.0,103.0,111.0,126.0,163.0,169.0,186.0,200.0,207.0,236.0,274.0,280.0,288.0,295.0,305.0,334.0,342.0,446.0,468.0,565.0,580.0,588.0,601.0,668.0,673.0,693.0,763.0,899.0,905.0,984.0,992.0,998.0,999.0,
60.0,73.0,121.0,154.0,165.0,167.0,168.0,179.0,184.0,197.0,217.0,249.0,250.0,351.0,353.0,377.0,382.0,415.0,418.0,463.0,471.0,521.0,550.0,560.0,608.0,611.0,655.0,678.0,694.0,696.0,707.0,716.0,716.0,779.0,814.0,817.0,823.0,824.0,861.0,866.0,884.0,916.0,946.0,995.0,
42.0,64.0,86.0,138.0,153.0,179.0,188.0,229.0,247.0,250.0,262.0,282.0,296.0,323.0,324.0,351.0,451.0,521.0,523.0,597.0,607.0,671.0,732.0,734.0,744.0,753.0,760.0,785.0,920.0,973.0,992.0,995.0,996.0,999.0,
87.0,162.0,218.0,255.0,268.0,277.0,277.0,283.0,384.0,401.0,472.0,549.0,568.0,578.0,581.0,640.0,648.0,662.0,664.0,666.0,670.0,686.0,695.0,727.0,731.0,812.0,848.0,859.0,860.0,884.0,934.0,947.0,970.0,
55.0,60.0,92.0,312.0,343.0,372.0,373.0,373.0,426.0,444.0,469.0,486.0,498.0,499.0,508.0,512.0,573.0,617.0,655.0,761.0,765.0,766.0,776.0,780.0,785.0,816.0,822.0,827.0,877.0,947.0,955.0,955.0,
6.0,43.0,79.0,88.0,111.0,132.0,158.0,203.0,261.0,343.0,443.0,450.0,583.0,600.0,637.0,694.0,754.0,837.0,861.0,863.0,880.0,
44.0,53.0,59.0,120.0,145.0,183.0,184.0,226.0,230.0,262.0,264.0,271.0,301.0,347.0,363.0,364.0,391.0,415.0,480.0,498.0,499.0,514.0,557.0,579.0,627.0,643.0,655.0,691.0,694.0,697.0,698.0,799.0,875.0,886.0,936.0,966.0,
61.0,82.0,122.0,126.0,173.0,173.0,296.0,301.0,326.0,340.0,365.0,407.0,468.0,483.0,509.0,579.0,646.0,695.0,697.0,702.0,708.0,736.0,793.0,825.0,843.0,876.0,883.0,910.0,939.0,972.0,978.0,998.0,
11.0,69.0,70.0,105.0,160.0,166.0,170.0,179.0,186.0,191.0,198.0,296.0,322.0,341.0,352.0,359.0,385.0,392.0,451.0,477.0,519.0,551.0,612.0,625.0,634.0,654.0,672.0,682.0,711.0,713.0,716.0,734.0,756.0,815.0,851.0,857.0,920.0,966.0,
2.0,16.0,24.0,39.0,66.0,103.0,127.0,137.0,140.0,162.0,170.0,199.0,249.0,307.0,321.0,386.0,400.0,438.0,488.0,515.0,530.0,560.0,569.0,575.0,590.0,651.0,652.0,676.0,677.0,693.0,721.0,726.0,729.0,768.0,810.0,878.0,920.0,966.0,
9.0,125.0,133.0,154.0,178.0,217.0,296.0,408.0,411.0,417.0,421.0,429.0,435.0,503.0,542.0,550.0,637.0,645.0,652.0,685.0,699.0,703.0,728.0,742.0,788.0,799.0,807.0,831.0,855.0,870.0,892.0,896.0,901.0,921.0,928.0,983.0,985.0,
28.0,40.0,72.0,164.0,210.0,234.0,244.0,246.0,261.0,274.0,286.0,290.0,293.0,322.0,347.0,350.0,377.0,388.0,418.0,455.0,473.0,556.0,567.0,568.0,577.0,580.0,597.0,632.0,632.0,704.0,724.0,734.0,769.0,774.0,811.0,886.0,916.0,939.0,942.0,949.0,981.0,
4.0,30.0,59.0,62.0,81.0,137.0,143.0,147.0,160.0,162.0,164.0,208.0,276.0,278.0,308.0,356.0,381.0,425.0,429.0,440.0,486.0,491.0,498.0,505.0,524.0,556.0,670.0,757.0,823.0,841.0,889.0,889.0,
19.0,55.0,63.0,80.0,88.0,101.0,156.0,172.0,178.0,230.0,242.0,244.0,258.0,281.0,342.0,359.0,361.0,447.0,486.0,493.0,549.0,572.0,573.0,604.0,615.0,632.0,669.0,737.0,738.0,770.0,792.0,816.0,821.0,826.0,852.0,882.0,905.0,940.0,982.0,999.0,
31.0,48.0,71.0,90.0,97.0,111.0,117.0,117.0,155.0,194.0,195.0,209.0,211.0,225.0,253.0,263.0,348.0,361.0,411.0,413.0,427.0,446.0,450.0,480.0,482.0,501.0,522.0,539.0,660.0,669.0,771.0,780.0,787.0,804.0,847.0,861.0,880.0,886.0,937.0,945.0,978.0,979.0,987.0,
8.0,85.0,111.0,112.0,125.0,133.0,207.0,261.0,261.0,319.0,417.0,516.0,516.0,523.0,582.0,589.0,608.0,621.0,645.0,655.0,668.0,683.0,709.0,710.0,721.0,723.0,887.0,904.0,904.0,966.0,
9.0,43.0,44.0,56.0,56.0,70.0,79.0,113.0,158.0,177.0,197.0,197.0,261.0,272.0,289.0,289.0,290.0,303.0,321.0,330.0,332.0,353.0,364.0,368.0,391.0,474.0,487.0,503.0,512.0,520.0,527.0,539.0,543.0,544.0,619.0,665.0,688.0,758.0,828.0,842.0,872.0,903.0,1000.0,
7.0,28.0,63.0,72.0,186.0,217.0,237.0,237.0,239.0,282.0,323.0,336.0,358.0,428.0,656.0,666.0,752.0,777.0,806.0,895.0,900.0,903.0,914.0,915.0,
4.0,22.0,62.0,83.0,105.0,129.0,130.0,158.0,219.0,221.0,238.0,264.0,268.0,285.0,290.0,427.0,533.0,557.0,579.0,595.0,598.0,600.0,600.0,615.0,624.0,651.0,659.0,669.0,683.0,719.0,806.0,807.0,819.0,841.0,915.0,920.0,945.0,960.0,978.0,1000.0,
47.0,73.0,106.0,151.0,166.0,167.0,181.0,195.0,212.0,217.0,302.0,330.0,331.0,338.0,432.0,470.0,497.0,511.0,583.0,593.0,594.0,599.0,646.0,768.0,783.0,789.0,797.0,819.0,835.0,851.0,861.0,921.0,936.0,963.0,979.0,994.0,994.0,997.0,
43.0,48.0,146.0,162.0,167.0,169.0,223.0,237.0,238.0,276.0,321.0,327.0,360.0,386.0,436.0,441.0,452.0,511.0,525.0,527.0,577.0,603.0,664.0,678.0,691.0,808.0,812.0,818.0,909.0,946.0,962.0,974.0,989.0,
16.0,33.0,53.0,64.0,71.0,106.0,110.0,121.0,121.0,180.0,184.0,207.0,210.0,211.0,249.0,253.0,254.0,262.0,292.0,308.0,317.0,340.0,349.0,359.0,382.0,407.0,415.0,443.0,451.0,477.0,506.0,525.0,527.0,544.0,555.0,586.0,608.0,720.0,769.0,773.0,783.0,792.0,834.0,834.0,844.0,874.0,943.0,983.0,
7.0,27.0,43.0,72.0,77.0,89.0,102.0,111.0,142.0,223.0,224.0,230.0,239.0,369.0,446.0,476.0,491.0,563.0,611.0,720.0,754.0,805.0,810.0,810.0,822.0,833.0,886.0,975.0,993.0,997.0,
16.0,64.0,85.0,102.0,170.0,220.0,228.0,238.0,261.0,264.0,281.0,290.0,341.0,349.0,358.0,423.0,430.0,437.0,439.0,554.0,584.0,598.0,617.0,676.0,709.0,713.0,736.0,738.0,787.0,849.0,864.0,890.0,891.0,897.0,915.0,939.0,945.0,
14.0,43.0,43.0,51.0,56.0,62.0,93.0,113.0,137.0,137.0,181.0,249.0,270.0,298.0,388.0,391.0,443.0,621.0,664.0,697.0,714.0,753.0,756.0,791.0,797.0,871.0,873.0,875.0,
10.0,41.0,43.0,59.0,73.0,138.0,194.0,227.0,230.0,233.0,296.0,337.0,340.0,342.0,354.0,388.0,434.0,466.0,470.0,474.0,481.0,497.0,532.0,537.0,558.0,572.0,574.0,576.0,642.0,697.0,703.0,706.0,715.0,738.0,755.0,764.0,807.0,848.0,857.0,919.0,998.0,
41.0,101.0,178.0,191.0,268.0,291.0,321.0,329.0,332.0,368.0,377.0,380.0,430.0,489.0,514.0,553.0,573.0,615.0,629.0,677.0,678.0,682.0,700.0,712.0,726.0,737.0,759.0,768.0,779.0,784.0,785.0,789.0,796.0,844.0,887.0,887.0,888.0,
3.0,6.0,27.0,44.0,50.0,88.0,96.0,101.0,121.0,131.0,172.0,194.0,225.0,269.0,284.0,298.0,313.0,314.0,338.0,351.0,377.0,384.0,399.0,415.0,430.0,490.0,521.0,534.0,545.0,547.0,626.0,631.0,755.0,788.0,803.0,856.0,858.0,860.0,1000.0,
16.0,116.0,119.0,128.0,152.0,167.0,176.0,178.0,178.0,190.0,192.0,201.0,217.0,237.0,241.0,262.0,272.0,305.0,325.0,410.0,421.0,443.0,470.0,516.0,564.0,582.0,584.0,595.0,610.0,653.0,665.0,666.0,679.0,720.0,742.0,777.0,801.0,836.0,898.0,909.0,943.0,983.0,
34.0,129.0,132.0,207.0,216.0,271.0,282.0,304.0,331.0,334.0,388.0,396.0,414.0,440.0,466.0,473.0,517.0,563.0,574.0,581.0,662.0,724.0,741.0,744.0,750.0,762.0,874.0,890.0,955.0,963.0,
7.0,21.0,53.0,83.0,128.0,212.0,224.0,284.0,314.0,337.0,347.0,402.0,420.0,427.0,459.0,466.0,484.0,491.0,508.0,563.0,576.0,596.0,606.0,624.0,663.0,738.0,752.0,755.0,761.0,772.0,801.0,824.0,830.0,855.0,909.0,944.0,959.0,997.0,
10.0,29.0,170.0,182.0,185.0,195.0,202.0,203.0,212.0,295.0,303.0,329.0,346.0,356.0,364.0,410.0,413.0,415.0,416.0,428.0,457.0,514.0,568.0,572.0,604.0,616.0,675.0,724.0,738.0,790.0,795.0,824.0,863.0,877.0,883.0,903.0,933.0,
3.0,7.0,76.0,97.0,157.0,176.0,176.0,210.0,221.0,236.0,240.0,260.0,278.0,281.0,324.0,363.0,382.0,391.0,402.0,411.0,439.0,459.0,465.0,527.0,593.0,663.0,715.0,757.0,787.0,803.0,909.0,911.0,921.0,935.0,942.0,
34.0,40.0,136.0,155.0,159.0,167.0,252.0,276.0,285.0,296.0,336.0,405.0,408.0,455.0,472.0,491.0,512.0,572.0,573.0,579.0,632.0,667.0,677.0,682.0,702.0,725.0,788.0,815.0,859.0,860.0,900.0,969.0,971.0,971.0,1000.0,
16.0,71.0,107.0,147.0,153.0,165.0,196.0,281.0,286.0,313.0,316.0,351.0,408.0,426.0,453.0,469.0,487.0,500.0,550.0,582.0,594.0,625.0,646.0,648.0,659.0,686.0,686.0,693.0,698.0,781.0,837.0,837.0,859.0,900.0,921.0,941.0,
7.0,9.0,24.0,50.0,52.0,65.0,121.0,150.0,151.0,167.0,191.0,192.0,193.0,204.0,230.0,271.0,279.0,286.0,349.0,390.0,474.0,529.0,533.0,554.0,557.0,601.0,614.0,631.0,692.0,741.0,745.0,781.0,840.0,854.0,872.0,931.0,943.0,967.0,978.0,989.0,989.0,
19.0,34.0,36.0,59.0,89.0,96.0,113.0,129.0,179.0,186.0,322.0,381.0,383.0,435.0,450.0,476.0,483.0,487.0,493.0,498.0,509.0,516.0,539.0,562.0,688.0,695.0,824.0,858.0,888.0,901.0,919.0,960.0,997.0,
4.0,32.0,76.0,79.0,98.0,143.0,145.0,161.0,206.0,226.0,231.0,275.0,365.0,365.0,379.0,439.0,444.0,476.0,522.0,581.0,619.0,636.0,642.0,708.0,738.0,745.0,747.0,816.0,837.0,859.0,875.0,897.0,945.0,
24.0,46.0,68.0,78.0,107.0,161.0,199.0,237.0,241.0,252.0,266.0,270.0,317.0,327.0,328.0,366.0,379.0,427.0,497.0,519.0,597.0,641.0,647.0,694.0,695.0,710.0,716.0,742.0,753.0,754.0,778.0,813.0,851.0,877.0,879.0,922.0,953.0,972.0,985.0,
17.0,30.0,50.0,64.0,80.0,85.0,109.0,113.0,191.0,204.0,215.0,231.0,233.0,247.0,254.0,256.0,298.0,302.0,310.0,341.0,350.0,381.0,388.0,419.0,459.0,518.0,523.0,596.0,616.0,644.0,647.0,659.0,684.0,754.0,865.0,876.0,877.0,883.0,913.0,915.0,996.0,1000.0,
12.0,74.0,138.0,139.0,150.0,158.0,163.0,221.0,236.0,253.0,278.0,302.0,330.0,339.0,352.0,355.0,388.0,411.0,443.0,463.0,496.0,612.0,642.0,659.0,680.0,681.0,695.0,721.0,764.0,769.0,769.0,775.0,804.0,805.0,836.0,870.0,875.0,893.0,909.0,943.0,1000.0,
19.0,75.0,125.0,126.0,129.0,163.0,174.0,196.0,204.0,243.0,295.0,314.0,371.0,423.0,498.0,500.0,569.0,581.0,586.0,623.0,631.0,667.0,723.0,778.0,821.0,848.0,927.0,942.0,985.0,
11.0,52.0,53.0,55.0,87.0,109.0,110.0,140.0,143.0,170.0,247.0,256.0,286.0,333.0,335.0,337.0,383.0,397.0,412.0,419.0,589.0,590.0,601.0,636.0,693.0,710.0,724.0,741.0,746.0,757.0,778.0,844.0,872.0,959.0,
48.0,63.0,82.0,167.0,169.0,202.0,247.0,334.0,373.0,410.0,414.0,416.0,484.0,486.0,487.0,520.0,536.0,576.0,648.0,661.0,662.0,662.0,663.0,701.0,721.0,793.0,823.0,837.0,841.0,843.0,884.0,906.0,920.0,921.0,931.0,934.0,944.0,971.0,982.0,
22.0,85.0,96.0,123.0,125.0,225.0,261.0,292.0,307.0,320.0,322.0,343.0,362.0,417.0,435.0,473.0,503.0,511.0,553.0,604.0,610.0,623.0,631.0,667.0,695.0,706.0,723.0,756.0,771.0,850.0,866.0,891.0,954.0,965.0,979.0,995.0,
33.0,65.0,94.0,107.0,121.0,153.0,167.0,203.0,207.0,214.0,286.0,315.0,318.0,330.0,359.0,411.0,429.0,444.0,457.0,465.0,493.0,494.0,512.0,524.0,561.0,568.0,571.0,580.0,599.0,626.0,672.0,686.0,701.0,705.0,734.0,744.0,744.0,759.0,778.0,828.0,842.0,851.0,885.0,
47.0,61.0,62.0,163.0,192.0,192.0,199.0,220.0,229.0,259.0,321.0,374.0,395.0,395.0,397.0,397.0,439.0,461.0,574.0,672.0,688.0,688.0,706.0,707.0,723.0,725.0,844.0,849.0,855.0,858.0,866.0,892.0,908.0,930.0,937.0,987.0,
19.0,121.0,123.0,140.0,144.0,163.0,184.0,210.0,244.0,255.0,273.0,276.0,283.0,295.0,300.0,305.0,335.0,344.0,353.0,425.0,441.0,442.0,465.0,540.0,541.0,541.0,553.0,591.0,628.0,636.0,650.0,694.0,709.0,711.0,740.0,763.0,777.0,785.0,873.0,876.0,888.0,902.0,917.0,940.0,955.0,962.0,974.0,980.0,982.0,
14.0,51.0,51.0,108.0,140.0,140.0,182.0,210.0,231.0,232.0,235.0,268.0,270.0,275.0,307.0,307.0,353.0,360.0,367.0,369.0,370.0,389.0,434.0,474.0,483.0,530.0,555.0,596.0,599.0,604.0,636.0,671.0,698.0,758.0,829.0,830.0,840.0,861.0,927.0,951.0,973.0,
82.0,118.0,122.0,139.0,140.0,233.0,271.0,289.0,294.0,346.0,469.0,485.0,548.0,568.0,584.0,656.0,715.0,722.0,727.0,730.0,732.0,745.0,755.0,834.0,837.0,850.0,850.0,867.0,909.0,910.0,968.0,974.0,
17.0,47.0,157.0,259.0,261.0,270.0,319.0,346.0,351.0,376.0,381.0,397.0,403.0,497.0,502.0,512.0,529.0,539.0,603.0,616.0,657.0,743.0,750.0,768.0,834.0,842.0,850.0,864.0,882.0,918.0,963.0,
21.0,34.0,42.0,66.0,83.0,100.0,111.0,146.0,154.0,205.0,223.0,227.0,270.0,273.0,334.0,393.0,401.0,413.0,413.0,426.0,430.0,481.0,548.0,556.0,575.0,580.0,600.0,623.0,677.0,707.0,737.0,737.0,748.0,784.0,820.0,822.0,844.0,846.0,856.0,982.0,
47.0,73.0,148.0,168.0,182.0,198.0,249.0,264.0,272.0,346.0,357.0,442.0,468.0,490.0,556.0,627.0,648.0,702.0,704.0,718.0,728.0,750.0,766.0,801.0,823.0,877.0,881.0,897.0,918.0,923.0,924.0,926.0,952.0,991.0,
19.0,99.0,111.0,130.0,156.0,179.0,190.0,199.0,202.0,212.0,233.0,260.0,310.0,317.0,341.0,368.0,368.0,427.0,456.0,473.0,487.0,510.0,581.0,593.0,605.0,659.0,689.0,704.0,707.0,779.0,782.0,789.0,822.0,825.0,831.0,832.0,915.0,988.0,
10.0,70.0,231.0,268.0,275.0,275.0,345.0,431.0,437.0,437.0,441.0,449.0,484.0,511.0,554.0,562.0,596.0,608.0,641.0,643.0,695.0,701.0,749.0,786.0,800.0,806.0,884.0,884.0,902.0,927.0,989.0,1000.0,
2.0,53.0,56.0,98.0,140.0,141.0,255.0,259.0,265.0,299.0,300.0,303.0,312.0,373.0,418.0,432.0,477.0,487.0,536.0,575.0,602.0,621.0,630.0,637.0,664.0,677.0,681.0,722.0,734.0,750.0,766.0,782.0,788.0,813.0,819.0,886.0,928.0,946.0,994.0,998.0,
29.0,36.0,76.0,112.0,135.0,149.0,154.0,231.0,249.0,279.0,329.0,342.0,397.0,426.0,455.0,471.0,530.0,534.0,577.0,599.0,622.0,634.0,657.0,660.0,713.0,737.0,801.0,824.0,854.0,869.0,883.0,950.0,957.0,
20.0,56.0,70.0,91.0,91.0,281.0,313.0,357.0,405.0,413.0,426.0,483.0,509.0,535.0,536.0,595.0,600.0,623.0,677.0,749.0,773.0,815.0,887.0,913.0,920.0,968.0,976.0,
21.0,65.0,140.0,155.0,204.0,207.0,242.0,265.0,284.0,310.0,311.0,401.0,464.0,468.0,521.0,523.0,597.0,622.0,651.0,659.0,663.0,674.0,738.0,742.0,748.0,764.0,780.0,786.0,787.0,832.0,848.0,856.0,901.0,906.0,924.0,954.0,996.0,
80.0,109.0,136.0,142.0,145.0,148.0,169.0,185.0,221.0,368.0,394.0,396.0,402.0,429.0,433.0,443.0,447.0,455.0,456.0,456.0,501.0,526.0,537.0,683.0,685.0,692.0,812.0,832.0,844.0,889.0,903.0,905.0,928.0,938.0,
8.0,71.0,111.0,131.0,137.0,180.0,216.0,227.0,230.0,285.0,286.0,319.0,332.0,335.0,354.0,361.0,423.0,450.0,454.0,460.0,474.0,479.0,492.0,528.0,539.0,579.0,603.0,692.0,700.0,742.0,761.0,793.0,817.0,838.0,862.0,893.0,893.0,928.0,961.0,
32.0,52.0,59.0,60.0,74.0,111.0,118.0,126.0,127.0,176.0,198.0,214.0,244.0,326.0,334.0,343.0,350.0,351.0,360.0,372.0,373.0,388.0,401.0,451.0,472.0,482.0,484.0,506.0,545.0,564.0,605.0,619.0,632.0,648.0,660.0,677.0,700.0,774.0,796.0,803.0,810.0,849.0,869.0,910.0,918.0,926.0,972.0,
14.0,25.0,35.0,100.0,119.0,133.0,179.0,181.0,197.0,232.0,235.0,253.0,266.0,315.0,370.0,381.0,422.0,436.0,487.0,510.0,527.0,569.0,577.0,615.0,645.0,647.0,688.0,752.0,838.0,878.0,960.0,971.0,974.0,985.0,991.0,
41.0,45.0,107.0,151.0,163.0,180.0,184.0,192.0,246.0,283.0,318.0,328.0,360.0,393.0,400.0,425.0,430.0,430.0,446.0,447.0,473.0,479.0,487.0,501.0,502.0,512.0,556.0,605.0,648.0,654.0,666.0,667.0,732.0,754.0,761.0,800.0,873.0,895.0,898.0,903.0,907.0,950.0,952.0,
61.0,97.0,123.0,133.0,141.0,171.0,196.0,203.0,211.0,248.0,255.0,371.0,381.0,397.0,417.0,422.0,477.0,500.0,525.0,527.0,533.0,547.0,572.0,619.0,718.0,739.0,770.0,771.0,856.0,874.0,921.0,933.0,942.0,984.0,
17.0,35.0,45.0,63.0,66.0,130.0,134.0,161.0,198.0,240.0,242.0,254.0,280.0,306.0,338.0,365.0,383.0,406.0,417.0,464.0,470.0,483.0,601.0,603.0,627.0,633.0,637.0,642.0,647.0,654.0,727.0,748.0,780.0,803.0,819.0,832.0,864.0,875.0,909.0,913.0,914.0,941.0,960.0,969.0,
39.0,100.0,154.0,227.0,308.0,321.0,459.0,470.0,481.0,496.0,501.0,529.0,558.0,568.0,568.0,575.0,582.0,597.0,622.0,688.0,711.0,734.0,738.0,753.0,767.0,771.0,783.0,791.0,800.0,828.0,852.0,896.0,898.0,907.0,952.0,970.0,
40.0,87.0,91.0,138.0,200.0,210.0,307.0,312.0,465.0,469.0,479.0,509.0,517.0,519.0,569.0,589.0,686.0,738.0,740.0,766.0,775.0,778.0,797.0,811.0,828.0,836.0,979.0,982.0,
8.0,44.0,60.0,88.0,96.0,127.0,162.0,189.0,280.0,305.0,306.0,313.0,396.0,406.0,407.0,445.0,462.0,465.0,476.0,568.0,572.0,607.0,643.0,645.0,653.0,656.0,683.0,818.0,876.0,896.0,953.0,954.0,967.0,969.0,990.0,
11.0,32.0,57.0,155.0,238.0,275.0,281.0,310.0,318.0,323.0,329.0,397.0,399.0,413.0,443.0,468.0,469.0,472.0,483.0,519.0,520.0,529.0,549.0,559.0,576.0,602.0,676.0,721.0,744.0,764.0,790.0,799.0,817.0,859.0,876.0,889.0,919.0,
28.0,39.0,50.0,69.0,70.0,80.0,101.0,177.0,194.0,198.0,245.0,319.0,506.0,511.0,526.0,539.0,541.0,585.0,593.0,645.0,658.0,666.0,689.0,698.0,718.0,725.0,756.0,757.0,781.0,825.0,827.0,843.0,854.0,918.0,936.0,947.0,952.0,999.0,
20.0,21.0,32.0,58.0,110.0,140.0,143.0,206.0,215.0,257.0,267.0,315.0,332.0,342.0,352.0,357.0,374.0,388.0,448.0,468.0,522.0,529.0,559.0,598.0,624.0,646.0,675.0,679.0,682.0,692.0,743.0,794.0,837.0,871.0,877.0,918.0,977.0,
64.0,83.0,197.0,232.0,247.0,270.0,278.0,321.0,325.0,342.0,389.0,389.0,399.0,408.0,417.0,424.0,440.0,442.0,499.0,533.0,572.0,578.0,640.0,675.0,684.0,719.0,725.0,736.0,748.0,795.0,801.0,810.0,868.0,874.0,889.0,893.0,933.0,956.0,962.0,982.0,
13.0,14.0,19.0,52.0,71.0,75.0,77.0,81.0,137.0,144.0,179.0,210.0,216.0,248.0,252.0,302.0,336.0,365.0,406.0,443.0,460.0,500.0,508.0,528.0,536.0,553.0,566.0,584.0,612.0,613.0,635.0,647.0,649.0,690.0,694.0,740.0,745.0,756.0,807.0,870.0,904.0,912.0,925.0,931.0,936.0,941.0,957.0,963.0,993.0,998.0,1000.0,1000.0,
7.0,46.0,120.0,125.0,126.0,137.0,150.0,161.0,193.0,208.0,237.0,275.0,293.0,366.0,415.0,417.0,442.0,481.0,509.0,516.0,517.0,524.0,526.0,578.0,586.0,592.0,613.0,633.0,642.0,699.0,728.0,739.0,740.0,762.0,763.0,780.0,823.0,843.0,855.0,889.0,946.0,951.0,953.0,958.0,961.0,967.0,972.0,
5.0,5.0,20.0,25.0,27.0,34.0,37.0,45.0,45.0,56.0,62.0,82.0,96.0,204.0,264.0,333.0,344.0,373.0,414.0,429.0,442.0,466.0,491.0,492.0,492.0,510.0,514.0,520.0,563.0,613.0,619.0,636.0,640.0,746.0,750.0,758.0,758.0,765.0,766.0,827.0,828.0,845.0,868.0,877.0,886.0,944.0,986.0,998.0,
7.0,51.0,55.0,83.0,84.0,98.0,154.0,183.0,186.0,221.0,240.0,242.0,251.0,369.0,388.0,394.0,412.0,439.0,447.0,458.0,465.0,478.0,486.0,542.0,572.0,576.0,582.0,587.0,633.0,670.0,684.0,689.0,735.0,780.0,787.0,795.0,864.0,877.0,896.0,899.0,927.0,937.0,952.0,955.0,966.0,
2.0,67.0,143.0,196.0,197.0,227.0,283.0,315.0,360.0,366.0,435.0,464.0,484.0,581.0,590.0,600.0,658.0,665.0,672.0,676.0,717.0,722.0,753.0,799.0,799.0,866.0,874.0,928.0,940.0,966.0,
17.0,32.0,36.0,53.0,60.0,67.0,67.0,113.0,137.0,162.0,176.0,190.0,209.0,244.0,286.0,314.0,324.0,348.0,407.0,445.0,452.0,468.0,512.0,523.0,603.0,612.0,638.0,669.0,689.0,767.0,785.0,864.0,867.0,960.0,971.0,973.0,974.0,
22.0,31.0,34.0,40.0,64.0,68.0,125.0,150.0,210.0,246.0,248.0,264.0,276.0,345.0,347.0,385.0,389.0,405.0,420.0,421.0,466.0,471.0,476.0,487.0,490.0,563.0,567.0,573.0,602.0,626.0,637.0,657.0,690.0,691.0,711.0,750.0,767.0,774.0,889.0,927.0,933.0,955.0,965.0,
9.0,17.0,41.0,46.0,106.0,143.0,163.0,195.0,201.0,239.0,285.0,310.0,320.0,321.0,340.0,346.0,348.0,392.0,401.0,408.0,433.0,476.0,485.0,496.0,565.0,582.0,585.0,615.0,629.0,648.0,702.0,710.0,713.0,718.0,750.0,775.0,806.0,872.0,
7.0,8.0,27.0,28.0,31.0,49.0,88.0,103.0,106.0,201.0,203.0,210.0,222.0,235.0,252.0,256.0,265.0,271.0,290.0,348.0,354.0,382.0,400.0,411.0,422.0,434.0,480.0,538.0,553.0,553.0,577.0,590.0,617.0,626.0,652.0,678.0,679.0,763.0,776.0,788.0,802.0,813.0,886.0,915.0,949.0,959.0,
3.0,71.0,122.0,151.0,163.0,221.0,222.0,247.0,251.0,254.0,277.0,279.0,306.0,369.0,409.0,431.0,432.0,498.0,501.0,515.0,605.0,610.0,616.0,644.0,644.0,673.0,694.0,750.0,754.0,802.0,835.0,849.0,862.0,890.0,907.0,992.0,
39.0,71.0,80.0,123.0,140.0,224.0,230.0,301.0,339.0,375.0,396.0,397.0,425.0,529.0,541.0,545.0,559.0,572.0,575.0,598.0,599.0,674.0,703.0,716.0,744.0,749.0,773.0,807.0,822.0,860.0,871.0,890.0,911.0,923.0,924.0,950.0,
18.0,25.0,44.0,56.0,56.0,87.0,98.0,123.0,150.0,158.0,163.0,164.0,172.0,267.0,278.0,338.0,338.0,395.0,428.0,472.0,473.0,489.0,521.0,596.0,613.0,616.0,667.0,676.0,684.0,708.0,715.0,721.0,734.0,762.0,872.0,913.0,914.0,930.0,958.0,975.0,979.0,999.0,
16.0,20.0,39.0,64.0,98.0,105.0,121.0,123.0,131.0,132.0,164.0,210.0,230.0,240.0,272.0,325.0,351.0,386.0,395.0,449.0,459.0,459.0,461.0,474.0,512.0,528.0,540.0,557.0,580.0,595.0,640.0,733.0,740.0,758.0,798.0,804.0,822.0,857.0,865.0,876.0,886.0,951.0,982.0,
9.0,25.0,31.0,34.0,93.0,112.0,118.0,134.0,156.0,168.0,175.0,212.0,248.0,300.0,300.0,304.0,308.0,323.0,353.0,384.0,480.0,485.0,490.0,499.0,522.0,540.0,608.0,609.0,611.0,637.0,683.0,703.0,725.0,743.0,782.0,817.0,838.0,840.0,844.0,987.0,
22.0,53.0,64.0,91.0,121.0,163.0,164.0,207.0,359.0,371.0,393.0,414.0,428.0,458.0,474.0,516.0,586.0,649.0,678.0,679.0,782.0,783.0,839.0,876.0,911.0,978.0,988.0,
8.0,70.0,132.0,194.0,201.0,207.0,210.0,249.0,286.0,316.0,318.0,335.0,346.0,373.0,418.0,455.0,459.0,463.0,499.0,511.0,523.0,578.0,591.0,605.0,607.0,620.0,669.0,680.0,687.0,730.0,735.0,744.0,810.0,833.0,834.0,851.0,867.0,871.0,892.0,913.0,921.0,921.0,956.0,958.0,983.0,
33.0,51.0,69.0,94.0,109.0,118.0,165.0,174.0,185.0,211.0,214.0,328.0,344.0,356.0,372.0,393.0,421.0,432.0,478.0,483.0,509.0,518.0,555.0,559.0,570.0,657.0,673.0,746.0,770.0,790.0,793.0,801.0,824.0,855.0,896.0,899.0,913.0,990.0,
14.0,18.0,49.0,67.0,103.0,128.0,143.0,155.0,178.0,191.0,195.0,212.0,284.0,296.0,313.0,331.0,356.0,364.0,383.0,385.0,392.0,399.0,424.0,450.0,454.0,470.0,471.0,492.0,498.0,534.0,585.0,593.0,648.0,659.0,686.0,692.0,785.0,816.0,824.0,825.0,848.0,853.0,882.0,911.0,970.0,991.0,
65.0,80.0,81.0,86.0,128.0,143.0,151.0,173.0,184.0,214.0,274.0,281.0,362.0,375.0,385.0,431.0,454.0,506.0,530.0,541.0,541.0,638.0,655.0,675.0,684.0,718.0,752.0,756.0,762.0,766.0,792.0,810.0,811.0,846.0,865.0,909.0,941.0,989.0,
