45.0,48.0,76.0,82.0,101.0,135.0,168.0,221.0,249.0,272.0,280.0,335.0,336.0,343.0,359.0,361.0,373.0,426.0,438.0,461.0,476.0,490.0,507.0,554.0,561.0,567.0,571.0,573.0,576.0,578.0,588.0,604.0,614.0,629.0,651.0,655.0,660.0,723.0,728.0,772.0,778.0,782.0,821.0,821.0,829.0,837.0,839.0,891.0,906.0,921.0,947.0,962.0,967.0,992.0,993.0,996.0,
13.0,54.0,81.0,118.0,146.0,151.0,166.0,168.0,181.0,187.0,220.0,300.0,347.0,351.0,358.0,374.0,430.0,455.0,483.0,492.0,534.0,570.0,588.0,614.0,723.0,743.0,755.0,760.0,774.0,787.0,847.0,929.0,929.0,948.0,949.0,987.0,
23.0,60.0,86.0,96.0,100.0,192.0,205.0,221.0,230.0,261.0,387.0,448.0,455.0,457.0,488.0,501.0,543.0,574.0,587.0,591.0,596.0,603.0,604.0,744.0,751.0,804.0,963.0,975.0,980.0,
28.0,31.0,52.0,66.0,122.0,162.0,166.0,169.0,172.0,351.0,372.0,375.0,420.0,427.0,561.0,594.0,595.0,621.0,626.0,749.0,791.0,811.0,867.0,868.0,925.0,955.0,962.0,971.0,972.0,973.0,990.0,
2.0,7.0,31.0,36.0,38.0,87.0,93.0,139.0,156.0,231.0,273.0,276.0,280.0,284.0,337.0,360.0,389.0,397.0,445.0,505.0,560.0,583.0,585.0,594.0,597.0,637.0,715.0,736.0,789.0,835.0,876.0,906.0,910.0,911.0,915.0,943.0,965.0,
2.0,42.0,51.0,71.0,146.0,148.0,161.0,195.0,225.0,314.0,339.0,339.0,341.0,345.0,367.0,421.0,423.0,497.0,499.0,522.0,528.0,532.0,537.0,564.0,570.0,589.0,596.0,728.0,797.0,911.0,945.0,980.0,
3.0,21.0,49.0,70.0,73.0,113.0,118.0,127.0,174.0,179.0,196.0,245.0,267.0,271.0,283.0,300.0,312.0,337.0,353.0,403.0,415.0,416.0,442.0,466.0,472.0,539.0,541.0,556.0,598.0,615.0,617.0,652.0,733.0,734.0,763.0,784.0,919.0,931.0,935.0,969.0,979.0,
43.0,48.0,76.0,92.0,115.0,127.0,193.0,226.0,272.0,276.0,344.0,350.0,373.0,377.0,379.0,450.0,451.0,490.0,509.0,534.0,545.0,649.0,692.0,716.0,747.0,896.0,942.0,951.0,958.0,962.0,991.0,995.0,
32.0,39.0,66.0,92.0,190.0,191.0,195.0,299.0,315.0,377.0,396.0,425.0,436.0,453.0,489.0,523.0,530.0,537.0,578.0,600.0,601.0,641.0,664.0,674.0,702.0,713.0,721.0,755.0,804.0,814.0,819.0,962.0,984.0,994.0,
17.0,26.0,31.0,36.0,61.0,96.0,115.0,173.0,354.0,377.0,422.0,546.0,615.0,651.0,669.0,693.0,695.0,699.0,752.0,773.0,814.0,859.0,863.0,865.0,938.0,998.0,
34.0,58.0,72.0,96.0,108.0,115.0,120.0,159.0,199.0,225.0,237.0,237.0,249.0,315.0,349.0,358.0,371.0,390.0,419.0,434.0,462.0,468.0,471.0,482.0,497.0,513.0,521.0,526.0,585.0,593.0,604.0,623.0,631.0,637.0,669.0,670.0,718.0,749.0,777.0,788.0,870.0,
3.0,60.0,67.0,82.0,91.0,126.0,133.0,133.0,145.0,152.0,156.0,177.0,231.0,247.0,256.0,321.0,365.0,378.0,384.0,392.0,395.0,406.0,434.0,521.0,524.0,525.0,531.0,636.0,637.0,686.0,723.0,732.0,776.0,871.0,896.0,990.0,
11.0,108.0,135.0,142.0,146.0,178.0,199.0,205.0,206.0,293.0,360.0,473.0,488.0,531.0,532.0,544.0,581.0,604.0,607.0,648.0,661.0,668.0,680.0,708.0,721.0,734.0,790.0,801.0,806.0,869.0,919.0,926.0,955.0,990.0,
29.0,33.0,40.0,60.0,72.0,121.0,166.0,194.0,211.0,320.0,372.0,376.0,454.0,505.0,516.0,521.0,531.0,531.0,535.0,538.0,568.0,574.0,629.0,717.0,720.0,746.0,778.0,820.0,883.0,918.0,922.0,942.0,945.0,950.0,993.0,
20.0,25.0,39.0,39.0,43.0,47.0,94.0,114.0,135.0,169.0,171.0,181.0,217.0,295.0,312.0,322.0,349.0,467.0,468.0,521.0,526.0,528.0,528.0,531.0,539.0,547.0,551.0,573.0,578.0,584.0,589.0,621.0,634.0,646.0,684.0,696.0,714.0,742.0,743.0,743.0,765.0,778.0,786.0,795.0,813.0,857.0,884.0,955.0,961.0,971.0,
52.0,85.0,95.0,130.0,133.0,143.0,167.0,200.0,201.0,206.0,244.0,244.0,268.0,282.0,282.0,339.0,384.0,424.0,484.0,491.0,494.0,501.0,514.0,518.0,521.0,521.0,526.0,539.0,554.0,556.0,559.0,562.0,568.0,572.0,574.0,582.0,592.0,592.0,600.0,627.0,652.0,678.0,685.0,688.0,707.0,733.0,743.0,761.0,793.0,795.0,802.0,810.0,812.0,839.0,874.0,878.0,885.0,903.0,923.0,949.0,960.0,972.0,993.0,
32.0,41.0,44.0,74.0,87.0,91.0,150.0,161.0,161.0,308.0,389.0,398.0,449.0,457.0,486.0,497.0,530.0,537.0,541.0,553.0,570.0,574.0,578.0,580.0,611.0,643.0,668.0,677.0,705.0,710.0,712.0,722.0,732.0,739.0,764.0,769.0,798.0,844.0,858.0,878.0,880.0,901.0,908.0,915.0,952.0,
36.0,86.0,116.0,123.0,159.0,197.0,240.0,315.0,339.0,346.0,404.0,460.0,478.0,489.0,519.0,519.0,527.0,547.0,552.0,574.0,581.0,643.0,659.0,672.0,706.0,736.0,796.0,806.0,817.0,818.0,852.0,862.0,895.0,927.0,993.0,
6.0,90.0,123.0,130.0,154.0,159.0,288.0,290.0,314.0,325.0,352.0,413.0,432.0,441.0,459.0,479.0,486.0,540.0,541.0,648.0,690.0,702.0,708.0,863.0,893.0,906.0,928.0,943.0,988.0,
14.0,23.0,47.0,49.0,72.0,86.0,157.0,163.0,188.0,193.0,208.0,383.0,386.0,427.0,472.0,475.0,555.0,582.0,585.0,637.0,660.0,691.0,694.0,721.0,722.0,747.0,766.0,782.0,783.0,799.0,902.0,952.0,964.0,970.0,977.0,999.0,
41.0,44.0,53.0,58.0,67.0,88.0,184.0,185.0,187.0,204.0,244.0,263.0,275.0,286.0,294.0,319.0,384.0,417.0,438.0,451.0,455.0,476.0,484.0,489.0,492.0,518.0,564.0,566.0,592.0,593.0,621.0,712.0,744.0,753.0,775.0,802.0,815.0,836.0,881.0,943.0,992.0,
42.0,66.0,83.0,112.0,182.0,221.0,222.0,246.0,255.0,340.0,362.0,364.0,366.0,449.0,453.0,466.0,517.0,523.0,560.0,583.0,629.0,660.0,665.0,670.0,698.0,777.0,810.0,927.0,976.0,979.0,
26.0,53.0,127.0,142.0,155.0,156.0,164.0,190.0,218.0,242.0,258.0,291.0,300.0,343.0,374.0,423.0,430.0,495.0,517.0,518.0,526.0,547.0,558.0,560.0,578.0,581.0,590.0,597.0,603.0,619.0,630.0,639.0,655.0,655.0,670.0,712.0,714.0,719.0,723.0,726.0,727.0,729.0,763.0,782.0,804.0,844.0,867.0,873.0,956.0,971.0,973.0,973.0,985.0,988.0,
5.0,42.0,62.0,80.0,156.0,159.0,207.0,222.0,226.0,268.0,325.0,328.0,333.0,335.0,336.0,347.0,412.0,420.0,473.0,477.0,480.0,503.0,515.0,527.0,531.0,552.0,555.0,555.0,556.0,565.0,581.0,583.0,584.0,587.0,587.0,595.0,599.0,600.0,609.0,609.0,617.0,618.0,636.0,639.0,639.0,641.0,656.0,660.0,677.0,681.0,686.0,689.0,692.0,696.0,710.0,729.0,735.0,773.0,782.0,804.0,826.0,845.0,861.0,864.0,869.0,893.0,903.0,914.0,917.0,936.0,936.0,994.0,
37.0,61.0,103.0,106.0,112.0,157.0,197.0,199.0,216.0,343.0,358.0,375.0,388.0,415.0,474.0,478.0,501.0,506.0,524.0,526.0,527.0,534.0,547.0,554.0,559.0,561.0,564.0,573.0,588.0,593.0,602.0,604.0,606.0,606.0,617.0,626.0,636.0,637.0,645.0,652.0,667.0,684.0,700.0,714.0,731.0,733.0,734.0,736.0,737.0,739.0,748.0,749.0,757.0,779.0,803.0,805.0,816.0,822.0,832.0,839.0,871.0,872.0,877.0,881.0,903.0,903.0,927.0,943.0,980.0,981.0,997.0,
19.0,27.0,37.0,39.0,50.0,90.0,113.0,143.0,156.0,166.0,182.0,184.0,203.0,266.0,296.0,311.0,342.0,382.0,407.0,425.0,437.0,442.0,447.0,466.0,511.0,527.0,530.0,543.0,548.0,550.0,557.0,566.0,569.0,573.0,593.0,598.0,599.0,622.0,624.0,629.0,630.0,638.0,638.0,640.0,641.0,648.0,651.0,653.0,658.0,662.0,666.0,712.0,712.0,716.0,723.0,738.0,745.0,759.0,763.0,769.0,778.0,791.0,800.0,815.0,815.0,821.0,835.0,845.0,846.0,852.0,857.0,865.0,886.0,886.0,897.0,911.0,965.0,975.0,990.0,
2.0,14.0,15.0,18.0,66.0,68.0,74.0,95.0,106.0,153.0,159.0,191.0,209.0,230.0,257.0,263.0,292.0,303.0,316.0,334.0,348.0,360.0,369.0,386.0,393.0,405.0,419.0,478.0,486.0,516.0,517.0,531.0,534.0,539.0,549.0,551.0,559.0,563.0,563.0,563.0,573.0,573.0,580.0,582.0,583.0,590.0,602.0,604.0,625.0,627.0,629.0,631.0,638.0,641.0,658.0,659.0,669.0,677.0,685.0,706.0,725.0,726.0,731.0,738.0,752.0,753.0,765.0,789.0,789.0,801.0,805.0,806.0,827.0,837.0,857.0,870.0,874.0,899.0,907.0,937.0,993.0,
23.0,35.0,46.0,114.0,127.0,135.0,139.0,140.0,153.0,179.0,204.0,209.0,251.0,265.0,317.0,338.0,431.0,435.0,438.0,506.0,530.0,539.0,542.0,547.0,552.0,555.0,563.0,572.0,573.0,575.0,591.0,591.0,594.0,603.0,624.0,650.0,665.0,670.0,673.0,676.0,685.0,687.0,693.0,696.0,697.0,704.0,710.0,713.0,726.0,726.0,736.0,750.0,773.0,787.0,788.0,794.0,802.0,802.0,804.0,820.0,824.0,829.0,862.0,867.0,868.0,883.0,883.0,922.0,936.0,939.0,953.0,956.0,966.0,970.0,971.0,985.0,995.0,999.0,
14.0,38.0,44.0,54.0,82.0,157.0,169.0,171.0,175.0,198.0,242.0,263.0,287.0,318.0,325.0,377.0,394.0,395.0,418.0,534.0,537.0,539.0,541.0,568.0,574.0,581.0,582.0,598.0,615.0,622.0,638.0,644.0,648.0,656.0,656.0,689.0,708.0,723.0,745.0,752.0,753.0,761.0,765.0,771.0,775.0,775.0,788.0,796.0,830.0,843.0,861.0,883.0,885.0,893.0,899.0,907.0,914.0,941.0,981.0,997.0,
16.0,26.0,31.0,36.0,60.0,64.0,93.0,103.0,106.0,155.0,187.0,213.0,234.0,254.0,260.0,305.0,311.0,352.0,365.0,391.0,447.0,499.0,513.0,521.0,559.0,609.0,639.0,670.0,694.0,752.0,841.0,891.0,968.0,
4.0,20.0,49.0,60.0,90.0,114.0,118.0,173.0,282.0,300.0,426.0,529.0,553.0,633.0,650.0,704.0,845.0,868.0,878.0,895.0,926.0,939.0,986.0,
18.0,87.0,122.0,158.0,187.0,190.0,221.0,223.0,288.0,313.0,331.0,355.0,372.0,395.0,454.0,466.0,473.0,481.0,499.0,521.0,523.0,527.0,527.0,558.0,558.0,560.0,565.0,567.0,593.0,603.0,616.0,617.0,672.0,764.0,767.0,818.0,837.0,838.0,847.0,869.0,969.0,971.0,
18.0,20.0,60.0,83.0,83.0,131.0,190.0,232.0,249.0,250.0,263.0,287.0,287.0,307.0,322.0,383.0,414.0,494.0,497.0,511.0,513.0,521.0,524.0,527.0,535.0,540.0,540.0,540.0,541.0,548.0,548.0,549.0,549.0,551.0,554.0,555.0,556.0,558.0,578.0,599.0,600.0,615.0,629.0,629.0,646.0,663.0,680.0,692.0,692.0,692.0,700.0,714.0,716.0,726.0,734.0,746.0,749.0,785.0,787.0,791.0,829.0,843.0,891.0,895.0,904.0,922.0,929.0,929.0,935.0,942.0,942.0,951.0,959.0,962.0,988.0,
43.0,91.0,105.0,174.0,178.0,241.0,292.0,321.0,323.0,333.0,361.0,370.0,378.0,418.0,423.0,427.0,468.0,475.0,476.0,478.0,478.0,520.0,528.0,531.0,534.0,537.0,542.0,543.0,546.0,574.0,590.0,601.0,607.0,609.0,613.0,634.0,644.0,648.0,649.0,657.0,659.0,665.0,672.0,718.0,721.0,738.0,747.0,768.0,803.0,806.0,841.0,843.0,854.0,861.0,862.0,900.0,906.0,920.0,921.0,932.0,950.0,968.0,981.0,997.0,
23.0,47.0,64.0,113.0,173.0,230.0,236.0,237.0,254.0,298.0,321.0,334.0,336.0,344.0,355.0,359.0,438.0,463.0,509.0,535.0,538.0,539.0,540.0,542.0,546.0,553.0,553.0,556.0,556.0,560.0,564.0,564.0,584.0,592.0,605.0,608.0,632.0,655.0,660.0,670.0,687.0,706.0,716.0,718.0,731.0,746.0,754.0,764.0,766.0,782.0,793.0,817.0,818.0,830.0,865.0,887.0,905.0,923.0,960.0,999.0,
12.0,41.0,55.0,103.0,110.0,169.0,240.0,261.0,268.0,291.0,293.0,294.0,299.0,300.0,339.0,358.0,395.0,407.0,443.0,445.0,482.0,498.0,514.0,519.0,522.0,540.0,546.0,547.0,550.0,558.0,563.0,570.0,599.0,599.0,607.0,610.0,620.0,622.0,624.0,625.0,629.0,643.0,643.0,643.0,644.0,656.0,677.0,688.0,690.0,719.0,741.0,752.0,756.0,796.0,807.0,809.0,837.0,841.0,842.0,861.0,867.0,925.0,959.0,978.0,998.0,
24.0,45.0,49.0,64.0,97.0,128.0,138.0,140.0,146.0,178.0,197.0,222.0,245.0,327.0,381.0,391.0,408.0,458.0,509.0,509.0,523.0,524.0,524.0,525.0,533.0,539.0,549.0,549.0,558.0,569.0,573.0,578.0,585.0,590.0,595.0,596.0,600.0,628.0,632.0,646.0,668.0,679.0,700.0,711.0,716.0,723.0,738.0,749.0,757.0,761.0,789.0,799.0,807.0,844.0,850.0,862.0,886.0,951.0,962.0,962.0,981.0,985.0,988.0,
39.0,62.0,85.0,102.0,106.0,157.0,161.0,215.0,247.0,308.0,315.0,316.0,414.0,418.0,436.0,489.0,509.0,512.0,523.0,527.0,529.0,530.0,532.0,541.0,542.0,545.0,545.0,546.0,552.0,558.0,560.0,571.0,595.0,597.0,600.0,613.0,625.0,630.0,643.0,702.0,716.0,720.0,724.0,753.0,761.0,769.0,773.0,777.0,792.0,804.0,837.0,844.0,861.0,882.0,901.0,905.0,910.0,922.0,954.0,954.0,985.0,
45.0,53.0,102.0,117.0,129.0,138.0,146.0,158.0,166.0,178.0,213.0,272.0,336.0,375.0,391.0,398.0,422.0,451.0,462.0,503.0,514.0,517.0,519.0,522.0,527.0,532.0,534.0,536.0,537.0,546.0,546.0,549.0,551.0,559.0,564.0,568.0,569.0,571.0,582.0,584.0,588.0,595.0,618.0,635.0,640.0,650.0,685.0,690.0,692.0,710.0,715.0,725.0,725.0,730.0,730.0,739.0,749.0,784.0,794.0,798.0,828.0,833.0,858.0,880.0,890.0,891.0,908.0,912.0,924.0,924.0,928.0,952.0,968.0,971.0,993.0,
25.0,26.0,34.0,54.0,98.0,114.0,126.0,135.0,150.0,173.0,230.0,243.0,262.0,322.0,328.0,366.0,383.0,399.0,405.0,437.0,444.0,485.0,517.0,524.0,531.0,542.0,569.0,593.0,614.0,662.0,687.0,695.0,727.0,785.0,786.0,791.0,796.0,857.0,873.0,915.0,967.0,973.0,
5.0,21.0,33.0,60.0,89.0,129.0,155.0,196.0,215.0,217.0,275.0,292.0,311.0,323.0,384.0,414.0,484.0,486.0,556.0,558.0,600.0,647.0,656.0,661.0,748.0,771.0,772.0,805.0,
6.0,45.0,73.0,95.0,188.0,192.0,222.0,233.0,233.0,278.0,295.0,296.0,308.0,310.0,315.0,322.0,337.0,389.0,404.0,457.0,463.0,493.0,533.0,543.0,544.0,545.0,548.0,549.0,558.0,562.0,568.0,572.0,576.0,582.0,586.0,592.0,594.0,645.0,651.0,670.0,671.0,704.0,723.0,735.0,740.0,753.0,768.0,769.0,777.0,793.0,810.0,819.0,858.0,868.0,886.0,903.0,909.0,920.0,945.0,969.0,
103.0,149.0,151.0,156.0,171.0,226.0,255.0,270.0,315.0,345.0,386.0,391.0,398.0,426.0,470.0,496.0,507.0,519.0,532.0,534.0,536.0,549.0,568.0,571.0,574.0,578.0,584.0,588.0,594.0,601.0,619.0,623.0,630.0,633.0,646.0,655.0,656.0,670.0,690.0,691.0,697.0,702.0,720.0,727.0,729.0,738.0,743.0,751.0,781.0,800.0,801.0,801.0,809.0,911.0,940.0,956.0,990.0,
14.0,24.0,34.0,67.0,95.0,103.0,197.0,200.0,209.0,249.0,282.0,355.0,400.0,429.0,450.0,473.0,483.0,484.0,510.0,521.0,526.0,530.0,543.0,544.0,546.0,551.0,553.0,553.0,562.0,584.0,584.0,594.0,601.0,607.0,616.0,621.0,628.0,667.0,669.0,670.0,672.0,677.0,694.0,719.0,759.0,766.0,786.0,796.0,820.0,830.0,888.0,904.0,908.0,909.0,911.0,917.0,918.0,950.0,982.0,983.0,
20.0,26.0,39.0,62.0,104.0,157.0,171.0,171.0,191.0,219.0,224.0,272.0,278.0,332.0,332.0,368.0,382.0,394.0,448.0,452.0,490.0,495.0,516.0,519.0,521.0,528.0,531.0,538.0,547.0,552.0,564.0,576.0,585.0,592.0,593.0,595.0,604.0,608.0,608.0,609.0,609.0,624.0,624.0,649.0,663.0,667.0,685.0,685.0,711.0,715.0,725.0,762.0,763.0,772.0,805.0,831.0,861.0,895.0,895.0,917.0,932.0,941.0,945.0,971.0,975.0,
63.0,117.0,127.0,164.0,249.0,249.0,251.0,348.0,349.0,362.0,388.0,389.0,403.0,404.0,421.0,517.0,525.0,531.0,533.0,534.0,537.0,545.0,546.0,547.0,552.0,552.0,557.0,559.0,562.0,562.0,577.0,583.0,585.0,601.0,620.0,636.0,642.0,648.0,668.0,681.0,686.0,689.0,703.0,711.0,730.0,786.0,819.0,825.0,834.0,842.0,852.0,855.0,860.0,908.0,930.0,931.0,939.0,939.0,942.0,977.0,987.0,997.0,
58.0,91.0,93.0,152.0,160.0,192.0,224.0,290.0,381.0,384.0,415.0,424.0,429.0,430.0,449.0,452.0,522.0,527.0,528.0,529.0,532.0,535.0,536.0,543.0,547.0,554.0,558.0,560.0,566.0,566.0,567.0,582.0,586.0,587.0,590.0,595.0,602.0,607.0,630.0,633.0,638.0,683.0,692.0,693.0,709.0,725.0,781.0,818.0,840.0,909.0,959.0,977.0,985.0,
30.0,46.0,54.0,62.0,74.0,140.0,176.0,226.0,235.0,282.0,294.0,298.0,353.0,354.0,408.0,411.0,417.0,436.0,447.0,465.0,467.0,492.0,509.0,515.0,525.0,528.0,530.0,534.0,534.0,535.0,536.0,541.0,547.0,549.0,555.0,561.0,564.0,568.0,570.0,571.0,572.0,573.0,576.0,580.0,582.0,588.0,606.0,607.0,619.0,632.0,637.0,641.0,643.0,670.0,695.0,725.0,728.0,741.0,748.0,759.0,786.0,787.0,800.0,804.0,811.0,854.0,857.0,858.0,900.0,908.0,916.0,930.0,932.0,995.0,
24.0,49.0,72.0,117.0,118.0,123.0,124.0,133.0,141.0,192.0,194.0,205.0,206.0,223.0,236.0,285.0,308.0,365.0,396.0,418.0,477.0,486.0,519.0,522.0,526.0,527.0,534.0,538.0,544.0,551.0,562.0,566.0,570.0,571.0,575.0,584.0,597.0,597.0,604.0,607.0,610.0,610.0,613.0,630.0,641.0,644.0,646.0,648.0,669.0,675.0,700.0,701.0,731.0,754.0,769.0,785.0,793.0,798.0,826.0,848.0,853.0,872.0,875.0,877.0,877.0,878.0,883.0,892.0,899.0,899.0,905.0,915.0,921.0,937.0,953.0,958.0,972.0,983.0,993.0,
33.0,55.0,81.0,157.0,193.0,194.0,207.0,215.0,219.0,251.0,262.0,272.0,302.0,315.0,318.0,331.0,389.0,414.0,521.0,535.0,537.0,545.0,551.0,561.0,566.0,567.0,568.0,571.0,575.0,576.0,588.0,599.0,609.0,624.0,636.0,639.0,652.0,696.0,733.0,744.0,776.0,794.0,811.0,818.0,819.0,823.0,859.0,863.0,871.0,956.0,
25.0,37.0,66.0,74.0,110.0,140.0,145.0,193.0,241.0,245.0,301.0,369.0,412.0,432.0,449.0,455.0,496.0,511.0,528.0,628.0,641.0,688.0,735.0,768.0,776.0,817.0,868.0,907.0,
7.0,16.0,19.0,28.0,35.0,55.0,59.0,78.0,92.0,95.0,143.0,154.0,210.0,229.0,234.0,305.0,316.0,316.0,423.0,485.0,513.0,527.0,535.0,536.0,541.0,542.0,543.0,543.0,545.0,545.0,548.0,549.0,552.0,557.0,568.0,585.0,595.0,604.0,607.0,613.0,614.0,620.0,622.0,640.0,648.0,656.0,656.0,657.0,663.0,666.0,674.0,694.0,710.0,720.0,724.0,727.0,728.0,755.0,768.0,790.0,791.0,806.0,833.0,865.0,876.0,881.0,898.0,921.0,922.0,928.0,933.0,938.0,945.0,998.0,
24.0,42.0,44.0,45.0,130.0,154.0,154.0,159.0,164.0,341.0,459.0,517.0,524.0,527.0,548.0,555.0,563.0,564.0,565.0,569.0,572.0,572.0,577.0,580.0,586.0,607.0,608.0,626.0,639.0,641.0,654.0,669.0,680.0,695.0,696.0,697.0,699.0,728.0,734.0,742.0,760.0,761.0,764.0,778.0,782.0,791.0,808.0,823.0,828.0,833.0,849.0,885.0,913.0,931.0,958.0,978.0,998.0,
27.0,58.0,110.0,139.0,184.0,246.0,314.0,348.0,355.0,390.0,430.0,488.0,490.0,498.0,508.0,514.0,515.0,524.0,528.0,534.0,539.0,543.0,548.0,552.0,560.0,571.0,572.0,573.0,580.0,585.0,586.0,599.0,600.0,608.0,610.0,619.0,646.0,647.0,648.0,653.0,655.0,668.0,676.0,686.0,709.0,711.0,724.0,735.0,736.0,737.0,743.0,744.0,750.0,778.0,783.0,828.0,829.0,837.0,840.0,876.0,878.0,879.0,892.0,909.0,919.0,987.0,
71.0,114.0,173.0,196.0,205.0,211.0,228.0,282.0,296.0,350.0,414.0,463.0,487.0,507.0,534.0,544.0,545.0,562.0,564.0,566.0,568.0,570.0,574.0,602.0,604.0,624.0,638.0,646.0,675.0,687.0,704.0,708.0,709.0,711.0,744.0,754.0,757.0,813.0,835.0,862.0,868.0,869.0,887.0,922.0,927.0,972.0,992.0,997.0,
27.0,52.0,77.0,99.0,104.0,106.0,132.0,136.0,154.0,199.0,204.0,253.0,289.0,298.0,325.0,360.0,396.0,431.0,475.0,475.0,502.0,510.0,518.0,519.0,521.0,524.0,528.0,528.0,530.0,531.0,537.0,539.0,563.0,570.0,571.0,571.0,573.0,588.0,594.0,604.0,607.0,607.0,611.0,614.0,633.0,636.0,637.0,644.0,645.0,651.0,662.0,673.0,679.0,681.0,687.0,695.0,704.0,707.0,708.0,729.0,740.0,743.0,770.0,817.0,845.0,853.0,866.0,884.0,905.0,910.0,911.0,913.0,929.0,943.0,944.0,960.0,965.0,985.0,
24.0,38.0,41.0,62.0,123.0,212.0,268.0,366.0,378.0,379.0,392.0,398.0,466.0,519.0,520.0,525.0,526.0,527.0,530.0,531.0,542.0,549.0,560.0,561.0,561.0,562.0,566.0,572.0,580.0,584.0,584.0,585.0,590.0,595.0,617.0,638.0,640.0,642.0,644.0,652.0,673.0,674.0,688.0,689.0,697.0,703.0,731.0,742.0,766.0,775.0,781.0,781.0,808.0,856.0,865.0,903.0,909.0,910.0,920.0,922.0,929.0,979.0,
20.0,39.0,53.0,78.0,188.0,192.0,226.0,248.0,287.0,289.0,292.0,293.0,311.0,361.0,376.0,417.0,461.0,507.0,518.0,526.0,527.0,532.0,534.0,538.0,538.0,540.0,541.0,547.0,553.0,554.0,560.0,561.0,562.0,567.0,568.0,570.0,571.0,578.0,581.0,582.0,586.0,593.0,593.0,594.0,612.0,625.0,635.0,651.0,712.0,713.0,719.0,730.0,730.0,734.0,739.0,754.0,768.0,783.0,787.0,803.0,803.0,804.0,817.0,839.0,844.0,896.0,929.0,970.0,
19.0,52.0,67.0,76.0,138.0,148.0,192.0,222.0,350.0,351.0,360.0,379.0,448.0,458.0,478.0,499.0,522.0,522.0,523.0,526.0,526.0,540.0,547.0,548.0,554.0,554.0,557.0,561.0,564.0,571.0,576.0,584.0,586.0,587.0,592.0,630.0,648.0,652.0,654.0,689.0,695.0,698.0,701.0,706.0,755.0,772.0,773.0,816.0,822.0,836.0,891.0,899.0,912.0,923.0,933.0,936.0,944.0,948.0,964.0,976.0,987.0,989.0,993.0,
22.0,63.0,113.0,116.0,142.0,149.0,169.0,227.0,250.0,260.0,275.0,281.0,298.0,321.0,335.0,385.0,417.0,441.0,454.0,477.0,492.0,516.0,524.0,528.0,543.0,546.0,565.0,567.0,567.0,583.0,586.0,624.0,626.0,629.0,631.0,646.0,650.0,679.0,696.0,699.0,699.0,720.0,736.0,739.0,746.0,808.0,877.0,880.0,892.0,897.0,908.0,908.0,908.0,912.0,930.0,944.0,949.0,975.0,
19.0,57.0,99.0,105.0,148.0,153.0,168.0,190.0,191.0,226.0,248.0,269.0,281.0,286.0,352.0,406.0,419.0,454.0,508.0,549.0,578.0,588.0,639.0,643.0,720.0,731.0,789.0,794.0,800.0,901.0,906.0,913.0,913.0,945.0,964.0,
31.0,49.0,54.0,64.0,91.0,98.0,182.0,189.0,198.0,239.0,253.0,255.0,283.0,297.0,307.0,359.0,376.0,393.0,458.0,493.0,519.0,523.0,549.0,556.0,557.0,563.0,571.0,571.0,577.0,615.0,638.0,677.0,698.0,699.0,717.0,720.0,730.0,731.0,742.0,753.0,780.0,826.0,832.0,838.0,901.0,913.0,917.0,956.0,962.0,970.0,974.0,976.0,979.0,999.0,
16.0,38.0,144.0,170.0,247.0,254.0,273.0,309.0,326.0,360.0,419.0,426.0,521.0,521.0,524.0,528.0,543.0,554.0,557.0,558.0,558.0,560.0,577.0,578.0,580.0,588.0,600.0,616.0,629.0,629.0,634.0,634.0,637.0,639.0,649.0,661.0,671.0,679.0,681.0,682.0,682.0,723.0,736.0,739.0,746.0,757.0,774.0,781.0,784.0,789.0,799.0,804.0,821.0,928.0,985.0,
19.0,47.0,69.0,126.0,155.0,177.0,213.0,219.0,252.0,349.0,373.0,390.0,403.0,424.0,430.0,441.0,448.0,484.0,490.0,517.0,519.0,523.0,531.0,531.0,539.0,543.0,546.0,549.0,551.0,566.0,566.0,580.0,588.0,599.0,601.0,608.0,636.0,638.0,654.0,667.0,675.0,686.0,686.0,691.0,711.0,717.0,721.0,721.0,735.0,739.0,752.0,754.0,768.0,811.0,817.0,843.0,852.0,891.0,908.0,918.0,923.0,928.0,932.0,939.0,
6.0,32.0,65.0,72.0,82.0,87.0,88.0,103.0,202.0,209.0,220.0,376.0,384.0,458.0,515.0,540.0,541.0,542.0,550.0,553.0,559.0,565.0,567.0,570.0,579.0,585.0,589.0,606.0,615.0,616.0,625.0,629.0,629.0,666.0,669.0,670.0,672.0,694.0,714.0,718.0,719.0,749.0,822.0,827.0,832.0,839.0,865.0,872.0,876.0,899.0,913.0,917.0,967.0,984.0,
121.0,138.0,139.0,155.0,173.0,196.0,196.0,252.0,258.0,307.0,328.0,379.0,382.0,387.0,393.0,396.0,398.0,443.0,472.0,520.0,530.0,533.0,540.0,541.0,548.0,549.0,557.0,560.0,562.0,566.0,572.0,581.0,596.0,599.0,604.0,611.0,618.0,623.0,623.0,629.0,648.0,652.0,653.0,661.0,668.0,671.0,673.0,680.0,715.0,724.0,730.0,731.0,742.0,750.0,753.0,758.0,760.0,769.0,794.0,796.0,800.0,854.0,865.0,894.0,922.0,929.0,931.0,932.0,951.0,954.0,1000.0,
6.0,17.0,19.0,21.0,28.0,41.0,47.0,105.0,151.0,161.0,164.0,177.0,216.0,224.0,234.0,239.0,255.0,256.0,297.0,314.0,351.0,362.0,416.0,428.0,482.0,513.0,527.0,527.0,530.0,532.0,541.0,543.0,548.0,557.0,561.0,563.0,564.0,565.0,567.0,568.0,580.0,582.0,589.0,594.0,596.0,601.0,602.0,605.0,616.0,633.0,636.0,641.0,652.0,686.0,695.0,710.0,719.0,720.0,742.0,746.0,754.0,763.0,794.0,820.0,827.0,847.0,848.0,857.0,872.0,875.0,919.0,921.0,964.0,993.0,
33.0,34.0,77.0,78.0,111.0,112.0,144.0,190.0,223.0,227.0,256.0,273.0,278.0,280.0,367.0,415.0,472.0,478.0,485.0,508.0,525.0,540.0,543.0,547.0,550.0,552.0,553.0,565.0,567.0,584.0,585.0,616.0,616.0,617.0,622.0,624.0,624.0,639.0,644.0,648.0,655.0,659.0,664.0,697.0,753.0,812.0,854.0,880.0,888.0,920.0,940.0,947.0,947.0,955.0,987.0,995.0,
33.0,75.0,111.0,181.0,192.0,248.0,260.0,271.0,393.0,422.0,491.0,519.0,537.0,540.0,541.0,542.0,545.0,550.0,552.0,557.0,562.0,566.0,575.0,579.0,580.0,585.0,589.0,592.0,594.0,598.0,598.0,603.0,610.0,613.0,614.0,628.0,642.0,644.0,654.0,656.0,688.0,700.0,709.0,710.0,711.0,712.0,724.0,726.0,730.0,731.0,756.0,758.0,782.0,817.0,819.0,821.0,840.0,841.0,859.0,862.0,875.0,886.0,890.0,922.0,933.0,963.0,976.0,980.0,992.0,
41.0,83.0,136.0,146.0,168.0,271.0,278.0,290.0,307.0,346.0,381.0,394.0,404.0,505.0,509.0,523.0,526.0,527.0,534.0,534.0,538.0,541.0,545.0,545.0,546.0,556.0,560.0,565.0,576.0,578.0,586.0,600.0,616.0,616.0,619.0,627.0,636.0,642.0,642.0,677.0,678.0,691.0,692.0,698.0,704.0,747.0,777.0,778.0,799.0,804.0,817.0,827.0,905.0,927.0,937.0,
24.0,38.0,86.0,86.0,107.0,109.0,138.0,146.0,163.0,175.0,205.0,223.0,234.0,312.0,315.0,349.0,377.0,392.0,420.0,424.0,545.0,568.0,575.0,589.0,603.0,638.0,694.0,729.0,734.0,743.0,858.0,862.0,950.0,953.0,968.0,
61.0,75.0,98.0,162.0,172.0,187.0,311.0,328.0,380.0,386.0,388.0,478.0,520.0,556.0,574.0,598.0,622.0,630.0,666.0,684.0,687.0,735.0,759.0,784.0,785.0,789.0,799.0,799.0,807.0,846.0,867.0,874.0,922.0,923.0,945.0,997.0,
15.0,62.0,74.0,86.0,121.0,126.0,213.0,225.0,306.0,331.0,335.0,337.0,355.0,361.0,426.0,455.0,466.0,480.0,496.0,497.0,519.0,528.0,529.0,546.0,560.0,561.0,565.0,568.0,570.0,576.0,592.0,593.0,597.0,600.0,607.0,610.0,612.0,624.0,634.0,638.0,647.0,648.0,650.0,651.0,654.0,654.0,671.0,676.0,683.0,695.0,706.0,716.0,717.0,765.0,778.0,789.0,802.0,805.0,812.0,829.0,846.0,859.0,871.0,902.0,907.0,910.0,937.0,942.0,981.0,
95.0,100.0,135.0,147.0,213.0,231.0,283.0,330.0,363.0,406.0,433.0,441.0,455.0,472.0,477.0,480.0,493.0,512.0,514.0,527.0,528.0,531.0,532.0,532.0,532.0,533.0,534.0,536.0,540.0,548.0,548.0,559.0,565.0,566.0,571.0,572.0,575.0,580.0,586.0,586.0,589.0,589.0,596.0,599.0,601.0,630.0,632.0,632.0,636.0,648.0,665.0,668.0,674.0,680.0,684.0,690.0,707.0,709.0,715.0,716.0,719.0,721.0,759.0,764.0,765.0,778.0,788.0,796.0,799.0,803.0,807.0,810.0,814.0,823.0,831.0,866.0,871.0,889.0,909.0,915.0,919.0,927.0,980.0,990.0,996.0,
48.0,155.0,186.0,190.0,211.0,283.0,316.0,317.0,330.0,336.0,412.0,469.0,520.0,527.0,531.0,537.0,551.0,552.0,568.0,572.0,580.0,583.0,583.0,584.0,586.0,587.0,594.0,595.0,595.0,597.0,616.0,642.0,655.0,663.0,670.0,674.0,679.0,714.0,723.0,727.0,747.0,752.0,763.0,779.0,790.0,838.0,842.0,851.0,862.0,869.0,875.0,881.0,891.0,911.0,922.0,937.0,997.0,
5.0,10.0,20.0,44.0,150.0,174.0,183.0,190.0,214.0,230.0,243.0,244.0,250.0,250.0,265.0,305.0,314.0,319.0,321.0,322.0,351.0,363.0,372.0,415.0,421.0,462.0,473.0,499.0,508.0,522.0,532.0,534.0,539.0,546.0,547.0,547.0,549.0,549.0,554.0,568.0,570.0,583.0,587.0,587.0,603.0,619.0,622.0,653.0,663.0,670.0,678.0,702.0,709.0,734.0,753.0,764.0,766.0,816.0,817.0,828.0,852.0,888.0,889.0,939.0,943.0,962.0,
15.0,44.0,75.0,116.0,134.0,148.0,196.0,227.0,242.0,344.0,375.0,395.0,498.0,513.0,516.0,517.0,535.0,540.0,541.0,544.0,548.0,550.0,556.0,557.0,567.0,571.0,573.0,578.0,584.0,587.0,590.0,596.0,603.0,605.0,608.0,609.0,613.0,619.0,621.0,621.0,637.0,641.0,641.0,672.0,683.0,686.0,697.0,698.0,701.0,714.0,728.0,755.0,769.0,800.0,831.0,857.0,906.0,916.0,958.0,966.0,986.0,989.0,
8.0,11.0,31.0,57.0,141.0,152.0,206.0,210.0,223.0,246.0,285.0,310.0,313.0,336.0,371.0,374.0,382.0,385.0,386.0,389.0,389.0,418.0,434.0,438.0,441.0,509.0,514.0,525.0,528.0,530.0,532.0,541.0,544.0,545.0,546.0,554.0,554.0,559.0,564.0,573.0,586.0,587.0,587.0,591.0,593.0,594.0,620.0,634.0,649.0,658.0,671.0,676.0,679.0,711.0,732.0,734.0,756.0,840.0,844.0,861.0,890.0,899.0,911.0,926.0,951.0,967.0,
79.0,159.0,176.0,184.0,219.0,227.0,250.0,272.0,286.0,289.0,302.0,331.0,374.0,375.0,433.0,454.0,485.0,487.0,491.0,508.0,509.0,522.0,532.0,536.0,538.0,542.0,543.0,551.0,560.0,571.0,575.0,576.0,578.0,581.0,583.0,584.0,596.0,598.0,601.0,601.0,604.0,623.0,626.0,628.0,633.0,641.0,648.0,652.0,657.0,662.0,665.0,688.0,692.0,693.0,714.0,769.0,825.0,835.0,839.0,877.0,884.0,889.0,906.0,926.0,942.0,962.0,969.0,
22.0,48.0,69.0,122.0,148.0,161.0,166.0,173.0,175.0,181.0,215.0,216.0,238.0,254.0,335.0,433.0,448.0,492.0,509.0,520.0,536.0,536.0,551.0,555.0,586.0,613.0,619.0,637.0,646.0,736.0,744.0,790.0,840.0,852.0,877.0,909.0,921.0,954.0,963.0,983.0,
9.0,42.0,52.0,95.0,128.0,174.0,227.0,355.0,380.0,420.0,435.0,439.0,447.0,457.0,488.0,521.0,543.0,685.0,699.0,737.0,854.0,902.0,916.0,932.0,
93.0,203.0,204.0,225.0,226.0,299.0,334.0,347.0,372.0,382.0,387.0,426.0,457.0,565.0,593.0,601.0,602.0,609.0,641.0,813.0,873.0,898.0,903.0,906.0,945.0,960.0,987.0,
2.0,3.0,101.0,140.0,193.0,196.0,280.0,356.0,370.0,416.0,419.0,478.0,489.0,530.0,532.0,533.0,545.0,554.0,563.0,581.0,609.0,614.0,650.0,678.0,695.0,729.0,735.0,737.0,744.0,784.0,793.0,808.0,821.0,837.0,844.0,878.0,879.0,910.0,933.0,939.0,946.0,
38.0,42.0,88.0,134.0,180.0,207.0,346.0,355.0,356.0,373.0,384.0,435.0,446.0,457.0,462.0,497.0,526.0,537.0,538.0,549.0,557.0,557.0,569.0,570.0,572.0,576.0,585.0,606.0,607.0,612.0,612.0,613.0,626.0,638.0,651.0,654.0,657.0,657.0,663.0,704.0,718.0,727.0,731.0,732.0,741.0,746.0,767.0,777.0,801.0,809.0,838.0,852.0,863.0,877.0,885.0,891.0,899.0,905.0,923.0,924.0,926.0,933.0,941.0,950.0,959.0,969.0,995.0,
4.0,49.0,57.0,59.0,96.0,107.0,114.0,121.0,148.0,167.0,183.0,236.0,253.0,280.0,294.0,356.0,360.0,371.0,392.0,408.0,427.0,489.0,500.0,516.0,529.0,530.0,532.0,543.0,543.0,551.0,551.0,554.0,565.0,567.0,571.0,579.0,589.0,593.0,627.0,628.0,633.0,636.0,641.0,651.0,654.0,671.0,719.0,766.0,767.0,806.0,827.0,855.0,878.0,898.0,902.0,910.0,913.0,928.0,940.0,941.0,944.0,956.0,958.0,960.0,964.0,994.0,
30.0,77.0,86.0,97.0,97.0,138.0,167.0,172.0,194.0,233.0,248.0,263.0,278.0,310.0,335.0,386.0,399.0,412.0,485.0,516.0,525.0,529.0,535.0,540.0,543.0,556.0,556.0,563.0,566.0,574.0,576.0,579.0,589.0,593.0,595.0,610.0,611.0,632.0,636.0,647.0,652.0,678.0,678.0,693.0,721.0,733.0,750.0,777.0,793.0,812.0,824.0,831.0,838.0,849.0,850.0,903.0,910.0,948.0,959.0,970.0,972.0,980.0,984.0,991.0,997.0,
28.0,32.0,37.0,39.0,46.0,84.0,106.0,117.0,129.0,130.0,135.0,169.0,172.0,221.0,221.0,230.0,246.0,254.0,285.0,286.0,289.0,291.0,316.0,316.0,345.0,371.0,386.0,399.0,406.0,445.0,466.0,518.0,521.0,530.0,533.0,536.0,537.0,538.0,543.0,549.0,549.0,555.0,570.0,571.0,572.0,572.0,574.0,574.0,580.0,581.0,582.0,592.0,595.0,599.0,603.0,618.0,625.0,632.0,635.0,635.0,637.0,649.0,661.0,669.0,674.0,675.0,687.0,694.0,726.0,730.0,730.0,732.0,734.0,735.0,737.0,739.0,764.0,766.0,783.0,786.0,791.0,799.0,814.0,823.0,827.0,840.0,843.0,861.0,865.0,871.0,874.0,876.0,878.0,884.0,886.0,889.0,897.0,902.0,902.0,914.0,950.0,999.0,1000.0,
10.0,46.0,57.0,90.0,107.0,132.0,180.0,238.0,248.0,311.0,316.0,320.0,326.0,329.0,329.0,332.0,366.0,415.0,419.0,462.0,520.0,523.0,523.0,524.0,525.0,526.0,526.0,527.0,528.0,538.0,542.0,547.0,549.0,556.0,562.0,563.0,564.0,573.0,577.0,582.0,583.0,617.0,621.0,625.0,631.0,633.0,644.0,659.0,663.0,673.0,710.0,717.0,718.0,721.0,722.0,726.0,732.0,733.0,751.0,753.0,759.0,773.0,792.0,836.0,841.0,872.0,872.0,876.0,880.0,895.0,904.0,906.0,907.0,920.0,950.0,965.0,979.0,990.0,
10.0,18.0,91.0,109.0,161.0,164.0,189.0,209.0,213.0,267.0,282.0,285.0,286.0,326.0,359.0,385.0,407.0,416.0,420.0,424.0,445.0,448.0,483.0,532.0,542.0,549.0,553.0,554.0,563.0,580.0,582.0,599.0,599.0,602.0,605.0,606.0,617.0,673.0,695.0,715.0,737.0,748.0,763.0,794.0,806.0,863.0,878.0,917.0,930.0,934.0,975.0,979.0,998.0,998.0,
44.0,63.0,78.0,102.0,129.0,140.0,143.0,170.0,199.0,246.0,266.0,292.0,314.0,348.0,358.0,377.0,383.0,415.0,452.0,488.0,503.0,617.0,635.0,748.0,750.0,765.0,804.0,825.0,842.0,862.0,
20.0,81.0,107.0,191.0,212.0,223.0,256.0,335.0,376.0,400.0,442.0,454.0,454.0,507.0,562.0,564.0,569.0,648.0,680.0,695.0,701.0,739.0,805.0,843.0,888.0,925.0,928.0,987.0,
15.0,17.0,50.0,60.0,119.0,139.0,148.0,154.0,156.0,163.0,175.0,186.0,195.0,207.0,223.0,290.0,300.0,301.0,305.0,324.0,365.0,375.0,416.0,547.0,669.0,740.0,747.0,824.0,859.0,872.0,896.0,932.0,980.0,982.0,
59.0,67.0,85.0,136.0,144.0,236.0,268.0,282.0,304.0,304.0,314.0,320.0,330.0,343.0,378.0,403.0,404.0,509.0,548.0,553.0,563.0,571.0,622.0,721.0,723.0,741.0,760.0,812.0,881.0,947.0,959.0,
12.0,75.0,93.0,104.0,104.0,105.0,140.0,147.0,182.0,221.0,243.0,257.0,258.0,259.0,285.0,332.0,372.0,378.0,387.0,460.0,463.0,504.0,508.0,522.0,547.0,599.0,603.0,618.0,624.0,629.0,695.0,729.0,763.0,781.0,839.0,850.0,879.0,929.0,951.0,961.0,978.0,985.0,
7.0,43.0,71.0,81.0,95.0,118.0,179.0,227.0,250.0,259.0,272.0,278.0,281.0,310.0,367.0,368.0,371.0,374.0,393.0,405.0,437.0,460.0,480.0,480.0,504.0,506.0,507.0,518.0,526.0,529.0,542.0,543.0,544.0,551.0,561.0,566.0,571.0,575.0,579.0,588.0,601.0,604.0,611.0,614.0,667.0,681.0,689.0,697.0,707.0,708.0,717.0,742.0,783.0,809.0,812.0,823.0,832.0,839.0,854.0,861.0,863.0,876.0,882.0,909.0,919.0,938.0,987.0,991.0,
8.0,84.0,120.0,126.0,131.0,161.0,176.0,198.0,207.0,221.0,232.0,258.0,368.0,402.0,430.0,454.0,531.0,539.0,540.0,541.0,551.0,571.0,576.0,587.0,598.0,628.0,636.0,640.0,643.0,648.0,650.0,655.0,661.0,683.0,685.0,691.0,693.0,726.0,727.0,742.0,769.0,776.0,840.0,853.0,857.0,860.0,869.0,949.0,949.0,990.0,
62.0,67.0,68.0,74.0,82.0,114.0,154.0,229.0,251.0,295.0,307.0,319.0,334.0,355.0,358.0,361.0,378.0,381.0,420.0,455.0,477.0,482.0,497.0,510.0,521.0,525.0,533.0,545.0,558.0,564.0,575.0,578.0,581.0,583.0,591.0,614.0,616.0,616.0,622.0,647.0,657.0,668.0,694.0,699.0,702.0,708.0,740.0,745.0,753.0,768.0,793.0,819.0,846.0,934.0,945.0,966.0,988.0,1000.0,
11.0,26.0,27.0,32.0,34.0,83.0,120.0,171.0,172.0,207.0,249.0,270.0,313.0,335.0,357.0,372.0,389.0,405.0,411.0,498.0,507.0,524.0,531.0,572.0,575.0,601.0,602.0,604.0,618.0,643.0,693.0,697.0,700.0,727.0,738.0,756.0,882.0,889.0,
20.0,48.0,76.0,110.0,120.0,131.0,132.0,142.0,197.0,221.0,250.0,264.0,268.0,277.0,295.0,334.0,339.0,351.0,389.0,399.0,410.0,459.0,520.0,557.0,558.0,561.0,572.0,648.0,665.0,745.0,773.0,832.0,846.0,864.0,959.0,977.0,980.0,997.0,998.0,
7.0,54.0,57.0,68.0,69.0,106.0,194.0,232.0,246.0,252.0,254.0,273.0,274.0,292.0,329.0,399.0,421.0,577.0,615.0,639.0,639.0,640.0,684.0,685.0,690.0,709.0,781.0,948.0,952.0,960.0,964.0,973.0,982.0,985.0,
