13.0,28.0,76.0,106.0,147.0,156.0,168.0,201.0,202.0,218.0,226.0,266.0,306.0,325.0,397.0,399.0,419.0,429.0,432.0,437.0,440.0,465.0,527.0,617.0,644.0,679.0,698.0,714.0,717.0,775.0,787.0,873.0,952.0,
10.0,28.0,60.0,101.0,109.0,129.0,147.0,183.0,184.0,196.0,243.0,267.0,280.0,346.0,370.0,419.0,420.0,430.0,494.0,509.0,513.0,515.0,526.0,579.0,588.0,626.0,723.0,839.0,840.0,847.0,885.0,987.0,991.0,992.0,
4.0,10.0,35.0,67.0,124.0,141.0,172.0,203.0,211.0,213.0,284.0,287.0,357.0,393.0,404.0,408.0,410.0,439.0,476.0,489.0,505.0,505.0,518.0,526.0,541.0,550.0,607.0,617.0,633.0,636.0,671.0,766.0,808.0,812.0,823.0,831.0,856.0,884.0,918.0,
36.0,100.0,171.0,215.0,265.0,275.0,300.0,301.0,316.0,316.0,327.0,361.0,365.0,405.0,411.0,429.0,458.0,499.0,702.0,753.0,775.0,781.0,782.0,799.0,835.0,840.0,879.0,886.0,905.0,910.0,938.0,944.0,951.0,951.0,967.0,
10.0,78.0,166.0,238.0,267.0,269.0,273.0,273.0,280.0,296.0,306.0,314.0,326.0,376.0,384.0,400.0,435.0,482.0,541.0,546.0,575.0,595.0,598.0,658.0,684.0,688.0,700.0,711.0,755.0,756.0,778.0,779.0,797.0,834.0,881.0,953.0,953.0,958.0,959.0,966.0,984.0,
20.0,23.0,45.0,128.0,197.0,210.0,229.0,363.0,388.0,400.0,419.0,433.0,453.0,467.0,473.0,503.0,539.0,543.0,561.0,580.0,621.0,628.0,728.0,735.0,743.0,781.0,801.0,848.0,868.0,873.0,884.0,893.0,902.0,945.0,956.0,996.0,
27.0,57.0,120.0,127.0,144.0,172.0,194.0,296.0,318.0,380.0,388.0,388.0,397.0,435.0,473.0,486.0,511.0,591.0,599.0,606.0,642.0,673.0,679.0,732.0,751.0,772.0,773.0,813.0,829.0,876.0,934.0,935.0,961.0,968.0,981.0,
38.0,50.0,103.0,277.0,303.0,310.0,351.0,362.0,365.0,367.0,400.0,416.0,434.0,460.0,506.0,515.0,521.0,568.0,588.0,613.0,667.0,690.0,695.0,753.0,772.0,806.0,808.0,820.0,823.0,892.0,907.0,924.0,948.0,984.0,
3.0,11.0,16.0,63.0,63.0,70.0,80.0,92.0,187.0,207.0,229.0,243.0,246.0,247.0,306.0,317.0,333.0,340.0,346.0,371.0,376.0,381.0,395.0,409.0,419.0,465.0,505.0,528.0,548.0,586.0,638.0,669.0,688.0,694.0,766.0,813.0,819.0,838.0,927.0,935.0,961.0,
54.0,74.0,88.0,122.0,139.0,159.0,172.0,179.0,189.0,195.0,210.0,211.0,227.0,235.0,246.0,248.0,338.0,354.0,395.0,439.0,498.0,514.0,588.0,590.0,600.0,641.0,657.0,700.0,759.0,761.0,766.0,779.0,788.0,805.0,859.0,943.0,943.0,952.0,983.0,991.0,
13.0,36.0,194.0,214.0,233.0,368.0,377.0,390.0,427.0,431.0,479.0,526.0,528.0,604.0,606.0,607.0,651.0,672.0,699.0,724.0,797.0,808.0,856.0,871.0,873.0,889.0,895.0,904.0,988.0,
16.0,28.0,43.0,76.0,88.0,159.0,171.0,185.0,209.0,217.0,222.0,251.0,264.0,289.0,299.0,384.0,408.0,429.0,460.0,485.0,486.0,527.0,588.0,589.0,593.0,624.0,635.0,641.0,651.0,663.0,679.0,691.0,698.0,706.0,709.0,769.0,879.0,886.0,901.0,911.0,922.0,924.0,933.0,946.0,946.0,
10.0,84.0,159.0,169.0,193.0,202.0,209.0,242.0,243.0,247.0,252.0,258.0,268.0,296.0,297.0,310.0,348.0,399.0,421.0,445.0,483.0,484.0,713.0,727.0,730.0,903.0,913.0,925.0,966.0,
8.0,36.0,41.0,100.0,106.0,159.0,191.0,224.0,233.0,294.0,338.0,341.0,377.0,421.0,485.0,528.0,542.0,556.0,581.0,704.0,724.0,729.0,772.0,831.0,844.0,889.0,963.0,975.0,996.0,
46.0,98.0,109.0,116.0,118.0,127.0,142.0,148.0,159.0,165.0,187.0,205.0,237.0,266.0,275.0,343.0,348.0,349.0,382.0,426.0,427.0,440.0,444.0,445.0,449.0,479.0,483.0,504.0,517.0,618.0,631.0,664.0,696.0,760.0,795.0,829.0,834.0,839.0,885.0,890.0,909.0,999.0,
13.0,18.0,51.0,68.0,80.0,90.0,106.0,108.0,113.0,122.0,183.0,234.0,250.0,252.0,254.0,258.0,307.0,350.0,364.0,381.0,387.0,406.0,410.0,441.0,442.0,445.0,447.0,466.0,525.0,541.0,543.0,566.0,582.0,657.0,670.0,780.0,806.0,824.0,843.0,914.0,949.0,961.0,983.0,
39.0,47.0,57.0,130.0,210.0,211.0,281.0,300.0,320.0,351.0,353.0,371.0,401.0,436.0,442.0,449.0,450.0,461.0,491.0,522.0,536.0,550.0,563.0,572.0,589.0,626.0,680.0,699.0,721.0,746.0,806.0,834.0,836.0,843.0,844.0,852.0,871.0,911.0,920.0,962.0,975.0,992.0,
27.0,48.0,85.0,88.0,95.0,101.0,102.0,116.0,126.0,160.0,263.0,300.0,302.0,305.0,308.0,330.0,348.0,427.0,433.0,453.0,459.0,471.0,541.0,544.0,549.0,581.0,582.0,619.0,658.0,721.0,729.0,774.0,861.0,915.0,943.0,947.0,956.0,971.0,
12.0,82.0,159.0,168.0,208.0,229.0,243.0,269.0,285.0,426.0,509.0,585.0,589.0,596.0,615.0,639.0,642.0,663.0,664.0,678.0,751.0,780.0,822.0,859.0,869.0,877.0,939.0,953.0,974.0,
17.0,96.0,124.0,126.0,138.0,158.0,182.0,186.0,282.0,284.0,349.0,350.0,401.0,447.0,487.0,503.0,520.0,543.0,545.0,549.0,621.0,630.0,642.0,843.0,844.0,902.0,910.0,974.0,
15.0,98.0,121.0,160.0,170.0,212.0,246.0,340.0,370.0,404.0,455.0,455.0,478.0,478.0,515.0,519.0,531.0,537.0,553.0,593.0,660.0,662.0,723.0,732.0,762.0,843.0,870.0,912.0,940.0,990.0,996.0,999.0,
32.0,142.0,170.0,189.0,212.0,220.0,249.0,259.0,282.0,282.0,291.0,292.0,295.0,402.0,416.0,496.0,588.0,600.0,636.0,658.0,661.0,677.0,700.0,702.0,720.0,762.0,842.0,874.0,874.0,879.0,908.0,919.0,953.0,
178.0,187.0,224.0,285.0,305.0,309.0,309.0,356.0,502.0,599.0,635.0,637.0,639.0,644.0,648.0,653.0,676.0,707.0,723.0,723.0,742.0,757.0,809.0,880.0,895.0,896.0,906.0,916.0,938.0,939.0,966.0,992.0,
2.0,66.0,80.0,115.0,116.0,130.0,132.0,146.0,176.0,183.0,209.0,224.0,288.0,324.0,361.0,370.0,403.0,411.0,438.0,500.0,507.0,509.0,510.0,526.0,542.0,569.0,603.0,607.0,627.0,656.0,682.0,734.0,849.0,857.0,863.0,927.0,949.0,984.0,
25.0,81.0,205.0,210.0,221.0,242.0,270.0,280.0,318.0,322.0,331.0,364.0,370.0,395.0,401.0,421.0,466.0,485.0,487.0,510.0,643.0,670.0,703.0,707.0,762.0,846.0,899.0,917.0,928.0,934.0,943.0,999.0,
75.0,82.0,178.0,202.0,219.0,266.0,295.0,299.0,334.0,353.0,378.0,387.0,419.0,434.0,470.0,490.0,502.0,550.0,551.0,581.0,586.0,594.0,649.0,671.0,681.0,704.0,709.0,716.0,752.0,755.0,949.0,967.0,
9.0,160.0,165.0,199.0,199.0,200.0,229.0,301.0,367.0,445.0,470.0,535.0,546.0,568.0,598.0,612.0,620.0,665.0,672.0,698.0,715.0,849.0,858.0,904.0,964.0,
24.0,54.0,89.0,98.0,122.0,128.0,130.0,165.0,165.0,187.0,201.0,235.0,283.0,301.0,302.0,356.0,361.0,375.0,395.0,405.0,448.0,490.0,491.0,618.0,666.0,667.0,681.0,684.0,699.0,716.0,731.0,771.0,773.0,781.0,802.0,824.0,832.0,846.0,894.0,895.0,899.0,902.0,925.0,930.0,941.0,967.0,990.0,
19.0,78.0,87.0,90.0,122.0,159.0,171.0,175.0,194.0,198.0,199.0,203.0,205.0,297.0,377.0,400.0,402.0,414.0,430.0,435.0,439.0,489.0,505.0,554.0,582.0,589.0,631.0,651.0,668.0,672.0,690.0,701.0,722.0,762.0,788.0,836.0,931.0,932.0,947.0,1000.0,
7.0,10.0,24.0,40.0,80.0,87.0,98.0,107.0,123.0,137.0,163.0,183.0,185.0,251.0,258.0,290.0,295.0,312.0,328.0,339.0,341.0,345.0,439.0,439.0,516.0,538.0,570.0,572.0,594.0,692.0,737.0,747.0,800.0,807.0,837.0,906.0,925.0,928.0,972.0,985.0,
75.0,81.0,121.0,151.0,159.0,165.0,166.0,182.0,189.0,200.0,213.0,257.0,297.0,303.0,321.0,341.0,354.0,366.0,367.0,418.0,418.0,438.0,471.0,472.0,482.0,487.0,516.0,560.0,605.0,661.0,729.0,737.0,860.0,868.0,882.0,899.0,927.0,964.0,974.0,977.0,
56.0,94.0,99.0,227.0,273.0,355.0,362.0,382.0,418.0,469.0,530.0,598.0,609.0,620.0,685.0,705.0,732.0,806.0,818.0,830.0,903.0,908.0,920.0,923.0,955.0,985.0,988.0,989.0,
4.0,80.0,88.0,91.0,94.0,110.0,163.0,193.0,244.0,248.0,265.0,311.0,333.0,429.0,436.0,436.0,473.0,475.0,507.0,545.0,582.0,596.0,610.0,657.0,675.0,757.0,779.0,804.0,808.0,847.0,864.0,878.0,881.0,894.0,907.0,912.0,915.0,938.0,955.0,963.0,985.0,997.0,
4.0,33.0,35.0,35.0,36.0,167.0,207.0,214.0,240.0,279.0,294.0,305.0,318.0,319.0,330.0,333.0,351.0,385.0,394.0,481.0,495.0,546.0,552.0,554.0,572.0,621.0,623.0,651.0,713.0,791.0,805.0,884.0,888.0,888.0,990.0,
6.0,22.0,29.0,103.0,116.0,148.0,180.0,183.0,184.0,220.0,245.0,276.0,328.0,350.0,378.0,419.0,436.0,442.0,457.0,470.0,472.0,496.0,510.0,519.0,522.0,530.0,533.0,533.0,535.0,551.0,651.0,681.0,690.0,704.0,731.0,746.0,765.0,774.0,790.0,797.0,825.0,861.0,866.0,870.0,879.0,945.0,955.0,977.0,999.0,
57.0,91.0,104.0,159.0,183.0,237.0,299.0,382.0,393.0,445.0,494.0,516.0,521.0,549.0,556.0,556.0,558.0,564.0,575.0,582.0,595.0,597.0,608.0,609.0,612.0,643.0,648.0,652.0,665.0,666.0,667.0,676.0,685.0,704.0,706.0,721.0,736.0,756.0,812.0,817.0,828.0,835.0,863.0,873.0,928.0,957.0,960.0,972.0,979.0,997.0,
104.0,154.0,172.0,178.0,224.0,231.0,265.0,292.0,296.0,314.0,316.0,329.0,370.0,392.0,404.0,456.0,476.0,519.0,557.0,563.0,566.0,589.0,594.0,595.0,636.0,653.0,656.0,662.0,714.0,728.0,729.0,735.0,762.0,771.0,802.0,842.0,853.0,880.0,893.0,902.0,945.0,966.0,998.0,
6.0,7.0,39.0,39.0,41.0,82.0,228.0,232.0,284.0,354.0,373.0,382.0,398.0,399.0,423.0,423.0,468.0,475.0,482.0,495.0,538.0,538.0,557.0,584.0,600.0,604.0,640.0,676.0,768.0,779.0,817.0,822.0,828.0,870.0,912.0,949.0,
120.0,120.0,123.0,144.0,193.0,238.0,241.0,267.0,267.0,313.0,354.0,373.0,472.0,561.0,632.0,691.0,773.0,773.0,780.0,819.0,831.0,853.0,895.0,900.0,921.0,932.0,960.0,973.0,
17.0,26.0,52.0,79.0,120.0,122.0,136.0,164.0,165.0,167.0,178.0,185.0,215.0,251.0,265.0,285.0,303.0,305.0,363.0,440.0,446.0,467.0,495.0,527.0,537.0,542.0,560.0,610.0,614.0,671.0,727.0,745.0,755.0,755.0,770.0,794.0,794.0,795.0,836.0,843.0,850.0,897.0,898.0,979.0,992.0,
58.0,88.0,94.0,105.0,129.0,145.0,159.0,172.0,185.0,192.0,217.0,271.0,285.0,350.0,361.0,364.0,367.0,441.0,460.0,485.0,485.0,490.0,533.0,541.0,545.0,650.0,660.0,696.0,709.0,715.0,721.0,746.0,783.0,788.0,842.0,850.0,866.0,905.0,965.0,988.0,
98.0,101.0,126.0,131.0,155.0,159.0,171.0,194.0,236.0,249.0,268.0,416.0,424.0,439.0,489.0,497.0,504.0,510.0,513.0,527.0,528.0,589.0,632.0,652.0,659.0,688.0,727.0,749.0,763.0,772.0,777.0,836.0,865.0,914.0,969.0,974.0,997.0,
41.0,73.0,78.0,88.0,115.0,128.0,135.0,180.0,199.0,223.0,313.0,355.0,370.0,372.0,408.0,494.0,556.0,560.0,618.0,649.0,763.0,797.0,809.0,812.0,964.0,
21.0,41.0,142.0,150.0,196.0,203.0,225.0,259.0,273.0,310.0,383.0,406.0,429.0,433.0,443.0,463.0,465.0,495.0,517.0,535.0,549.0,571.0,597.0,633.0,636.0,641.0,647.0,649.0,671.0,673.0,677.0,705.0,712.0,782.0,795.0,798.0,799.0,837.0,862.0,863.0,895.0,927.0,928.0,928.0,952.0,973.0,
58.0,193.0,204.0,254.0,257.0,371.0,402.0,434.0,471.0,483.0,509.0,517.0,529.0,546.0,569.0,569.0,579.0,583.0,586.0,601.0,604.0,609.0,613.0,622.0,631.0,633.0,633.0,645.0,656.0,665.0,667.0,695.0,713.0,714.0,726.0,727.0,744.0,747.0,763.0,771.0,775.0,795.0,796.0,799.0,808.0,820.0,829.0,830.0,870.0,876.0,876.0,889.0,909.0,928.0,975.0,989.0,989.0,990.0,994.0,
29.0,31.0,45.0,55.0,180.0,181.0,213.0,233.0,237.0,247.0,255.0,267.0,314.0,332.0,382.0,402.0,409.0,492.0,498.0,524.0,530.0,530.0,541.0,543.0,548.0,553.0,556.0,557.0,560.0,561.0,574.0,577.0,577.0,578.0,586.0,589.0,602.0,625.0,640.0,650.0,655.0,666.0,670.0,682.0,697.0,702.0,722.0,728.0,729.0,751.0,758.0,762.0,769.0,805.0,817.0,823.0,830.0,831.0,871.0,881.0,893.0,896.0,914.0,915.0,917.0,922.0,953.0,956.0,973.0,974.0,983.0,990.0,995.0,998.0,
14.0,84.0,105.0,110.0,162.0,166.0,195.0,229.0,261.0,261.0,269.0,290.0,316.0,378.0,399.0,405.0,412.0,451.0,471.0,488.0,513.0,516.0,524.0,525.0,533.0,536.0,554.0,564.0,569.0,572.0,589.0,593.0,601.0,629.0,651.0,680.0,696.0,702.0,703.0,706.0,713.0,717.0,717.0,722.0,725.0,762.0,766.0,770.0,780.0,798.0,808.0,811.0,815.0,816.0,822.0,824.0,825.0,838.0,843.0,844.0,855.0,858.0,863.0,863.0,864.0,871.0,872.0,876.0,885.0,899.0,909.0,946.0,951.0,953.0,960.0,968.0,972.0,976.0,999.0,
7.0,20.0,95.0,139.0,203.0,297.0,365.0,370.0,376.0,409.0,427.0,446.0,503.0,534.0,537.0,551.0,569.0,572.0,596.0,596.0,612.0,614.0,619.0,624.0,646.0,686.0,689.0,691.0,712.0,739.0,769.0,783.0,788.0,796.0,880.0,919.0,962.0,996.0,997.0,
31.0,73.0,118.0,150.0,172.0,231.0,234.0,320.0,329.0,396.0,417.0,423.0,446.0,446.0,477.0,514.0,532.0,538.0,550.0,609.0,609.0,704.0,710.0,730.0,742.0,770.0,828.0,841.0,844.0,921.0,929.0,947.0,978.0,
38.0,51.0,90.0,105.0,154.0,170.0,190.0,192.0,242.0,279.0,285.0,297.0,325.0,335.0,414.0,435.0,437.0,437.0,480.0,484.0,574.0,593.0,646.0,661.0,675.0,689.0,715.0,716.0,733.0,764.0,815.0,839.0,893.0,917.0,931.0,989.0,
55.0,70.0,101.0,122.0,156.0,166.0,217.0,282.0,379.0,380.0,415.0,424.0,458.0,468.0,469.0,469.0,482.0,530.0,533.0,577.0,591.0,598.0,645.0,653.0,665.0,682.0,749.0,758.0,776.0,832.0,935.0,957.0,
32.0,50.0,51.0,63.0,87.0,126.0,136.0,166.0,187.0,193.0,201.0,242.0,249.0,254.0,270.0,278.0,309.0,375.0,378.0,399.0,419.0,425.0,470.0,478.0,495.0,538.0,557.0,633.0,655.0,665.0,665.0,792.0,868.0,894.0,922.0,922.0,927.0,978.0,
8.0,78.0,143.0,147.0,162.0,164.0,191.0,208.0,238.0,287.0,301.0,315.0,331.0,345.0,348.0,395.0,419.0,431.0,541.0,548.0,549.0,556.0,579.0,580.0,615.0,637.0,650.0,678.0,710.0,790.0,791.0,823.0,829.0,838.0,870.0,888.0,900.0,932.0,959.0,969.0,982.0,994.0,
45.0,57.0,73.0,80.0,157.0,161.0,201.0,207.0,216.0,230.0,232.0,243.0,256.0,275.0,281.0,297.0,320.0,376.0,380.0,507.0,523.0,530.0,532.0,533.0,539.0,540.0,548.0,551.0,551.0,551.0,560.0,570.0,576.0,576.0,590.0,590.0,593.0,603.0,607.0,608.0,640.0,652.0,657.0,698.0,699.0,710.0,718.0,726.0,742.0,797.0,826.0,836.0,838.0,853.0,863.0,901.0,944.0,976.0,
6.0,17.0,41.0,53.0,74.0,81.0,99.0,105.0,107.0,155.0,198.0,208.0,219.0,225.0,235.0,259.0,273.0,287.0,297.0,320.0,337.0,376.0,382.0,415.0,421.0,423.0,438.0,445.0,464.0,518.0,527.0,544.0,545.0,545.0,550.0,552.0,561.0,590.0,594.0,603.0,619.0,637.0,653.0,675.0,696.0,730.0,773.0,778.0,784.0,809.0,811.0,840.0,854.0,858.0,869.0,880.0,882.0,890.0,904.0,947.0,992.0,
3.0,12.0,167.0,199.0,223.0,227.0,231.0,235.0,305.0,321.0,357.0,435.0,457.0,470.0,506.0,518.0,520.0,522.0,525.0,527.0,530.0,533.0,534.0,536.0,537.0,538.0,540.0,552.0,560.0,567.0,568.0,572.0,573.0,573.0,583.0,596.0,599.0,609.0,625.0,627.0,629.0,635.0,635.0,651.0,657.0,659.0,660.0,662.0,670.0,680.0,697.0,697.0,701.0,707.0,749.0,784.0,784.0,814.0,815.0,827.0,905.0,965.0,971.0,987.0,989.0,
9.0,12.0,14.0,78.0,92.0,100.0,112.0,156.0,209.0,259.0,344.0,344.0,412.0,472.0,473.0,512.0,518.0,520.0,527.0,527.0,529.0,531.0,534.0,535.0,535.0,542.0,557.0,559.0,564.0,569.0,576.0,586.0,595.0,596.0,602.0,606.0,610.0,617.0,623.0,630.0,668.0,670.0,684.0,693.0,697.0,701.0,703.0,720.0,722.0,726.0,732.0,737.0,752.0,759.0,785.0,785.0,797.0,797.0,805.0,805.0,812.0,814.0,828.0,830.0,849.0,884.0,893.0,898.0,905.0,907.0,926.0,952.0,960.0,970.0,979.0,994.0,
17.0,46.0,82.0,112.0,139.0,151.0,163.0,177.0,186.0,228.0,250.0,287.0,406.0,447.0,510.0,531.0,532.0,535.0,541.0,543.0,545.0,545.0,546.0,548.0,550.0,550.0,552.0,552.0,560.0,569.0,581.0,587.0,594.0,636.0,654.0,655.0,662.0,672.0,684.0,690.0,692.0,699.0,706.0,728.0,756.0,766.0,785.0,786.0,820.0,823.0,832.0,937.0,972.0,974.0,
6.0,20.0,75.0,78.0,114.0,117.0,142.0,194.0,257.0,269.0,280.0,289.0,339.0,358.0,416.0,419.0,479.0,501.0,514.0,542.0,576.0,624.0,638.0,660.0,670.0,743.0,745.0,758.0,767.0,768.0,768.0,903.0,933.0,939.0,965.0,972.0,985.0,
98.0,112.0,124.0,170.0,207.0,209.0,246.0,300.0,305.0,333.0,340.0,426.0,481.0,499.0,507.0,513.0,516.0,590.0,601.0,628.0,664.0,666.0,695.0,709.0,710.0,714.0,740.0,762.0,771.0,779.0,793.0,858.0,860.0,869.0,954.0,978.0,
9.0,14.0,34.0,55.0,116.0,176.0,178.0,180.0,212.0,213.0,229.0,233.0,245.0,272.0,308.0,310.0,314.0,322.0,377.0,404.0,414.0,419.0,481.0,521.0,556.0,582.0,610.0,625.0,628.0,633.0,660.0,672.0,699.0,708.0,786.0,792.0,792.0,839.0,839.0,882.0,889.0,908.0,930.0,936.0,953.0,
20.0,21.0,37.0,41.0,73.0,100.0,130.0,144.0,144.0,231.0,325.0,382.0,424.0,509.0,551.0,559.0,615.0,632.0,657.0,715.0,723.0,734.0,741.0,771.0,786.0,789.0,808.0,810.0,813.0,836.0,849.0,868.0,877.0,878.0,974.0,996.0,1000.0,
24.0,43.0,45.0,49.0,62.0,62.0,86.0,110.0,172.0,208.0,214.0,223.0,332.0,343.0,344.0,383.0,450.0,454.0,476.0,526.0,565.0,571.0,594.0,634.0,687.0,687.0,705.0,819.0,823.0,839.0,940.0,995.0,
115.0,120.0,134.0,154.0,165.0,204.0,284.0,328.0,512.0,532.0,550.0,551.0,563.0,570.0,575.0,575.0,588.0,606.0,637.0,645.0,659.0,677.0,677.0,700.0,703.0,712.0,720.0,737.0,752.0,756.0,812.0,860.0,860.0,907.0,958.0,
5.0,25.0,93.0,124.0,140.0,145.0,147.0,166.0,199.0,201.0,301.0,376.0,399.0,416.0,445.0,507.0,511.0,529.0,551.0,552.0,553.0,559.0,560.0,563.0,564.0,564.0,608.0,608.0,625.0,629.0,629.0,632.0,642.0,642.0,647.0,656.0,659.0,659.0,663.0,670.0,680.0,699.0,701.0,712.0,725.0,733.0,736.0,783.0,793.0,831.0,831.0,851.0,859.0,860.0,866.0,876.0,877.0,894.0,938.0,941.0,
32.0,53.0,86.0,103.0,124.0,132.0,142.0,159.0,192.0,229.0,249.0,280.0,297.0,317.0,382.0,403.0,416.0,422.0,443.0,474.0,479.0,484.0,535.0,536.0,545.0,547.0,549.0,576.0,585.0,585.0,587.0,588.0,588.0,605.0,616.0,622.0,630.0,673.0,676.0,697.0,709.0,709.0,715.0,744.0,755.0,765.0,773.0,780.0,781.0,806.0,807.0,807.0,841.0,894.0,895.0,899.0,902.0,907.0,911.0,945.0,962.0,983.0,990.0,996.0,
15.0,17.0,28.0,37.0,70.0,100.0,116.0,128.0,169.0,195.0,273.0,302.0,320.0,327.0,349.0,378.0,380.0,385.0,401.0,403.0,467.0,484.0,506.0,508.0,512.0,526.0,532.0,533.0,538.0,541.0,545.0,550.0,551.0,555.0,557.0,558.0,559.0,563.0,565.0,566.0,568.0,595.0,599.0,612.0,619.0,633.0,644.0,649.0,652.0,654.0,671.0,672.0,673.0,682.0,686.0,696.0,713.0,723.0,725.0,739.0,743.0,747.0,755.0,775.0,787.0,822.0,832.0,840.0,844.0,863.0,917.0,939.0,950.0,952.0,977.0,985.0,
20.0,95.0,134.0,145.0,188.0,218.0,226.0,249.0,295.0,315.0,338.0,354.0,376.0,452.0,459.0,479.0,495.0,520.0,540.0,586.0,591.0,595.0,597.0,605.0,663.0,676.0,677.0,678.0,693.0,698.0,710.0,740.0,828.0,830.0,844.0,913.0,917.0,921.0,928.0,974.0,
11.0,32.0,45.0,67.0,71.0,97.0,105.0,117.0,123.0,145.0,151.0,159.0,205.0,209.0,222.0,290.0,356.0,423.0,443.0,489.0,498.0,506.0,514.0,532.0,562.0,593.0,598.0,601.0,602.0,630.0,667.0,719.0,758.0,777.0,780.0,788.0,800.0,810.0,851.0,864.0,964.0,967.0,
33.0,41.0,48.0,49.0,87.0,93.0,168.0,188.0,214.0,291.0,361.0,392.0,400.0,424.0,430.0,463.0,491.0,547.0,563.0,585.0,587.0,610.0,626.0,630.0,704.0,723.0,733.0,736.0,777.0,797.0,797.0,799.0,810.0,849.0,860.0,866.0,891.0,905.0,909.0,956.0,960.0,975.0,986.0,
26.0,30.0,56.0,117.0,161.0,176.0,180.0,253.0,285.0,290.0,304.0,305.0,309.0,331.0,348.0,367.0,369.0,453.0,455.0,496.0,499.0,504.0,523.0,535.0,556.0,578.0,584.0,601.0,606.0,625.0,648.0,695.0,711.0,726.0,759.0,781.0,859.0,869.0,892.0,916.0,969.0,
70.0,100.0,108.0,133.0,137.0,190.0,213.0,225.0,232.0,263.0,272.0,300.0,300.0,346.0,392.0,395.0,405.0,477.0,479.0,496.0,505.0,533.0,545.0,563.0,591.0,593.0,623.0,650.0,650.0,658.0,708.0,710.0,712.0,720.0,725.0,758.0,776.0,852.0,902.0,919.0,934.0,951.0,952.0,983.0,
2.0,15.0,22.0,32.0,36.0,69.0,84.0,91.0,99.0,198.0,211.0,232.0,237.0,286.0,297.0,379.0,381.0,393.0,418.0,441.0,465.0,568.0,572.0,593.0,708.0,736.0,737.0,738.0,738.0,760.0,772.0,800.0,866.0,871.0,937.0,957.0,
10.0,37.0,43.0,77.0,78.0,99.0,102.0,106.0,182.0,185.0,244.0,248.0,256.0,316.0,375.0,383.0,408.0,419.0,466.0,533.0,584.0,597.0,640.0,668.0,679.0,731.0,753.0,843.0,879.0,886.0,894.0,942.0,998.0,
25.0,61.0,68.0,73.0,90.0,98.0,102.0,124.0,148.0,255.0,310.0,464.0,465.0,479.0,512.0,516.0,520.0,520.0,533.0,544.0,544.0,549.0,552.0,553.0,554.0,556.0,597.0,598.0,613.0,623.0,627.0,631.0,646.0,746.0,771.0,799.0,809.0,821.0,850.0,876.0,878.0,902.0,935.0,993.0,
41.0,64.0,69.0,72.0,74.0,78.0,119.0,141.0,171.0,189.0,260.0,265.0,276.0,340.0,346.0,349.0,350.0,400.0,486.0,486.0,499.0,527.0,536.0,541.0,544.0,545.0,549.0,563.0,565.0,567.0,567.0,582.0,583.0,584.0,602.0,604.0,606.0,609.0,615.0,616.0,664.0,701.0,704.0,712.0,719.0,744.0,748.0,749.0,752.0,780.0,794.0,798.0,812.0,826.0,831.0,856.0,857.0,862.0,876.0,881.0,883.0,889.0,891.0,908.0,919.0,934.0,976.0,984.0,994.0,996.0,
3.0,52.0,62.0,70.0,80.0,145.0,189.0,224.0,258.0,288.0,311.0,318.0,340.0,349.0,362.0,432.0,451.0,456.0,501.0,536.0,570.0,578.0,592.0,610.0,621.0,633.0,635.0,669.0,685.0,728.0,730.0,747.0,754.0,779.0,787.0,800.0,817.0,826.0,857.0,880.0,887.0,910.0,912.0,929.0,979.0,
11.0,37.0,94.0,96.0,149.0,181.0,236.0,238.0,284.0,383.0,398.0,424.0,511.0,527.0,691.0,729.0,820.0,864.0,
35.0,36.0,49.0,80.0,100.0,116.0,147.0,174.0,207.0,220.0,229.0,273.0,279.0,352.0,353.0,359.0,366.0,369.0,420.0,420.0,421.0,426.0,429.0,437.0,495.0,497.0,500.0,523.0,534.0,543.0,566.0,566.0,607.0,623.0,630.0,681.0,683.0,683.0,688.0,714.0,715.0,774.0,779.0,808.0,855.0,884.0,932.0,952.0,990.0,
5.0,76.0,87.0,89.0,109.0,132.0,143.0,198.0,210.0,225.0,241.0,303.0,311.0,311.0,319.0,342.0,355.0,387.0,404.0,417.0,441.0,443.0,446.0,490.0,536.0,549.0,551.0,573.0,576.0,592.0,626.0,637.0,738.0,768.0,798.0,878.0,882.0,893.0,904.0,908.0,910.0,963.0,986.0,1000.0,
12.0,14.0,47.0,63.0,63.0,84.0,89.0,99.0,103.0,168.0,227.0,262.0,281.0,294.0,295.0,396.0,407.0,420.0,511.0,588.0,613.0,645.0,647.0,662.0,667.0,751.0,766.0,769.0,771.0,807.0,824.0,867.0,950.0,955.0,
4.0,26.0,114.0,118.0,127.0,163.0,174.0,181.0,199.0,200.0,218.0,254.0,284.0,295.0,350.0,362.0,377.0,385.0,407.0,442.0,493.0,517.0,536.0,550.0,607.0,607.0,608.0,622.0,629.0,696.0,744.0,746.0,780.0,809.0,859.0,880.0,892.0,893.0,910.0,921.0,940.0,966.0,
101.0,104.0,120.0,128.0,133.0,166.0,186.0,229.0,267.0,303.0,306.0,317.0,415.0,421.0,425.0,429.0,437.0,446.0,447.0,450.0,498.0,511.0,529.0,538.0,579.0,666.0,674.0,696.0,708.0,757.0,760.0,813.0,874.0,889.0,895.0,929.0,971.0,976.0,982.0,
52.0,89.0,102.0,118.0,123.0,169.0,190.0,190.0,216.0,263.0,283.0,315.0,327.0,348.0,409.0,453.0,467.0,492.0,510.0,522.0,534.0,547.0,586.0,587.0,612.0,739.0,746.0,798.0,804.0,830.0,862.0,877.0,878.0,895.0,899.0,924.0,928.0,
17.0,29.0,49.0,51.0,63.0,71.0,71.0,72.0,141.0,142.0,204.0,227.0,243.0,243.0,243.0,252.0,256.0,259.0,273.0,302.0,400.0,400.0,428.0,455.0,518.0,522.0,527.0,646.0,649.0,730.0,731.0,823.0,865.0,958.0,
3.0,11.0,21.0,31.0,61.0,154.0,158.0,195.0,268.0,302.0,319.0,327.0,340.0,343.0,345.0,346.0,504.0,569.0,703.0,722.0,763.0,863.0,887.0,930.0,
7.0,10.0,17.0,40.0,47.0,83.0,117.0,167.0,213.0,225.0,246.0,250.0,278.0,280.0,284.0,328.0,358.0,364.0,384.0,434.0,461.0,468.0,513.0,523.0,564.0,582.0,613.0,639.0,679.0,697.0,706.0,736.0,753.0,767.0,768.0,770.0,803.0,814.0,882.0,917.0,930.0,951.0,
58.0,86.0,87.0,109.0,127.0,143.0,214.0,232.0,247.0,292.0,308.0,322.0,331.0,350.0,441.0,471.0,481.0,504.0,508.0,526.0,571.0,631.0,650.0,705.0,726.0,749.0,771.0,774.0,777.0,782.0,788.0,792.0,819.0,848.0,896.0,900.0,947.0,953.0,960.0,972.0,
17.0,40.0,62.0,75.0,113.0,116.0,134.0,200.0,239.0,246.0,247.0,259.0,276.0,280.0,285.0,301.0,328.0,332.0,338.0,375.0,401.0,415.0,425.0,441.0,473.0,487.0,542.0,562.0,588.0,601.0,606.0,646.0,666.0,743.0,745.0,768.0,795.0,810.0,810.0,826.0,925.0,970.0,993.0,993.0,996.0,
7.0,21.0,60.0,73.0,119.0,134.0,140.0,149.0,220.0,227.0,282.0,310.0,315.0,323.0,433.0,462.0,513.0,615.0,639.0,693.0,699.0,738.0,785.0,789.0,833.0,860.0,866.0,869.0,876.0,878.0,924.0,933.0,969.0,
7.0,14.0,39.0,47.0,62.0,80.0,146.0,175.0,184.0,195.0,202.0,213.0,239.0,247.0,274.0,288.0,343.0,353.0,394.0,425.0,429.0,477.0,518.0,526.0,568.0,626.0,697.0,700.0,704.0,763.0,800.0,824.0,874.0,931.0,961.0,977.0,983.0,993.0,
33.0,58.0,63.0,73.0,86.0,99.0,138.0,170.0,190.0,230.0,261.0,280.0,289.0,296.0,308.0,405.0,416.0,439.0,491.0,495.0,503.0,559.0,575.0,635.0,646.0,666.0,697.0,733.0,748.0,791.0,792.0,827.0,830.0,922.0,936.0,972.0,
26.0,29.0,78.0,225.0,226.0,255.0,309.0,320.0,396.0,407.0,411.0,419.0,519.0,530.0,532.0,544.0,600.0,619.0,644.0,648.0,670.0,709.0,715.0,736.0,750.0,809.0,832.0,886.0,933.0,972.0,988.0,993.0,
12.0,19.0,39.0,74.0,128.0,149.0,153.0,212.0,242.0,255.0,260.0,271.0,278.0,311.0,348.0,368.0,382.0,404.0,459.0,493.0,509.0,533.0,562.0,570.0,602.0,634.0,662.0,673.0,686.0,733.0,745.0,748.0,788.0,801.0,865.0,881.0,895.0,902.0,933.0,957.0,962.0,
23.0,201.0,201.0,223.0,233.0,249.0,304.0,311.0,317.0,389.0,422.0,432.0,456.0,495.0,512.0,525.0,570.0,606.0,663.0,676.0,691.0,727.0,746.0,758.0,773.0,787.0,845.0,867.0,872.0,898.0,994.0,
15.0,37.0,74.0,92.0,117.0,142.0,194.0,194.0,230.0,238.0,244.0,265.0,379.0,411.0,442.0,465.0,500.0,503.0,516.0,532.0,551.0,597.0,600.0,628.0,635.0,657.0,673.0,683.0,722.0,735.0,737.0,865.0,930.0,935.0,938.0,989.0,989.0,
10.0,16.0,50.0,160.0,173.0,193.0,196.0,202.0,213.0,258.0,284.0,309.0,389.0,395.0,418.0,425.0,428.0,461.0,482.0,486.0,503.0,525.0,526.0,583.0,604.0,678.0,704.0,708.0,722.0,730.0,738.0,794.0,796.0,806.0,810.0,812.0,830.0,834.0,903.0,936.0,937.0,976.0,
40.0,75.0,109.0,236.0,314.0,319.0,319.0,344.0,373.0,401.0,425.0,433.0,478.0,490.0,511.0,541.0,563.0,661.0,720.0,736.0,759.0,770.0,778.0,800.0,802.0,802.0,865.0,900.0,940.0,949.0,
22.0,31.0,53.0,99.0,147.0,179.0,192.0,203.0,254.0,258.0,343.0,362.0,372.0,413.0,420.0,592.0,607.0,607.0,618.0,623.0,627.0,662.0,685.0,721.0,722.0,737.0,768.0,785.0,788.0,814.0,867.0,899.0,927.0,960.0,973.0,
10.0,33.0,57.0,62.0,105.0,116.0,132.0,226.0,251.0,259.0,270.0,274.0,281.0,283.0,331.0,334.0,346.0,362.0,407.0,428.0,449.0,459.0,466.0,525.0,534.0,549.0,566.0,610.0,628.0,653.0,689.0,701.0,
