9.0,20.0,142.0,156.0,182.0,194.0,197.0,234.0,274.0,278.0,279.0,307.0,335.0,363.0,388.0,406.0,429.0,491.0,518.0,541.0,568.0,606.0,630.0,644.0,735.0,744.0,791.0,807.0,826.0,834.0,863.0,875.0,898.0,932.0,940.0,953.0,981.0,
49.0,53.0,90.0,139.0,144.0,152.0,184.0,190.0,204.0,235.0,284.0,290.0,296.0,407.0,408.0,416.0,453.0,472.0,491.0,508.0,559.0,584.0,593.0,623.0,664.0,682.0,710.0,720.0,743.0,749.0,768.0,790.0,790.0,810.0,825.0,883.0,893.0,904.0,924.0,940.0,944.0,954.0,993.0,
37.0,71.0,151.0,167.0,181.0,207.0,238.0,262.0,268.0,270.0,288.0,306.0,334.0,367.0,392.0,420.0,443.0,459.0,488.0,566.0,587.0,612.0,648.0,681.0,847.0,860.0,945.0,978.0,
29.0,76.0,106.0,128.0,141.0,172.0,206.0,211.0,249.0,286.0,303.0,342.0,420.0,527.0,563.0,586.0,589.0,620.0,645.0,651.0,684.0,723.0,788.0,790.0,835.0,866.0,890.0,907.0,940.0,941.0,978.0,991.0,992.0,
2.0,39.0,47.0,67.0,83.0,141.0,144.0,154.0,158.0,158.0,169.0,195.0,242.0,328.0,328.0,358.0,379.0,391.0,432.0,441.0,492.0,541.0,544.0,545.0,580.0,589.0,613.0,647.0,651.0,678.0,678.0,715.0,729.0,737.0,766.0,818.0,833.0,909.0,918.0,953.0,955.0,971.0,985.0,995.0,
34.0,57.0,62.0,104.0,148.0,149.0,170.0,190.0,205.0,247.0,299.0,318.0,334.0,356.0,402.0,449.0,452.0,478.0,574.0,613.0,628.0,640.0,646.0,655.0,685.0,688.0,787.0,812.0,833.0,837.0,864.0,919.0,969.0,979.0,
24.0,66.0,138.0,151.0,152.0,156.0,160.0,165.0,173.0,195.0,213.0,231.0,258.0,262.0,270.0,285.0,368.0,370.0,464.0,467.0,477.0,492.0,547.0,568.0,617.0,669.0,688.0,689.0,710.0,722.0,749.0,759.0,850.0,880.0,964.0,
36.0,93.0,109.0,113.0,116.0,147.0,159.0,162.0,257.0,294.0,355.0,361.0,389.0,393.0,394.0,402.0,425.0,480.0,508.0,526.0,565.0,584.0,594.0,609.0,616.0,643.0,644.0,654.0,660.0,697.0,738.0,740.0,759.0,787.0,829.0,860.0,865.0,867.0,884.0,900.0,931.0,963.0,969.0,969.0,973.0,976.0,987.0,989.0,
150.0,180.0,184.0,209.0,233.0,239.0,259.0,281.0,308.0,330.0,338.0,353.0,364.0,375.0,406.0,417.0,450.0,456.0,475.0,490.0,524.0,618.0,645.0,653.0,674.0,684.0,726.0,803.0,806.0,862.0,866.0,867.0,870.0,889.0,891.0,892.0,892.0,931.0,935.0,939.0,941.0,978.0,
10.0,20.0,26.0,75.0,92.0,93.0,114.0,120.0,172.0,186.0,207.0,208.0,260.0,268.0,311.0,320.0,333.0,418.0,433.0,438.0,498.0,548.0,555.0,568.0,585.0,638.0,666.0,761.0,785.0,795.0,805.0,821.0,881.0,891.0,907.0,934.0,938.0,
7.0,13.0,39.0,40.0,61.0,63.0,73.0,87.0,179.0,181.0,223.0,231.0,232.0,256.0,304.0,324.0,337.0,340.0,344.0,345.0,346.0,348.0,351.0,445.0,471.0,536.0,572.0,639.0,737.0,761.0,766.0,788.0,799.0,827.0,845.0,855.0,895.0,926.0,949.0,995.0,1000.0,
60.0,88.0,127.0,155.0,195.0,205.0,224.0,277.0,298.0,421.0,441.0,443.0,462.0,526.0,559.0,643.0,694.0,713.0,722.0,723.0,736.0,739.0,795.0,825.0,859.0,876.0,884.0,908.0,959.0,980.0,
9.0,50.0,52.0,68.0,94.0,121.0,156.0,199.0,220.0,250.0,293.0,301.0,305.0,373.0,380.0,400.0,418.0,441.0,487.0,508.0,559.0,701.0,710.0,740.0,748.0,748.0,785.0,791.0,792.0,793.0,807.0,814.0,825.0,871.0,873.0,883.0,898.0,908.0,940.0,954.0,995.0,
8.0,52.0,65.0,112.0,177.0,197.0,272.0,290.0,303.0,304.0,311.0,339.0,354.0,390.0,423.0,488.0,488.0,494.0,499.0,556.0,568.0,630.0,631.0,722.0,724.0,875.0,917.0,939.0,963.0,967.0,972.0,980.0,
5.0,66.0,78.0,84.0,121.0,288.0,307.0,319.0,426.0,472.0,521.0,521.0,643.0,707.0,760.0,806.0,809.0,836.0,865.0,925.0,956.0,963.0,997.0,
7.0,13.0,22.0,41.0,50.0,65.0,74.0,82.0,88.0,111.0,146.0,164.0,195.0,204.0,230.0,235.0,241.0,257.0,293.0,300.0,327.0,371.0,375.0,432.0,444.0,512.0,530.0,583.0,618.0,650.0,659.0,676.0,710.0,780.0,828.0,876.0,959.0,964.0,975.0,990.0,
33.0,100.0,229.0,284.0,300.0,414.0,465.0,472.0,493.0,557.0,602.0,702.0,729.0,734.0,740.0,762.0,792.0,794.0,801.0,946.0,952.0,974.0,976.0,988.0,
27.0,28.0,79.0,106.0,166.0,208.0,208.0,231.0,250.0,260.0,286.0,292.0,326.0,329.0,360.0,367.0,375.0,412.0,422.0,499.0,505.0,522.0,532.0,551.0,557.0,571.0,593.0,661.0,674.0,694.0,710.0,734.0,778.0,831.0,858.0,889.0,919.0,929.0,959.0,
7.0,42.0,92.0,105.0,137.0,155.0,166.0,166.0,172.0,178.0,184.0,196.0,245.0,262.0,292.0,347.0,381.0,386.0,438.0,458.0,459.0,493.0,496.0,496.0,505.0,530.0,552.0,566.0,665.0,665.0,691.0,701.0,766.0,783.0,803.0,834.0,864.0,896.0,897.0,933.0,941.0,952.0,
6.0,36.0,37.0,80.0,110.0,187.0,201.0,232.0,236.0,250.0,306.0,334.0,343.0,361.0,363.0,387.0,390.0,398.0,403.0,437.0,464.0,478.0,608.0,699.0,738.0,786.0,797.0,833.0,834.0,855.0,868.0,888.0,892.0,895.0,900.0,922.0,927.0,949.0,950.0,983.0,985.0,
68.0,82.0,114.0,114.0,223.0,257.0,288.0,304.0,310.0,339.0,387.0,416.0,420.0,461.0,468.0,514.0,563.0,586.0,601.0,608.0,613.0,630.0,640.0,643.0,708.0,727.0,734.0,739.0,754.0,759.0,828.0,926.0,941.0,947.0,953.0,971.0,
6.0,10.0,18.0,25.0,98.0,101.0,106.0,140.0,156.0,165.0,181.0,183.0,279.0,309.0,328.0,364.0,402.0,508.0,520.0,601.0,633.0,639.0,689.0,692.0,716.0,717.0,746.0,847.0,861.0,881.0,929.0,
8.0,20.0,29.0,67.0,70.0,104.0,107.0,118.0,152.0,189.0,268.0,315.0,324.0,335.0,341.0,362.0,369.0,385.0,441.0,485.0,515.0,523.0,568.0,654.0,676.0,689.0,739.0,773.0,787.0,806.0,834.0,869.0,909.0,912.0,975.0,980.0,
87.0,114.0,182.0,195.0,196.0,323.0,356.0,396.0,424.0,445.0,503.0,509.0,512.0,513.0,614.0,618.0,634.0,663.0,663.0,669.0,738.0,891.0,988.0,
74.0,76.0,97.0,97.0,111.0,116.0,157.0,183.0,228.0,239.0,258.0,286.0,286.0,294.0,301.0,348.0,442.0,461.0,494.0,500.0,519.0,547.0,570.0,587.0,599.0,710.0,734.0,742.0,746.0,766.0,767.0,820.0,907.0,911.0,915.0,951.0,961.0,971.0,973.0,
28.0,31.0,45.0,62.0,74.0,80.0,89.0,112.0,118.0,136.0,162.0,173.0,177.0,186.0,210.0,226.0,232.0,245.0,353.0,362.0,370.0,409.0,501.0,509.0,531.0,598.0,612.0,687.0,787.0,791.0,798.0,803.0,948.0,982.0,992.0,
11.0,21.0,38.0,55.0,119.0,155.0,157.0,158.0,165.0,179.0,188.0,199.0,253.0,253.0,280.0,305.0,363.0,458.0,480.0,484.0,509.0,573.0,602.0,617.0,672.0,684.0,693.0,706.0,735.0,739.0,839.0,861.0,868.0,878.0,888.0,971.0,
89.0,104.0,116.0,122.0,127.0,133.0,157.0,261.0,338.0,341.0,373.0,394.0,434.0,437.0,452.0,467.0,478.0,484.0,504.0,541.0,551.0,587.0,681.0,691.0,762.0,765.0,769.0,782.0,816.0,830.0,833.0,856.0,897.0,917.0,949.0,963.0,987.0,
18.0,30.0,33.0,99.0,108.0,117.0,131.0,159.0,260.0,261.0,284.0,312.0,313.0,380.0,394.0,397.0,424.0,511.0,515.0,653.0,675.0,677.0,677.0,730.0,731.0,779.0,816.0,867.0,937.0,961.0,983.0,
5.0,33.0,67.0,99.0,134.0,177.0,208.0,212.0,296.0,314.0,328.0,336.0,343.0,374.0,378.0,381.0,405.0,429.0,454.0,507.0,577.0,583.0,585.0,604.0,613.0,633.0,689.0,690.0,694.0,701.0,720.0,747.0,751.0,780.0,800.0,813.0,831.0,849.0,862.0,891.0,908.0,909.0,932.0,975.0,
15.0,20.0,44.0,50.0,87.0,100.0,169.0,200.0,280.0,293.0,340.0,408.0,412.0,422.0,423.0,433.0,460.0,471.0,491.0,518.0,540.0,596.0,598.0,608.0,695.0,712.0,733.0,795.0,816.0,817.0,824.0,834.0,834.0,939.0,942.0,
24.0,26.0,54.0,69.0,125.0,188.0,198.0,211.0,291.0,318.0,333.0,361.0,419.0,449.0,450.0,450.0,475.0,478.0,498.0,572.0,574.0,576.0,591.0,624.0,636.0,637.0,708.0,768.0,787.0,795.0,797.0,855.0,857.0,939.0,
18.0,87.0,104.0,111.0,121.0,145.0,156.0,157.0,163.0,172.0,181.0,199.0,200.0,235.0,261.0,344.0,366.0,445.0,473.0,485.0,549.0,564.0,645.0,657.0,674.0,679.0,685.0,737.0,751.0,755.0,758.0,796.0,899.0,972.0,976.0,
52.0,52.0,85.0,124.0,125.0,139.0,164.0,177.0,197.0,277.0,308.0,322.0,442.0,458.0,469.0,479.0,480.0,521.0,592.0,597.0,612.0,629.0,642.0,653.0,715.0,789.0,817.0,851.0,870.0,910.0,952.0,
15.0,39.0,59.0,60.0,70.0,92.0,111.0,146.0,153.0,162.0,170.0,176.0,217.0,258.0,330.0,409.0,464.0,472.0,550.0,586.0,588.0,601.0,602.0,605.0,611.0,613.0,631.0,691.0,696.0,719.0,729.0,737.0,753.0,771.0,800.0,805.0,806.0,827.0,846.0,899.0,907.0,918.0,948.0,
7.0,57.0,85.0,152.0,292.0,298.0,384.0,401.0,407.0,413.0,482.0,517.0,524.0,526.0,541.0,543.0,544.0,545.0,546.0,555.0,569.0,572.0,595.0,616.0,624.0,646.0,654.0,655.0,658.0,664.0,672.0,695.0,701.0,704.0,754.0,778.0,811.0,818.0,824.0,839.0,843.0,845.0,874.0,876.0,925.0,937.0,942.0,949.0,974.0,988.0,
4.0,13.0,18.0,91.0,134.0,147.0,161.0,230.0,242.0,278.0,319.0,349.0,364.0,394.0,450.0,463.0,469.0,523.0,529.0,530.0,561.0,576.0,584.0,588.0,627.0,635.0,642.0,660.0,661.0,663.0,668.0,685.0,689.0,698.0,718.0,727.0,734.0,749.0,762.0,789.0,795.0,813.0,814.0,817.0,817.0,838.0,873.0,915.0,986.0,
8.0,9.0,12.0,45.0,67.0,75.0,95.0,141.0,186.0,188.0,235.0,239.0,269.0,285.0,305.0,314.0,331.0,364.0,402.0,472.0,510.0,526.0,564.0,565.0,597.0,606.0,616.0,644.0,830.0,845.0,880.0,903.0,967.0,
4.0,12.0,28.0,34.0,57.0,68.0,75.0,76.0,78.0,91.0,93.0,198.0,210.0,256.0,267.0,297.0,311.0,351.0,400.0,418.0,422.0,443.0,447.0,453.0,455.0,488.0,542.0,551.0,585.0,598.0,599.0,612.0,641.0,641.0,648.0,658.0,664.0,676.0,708.0,709.0,868.0,876.0,894.0,926.0,944.0,952.0,978.0,990.0,1000.0,
31.0,58.0,73.0,129.0,142.0,177.0,301.0,381.0,398.0,424.0,429.0,458.0,466.0,518.0,521.0,528.0,546.0,586.0,600.0,621.0,654.0,659.0,704.0,708.0,717.0,718.0,740.0,786.0,817.0,850.0,857.0,914.0,965.0,
8.0,27.0,72.0,124.0,129.0,134.0,226.0,242.0,278.0,281.0,312.0,314.0,336.0,355.0,379.0,410.0,447.0,452.0,515.0,536.0,537.0,565.0,571.0,601.0,622.0,644.0,671.0,673.0,706.0,774.0,780.0,785.0,813.0,838.0,883.0,895.0,907.0,932.0,945.0,951.0,970.0,987.0,993.0,
35.0,36.0,50.0,64.0,100.0,102.0,103.0,149.0,200.0,211.0,228.0,251.0,269.0,299.0,340.0,346.0,349.0,371.0,379.0,441.0,520.0,550.0,558.0,569.0,593.0,615.0,643.0,664.0,674.0,740.0,762.0,822.0,835.0,849.0,929.0,938.0,954.0,
3.0,11.0,27.0,47.0,78.0,81.0,87.0,99.0,110.0,117.0,132.0,146.0,153.0,160.0,202.0,213.0,286.0,378.0,381.0,407.0,407.0,415.0,424.0,439.0,443.0,450.0,451.0,507.0,530.0,536.0,544.0,562.0,580.0,595.0,617.0,620.0,624.0,673.0,678.0,828.0,830.0,880.0,896.0,925.0,947.0,947.0,957.0,964.0,966.0,
40.0,40.0,52.0,62.0,90.0,111.0,148.0,155.0,166.0,166.0,166.0,172.0,175.0,258.0,273.0,299.0,351.0,351.0,380.0,460.0,491.0,522.0,523.0,544.0,562.0,589.0,622.0,718.0,724.0,751.0,810.0,844.0,887.0,936.0,969.0,987.0,998.0,999.0,
2.0,5.0,91.0,105.0,121.0,137.0,174.0,195.0,216.0,221.0,227.0,237.0,240.0,244.0,266.0,280.0,329.0,345.0,384.0,391.0,411.0,420.0,430.0,451.0,451.0,474.0,513.0,521.0,523.0,526.0,539.0,547.0,549.0,550.0,552.0,557.0,558.0,560.0,562.0,568.0,574.0,583.0,585.0,592.0,603.0,646.0,648.0,684.0,709.0,714.0,721.0,722.0,725.0,756.0,804.0,808.0,814.0,817.0,817.0,830.0,831.0,833.0,835.0,836.0,843.0,844.0,865.0,869.0,878.0,904.0,908.0,920.0,929.0,940.0,945.0,945.0,953.0,975.0,980.0,981.0,985.0,
12.0,15.0,40.0,75.0,78.0,97.0,112.0,145.0,147.0,189.0,257.0,290.0,337.0,337.0,346.0,396.0,421.0,426.0,442.0,443.0,455.0,463.0,483.0,487.0,523.0,532.0,534.0,536.0,539.0,554.0,557.0,562.0,567.0,567.0,571.0,580.0,580.0,590.0,595.0,595.0,596.0,600.0,602.0,610.0,618.0,628.0,630.0,644.0,658.0,661.0,682.0,690.0,704.0,731.0,752.0,777.0,782.0,795.0,799.0,811.0,825.0,841.0,853.0,864.0,897.0,900.0,900.0,912.0,922.0,947.0,948.0,952.0,964.0,990.0,992.0,
13.0,26.0,74.0,91.0,94.0,107.0,188.0,223.0,256.0,301.0,336.0,357.0,358.0,391.0,393.0,401.0,408.0,453.0,459.0,471.0,498.0,508.0,510.0,516.0,521.0,522.0,524.0,531.0,531.0,535.0,544.0,555.0,567.0,573.0,573.0,582.0,593.0,595.0,596.0,599.0,623.0,625.0,628.0,630.0,637.0,648.0,657.0,672.0,678.0,684.0,688.0,694.0,734.0,737.0,741.0,759.0,762.0,781.0,783.0,795.0,822.0,822.0,828.0,835.0,846.0,867.0,868.0,878.0,920.0,939.0,945.0,955.0,973.0,980.0,981.0,983.0,1000.0,
21.0,55.0,75.0,93.0,136.0,171.0,202.0,218.0,300.0,307.0,356.0,358.0,369.0,372.0,413.0,416.0,430.0,490.0,505.0,551.0,560.0,567.0,589.0,596.0,620.0,629.0,652.0,674.0,677.0,699.0,739.0,756.0,768.0,820.0,824.0,851.0,852.0,861.0,925.0,938.0,950.0,985.0,
18.0,27.0,77.0,91.0,128.0,130.0,148.0,166.0,180.0,351.0,368.0,371.0,373.0,377.0,411.0,411.0,442.0,446.0,446.0,450.0,489.0,542.0,573.0,577.0,590.0,590.0,707.0,762.0,767.0,769.0,794.0,846.0,851.0,853.0,908.0,913.0,964.0,986.0,993.0,
154.0,170.0,185.0,195.0,196.0,240.0,247.0,264.0,365.0,367.0,384.0,405.0,412.0,420.0,444.0,446.0,451.0,455.0,482.0,487.0,526.0,579.0,604.0,607.0,611.0,647.0,672.0,696.0,733.0,750.0,763.0,769.0,794.0,820.0,869.0,875.0,886.0,892.0,989.0,
108.0,141.0,147.0,150.0,185.0,216.0,240.0,260.0,282.0,289.0,319.0,369.0,424.0,440.0,456.0,477.0,481.0,514.0,641.0,681.0,760.0,763.0,777.0,866.0,867.0,935.0,968.0,968.0,
23.0,32.0,37.0,48.0,52.0,125.0,136.0,164.0,164.0,164.0,168.0,189.0,191.0,218.0,228.0,259.0,260.0,288.0,306.0,309.0,412.0,414.0,543.0,548.0,554.0,555.0,662.0,695.0,737.0,769.0,774.0,834.0,884.0,904.0,909.0,983.0,
17.0,54.0,74.0,126.0,191.0,242.0,248.0,261.0,264.0,297.0,311.0,334.0,352.0,380.0,460.0,494.0,499.0,504.0,512.0,524.0,554.0,565.0,582.0,596.0,640.0,651.0,679.0,772.0,845.0,868.0,932.0,
107.0,148.0,207.0,212.0,232.0,276.0,300.0,330.0,347.0,350.0,364.0,386.0,469.0,472.0,476.0,477.0,486.0,487.0,536.0,537.0,539.0,573.0,573.0,579.0,580.0,583.0,587.0,594.0,598.0,598.0,602.0,613.0,625.0,628.0,675.0,681.0,685.0,709.0,729.0,732.0,750.0,762.0,764.0,768.0,768.0,772.0,772.0,788.0,796.0,820.0,821.0,822.0,898.0,928.0,933.0,955.0,
16.0,22.0,56.0,70.0,96.0,122.0,125.0,140.0,154.0,157.0,183.0,189.0,193.0,198.0,202.0,206.0,212.0,236.0,258.0,291.0,292.0,328.0,331.0,370.0,404.0,405.0,479.0,509.0,515.0,520.0,523.0,524.0,526.0,526.0,533.0,534.0,534.0,534.0,535.0,538.0,538.0,541.0,542.0,547.0,552.0,558.0,561.0,569.0,577.0,578.0,581.0,585.0,588.0,589.0,591.0,618.0,635.0,647.0,662.0,675.0,676.0,710.0,712.0,724.0,732.0,756.0,760.0,767.0,774.0,787.0,807.0,824.0,824.0,827.0,832.0,834.0,867.0,884.0,898.0,941.0,948.0,949.0,
11.0,13.0,16.0,19.0,19.0,30.0,92.0,93.0,116.0,117.0,173.0,176.0,194.0,219.0,239.0,244.0,252.0,346.0,370.0,375.0,392.0,519.0,527.0,528.0,533.0,560.0,569.0,570.0,578.0,578.0,581.0,583.0,596.0,615.0,631.0,632.0,632.0,655.0,660.0,672.0,674.0,675.0,693.0,704.0,734.0,769.0,789.0,790.0,793.0,829.0,838.0,845.0,858.0,890.0,904.0,921.0,927.0,956.0,956.0,967.0,
17.0,22.0,98.0,131.0,137.0,137.0,167.0,172.0,196.0,259.0,330.0,363.0,420.0,441.0,446.0,447.0,490.0,501.0,507.0,508.0,522.0,527.0,529.0,535.0,536.0,541.0,542.0,542.0,544.0,544.0,552.0,552.0,560.0,561.0,562.0,587.0,606.0,613.0,614.0,622.0,642.0,653.0,655.0,656.0,674.0,694.0,698.0,699.0,726.0,750.0,760.0,774.0,816.0,816.0,818.0,829.0,843.0,918.0,934.0,953.0,994.0,
91.0,293.0,293.0,311.0,330.0,358.0,376.0,438.0,449.0,461.0,498.0,526.0,531.0,531.0,541.0,550.0,552.0,554.0,558.0,612.0,621.0,630.0,661.0,747.0,749.0,756.0,759.0,791.0,820.0,833.0,856.0,910.0,917.0,946.0,964.0,
78.0,87.0,165.0,166.0,186.0,240.0,262.0,282.0,285.0,296.0,305.0,353.0,390.0,405.0,428.0,488.0,496.0,525.0,533.0,544.0,552.0,558.0,565.0,567.0,572.0,618.0,669.0,738.0,745.0,767.0,858.0,860.0,869.0,933.0,990.0,
17.0,44.0,65.0,79.0,146.0,157.0,175.0,213.0,236.0,242.0,247.0,273.0,361.0,392.0,415.0,440.0,449.0,477.0,490.0,497.0,497.0,525.0,584.0,610.0,629.0,651.0,656.0,691.0,709.0,731.0,749.0,809.0,827.0,827.0,833.0,844.0,910.0,935.0,964.0,975.0,988.0,995.0,
22.0,106.0,129.0,155.0,181.0,240.0,246.0,297.0,435.0,468.0,489.0,493.0,565.0,567.0,570.0,581.0,605.0,613.0,666.0,680.0,723.0,766.0,767.0,865.0,866.0,890.0,908.0,927.0,936.0,968.0,
16.0,21.0,31.0,44.0,112.0,145.0,177.0,186.0,199.0,226.0,227.0,236.0,265.0,353.0,362.0,365.0,428.0,458.0,489.0,509.0,520.0,532.0,562.0,582.0,607.0,627.0,634.0,646.0,667.0,678.0,683.0,701.0,749.0,754.0,771.0,829.0,862.0,912.0,982.0,
61.0,172.0,200.0,200.0,205.0,220.0,312.0,342.0,356.0,394.0,396.0,431.0,435.0,443.0,446.0,549.0,553.0,568.0,625.0,661.0,823.0,854.0,935.0,950.0,
4.0,71.0,162.0,163.0,185.0,197.0,232.0,236.0,250.0,269.0,303.0,305.0,321.0,345.0,352.0,412.0,439.0,469.0,534.0,553.0,563.0,568.0,595.0,595.0,646.0,648.0,655.0,668.0,677.0,756.0,833.0,853.0,
7.0,18.0,31.0,53.0,86.0,94.0,129.0,153.0,154.0,158.0,174.0,190.0,256.0,294.0,343.0,367.0,435.0,438.0,489.0,507.0,517.0,541.0,546.0,547.0,548.0,553.0,557.0,568.0,577.0,595.0,608.0,609.0,615.0,621.0,623.0,627.0,635.0,681.0,706.0,791.0,792.0,820.0,828.0,835.0,847.0,894.0,921.0,922.0,924.0,963.0,968.0,987.0,997.0,
36.0,77.0,92.0,99.0,100.0,122.0,134.0,151.0,172.0,209.0,212.0,252.0,260.0,268.0,313.0,328.0,328.0,348.0,350.0,380.0,382.0,387.0,390.0,411.0,416.0,469.0,487.0,490.0,505.0,516.0,517.0,520.0,521.0,528.0,528.0,530.0,532.0,536.0,541.0,547.0,550.0,551.0,551.0,560.0,563.0,584.0,584.0,589.0,597.0,598.0,598.0,603.0,603.0,605.0,635.0,661.0,664.0,667.0,689.0,717.0,725.0,739.0,744.0,751.0,760.0,773.0,793.0,801.0,804.0,811.0,827.0,827.0,843.0,852.0,864.0,873.0,879.0,882.0,900.0,904.0,905.0,928.0,932.0,957.0,971.0,993.0,
5.0,23.0,77.0,83.0,98.0,168.0,264.0,315.0,338.0,346.0,410.0,412.0,447.0,518.0,526.0,534.0,536.0,538.0,538.0,548.0,548.0,580.0,591.0,593.0,622.0,627.0,643.0,645.0,661.0,667.0,672.0,673.0,678.0,690.0,709.0,714.0,721.0,731.0,731.0,735.0,740.0,754.0,768.0,769.0,792.0,818.0,827.0,835.0,865.0,877.0,887.0,895.0,898.0,909.0,920.0,923.0,926.0,929.0,954.0,962.0,
6.0,11.0,94.0,99.0,110.0,131.0,175.0,191.0,215.0,249.0,263.0,277.0,310.0,325.0,347.0,360.0,377.0,384.0,388.0,428.0,466.0,480.0,500.0,521.0,527.0,530.0,532.0,552.0,553.0,560.0,565.0,566.0,600.0,603.0,608.0,608.0,609.0,621.0,634.0,636.0,637.0,644.0,656.0,694.0,714.0,731.0,731.0,759.0,774.0,816.0,830.0,831.0,848.0,924.0,930.0,934.0,982.0,995.0,
5.0,6.0,80.0,81.0,163.0,223.0,236.0,269.0,279.0,286.0,321.0,383.0,415.0,433.0,450.0,533.0,537.0,561.0,569.0,574.0,584.0,588.0,650.0,713.0,736.0,749.0,751.0,788.0,796.0,905.0,990.0,
17.0,42.0,102.0,106.0,118.0,121.0,124.0,148.0,158.0,204.0,219.0,257.0,263.0,265.0,295.0,299.0,306.0,356.0,384.0,384.0,409.0,434.0,456.0,466.0,569.0,589.0,761.0,764.0,796.0,906.0,933.0,950.0,969.0,990.0,999.0,
27.0,56.0,163.0,176.0,184.0,187.0,195.0,232.0,245.0,250.0,290.0,298.0,351.0,369.0,385.0,408.0,411.0,424.0,451.0,472.0,506.0,534.0,539.0,551.0,595.0,702.0,735.0,755.0,780.0,812.0,818.0,840.0,852.0,858.0,881.0,892.0,895.0,947.0,955.0,956.0,960.0,
22.0,96.0,124.0,159.0,170.0,180.0,237.0,259.0,279.0,325.0,336.0,354.0,355.0,367.0,369.0,407.0,449.0,482.0,549.0,561.0,631.0,729.0,731.0,917.0,922.0,924.0,926.0,952.0,961.0,985.0,1000.0,
81.0,83.0,85.0,102.0,129.0,171.0,187.0,196.0,247.0,255.0,262.0,275.0,275.0,284.0,360.0,378.0,391.0,417.0,449.0,461.0,469.0,487.0,523.0,555.0,603.0,637.0,645.0,646.0,655.0,670.0,696.0,714.0,714.0,746.0,836.0,856.0,907.0,937.0,943.0,959.0,988.0,988.0,994.0,
61.0,63.0,79.0,134.0,186.0,188.0,201.0,206.0,261.0,265.0,429.0,430.0,445.0,481.0,488.0,541.0,565.0,754.0,760.0,807.0,811.0,910.0,937.0,955.0,984.0,
13.0,39.0,52.0,58.0,61.0,70.0,141.0,177.0,179.0,197.0,203.0,249.0,268.0,269.0,278.0,299.0,327.0,332.0,336.0,400.0,412.0,482.0,498.0,503.0,522.0,538.0,540.0,566.0,566.0,592.0,654.0,668.0,675.0,705.0,711.0,782.0,797.0,846.0,923.0,964.0,
14.0,19.0,47.0,60.0,65.0,85.0,85.0,111.0,115.0,134.0,198.0,248.0,296.0,312.0,350.0,367.0,387.0,396.0,497.0,517.0,526.0,536.0,539.0,540.0,544.0,545.0,546.0,547.0,568.0,569.0,571.0,571.0,583.0,587.0,591.0,613.0,615.0,638.0,664.0,671.0,686.0,693.0,697.0,720.0,724.0,739.0,742.0,761.0,771.0,772.0,775.0,779.0,791.0,796.0,803.0,828.0,835.0,836.0,855.0,879.0,932.0,935.0,939.0,944.0,962.0,968.0,
36.0,50.0,117.0,142.0,177.0,208.0,328.0,347.0,369.0,375.0,377.0,407.0,427.0,439.0,475.0,486.0,498.0,513.0,525.0,542.0,542.0,585.0,601.0,644.0,649.0,663.0,672.0,739.0,749.0,790.0,794.0,827.0,890.0,891.0,906.0,915.0,929.0,932.0,954.0,991.0,
81.0,154.0,163.0,164.0,173.0,209.0,223.0,237.0,257.0,279.0,281.0,307.0,325.0,429.0,433.0,436.0,442.0,459.0,487.0,490.0,508.0,535.0,551.0,682.0,687.0,721.0,750.0,938.0,966.0,967.0,
4.0,10.0,18.0,35.0,53.0,103.0,111.0,153.0,159.0,202.0,214.0,221.0,227.0,242.0,250.0,262.0,271.0,297.0,315.0,315.0,356.0,359.0,362.0,374.0,384.0,388.0,495.0,504.0,567.0,574.0,680.0,686.0,759.0,830.0,864.0,891.0,934.0,982.0,
153.0,168.0,195.0,197.0,256.0,297.0,299.0,303.0,312.0,340.0,386.0,391.0,436.0,437.0,440.0,468.0,494.0,536.0,552.0,601.0,678.0,696.0,725.0,728.0,743.0,771.0,824.0,866.0,875.0,903.0,937.0,940.0,952.0,955.0,971.0,988.0,
8.0,11.0,14.0,29.0,52.0,87.0,151.0,231.0,259.0,277.0,285.0,310.0,327.0,328.0,328.0,367.0,420.0,431.0,442.0,456.0,475.0,484.0,512.0,586.0,648.0,661.0,732.0,749.0,752.0,830.0,831.0,835.0,839.0,845.0,897.0,904.0,916.0,
13.0,24.0,61.0,107.0,123.0,130.0,263.0,310.0,370.0,382.0,413.0,474.0,474.0,503.0,539.0,543.0,558.0,619.0,642.0,685.0,688.0,698.0,706.0,716.0,762.0,792.0,794.0,800.0,818.0,866.0,880.0,902.0,907.0,944.0,956.0,972.0,
7.0,12.0,19.0,25.0,33.0,55.0,58.0,68.0,79.0,107.0,114.0,184.0,219.0,237.0,250.0,301.0,303.0,306.0,365.0,421.0,473.0,515.0,529.0,549.0,575.0,575.0,576.0,581.0,585.0,614.0,627.0,663.0,686.0,707.0,717.0,721.0,722.0,728.0,771.0,784.0,873.0,876.0,909.0,914.0,923.0,992.0,
25.0,28.0,58.0,113.0,117.0,178.0,213.0,315.0,320.0,324.0,479.0,517.0,523.0,528.0,596.0,616.0,679.0,685.0,695.0,726.0,737.0,759.0,780.0,901.0,901.0,937.0,989.0,
55.0,73.0,75.0,114.0,139.0,170.0,189.0,204.0,257.0,284.0,307.0,313.0,392.0,393.0,412.0,450.0,490.0,531.0,532.0,538.0,544.0,565.0,600.0,605.0,682.0,741.0,831.0,860.0,864.0,912.0,949.0,961.0,965.0,
10.0,23.0,81.0,84.0,88.0,92.0,100.0,116.0,124.0,129.0,182.0,193.0,234.0,248.0,269.0,349.0,378.0,391.0,463.0,559.0,578.0,612.0,616.0,624.0,704.0,721.0,793.0,872.0,880.0,895.0,919.0,924.0,928.0,961.0,
35.0,75.0,90.0,96.0,109.0,140.0,146.0,223.0,275.0,275.0,296.0,335.0,357.0,359.0,365.0,398.0,410.0,450.0,463.0,474.0,505.0,513.0,523.0,523.0,628.0,628.0,691.0,700.0,738.0,775.0,801.0,818.0,880.0,899.0,900.0,912.0,
13.0,22.0,59.0,62.0,64.0,75.0,92.0,103.0,104.0,105.0,116.0,124.0,175.0,224.0,229.0,242.0,292.0,301.0,316.0,348.0,383.0,442.0,542.0,572.0,575.0,606.0,645.0,674.0,691.0,731.0,738.0,795.0,867.0,885.0,891.0,972.0,984.0,988.0,
16.0,25.0,51.0,58.0,86.0,106.0,141.0,190.0,211.0,229.0,242.0,258.0,261.0,283.0,321.0,359.0,387.0,389.0,405.0,436.0,453.0,483.0,493.0,496.0,558.0,608.0,636.0,642.0,741.0,765.0,868.0,
4.0,8.0,63.0,86.0,100.0,131.0,182.0,195.0,250.0,268.0,278.0,309.0,345.0,353.0,356.0,393.0,401.0,405.0,451.0,466.0,531.0,535.0,546.0,550.0,557.0,574.0,580.0,583.0,633.0,659.0,792.0,793.0,807.0,814.0,830.0,867.0,948.0,973.0,980.0,996.0,
6.0,21.0,33.0,80.0,81.0,96.0,155.0,187.0,210.0,212.0,220.0,257.0,278.0,297.0,298.0,330.0,335.0,362.0,371.0,379.0,408.0,430.0,432.0,492.0,501.0,509.0,550.0,654.0,704.0,744.0,769.0,787.0,798.0,824.0,837.0,838.0,882.0,896.0,940.0,945.0,960.0,984.0,
67.0,84.0,130.0,145.0,157.0,193.0,220.0,221.0,245.0,266.0,279.0,309.0,353.0,359.0,413.0,475.0,493.0,546.0,558.0,596.0,621.0,626.0,643.0,645.0,646.0,651.0,663.0,696.0,735.0,759.0,853.0,860.0,929.0,933.0,961.0,965.0,
4.0,39.0,131.0,133.0,178.0,211.0,243.0,259.0,291.0,293.0,322.0,378.0,414.0,419.0,465.0,484.0,516.0,519.0,540.0,560.0,562.0,567.0,628.0,653.0,654.0,670.0,701.0,705.0,727.0,788.0,810.0,821.0,861.0,869.0,903.0,956.0,968.0,
10.0,12.0,15.0,20.0,24.0,72.0,100.0,148.0,149.0,188.0,200.0,222.0,269.0,281.0,311.0,362.0,364.0,368.0,398.0,447.0,528.0,549.0,552.0,567.0,611.0,629.0,669.0,721.0,769.0,790.0,902.0,903.0,915.0,934.0,962.0,
10.0,19.0,46.0,228.0,322.0,326.0,353.0,403.0,413.0,428.0,434.0,485.0,529.0,553.0,558.0,565.0,661.0,664.0,693.0,769.0,841.0,845.0,876.0,968.0,
12.0,26.0,62.0,107.0,112.0,174.0,211.0,229.0,229.0,307.0,335.0,351.0,354.0,369.0,375.0,399.0,402.0,428.0,455.0,502.0,524.0,526.0,565.0,585.0,592.0,593.0,597.0,645.0,669.0,686.0,819.0,859.0,866.0,870.0,875.0,878.0,880.0,892.0,959.0,989.0,996.0,
24.0,39.0,47.0,52.0,69.0,70.0,76.0,148.0,154.0,262.0,300.0,317.0,334.0,370.0,414.0,431.0,456.0,458.0,467.0,468.0,491.0,496.0,501.0,517.0,555.0,664.0,693.0,708.0,722.0,727.0,741.0,747.0,760.0,786.0,795.0,798.0,800.0,806.0,815.0,836.0,877.0,891.0,893.0,916.0,932.0,955.0,
15.0,37.0,118.0,132.0,136.0,256.0,259.0,299.0,315.0,335.0,349.0,355.0,359.0,386.0,395.0,427.0,447.0,507.0,517.0,539.0,559.0,647.0,695.0,699.0,735.0,752.0,855.0,893.0,902.0,914.0,932.0,945.0,952.0,989.0,994.0,
60.0,75.0,76.0,93.0,140.0,220.0,230.0,232.0,253.0,267.0,300.0,303.0,310.0,359.0,397.0,433.0,433.0,445.0,456.0,460.0,505.0,522.0,561.0,584.0,594.0,618.0,622.0,675.0,687.0,727.0,812.0,824.0,834.0,918.0,919.0,925.0,
44.0,69.0,80.0,122.0,125.0,145.0,189.0,230.0,279.0,326.0,370.0,372.0,390.0,406.0,419.0,423.0,445.0,465.0,515.0,568.0,586.0,593.0,602.0,691.0,694.0,741.0,757.0,760.0,774.0,784.0,812.0,813.0,833.0,836.0,846.0,921.0,
