6.0,8.0,10.0,35.0,56.0,77.0,101.0,103.0,116.0,144.0,175.0,225.0,244.0,298.0,302.0,318.0,320.0,323.0,323.0,336.0,364.0,395.0,412.0,450.0,456.0,479.0,482.0,521.0,526.0,552.0,576.0,582.0,637.0,650.0,663.0,667.0,711.0,712.0,758.0,772.0,772.0,804.0,830.0,847.0,918.0,
15.0,24.0,36.0,40.0,84.0,88.0,111.0,112.0,133.0,176.0,186.0,237.0,249.0,267.0,277.0,289.0,318.0,328.0,358.0,380.0,391.0,440.0,447.0,454.0,512.0,520.0,600.0,675.0,916.0,966.0,992.0,
3.0,75.0,277.0,301.0,305.0,310.0,315.0,353.0,354.0,357.0,395.0,449.0,478.0,482.0,540.0,575.0,616.0,661.0,749.0,754.0,762.0,767.0,800.0,824.0,847.0,888.0,901.0,901.0,907.0,933.0,939.0,964.0,987.0,994.0,
10.0,11.0,56.0,92.0,123.0,187.0,226.0,287.0,325.0,357.0,424.0,450.0,461.0,474.0,475.0,486.0,496.0,564.0,601.0,621.0,687.0,700.0,724.0,748.0,777.0,834.0,883.0,893.0,938.0,946.0,
24.0,26.0,40.0,54.0,57.0,64.0,152.0,173.0,180.0,196.0,208.0,225.0,230.0,274.0,334.0,368.0,415.0,421.0,425.0,436.0,438.0,463.0,465.0,499.0,617.0,624.0,627.0,628.0,637.0,643.0,655.0,699.0,701.0,707.0,707.0,717.0,718.0,724.0,746.0,763.0,781.0,792.0,837.0,879.0,887.0,901.0,912.0,950.0,970.0,972.0,997.0,
3.0,16.0,40.0,46.0,88.0,94.0,100.0,124.0,143.0,157.0,182.0,226.0,232.0,236.0,240.0,287.0,298.0,304.0,353.0,375.0,386.0,400.0,420.0,505.0,618.0,634.0,655.0,899.0,941.0,975.0,982.0,
48.0,55.0,98.0,175.0,225.0,228.0,268.0,294.0,329.0,380.0,387.0,457.0,476.0,492.0,497.0,546.0,549.0,630.0,662.0,686.0,733.0,747.0,880.0,917.0,
61.0,68.0,103.0,109.0,125.0,157.0,164.0,229.0,235.0,270.0,274.0,298.0,345.0,358.0,376.0,394.0,416.0,418.0,490.0,501.0,591.0,595.0,654.0,717.0,718.0,781.0,793.0,874.0,878.0,882.0,895.0,913.0,
10.0,15.0,74.0,75.0,83.0,113.0,137.0,152.0,200.0,253.0,318.0,372.0,418.0,497.0,511.0,550.0,559.0,583.0,585.0,615.0,616.0,627.0,804.0,853.0,890.0,919.0,966.0,978.0,990.0,
7.0,71.0,104.0,112.0,117.0,140.0,164.0,168.0,181.0,201.0,247.0,253.0,255.0,275.0,305.0,407.0,423.0,456.0,477.0,479.0,635.0,641.0,652.0,669.0,689.0,705.0,717.0,767.0,918.0,929.0,983.0,998.0,
2.0,28.0,48.0,92.0,95.0,95.0,99.0,107.0,118.0,126.0,153.0,169.0,179.0,194.0,196.0,222.0,237.0,252.0,276.0,281.0,303.0,318.0,338.0,341.0,347.0,388.0,392.0,398.0,448.0,472.0,481.0,514.0,548.0,569.0,596.0,640.0,651.0,665.0,669.0,711.0,721.0,765.0,775.0,779.0,818.0,886.0,911.0,912.0,926.0,964.0,1000.0,
55.0,58.0,75.0,86.0,188.0,201.0,418.0,439.0,455.0,459.0,503.0,529.0,556.0,581.0,618.0,633.0,645.0,646.0,660.0,726.0,754.0,766.0,799.0,810.0,816.0,817.0,839.0,854.0,892.0,902.0,918.0,994.0,
15.0,18.0,67.0,158.0,175.0,198.0,200.0,214.0,222.0,233.0,245.0,285.0,363.0,390.0,414.0,417.0,422.0,480.0,533.0,544.0,549.0,555.0,560.0,564.0,591.0,592.0,612.0,723.0,728.0,755.0,819.0,826.0,836.0,847.0,874.0,897.0,910.0,930.0,946.0,946.0,992.0,
3.0,37.0,81.0,84.0,114.0,115.0,147.0,196.0,213.0,261.0,263.0,286.0,286.0,315.0,427.0,465.0,470.0,515.0,549.0,557.0,595.0,638.0,644.0,712.0,716.0,765.0,806.0,829.0,835.0,836.0,866.0,877.0,884.0,888.0,898.0,899.0,914.0,
57.0,110.0,162.0,174.0,183.0,234.0,288.0,334.0,363.0,416.0,437.0,448.0,450.0,467.0,568.0,584.0,609.0,671.0,675.0,780.0,788.0,803.0,876.0,900.0,991.0,
4.0,8.0,45.0,63.0,88.0,127.0,171.0,201.0,238.0,254.0,348.0,351.0,373.0,386.0,401.0,426.0,541.0,548.0,585.0,605.0,619.0,633.0,703.0,716.0,735.0,740.0,746.0,777.0,835.0,871.0,920.0,937.0,970.0,976.0,990.0,
10.0,110.0,132.0,154.0,168.0,179.0,206.0,206.0,267.0,272.0,286.0,289.0,303.0,340.0,365.0,366.0,389.0,391.0,406.0,434.0,458.0,460.0,483.0,484.0,580.0,600.0,686.0,710.0,714.0,723.0,758.0,789.0,794.0,795.0,812.0,867.0,890.0,902.0,907.0,915.0,983.0,991.0,999.0,
20.0,24.0,32.0,46.0,144.0,159.0,259.0,277.0,290.0,300.0,314.0,366.0,378.0,387.0,398.0,464.0,479.0,499.0,540.0,572.0,578.0,601.0,608.0,656.0,675.0,719.0,746.0,787.0,835.0,836.0,837.0,879.0,927.0,944.0,950.0,951.0,966.0,966.0,980.0,
2.0,5.0,25.0,42.0,91.0,103.0,134.0,146.0,175.0,175.0,187.0,229.0,268.0,281.0,314.0,320.0,405.0,413.0,427.0,428.0,431.0,483.0,526.0,532.0,572.0,572.0,645.0,660.0,693.0,696.0,712.0,767.0,783.0,797.0,820.0,841.0,909.0,925.0,970.0,972.0,977.0,
31.0,56.0,62.0,69.0,106.0,115.0,145.0,156.0,186.0,186.0,223.0,259.0,272.0,282.0,325.0,342.0,367.0,449.0,456.0,532.0,598.0,655.0,703.0,736.0,780.0,782.0,834.0,835.0,839.0,869.0,927.0,933.0,988.0,
92.0,107.0,142.0,178.0,213.0,226.0,252.0,275.0,293.0,309.0,322.0,363.0,376.0,408.0,410.0,420.0,452.0,475.0,475.0,506.0,517.0,556.0,604.0,666.0,669.0,675.0,686.0,691.0,699.0,700.0,726.0,796.0,807.0,821.0,822.0,835.0,882.0,939.0,959.0,978.0,982.0,
51.0,60.0,61.0,69.0,73.0,132.0,154.0,187.0,187.0,228.0,243.0,269.0,292.0,301.0,302.0,318.0,408.0,416.0,537.0,560.0,629.0,638.0,667.0,677.0,742.0,869.0,887.0,946.0,958.0,972.0,980.0,
32.0,40.0,41.0,140.0,172.0,180.0,262.0,288.0,303.0,304.0,306.0,312.0,325.0,331.0,354.0,398.0,423.0,473.0,476.0,539.0,591.0,594.0,597.0,601.0,606.0,609.0,626.0,631.0,640.0,651.0,700.0,713.0,743.0,749.0,807.0,810.0,836.0,844.0,852.0,858.0,886.0,896.0,901.0,905.0,912.0,924.0,926.0,934.0,935.0,990.0,
82.0,134.0,174.0,178.0,179.0,214.0,331.0,338.0,381.0,390.0,434.0,439.0,457.0,481.0,587.0,597.0,630.0,637.0,658.0,735.0,779.0,810.0,827.0,845.0,874.0,901.0,983.0,
8.0,53.0,94.0,102.0,146.0,192.0,252.0,298.0,347.0,362.0,380.0,381.0,383.0,387.0,401.0,571.0,582.0,596.0,608.0,658.0,674.0,713.0,718.0,739.0,751.0,785.0,803.0,853.0,937.0,991.0,
4.0,39.0,125.0,210.0,235.0,249.0,254.0,286.0,310.0,334.0,371.0,375.0,378.0,400.0,420.0,432.0,436.0,462.0,472.0,495.0,552.0,555.0,709.0,709.0,724.0,742.0,770.0,886.0,897.0,899.0,938.0,961.0,983.0,998.0,
35.0,37.0,62.0,115.0,129.0,181.0,192.0,247.0,286.0,306.0,325.0,354.0,360.0,375.0,376.0,425.0,426.0,454.0,506.0,522.0,565.0,591.0,678.0,724.0,750.0,768.0,774.0,779.0,780.0,781.0,806.0,826.0,854.0,890.0,908.0,933.0,966.0,974.0,983.0,
20.0,64.0,91.0,100.0,187.0,190.0,192.0,206.0,219.0,282.0,434.0,444.0,496.0,515.0,528.0,552.0,703.0,730.0,744.0,817.0,832.0,837.0,864.0,914.0,967.0,978.0,996.0,
26.0,38.0,49.0,53.0,121.0,121.0,169.0,186.0,195.0,207.0,212.0,213.0,290.0,307.0,355.0,359.0,427.0,500.0,515.0,555.0,570.0,632.0,637.0,717.0,772.0,810.0,823.0,910.0,930.0,938.0,960.0,976.0,
21.0,24.0,29.0,33.0,60.0,67.0,85.0,106.0,230.0,237.0,287.0,330.0,340.0,418.0,442.0,449.0,454.0,461.0,465.0,468.0,473.0,568.0,576.0,596.0,604.0,630.0,631.0,634.0,697.0,743.0,770.0,778.0,851.0,857.0,865.0,908.0,914.0,924.0,944.0,
61.0,121.0,176.0,191.0,229.0,288.0,291.0,304.0,322.0,368.0,403.0,412.0,417.0,456.0,468.0,487.0,518.0,518.0,527.0,595.0,602.0,632.0,632.0,636.0,655.0,736.0,751.0,753.0,773.0,784.0,790.0,814.0,855.0,857.0,874.0,876.0,891.0,928.0,932.0,951.0,959.0,976.0,
89.0,102.0,156.0,175.0,193.0,198.0,232.0,234.0,258.0,282.0,287.0,354.0,368.0,378.0,418.0,476.0,518.0,520.0,578.0,585.0,606.0,612.0,613.0,616.0,621.0,639.0,649.0,651.0,690.0,736.0,738.0,780.0,780.0,807.0,839.0,848.0,855.0,866.0,879.0,920.0,941.0,969.0,
24.0,73.0,73.0,90.0,97.0,112.0,140.0,202.0,213.0,218.0,246.0,268.0,286.0,341.0,368.0,578.0,590.0,591.0,647.0,668.0,826.0,870.0,893.0,946.0,976.0,981.0,
18.0,44.0,62.0,85.0,125.0,198.0,251.0,252.0,255.0,268.0,316.0,335.0,399.0,449.0,470.0,494.0,621.0,632.0,632.0,646.0,661.0,678.0,686.0,704.0,705.0,706.0,718.0,741.0,765.0,793.0,799.0,835.0,867.0,874.0,889.0,914.0,916.0,921.0,958.0,990.0,992.0,
6.0,54.0,78.0,148.0,233.0,234.0,272.0,316.0,316.0,324.0,358.0,373.0,378.0,395.0,414.0,456.0,466.0,474.0,509.0,539.0,638.0,654.0,657.0,702.0,704.0,750.0,781.0,801.0,824.0,831.0,841.0,857.0,897.0,936.0,948.0,949.0,962.0,963.0,980.0,991.0,
39.0,139.0,142.0,173.0,189.0,227.0,230.0,243.0,257.0,257.0,265.0,277.0,292.0,384.0,398.0,401.0,412.0,437.0,504.0,506.0,610.0,612.0,642.0,649.0,672.0,680.0,681.0,683.0,689.0,695.0,747.0,759.0,780.0,796.0,802.0,838.0,843.0,871.0,888.0,891.0,924.0,955.0,995.0,1000.0,
69.0,88.0,88.0,103.0,104.0,136.0,155.0,161.0,176.0,191.0,194.0,204.0,233.0,241.0,248.0,343.0,351.0,356.0,363.0,447.0,528.0,552.0,559.0,602.0,604.0,628.0,683.0,685.0,693.0,702.0,708.0,730.0,745.0,748.0,756.0,780.0,856.0,889.0,926.0,956.0,
5.0,17.0,29.0,30.0,35.0,40.0,61.0,77.0,91.0,99.0,116.0,131.0,137.0,191.0,198.0,317.0,317.0,356.0,363.0,365.0,418.0,471.0,569.0,570.0,577.0,589.0,624.0,673.0,683.0,695.0,698.0,729.0,737.0,746.0,752.0,870.0,911.0,961.0,963.0,971.0,
105.0,127.0,138.0,162.0,194.0,203.0,242.0,243.0,271.0,313.0,325.0,363.0,364.0,371.0,490.0,493.0,497.0,505.0,542.0,565.0,616.0,627.0,646.0,655.0,692.0,766.0,785.0,813.0,820.0,833.0,841.0,862.0,872.0,878.0,952.0,957.0,978.0,981.0,988.0,
19.0,24.0,45.0,52.0,53.0,54.0,68.0,82.0,103.0,113.0,133.0,177.0,273.0,277.0,283.0,338.0,352.0,368.0,383.0,412.0,459.0,481.0,499.0,588.0,593.0,646.0,672.0,704.0,720.0,737.0,744.0,756.0,775.0,792.0,810.0,848.0,855.0,890.0,899.0,918.0,986.0,987.0,
62.0,127.0,127.0,146.0,152.0,152.0,174.0,178.0,244.0,265.0,265.0,325.0,335.0,362.0,378.0,383.0,398.0,408.0,427.0,457.0,478.0,483.0,503.0,504.0,580.0,636.0,649.0,673.0,674.0,704.0,712.0,715.0,825.0,840.0,843.0,860.0,862.0,897.0,903.0,965.0,973.0,978.0,996.0,1000.0,
30.0,54.0,67.0,110.0,116.0,131.0,144.0,164.0,238.0,240.0,241.0,260.0,270.0,290.0,307.0,327.0,334.0,378.0,382.0,387.0,395.0,406.0,490.0,560.0,569.0,569.0,582.0,582.0,596.0,642.0,657.0,753.0,762.0,777.0,786.0,819.0,828.0,844.0,852.0,898.0,916.0,
49.0,49.0,49.0,91.0,149.0,171.0,232.0,265.0,269.0,302.0,340.0,413.0,429.0,464.0,464.0,483.0,609.0,650.0,664.0,714.0,732.0,743.0,779.0,783.0,799.0,807.0,834.0,868.0,877.0,928.0,955.0,977.0,981.0,
14.0,59.0,74.0,78.0,115.0,127.0,136.0,140.0,146.0,158.0,180.0,185.0,194.0,195.0,196.0,246.0,263.0,295.0,312.0,315.0,355.0,356.0,370.0,393.0,396.0,401.0,406.0,459.0,464.0,479.0,481.0,485.0,550.0,569.0,574.0,589.0,602.0,604.0,659.0,675.0,715.0,750.0,761.0,803.0,827.0,830.0,847.0,852.0,891.0,909.0,913.0,914.0,922.0,931.0,943.0,962.0,
51.0,83.0,119.0,125.0,171.0,202.0,280.0,333.0,340.0,363.0,380.0,431.0,438.0,444.0,469.0,472.0,484.0,500.0,501.0,694.0,774.0,829.0,894.0,966.0,
23.0,54.0,84.0,126.0,137.0,161.0,174.0,195.0,199.0,214.0,233.0,244.0,259.0,309.0,366.0,403.0,436.0,443.0,447.0,452.0,474.0,
11.0,14.0,27.0,41.0,49.0,62.0,111.0,136.0,160.0,172.0,178.0,235.0,236.0,279.0,295.0,303.0,313.0,401.0,436.0,465.0,467.0,488.0,807.0,818.0,863.0,878.0,921.0,944.0,986.0,990.0,
6.0,14.0,37.0,105.0,117.0,143.0,144.0,147.0,158.0,178.0,183.0,260.0,268.0,312.0,314.0,336.0,384.0,392.0,408.0,410.0,487.0,527.0,552.0,572.0,635.0,664.0,674.0,674.0,675.0,685.0,726.0,729.0,736.0,763.0,790.0,817.0,831.0,836.0,845.0,853.0,868.0,874.0,906.0,934.0,945.0,951.0,980.0,987.0,990.0,995.0,
56.0,59.0,89.0,119.0,127.0,164.0,173.0,174.0,198.0,226.0,244.0,246.0,304.0,350.0,381.0,385.0,523.0,530.0,532.0,636.0,649.0,668.0,682.0,699.0,727.0,733.0,819.0,861.0,873.0,909.0,913.0,922.0,
29.0,71.0,76.0,81.0,101.0,145.0,216.0,250.0,302.0,396.0,404.0,410.0,430.0,455.0,477.0,497.0,502.0,507.0,535.0,561.0,575.0,601.0,605.0,614.0,635.0,705.0,724.0,748.0,772.0,789.0,922.0,942.0,964.0,
89.0,90.0,101.0,134.0,155.0,159.0,165.0,168.0,224.0,277.0,284.0,310.0,341.0,372.0,417.0,435.0,437.0,442.0,458.0,501.0,538.0,555.0,565.0,575.0,620.0,663.0,705.0,709.0,803.0,881.0,912.0,947.0,959.0,965.0,1000.0,
6.0,23.0,33.0,33.0,42.0,46.0,70.0,230.0,245.0,266.0,292.0,389.0,415.0,435.0,443.0,460.0,495.0,524.0,554.0,581.0,623.0,668.0,727.0,740.0,747.0,763.0,764.0,800.0,818.0,850.0,850.0,851.0,874.0,923.0,
2.0,6.0,30.0,36.0,90.0,113.0,125.0,188.0,199.0,248.0,264.0,271.0,276.0,286.0,290.0,301.0,365.0,380.0,406.0,409.0,416.0,426.0,444.0,470.0,473.0,480.0,498.0,624.0,628.0,645.0,653.0,670.0,683.0,773.0,781.0,785.0,807.0,883.0,886.0,894.0,902.0,910.0,945.0,952.0,972.0,973.0,977.0,1000.0,
63.0,94.0,165.0,170.0,221.0,235.0,235.0,239.0,254.0,258.0,270.0,303.0,344.0,410.0,449.0,508.0,513.0,535.0,536.0,549.0,582.0,596.0,619.0,643.0,678.0,766.0,774.0,788.0,814.0,821.0,836.0,841.0,850.0,879.0,882.0,908.0,935.0,945.0,991.0,
19.0,51.0,56.0,68.0,80.0,123.0,128.0,141.0,149.0,156.0,171.0,175.0,193.0,219.0,268.0,292.0,297.0,336.0,349.0,376.0,431.0,465.0,472.0,
20.0,57.0,63.0,75.0,111.0,158.0,172.0,224.0,251.0,272.0,304.0,309.0,312.0,320.0,324.0,379.0,402.0,405.0,410.0,441.0,446.0,451.0,
22.0,61.0,76.0,79.0,100.0,202.0,246.0,312.0,351.0,362.0,371.0,507.0,
23.0,30.0,65.0,93.0,107.0,155.0,178.0,243.0,255.0,274.0,290.0,305.0,309.0,312.0,316.0,323.0,381.0,384.0,486.0,519.0,530.0,550.0,592.0,624.0,639.0,664.0,667.0,668.0,673.0,682.0,715.0,756.0,756.0,759.0,763.0,798.0,811.0,824.0,837.0,849.0,860.0,881.0,882.0,893.0,915.0,938.0,949.0,981.0,982.0,
58.0,143.0,169.0,178.0,236.0,237.0,241.0,251.0,268.0,318.0,322.0,337.0,349.0,390.0,446.0,495.0,504.0,600.0,678.0,685.0,752.0,782.0,794.0,794.0,797.0,854.0,863.0,930.0,935.0,970.0,
5.0,6.0,10.0,50.0,56.0,81.0,97.0,108.0,187.0,254.0,273.0,277.0,280.0,299.0,347.0,352.0,401.0,419.0,447.0,467.0,483.0,485.0,501.0,522.0,537.0,552.0,586.0,607.0,631.0,693.0,707.0,713.0,756.0,788.0,825.0,843.0,922.0,954.0,997.0,
10.0,14.0,81.0,104.0,180.0,205.0,211.0,221.0,231.0,245.0,260.0,260.0,269.0,271.0,284.0,284.0,303.0,325.0,354.0,358.0,359.0,376.0,404.0,442.0,473.0,499.0,519.0,536.0,571.0,648.0,660.0,741.0,746.0,764.0,792.0,873.0,884.0,895.0,910.0,917.0,923.0,934.0,940.0,967.0,968.0,991.0,
89.0,90.0,104.0,177.0,315.0,333.0,334.0,340.0,351.0,388.0,393.0,432.0,476.0,539.0,606.0,649.0,682.0,719.0,738.0,763.0,780.0,837.0,849.0,856.0,863.0,896.0,902.0,915.0,984.0,989.0,
19.0,49.0,62.0,84.0,162.0,177.0,189.0,217.0,272.0,278.0,293.0,304.0,326.0,328.0,364.0,371.0,433.0,433.0,456.0,456.0,507.0,514.0,552.0,555.0,564.0,626.0,631.0,631.0,653.0,658.0,670.0,676.0,688.0,691.0,714.0,724.0,744.0,781.0,786.0,798.0,822.0,825.0,832.0,834.0,891.0,941.0,957.0,
8.0,18.0,18.0,20.0,32.0,59.0,86.0,122.0,144.0,167.0,287.0,287.0,313.0,324.0,333.0,349.0,367.0,367.0,371.0,436.0,481.0,565.0,640.0,649.0,678.0,699.0,749.0,755.0,771.0,778.0,800.0,819.0,848.0,866.0,886.0,906.0,939.0,969.0,
6.0,33.0,50.0,75.0,111.0,123.0,125.0,158.0,162.0,178.0,227.0,286.0,324.0,330.0,384.0,384.0,407.0,432.0,503.0,673.0,827.0,834.0,915.0,961.0,988.0,991.0,
47.0,52.0,90.0,118.0,156.0,157.0,172.0,172.0,266.0,276.0,290.0,373.0,425.0,432.0,440.0,457.0,475.0,482.0,
39.0,52.0,54.0,125.0,146.0,147.0,208.0,263.0,291.0,316.0,324.0,361.0,397.0,405.0,429.0,444.0,476.0,679.0,708.0,736.0,764.0,782.0,797.0,809.0,811.0,881.0,935.0,941.0,944.0,
20.0,31.0,109.0,121.0,162.0,211.0,220.0,230.0,263.0,276.0,299.0,306.0,352.0,364.0,364.0,425.0,438.0,440.0,465.0,487.0,516.0,519.0,535.0,627.0,635.0,639.0,651.0,664.0,702.0,702.0,737.0,777.0,796.0,826.0,859.0,906.0,916.0,917.0,937.0,966.0,979.0,
10.0,13.0,25.0,94.0,163.0,165.0,183.0,192.0,226.0,242.0,245.0,290.0,295.0,302.0,320.0,329.0,335.0,363.0,481.0,521.0,530.0,562.0,586.0,598.0,633.0,686.0,711.0,714.0,729.0,741.0,758.0,768.0,787.0,792.0,808.0,823.0,957.0,
25.0,44.0,71.0,84.0,116.0,150.0,216.0,227.0,243.0,257.0,322.0,346.0,355.0,387.0,457.0,556.0,566.0,566.0,605.0,629.0,648.0,726.0,794.0,808.0,818.0,869.0,869.0,881.0,883.0,943.0,994.0,995.0,
42.0,63.0,140.0,158.0,185.0,201.0,252.0,320.0,326.0,372.0,372.0,413.0,414.0,432.0,435.0,494.0,499.0,533.0,537.0,550.0,565.0,597.0,662.0,674.0,677.0,699.0,719.0,737.0,741.0,767.0,795.0,854.0,876.0,887.0,931.0,936.0,939.0,
22.0,38.0,71.0,102.0,130.0,134.0,171.0,176.0,189.0,191.0,208.0,226.0,278.0,307.0,383.0,387.0,409.0,411.0,415.0,428.0,460.0,467.0,500.0,556.0,558.0,560.0,593.0,603.0,620.0,633.0,690.0,696.0,749.0,763.0,789.0,818.0,866.0,908.0,981.0,
6.0,59.0,74.0,83.0,169.0,169.0,179.0,226.0,243.0,263.0,268.0,270.0,304.0,330.0,363.0,437.0,473.0,484.0,522.0,523.0,594.0,712.0,717.0,718.0,722.0,730.0,794.0,856.0,865.0,877.0,884.0,907.0,936.0,945.0,946.0,968.0,
13.0,44.0,156.0,245.0,261.0,305.0,377.0,384.0,398.0,425.0,428.0,460.0,498.0,509.0,511.0,520.0,563.0,655.0,663.0,675.0,704.0,721.0,735.0,750.0,764.0,799.0,853.0,890.0,909.0,913.0,949.0,961.0,992.0,1000.0,
63.0,190.0,198.0,208.0,213.0,216.0,234.0,267.0,281.0,312.0,345.0,381.0,388.0,417.0,426.0,454.0,455.0,497.0,554.0,639.0,643.0,645.0,655.0,673.0,704.0,708.0,717.0,721.0,758.0,772.0,805.0,814.0,901.0,909.0,932.0,951.0,989.0,989.0,989.0,
40.0,57.0,60.0,69.0,71.0,85.0,85.0,96.0,111.0,124.0,144.0,150.0,159.0,212.0,216.0,218.0,222.0,224.0,253.0,282.0,292.0,319.0,331.0,395.0,407.0,409.0,466.0,508.0,517.0,551.0,563.0,587.0,621.0,625.0,637.0,637.0,702.0,710.0,729.0,732.0,763.0,767.0,768.0,769.0,770.0,809.0,813.0,839.0,839.0,912.0,913.0,940.0,976.0,976.0,991.0,994.0,
17.0,66.0,126.0,164.0,171.0,173.0,213.0,232.0,235.0,262.0,265.0,286.0,330.0,350.0,386.0,399.0,403.0,415.0,545.0,553.0,592.0,619.0,626.0,658.0,666.0,674.0,708.0,733.0,765.0,773.0,784.0,791.0,845.0,848.0,850.0,851.0,880.0,895.0,956.0,974.0,
3.0,44.0,58.0,68.0,176.0,187.0,200.0,211.0,218.0,226.0,243.0,282.0,314.0,319.0,349.0,396.0,504.0,599.0,605.0,654.0,701.0,749.0,754.0,796.0,802.0,816.0,856.0,949.0,966.0,974.0,995.0,
54.0,71.0,72.0,96.0,132.0,152.0,156.0,186.0,259.0,299.0,325.0,348.0,349.0,429.0,470.0,547.0,595.0,611.0,622.0,653.0,661.0,726.0,767.0,829.0,862.0,871.0,879.0,885.0,907.0,935.0,960.0,962.0,981.0,998.0,
9.0,17.0,20.0,21.0,78.0,86.0,144.0,161.0,184.0,202.0,203.0,215.0,234.0,318.0,323.0,434.0,456.0,518.0,538.0,575.0,603.0,650.0,669.0,692.0,695.0,720.0,723.0,723.0,744.0,745.0,750.0,753.0,758.0,761.0,772.0,779.0,786.0,801.0,817.0,849.0,858.0,899.0,916.0,923.0,947.0,969.0,976.0,998.0,
33.0,39.0,44.0,56.0,62.0,74.0,78.0,86.0,144.0,147.0,188.0,211.0,227.0,233.0,235.0,239.0,288.0,293.0,300.0,333.0,348.0,351.0,354.0,359.0,370.0,377.0,384.0,400.0,479.0,568.0,582.0,591.0,613.0,619.0,631.0,651.0,694.0,728.0,736.0,766.0,795.0,801.0,828.0,880.0,921.0,949.0,
4.0,21.0,57.0,102.0,105.0,112.0,132.0,145.0,181.0,185.0,200.0,202.0,233.0,238.0,242.0,272.0,293.0,308.0,313.0,355.0,381.0,385.0,398.0,417.0,425.0,440.0,443.0,453.0,466.0,487.0,491.0,516.0,536.0,546.0,599.0,642.0,673.0,683.0,693.0,715.0,762.0,889.0,899.0,951.0,
34.0,43.0,57.0,137.0,153.0,158.0,177.0,185.0,193.0,209.0,263.0,265.0,279.0,352.0,382.0,485.0,490.0,509.0,511.0,514.0,514.0,532.0,543.0,596.0,613.0,642.0,714.0,807.0,815.0,828.0,839.0,847.0,848.0,849.0,859.0,916.0,941.0,959.0,961.0,974.0,974.0,
7.0,163.0,163.0,202.0,210.0,330.0,336.0,431.0,475.0,541.0,582.0,660.0,672.0,686.0,703.0,711.0,731.0,740.0,758.0,860.0,864.0,874.0,878.0,886.0,893.0,951.0,
68.0,74.0,118.0,125.0,143.0,164.0,196.0,205.0,236.0,253.0,278.0,283.0,284.0,295.0,305.0,316.0,339.0,369.0,465.0,500.0,522.0,550.0,568.0,621.0,630.0,685.0,692.0,727.0,749.0,768.0,797.0,803.0,815.0,836.0,883.0,929.0,931.0,955.0,
28.0,29.0,74.0,103.0,104.0,129.0,136.0,150.0,155.0,159.0,194.0,227.0,274.0,282.0,339.0,370.0,427.0,457.0,484.0,495.0,513.0,539.0,579.0,609.0,670.0,715.0,720.0,786.0,825.0,842.0,885.0,887.0,912.0,950.0,952.0,990.0,
32.0,36.0,105.0,179.0,274.0,295.0,296.0,328.0,338.0,365.0,369.0,371.0,404.0,424.0,511.0,557.0,689.0,709.0,730.0,740.0,746.0,774.0,781.0,799.0,817.0,824.0,835.0,836.0,839.0,840.0,857.0,893.0,894.0,910.0,946.0,995.0,
13.0,56.0,57.0,61.0,89.0,101.0,102.0,174.0,182.0,185.0,214.0,235.0,245.0,305.0,313.0,344.0,391.0,419.0,514.0,538.0,546.0,550.0,551.0,556.0,571.0,585.0,590.0,595.0,596.0,597.0,616.0,666.0,666.0,669.0,676.0,721.0,729.0,772.0,808.0,814.0,942.0,944.0,967.0,
10.0,16.0,31.0,66.0,105.0,167.0,179.0,198.0,221.0,236.0,269.0,321.0,325.0,354.0,371.0,380.0,417.0,443.0,458.0,466.0,470.0,471.0,481.0,490.0,507.0,545.0,558.0,590.0,630.0,639.0,645.0,691.0,696.0,722.0,836.0,846.0,868.0,894.0,895.0,951.0,959.0,960.0,965.0,979.0,1000.0,
52.0,93.0,106.0,130.0,182.0,185.0,197.0,211.0,219.0,222.0,277.0,293.0,303.0,318.0,320.0,363.0,364.0,377.0,381.0,403.0,403.0,435.0,462.0,481.0,486.0,507.0,523.0,536.0,539.0,577.0,663.0,723.0,727.0,764.0,768.0,788.0,815.0,816.0,847.0,870.0,881.0,922.0,951.0,
36.0,65.0,105.0,133.0,191.0,204.0,217.0,233.0,236.0,269.0,294.0,339.0,361.0,379.0,412.0,428.0,429.0,458.0,484.0,539.0,543.0,582.0,607.0,634.0,728.0,744.0,839.0,868.0,935.0,
111.0,158.0,192.0,219.0,227.0,324.0,325.0,331.0,410.0,471.0,477.0,485.0,496.0,503.0,567.0,616.0,650.0,654.0,675.0,679.0,689.0,699.0,702.0,761.0,767.0,771.0,773.0,777.0,880.0,957.0,961.0,964.0,998.0,
49.0,50.0,74.0,85.0,99.0,103.0,116.0,132.0,164.0,182.0,263.0,264.0,279.0,297.0,309.0,353.0,405.0,414.0,444.0,465.0,526.0,544.0,569.0,689.0,720.0,756.0,811.0,821.0,830.0,832.0,853.0,862.0,886.0,898.0,911.0,911.0,921.0,962.0,973.0,992.0,997.0,1000.0,
20.0,32.0,48.0,87.0,106.0,138.0,146.0,187.0,195.0,217.0,222.0,248.0,254.0,255.0,266.0,306.0,380.0,475.0,554.0,573.0,582.0,673.0,675.0,696.0,744.0,755.0,785.0,802.0,817.0,875.0,959.0,969.0,
7.0,9.0,9.0,30.0,50.0,81.0,112.0,136.0,144.0,154.0,167.0,170.0,198.0,199.0,203.0,265.0,297.0,306.0,338.0,360.0,362.0,366.0,407.0,424.0,425.0,443.0,468.0,583.0,585.0,588.0,610.0,612.0,647.0,661.0,680.0,690.0,757.0,782.0,807.0,814.0,896.0,916.0,916.0,928.0,950.0,
4.0,9.0,24.0,42.0,77.0,90.0,102.0,110.0,216.0,235.0,250.0,337.0,345.0,391.0,409.0,410.0,438.0,442.0,446.0,457.0,474.0,479.0,555.0,568.0,586.0,629.0,700.0,721.0,726.0,741.0,753.0,787.0,826.0,883.0,950.0,950.0,
29.0,39.0,53.0,62.0,64.0,96.0,116.0,226.0,229.0,239.0,239.0,263.0,283.0,292.0,316.0,321.0,340.0,410.0,438.0,525.0,530.0,565.0,577.0,635.0,644.0,657.0,690.0,695.0,722.0,783.0,787.0,833.0,840.0,895.0,918.0,927.0,932.0,
33.0,39.0,62.0,81.0,93.0,136.0,151.0,158.0,220.0,227.0,241.0,241.0,272.0,276.0,293.0,349.0,355.0,357.0,393.0,395.0,397.0,442.0,447.0,460.0,484.0,519.0,531.0,536.0,550.0,574.0,642.0,674.0,701.0,712.0,809.0,874.0,898.0,931.0,982.0,988.0,996.0,
3.0,12.0,23.0,47.0,107.0,135.0,142.0,151.0,203.0,364.0,415.0,416.0,435.0,436.0,508.0,528.0,539.0,552.0,559.0,587.0,616.0,676.0,707.0,713.0,776.0,783.0,840.0,859.0,891.0,897.0,956.0,
93.0,100.0,158.0,199.0,225.0,231.0,242.0,257.0,265.0,266.0,315.0,315.0,339.0,347.0,383.0,401.0,423.0,429.0,441.0,462.0,488.0,490.0,550.0,551.0,558.0,571.0,598.0,599.0,670.0,715.0,716.0,723.0,734.0,762.0,795.0,840.0,844.0,882.0,913.0,941.0,969.0,975.0,981.0,
