10.0,51.0,55.0,56.0,60.0,121.0,172.0,191.0,192.0,243.0,303.0,308.0,318.0,335.0,360.0,445.0,445.0,456.0,523.0,618.0,625.0,636.0,711.0,714.0,717.0,820.0,882.0,905.0,930.0,941.0,977.0,984.0,995.0,
5.0,20.0,47.0,53.0,72.0,105.0,121.0,143.0,154.0,178.0,203.0,222.0,256.0,283.0,306.0,307.0,336.0,359.0,372.0,386.0,424.0,425.0,432.0,490.0,495.0,503.0,516.0,531.0,533.0,539.0,544.0,545.0,576.0,592.0,601.0,697.0,713.0,740.0,774.0,793.0,862.0,873.0,884.0,907.0,915.0,941.0,974.0,992.0,
39.0,89.0,95.0,97.0,116.0,169.0,192.0,216.0,229.0,252.0,256.0,332.0,391.0,428.0,513.0,563.0,582.0,621.0,627.0,650.0,746.0,764.0,768.0,789.0,841.0,874.0,881.0,930.0,985.0,
29.0,47.0,123.0,133.0,145.0,165.0,167.0,181.0,187.0,199.0,234.0,251.0,386.0,392.0,492.0,521.0,524.0,537.0,538.0,539.0,551.0,594.0,695.0,736.0,757.0,757.0,912.0,
9.0,31.0,47.0,49.0,66.0,80.0,95.0,163.0,171.0,215.0,246.0,264.0,273.0,274.0,278.0,317.0,318.0,352.0,379.0,384.0,419.0,438.0,483.0,525.0,537.0,543.0,603.0,636.0,649.0,651.0,654.0,674.0,693.0,724.0,769.0,775.0,780.0,788.0,796.0,851.0,855.0,889.0,902.0,910.0,920.0,973.0,
8.0,127.0,134.0,163.0,164.0,173.0,194.0,244.0,251.0,281.0,362.0,425.0,428.0,455.0,473.0,497.0,510.0,517.0,530.0,552.0,610.0,682.0,711.0,732.0,781.0,809.0,874.0,884.0,913.0,928.0,933.0,937.0,
25.0,109.0,115.0,122.0,140.0,140.0,149.0,151.0,173.0,235.0,316.0,318.0,319.0,333.0,384.0,396.0,399.0,428.0,456.0,508.0,509.0,531.0,557.0,586.0,590.0,597.0,639.0,642.0,672.0,687.0,701.0,708.0,747.0,750.0,762.0,781.0,806.0,830.0,840.0,854.0,889.0,923.0,931.0,945.0,972.0,980.0,
28.0,31.0,56.0,58.0,81.0,190.0,203.0,363.0,409.0,463.0,471.0,481.0,481.0,492.0,569.0,611.0,621.0,629.0,678.0,717.0,727.0,733.0,749.0,752.0,793.0,807.0,809.0,815.0,815.0,847.0,866.0,869.0,870.0,880.0,905.0,966.0,
9.0,15.0,36.0,43.0,68.0,79.0,110.0,111.0,118.0,177.0,207.0,257.0,278.0,320.0,321.0,414.0,461.0,495.0,497.0,519.0,542.0,563.0,620.0,648.0,669.0,756.0,757.0,762.0,762.0,768.0,846.0,888.0,899.0,923.0,979.0,
41.0,101.0,141.0,143.0,157.0,175.0,177.0,259.0,357.0,365.0,374.0,403.0,422.0,430.0,457.0,458.0,462.0,466.0,515.0,522.0,527.0,579.0,622.0,682.0,746.0,791.0,799.0,860.0,867.0,881.0,899.0,901.0,963.0,983.0,999.0,
17.0,35.0,39.0,44.0,48.0,66.0,89.0,96.0,156.0,172.0,219.0,284.0,337.0,356.0,410.0,436.0,469.0,480.0,526.0,531.0,546.0,698.0,705.0,712.0,719.0,738.0,808.0,808.0,809.0,822.0,846.0,848.0,872.0,882.0,973.0,984.0,
22.0,23.0,91.0,104.0,111.0,177.0,186.0,194.0,201.0,223.0,251.0,253.0,257.0,290.0,346.0,395.0,406.0,499.0,546.0,551.0,572.0,577.0,596.0,666.0,671.0,675.0,682.0,706.0,714.0,728.0,755.0,762.0,793.0,817.0,818.0,829.0,878.0,941.0,941.0,977.0,998.0,
2.0,15.0,24.0,54.0,75.0,87.0,102.0,154.0,204.0,213.0,270.0,289.0,338.0,373.0,424.0,463.0,474.0,519.0,523.0,550.0,554.0,567.0,568.0,581.0,633.0,714.0,727.0,732.0,795.0,819.0,835.0,857.0,873.0,881.0,885.0,898.0,920.0,922.0,922.0,929.0,933.0,936.0,941.0,997.0,
4.0,44.0,72.0,105.0,124.0,138.0,162.0,162.0,196.0,223.0,255.0,261.0,278.0,314.0,354.0,372.0,409.0,427.0,432.0,448.0,457.0,464.0,504.0,524.0,605.0,678.0,745.0,763.0,787.0,795.0,798.0,891.0,904.0,943.0,954.0,957.0,973.0,976.0,
31.0,33.0,65.0,74.0,76.0,105.0,141.0,156.0,170.0,178.0,193.0,209.0,221.0,245.0,265.0,289.0,358.0,378.0,396.0,408.0,426.0,430.0,433.0,479.0,528.0,542.0,548.0,559.0,580.0,648.0,685.0,711.0,727.0,776.0,777.0,817.0,825.0,840.0,894.0,
48.0,59.0,67.0,155.0,229.0,262.0,291.0,319.0,346.0,376.0,430.0,431.0,440.0,446.0,450.0,592.0,603.0,696.0,761.0,768.0,788.0,816.0,825.0,838.0,907.0,
35.0,43.0,61.0,99.0,117.0,200.0,211.0,228.0,268.0,288.0,320.0,321.0,387.0,415.0,431.0,436.0,441.0,487.0,502.0,503.0,513.0,531.0,538.0,553.0,555.0,574.0,593.0,628.0,669.0,679.0,716.0,739.0,797.0,797.0,800.0,830.0,833.0,833.0,910.0,948.0,961.0,963.0,
47.0,65.0,80.0,99.0,124.0,127.0,161.0,206.0,251.0,272.0,281.0,309.0,338.0,386.0,416.0,432.0,438.0,488.0,530.0,623.0,626.0,629.0,633.0,689.0,697.0,777.0,789.0,793.0,828.0,877.0,893.0,909.0,916.0,935.0,974.0,
32.0,46.0,56.0,74.0,86.0,123.0,246.0,279.0,321.0,329.0,347.0,397.0,424.0,522.0,570.0,578.0,642.0,664.0,683.0,718.0,772.0,879.0,897.0,929.0,934.0,995.0,
16.0,51.0,51.0,53.0,75.0,91.0,131.0,141.0,152.0,224.0,230.0,237.0,274.0,303.0,310.0,318.0,374.0,419.0,457.0,471.0,551.0,604.0,612.0,631.0,633.0,659.0,666.0,675.0,699.0,702.0,859.0,885.0,891.0,893.0,940.0,970.0,971.0,977.0,
10.0,12.0,28.0,53.0,131.0,185.0,222.0,336.0,353.0,425.0,453.0,499.0,505.0,547.0,582.0,593.0,594.0,609.0,619.0,621.0,658.0,710.0,809.0,829.0,835.0,870.0,875.0,900.0,989.0,
43.0,53.0,91.0,97.0,110.0,123.0,151.0,167.0,197.0,202.0,298.0,321.0,334.0,369.0,373.0,394.0,399.0,404.0,449.0,501.0,504.0,533.0,536.0,552.0,561.0,620.0,628.0,646.0,678.0,717.0,748.0,783.0,801.0,837.0,837.0,842.0,878.0,904.0,962.0,962.0,962.0,981.0,986.0,
32.0,151.0,169.0,180.0,183.0,190.0,226.0,247.0,300.0,491.0,498.0,515.0,553.0,567.0,575.0,577.0,584.0,589.0,589.0,614.0,673.0,681.0,693.0,697.0,719.0,723.0,728.0,737.0,758.0,805.0,869.0,906.0,935.0,956.0,967.0,987.0,
20.0,60.0,102.0,136.0,171.0,180.0,216.0,272.0,296.0,338.0,343.0,348.0,378.0,394.0,444.0,460.0,489.0,496.0,531.0,552.0,580.0,617.0,632.0,678.0,705.0,717.0,728.0,757.0,789.0,822.0,825.0,853.0,861.0,906.0,907.0,932.0,949.0,965.0,977.0,997.0,1000.0,
37.0,43.0,45.0,80.0,108.0,128.0,139.0,152.0,253.0,304.0,304.0,330.0,345.0,365.0,367.0,378.0,432.0,437.0,506.0,568.0,570.0,596.0,628.0,638.0,643.0,648.0,674.0,715.0,723.0,727.0,770.0,771.0,774.0,891.0,947.0,
9.0,23.0,46.0,50.0,69.0,150.0,221.0,238.0,250.0,258.0,291.0,322.0,403.0,434.0,454.0,476.0,490.0,491.0,507.0,549.0,559.0,562.0,669.0,671.0,702.0,702.0,736.0,740.0,766.0,780.0,817.0,830.0,866.0,876.0,902.0,905.0,906.0,909.0,927.0,930.0,970.0,
67.0,124.0,132.0,156.0,180.0,220.0,259.0,284.0,312.0,334.0,336.0,384.0,415.0,416.0,418.0,426.0,436.0,456.0,521.0,556.0,557.0,564.0,596.0,601.0,661.0,721.0,745.0,813.0,827.0,876.0,940.0,976.0,999.0,
6.0,24.0,58.0,78.0,126.0,197.0,207.0,250.0,278.0,319.0,322.0,331.0,369.0,379.0,387.0,400.0,420.0,421.0,463.0,486.0,517.0,556.0,604.0,619.0,652.0,681.0,725.0,726.0,762.0,772.0,776.0,784.0,827.0,881.0,898.0,915.0,930.0,990.0,
7.0,16.0,59.0,77.0,135.0,154.0,155.0,178.0,235.0,253.0,292.0,304.0,305.0,316.0,322.0,333.0,342.0,342.0,361.0,398.0,415.0,430.0,430.0,450.0,453.0,457.0,534.0,554.0,558.0,583.0,596.0,610.0,622.0,628.0,629.0,689.0,708.0,737.0,816.0,835.0,963.0,983.0,983.0,
21.0,27.0,29.0,36.0,74.0,80.0,108.0,117.0,146.0,158.0,197.0,202.0,329.0,388.0,393.0,444.0,453.0,520.0,551.0,559.0,563.0,627.0,647.0,649.0,690.0,703.0,704.0,715.0,740.0,744.0,761.0,798.0,872.0,877.0,891.0,899.0,934.0,944.0,990.0,
4.0,35.0,42.0,43.0,70.0,93.0,157.0,217.0,222.0,249.0,263.0,263.0,263.0,269.0,286.0,306.0,313.0,320.0,324.0,328.0,338.0,438.0,443.0,563.0,654.0,710.0,716.0,724.0,728.0,739.0,740.0,825.0,857.0,894.0,920.0,959.0,978.0,
16.0,30.0,44.0,63.0,67.0,87.0,90.0,121.0,144.0,145.0,170.0,186.0,189.0,233.0,233.0,241.0,244.0,257.0,321.0,326.0,354.0,448.0,521.0,527.0,545.0,550.0,566.0,584.0,601.0,601.0,654.0,664.0,677.0,696.0,759.0,765.0,831.0,835.0,845.0,849.0,869.0,872.0,877.0,945.0,966.0,
2.0,4.0,51.0,149.0,159.0,176.0,190.0,194.0,217.0,220.0,271.0,358.0,375.0,473.0,475.0,520.0,555.0,570.0,582.0,586.0,591.0,626.0,652.0,695.0,712.0,756.0,777.0,802.0,812.0,835.0,849.0,853.0,884.0,945.0,950.0,965.0,989.0,
2.0,9.0,10.0,47.0,68.0,92.0,190.0,214.0,242.0,258.0,268.0,270.0,278.0,279.0,365.0,400.0,441.0,478.0,499.0,542.0,547.0,552.0,560.0,561.0,572.0,581.0,589.0,605.0,659.0,670.0,705.0,719.0,758.0,823.0,836.0,870.0,918.0,926.0,990.0,991.0,994.0,
61.0,74.0,128.0,131.0,144.0,152.0,274.0,280.0,360.0,385.0,386.0,393.0,405.0,467.0,498.0,622.0,641.0,699.0,716.0,717.0,724.0,736.0,748.0,780.0,781.0,819.0,826.0,845.0,855.0,919.0,932.0,949.0,953.0,984.0,989.0,
52.0,62.0,65.0,101.0,155.0,220.0,229.0,246.0,295.0,305.0,398.0,406.0,411.0,465.0,468.0,570.0,605.0,662.0,736.0,802.0,810.0,821.0,825.0,847.0,848.0,848.0,856.0,873.0,899.0,899.0,908.0,931.0,973.0,
6.0,9.0,44.0,68.0,71.0,81.0,91.0,92.0,92.0,112.0,180.0,188.0,192.0,204.0,240.0,251.0,314.0,316.0,398.0,416.0,484.0,486.0,542.0,544.0,554.0,559.0,593.0,650.0,673.0,692.0,693.0,703.0,711.0,722.0,723.0,724.0,739.0,741.0,771.0,824.0,840.0,871.0,881.0,896.0,919.0,937.0,953.0,
4.0,15.0,21.0,21.0,58.0,115.0,122.0,132.0,151.0,210.0,260.0,314.0,319.0,341.0,353.0,391.0,405.0,412.0,415.0,416.0,427.0,431.0,442.0,449.0,470.0,486.0,551.0,568.0,593.0,627.0,630.0,644.0,686.0,694.0,724.0,750.0,760.0,768.0,784.0,785.0,792.0,807.0,811.0,822.0,828.0,831.0,883.0,895.0,901.0,
21.0,86.0,90.0,98.0,113.0,119.0,121.0,129.0,134.0,162.0,188.0,200.0,278.0,343.0,347.0,373.0,441.0,485.0,498.0,524.0,527.0,592.0,626.0,657.0,689.0,711.0,767.0,778.0,779.0,779.0,853.0,869.0,889.0,912.0,920.0,943.0,982.0,986.0,
12.0,58.0,67.0,117.0,117.0,121.0,121.0,140.0,155.0,155.0,172.0,191.0,232.0,243.0,244.0,298.0,347.0,383.0,445.0,469.0,506.0,513.0,547.0,576.0,597.0,642.0,656.0,675.0,697.0,723.0,739.0,775.0,778.0,825.0,842.0,883.0,965.0,976.0,986.0,
6.0,14.0,28.0,40.0,59.0,90.0,107.0,130.0,132.0,146.0,156.0,180.0,199.0,212.0,230.0,235.0,256.0,267.0,274.0,323.0,337.0,337.0,342.0,351.0,355.0,411.0,418.0,424.0,499.0,592.0,604.0,722.0,724.0,737.0,760.0,802.0,847.0,851.0,867.0,960.0,970.0,987.0,997.0,
85.0,132.0,164.0,170.0,175.0,234.0,276.0,284.0,375.0,410.0,436.0,441.0,452.0,466.0,523.0,574.0,575.0,578.0,608.0,661.0,669.0,710.0,734.0,746.0,792.0,793.0,830.0,878.0,990.0,
21.0,66.0,105.0,121.0,157.0,180.0,189.0,213.0,298.0,322.0,348.0,355.0,369.0,444.0,477.0,499.0,513.0,536.0,563.0,568.0,572.0,586.0,611.0,653.0,655.0,747.0,793.0,799.0,813.0,834.0,847.0,864.0,871.0,944.0,970.0,985.0,990.0,
69.0,78.0,112.0,148.0,157.0,167.0,205.0,270.0,276.0,282.0,347.0,354.0,354.0,378.0,380.0,429.0,450.0,469.0,479.0,491.0,501.0,595.0,604.0,616.0,659.0,718.0,721.0,722.0,729.0,745.0,747.0,804.0,814.0,836.0,902.0,955.0,981.0,
13.0,47.0,53.0,105.0,157.0,223.0,363.0,370.0,373.0,375.0,414.0,462.0,489.0,489.0,714.0,917.0,
14.0,36.0,89.0,137.0,216.0,282.0,300.0,323.0,410.0,413.0,432.0,488.0,490.0,490.0,493.0,493.0,493.0,493.0,
56.0,77.0,88.0,126.0,195.0,207.0,273.0,329.0,334.0,346.0,370.0,413.0,486.0,715.0,764.0,794.0,923.0,973.0,
5.0,19.0,54.0,80.0,159.0,170.0,179.0,212.0,231.0,253.0,263.0,286.0,363.0,366.0,384.0,411.0,432.0,495.0,507.0,509.0,510.0,535.0,567.0,569.0,572.0,612.0,617.0,681.0,712.0,722.0,802.0,836.0,841.0,848.0,855.0,856.0,856.0,895.0,896.0,899.0,946.0,961.0,
14.0,19.0,27.0,105.0,111.0,135.0,158.0,182.0,199.0,210.0,348.0,421.0,430.0,441.0,441.0,447.0,504.0,524.0,539.0,571.0,576.0,594.0,622.0,622.0,624.0,626.0,686.0,740.0,741.0,751.0,781.0,820.0,845.0,859.0,869.0,909.0,927.0,954.0,
73.0,77.0,100.0,119.0,125.0,130.0,133.0,165.0,169.0,177.0,181.0,233.0,296.0,319.0,323.0,338.0,381.0,414.0,416.0,455.0,497.0,582.0,604.0,633.0,725.0,730.0,747.0,774.0,806.0,890.0,897.0,913.0,933.0,
6.0,70.0,95.0,98.0,303.0,335.0,363.0,370.0,418.0,423.0,445.0,494.0,581.0,615.0,616.0,625.0,654.0,679.0,700.0,726.0,751.0,760.0,796.0,805.0,830.0,875.0,887.0,942.0,976.0,981.0,
47.0,57.0,77.0,88.0,117.0,122.0,150.0,153.0,165.0,270.0,310.0,312.0,329.0,348.0,351.0,423.0,453.0,475.0,479.0,562.0,567.0,641.0,664.0,667.0,673.0,687.0,692.0,751.0,768.0,774.0,805.0,832.0,837.0,842.0,878.0,936.0,964.0,
43.0,47.0,49.0,52.0,105.0,114.0,115.0,210.0,219.0,248.0,252.0,258.0,260.0,270.0,362.0,369.0,414.0,434.0,466.0,489.0,494.0,521.0,552.0,607.0,650.0,679.0,741.0,754.0,755.0,760.0,768.0,841.0,873.0,877.0,892.0,905.0,918.0,948.0,955.0,970.0,
21.0,40.0,84.0,99.0,179.0,179.0,213.0,226.0,254.0,263.0,265.0,287.0,301.0,360.0,363.0,379.0,411.0,414.0,430.0,438.0,489.0,510.0,588.0,611.0,632.0,679.0,689.0,694.0,725.0,736.0,770.0,793.0,902.0,929.0,957.0,968.0,978.0,
15.0,26.0,43.0,92.0,99.0,115.0,129.0,136.0,161.0,170.0,189.0,193.0,198.0,289.0,297.0,321.0,371.0,372.0,375.0,394.0,445.0,485.0,490.0,
37.0,49.0,65.0,204.0,222.0,235.0,279.0,292.0,343.0,377.0,395.0,400.0,426.0,504.0,
46.0,82.0,87.0,89.0,117.0,121.0,149.0,244.0,264.0,276.0,282.0,364.0,442.0,454.0,
92.0,96.0,98.0,119.0,163.0,203.0,265.0,284.0,343.0,347.0,377.0,469.0,483.0,486.0,515.0,521.0,535.0,563.0,612.0,612.0,656.0,669.0,679.0,685.0,728.0,743.0,810.0,823.0,832.0,851.0,916.0,976.0,
110.0,129.0,247.0,305.0,348.0,356.0,366.0,379.0,542.0,543.0,549.0,580.0,598.0,674.0,690.0,714.0,714.0,744.0,757.0,816.0,820.0,838.0,879.0,879.0,895.0,912.0,940.0,944.0,962.0,989.0,
29.0,42.0,50.0,56.0,84.0,89.0,92.0,97.0,106.0,187.0,253.0,296.0,316.0,362.0,366.0,376.0,395.0,417.0,418.0,419.0,432.0,439.0,455.0,658.0,676.0,780.0,789.0,799.0,836.0,
58.0,137.0,200.0,227.0,241.0,250.0,280.0,303.0,332.0,348.0,376.0,379.0,439.0,443.0,454.0,480.0,507.0,546.0,573.0,611.0,635.0,676.0,692.0,725.0,778.0,803.0,824.0,876.0,885.0,902.0,936.0,977.0,
41.0,65.0,81.0,104.0,106.0,125.0,133.0,138.0,141.0,163.0,172.0,180.0,238.0,251.0,279.0,295.0,348.0,353.0,400.0,428.0,507.0,514.0,559.0,571.0,611.0,621.0,717.0,789.0,817.0,843.0,889.0,889.0,893.0,934.0,963.0,975.0,996.0,
60.0,71.0,126.0,146.0,154.0,178.0,233.0,247.0,275.0,338.0,343.0,350.0,418.0,441.0,484.0,535.0,592.0,629.0,643.0,652.0,666.0,698.0,710.0,749.0,760.0,769.0,804.0,848.0,863.0,902.0,958.0,979.0,993.0,
26.0,33.0,41.0,67.0,68.0,76.0,82.0,143.0,183.0,194.0,195.0,218.0,230.0,320.0,343.0,369.0,398.0,400.0,406.0,435.0,450.0,476.0,516.0,610.0,611.0,642.0,697.0,702.0,706.0,706.0,709.0,715.0,751.0,777.0,783.0,793.0,815.0,837.0,877.0,925.0,964.0,
16.0,54.0,57.0,58.0,95.0,154.0,203.0,205.0,243.0,263.0,298.0,336.0,353.0,368.0,384.0,384.0,424.0,502.0,510.0,653.0,801.0,808.0,869.0,883.0,979.0,980.0,983.0,
2.0,20.0,42.0,138.0,145.0,175.0,180.0,220.0,267.0,314.0,397.0,443.0,474.0,476.0,501.0,505.0,
12.0,58.0,71.0,109.0,176.0,191.0,207.0,289.0,318.0,346.0,354.0,406.0,435.0,462.0,500.0,506.0,646.0,720.0,921.0,932.0,940.0,
5.0,14.0,19.0,64.0,67.0,96.0,125.0,161.0,285.0,300.0,303.0,312.0,363.0,381.0,469.0,474.0,513.0,556.0,589.0,604.0,659.0,662.0,673.0,696.0,698.0,701.0,745.0,819.0,847.0,855.0,903.0,911.0,913.0,952.0,957.0,
34.0,47.0,49.0,167.0,179.0,184.0,216.0,232.0,239.0,249.0,308.0,354.0,356.0,369.0,484.0,558.0,559.0,563.0,619.0,623.0,628.0,643.0,644.0,730.0,736.0,747.0,768.0,781.0,792.0,808.0,815.0,820.0,824.0,875.0,897.0,913.0,933.0,943.0,955.0,963.0,975.0,977.0,
15.0,29.0,123.0,149.0,192.0,202.0,222.0,249.0,270.0,275.0,314.0,316.0,320.0,374.0,386.0,397.0,422.0,452.0,477.0,503.0,504.0,517.0,546.0,561.0,575.0,581.0,607.0,617.0,661.0,673.0,710.0,801.0,816.0,864.0,888.0,909.0,915.0,938.0,951.0,975.0,
6.0,26.0,27.0,59.0,150.0,253.0,255.0,260.0,279.0,343.0,402.0,472.0,533.0,537.0,589.0,623.0,649.0,650.0,670.0,681.0,694.0,771.0,784.0,793.0,810.0,879.0,932.0,950.0,969.0,975.0,
23.0,47.0,81.0,82.0,116.0,213.0,226.0,240.0,278.0,291.0,364.0,371.0,373.0,401.0,419.0,436.0,444.0,459.0,466.0,494.0,508.0,555.0,585.0,594.0,595.0,629.0,630.0,651.0,664.0,695.0,793.0,796.0,805.0,911.0,913.0,915.0,972.0,981.0,
25.0,28.0,72.0,79.0,85.0,156.0,188.0,220.0,254.0,268.0,306.0,311.0,323.0,360.0,362.0,384.0,433.0,469.0,550.0,569.0,622.0,665.0,712.0,732.0,765.0,789.0,806.0,814.0,832.0,832.0,940.0,1000.0,
13.0,105.0,122.0,130.0,148.0,225.0,226.0,231.0,239.0,249.0,259.0,262.0,279.0,294.0,415.0,423.0,479.0,502.0,529.0,586.0,614.0,614.0,624.0,658.0,660.0,669.0,671.0,671.0,678.0,705.0,751.0,786.0,802.0,847.0,850.0,873.0,934.0,949.0,956.0,971.0,
48.0,73.0,85.0,124.0,201.0,211.0,232.0,270.0,341.0,360.0,366.0,392.0,418.0,419.0,420.0,521.0,647.0,665.0,684.0,699.0,704.0,754.0,766.0,790.0,817.0,834.0,847.0,868.0,869.0,872.0,935.0,936.0,944.0,960.0,961.0,999.0,
14.0,34.0,111.0,193.0,208.0,209.0,227.0,230.0,259.0,405.0,429.0,458.0,481.0,503.0,510.0,546.0,564.0,571.0,581.0,585.0,588.0,615.0,618.0,660.0,683.0,692.0,698.0,768.0,780.0,791.0,837.0,846.0,867.0,893.0,924.0,926.0,954.0,981.0,998.0,
89.0,90.0,106.0,129.0,136.0,138.0,159.0,159.0,167.0,200.0,234.0,250.0,265.0,294.0,335.0,385.0,386.0,400.0,421.0,477.0,480.0,528.0,552.0,559.0,567.0,689.0,701.0,702.0,724.0,725.0,812.0,886.0,929.0,942.0,960.0,979.0,
27.0,34.0,42.0,52.0,55.0,104.0,118.0,120.0,148.0,200.0,207.0,245.0,252.0,355.0,403.0,423.0,424.0,430.0,441.0,444.0,455.0,455.0,484.0,519.0,552.0,555.0,705.0,724.0,756.0,760.0,804.0,812.0,829.0,843.0,844.0,849.0,865.0,867.0,883.0,922.0,941.0,989.0,1000.0,
72.0,113.0,159.0,164.0,168.0,195.0,196.0,204.0,224.0,248.0,281.0,294.0,324.0,421.0,466.0,580.0,639.0,661.0,699.0,713.0,714.0,715.0,736.0,759.0,764.0,849.0,866.0,918.0,943.0,
3.0,7.0,32.0,83.0,152.0,163.0,184.0,188.0,214.0,232.0,298.0,385.0,399.0,423.0,438.0,444.0,446.0,448.0,489.0,591.0,663.0,689.0,711.0,723.0,724.0,731.0,741.0,742.0,777.0,782.0,809.0,888.0,889.0,930.0,
8.0,73.0,101.0,111.0,111.0,112.0,125.0,138.0,145.0,200.0,217.0,272.0,275.0,325.0,336.0,342.0,371.0,383.0,385.0,425.0,443.0,465.0,499.0,517.0,524.0,527.0,536.0,547.0,551.0,561.0,569.0,599.0,613.0,613.0,644.0,649.0,674.0,701.0,783.0,804.0,821.0,834.0,897.0,937.0,992.0,
14.0,54.0,115.0,123.0,144.0,156.0,166.0,182.0,183.0,257.0,260.0,301.0,330.0,366.0,373.0,408.0,412.0,441.0,441.0,505.0,534.0,615.0,651.0,678.0,709.0,711.0,838.0,850.0,892.0,903.0,963.0,
13.0,19.0,30.0,34.0,38.0,131.0,169.0,187.0,248.0,332.0,346.0,350.0,374.0,385.0,386.0,388.0,400.0,487.0,494.0,549.0,562.0,610.0,618.0,631.0,721.0,789.0,794.0,804.0,922.0,931.0,936.0,942.0,944.0,
8.0,10.0,51.0,78.0,80.0,109.0,133.0,139.0,149.0,152.0,153.0,256.0,270.0,311.0,315.0,364.0,394.0,407.0,425.0,448.0,489.0,490.0,504.0,517.0,533.0,595.0,666.0,681.0,744.0,744.0,802.0,804.0,862.0,872.0,879.0,929.0,
11.0,27.0,82.0,89.0,108.0,182.0,196.0,312.0,355.0,406.0,451.0,478.0,485.0,498.0,534.0,573.0,605.0,631.0,637.0,700.0,717.0,721.0,726.0,728.0,729.0,736.0,746.0,771.0,851.0,865.0,876.0,877.0,880.0,908.0,923.0,941.0,964.0,968.0,
10.0,18.0,27.0,71.0,74.0,77.0,121.0,135.0,194.0,249.0,251.0,282.0,319.0,327.0,340.0,341.0,371.0,379.0,398.0,400.0,402.0,418.0,427.0,460.0,480.0,483.0,527.0,551.0,554.0,555.0,576.0,580.0,604.0,622.0,631.0,725.0,827.0,841.0,878.0,883.0,897.0,897.0,920.0,940.0,944.0,947.0,958.0,981.0,993.0,
86.0,98.0,119.0,131.0,131.0,184.0,188.0,196.0,201.0,226.0,237.0,239.0,244.0,258.0,268.0,283.0,294.0,408.0,448.0,464.0,466.0,478.0,483.0,552.0,590.0,621.0,626.0,640.0,643.0,650.0,657.0,666.0,689.0,691.0,706.0,715.0,733.0,739.0,751.0,783.0,824.0,849.0,850.0,869.0,870.0,894.0,895.0,922.0,930.0,934.0,953.0,962.0,984.0,996.0,
6.0,20.0,45.0,48.0,60.0,80.0,106.0,113.0,167.0,219.0,225.0,281.0,332.0,343.0,371.0,388.0,395.0,451.0,549.0,592.0,650.0,672.0,732.0,752.0,753.0,775.0,786.0,811.0,836.0,840.0,878.0,901.0,918.0,931.0,943.0,959.0,988.0,1000.0,
36.0,39.0,56.0,65.0,66.0,79.0,82.0,87.0,128.0,159.0,225.0,259.0,264.0,281.0,315.0,352.0,383.0,392.0,393.0,428.0,436.0,455.0,467.0,467.0,547.0,608.0,612.0,614.0,630.0,708.0,727.0,733.0,793.0,805.0,829.0,832.0,841.0,871.0,928.0,933.0,969.0,987.0,
32.0,74.0,79.0,97.0,159.0,200.0,228.0,242.0,289.0,294.0,316.0,327.0,360.0,361.0,369.0,428.0,459.0,520.0,570.0,575.0,599.0,613.0,712.0,764.0,767.0,768.0,769.0,773.0,789.0,797.0,798.0,853.0,866.0,
10.0,24.0,87.0,144.0,150.0,156.0,160.0,197.0,232.0,268.0,283.0,348.0,353.0,361.0,421.0,469.0,505.0,508.0,546.0,650.0,652.0,656.0,691.0,735.0,778.0,804.0,821.0,837.0,838.0,860.0,914.0,926.0,953.0,
11.0,46.0,67.0,69.0,100.0,128.0,156.0,160.0,201.0,226.0,239.0,262.0,275.0,298.0,303.0,330.0,331.0,420.0,477.0,479.0,491.0,517.0,523.0,533.0,550.0,578.0,581.0,582.0,585.0,605.0,612.0,643.0,684.0,715.0,749.0,763.0,779.0,807.0,810.0,814.0,821.0,898.0,899.0,930.0,951.0,952.0,973.0,1000.0,
57.0,124.0,145.0,186.0,330.0,346.0,420.0,432.0,488.0,519.0,532.0,539.0,565.0,568.0,610.0,616.0,648.0,683.0,725.0,728.0,775.0,844.0,891.0,893.0,936.0,943.0,969.0,971.0,
65.0,93.0,124.0,146.0,147.0,189.0,194.0,232.0,237.0,296.0,299.0,377.0,418.0,420.0,530.0,548.0,595.0,605.0,610.0,654.0,658.0,691.0,752.0,753.0,798.0,810.0,833.0,867.0,901.0,904.0,934.0,945.0,
23.0,43.0,99.0,178.0,209.0,220.0,225.0,235.0,259.0,307.0,320.0,335.0,348.0,355.0,397.0,527.0,537.0,557.0,664.0,679.0,744.0,774.0,776.0,893.0,937.0,953.0,973.0,978.0,
2.0,5.0,43.0,75.0,138.0,147.0,151.0,177.0,185.0,192.0,233.0,247.0,260.0,265.0,290.0,291.0,300.0,305.0,384.0,424.0,460.0,460.0,481.0,551.0,564.0,567.0,595.0,608.0,614.0,624.0,639.0,672.0,673.0,675.0,676.0,708.0,731.0,785.0,791.0,795.0,889.0,891.0,899.0,901.0,913.0,929.0,931.0,934.0,996.0,
2.0,42.0,82.0,97.0,99.0,104.0,142.0,151.0,175.0,293.0,329.0,346.0,363.0,399.0,427.0,459.0,477.0,516.0,602.0,605.0,643.0,651.0,666.0,677.0,694.0,707.0,724.0,741.0,752.0,806.0,835.0,862.0,909.0,983.0,
38.0,77.0,81.0,175.0,191.0,250.0,270.0,304.0,313.0,362.0,444.0,459.0,547.0,566.0,613.0,648.0,657.0,678.0,698.0,703.0,726.0,750.0,771.0,816.0,842.0,849.0,852.0,860.0,870.0,931.0,943.0,960.0,
6.0,34.0,47.0,68.0,96.0,121.0,127.0,169.0,237.0,247.0,248.0,262.0,267.0,302.0,304.0,363.0,403.0,416.0,471.0,478.0,484.0,567.0,584.0,642.0,712.0,729.0,766.0,783.0,849.0,901.0,904.0,928.0,937.0,938.0,960.0,968.0,
3.0,19.0,26.0,35.0,106.0,153.0,155.0,192.0,218.0,233.0,258.0,306.0,320.0,362.0,366.0,419.0,488.0,494.0,503.0,523.0,542.0,553.0,555.0,558.0,628.0,768.0,777.0,778.0,826.0,841.0,845.0,952.0,954.0,986.0,
