12.0,49.0,50.0,66.0,69.0,78.0,146.0,161.0,210.0,262.0,284.0,324.0,341.0,378.0,392.0,410.0,427.0,444.0,457.0,484.0,488.0,536.0,545.0,577.0,638.0,639.0,686.0,686.0,736.0,757.0,786.0,865.0,921.0,924.0,962.0,981.0,
19.0,53.0,92.0,94.0,96.0,106.0,136.0,147.0,189.0,199.0,245.0,266.0,297.0,302.0,338.0,338.0,396.0,417.0,451.0,514.0,602.0,609.0,611.0,613.0,647.0,660.0,690.0,698.0,744.0,760.0,790.0,816.0,835.0,910.0,965.0,991.0,
32.0,51.0,141.0,213.0,239.0,251.0,286.0,293.0,302.0,339.0,425.0,451.0,451.0,456.0,465.0,484.0,487.0,516.0,522.0,523.0,563.0,595.0,611.0,613.0,683.0,776.0,791.0,809.0,810.0,826.0,836.0,864.0,904.0,921.0,999.0,
59.0,69.0,104.0,156.0,158.0,161.0,203.0,216.0,221.0,230.0,252.0,294.0,363.0,377.0,397.0,412.0,433.0,488.0,527.0,546.0,555.0,641.0,656.0,666.0,674.0,725.0,763.0,790.0,823.0,834.0,862.0,874.0,925.0,
87.0,88.0,88.0,108.0,122.0,186.0,192.0,239.0,253.0,264.0,271.0,293.0,332.0,416.0,417.0,451.0,512.0,549.0,561.0,567.0,570.0,655.0,720.0,729.0,735.0,770.0,791.0,795.0,796.0,851.0,856.0,870.0,929.0,936.0,941.0,
41.0,75.0,102.0,117.0,170.0,231.0,283.0,295.0,297.0,356.0,367.0,387.0,455.0,463.0,476.0,476.0,482.0,520.0,536.0,569.0,623.0,660.0,681.0,732.0,736.0,752.0,794.0,803.0,826.0,841.0,872.0,964.0,965.0,971.0,
37.0,175.0,180.0,205.0,264.0,286.0,300.0,308.0,324.0,346.0,406.0,417.0,444.0,448.0,473.0,477.0,494.0,554.0,561.0,583.0,625.0,694.0,698.0,713.0,732.0,742.0,779.0,779.0,865.0,875.0,881.0,925.0,955.0,
16.0,32.0,60.0,104.0,110.0,114.0,167.0,197.0,227.0,286.0,296.0,306.0,327.0,417.0,424.0,435.0,446.0,461.0,473.0,507.0,528.0,545.0,567.0,571.0,572.0,583.0,586.0,672.0,675.0,771.0,825.0,828.0,907.0,915.0,920.0,951.0,958.0,963.0,984.0,1000.0,
6.0,24.0,39.0,43.0,65.0,89.0,95.0,119.0,191.0,233.0,239.0,263.0,265.0,272.0,286.0,298.0,312.0,324.0,349.0,352.0,392.0,407.0,410.0,421.0,475.0,505.0,646.0,670.0,689.0,711.0,723.0,734.0,753.0,765.0,799.0,884.0,899.0,903.0,917.0,935.0,941.0,994.0,996.0,
26.0,141.0,150.0,222.0,228.0,284.0,308.0,322.0,341.0,363.0,366.0,378.0,380.0,391.0,392.0,395.0,406.0,411.0,413.0,417.0,456.0,463.0,506.0,538.0,541.0,596.0,660.0,744.0,770.0,807.0,817.0,830.0,846.0,850.0,937.0,976.0,
11.0,31.0,61.0,80.0,99.0,109.0,111.0,131.0,175.0,214.0,218.0,227.0,313.0,372.0,383.0,385.0,394.0,431.0,438.0,500.0,533.0,540.0,606.0,618.0,650.0,650.0,662.0,689.0,739.0,767.0,817.0,861.0,866.0,873.0,899.0,980.0,
3.0,8.0,10.0,29.0,55.0,73.0,116.0,138.0,139.0,153.0,155.0,215.0,229.0,236.0,249.0,264.0,299.0,327.0,333.0,346.0,373.0,413.0,425.0,427.0,451.0,452.0,461.0,470.0,492.0,495.0,571.0,571.0,598.0,632.0,656.0,714.0,725.0,801.0,841.0,924.0,
33.0,33.0,147.0,287.0,375.0,388.0,399.0,493.0,496.0,526.0,527.0,545.0,547.0,599.0,620.0,669.0,698.0,730.0,731.0,781.0,785.0,823.0,855.0,881.0,918.0,921.0,932.0,946.0,955.0,959.0,967.0,968.0,991.0,991.0,1000.0,
3.0,15.0,42.0,59.0,82.0,99.0,107.0,108.0,128.0,131.0,131.0,145.0,210.0,271.0,438.0,478.0,509.0,510.0,541.0,556.0,563.0,663.0,679.0,683.0,713.0,721.0,722.0,808.0,817.0,826.0,833.0,863.0,
12.0,25.0,59.0,65.0,121.0,125.0,147.0,165.0,171.0,223.0,224.0,236.0,256.0,271.0,309.0,329.0,332.0,399.0,425.0,477.0,539.0,576.0,619.0,625.0,701.0,709.0,758.0,772.0,832.0,869.0,877.0,895.0,902.0,909.0,910.0,963.0,964.0,973.0,994.0,995.0,
18.0,21.0,33.0,69.0,84.0,95.0,107.0,132.0,150.0,167.0,279.0,301.0,313.0,326.0,331.0,363.0,451.0,467.0,487.0,505.0,510.0,519.0,520.0,538.0,550.0,554.0,603.0,624.0,625.0,639.0,654.0,668.0,672.0,675.0,769.0,847.0,910.0,927.0,952.0,960.0,979.0,991.0,
31.0,67.0,95.0,108.0,108.0,116.0,230.0,266.0,323.0,325.0,348.0,349.0,408.0,426.0,454.0,472.0,474.0,538.0,625.0,630.0,679.0,730.0,754.0,788.0,794.0,822.0,831.0,850.0,872.0,879.0,903.0,905.0,957.0,974.0,986.0,
30.0,62.0,81.0,108.0,122.0,140.0,146.0,151.0,156.0,189.0,205.0,207.0,253.0,314.0,339.0,359.0,385.0,388.0,417.0,427.0,459.0,466.0,499.0,500.0,515.0,520.0,607.0,667.0,682.0,701.0,701.0,744.0,787.0,801.0,848.0,894.0,939.0,
6.0,17.0,29.0,36.0,41.0,63.0,67.0,69.0,159.0,175.0,197.0,313.0,318.0,333.0,429.0,456.0,461.0,467.0,469.0,475.0,485.0,545.0,550.0,574.0,616.0,623.0,627.0,642.0,662.0,673.0,698.0,707.0,729.0,749.0,758.0,764.0,773.0,830.0,844.0,853.0,883.0,891.0,902.0,910.0,
21.0,40.0,46.0,96.0,131.0,135.0,197.0,261.0,298.0,298.0,319.0,326.0,329.0,335.0,390.0,401.0,449.0,457.0,484.0,499.0,504.0,505.0,514.0,584.0,610.0,622.0,642.0,681.0,690.0,691.0,694.0,733.0,750.0,784.0,786.0,790.0,805.0,878.0,949.0,983.0,
6.0,35.0,101.0,111.0,127.0,141.0,215.0,253.0,364.0,374.0,386.0,420.0,424.0,535.0,539.0,588.0,590.0,629.0,661.0,671.0,699.0,705.0,743.0,762.0,770.0,802.0,859.0,935.0,966.0,999.0,
3.0,38.0,58.0,74.0,80.0,104.0,139.0,185.0,188.0,193.0,259.0,283.0,338.0,345.0,385.0,407.0,422.0,489.0,529.0,567.0,597.0,658.0,720.0,728.0,760.0,824.0,856.0,890.0,910.0,967.0,996.0,
25.0,59.0,116.0,158.0,200.0,204.0,255.0,258.0,300.0,319.0,323.0,352.0,374.0,375.0,387.0,423.0,426.0,464.0,476.0,478.0,505.0,531.0,533.0,561.0,583.0,629.0,651.0,657.0,658.0,682.0,685.0,688.0,694.0,696.0,720.0,763.0,770.0,811.0,828.0,841.0,868.0,875.0,891.0,900.0,914.0,928.0,950.0,
9.0,14.0,25.0,30.0,50.0,63.0,63.0,78.0,80.0,123.0,164.0,195.0,274.0,280.0,308.0,312.0,312.0,351.0,382.0,387.0,458.0,477.0,494.0,519.0,522.0,646.0,724.0,729.0,739.0,795.0,800.0,808.0,831.0,835.0,859.0,907.0,914.0,929.0,952.0,
18.0,29.0,43.0,50.0,67.0,92.0,101.0,168.0,175.0,228.0,241.0,250.0,271.0,272.0,282.0,289.0,304.0,411.0,419.0,421.0,426.0,442.0,502.0,530.0,589.0,593.0,596.0,607.0,611.0,647.0,648.0,654.0,661.0,699.0,700.0,730.0,738.0,798.0,831.0,834.0,841.0,847.0,849.0,855.0,904.0,933.0,
5.0,48.0,54.0,56.0,71.0,78.0,93.0,94.0,169.0,252.0,275.0,307.0,307.0,340.0,342.0,376.0,380.0,384.0,412.0,413.0,413.0,417.0,441.0,469.0,555.0,565.0,575.0,588.0,601.0,603.0,643.0,646.0,662.0,663.0,663.0,671.0,677.0,692.0,695.0,698.0,706.0,707.0,709.0,723.0,727.0,732.0,796.0,800.0,845.0,854.0,951.0,961.0,
9.0,13.0,21.0,52.0,140.0,147.0,262.0,275.0,291.0,308.0,370.0,396.0,423.0,428.0,435.0,435.0,447.0,449.0,460.0,468.0,501.0,512.0,569.0,574.0,582.0,595.0,596.0,600.0,605.0,633.0,654.0,658.0,723.0,736.0,761.0,807.0,815.0,831.0,866.0,884.0,902.0,923.0,926.0,
3.0,36.0,40.0,84.0,129.0,142.0,154.0,155.0,281.0,287.0,294.0,297.0,321.0,322.0,328.0,329.0,370.0,380.0,392.0,405.0,461.0,503.0,508.0,519.0,571.0,601.0,618.0,629.0,657.0,664.0,667.0,671.0,709.0,746.0,751.0,797.0,817.0,818.0,831.0,845.0,855.0,899.0,916.0,997.0,
16.0,78.0,83.0,91.0,101.0,120.0,201.0,204.0,213.0,222.0,223.0,274.0,301.0,323.0,339.0,431.0,487.0,539.0,543.0,568.0,574.0,596.0,658.0,658.0,757.0,761.0,767.0,785.0,788.0,797.0,875.0,884.0,953.0,977.0,993.0,
49.0,124.0,127.0,130.0,133.0,139.0,249.0,278.0,285.0,309.0,406.0,411.0,417.0,421.0,424.0,453.0,517.0,525.0,587.0,601.0,615.0,628.0,647.0,722.0,750.0,779.0,782.0,819.0,846.0,903.0,921.0,949.0,
8.0,15.0,21.0,65.0,68.0,112.0,118.0,172.0,291.0,334.0,341.0,353.0,367.0,389.0,390.0,391.0,420.0,475.0,501.0,506.0,536.0,556.0,580.0,587.0,652.0,655.0,674.0,688.0,711.0,764.0,767.0,823.0,833.0,920.0,952.0,979.0,
10.0,11.0,97.0,118.0,161.0,184.0,208.0,214.0,277.0,293.0,293.0,320.0,325.0,328.0,333.0,395.0,416.0,420.0,429.0,443.0,481.0,551.0,555.0,557.0,572.0,618.0,668.0,682.0,687.0,703.0,714.0,735.0,765.0,766.0,810.0,891.0,930.0,937.0,943.0,947.0,
104.0,122.0,173.0,214.0,240.0,323.0,324.0,378.0,413.0,426.0,435.0,487.0,496.0,525.0,529.0,531.0,617.0,638.0,645.0,650.0,658.0,699.0,753.0,773.0,775.0,830.0,852.0,871.0,943.0,945.0,964.0,976.0,980.0,983.0,984.0,
4.0,37.0,77.0,82.0,89.0,101.0,135.0,220.0,258.0,315.0,360.0,400.0,401.0,556.0,560.0,578.0,600.0,630.0,708.0,713.0,716.0,735.0,775.0,836.0,846.0,909.0,965.0,
12.0,56.0,83.0,99.0,112.0,117.0,128.0,143.0,187.0,211.0,213.0,218.0,252.0,272.0,275.0,279.0,288.0,325.0,338.0,369.0,387.0,458.0,467.0,471.0,496.0,504.0,607.0,624.0,680.0,681.0,699.0,725.0,729.0,736.0,761.0,771.0,788.0,818.0,848.0,849.0,855.0,858.0,906.0,930.0,984.0,998.0,
52.0,55.0,99.0,140.0,171.0,183.0,192.0,193.0,202.0,272.0,289.0,291.0,313.0,313.0,321.0,330.0,342.0,346.0,346.0,357.0,469.0,474.0,476.0,502.0,590.0,606.0,691.0,693.0,704.0,704.0,705.0,726.0,775.0,790.0,831.0,834.0,841.0,946.0,974.0,977.0,
47.0,63.0,77.0,96.0,97.0,112.0,115.0,128.0,132.0,148.0,166.0,168.0,210.0,214.0,222.0,284.0,297.0,372.0,377.0,385.0,385.0,393.0,409.0,418.0,423.0,468.0,558.0,632.0,645.0,710.0,713.0,726.0,743.0,744.0,765.0,807.0,815.0,816.0,836.0,840.0,841.0,845.0,879.0,880.0,882.0,916.0,944.0,968.0,
6.0,21.0,48.0,83.0,93.0,105.0,107.0,307.0,310.0,319.0,342.0,362.0,397.0,486.0,561.0,579.0,587.0,588.0,623.0,625.0,647.0,676.0,721.0,731.0,744.0,754.0,781.0,784.0,787.0,806.0,815.0,824.0,914.0,943.0,997.0,1000.0,
32.0,42.0,87.0,96.0,106.0,112.0,120.0,126.0,157.0,181.0,282.0,299.0,302.0,323.0,329.0,350.0,366.0,404.0,414.0,427.0,439.0,449.0,467.0,472.0,481.0,495.0,504.0,534.0,535.0,696.0,731.0,738.0,768.0,784.0,827.0,844.0,856.0,859.0,873.0,876.0,888.0,912.0,931.0,990.0,
65.0,74.0,98.0,100.0,115.0,148.0,202.0,221.0,225.0,228.0,270.0,298.0,330.0,335.0,394.0,455.0,469.0,478.0,486.0,548.0,560.0,565.0,585.0,586.0,645.0,681.0,706.0,709.0,728.0,731.0,754.0,756.0,840.0,860.0,861.0,885.0,949.0,969.0,
19.0,41.0,62.0,126.0,130.0,137.0,143.0,148.0,157.0,181.0,200.0,264.0,328.0,356.0,367.0,369.0,378.0,403.0,445.0,452.0,542.0,564.0,566.0,584.0,634.0,655.0,693.0,726.0,761.0,784.0,785.0,806.0,841.0,841.0,900.0,905.0,952.0,957.0,964.0,991.0,
4.0,54.0,64.0,92.0,106.0,130.0,149.0,198.0,246.0,262.0,265.0,290.0,367.0,376.0,379.0,388.0,415.0,420.0,450.0,489.0,549.0,554.0,557.0,597.0,599.0,609.0,642.0,645.0,679.0,686.0,688.0,708.0,718.0,759.0,765.0,768.0,775.0,822.0,857.0,869.0,916.0,951.0,988.0,
88.0,147.0,174.0,198.0,227.0,230.0,239.0,244.0,264.0,269.0,293.0,297.0,380.0,391.0,420.0,443.0,461.0,468.0,533.0,556.0,560.0,573.0,610.0,620.0,661.0,672.0,675.0,726.0,775.0,809.0,836.0,854.0,869.0,899.0,997.0,
21.0,76.0,115.0,160.0,192.0,196.0,202.0,234.0,255.0,274.0,297.0,304.0,305.0,317.0,368.0,382.0,420.0,461.0,467.0,470.0,499.0,500.0,599.0,606.0,644.0,660.0,717.0,720.0,723.0,753.0,754.0,757.0,768.0,815.0,815.0,817.0,817.0,823.0,829.0,849.0,879.0,881.0,887.0,905.0,944.0,972.0,976.0,989.0,
53.0,78.0,78.0,90.0,143.0,152.0,225.0,226.0,245.0,269.0,332.0,342.0,343.0,374.0,388.0,390.0,406.0,465.0,471.0,
2.0,12.0,18.0,36.0,98.0,128.0,160.0,169.0,220.0,228.0,247.0,249.0,262.0,290.0,314.0,322.0,324.0,376.0,388.0,399.0,411.0,428.0,451.0,455.0,477.0,496.0,506.0,
22.0,108.0,114.0,118.0,163.0,173.0,186.0,204.0,207.0,225.0,230.0,230.0,261.0,266.0,267.0,288.0,298.0,317.0,339.0,401.0,481.0,963.0,971.0,
14.0,18.0,19.0,25.0,45.0,64.0,67.0,70.0,74.0,108.0,151.0,193.0,200.0,232.0,240.0,258.0,290.0,302.0,319.0,322.0,335.0,338.0,361.0,384.0,416.0,430.0,486.0,488.0,562.0,569.0,588.0,606.0,619.0,741.0,814.0,845.0,916.0,957.0,963.0,974.0,975.0,979.0,983.0,
9.0,9.0,119.0,185.0,267.0,268.0,297.0,298.0,348.0,393.0,469.0,475.0,487.0,496.0,541.0,590.0,615.0,615.0,621.0,636.0,657.0,687.0,744.0,784.0,834.0,860.0,867.0,890.0,894.0,899.0,902.0,980.0,
15.0,43.0,61.0,92.0,96.0,109.0,136.0,163.0,190.0,193.0,200.0,213.0,234.0,264.0,296.0,303.0,338.0,352.0,399.0,400.0,406.0,412.0,419.0,429.0,429.0,485.0,490.0,529.0,554.0,565.0,588.0,601.0,622.0,652.0,726.0,780.0,827.0,917.0,952.0,970.0,972.0,981.0,995.0,
7.0,48.0,51.0,76.0,98.0,109.0,147.0,156.0,200.0,216.0,256.0,258.0,290.0,305.0,316.0,337.0,356.0,370.0,375.0,383.0,397.0,437.0,453.0,559.0,564.0,596.0,608.0,629.0,772.0,792.0,808.0,839.0,860.0,868.0,897.0,932.0,941.0,991.0,
60.0,69.0,98.0,131.0,174.0,177.0,182.0,184.0,224.0,251.0,251.0,254.0,255.0,284.0,307.0,310.0,319.0,343.0,443.0,446.0,452.0,523.0,572.0,572.0,584.0,587.0,609.0,620.0,664.0,671.0,672.0,685.0,694.0,701.0,718.0,732.0,740.0,751.0,801.0,820.0,821.0,823.0,883.0,892.0,908.0,948.0,
64.0,78.0,94.0,159.0,207.0,241.0,246.0,321.0,324.0,344.0,359.0,423.0,434.0,436.0,443.0,446.0,448.0,467.0,531.0,542.0,559.0,570.0,575.0,580.0,599.0,664.0,675.0,692.0,722.0,764.0,777.0,786.0,788.0,812.0,829.0,843.0,904.0,923.0,953.0,958.0,
6.0,25.0,146.0,147.0,183.0,184.0,291.0,304.0,315.0,370.0,370.0,371.0,387.0,389.0,413.0,454.0,509.0,590.0,637.0,649.0,751.0,763.0,818.0,825.0,831.0,876.0,887.0,889.0,901.0,927.0,954.0,994.0,
105.0,140.0,149.0,172.0,206.0,208.0,235.0,324.0,327.0,334.0,338.0,351.0,375.0,413.0,414.0,429.0,468.0,483.0,
10.0,37.0,126.0,149.0,155.0,168.0,194.0,202.0,205.0,212.0,231.0,234.0,241.0,270.0,360.0,386.0,387.0,388.0,458.0,
153.0,232.0,253.0,278.0,365.0,403.0,443.0,490.0,502.0,
43.0,46.0,47.0,51.0,96.0,156.0,185.0,195.0,216.0,250.0,263.0,275.0,276.0,287.0,320.0,329.0,343.0,377.0,408.0,430.0,460.0,485.0,508.0,620.0,650.0,673.0,691.0,806.0,811.0,831.0,844.0,862.0,863.0,868.0,875.0,880.0,887.0,913.0,915.0,948.0,951.0,961.0,985.0,
107.0,134.0,178.0,213.0,228.0,265.0,267.0,336.0,365.0,378.0,392.0,409.0,455.0,465.0,487.0,582.0,609.0,655.0,701.0,710.0,710.0,726.0,734.0,754.0,809.0,824.0,833.0,869.0,897.0,900.0,906.0,946.0,978.0,
18.0,164.0,229.0,270.0,286.0,329.0,335.0,378.0,380.0,381.0,384.0,415.0,435.0,441.0,443.0,477.0,495.0,543.0,606.0,606.0,632.0,675.0,691.0,789.0,797.0,824.0,830.0,870.0,871.0,875.0,889.0,921.0,934.0,937.0,957.0,975.0,
11.0,28.0,44.0,74.0,97.0,116.0,244.0,257.0,296.0,328.0,329.0,335.0,475.0,500.0,500.0,509.0,521.0,560.0,567.0,578.0,606.0,641.0,664.0,741.0,750.0,790.0,797.0,818.0,820.0,823.0,843.0,855.0,856.0,875.0,934.0,970.0,979.0,
12.0,45.0,63.0,165.0,192.0,212.0,266.0,364.0,432.0,436.0,457.0,480.0,490.0,566.0,647.0,651.0,673.0,704.0,712.0,714.0,718.0,732.0,773.0,792.0,819.0,833.0,
12.0,19.0,51.0,55.0,79.0,101.0,111.0,112.0,126.0,136.0,173.0,274.0,299.0,385.0,413.0,418.0,419.0,435.0,463.0,482.0,483.0,521.0,532.0,562.0,587.0,592.0,630.0,675.0,834.0,927.0,941.0,947.0,972.0,
4.0,6.0,25.0,27.0,58.0,87.0,135.0,178.0,192.0,210.0,236.0,248.0,257.0,306.0,407.0,484.0,488.0,515.0,556.0,575.0,590.0,598.0,604.0,614.0,648.0,680.0,796.0,810.0,814.0,902.0,920.0,921.0,976.0,995.0,
10.0,40.0,50.0,69.0,85.0,163.0,169.0,223.0,265.0,275.0,323.0,372.0,416.0,428.0,505.0,
36.0,105.0,129.0,168.0,183.0,220.0,236.0,259.0,291.0,300.0,327.0,329.0,360.0,363.0,363.0,367.0,377.0,381.0,387.0,389.0,477.0,495.0,
4.0,13.0,15.0,31.0,73.0,83.0,112.0,163.0,187.0,243.0,267.0,269.0,272.0,298.0,325.0,333.0,333.0,341.0,351.0,363.0,401.0,407.0,425.0,439.0,510.0,
101.0,108.0,119.0,149.0,167.0,198.0,250.0,254.0,322.0,329.0,503.0,651.0,655.0,655.0,668.0,683.0,710.0,718.0,736.0,741.0,782.0,788.0,800.0,837.0,847.0,862.0,933.0,961.0,971.0,
31.0,65.0,74.0,74.0,154.0,214.0,247.0,291.0,309.0,337.0,395.0,441.0,484.0,487.0,490.0,610.0,614.0,628.0,638.0,677.0,680.0,683.0,688.0,726.0,735.0,771.0,796.0,797.0,912.0,924.0,935.0,
19.0,69.0,129.0,145.0,198.0,219.0,222.0,231.0,264.0,269.0,280.0,340.0,389.0,391.0,409.0,422.0,527.0,558.0,569.0,623.0,626.0,630.0,638.0,669.0,676.0,687.0,717.0,720.0,726.0,731.0,737.0,743.0,751.0,761.0,797.0,803.0,845.0,868.0,890.0,907.0,
48.0,51.0,52.0,114.0,118.0,134.0,187.0,204.0,229.0,236.0,271.0,318.0,320.0,368.0,375.0,389.0,397.0,428.0,455.0,489.0,491.0,568.0,624.0,670.0,677.0,689.0,711.0,726.0,786.0,791.0,813.0,908.0,920.0,932.0,933.0,964.0,966.0,
90.0,107.0,114.0,147.0,250.0,300.0,360.0,370.0,403.0,412.0,421.0,450.0,468.0,546.0,580.0,581.0,602.0,650.0,653.0,655.0,662.0,678.0,700.0,751.0,751.0,755.0,780.0,823.0,823.0,886.0,905.0,905.0,913.0,924.0,960.0,981.0,
23.0,150.0,157.0,176.0,183.0,190.0,208.0,266.0,285.0,294.0,294.0,322.0,370.0,390.0,398.0,473.0,491.0,493.0,512.0,521.0,552.0,579.0,582.0,592.0,602.0,664.0,674.0,699.0,791.0,831.0,837.0,868.0,879.0,904.0,921.0,924.0,928.0,971.0,987.0,991.0,
5.0,19.0,63.0,92.0,134.0,149.0,183.0,210.0,259.0,264.0,266.0,274.0,286.0,330.0,435.0,476.0,512.0,555.0,578.0,686.0,686.0,688.0,712.0,716.0,728.0,733.0,737.0,768.0,786.0,803.0,845.0,855.0,868.0,887.0,916.0,938.0,973.0,1000.0,
9.0,13.0,154.0,158.0,195.0,220.0,251.0,269.0,272.0,281.0,344.0,431.0,439.0,443.0,510.0,547.0,561.0,577.0,593.0,637.0,673.0,676.0,717.0,728.0,742.0,753.0,753.0,776.0,800.0,807.0,852.0,866.0,871.0,899.0,923.0,972.0,
63.0,122.0,124.0,249.0,269.0,272.0,275.0,290.0,328.0,339.0,349.0,369.0,384.0,398.0,448.0,475.0,493.0,648.0,716.0,725.0,813.0,964.0,991.0,
3.0,44.0,63.0,73.0,74.0,78.0,99.0,249.0,287.0,328.0,426.0,477.0,547.0,606.0,652.0,681.0,702.0,708.0,710.0,736.0,772.0,780.0,796.0,806.0,831.0,858.0,869.0,872.0,886.0,890.0,891.0,915.0,920.0,
3.0,30.0,36.0,67.0,74.0,97.0,98.0,113.0,146.0,155.0,183.0,221.0,238.0,240.0,258.0,284.0,316.0,333.0,344.0,350.0,405.0,415.0,443.0,477.0,478.0,497.0,534.0,535.0,553.0,595.0,603.0,614.0,637.0,682.0,687.0,732.0,767.0,802.0,849.0,860.0,869.0,950.0,
2.0,5.0,79.0,89.0,96.0,100.0,150.0,176.0,187.0,220.0,306.0,308.0,377.0,414.0,420.0,435.0,435.0,447.0,452.0,533.0,539.0,539.0,567.0,596.0,604.0,679.0,765.0,804.0,820.0,880.0,903.0,925.0,961.0,
6.0,27.0,78.0,134.0,151.0,154.0,217.0,256.0,267.0,282.0,309.0,375.0,418.0,458.0,463.0,472.0,488.0,521.0,555.0,557.0,612.0,625.0,686.0,709.0,710.0,713.0,715.0,721.0,766.0,789.0,790.0,805.0,829.0,871.0,881.0,882.0,931.0,931.0,945.0,993.0,
57.0,83.0,85.0,87.0,106.0,139.0,160.0,163.0,217.0,219.0,246.0,280.0,313.0,345.0,354.0,355.0,358.0,374.0,381.0,408.0,409.0,434.0,460.0,508.0,518.0,534.0,538.0,572.0,685.0,688.0,698.0,698.0,732.0,783.0,797.0,801.0,807.0,810.0,857.0,869.0,879.0,911.0,912.0,975.0,996.0,
35.0,47.0,91.0,99.0,153.0,190.0,205.0,217.0,220.0,253.0,271.0,283.0,289.0,290.0,334.0,336.0,366.0,397.0,456.0,491.0,520.0,586.0,604.0,610.0,669.0,670.0,671.0,725.0,758.0,791.0,818.0,839.0,891.0,894.0,918.0,950.0,971.0,978.0,
4.0,48.0,61.0,71.0,106.0,121.0,126.0,155.0,162.0,164.0,172.0,209.0,288.0,304.0,325.0,359.0,359.0,363.0,383.0,411.0,419.0,444.0,449.0,473.0,484.0,529.0,608.0,694.0,704.0,763.0,767.0,827.0,839.0,852.0,939.0,956.0,977.0,979.0,
12.0,31.0,61.0,74.0,103.0,153.0,200.0,214.0,247.0,263.0,275.0,294.0,358.0,369.0,382.0,432.0,446.0,455.0,463.0,495.0,506.0,508.0,541.0,552.0,577.0,598.0,606.0,620.0,631.0,654.0,687.0,716.0,755.0,760.0,762.0,769.0,777.0,819.0,853.0,880.0,929.0,985.0,
6.0,11.0,52.0,94.0,110.0,136.0,144.0,207.0,223.0,245.0,306.0,342.0,365.0,370.0,387.0,429.0,445.0,453.0,468.0,494.0,515.0,530.0,541.0,575.0,586.0,592.0,593.0,598.0,650.0,768.0,771.0,774.0,798.0,803.0,805.0,855.0,886.0,937.0,939.0,944.0,944.0,963.0,975.0,993.0,998.0,
10.0,46.0,189.0,203.0,258.0,289.0,296.0,336.0,379.0,387.0,401.0,431.0,438.0,455.0,492.0,568.0,600.0,719.0,724.0,740.0,762.0,883.0,891.0,938.0,945.0,945.0,983.0,993.0,
50.0,54.0,74.0,77.0,118.0,207.0,209.0,224.0,263.0,270.0,301.0,329.0,336.0,396.0,404.0,499.0,551.0,599.0,616.0,616.0,715.0,721.0,721.0,723.0,729.0,757.0,767.0,782.0,797.0,798.0,830.0,892.0,909.0,924.0,932.0,934.0,942.0,952.0,954.0,961.0,976.0,991.0,
22.0,23.0,89.0,108.0,143.0,191.0,240.0,245.0,263.0,264.0,284.0,323.0,341.0,419.0,541.0,585.0,588.0,621.0,644.0,666.0,847.0,918.0,932.0,958.0,
5.0,6.0,113.0,113.0,114.0,154.0,156.0,171.0,179.0,182.0,281.0,289.0,321.0,360.0,384.0,389.0,390.0,397.0,443.0,459.0,472.0,536.0,570.0,594.0,615.0,627.0,656.0,676.0,682.0,703.0,738.0,788.0,850.0,857.0,862.0,865.0,880.0,892.0,937.0,946.0,979.0,990.0,
8.0,12.0,77.0,81.0,232.0,299.0,315.0,338.0,356.0,361.0,361.0,364.0,365.0,497.0,509.0,518.0,564.0,626.0,673.0,687.0,764.0,904.0,955.0,983.0,990.0,
102.0,107.0,135.0,145.0,155.0,193.0,251.0,269.0,327.0,336.0,339.0,343.0,364.0,402.0,431.0,458.0,538.0,552.0,559.0,565.0,574.0,641.0,647.0,660.0,669.0,687.0,691.0,715.0,798.0,877.0,911.0,916.0,921.0,929.0,953.0,
21.0,42.0,60.0,62.0,134.0,160.0,164.0,167.0,257.0,279.0,291.0,325.0,338.0,340.0,386.0,387.0,396.0,451.0,539.0,559.0,573.0,583.0,607.0,648.0,659.0,671.0,688.0,709.0,748.0,755.0,784.0,800.0,835.0,841.0,845.0,877.0,930.0,934.0,941.0,958.0,
11.0,19.0,74.0,83.0,112.0,156.0,157.0,162.0,194.0,199.0,266.0,266.0,276.0,277.0,366.0,402.0,422.0,435.0,440.0,491.0,500.0,505.0,564.0,600.0,617.0,632.0,640.0,715.0,732.0,748.0,825.0,843.0,852.0,974.0,
3.0,4.0,66.0,187.0,191.0,205.0,268.0,275.0,291.0,391.0,393.0,428.0,474.0,483.0,513.0,552.0,560.0,601.0,661.0,687.0,767.0,810.0,828.0,832.0,853.0,871.0,894.0,941.0,979.0,990.0,
12.0,31.0,39.0,84.0,105.0,108.0,109.0,135.0,142.0,149.0,150.0,152.0,161.0,221.0,224.0,256.0,360.0,442.0,456.0,460.0,510.0,512.0,513.0,518.0,527.0,557.0,566.0,595.0,608.0,660.0,672.0,689.0,725.0,728.0,740.0,757.0,816.0,820.0,872.0,947.0,965.0,982.0,989.0,
28.0,43.0,63.0,64.0,107.0,118.0,134.0,168.0,184.0,357.0,363.0,371.0,385.0,394.0,418.0,440.0,604.0,608.0,632.0,633.0,633.0,678.0,723.0,724.0,786.0,827.0,830.0,836.0,915.0,943.0,962.0,979.0,983.0,
46.0,49.0,50.0,80.0,82.0,101.0,105.0,198.0,215.0,233.0,284.0,300.0,325.0,329.0,338.0,342.0,367.0,370.0,371.0,398.0,408.0,419.0,425.0,427.0,429.0,473.0,491.0,517.0,563.0,608.0,637.0,691.0,696.0,744.0,760.0,776.0,806.0,825.0,879.0,907.0,931.0,963.0,988.0,992.0,
36.0,46.0,51.0,90.0,119.0,246.0,271.0,328.0,382.0,383.0,397.0,427.0,503.0,508.0,523.0,539.0,540.0,564.0,576.0,581.0,608.0,648.0,694.0,717.0,726.0,748.0,754.0,772.0,813.0,839.0,842.0,880.0,901.0,909.0,940.0,955.0,966.0,999.0,
19.0,26.0,37.0,142.0,188.0,292.0,327.0,392.0,412.0,538.0,559.0,583.0,592.0,599.0,607.0,629.0,659.0,690.0,698.0,721.0,781.0,791.0,793.0,869.0,882.0,897.0,910.0,955.0,965.0,977.0,
30.0,39.0,59.0,86.0,146.0,167.0,174.0,176.0,182.0,274.0,302.0,336.0,360.0,375.0,432.0,569.0,587.0,604.0,628.0,655.0,668.0,678.0,698.0,723.0,761.0,823.0,872.0,891.0,892.0,928.0,
