42.0,73.0,79.0,98.0,139.0,144.0,207.0,223.0,288.0,339.0,357.0,370.0,407.0,426.0,457.0,483.0,508.0,537.0,550.0,572.0,580.0,612.0,627.0,653.0,662.0,779.0,786.0,798.0,870.0,917.0,918.0,935.0,986.0,
70.0,100.0,122.0,209.0,268.0,291.0,300.0,322.0,338.0,358.0,377.0,381.0,454.0,484.0,487.0,506.0,521.0,530.0,543.0,603.0,622.0,671.0,680.0,681.0,687.0,693.0,705.0,719.0,722.0,788.0,837.0,857.0,909.0,925.0,975.0,985.0,994.0,995.0,
14.0,46.0,51.0,103.0,145.0,199.0,226.0,262.0,266.0,306.0,332.0,359.0,410.0,415.0,431.0,640.0,642.0,658.0,731.0,762.0,766.0,775.0,784.0,790.0,795.0,802.0,857.0,999.0,1000.0,
42.0,82.0,84.0,150.0,173.0,207.0,219.0,222.0,228.0,234.0,254.0,256.0,292.0,317.0,324.0,328.0,352.0,358.0,402.0,415.0,416.0,419.0,419.0,466.0,468.0,515.0,538.0,572.0,588.0,639.0,652.0,656.0,707.0,746.0,760.0,785.0,793.0,793.0,858.0,983.0,995.0,
29.0,45.0,77.0,123.0,141.0,211.0,237.0,252.0,312.0,378.0,384.0,390.0,409.0,409.0,436.0,480.0,487.0,496.0,526.0,540.0,581.0,596.0,630.0,715.0,716.0,765.0,775.0,799.0,801.0,810.0,825.0,858.0,861.0,888.0,916.0,951.0,966.0,
25.0,33.0,87.0,91.0,107.0,115.0,146.0,152.0,219.0,222.0,225.0,233.0,255.0,269.0,280.0,300.0,321.0,331.0,333.0,339.0,454.0,485.0,488.0,511.0,512.0,519.0,521.0,548.0,575.0,608.0,635.0,640.0,656.0,736.0,773.0,774.0,790.0,799.0,909.0,914.0,919.0,935.0,940.0,948.0,984.0,
40.0,42.0,46.0,58.0,68.0,80.0,102.0,121.0,123.0,130.0,137.0,180.0,291.0,299.0,324.0,331.0,378.0,379.0,383.0,416.0,438.0,451.0,506.0,507.0,534.0,624.0,625.0,627.0,627.0,650.0,707.0,709.0,725.0,728.0,744.0,773.0,869.0,885.0,910.0,918.0,922.0,966.0,967.0,967.0,967.0,992.0,
40.0,150.0,158.0,185.0,243.0,285.0,294.0,305.0,318.0,405.0,407.0,502.0,558.0,589.0,621.0,665.0,685.0,708.0,713.0,722.0,780.0,800.0,805.0,807.0,809.0,828.0,837.0,877.0,880.0,880.0,948.0,953.0,956.0,967.0,
59.0,89.0,115.0,117.0,128.0,134.0,145.0,158.0,207.0,254.0,262.0,295.0,296.0,312.0,325.0,358.0,429.0,458.0,479.0,529.0,549.0,558.0,568.0,598.0,692.0,712.0,739.0,747.0,761.0,762.0,767.0,790.0,847.0,858.0,886.0,888.0,928.0,994.0,
68.0,84.0,93.0,98.0,136.0,172.0,186.0,237.0,242.0,256.0,269.0,282.0,289.0,297.0,300.0,346.0,381.0,397.0,475.0,481.0,517.0,537.0,555.0,565.0,598.0,600.0,620.0,623.0,638.0,683.0,691.0,716.0,723.0,733.0,776.0,792.0,798.0,818.0,850.0,864.0,868.0,905.0,927.0,943.0,961.0,965.0,
15.0,18.0,57.0,78.0,80.0,102.0,103.0,104.0,112.0,173.0,299.0,302.0,337.0,341.0,367.0,375.0,432.0,470.0,492.0,497.0,572.0,590.0,636.0,649.0,667.0,682.0,687.0,710.0,800.0,817.0,818.0,861.0,879.0,888.0,943.0,956.0,989.0,
42.0,84.0,91.0,110.0,233.0,235.0,236.0,265.0,284.0,284.0,303.0,306.0,320.0,337.0,340.0,369.0,415.0,442.0,484.0,497.0,513.0,564.0,565.0,583.0,591.0,606.0,612.0,628.0,678.0,709.0,721.0,798.0,834.0,845.0,869.0,879.0,892.0,904.0,997.0,
7.0,25.0,96.0,120.0,162.0,178.0,228.0,291.0,312.0,323.0,348.0,370.0,403.0,414.0,420.0,457.0,472.0,496.0,516.0,524.0,538.0,589.0,621.0,641.0,645.0,677.0,677.0,736.0,760.0,766.0,774.0,783.0,816.0,868.0,933.0,945.0,991.0,992.0,997.0,
34.0,81.0,93.0,103.0,111.0,138.0,174.0,255.0,258.0,321.0,369.0,403.0,415.0,438.0,441.0,484.0,485.0,524.0,540.0,578.0,581.0,589.0,611.0,679.0,853.0,866.0,870.0,884.0,961.0,968.0,973.0,997.0,
11.0,20.0,23.0,69.0,125.0,219.0,219.0,240.0,296.0,324.0,340.0,354.0,377.0,392.0,398.0,452.0,496.0,502.0,565.0,577.0,658.0,663.0,667.0,745.0,792.0,799.0,814.0,837.0,849.0,863.0,938.0,
18.0,24.0,43.0,69.0,156.0,167.0,198.0,218.0,224.0,233.0,237.0,279.0,291.0,313.0,318.0,322.0,349.0,378.0,406.0,414.0,467.0,493.0,536.0,689.0,697.0,795.0,839.0,862.0,874.0,922.0,956.0,975.0,976.0,
113.0,141.0,149.0,190.0,302.0,433.0,449.0,464.0,483.0,494.0,513.0,537.0,545.0,588.0,592.0,594.0,606.0,611.0,616.0,628.0,643.0,783.0,794.0,825.0,830.0,865.0,867.0,899.0,930.0,955.0,989.0,
14.0,24.0,29.0,39.0,40.0,52.0,111.0,113.0,122.0,226.0,250.0,250.0,250.0,296.0,298.0,354.0,364.0,401.0,438.0,442.0,445.0,492.0,492.0,520.0,554.0,614.0,646.0,653.0,677.0,714.0,783.0,784.0,789.0,867.0,875.0,897.0,946.0,968.0,
33.0,46.0,93.0,97.0,102.0,124.0,134.0,148.0,250.0,326.0,365.0,366.0,369.0,415.0,417.0,460.0,521.0,533.0,536.0,538.0,542.0,578.0,607.0,647.0,659.0,660.0,668.0,672.0,739.0,810.0,822.0,831.0,869.0,888.0,888.0,893.0,899.0,912.0,962.0,967.0,990.0,
65.0,75.0,76.0,84.0,116.0,143.0,212.0,271.0,306.0,337.0,391.0,401.0,438.0,449.0,476.0,485.0,525.0,548.0,578.0,591.0,609.0,623.0,665.0,683.0,766.0,785.0,830.0,841.0,844.0,882.0,901.0,950.0,952.0,962.0,964.0,965.0,966.0,978.0,
22.0,37.0,56.0,108.0,142.0,153.0,154.0,161.0,177.0,185.0,189.0,260.0,317.0,413.0,435.0,465.0,504.0,511.0,522.0,544.0,567.0,572.0,575.0,577.0,585.0,647.0,716.0,717.0,735.0,767.0,825.0,829.0,859.0,878.0,935.0,965.0,997.0,1000.0,
62.0,62.0,72.0,114.0,124.0,144.0,154.0,160.0,181.0,236.0,252.0,289.0,290.0,310.0,311.0,324.0,416.0,424.0,451.0,470.0,514.0,555.0,556.0,640.0,648.0,678.0,692.0,828.0,844.0,864.0,905.0,923.0,968.0,996.0,
13.0,18.0,55.0,66.0,85.0,120.0,164.0,196.0,215.0,255.0,286.0,299.0,368.0,391.0,397.0,519.0,543.0,553.0,580.0,625.0,662.0,671.0,711.0,713.0,730.0,755.0,756.0,787.0,855.0,877.0,893.0,924.0,945.0,972.0,973.0,974.0,
10.0,25.0,38.0,51.0,74.0,118.0,119.0,147.0,169.0,179.0,201.0,205.0,241.0,248.0,328.0,350.0,365.0,411.0,423.0,442.0,447.0,453.0,540.0,545.0,563.0,591.0,597.0,607.0,647.0,652.0,657.0,714.0,759.0,768.0,884.0,902.0,927.0,
14.0,16.0,105.0,145.0,227.0,231.0,254.0,279.0,280.0,344.0,436.0,455.0,521.0,535.0,541.0,586.0,601.0,638.0,711.0,719.0,747.0,784.0,785.0,825.0,850.0,867.0,
18.0,26.0,145.0,154.0,174.0,195.0,251.0,257.0,268.0,281.0,288.0,306.0,327.0,338.0,347.0,351.0,372.0,388.0,422.0,424.0,504.0,518.0,533.0,535.0,550.0,561.0,580.0,646.0,671.0,685.0,688.0,720.0,725.0,740.0,743.0,752.0,767.0,779.0,780.0,801.0,804.0,810.0,836.0,870.0,876.0,879.0,883.0,954.0,955.0,991.0,998.0,
29.0,32.0,80.0,84.0,89.0,103.0,114.0,130.0,133.0,152.0,164.0,192.0,212.0,240.0,286.0,306.0,314.0,372.0,386.0,392.0,447.0,469.0,489.0,512.0,569.0,574.0,591.0,676.0,694.0,768.0,788.0,801.0,812.0,812.0,818.0,825.0,864.0,872.0,894.0,904.0,916.0,920.0,926.0,945.0,
11.0,31.0,32.0,38.0,42.0,55.0,73.0,143.0,180.0,245.0,250.0,265.0,351.0,361.0,362.0,372.0,418.0,426.0,428.0,532.0,536.0,537.0,540.0,540.0,543.0,604.0,604.0,620.0,658.0,670.0,692.0,776.0,787.0,833.0,856.0,858.0,959.0,964.0,966.0,967.0,972.0,
14.0,15.0,29.0,50.0,50.0,111.0,187.0,264.0,268.0,269.0,276.0,300.0,322.0,351.0,357.0,372.0,425.0,428.0,437.0,449.0,452.0,473.0,510.0,516.0,532.0,546.0,586.0,595.0,649.0,651.0,652.0,753.0,815.0,852.0,900.0,937.0,938.0,945.0,
20.0,87.0,109.0,156.0,175.0,183.0,202.0,225.0,230.0,233.0,250.0,262.0,264.0,294.0,299.0,300.0,343.0,345.0,417.0,452.0,522.0,554.0,562.0,644.0,688.0,799.0,802.0,830.0,844.0,855.0,857.0,918.0,928.0,940.0,944.0,951.0,996.0,
16.0,18.0,71.0,83.0,88.0,93.0,100.0,121.0,148.0,153.0,192.0,239.0,240.0,241.0,257.0,284.0,299.0,308.0,340.0,373.0,405.0,457.0,511.0,533.0,538.0,546.0,552.0,561.0,692.0,704.0,725.0,726.0,789.0,815.0,829.0,887.0,889.0,904.0,916.0,918.0,927.0,931.0,956.0,989.0,997.0,1000.0,
18.0,41.0,72.0,81.0,81.0,83.0,106.0,115.0,121.0,130.0,156.0,175.0,178.0,179.0,190.0,210.0,238.0,300.0,346.0,393.0,444.0,486.0,522.0,528.0,531.0,543.0,598.0,703.0,736.0,759.0,767.0,783.0,793.0,836.0,842.0,910.0,910.0,970.0,983.0,989.0,992.0,
40.0,68.0,144.0,148.0,150.0,168.0,200.0,206.0,228.0,244.0,249.0,271.0,276.0,277.0,288.0,347.0,415.0,429.0,494.0,575.0,616.0,635.0,670.0,673.0,678.0,682.0,688.0,695.0,707.0,715.0,747.0,777.0,783.0,817.0,831.0,841.0,882.0,892.0,907.0,926.0,942.0,963.0,963.0,963.0,976.0,
22.0,25.0,69.0,76.0,132.0,157.0,161.0,175.0,234.0,264.0,273.0,334.0,423.0,442.0,452.0,493.0,524.0,556.0,588.0,613.0,613.0,642.0,654.0,689.0,771.0,774.0,776.0,786.0,862.0,894.0,902.0,943.0,971.0,974.0,1000.0,
5.0,6.0,14.0,26.0,46.0,70.0,111.0,179.0,240.0,241.0,295.0,300.0,349.0,396.0,440.0,445.0,489.0,549.0,559.0,567.0,580.0,636.0,689.0,709.0,736.0,747.0,808.0,833.0,914.0,921.0,922.0,924.0,952.0,956.0,976.0,984.0,984.0,985.0,
6.0,89.0,159.0,160.0,213.0,259.0,275.0,318.0,371.0,601.0,604.0,605.0,635.0,653.0,658.0,734.0,756.0,800.0,835.0,837.0,844.0,846.0,866.0,872.0,875.0,884.0,954.0,
7.0,11.0,57.0,58.0,74.0,97.0,170.0,191.0,226.0,226.0,233.0,240.0,321.0,341.0,352.0,415.0,416.0,446.0,451.0,562.0,576.0,582.0,590.0,630.0,632.0,663.0,673.0,682.0,694.0,699.0,748.0,775.0,783.0,844.0,854.0,855.0,868.0,885.0,904.0,921.0,929.0,943.0,974.0,991.0,994.0,
23.0,51.0,75.0,103.0,122.0,182.0,236.0,245.0,255.0,263.0,294.0,332.0,356.0,367.0,376.0,392.0,417.0,458.0,475.0,494.0,512.0,527.0,536.0,547.0,629.0,632.0,673.0,680.0,700.0,703.0,705.0,708.0,749.0,772.0,901.0,921.0,939.0,942.0,942.0,963.0,971.0,977.0,987.0,
6.0,23.0,29.0,87.0,119.0,124.0,126.0,160.0,186.0,193.0,278.0,291.0,377.0,381.0,390.0,442.0,448.0,470.0,473.0,475.0,503.0,515.0,547.0,554.0,554.0,577.0,580.0,587.0,592.0,747.0,777.0,789.0,803.0,805.0,850.0,911.0,985.0,
53.0,131.0,253.0,301.0,326.0,356.0,368.0,406.0,443.0,444.0,581.0,610.0,611.0,685.0,729.0,732.0,777.0,779.0,801.0,870.0,898.0,905.0,910.0,919.0,941.0,952.0,959.0,963.0,
20.0,88.0,168.0,180.0,235.0,261.0,268.0,275.0,283.0,305.0,318.0,348.0,375.0,392.0,434.0,470.0,479.0,545.0,564.0,579.0,628.0,658.0,669.0,673.0,684.0,684.0,698.0,723.0,748.0,757.0,765.0,806.0,828.0,874.0,876.0,891.0,922.0,964.0,1000.0,
20.0,60.0,88.0,111.0,197.0,211.0,281.0,379.0,384.0,405.0,406.0,425.0,430.0,437.0,463.0,493.0,504.0,505.0,517.0,531.0,579.0,582.0,586.0,610.0,612.0,625.0,674.0,681.0,681.0,741.0,747.0,759.0,783.0,792.0,833.0,851.0,880.0,895.0,908.0,946.0,980.0,
23.0,113.0,121.0,198.0,208.0,223.0,248.0,264.0,268.0,270.0,316.0,317.0,329.0,359.0,361.0,402.0,416.0,476.0,551.0,623.0,627.0,660.0,662.0,682.0,705.0,739.0,755.0,766.0,785.0,799.0,811.0,818.0,868.0,909.0,942.0,958.0,963.0,
11.0,29.0,40.0,54.0,76.0,79.0,96.0,126.0,137.0,146.0,207.0,228.0,315.0,374.0,379.0,395.0,420.0,441.0,442.0,469.0,471.0,477.0,574.0,575.0,582.0,594.0,594.0,596.0,599.0,646.0,665.0,714.0,763.0,810.0,860.0,868.0,876.0,936.0,988.0,
12.0,19.0,67.0,77.0,95.0,99.0,121.0,161.0,177.0,189.0,202.0,264.0,269.0,297.0,316.0,976.0,
87.0,91.0,107.0,147.0,166.0,217.0,238.0,271.0,287.0,321.0,327.0,343.0,345.0,351.0,385.0,435.0,449.0,475.0,485.0,503.0,506.0,
5.0,10.0,16.0,28.0,87.0,124.0,168.0,214.0,225.0,272.0,301.0,326.0,332.0,372.0,383.0,498.0,499.0,502.0,984.0,
11.0,44.0,87.0,103.0,119.0,156.0,162.0,205.0,251.0,300.0,312.0,333.0,376.0,376.0,486.0,494.0,501.0,547.0,601.0,610.0,697.0,698.0,817.0,826.0,844.0,871.0,919.0,953.0,967.0,976.0,981.0,995.0,
54.0,78.0,86.0,129.0,141.0,159.0,333.0,388.0,391.0,398.0,399.0,406.0,454.0,480.0,541.0,555.0,564.0,567.0,573.0,583.0,587.0,613.0,615.0,636.0,674.0,677.0,679.0,708.0,723.0,759.0,795.0,812.0,817.0,841.0,855.0,888.0,912.0,925.0,954.0,987.0,
7.0,27.0,38.0,52.0,82.0,83.0,143.0,183.0,242.0,271.0,277.0,281.0,301.0,368.0,374.0,456.0,464.0,519.0,540.0,606.0,623.0,633.0,655.0,723.0,794.0,800.0,896.0,964.0,978.0,981.0,
4.0,20.0,20.0,71.0,82.0,94.0,143.0,153.0,170.0,171.0,172.0,176.0,184.0,225.0,274.0,305.0,317.0,345.0,411.0,461.0,502.0,541.0,558.0,614.0,627.0,668.0,669.0,706.0,707.0,718.0,728.0,740.0,750.0,764.0,766.0,770.0,793.0,813.0,826.0,940.0,
51.0,55.0,147.0,150.0,164.0,168.0,169.0,184.0,190.0,207.0,216.0,233.0,238.0,271.0,284.0,284.0,313.0,332.0,340.0,421.0,439.0,443.0,484.0,511.0,520.0,568.0,577.0,601.0,610.0,641.0,663.0,690.0,740.0,778.0,791.0,800.0,823.0,834.0,856.0,859.0,932.0,961.0,962.0,997.0,
18.0,56.0,64.0,66.0,101.0,150.0,165.0,195.0,233.0,239.0,277.0,286.0,303.0,325.0,354.0,400.0,404.0,433.0,441.0,451.0,465.0,485.0,505.0,510.0,527.0,538.0,540.0,568.0,605.0,636.0,664.0,667.0,674.0,696.0,734.0,741.0,754.0,757.0,826.0,829.0,875.0,886.0,904.0,967.0,979.0,
15.0,17.0,70.0,73.0,91.0,106.0,131.0,184.0,196.0,208.0,231.0,240.0,247.0,291.0,304.0,319.0,363.0,384.0,387.0,427.0,441.0,443.0,474.0,495.0,522.0,561.0,636.0,641.0,653.0,682.0,736.0,744.0,747.0,750.0,751.0,753.0,759.0,766.0,773.0,774.0,781.0,786.0,791.0,830.0,831.0,905.0,943.0,946.0,954.0,990.0,
5.0,73.0,73.0,74.0,79.0,104.0,123.0,151.0,167.0,176.0,178.0,206.0,289.0,316.0,366.0,397.0,405.0,439.0,453.0,503.0,
12.0,16.0,69.0,74.0,90.0,99.0,119.0,124.0,147.0,241.0,288.0,295.0,346.0,357.0,472.0,473.0,474.0,480.0,487.0,
43.0,115.0,160.0,208.0,249.0,250.0,262.0,282.0,287.0,297.0,346.0,399.0,399.0,488.0,502.0,
16.0,82.0,109.0,182.0,186.0,193.0,227.0,240.0,286.0,332.0,336.0,438.0,460.0,490.0,615.0,647.0,673.0,732.0,733.0,742.0,762.0,768.0,823.0,839.0,884.0,912.0,919.0,955.0,
49.0,60.0,196.0,268.0,352.0,382.0,395.0,399.0,511.0,524.0,546.0,547.0,568.0,583.0,589.0,596.0,629.0,647.0,647.0,703.0,780.0,787.0,853.0,860.0,894.0,944.0,957.0,976.0,
15.0,73.0,109.0,209.0,218.0,236.0,267.0,276.0,330.0,339.0,426.0,437.0,446.0,446.0,466.0,495.0,506.0,517.0,536.0,536.0,540.0,545.0,553.0,560.0,616.0,617.0,622.0,639.0,664.0,666.0,702.0,711.0,734.0,752.0,813.0,814.0,827.0,878.0,904.0,929.0,976.0,979.0,980.0,981.0,
44.0,68.0,107.0,108.0,148.0,183.0,196.0,199.0,212.0,217.0,227.0,257.0,266.0,286.0,305.0,337.0,375.0,437.0,462.0,485.0,486.0,551.0,580.0,673.0,764.0,764.0,768.0,781.0,795.0,803.0,862.0,867.0,905.0,931.0,945.0,980.0,
69.0,164.0,227.0,235.0,256.0,264.0,303.0,348.0,357.0,360.0,378.0,381.0,396.0,426.0,455.0,464.0,501.0,504.0,548.0,563.0,569.0,575.0,611.0,613.0,638.0,658.0,718.0,718.0,729.0,734.0,751.0,789.0,797.0,826.0,900.0,921.0,944.0,952.0,984.0,
14.0,62.0,69.0,120.0,123.0,128.0,146.0,205.0,251.0,309.0,316.0,323.0,340.0,410.0,413.0,537.0,549.0,590.0,613.0,630.0,680.0,711.0,730.0,730.0,739.0,769.0,784.0,786.0,910.0,932.0,971.0,
11.0,23.0,30.0,78.0,86.0,104.0,156.0,181.0,198.0,219.0,221.0,251.0,264.0,271.0,355.0,376.0,386.0,389.0,391.0,394.0,410.0,423.0,467.0,487.0,500.0,590.0,650.0,666.0,695.0,697.0,763.0,786.0,787.0,795.0,797.0,801.0,868.0,873.0,885.0,917.0,950.0,994.0,
47.0,81.0,81.0,144.0,180.0,221.0,230.0,351.0,397.0,406.0,487.0,501.0,
13.0,18.0,87.0,114.0,164.0,187.0,190.0,201.0,214.0,242.0,250.0,255.0,255.0,268.0,318.0,415.0,478.0,491.0,501.0,
64.0,70.0,194.0,232.0,263.0,303.0,340.0,352.0,456.0,475.0,476.0,479.0,
6.0,25.0,70.0,153.0,162.0,185.0,190.0,210.0,219.0,221.0,242.0,270.0,273.0,293.0,377.0,438.0,511.0,533.0,551.0,602.0,606.0,629.0,639.0,692.0,704.0,710.0,733.0,739.0,746.0,747.0,783.0,811.0,833.0,845.0,849.0,856.0,871.0,899.0,899.0,902.0,906.0,907.0,916.0,952.0,952.0,954.0,976.0,
20.0,38.0,43.0,104.0,140.0,153.0,167.0,186.0,207.0,249.0,294.0,305.0,317.0,362.0,370.0,372.0,391.0,401.0,418.0,454.0,466.0,480.0,519.0,524.0,531.0,534.0,580.0,610.0,648.0,653.0,697.0,698.0,698.0,716.0,767.0,797.0,844.0,939.0,959.0,978.0,988.0,
4.0,6.0,36.0,37.0,106.0,148.0,188.0,253.0,286.0,305.0,312.0,325.0,338.0,347.0,369.0,371.0,385.0,419.0,459.0,479.0,479.0,489.0,494.0,508.0,511.0,517.0,547.0,555.0,571.0,586.0,640.0,731.0,743.0,762.0,793.0,825.0,869.0,872.0,879.0,880.0,890.0,991.0,993.0,995.0,
3.0,106.0,139.0,147.0,148.0,169.0,200.0,201.0,252.0,265.0,321.0,326.0,339.0,372.0,389.0,390.0,396.0,400.0,409.0,409.0,443.0,469.0,472.0,507.0,510.0,571.0,620.0,636.0,641.0,658.0,667.0,710.0,810.0,817.0,856.0,857.0,873.0,894.0,
25.0,74.0,100.0,184.0,187.0,196.0,294.0,305.0,308.0,324.0,355.0,406.0,552.0,582.0,598.0,613.0,617.0,619.0,712.0,781.0,802.0,833.0,843.0,848.0,909.0,
26.0,42.0,93.0,103.0,290.0,297.0,310.0,320.0,326.0,338.0,347.0,351.0,363.0,407.0,408.0,438.0,485.0,514.0,525.0,526.0,548.0,573.0,585.0,605.0,655.0,689.0,707.0,708.0,720.0,792.0,866.0,872.0,909.0,921.0,
16.0,17.0,22.0,48.0,63.0,107.0,124.0,163.0,218.0,260.0,282.0,292.0,318.0,333.0,393.0,423.0,431.0,557.0,570.0,576.0,666.0,676.0,679.0,721.0,731.0,783.0,784.0,798.0,804.0,830.0,851.0,857.0,875.0,882.0,901.0,901.0,910.0,957.0,988.0,
36.0,55.0,63.0,100.0,108.0,124.0,150.0,150.0,185.0,245.0,253.0,279.0,300.0,406.0,408.0,412.0,453.0,458.0,462.0,502.0,504.0,564.0,581.0,596.0,637.0,651.0,656.0,681.0,728.0,751.0,791.0,797.0,813.0,813.0,839.0,854.0,856.0,913.0,993.0,
60.0,78.0,89.0,92.0,97.0,114.0,149.0,166.0,184.0,243.0,253.0,256.0,257.0,270.0,292.0,293.0,351.0,353.0,373.0,392.0,414.0,417.0,468.0,479.0,609.0,671.0,679.0,691.0,759.0,759.0,770.0,783.0,814.0,819.0,840.0,866.0,874.0,886.0,901.0,942.0,961.0,971.0,
22.0,77.0,107.0,122.0,141.0,200.0,203.0,276.0,329.0,329.0,365.0,397.0,419.0,481.0,619.0,621.0,628.0,663.0,687.0,699.0,701.0,716.0,726.0,739.0,742.0,763.0,768.0,774.0,800.0,840.0,841.0,885.0,894.0,915.0,956.0,958.0,962.0,972.0,974.0,985.0,
49.0,67.0,102.0,128.0,168.0,206.0,243.0,245.0,257.0,265.0,298.0,351.0,375.0,385.0,410.0,432.0,453.0,512.0,515.0,517.0,543.0,548.0,583.0,637.0,643.0,663.0,682.0,692.0,718.0,748.0,755.0,795.0,810.0,821.0,832.0,834.0,838.0,853.0,890.0,961.0,971.0,
57.0,61.0,80.0,209.0,219.0,242.0,269.0,330.0,330.0,346.0,398.0,426.0,437.0,465.0,471.0,502.0,503.0,528.0,546.0,557.0,605.0,642.0,689.0,690.0,723.0,733.0,779.0,780.0,795.0,810.0,824.0,857.0,883.0,887.0,931.0,953.0,982.0,989.0,
29.0,55.0,108.0,113.0,124.0,134.0,134.0,180.0,182.0,207.0,219.0,232.0,237.0,291.0,350.0,356.0,369.0,394.0,424.0,472.0,494.0,521.0,564.0,587.0,619.0,632.0,641.0,690.0,690.0,694.0,737.0,771.0,772.0,789.0,832.0,854.0,889.0,896.0,924.0,969.0,
6.0,29.0,30.0,35.0,65.0,106.0,174.0,182.0,195.0,219.0,227.0,247.0,253.0,330.0,335.0,382.0,436.0,481.0,482.0,568.0,574.0,589.0,591.0,620.0,666.0,699.0,731.0,790.0,800.0,956.0,961.0,
19.0,40.0,150.0,259.0,283.0,291.0,307.0,358.0,406.0,440.0,548.0,552.0,605.0,605.0,624.0,643.0,694.0,696.0,697.0,710.0,712.0,716.0,810.0,833.0,842.0,843.0,850.0,884.0,891.0,914.0,927.0,938.0,939.0,
23.0,79.0,127.0,139.0,188.0,248.0,273.0,324.0,339.0,356.0,357.0,378.0,446.0,456.0,475.0,515.0,522.0,526.0,527.0,536.0,573.0,593.0,647.0,716.0,764.0,782.0,805.0,813.0,830.0,858.0,889.0,955.0,969.0,
21.0,50.0,53.0,85.0,90.0,135.0,137.0,143.0,178.0,181.0,247.0,275.0,298.0,428.0,438.0,465.0,485.0,506.0,556.0,618.0,633.0,650.0,656.0,669.0,702.0,742.0,780.0,787.0,802.0,835.0,840.0,925.0,938.0,966.0,
21.0,22.0,80.0,104.0,124.0,127.0,158.0,219.0,252.0,286.0,293.0,351.0,385.0,418.0,434.0,444.0,495.0,513.0,534.0,548.0,555.0,572.0,583.0,629.0,631.0,646.0,674.0,697.0,699.0,743.0,750.0,855.0,856.0,886.0,918.0,956.0,
3.0,3.0,8.0,28.0,85.0,90.0,91.0,134.0,157.0,171.0,172.0,182.0,218.0,290.0,291.0,292.0,293.0,309.0,310.0,379.0,412.0,419.0,444.0,459.0,468.0,526.0,526.0,548.0,593.0,607.0,611.0,622.0,636.0,661.0,699.0,709.0,801.0,812.0,843.0,846.0,860.0,928.0,972.0,975.0,
135.0,281.0,356.0,368.0,395.0,423.0,435.0,436.0,498.0,499.0,540.0,560.0,622.0,628.0,670.0,732.0,782.0,817.0,865.0,865.0,878.0,885.0,887.0,903.0,917.0,934.0,966.0,979.0,
40.0,59.0,62.0,93.0,105.0,120.0,123.0,154.0,155.0,267.0,285.0,289.0,320.0,379.0,410.0,411.0,436.0,458.0,489.0,501.0,522.0,538.0,548.0,559.0,564.0,574.0,615.0,629.0,632.0,664.0,699.0,703.0,740.0,755.0,772.0,781.0,797.0,831.0,890.0,923.0,923.0,938.0,951.0,967.0,972.0,980.0,998.0,999.0,999.0,
26.0,45.0,59.0,163.0,168.0,200.0,222.0,260.0,309.0,342.0,447.0,462.0,542.0,550.0,574.0,579.0,624.0,628.0,629.0,634.0,654.0,793.0,811.0,858.0,876.0,888.0,899.0,946.0,947.0,992.0,
36.0,111.0,177.0,184.0,196.0,215.0,335.0,341.0,400.0,403.0,476.0,547.0,554.0,566.0,649.0,695.0,740.0,746.0,766.0,821.0,886.0,888.0,910.0,974.0,991.0,
60.0,61.0,243.0,248.0,250.0,269.0,274.0,318.0,331.0,434.0,450.0,466.0,489.0,495.0,498.0,541.0,542.0,557.0,571.0,612.0,613.0,616.0,634.0,646.0,648.0,650.0,650.0,699.0,725.0,756.0,810.0,822.0,832.0,868.0,902.0,909.0,920.0,939.0,
50.0,76.0,90.0,111.0,126.0,142.0,179.0,183.0,198.0,210.0,228.0,285.0,304.0,319.0,329.0,397.0,426.0,508.0,522.0,522.0,523.0,528.0,567.0,621.0,675.0,695.0,703.0,709.0,757.0,805.0,822.0,848.0,855.0,860.0,910.0,933.0,939.0,975.0,
4.0,6.0,12.0,12.0,73.0,90.0,97.0,147.0,155.0,180.0,180.0,201.0,260.0,280.0,282.0,291.0,293.0,300.0,343.0,345.0,345.0,359.0,384.0,398.0,447.0,491.0,522.0,667.0,671.0,683.0,757.0,778.0,790.0,852.0,890.0,910.0,927.0,928.0,936.0,973.0,977.0,995.0,
11.0,92.0,117.0,139.0,154.0,232.0,305.0,368.0,379.0,391.0,397.0,469.0,490.0,521.0,557.0,632.0,633.0,634.0,667.0,671.0,762.0,787.0,800.0,802.0,836.0,883.0,884.0,887.0,961.0,986.0,
38.0,59.0,80.0,114.0,156.0,170.0,296.0,317.0,337.0,369.0,380.0,424.0,430.0,450.0,464.0,504.0,505.0,510.0,517.0,551.0,557.0,573.0,581.0,600.0,602.0,618.0,628.0,644.0,649.0,662.0,672.0,712.0,722.0,739.0,815.0,845.0,873.0,940.0,976.0,982.0,
13.0,67.0,132.0,157.0,168.0,174.0,230.0,258.0,284.0,288.0,290.0,298.0,310.0,336.0,345.0,378.0,456.0,479.0,498.0,503.0,507.0,529.0,600.0,604.0,615.0,636.0,637.0,637.0,705.0,773.0,813.0,815.0,838.0,850.0,864.0,889.0,933.0,945.0,948.0,
68.0,71.0,74.0,91.0,166.0,170.0,259.0,333.0,337.0,338.0,344.0,353.0,382.0,394.0,439.0,439.0,445.0,448.0,481.0,482.0,492.0,497.0,498.0,552.0,555.0,569.0,592.0,622.0,627.0,689.0,701.0,722.0,739.0,758.0,763.0,767.0,799.0,804.0,912.0,935.0,943.0,948.0,975.0,999.0,
5.0,30.0,35.0,37.0,43.0,68.0,98.0,107.0,129.0,130.0,200.0,213.0,238.0,239.0,263.0,282.0,287.0,313.0,318.0,329.0,356.0,368.0,407.0,421.0,466.0,484.0,523.0,533.0,533.0,535.0,551.0,572.0,604.0,607.0,619.0,635.0,644.0,662.0,680.0,688.0,733.0,746.0,757.0,814.0,815.0,820.0,860.0,874.0,920.0,927.0,951.0,955.0,967.0,968.0,
3.0,22.0,43.0,70.0,89.0,153.0,192.0,220.0,261.0,274.0,308.0,371.0,375.0,411.0,419.0,433.0,437.0,467.0,494.0,510.0,639.0,693.0,703.0,712.0,741.0,742.0,775.0,841.0,848.0,851.0,893.0,927.0,944.0,955.0,975.0,979.0,
14.0,43.0,122.0,123.0,138.0,142.0,146.0,206.0,208.0,215.0,226.0,232.0,244.0,266.0,283.0,296.0,308.0,315.0,323.0,336.0,379.0,389.0,434.0,440.0,445.0,477.0,482.0,499.0,555.0,576.0,624.0,637.0,639.0,677.0,696.0,750.0,772.0,797.0,832.0,840.0,861.0,882.0,891.0,959.0,
