8.0,24.0,51.0,111.0,125.0,135.0,147.0,182.0,200.0,300.0,301.0,354.0,359.0,404.0,449.0,534.0,543.0,555.0,558.0,650.0,651.0,662.0,685.0,700.0,730.0,758.0,763.0,764.0,786.0,786.0,790.0,798.0,864.0,875.0,900.0,943.0,975.0,
12.0,37.0,45.0,75.0,86.0,104.0,200.0,224.0,236.0,266.0,277.0,312.0,336.0,343.0,403.0,405.0,431.0,543.0,572.0,613.0,701.0,761.0,811.0,824.0,831.0,870.0,891.0,898.0,934.0,939.0,946.0,966.0,968.0,
4.0,88.0,104.0,124.0,148.0,200.0,261.0,267.0,272.0,276.0,293.0,335.0,354.0,357.0,408.0,417.0,421.0,442.0,501.0,528.0,562.0,570.0,578.0,594.0,626.0,632.0,635.0,675.0,714.0,728.0,729.0,743.0,747.0,777.0,810.0,812.0,826.0,831.0,879.0,884.0,917.0,930.0,933.0,
15.0,31.0,132.0,135.0,172.0,280.0,337.0,347.0,372.0,389.0,432.0,442.0,465.0,480.0,484.0,487.0,537.0,564.0,592.0,607.0,630.0,631.0,637.0,671.0,679.0,710.0,800.0,864.0,873.0,888.0,918.0,946.0,958.0,989.0,997.0,
13.0,15.0,19.0,47.0,54.0,97.0,110.0,126.0,130.0,137.0,147.0,186.0,245.0,334.0,349.0,406.0,418.0,456.0,468.0,494.0,549.0,556.0,560.0,583.0,649.0,659.0,752.0,765.0,856.0,860.0,891.0,910.0,950.0,958.0,
29.0,42.0,49.0,77.0,84.0,88.0,101.0,155.0,256.0,292.0,304.0,335.0,360.0,481.0,541.0,548.0,562.0,629.0,637.0,651.0,710.0,741.0,801.0,802.0,898.0,917.0,932.0,938.0,946.0,949.0,
6.0,26.0,78.0,80.0,98.0,135.0,136.0,164.0,185.0,186.0,292.0,316.0,320.0,324.0,350.0,376.0,399.0,448.0,449.0,512.0,564.0,617.0,620.0,632.0,745.0,746.0,786.0,838.0,858.0,908.0,931.0,951.0,
22.0,32.0,34.0,81.0,182.0,210.0,236.0,245.0,282.0,294.0,295.0,305.0,330.0,377.0,438.0,442.0,452.0,485.0,530.0,570.0,600.0,614.0,622.0,642.0,644.0,724.0,738.0,752.0,771.0,773.0,794.0,831.0,834.0,841.0,856.0,858.0,875.0,888.0,900.0,922.0,926.0,954.0,958.0,974.0,974.0,979.0,984.0,
45.0,58.0,64.0,75.0,80.0,83.0,120.0,137.0,180.0,198.0,318.0,343.0,349.0,375.0,417.0,473.0,522.0,530.0,545.0,545.0,551.0,585.0,594.0,610.0,668.0,675.0,704.0,712.0,768.0,803.0,826.0,827.0,843.0,880.0,890.0,896.0,911.0,915.0,937.0,964.0,
68.0,69.0,90.0,100.0,122.0,143.0,210.0,212.0,214.0,242.0,264.0,286.0,318.0,375.0,406.0,414.0,455.0,510.0,515.0,547.0,568.0,593.0,668.0,712.0,717.0,734.0,744.0,763.0,812.0,823.0,846.0,861.0,895.0,911.0,912.0,950.0,981.0,982.0,
23.0,39.0,54.0,76.0,116.0,196.0,202.0,227.0,241.0,276.0,321.0,374.0,388.0,390.0,395.0,404.0,431.0,434.0,443.0,463.0,482.0,482.0,500.0,508.0,528.0,599.0,633.0,674.0,699.0,713.0,713.0,713.0,755.0,779.0,806.0,842.0,886.0,995.0,998.0,
5.0,28.0,36.0,114.0,138.0,152.0,181.0,182.0,217.0,245.0,260.0,280.0,305.0,310.0,354.0,361.0,372.0,398.0,409.0,446.0,484.0,496.0,509.0,540.0,542.0,590.0,592.0,689.0,718.0,729.0,734.0,756.0,757.0,836.0,901.0,914.0,959.0,972.0,974.0,975.0,990.0,997.0,
99.0,126.0,127.0,135.0,182.0,225.0,238.0,300.0,303.0,317.0,368.0,386.0,409.0,450.0,485.0,506.0,514.0,547.0,564.0,594.0,606.0,670.0,680.0,680.0,681.0,690.0,718.0,755.0,764.0,790.0,917.0,926.0,929.0,967.0,982.0,989.0,
8.0,14.0,15.0,37.0,105.0,151.0,156.0,157.0,182.0,182.0,187.0,210.0,268.0,311.0,324.0,333.0,352.0,353.0,356.0,362.0,388.0,431.0,458.0,476.0,481.0,502.0,547.0,568.0,594.0,615.0,637.0,661.0,761.0,766.0,805.0,896.0,922.0,948.0,966.0,
38.0,67.0,75.0,97.0,119.0,178.0,210.0,227.0,227.0,230.0,266.0,273.0,277.0,324.0,327.0,352.0,385.0,386.0,405.0,512.0,624.0,627.0,640.0,732.0,741.0,791.0,792.0,859.0,862.0,889.0,904.0,933.0,944.0,993.0,
17.0,29.0,93.0,109.0,135.0,141.0,178.0,233.0,280.0,298.0,313.0,369.0,370.0,558.0,577.0,581.0,596.0,600.0,657.0,710.0,752.0,752.0,758.0,758.0,768.0,796.0,809.0,887.0,928.0,947.0,
11.0,15.0,48.0,68.0,74.0,127.0,140.0,143.0,214.0,265.0,328.0,336.0,342.0,346.0,362.0,376.0,389.0,444.0,471.0,504.0,546.0,626.0,652.0,664.0,680.0,850.0,868.0,925.0,
11.0,79.0,192.0,232.0,255.0,285.0,404.0,407.0,440.0,464.0,501.0,514.0,526.0,544.0,629.0,644.0,655.0,683.0,758.0,760.0,771.0,800.0,822.0,841.0,859.0,899.0,919.0,925.0,
12.0,18.0,48.0,108.0,191.0,199.0,213.0,216.0,251.0,256.0,274.0,348.0,428.0,428.0,452.0,468.0,483.0,555.0,576.0,595.0,618.0,620.0,622.0,656.0,724.0,737.0,743.0,762.0,775.0,790.0,804.0,846.0,854.0,858.0,865.0,887.0,887.0,895.0,963.0,963.0,973.0,
74.0,80.0,120.0,137.0,206.0,211.0,282.0,298.0,347.0,379.0,451.0,453.0,468.0,540.0,551.0,570.0,575.0,591.0,619.0,639.0,654.0,688.0,710.0,748.0,817.0,820.0,835.0,867.0,925.0,933.0,934.0,951.0,953.0,974.0,
5.0,59.0,78.0,88.0,91.0,116.0,176.0,176.0,197.0,209.0,221.0,297.0,301.0,400.0,452.0,487.0,505.0,521.0,532.0,551.0,589.0,595.0,614.0,617.0,635.0,658.0,672.0,710.0,710.0,798.0,837.0,845.0,935.0,938.0,968.0,989.0,
24.0,34.0,38.0,43.0,44.0,73.0,126.0,154.0,171.0,264.0,350.0,364.0,389.0,403.0,500.0,511.0,517.0,525.0,574.0,575.0,579.0,616.0,620.0,626.0,643.0,737.0,791.0,831.0,846.0,862.0,867.0,910.0,937.0,937.0,967.0,
22.0,35.0,70.0,97.0,100.0,100.0,133.0,159.0,165.0,248.0,261.0,318.0,361.0,399.0,404.0,418.0,439.0,475.0,495.0,643.0,661.0,741.0,819.0,920.0,953.0,963.0,993.0,
69.0,69.0,94.0,122.0,122.0,172.0,174.0,176.0,182.0,184.0,200.0,257.0,290.0,307.0,307.0,313.0,329.0,427.0,444.0,454.0,479.0,488.0,499.0,560.0,661.0,701.0,718.0,733.0,812.0,822.0,831.0,854.0,
17.0,23.0,26.0,79.0,92.0,111.0,127.0,145.0,190.0,239.0,265.0,274.0,382.0,385.0,399.0,504.0,516.0,531.0,536.0,537.0,542.0,554.0,554.0,568.0,594.0,614.0,640.0,652.0,654.0,664.0,701.0,713.0,713.0,776.0,785.0,815.0,816.0,834.0,868.0,901.0,940.0,941.0,967.0,990.0,
7.0,14.0,20.0,37.0,55.0,89.0,116.0,134.0,137.0,207.0,277.0,280.0,339.0,347.0,356.0,361.0,389.0,395.0,442.0,482.0,483.0,491.0,524.0,525.0,538.0,546.0,560.0,589.0,599.0,600.0,620.0,625.0,631.0,639.0,664.0,700.0,718.0,726.0,730.0,736.0,738.0,750.0,777.0,808.0,812.0,844.0,874.0,885.0,903.0,929.0,935.0,940.0,953.0,954.0,976.0,
33.0,36.0,50.0,59.0,70.0,103.0,112.0,146.0,174.0,197.0,207.0,215.0,225.0,252.0,288.0,320.0,407.0,444.0,467.0,483.0,527.0,537.0,561.0,569.0,571.0,586.0,598.0,648.0,698.0,702.0,833.0,918.0,919.0,931.0,938.0,992.0,994.0,994.0,
21.0,23.0,48.0,104.0,123.0,137.0,142.0,166.0,195.0,216.0,229.0,234.0,246.0,266.0,289.0,330.0,340.0,348.0,391.0,481.0,502.0,513.0,543.0,560.0,601.0,663.0,669.0,673.0,750.0,774.0,865.0,902.0,908.0,982.0,1000.0,
60.0,116.0,157.0,190.0,199.0,250.0,305.0,305.0,354.0,385.0,432.0,454.0,476.0,485.0,529.0,595.0,595.0,598.0,628.0,629.0,693.0,749.0,797.0,802.0,818.0,920.0,947.0,954.0,978.0,979.0,998.0,
10.0,34.0,35.0,52.0,72.0,85.0,96.0,124.0,124.0,133.0,233.0,298.0,322.0,359.0,402.0,424.0,447.0,454.0,456.0,485.0,597.0,620.0,673.0,704.0,731.0,811.0,845.0,910.0,983.0,
12.0,88.0,101.0,126.0,152.0,180.0,181.0,314.0,329.0,453.0,483.0,489.0,504.0,516.0,566.0,568.0,574.0,639.0,690.0,701.0,748.0,822.0,824.0,838.0,849.0,866.0,878.0,881.0,969.0,975.0,994.0,995.0,996.0,
5.0,19.0,63.0,87.0,117.0,189.0,195.0,224.0,237.0,276.0,283.0,304.0,335.0,416.0,421.0,470.0,474.0,564.0,568.0,633.0,707.0,717.0,731.0,753.0,817.0,830.0,837.0,863.0,884.0,970.0,
14.0,24.0,62.0,73.0,199.0,222.0,245.0,256.0,275.0,281.0,298.0,313.0,313.0,313.0,375.0,399.0,436.0,463.0,474.0,485.0,502.0,505.0,509.0,518.0,524.0,531.0,571.0,685.0,715.0,722.0,728.0,730.0,730.0,820.0,821.0,829.0,882.0,909.0,912.0,919.0,935.0,976.0,
3.0,4.0,9.0,11.0,42.0,92.0,120.0,141.0,187.0,218.0,227.0,260.0,264.0,268.0,283.0,283.0,292.0,325.0,327.0,365.0,425.0,440.0,450.0,464.0,501.0,511.0,530.0,536.0,551.0,553.0,563.0,593.0,606.0,609.0,617.0,630.0,662.0,689.0,743.0,802.0,810.0,815.0,819.0,840.0,844.0,852.0,867.0,886.0,890.0,892.0,938.0,949.0,
6.0,70.0,100.0,175.0,197.0,198.0,323.0,355.0,396.0,399.0,400.0,413.0,456.0,459.0,471.0,493.0,525.0,528.0,528.0,539.0,543.0,548.0,551.0,555.0,557.0,563.0,564.0,568.0,580.0,580.0,601.0,623.0,626.0,628.0,634.0,642.0,650.0,686.0,693.0,707.0,709.0,711.0,722.0,739.0,743.0,744.0,749.0,777.0,787.0,796.0,802.0,811.0,828.0,864.0,884.0,886.0,887.0,916.0,929.0,944.0,952.0,974.0,988.0,992.0,994.0,994.0,
12.0,28.0,69.0,99.0,141.0,156.0,167.0,215.0,218.0,288.0,306.0,331.0,333.0,367.0,394.0,520.0,525.0,530.0,537.0,538.0,541.0,547.0,557.0,561.0,577.0,577.0,584.0,586.0,589.0,594.0,610.0,619.0,625.0,628.0,635.0,642.0,655.0,681.0,692.0,699.0,708.0,719.0,720.0,742.0,742.0,758.0,776.0,823.0,830.0,833.0,837.0,838.0,841.0,863.0,868.0,871.0,907.0,918.0,933.0,935.0,943.0,952.0,960.0,973.0,981.0,997.0,
34.0,77.0,94.0,242.0,247.0,254.0,279.0,325.0,337.0,342.0,365.0,391.0,418.0,444.0,481.0,483.0,520.0,523.0,531.0,532.0,543.0,553.0,558.0,566.0,569.0,572.0,573.0,576.0,577.0,582.0,603.0,604.0,619.0,622.0,623.0,639.0,651.0,675.0,682.0,693.0,694.0,720.0,724.0,726.0,729.0,755.0,757.0,772.0,775.0,778.0,784.0,800.0,803.0,806.0,864.0,873.0,903.0,913.0,914.0,916.0,922.0,937.0,958.0,972.0,978.0,
45.0,50.0,56.0,60.0,90.0,117.0,119.0,160.0,199.0,213.0,216.0,249.0,250.0,250.0,252.0,258.0,287.0,288.0,302.0,388.0,394.0,403.0,411.0,480.0,499.0,524.0,530.0,548.0,561.0,564.0,565.0,565.0,569.0,569.0,599.0,614.0,630.0,641.0,641.0,647.0,651.0,664.0,671.0,697.0,704.0,710.0,741.0,751.0,799.0,826.0,826.0,842.0,843.0,844.0,863.0,868.0,883.0,947.0,949.0,955.0,968.0,982.0,
34.0,53.0,67.0,147.0,198.0,219.0,226.0,240.0,306.0,307.0,336.0,405.0,444.0,459.0,504.0,665.0,670.0,675.0,710.0,735.0,796.0,800.0,876.0,944.0,987.0,
59.0,142.0,169.0,175.0,220.0,227.0,234.0,337.0,398.0,427.0,439.0,498.0,498.0,519.0,521.0,546.0,563.0,580.0,583.0,603.0,609.0,613.0,624.0,640.0,674.0,729.0,734.0,743.0,789.0,798.0,806.0,823.0,829.0,850.0,864.0,927.0,
18.0,33.0,66.0,88.0,98.0,155.0,179.0,235.0,266.0,288.0,295.0,295.0,301.0,325.0,425.0,544.0,555.0,563.0,573.0,592.0,623.0,656.0,687.0,724.0,741.0,741.0,758.0,776.0,805.0,826.0,865.0,876.0,913.0,974.0,
25.0,41.0,87.0,93.0,115.0,132.0,155.0,156.0,179.0,201.0,215.0,236.0,268.0,316.0,327.0,331.0,350.0,485.0,497.0,535.0,556.0,559.0,601.0,655.0,674.0,742.0,743.0,802.0,815.0,820.0,839.0,845.0,874.0,878.0,895.0,937.0,939.0,953.0,958.0,
20.0,22.0,40.0,158.0,159.0,165.0,206.0,264.0,272.0,273.0,295.0,320.0,341.0,430.0,459.0,483.0,493.0,538.0,543.0,546.0,558.0,567.0,571.0,572.0,638.0,663.0,671.0,675.0,676.0,702.0,736.0,749.0,759.0,810.0,854.0,893.0,906.0,988.0,992.0,994.0,995.0,
20.0,22.0,37.0,76.0,78.0,95.0,105.0,127.0,139.0,141.0,160.0,164.0,200.0,203.0,210.0,223.0,225.0,300.0,332.0,355.0,391.0,409.0,492.0,513.0,529.0,531.0,534.0,534.0,540.0,542.0,543.0,552.0,557.0,564.0,576.0,576.0,577.0,578.0,579.0,584.0,593.0,595.0,598.0,602.0,604.0,606.0,608.0,610.0,616.0,617.0,634.0,637.0,638.0,643.0,660.0,666.0,680.0,686.0,707.0,724.0,757.0,760.0,769.0,771.0,788.0,799.0,848.0,854.0,854.0,857.0,880.0,909.0,924.0,928.0,941.0,962.0,978.0,981.0,985.0,998.0,
12.0,89.0,91.0,104.0,115.0,124.0,147.0,167.0,189.0,231.0,237.0,249.0,252.0,304.0,319.0,333.0,366.0,376.0,390.0,402.0,426.0,470.0,515.0,527.0,529.0,532.0,532.0,533.0,533.0,538.0,540.0,542.0,545.0,571.0,581.0,581.0,582.0,583.0,589.0,591.0,599.0,611.0,613.0,615.0,617.0,617.0,617.0,618.0,620.0,644.0,649.0,650.0,664.0,664.0,676.0,677.0,713.0,717.0,722.0,730.0,758.0,774.0,788.0,819.0,822.0,839.0,841.0,850.0,868.0,871.0,895.0,918.0,933.0,956.0,957.0,960.0,988.0,
55.0,107.0,111.0,127.0,137.0,154.0,214.0,214.0,245.0,279.0,319.0,326.0,391.0,423.0,443.0,454.0,472.0,476.0,480.0,491.0,516.0,519.0,533.0,534.0,536.0,543.0,545.0,548.0,550.0,551.0,561.0,571.0,582.0,591.0,593.0,595.0,605.0,613.0,615.0,619.0,622.0,636.0,641.0,660.0,666.0,692.0,694.0,700.0,714.0,714.0,715.0,730.0,730.0,734.0,739.0,751.0,762.0,775.0,790.0,805.0,808.0,855.0,895.0,915.0,948.0,962.0,988.0,999.0,999.0,
53.0,171.0,266.0,296.0,296.0,311.0,328.0,370.0,386.0,429.0,440.0,442.0,443.0,444.0,471.0,524.0,524.0,527.0,527.0,531.0,534.0,543.0,543.0,549.0,550.0,554.0,558.0,558.0,559.0,560.0,563.0,572.0,574.0,585.0,598.0,601.0,606.0,609.0,628.0,644.0,672.0,679.0,687.0,750.0,751.0,767.0,784.0,787.0,808.0,822.0,839.0,854.0,856.0,869.0,888.0,895.0,916.0,956.0,970.0,978.0,994.0,
13.0,22.0,57.0,64.0,125.0,136.0,149.0,284.0,291.0,292.0,299.0,329.0,352.0,369.0,399.0,453.0,496.0,498.0,518.0,520.0,521.0,522.0,525.0,536.0,554.0,556.0,562.0,563.0,576.0,580.0,591.0,594.0,599.0,610.0,617.0,626.0,629.0,630.0,637.0,645.0,648.0,665.0,665.0,668.0,673.0,677.0,704.0,708.0,709.0,710.0,729.0,731.0,759.0,762.0,776.0,780.0,790.0,792.0,794.0,795.0,803.0,829.0,829.0,833.0,837.0,843.0,862.0,866.0,869.0,877.0,896.0,917.0,930.0,944.0,958.0,966.0,970.0,998.0,
39.0,57.0,65.0,129.0,139.0,160.0,174.0,205.0,215.0,221.0,226.0,226.0,247.0,263.0,269.0,310.0,343.0,349.0,370.0,375.0,377.0,385.0,413.0,450.0,455.0,481.0,488.0,529.0,532.0,547.0,560.0,570.0,575.0,603.0,638.0,640.0,657.0,671.0,697.0,741.0,791.0,792.0,821.0,916.0,928.0,
11.0,35.0,45.0,80.0,114.0,119.0,151.0,206.0,230.0,257.0,268.0,299.0,307.0,350.0,428.0,434.0,532.0,549.0,559.0,569.0,570.0,613.0,642.0,659.0,696.0,746.0,808.0,935.0,984.0,
27.0,71.0,96.0,114.0,115.0,123.0,186.0,194.0,200.0,203.0,221.0,350.0,377.0,415.0,422.0,423.0,455.0,470.0,478.0,525.0,527.0,547.0,559.0,574.0,576.0,581.0,602.0,686.0,702.0,721.0,731.0,761.0,847.0,861.0,863.0,884.0,901.0,912.0,925.0,
9.0,20.0,38.0,38.0,75.0,76.0,88.0,91.0,93.0,98.0,152.0,195.0,196.0,204.0,239.0,240.0,249.0,268.0,275.0,285.0,288.0,310.0,340.0,407.0,418.0,436.0,467.0,515.0,555.0,557.0,559.0,595.0,607.0,624.0,640.0,656.0,742.0,760.0,778.0,781.0,790.0,798.0,815.0,819.0,820.0,865.0,889.0,911.0,915.0,966.0,990.0,
45.0,103.0,213.0,215.0,248.0,269.0,284.0,294.0,297.0,307.0,367.0,377.0,417.0,429.0,477.0,509.0,512.0,515.0,518.0,529.0,533.0,551.0,576.0,576.0,601.0,603.0,606.0,614.0,648.0,671.0,788.0,822.0,860.0,877.0,922.0,928.0,948.0,957.0,971.0,
10.0,34.0,36.0,128.0,157.0,242.0,246.0,249.0,253.0,265.0,274.0,309.0,323.0,334.0,363.0,369.0,398.0,405.0,407.0,443.0,451.0,465.0,477.0,483.0,486.0,488.0,497.0,529.0,531.0,536.0,537.0,542.0,548.0,551.0,554.0,555.0,564.0,579.0,585.0,585.0,590.0,594.0,601.0,611.0,623.0,643.0,651.0,655.0,663.0,719.0,720.0,735.0,736.0,769.0,789.0,858.0,868.0,916.0,918.0,921.0,940.0,943.0,944.0,970.0,989.0,
22.0,23.0,85.0,120.0,153.0,216.0,228.0,242.0,253.0,267.0,287.0,304.0,319.0,409.0,476.0,490.0,494.0,517.0,524.0,527.0,529.0,532.0,532.0,536.0,543.0,547.0,551.0,555.0,555.0,557.0,560.0,568.0,570.0,580.0,583.0,609.0,612.0,615.0,622.0,637.0,642.0,649.0,659.0,675.0,722.0,735.0,766.0,794.0,800.0,819.0,882.0,883.0,885.0,949.0,963.0,987.0,
3.0,10.0,29.0,84.0,184.0,197.0,212.0,228.0,244.0,307.0,314.0,345.0,380.0,399.0,448.0,460.0,460.0,494.0,512.0,519.0,524.0,535.0,537.0,537.0,538.0,539.0,548.0,549.0,550.0,554.0,563.0,566.0,569.0,569.0,578.0,588.0,589.0,611.0,612.0,627.0,639.0,665.0,685.0,687.0,699.0,706.0,711.0,713.0,717.0,720.0,733.0,754.0,771.0,774.0,796.0,800.0,808.0,816.0,832.0,839.0,928.0,938.0,951.0,957.0,963.0,
2.0,32.0,76.0,134.0,137.0,177.0,184.0,196.0,301.0,340.0,373.0,460.0,462.0,478.0,478.0,512.0,517.0,519.0,521.0,524.0,534.0,536.0,544.0,544.0,549.0,550.0,558.0,566.0,570.0,599.0,613.0,650.0,654.0,664.0,722.0,725.0,726.0,738.0,744.0,748.0,766.0,792.0,842.0,872.0,879.0,886.0,892.0,925.0,927.0,954.0,956.0,959.0,994.0,
49.0,57.0,69.0,83.0,214.0,234.0,250.0,251.0,266.0,304.0,321.0,323.0,408.0,425.0,428.0,485.0,506.0,519.0,532.0,536.0,537.0,539.0,545.0,549.0,555.0,557.0,566.0,567.0,568.0,568.0,570.0,574.0,576.0,583.0,588.0,588.0,589.0,590.0,594.0,597.0,600.0,602.0,607.0,609.0,619.0,619.0,625.0,637.0,664.0,667.0,673.0,674.0,707.0,721.0,725.0,730.0,738.0,753.0,756.0,811.0,823.0,824.0,824.0,825.0,854.0,880.0,886.0,899.0,901.0,943.0,952.0,963.0,967.0,
38.0,110.0,126.0,145.0,159.0,239.0,257.0,318.0,344.0,382.0,402.0,504.0,517.0,533.0,539.0,541.0,547.0,552.0,556.0,558.0,568.0,582.0,607.0,607.0,611.0,615.0,645.0,678.0,680.0,688.0,693.0,709.0,733.0,747.0,751.0,770.0,773.0,798.0,808.0,811.0,812.0,812.0,836.0,851.0,861.0,862.0,864.0,877.0,886.0,944.0,
47.0,75.0,94.0,140.0,143.0,175.0,198.0,205.0,239.0,251.0,282.0,306.0,314.0,344.0,366.0,367.0,369.0,402.0,405.0,431.0,459.0,476.0,504.0,531.0,583.0,603.0,611.0,680.0,683.0,705.0,859.0,959.0,
82.0,86.0,96.0,220.0,232.0,256.0,282.0,332.0,372.0,381.0,383.0,400.0,437.0,451.0,470.0,505.0,528.0,560.0,583.0,595.0,625.0,646.0,670.0,718.0,762.0,772.0,779.0,791.0,856.0,906.0,938.0,974.0,
33.0,38.0,62.0,66.0,76.0,86.0,89.0,140.0,214.0,236.0,287.0,301.0,310.0,312.0,349.0,369.0,386.0,391.0,406.0,460.0,494.0,526.0,533.0,543.0,573.0,661.0,682.0,689.0,701.0,712.0,731.0,763.0,822.0,886.0,911.0,938.0,947.0,
2.0,17.0,48.0,160.0,186.0,200.0,202.0,217.0,274.0,288.0,335.0,358.0,376.0,410.0,472.0,491.0,534.0,548.0,584.0,598.0,600.0,607.0,640.0,694.0,736.0,760.0,936.0,944.0,985.0,
76.0,81.0,81.0,96.0,115.0,121.0,129.0,153.0,200.0,221.0,221.0,240.0,258.0,280.0,322.0,372.0,397.0,417.0,481.0,494.0,531.0,536.0,538.0,542.0,543.0,548.0,551.0,562.0,564.0,589.0,591.0,593.0,598.0,615.0,621.0,624.0,625.0,626.0,635.0,640.0,656.0,662.0,666.0,668.0,674.0,680.0,681.0,684.0,698.0,725.0,729.0,729.0,739.0,755.0,780.0,781.0,783.0,784.0,784.0,785.0,785.0,799.0,816.0,836.0,856.0,878.0,895.0,919.0,929.0,930.0,938.0,941.0,949.0,959.0,961.0,961.0,961.0,974.0,975.0,981.0,991.0,
19.0,35.0,64.0,65.0,89.0,96.0,218.0,233.0,258.0,270.0,276.0,301.0,331.0,357.0,481.0,505.0,511.0,516.0,523.0,531.0,534.0,537.0,537.0,539.0,541.0,546.0,568.0,577.0,594.0,601.0,604.0,621.0,625.0,630.0,633.0,674.0,680.0,708.0,710.0,710.0,712.0,714.0,718.0,723.0,724.0,725.0,734.0,748.0,757.0,772.0,777.0,787.0,807.0,808.0,830.0,848.0,857.0,864.0,865.0,882.0,916.0,921.0,942.0,949.0,959.0,968.0,982.0,983.0,991.0,991.0,
4.0,54.0,143.0,144.0,204.0,258.0,271.0,274.0,277.0,309.0,321.0,393.0,413.0,417.0,453.0,513.0,517.0,522.0,534.0,536.0,537.0,537.0,547.0,563.0,564.0,566.0,577.0,580.0,593.0,593.0,599.0,628.0,637.0,645.0,654.0,655.0,657.0,659.0,667.0,667.0,678.0,690.0,712.0,714.0,716.0,717.0,736.0,741.0,771.0,775.0,795.0,815.0,833.0,838.0,848.0,858.0,861.0,867.0,872.0,893.0,905.0,906.0,908.0,912.0,913.0,914.0,934.0,957.0,969.0,975.0,996.0,
28.0,32.0,55.0,58.0,59.0,75.0,108.0,132.0,147.0,170.0,175.0,218.0,222.0,284.0,316.0,318.0,357.0,402.0,408.0,418.0,515.0,520.0,526.0,529.0,531.0,538.0,543.0,546.0,549.0,552.0,556.0,560.0,565.0,578.0,581.0,583.0,584.0,586.0,589.0,607.0,617.0,623.0,661.0,664.0,675.0,683.0,684.0,689.0,695.0,697.0,730.0,734.0,735.0,770.0,799.0,811.0,826.0,832.0,845.0,854.0,882.0,892.0,905.0,
110.0,146.0,260.0,292.0,333.0,340.0,373.0,489.0,517.0,531.0,531.0,532.0,533.0,533.0,534.0,538.0,545.0,547.0,548.0,550.0,554.0,556.0,558.0,572.0,575.0,577.0,581.0,584.0,592.0,593.0,604.0,609.0,618.0,625.0,639.0,682.0,692.0,693.0,694.0,696.0,711.0,716.0,721.0,735.0,735.0,736.0,742.0,753.0,759.0,780.0,784.0,787.0,791.0,856.0,857.0,865.0,868.0,909.0,919.0,981.0,985.0,992.0,992.0,993.0,995.0,
97.0,118.0,124.0,129.0,141.0,162.0,214.0,215.0,236.0,303.0,310.0,314.0,331.0,360.0,378.0,412.0,418.0,439.0,441.0,469.0,488.0,520.0,525.0,550.0,561.0,574.0,578.0,586.0,622.0,632.0,649.0,679.0,693.0,763.0,775.0,827.0,889.0,916.0,940.0,979.0,
20.0,22.0,29.0,49.0,135.0,152.0,164.0,198.0,203.0,211.0,212.0,237.0,248.0,260.0,268.0,343.0,353.0,359.0,373.0,374.0,415.0,442.0,461.0,486.0,495.0,511.0,514.0,540.0,549.0,575.0,602.0,619.0,625.0,763.0,823.0,852.0,855.0,875.0,878.0,880.0,882.0,883.0,884.0,893.0,915.0,967.0,998.0,998.0,
22.0,39.0,61.0,65.0,66.0,141.0,178.0,205.0,225.0,305.0,320.0,355.0,388.0,440.0,441.0,462.0,501.0,517.0,528.0,549.0,554.0,605.0,610.0,614.0,681.0,703.0,708.0,711.0,716.0,723.0,779.0,780.0,789.0,799.0,805.0,821.0,833.0,839.0,871.0,908.0,948.0,958.0,
15.0,21.0,92.0,177.0,212.0,302.0,313.0,351.0,414.0,428.0,442.0,456.0,487.0,519.0,530.0,532.0,544.0,556.0,570.0,740.0,777.0,787.0,789.0,796.0,817.0,845.0,861.0,905.0,937.0,965.0,979.0,983.0,
2.0,3.0,21.0,25.0,47.0,51.0,87.0,138.0,196.0,209.0,215.0,220.0,249.0,349.0,426.0,435.0,445.0,481.0,499.0,499.0,534.0,575.0,617.0,624.0,686.0,709.0,734.0,749.0,814.0,833.0,833.0,873.0,904.0,913.0,
14.0,25.0,74.0,96.0,114.0,138.0,232.0,337.0,350.0,376.0,390.0,395.0,417.0,422.0,423.0,444.0,483.0,511.0,543.0,554.0,558.0,565.0,575.0,584.0,604.0,606.0,620.0,623.0,625.0,643.0,689.0,747.0,805.0,817.0,875.0,906.0,946.0,970.0,984.0,987.0,
12.0,12.0,48.0,83.0,101.0,146.0,235.0,290.0,298.0,321.0,326.0,330.0,355.0,381.0,403.0,442.0,529.0,531.0,531.0,536.0,542.0,543.0,544.0,558.0,563.0,563.0,567.0,580.0,582.0,583.0,588.0,590.0,599.0,603.0,604.0,606.0,618.0,625.0,626.0,642.0,642.0,652.0,653.0,689.0,689.0,728.0,746.0,756.0,781.0,801.0,811.0,817.0,843.0,846.0,866.0,868.0,876.0,886.0,914.0,925.0,928.0,941.0,949.0,961.0,982.0,982.0,990.0,
45.0,57.0,65.0,80.0,92.0,109.0,128.0,129.0,139.0,143.0,160.0,168.0,168.0,171.0,198.0,243.0,281.0,309.0,355.0,366.0,376.0,421.0,461.0,470.0,474.0,519.0,542.0,543.0,544.0,545.0,552.0,554.0,556.0,557.0,563.0,569.0,571.0,578.0,586.0,591.0,593.0,600.0,619.0,624.0,626.0,626.0,649.0,671.0,685.0,693.0,694.0,698.0,708.0,739.0,750.0,753.0,756.0,781.0,783.0,814.0,816.0,838.0,842.0,865.0,874.0,881.0,916.0,917.0,923.0,941.0,951.0,966.0,974.0,986.0,987.0,999.0,
73.0,149.0,153.0,160.0,193.0,203.0,226.0,227.0,232.0,248.0,274.0,292.0,306.0,312.0,333.0,364.0,365.0,434.0,440.0,463.0,509.0,516.0,527.0,527.0,532.0,537.0,542.0,549.0,551.0,556.0,562.0,566.0,575.0,575.0,579.0,581.0,582.0,583.0,586.0,588.0,599.0,604.0,620.0,621.0,622.0,625.0,629.0,646.0,655.0,660.0,664.0,690.0,695.0,697.0,701.0,714.0,716.0,719.0,737.0,743.0,759.0,764.0,776.0,777.0,780.0,790.0,790.0,811.0,818.0,839.0,851.0,861.0,891.0,905.0,906.0,928.0,966.0,995.0,
5.0,83.0,103.0,126.0,169.0,209.0,225.0,254.0,316.0,357.0,372.0,475.0,479.0,483.0,483.0,492.0,514.0,531.0,539.0,546.0,547.0,548.0,555.0,557.0,558.0,559.0,565.0,570.0,577.0,579.0,581.0,583.0,592.0,595.0,598.0,651.0,688.0,695.0,699.0,725.0,739.0,741.0,749.0,751.0,776.0,813.0,841.0,850.0,865.0,871.0,885.0,927.0,961.0,992.0,
5.0,12.0,34.0,38.0,66.0,106.0,107.0,133.0,141.0,189.0,247.0,259.0,288.0,323.0,364.0,372.0,388.0,546.0,548.0,574.0,633.0,673.0,679.0,682.0,749.0,767.0,800.0,833.0,876.0,920.0,931.0,952.0,961.0,979.0,998.0,
107.0,206.0,224.0,269.0,312.0,344.0,347.0,357.0,365.0,401.0,402.0,402.0,432.0,453.0,458.0,495.0,524.0,575.0,590.0,680.0,700.0,728.0,738.0,750.0,756.0,759.0,815.0,822.0,834.0,852.0,894.0,907.0,933.0,943.0,962.0,978.0,994.0,
38.0,80.0,121.0,155.0,168.0,233.0,238.0,238.0,254.0,308.0,385.0,428.0,446.0,474.0,488.0,505.0,519.0,561.0,600.0,627.0,650.0,652.0,680.0,695.0,704.0,792.0,801.0,861.0,871.0,893.0,909.0,918.0,966.0,
22.0,49.0,53.0,99.0,100.0,132.0,132.0,218.0,220.0,225.0,257.0,302.0,305.0,311.0,330.0,376.0,377.0,394.0,405.0,430.0,578.0,602.0,650.0,665.0,679.0,701.0,715.0,724.0,738.0,752.0,875.0,877.0,900.0,914.0,923.0,943.0,944.0,967.0,987.0,
30.0,36.0,40.0,42.0,55.0,73.0,86.0,171.0,179.0,197.0,207.0,238.0,272.0,403.0,418.0,458.0,467.0,483.0,536.0,626.0,642.0,645.0,676.0,690.0,715.0,773.0,774.0,823.0,831.0,845.0,849.0,927.0,941.0,958.0,980.0,
20.0,31.0,33.0,76.0,80.0,142.0,156.0,174.0,177.0,186.0,231.0,235.0,318.0,341.0,370.0,453.0,474.0,488.0,492.0,509.0,514.0,528.0,542.0,647.0,714.0,724.0,737.0,760.0,781.0,848.0,857.0,864.0,872.0,
48.0,53.0,63.0,141.0,173.0,253.0,284.0,320.0,343.0,358.0,386.0,391.0,407.0,454.0,491.0,547.0,547.0,560.0,562.0,578.0,582.0,676.0,685.0,703.0,705.0,751.0,760.0,794.0,826.0,862.0,886.0,898.0,941.0,
24.0,28.0,36.0,39.0,58.0,102.0,115.0,144.0,188.0,257.0,269.0,322.0,330.0,330.0,333.0,334.0,385.0,419.0,453.0,490.0,499.0,515.0,529.0,538.0,543.0,550.0,564.0,564.0,619.0,652.0,652.0,660.0,674.0,676.0,676.0,677.0,683.0,687.0,790.0,792.0,809.0,883.0,886.0,926.0,927.0,937.0,945.0,996.0,
48.0,62.0,169.0,203.0,209.0,247.0,270.0,306.0,382.0,400.0,405.0,442.0,467.0,471.0,484.0,485.0,508.0,541.0,542.0,549.0,581.0,654.0,659.0,676.0,704.0,737.0,747.0,755.0,758.0,762.0,774.0,777.0,799.0,835.0,847.0,851.0,895.0,923.0,931.0,943.0,952.0,963.0,
18.0,35.0,36.0,106.0,186.0,196.0,213.0,229.0,263.0,285.0,381.0,383.0,386.0,406.0,450.0,454.0,466.0,474.0,476.0,512.0,513.0,574.0,583.0,610.0,612.0,613.0,626.0,629.0,661.0,674.0,707.0,803.0,826.0,882.0,
8.0,30.0,87.0,137.0,147.0,179.0,184.0,191.0,205.0,209.0,228.0,247.0,261.0,332.0,385.0,397.0,403.0,471.0,478.0,505.0,544.0,566.0,578.0,674.0,710.0,731.0,773.0,791.0,805.0,818.0,846.0,876.0,938.0,939.0,971.0,971.0,991.0,994.0,
30.0,40.0,43.0,71.0,90.0,94.0,96.0,98.0,117.0,135.0,159.0,180.0,188.0,222.0,232.0,238.0,248.0,259.0,278.0,298.0,301.0,311.0,312.0,320.0,424.0,468.0,502.0,529.0,558.0,571.0,571.0,582.0,622.0,633.0,660.0,701.0,748.0,883.0,898.0,919.0,946.0,954.0,959.0,981.0,
74.0,89.0,98.0,99.0,121.0,127.0,187.0,213.0,288.0,326.0,357.0,365.0,485.0,506.0,546.0,557.0,559.0,565.0,569.0,622.0,640.0,685.0,710.0,719.0,723.0,729.0,757.0,807.0,844.0,888.0,972.0,
3.0,12.0,71.0,114.0,128.0,163.0,179.0,211.0,356.0,373.0,408.0,453.0,498.0,549.0,556.0,596.0,605.0,660.0,721.0,744.0,772.0,858.0,955.0,
4.0,13.0,16.0,20.0,36.0,45.0,74.0,74.0,88.0,114.0,121.0,205.0,276.0,326.0,420.0,424.0,445.0,464.0,497.0,500.0,503.0,507.0,525.0,547.0,562.0,569.0,581.0,602.0,615.0,667.0,676.0,680.0,681.0,717.0,720.0,840.0,847.0,847.0,858.0,873.0,878.0,934.0,970.0,987.0,
43.0,47.0,91.0,96.0,127.0,132.0,160.0,224.0,259.0,275.0,307.0,349.0,350.0,358.0,363.0,430.0,447.0,461.0,488.0,498.0,557.0,635.0,639.0,640.0,641.0,643.0,696.0,755.0,769.0,774.0,786.0,829.0,839.0,860.0,868.0,870.0,889.0,909.0,954.0,
20.0,57.0,116.0,143.0,222.0,241.0,251.0,271.0,339.0,373.0,383.0,448.0,471.0,554.0,616.0,627.0,685.0,708.0,753.0,762.0,771.0,808.0,819.0,823.0,924.0,962.0,970.0,
49.0,90.0,100.0,103.0,110.0,210.0,251.0,263.0,263.0,334.0,368.0,403.0,440.0,520.0,539.0,540.0,542.0,545.0,729.0,852.0,894.0,921.0,927.0,967.0,969.0,999.0,
8.0,21.0,24.0,24.0,61.0,105.0,128.0,137.0,191.0,215.0,290.0,291.0,294.0,418.0,419.0,453.0,549.0,552.0,614.0,616.0,639.0,644.0,671.0,718.0,738.0,774.0,777.0,827.0,862.0,898.0,
19.0,28.0,32.0,44.0,106.0,120.0,151.0,226.0,241.0,259.0,280.0,307.0,327.0,359.0,366.0,416.0,433.0,461.0,475.0,500.0,548.0,560.0,581.0,647.0,676.0,678.0,737.0,761.0,788.0,805.0,815.0,942.0,965.0,
8.0,10.0,18.0,61.0,100.0,102.0,104.0,125.0,158.0,217.0,223.0,249.0,268.0,270.0,273.0,274.0,280.0,290.0,302.0,327.0,366.0,371.0,454.0,469.0,483.0,519.0,523.0,525.0,557.0,563.0,605.0,605.0,649.0,680.0,686.0,705.0,713.0,768.0,774.0,775.0,788.0,853.0,856.0,858.0,902.0,955.0,967.0,990.0,
2.0,22.0,43.0,49.0,57.0,96.0,143.0,143.0,162.0,209.0,209.0,222.0,238.0,250.0,252.0,334.0,352.0,429.0,483.0,494.0,505.0,510.0,609.0,669.0,669.0,674.0,687.0,689.0,710.0,777.0,812.0,825.0,843.0,894.0,901.0,968.0,974.0,
