31.0,56.0,76.0,78.0,84.0,122.0,215.0,258.0,335.0,345.0,347.0,364.0,388.0,393.0,400.0,417.0,460.0,474.0,475.0,482.0,512.0,578.0,593.0,611.0,623.0,650.0,663.0,741.0,768.0,792.0,793.0,802.0,833.0,838.0,859.0,876.0,977.0,992.0,998.0,
4.0,7.0,11.0,25.0,63.0,86.0,133.0,185.0,191.0,209.0,210.0,227.0,248.0,250.0,262.0,317.0,364.0,530.0,532.0,553.0,578.0,597.0,640.0,675.0,702.0,719.0,721.0,728.0,760.0,789.0,791.0,813.0,829.0,869.0,871.0,884.0,957.0,982.0,
36.0,40.0,44.0,81.0,83.0,97.0,121.0,132.0,135.0,153.0,153.0,157.0,182.0,207.0,233.0,274.0,289.0,321.0,337.0,339.0,353.0,357.0,364.0,381.0,405.0,408.0,413.0,414.0,472.0,479.0,487.0,507.0,520.0,576.0,582.0,592.0,628.0,635.0,636.0,654.0,672.0,731.0,734.0,737.0,778.0,797.0,808.0,811.0,845.0,856.0,857.0,886.0,887.0,898.0,909.0,915.0,917.0,927.0,977.0,991.0,994.0,
60.0,67.0,72.0,95.0,104.0,113.0,172.0,198.0,210.0,223.0,248.0,260.0,281.0,300.0,321.0,322.0,332.0,384.0,403.0,406.0,443.0,479.0,480.0,491.0,492.0,514.0,525.0,589.0,660.0,668.0,668.0,689.0,712.0,723.0,742.0,745.0,775.0,784.0,822.0,833.0,865.0,889.0,907.0,908.0,921.0,931.0,941.0,982.0,990.0,
16.0,27.0,41.0,77.0,93.0,116.0,195.0,236.0,254.0,267.0,279.0,292.0,294.0,359.0,385.0,403.0,431.0,431.0,437.0,471.0,502.0,514.0,572.0,625.0,674.0,750.0,755.0,796.0,810.0,831.0,833.0,855.0,893.0,926.0,945.0,951.0,959.0,1000.0,
13.0,19.0,42.0,91.0,97.0,168.0,177.0,196.0,242.0,263.0,297.0,307.0,342.0,384.0,387.0,394.0,421.0,453.0,479.0,484.0,534.0,574.0,591.0,633.0,665.0,777.0,798.0,800.0,822.0,835.0,862.0,864.0,874.0,876.0,919.0,923.0,932.0,946.0,952.0,
3.0,8.0,45.0,82.0,113.0,131.0,135.0,147.0,221.0,251.0,299.0,331.0,332.0,388.0,398.0,432.0,439.0,477.0,530.0,563.0,580.0,603.0,673.0,720.0,726.0,759.0,777.0,815.0,825.0,834.0,841.0,854.0,864.0,874.0,901.0,911.0,911.0,976.0,
17.0,19.0,42.0,46.0,76.0,96.0,119.0,134.0,136.0,181.0,215.0,293.0,353.0,360.0,381.0,405.0,419.0,469.0,527.0,542.0,590.0,615.0,747.0,794.0,818.0,899.0,917.0,923.0,933.0,942.0,958.0,980.0,
3.0,114.0,127.0,203.0,317.0,374.0,408.0,417.0,429.0,449.0,450.0,455.0,502.0,512.0,550.0,579.0,648.0,648.0,676.0,678.0,729.0,743.0,767.0,814.0,851.0,963.0,970.0,976.0,995.0,
31.0,37.0,86.0,87.0,93.0,93.0,107.0,140.0,142.0,149.0,151.0,165.0,166.0,171.0,181.0,232.0,234.0,275.0,276.0,277.0,293.0,322.0,326.0,338.0,363.0,517.0,591.0,606.0,691.0,710.0,723.0,750.0,776.0,791.0,816.0,818.0,838.0,890.0,928.0,950.0,
21.0,60.0,69.0,99.0,174.0,180.0,243.0,277.0,279.0,293.0,300.0,303.0,329.0,355.0,363.0,382.0,416.0,488.0,499.0,508.0,544.0,576.0,597.0,607.0,617.0,629.0,686.0,703.0,705.0,751.0,765.0,784.0,799.0,859.0,896.0,963.0,
8.0,37.0,52.0,57.0,79.0,113.0,115.0,116.0,135.0,138.0,188.0,220.0,240.0,272.0,281.0,306.0,324.0,331.0,351.0,358.0,401.0,432.0,450.0,469.0,489.0,538.0,540.0,584.0,598.0,615.0,689.0,737.0,739.0,755.0,793.0,812.0,881.0,905.0,924.0,950.0,953.0,955.0,964.0,977.0,985.0,
89.0,112.0,114.0,127.0,137.0,151.0,191.0,259.0,337.0,338.0,347.0,392.0,396.0,399.0,447.0,457.0,477.0,498.0,547.0,580.0,597.0,608.0,670.0,671.0,672.0,693.0,694.0,701.0,706.0,740.0,816.0,832.0,875.0,912.0,967.0,
9.0,39.0,174.0,215.0,255.0,264.0,269.0,281.0,294.0,328.0,333.0,334.0,371.0,382.0,386.0,402.0,411.0,421.0,428.0,464.0,478.0,504.0,513.0,521.0,523.0,539.0,549.0,583.0,587.0,618.0,668.0,691.0,709.0,739.0,742.0,753.0,761.0,824.0,856.0,867.0,878.0,886.0,894.0,909.0,915.0,927.0,950.0,955.0,
13.0,60.0,64.0,105.0,119.0,123.0,138.0,198.0,210.0,227.0,257.0,361.0,371.0,380.0,396.0,403.0,416.0,421.0,448.0,449.0,450.0,493.0,514.0,517.0,519.0,574.0,594.0,601.0,613.0,633.0,664.0,680.0,771.0,780.0,795.0,797.0,818.0,894.0,900.0,926.0,
104.0,108.0,112.0,138.0,155.0,171.0,203.0,226.0,229.0,236.0,248.0,249.0,268.0,312.0,322.0,324.0,332.0,352.0,376.0,403.0,480.0,589.0,602.0,643.0,648.0,650.0,715.0,718.0,718.0,739.0,805.0,878.0,934.0,954.0,977.0,
10.0,133.0,164.0,170.0,174.0,216.0,226.0,234.0,236.0,273.0,324.0,325.0,425.0,465.0,470.0,582.0,599.0,650.0,699.0,747.0,765.0,813.0,837.0,872.0,874.0,905.0,917.0,976.0,997.0,
5.0,33.0,56.0,80.0,94.0,139.0,149.0,173.0,189.0,212.0,217.0,232.0,240.0,264.0,277.0,330.0,412.0,420.0,431.0,463.0,501.0,528.0,529.0,545.0,581.0,641.0,744.0,746.0,767.0,776.0,804.0,814.0,851.0,895.0,924.0,987.0,994.0,
8.0,51.0,62.0,66.0,71.0,82.0,110.0,147.0,201.0,387.0,464.0,508.0,533.0,545.0,558.0,610.0,667.0,712.0,714.0,731.0,866.0,872.0,896.0,930.0,948.0,968.0,
4.0,9.0,56.0,59.0,64.0,93.0,102.0,103.0,114.0,116.0,124.0,231.0,232.0,296.0,300.0,367.0,375.0,377.0,401.0,430.0,471.0,473.0,479.0,486.0,523.0,538.0,547.0,558.0,579.0,584.0,637.0,641.0,663.0,696.0,726.0,732.0,743.0,787.0,802.0,804.0,807.0,830.0,893.0,926.0,
26.0,41.0,53.0,88.0,94.0,97.0,146.0,193.0,214.0,225.0,232.0,239.0,347.0,386.0,392.0,396.0,425.0,434.0,439.0,464.0,549.0,550.0,575.0,592.0,622.0,672.0,703.0,723.0,739.0,741.0,747.0,835.0,876.0,884.0,914.0,918.0,
16.0,60.0,64.0,94.0,108.0,108.0,116.0,147.0,164.0,210.0,218.0,236.0,263.0,294.0,297.0,306.0,310.0,318.0,326.0,342.0,376.0,379.0,386.0,401.0,420.0,459.0,498.0,557.0,570.0,593.0,598.0,600.0,670.0,684.0,718.0,752.0,753.0,769.0,789.0,808.0,817.0,829.0,838.0,897.0,919.0,928.0,979.0,980.0,
4.0,71.0,99.0,132.0,143.0,192.0,193.0,195.0,205.0,212.0,218.0,218.0,260.0,277.0,279.0,324.0,331.0,334.0,364.0,403.0,472.0,513.0,520.0,563.0,606.0,630.0,655.0,659.0,664.0,675.0,693.0,700.0,745.0,748.0,793.0,
30.0,77.0,95.0,96.0,120.0,149.0,173.0,196.0,206.0,234.0,250.0,256.0,311.0,317.0,342.0,353.0,366.0,400.0,410.0,479.0,487.0,544.0,554.0,565.0,571.0,642.0,666.0,837.0,897.0,968.0,
7.0,11.0,45.0,52.0,98.0,104.0,115.0,152.0,198.0,204.0,213.0,216.0,216.0,248.0,253.0,254.0,267.0,271.0,277.0,310.0,325.0,335.0,359.0,384.0,395.0,402.0,439.0,505.0,513.0,523.0,523.0,525.0,547.0,553.0,554.0,557.0,561.0,571.0,583.0,641.0,647.0,654.0,658.0,724.0,733.0,829.0,858.0,874.0,905.0,908.0,917.0,933.0,958.0,
58.0,124.0,178.0,230.0,235.0,254.0,297.0,350.0,390.0,392.0,400.0,418.0,434.0,489.0,501.0,514.0,532.0,533.0,537.0,540.0,557.0,560.0,567.0,599.0,600.0,605.0,613.0,625.0,631.0,664.0,692.0,722.0,744.0,744.0,758.0,769.0,849.0,856.0,870.0,896.0,990.0,
7.0,8.0,57.0,63.0,91.0,102.0,152.0,158.0,188.0,190.0,212.0,233.0,247.0,252.0,253.0,297.0,358.0,365.0,387.0,420.0,422.0,429.0,521.0,539.0,544.0,544.0,560.0,586.0,590.0,637.0,637.0,653.0,658.0,680.0,684.0,702.0,712.0,724.0,730.0,732.0,737.0,778.0,852.0,895.0,926.0,927.0,937.0,940.0,
18.0,66.0,76.0,80.0,90.0,150.0,182.0,207.0,220.0,243.0,255.0,313.0,394.0,435.0,446.0,466.0,467.0,471.0,483.0,536.0,559.0,572.0,583.0,613.0,619.0,631.0,655.0,678.0,689.0,749.0,795.0,814.0,
20.0,43.0,159.0,193.0,248.0,259.0,276.0,322.0,507.0,518.0,580.0,636.0,641.0,681.0,705.0,729.0,784.0,829.0,926.0,929.0,943.0,980.0,
8.0,25.0,95.0,107.0,115.0,137.0,171.0,182.0,236.0,247.0,278.0,326.0,343.0,368.0,392.0,402.0,489.0,565.0,606.0,623.0,648.0,739.0,788.0,793.0,822.0,824.0,824.0,859.0,922.0,935.0,943.0,944.0,949.0,977.0,
90.0,138.0,143.0,191.0,222.0,224.0,243.0,261.0,262.0,316.0,347.0,384.0,404.0,421.0,438.0,441.0,467.0,472.0,498.0,583.0,655.0,668.0,701.0,708.0,720.0,722.0,743.0,790.0,792.0,811.0,814.0,819.0,830.0,831.0,849.0,878.0,879.0,922.0,944.0,948.0,951.0,967.0,992.0,
11.0,28.0,44.0,121.0,140.0,176.0,273.0,347.0,377.0,416.0,430.0,438.0,475.0,500.0,507.0,514.0,514.0,585.0,614.0,632.0,636.0,685.0,714.0,749.0,782.0,794.0,843.0,848.0,849.0,863.0,
41.0,41.0,78.0,103.0,112.0,182.0,195.0,242.0,259.0,297.0,359.0,385.0,436.0,440.0,440.0,453.0,458.0,464.0,504.0,526.0,555.0,558.0,565.0,571.0,615.0,628.0,675.0,715.0,728.0,768.0,784.0,831.0,919.0,937.0,977.0,985.0,
12.0,18.0,72.0,73.0,98.0,98.0,118.0,129.0,136.0,146.0,225.0,243.0,249.0,254.0,265.0,296.0,320.0,419.0,426.0,510.0,513.0,526.0,534.0,536.0,553.0,574.0,580.0,584.0,593.0,601.0,620.0,652.0,666.0,710.0,734.0,757.0,780.0,785.0,815.0,876.0,878.0,907.0,908.0,920.0,957.0,966.0,967.0,993.0,
39.0,66.0,111.0,150.0,165.0,179.0,180.0,186.0,187.0,198.0,199.0,215.0,250.0,284.0,295.0,302.0,319.0,321.0,342.0,356.0,359.0,376.0,404.0,415.0,452.0,464.0,485.0,486.0,527.0,530.0,530.0,531.0,539.0,539.0,545.0,557.0,567.0,571.0,573.0,582.0,585.0,586.0,595.0,613.0,618.0,625.0,629.0,638.0,640.0,661.0,661.0,662.0,664.0,665.0,675.0,696.0,711.0,716.0,740.0,758.0,764.0,771.0,776.0,824.0,834.0,839.0,866.0,879.0,881.0,887.0,892.0,896.0,908.0,921.0,938.0,950.0,951.0,962.0,973.0,984.0,987.0,
19.0,40.0,45.0,52.0,112.0,174.0,181.0,244.0,245.0,262.0,330.0,337.0,342.0,359.0,422.0,492.0,519.0,524.0,525.0,534.0,535.0,535.0,536.0,538.0,543.0,550.0,554.0,555.0,556.0,557.0,578.0,588.0,588.0,640.0,662.0,664.0,676.0,691.0,698.0,735.0,738.0,744.0,754.0,755.0,770.0,787.0,791.0,793.0,796.0,804.0,829.0,845.0,919.0,952.0,957.0,974.0,989.0,997.0,
10.0,38.0,54.0,81.0,92.0,102.0,113.0,148.0,166.0,203.0,205.0,239.0,249.0,255.0,272.0,315.0,317.0,326.0,332.0,384.0,399.0,496.0,526.0,528.0,535.0,538.0,541.0,542.0,542.0,557.0,569.0,572.0,576.0,583.0,587.0,594.0,625.0,629.0,633.0,658.0,676.0,679.0,686.0,690.0,693.0,695.0,701.0,723.0,726.0,735.0,748.0,750.0,791.0,804.0,815.0,834.0,843.0,858.0,862.0,910.0,945.0,999.0,
22.0,34.0,131.0,136.0,201.0,210.0,212.0,251.0,257.0,279.0,357.0,370.0,407.0,417.0,427.0,427.0,454.0,457.0,460.0,477.0,480.0,507.0,522.0,535.0,544.0,566.0,571.0,581.0,591.0,593.0,593.0,595.0,598.0,600.0,612.0,617.0,620.0,650.0,656.0,660.0,662.0,693.0,722.0,725.0,786.0,856.0,871.0,894.0,925.0,941.0,947.0,961.0,970.0,988.0,988.0,
55.0,70.0,74.0,101.0,148.0,152.0,181.0,183.0,230.0,239.0,249.0,266.0,277.0,372.0,388.0,399.0,403.0,420.0,432.0,452.0,457.0,483.0,505.0,623.0,701.0,704.0,713.0,879.0,969.0,970.0,
5.0,5.0,38.0,49.0,63.0,84.0,100.0,105.0,135.0,163.0,163.0,175.0,177.0,192.0,244.0,266.0,268.0,350.0,360.0,365.0,389.0,445.0,458.0,490.0,498.0,504.0,514.0,522.0,523.0,603.0,607.0,640.0,681.0,697.0,748.0,827.0,848.0,857.0,869.0,890.0,900.0,950.0,957.0,984.0,
7.0,19.0,48.0,69.0,90.0,127.0,142.0,162.0,163.0,206.0,257.0,266.0,273.0,278.0,302.0,303.0,318.0,319.0,424.0,450.0,451.0,463.0,473.0,477.0,517.0,521.0,533.0,542.0,596.0,602.0,609.0,610.0,619.0,623.0,626.0,649.0,651.0,681.0,729.0,747.0,757.0,785.0,798.0,854.0,903.0,
46.0,81.0,156.0,222.0,230.0,320.0,333.0,484.0,521.0,582.0,582.0,622.0,631.0,649.0,689.0,708.0,731.0,846.0,872.0,911.0,926.0,945.0,994.0,994.0,
76.0,110.0,126.0,178.0,235.0,248.0,293.0,296.0,312.0,427.0,443.0,463.0,507.0,515.0,543.0,544.0,554.0,555.0,584.0,600.0,625.0,783.0,790.0,795.0,796.0,821.0,845.0,897.0,924.0,949.0,949.0,971.0,
48.0,57.0,70.0,117.0,144.0,153.0,218.0,223.0,238.0,240.0,254.0,265.0,267.0,278.0,380.0,384.0,401.0,456.0,466.0,489.0,524.0,535.0,540.0,558.0,571.0,572.0,576.0,576.0,579.0,598.0,602.0,610.0,613.0,619.0,621.0,628.0,629.0,630.0,634.0,640.0,656.0,662.0,679.0,681.0,694.0,697.0,717.0,733.0,740.0,743.0,749.0,754.0,759.0,773.0,784.0,791.0,807.0,814.0,822.0,830.0,841.0,850.0,878.0,886.0,895.0,910.0,911.0,938.0,944.0,949.0,967.0,995.0,
10.0,54.0,72.0,86.0,88.0,156.0,259.0,267.0,354.0,365.0,398.0,424.0,427.0,453.0,487.0,508.0,515.0,537.0,540.0,547.0,547.0,549.0,553.0,556.0,557.0,557.0,557.0,566.0,568.0,570.0,577.0,582.0,590.0,597.0,604.0,610.0,616.0,617.0,622.0,632.0,633.0,659.0,660.0,661.0,663.0,674.0,679.0,680.0,695.0,700.0,714.0,716.0,724.0,731.0,769.0,783.0,791.0,824.0,832.0,838.0,854.0,885.0,885.0,891.0,892.0,913.0,921.0,921.0,943.0,954.0,964.0,967.0,969.0,980.0,999.0,
63.0,141.0,152.0,177.0,207.0,214.0,216.0,225.0,266.0,283.0,295.0,296.0,304.0,312.0,459.0,497.0,507.0,519.0,522.0,524.0,528.0,534.0,535.0,537.0,537.0,540.0,550.0,551.0,552.0,556.0,560.0,580.0,585.0,585.0,606.0,614.0,618.0,618.0,629.0,632.0,633.0,633.0,638.0,646.0,647.0,651.0,653.0,657.0,663.0,710.0,721.0,727.0,743.0,793.0,801.0,843.0,845.0,856.0,874.0,884.0,926.0,958.0,970.0,971.0,
15.0,17.0,30.0,74.0,77.0,79.0,131.0,174.0,182.0,210.0,212.0,215.0,250.0,258.0,284.0,292.0,392.0,393.0,407.0,410.0,447.0,459.0,529.0,552.0,553.0,554.0,556.0,558.0,560.0,562.0,565.0,571.0,577.0,577.0,583.0,584.0,588.0,588.0,595.0,601.0,602.0,610.0,623.0,625.0,632.0,645.0,653.0,665.0,671.0,689.0,697.0,698.0,708.0,721.0,739.0,751.0,756.0,764.0,767.0,785.0,788.0,800.0,801.0,807.0,813.0,850.0,858.0,876.0,881.0,901.0,906.0,908.0,910.0,913.0,938.0,941.0,961.0,997.0,1000.0,
10.0,36.0,103.0,134.0,136.0,173.0,187.0,211.0,230.0,246.0,281.0,311.0,320.0,349.0,356.0,393.0,402.0,415.0,427.0,441.0,460.0,463.0,486.0,512.0,526.0,532.0,532.0,533.0,534.0,536.0,540.0,543.0,550.0,555.0,555.0,559.0,559.0,563.0,565.0,569.0,570.0,583.0,590.0,594.0,601.0,609.0,610.0,617.0,622.0,626.0,636.0,638.0,642.0,654.0,654.0,679.0,680.0,698.0,707.0,720.0,729.0,734.0,735.0,736.0,738.0,741.0,748.0,761.0,786.0,799.0,810.0,814.0,825.0,845.0,849.0,856.0,880.0,885.0,899.0,906.0,924.0,924.0,933.0,955.0,956.0,977.0,
57.0,68.0,98.0,98.0,152.0,189.0,205.0,225.0,238.0,281.0,286.0,330.0,333.0,341.0,365.0,391.0,450.0,479.0,514.0,530.0,539.0,553.0,553.0,558.0,598.0,639.0,642.0,725.0,737.0,738.0,814.0,825.0,829.0,837.0,864.0,910.0,944.0,987.0,
5.0,13.0,45.0,48.0,50.0,73.0,77.0,84.0,127.0,157.0,175.0,179.0,201.0,203.0,235.0,259.0,287.0,304.0,351.0,378.0,435.0,453.0,472.0,503.0,550.0,630.0,634.0,678.0,713.0,830.0,872.0,878.0,878.0,923.0,987.0,996.0,
9.0,22.0,29.0,37.0,37.0,47.0,51.0,60.0,62.0,94.0,99.0,132.0,136.0,175.0,193.0,232.0,248.0,286.0,295.0,313.0,360.0,455.0,503.0,509.0,515.0,516.0,530.0,534.0,622.0,635.0,669.0,695.0,725.0,725.0,750.0,768.0,795.0,830.0,841.0,842.0,862.0,881.0,889.0,889.0,988.0,994.0,
3.0,38.0,99.0,101.0,133.0,143.0,169.0,210.0,222.0,223.0,242.0,259.0,276.0,276.0,312.0,318.0,332.0,358.0,376.0,410.0,425.0,438.0,502.0,507.0,642.0,671.0,680.0,813.0,831.0,844.0,872.0,886.0,949.0,972.0,
27.0,55.0,56.0,75.0,80.0,112.0,135.0,145.0,232.0,235.0,244.0,267.0,270.0,271.0,282.0,283.0,284.0,303.0,312.0,323.0,326.0,326.0,347.0,384.0,420.0,439.0,458.0,486.0,537.0,538.0,548.0,558.0,559.0,572.0,596.0,597.0,609.0,613.0,622.0,633.0,681.0,694.0,700.0,719.0,752.0,783.0,813.0,899.0,940.0,969.0,993.0,
78.0,104.0,106.0,107.0,137.0,141.0,152.0,184.0,193.0,199.0,223.0,298.0,349.0,420.0,472.0,501.0,507.0,525.0,527.0,527.0,532.0,535.0,549.0,553.0,554.0,567.0,577.0,577.0,579.0,589.0,599.0,610.0,619.0,628.0,628.0,628.0,635.0,645.0,658.0,659.0,683.0,696.0,721.0,730.0,732.0,737.0,738.0,751.0,756.0,761.0,792.0,794.0,794.0,799.0,808.0,815.0,816.0,822.0,842.0,844.0,870.0,886.0,933.0,954.0,989.0,993.0,999.0,
2.0,12.0,24.0,38.0,40.0,53.0,58.0,85.0,128.0,173.0,301.0,326.0,340.0,371.0,417.0,424.0,436.0,484.0,523.0,529.0,537.0,541.0,541.0,562.0,563.0,573.0,605.0,612.0,612.0,628.0,645.0,655.0,658.0,663.0,665.0,673.0,679.0,682.0,691.0,712.0,723.0,767.0,773.0,783.0,787.0,808.0,832.0,834.0,853.0,907.0,916.0,931.0,987.0,989.0,995.0,
79.0,81.0,84.0,87.0,115.0,176.0,179.0,226.0,227.0,289.0,297.0,312.0,370.0,380.0,398.0,450.0,466.0,514.0,515.0,524.0,545.0,549.0,556.0,558.0,562.0,563.0,569.0,573.0,579.0,586.0,595.0,602.0,610.0,615.0,625.0,641.0,646.0,651.0,652.0,665.0,684.0,707.0,715.0,723.0,737.0,738.0,738.0,755.0,775.0,782.0,784.0,800.0,800.0,827.0,836.0,864.0,865.0,907.0,908.0,926.0,932.0,937.0,945.0,975.0,
15.0,106.0,110.0,175.0,210.0,219.0,266.0,325.0,354.0,360.0,378.0,419.0,425.0,435.0,439.0,477.0,479.0,480.0,497.0,517.0,528.0,528.0,533.0,535.0,535.0,535.0,540.0,548.0,550.0,564.0,573.0,581.0,584.0,588.0,595.0,599.0,610.0,621.0,638.0,638.0,646.0,664.0,679.0,684.0,703.0,710.0,713.0,716.0,742.0,747.0,762.0,788.0,789.0,794.0,796.0,809.0,835.0,844.0,857.0,869.0,893.0,914.0,941.0,954.0,958.0,
14.0,21.0,99.0,155.0,191.0,209.0,211.0,246.0,251.0,294.0,342.0,349.0,382.0,398.0,422.0,434.0,444.0,525.0,528.0,533.0,533.0,542.0,549.0,550.0,550.0,566.0,570.0,578.0,586.0,594.0,598.0,614.0,619.0,624.0,634.0,639.0,649.0,678.0,693.0,696.0,725.0,730.0,741.0,751.0,755.0,766.0,781.0,785.0,796.0,804.0,804.0,809.0,840.0,882.0,900.0,925.0,942.0,948.0,977.0,985.0,989.0,989.0,
25.0,51.0,87.0,151.0,188.0,237.0,247.0,271.0,281.0,329.0,345.0,360.0,470.0,510.0,526.0,534.0,542.0,544.0,555.0,585.0,610.0,611.0,613.0,614.0,617.0,636.0,666.0,675.0,680.0,727.0,822.0,862.0,888.0,915.0,946.0,977.0,
3.0,30.0,105.0,163.0,219.0,305.0,330.0,336.0,412.0,413.0,439.0,452.0,463.0,469.0,502.0,519.0,526.0,571.0,589.0,606.0,614.0,616.0,655.0,672.0,800.0,823.0,827.0,851.0,879.0,881.0,885.0,927.0,947.0,
17.0,53.0,64.0,85.0,110.0,113.0,127.0,153.0,192.0,200.0,229.0,240.0,292.0,370.0,378.0,419.0,432.0,450.0,494.0,531.0,532.0,556.0,557.0,564.0,603.0,628.0,669.0,675.0,697.0,704.0,737.0,812.0,831.0,847.0,898.0,937.0,967.0,976.0,
2.0,5.0,34.0,36.0,38.0,93.0,112.0,144.0,145.0,165.0,170.0,190.0,193.0,278.0,302.0,317.0,318.0,326.0,355.0,418.0,536.0,545.0,556.0,611.0,829.0,852.0,907.0,950.0,
16.0,43.0,58.0,69.0,87.0,112.0,136.0,138.0,141.0,160.0,208.0,217.0,241.0,315.0,318.0,323.0,341.0,413.0,460.0,471.0,481.0,486.0,494.0,550.0,571.0,589.0,609.0,621.0,625.0,674.0,720.0,752.0,806.0,889.0,914.0,921.0,933.0,952.0,979.0,997.0,
65.0,69.0,149.0,151.0,162.0,186.0,213.0,225.0,250.0,266.0,268.0,270.0,294.0,314.0,377.0,440.0,495.0,501.0,523.0,524.0,527.0,528.0,537.0,540.0,548.0,548.0,551.0,553.0,555.0,557.0,557.0,560.0,564.0,575.0,582.0,584.0,586.0,602.0,616.0,626.0,631.0,640.0,642.0,646.0,664.0,665.0,676.0,676.0,693.0,703.0,711.0,724.0,732.0,733.0,738.0,754.0,778.0,785.0,795.0,800.0,811.0,812.0,840.0,848.0,869.0,872.0,893.0,960.0,965.0,977.0,984.0,988.0,
14.0,37.0,138.0,147.0,216.0,223.0,263.0,273.0,286.0,286.0,302.0,340.0,361.0,362.0,386.0,389.0,437.0,439.0,511.0,521.0,529.0,531.0,534.0,538.0,541.0,543.0,545.0,546.0,554.0,563.0,568.0,570.0,575.0,583.0,586.0,602.0,622.0,632.0,651.0,661.0,664.0,668.0,677.0,679.0,692.0,705.0,718.0,725.0,734.0,744.0,753.0,782.0,808.0,823.0,871.0,874.0,882.0,918.0,927.0,964.0,977.0,978.0,987.0,991.0,998.0,
57.0,58.0,91.0,105.0,210.0,221.0,222.0,227.0,247.0,284.0,292.0,348.0,384.0,436.0,492.0,498.0,527.0,529.0,539.0,543.0,549.0,549.0,555.0,559.0,559.0,559.0,571.0,578.0,580.0,583.0,589.0,594.0,600.0,607.0,609.0,612.0,621.0,623.0,627.0,629.0,638.0,647.0,658.0,661.0,662.0,682.0,682.0,684.0,709.0,724.0,744.0,747.0,780.0,787.0,801.0,836.0,837.0,843.0,866.0,871.0,878.0,884.0,893.0,895.0,918.0,924.0,932.0,940.0,940.0,951.0,957.0,958.0,976.0,983.0,993.0,994.0,
7.0,38.0,68.0,133.0,147.0,173.0,176.0,296.0,312.0,329.0,341.0,341.0,415.0,461.0,491.0,525.0,531.0,531.0,539.0,543.0,543.0,544.0,550.0,554.0,562.0,575.0,577.0,578.0,587.0,591.0,603.0,608.0,618.0,619.0,620.0,631.0,637.0,649.0,657.0,657.0,681.0,685.0,695.0,706.0,714.0,719.0,743.0,747.0,749.0,750.0,750.0,768.0,794.0,832.0,860.0,877.0,883.0,883.0,885.0,885.0,896.0,902.0,949.0,958.0,985.0,986.0,995.0,
86.0,163.0,194.0,215.0,226.0,282.0,288.0,292.0,336.0,407.0,417.0,435.0,523.0,523.0,532.0,543.0,546.0,556.0,560.0,562.0,573.0,587.0,608.0,610.0,611.0,613.0,617.0,617.0,662.0,666.0,676.0,678.0,682.0,695.0,703.0,712.0,715.0,715.0,716.0,723.0,724.0,725.0,738.0,744.0,778.0,791.0,804.0,805.0,806.0,814.0,830.0,844.0,865.0,865.0,871.0,873.0,894.0,897.0,900.0,914.0,939.0,953.0,965.0,970.0,987.0,988.0,989.0,990.0,
83.0,83.0,90.0,101.0,123.0,246.0,287.0,291.0,315.0,346.0,493.0,504.0,516.0,519.0,526.0,539.0,543.0,548.0,555.0,555.0,573.0,588.0,594.0,656.0,754.0,771.0,809.0,817.0,866.0,875.0,882.0,910.0,928.0,943.0,959.0,964.0,988.0,990.0,992.0,995.0,
3.0,27.0,89.0,152.0,164.0,199.0,217.0,362.0,371.0,405.0,406.0,422.0,422.0,440.0,471.0,475.0,483.0,494.0,496.0,523.0,658.0,660.0,695.0,718.0,827.0,881.0,
15.0,27.0,34.0,59.0,84.0,96.0,161.0,204.0,240.0,241.0,245.0,251.0,262.0,290.0,333.0,376.0,385.0,414.0,497.0,510.0,579.0,642.0,668.0,722.0,766.0,815.0,816.0,836.0,892.0,904.0,907.0,930.0,950.0,981.0,991.0,993.0,1000.0,
19.0,52.0,81.0,88.0,96.0,97.0,131.0,197.0,244.0,289.0,332.0,350.0,355.0,364.0,389.0,425.0,570.0,654.0,718.0,724.0,727.0,732.0,745.0,756.0,769.0,770.0,782.0,785.0,810.0,820.0,904.0,925.0,929.0,976.0,
25.0,46.0,47.0,49.0,52.0,74.0,129.0,162.0,167.0,201.0,253.0,260.0,263.0,264.0,274.0,338.0,353.0,399.0,425.0,516.0,577.0,656.0,771.0,800.0,839.0,951.0,981.0,996.0,
17.0,22.0,63.0,78.0,98.0,178.0,207.0,216.0,217.0,247.0,277.0,282.0,289.0,339.0,397.0,405.0,457.0,515.0,517.0,519.0,526.0,546.0,551.0,556.0,564.0,581.0,582.0,591.0,635.0,651.0,691.0,705.0,713.0,739.0,752.0,753.0,791.0,811.0,823.0,831.0,850.0,857.0,860.0,876.0,898.0,904.0,908.0,917.0,936.0,953.0,957.0,993.0,
19.0,168.0,170.0,200.0,236.0,295.0,301.0,322.0,342.0,344.0,382.0,403.0,424.0,439.0,454.0,461.0,483.0,507.0,534.0,537.0,541.0,547.0,553.0,554.0,561.0,561.0,562.0,563.0,570.0,576.0,578.0,580.0,582.0,587.0,595.0,610.0,614.0,623.0,623.0,636.0,653.0,655.0,662.0,673.0,694.0,702.0,709.0,715.0,725.0,725.0,738.0,764.0,773.0,784.0,786.0,793.0,795.0,808.0,829.0,834.0,838.0,839.0,846.0,861.0,880.0,882.0,883.0,899.0,917.0,933.0,940.0,945.0,946.0,948.0,952.0,954.0,977.0,
21.0,36.0,39.0,42.0,47.0,66.0,69.0,104.0,125.0,183.0,233.0,244.0,264.0,313.0,334.0,341.0,347.0,347.0,354.0,391.0,400.0,496.0,514.0,517.0,519.0,529.0,537.0,538.0,540.0,541.0,543.0,549.0,552.0,558.0,562.0,565.0,571.0,572.0,597.0,601.0,604.0,630.0,633.0,640.0,654.0,669.0,686.0,690.0,714.0,724.0,730.0,733.0,734.0,742.0,745.0,791.0,796.0,817.0,845.0,848.0,880.0,901.0,906.0,922.0,943.0,947.0,955.0,976.0,993.0,994.0,998.0,
9.0,66.0,85.0,121.0,126.0,205.0,215.0,227.0,233.0,233.0,241.0,312.0,328.0,333.0,351.0,394.0,456.0,464.0,493.0,495.0,500.0,511.0,527.0,535.0,542.0,545.0,547.0,547.0,548.0,554.0,566.0,570.0,573.0,585.0,609.0,610.0,627.0,634.0,652.0,653.0,656.0,692.0,698.0,703.0,720.0,735.0,738.0,746.0,756.0,756.0,769.0,774.0,783.0,793.0,796.0,804.0,808.0,824.0,827.0,827.0,830.0,831.0,834.0,846.0,853.0,861.0,867.0,887.0,893.0,939.0,958.0,960.0,973.0,983.0,987.0,988.0,993.0,995.0,
54.0,83.0,90.0,104.0,108.0,154.0,159.0,177.0,180.0,241.0,301.0,371.0,435.0,458.0,516.0,526.0,549.0,581.0,591.0,626.0,628.0,636.0,655.0,660.0,672.0,683.0,699.0,709.0,719.0,731.0,755.0,765.0,792.0,866.0,881.0,882.0,904.0,922.0,929.0,953.0,959.0,961.0,970.0,
103.0,108.0,145.0,148.0,157.0,191.0,217.0,229.0,246.0,259.0,276.0,284.0,351.0,353.0,378.0,388.0,436.0,458.0,493.0,513.0,519.0,536.0,604.0,684.0,743.0,747.0,753.0,782.0,862.0,937.0,978.0,997.0,
26.0,30.0,74.0,111.0,121.0,198.0,202.0,207.0,222.0,230.0,244.0,245.0,251.0,332.0,358.0,374.0,384.0,413.0,471.0,486.0,520.0,564.0,596.0,597.0,608.0,620.0,687.0,703.0,841.0,850.0,872.0,935.0,986.0,992.0,
26.0,64.0,95.0,103.0,110.0,153.0,188.0,235.0,266.0,270.0,314.0,382.0,426.0,471.0,607.0,613.0,680.0,694.0,732.0,741.0,756.0,777.0,785.0,808.0,820.0,842.0,856.0,917.0,920.0,
23.0,23.0,82.0,92.0,152.0,232.0,272.0,280.0,292.0,306.0,343.0,397.0,411.0,451.0,463.0,474.0,493.0,530.0,543.0,557.0,577.0,581.0,615.0,620.0,629.0,660.0,753.0,779.0,795.0,798.0,834.0,863.0,917.0,936.0,959.0,967.0,969.0,
211.0,212.0,247.0,322.0,375.0,381.0,416.0,444.0,446.0,674.0,729.0,739.0,806.0,807.0,848.0,855.0,889.0,909.0,932.0,937.0,952.0,979.0,987.0,
16.0,21.0,61.0,114.0,131.0,158.0,170.0,270.0,293.0,302.0,341.0,345.0,356.0,419.0,421.0,426.0,441.0,462.0,465.0,466.0,482.0,501.0,533.0,564.0,581.0,603.0,604.0,611.0,638.0,642.0,642.0,668.0,679.0,693.0,701.0,747.0,761.0,763.0,790.0,800.0,865.0,919.0,974.0,
16.0,40.0,71.0,84.0,116.0,117.0,145.0,219.0,226.0,229.0,293.0,327.0,377.0,384.0,498.0,530.0,537.0,537.0,553.0,581.0,606.0,619.0,676.0,730.0,741.0,746.0,748.0,826.0,859.0,869.0,902.0,949.0,959.0,
40.0,40.0,123.0,131.0,184.0,211.0,247.0,249.0,287.0,305.0,328.0,352.0,364.0,369.0,474.0,481.0,491.0,494.0,530.0,536.0,595.0,616.0,627.0,635.0,686.0,701.0,711.0,759.0,762.0,797.0,825.0,841.0,902.0,907.0,920.0,971.0,987.0,
8.0,12.0,16.0,17.0,68.0,72.0,125.0,155.0,170.0,222.0,231.0,247.0,278.0,284.0,295.0,312.0,334.0,417.0,426.0,430.0,448.0,449.0,476.0,512.0,530.0,547.0,554.0,554.0,561.0,565.0,586.0,595.0,611.0,619.0,621.0,625.0,649.0,704.0,719.0,845.0,845.0,848.0,889.0,905.0,947.0,
36.0,40.0,96.0,149.0,173.0,218.0,278.0,322.0,359.0,367.0,372.0,463.0,472.0,493.0,521.0,542.0,557.0,568.0,579.0,589.0,652.0,689.0,734.0,786.0,806.0,815.0,829.0,902.0,902.0,906.0,
7.0,14.0,113.0,118.0,165.0,170.0,173.0,185.0,211.0,256.0,282.0,291.0,294.0,302.0,397.0,426.0,429.0,435.0,463.0,470.0,472.0,511.0,523.0,534.0,621.0,664.0,689.0,701.0,710.0,717.0,732.0,749.0,786.0,831.0,856.0,862.0,869.0,899.0,959.0,973.0,977.0,988.0,
39.0,40.0,52.0,54.0,127.0,130.0,151.0,159.0,190.0,232.0,305.0,343.0,364.0,379.0,441.0,465.0,500.0,635.0,637.0,651.0,656.0,711.0,712.0,717.0,754.0,808.0,808.0,817.0,885.0,910.0,920.0,972.0,979.0,979.0,986.0,992.0,
33.0,40.0,54.0,77.0,82.0,97.0,111.0,115.0,119.0,137.0,189.0,215.0,262.0,271.0,338.0,360.0,360.0,422.0,436.0,456.0,460.0,460.0,460.0,485.0,509.0,526.0,557.0,595.0,636.0,643.0,673.0,710.0,747.0,752.0,789.0,807.0,878.0,905.0,932.0,938.0,968.0,
12.0,16.0,56.0,76.0,94.0,100.0,115.0,127.0,130.0,150.0,213.0,216.0,349.0,385.0,408.0,482.0,499.0,523.0,578.0,656.0,702.0,714.0,717.0,735.0,790.0,800.0,808.0,895.0,929.0,993.0,998.0,
3.0,120.0,188.0,230.0,273.0,329.0,331.0,373.0,414.0,445.0,526.0,534.0,541.0,557.0,564.0,572.0,597.0,621.0,642.0,683.0,716.0,726.0,740.0,746.0,771.0,779.0,829.0,857.0,871.0,913.0,929.0,949.0,971.0,993.0,999.0,
21.0,108.0,116.0,220.0,254.0,305.0,317.0,336.0,378.0,482.0,547.0,547.0,617.0,633.0,641.0,649.0,726.0,768.0,796.0,797.0,826.0,842.0,885.0,902.0,913.0,917.0,938.0,960.0,994.0,
10.0,44.0,55.0,81.0,89.0,95.0,145.0,177.0,201.0,231.0,249.0,309.0,367.0,370.0,395.0,402.0,406.0,423.0,436.0,611.0,615.0,672.0,727.0,871.0,908.0,961.0,968.0,978.0,981.0,
9.0,9.0,30.0,49.0,54.0,66.0,75.0,96.0,182.0,215.0,216.0,292.0,317.0,332.0,383.0,385.0,409.0,447.0,451.0,522.0,525.0,532.0,554.0,563.0,578.0,625.0,675.0,693.0,782.0,832.0,867.0,874.0,893.0,909.0,923.0,932.0,950.0,983.0,
27.0,29.0,41.0,56.0,74.0,93.0,95.0,128.0,135.0,144.0,147.0,159.0,175.0,234.0,239.0,261.0,327.0,365.0,386.0,441.0,450.0,462.0,473.0,474.0,476.0,520.0,529.0,559.0,564.0,590.0,629.0,634.0,642.0,651.0,719.0,726.0,746.0,782.0,808.0,811.0,821.0,861.0,959.0,
27.0,37.0,83.0,94.0,115.0,156.0,166.0,176.0,177.0,177.0,202.0,224.0,261.0,268.0,281.0,281.0,304.0,322.0,395.0,432.0,529.0,529.0,559.0,604.0,646.0,655.0,715.0,751.0,794.0,824.0,839.0,851.0,927.0,933.0,939.0,
51.0,89.0,124.0,128.0,161.0,172.0,187.0,225.0,252.0,286.0,322.0,328.0,337.0,382.0,393.0,396.0,424.0,428.0,434.0,440.0,459.0,459.0,505.0,515.0,529.0,530.0,535.0,555.0,559.0,581.0,596.0,606.0,606.0,653.0,654.0,659.0,700.0,715.0,742.0,774.0,778.0,861.0,902.0,959.0,
15.0,15.0,31.0,42.0,94.0,140.0,182.0,223.0,228.0,277.0,291.0,292.0,296.0,318.0,320.0,332.0,346.0,348.0,355.0,363.0,397.0,399.0,400.0,411.0,434.0,444.0,456.0,497.0,524.0,583.0,661.0,730.0,761.0,770.0,820.0,833.0,865.0,927.0,
