106.0,118.0,140.0,140.0,148.0,175.0,199.0,204.0,212.0,232.0,246.0,262.0,262.0,267.0,302.0,338.0,348.0,348.0,362.0,378.0,481.0,486.0,489.0,506.0,559.0,578.0,583.0,591.0,603.0,619.0,628.0,677.0,692.0,697.0,697.0,700.0,702.0,745.0,801.0,868.0,944.0,
9.0,21.0,35.0,122.0,144.0,165.0,178.0,185.0,199.0,212.0,245.0,251.0,251.0,260.0,311.0,322.0,347.0,374.0,420.0,439.0,457.0,476.0,477.0,585.0,618.0,642.0,646.0,662.0,671.0,723.0,774.0,786.0,826.0,851.0,948.0,989.0,
5.0,14.0,46.0,58.0,59.0,91.0,128.0,131.0,215.0,331.0,349.0,360.0,364.0,410.0,494.0,527.0,538.0,665.0,669.0,671.0,705.0,736.0,761.0,795.0,828.0,861.0,870.0,873.0,905.0,911.0,912.0,915.0,
2.0,12.0,76.0,76.0,95.0,104.0,112.0,154.0,156.0,167.0,195.0,248.0,250.0,258.0,269.0,359.0,359.0,377.0,381.0,388.0,399.0,403.0,440.0,446.0,462.0,515.0,553.0,598.0,622.0,629.0,711.0,715.0,740.0,784.0,842.0,899.0,922.0,924.0,926.0,929.0,964.0,982.0,983.0,
43.0,51.0,96.0,136.0,161.0,193.0,212.0,212.0,293.0,301.0,309.0,338.0,355.0,449.0,455.0,462.0,525.0,534.0,560.0,560.0,573.0,624.0,644.0,675.0,705.0,714.0,763.0,766.0,789.0,823.0,843.0,860.0,893.0,949.0,
26.0,27.0,29.0,36.0,65.0,89.0,102.0,148.0,219.0,277.0,281.0,303.0,307.0,362.0,367.0,417.0,445.0,449.0,460.0,482.0,520.0,585.0,626.0,633.0,658.0,664.0,709.0,722.0,755.0,758.0,770.0,779.0,812.0,824.0,828.0,863.0,879.0,945.0,967.0,968.0,
49.0,54.0,75.0,134.0,137.0,142.0,155.0,279.0,287.0,299.0,346.0,378.0,396.0,399.0,417.0,418.0,423.0,569.0,582.0,592.0,662.0,665.0,700.0,723.0,723.0,740.0,752.0,793.0,863.0,876.0,928.0,981.0,982.0,
19.0,32.0,56.0,92.0,93.0,105.0,242.0,301.0,303.0,336.0,427.0,448.0,452.0,470.0,474.0,476.0,498.0,511.0,539.0,561.0,566.0,640.0,650.0,666.0,682.0,686.0,706.0,711.0,715.0,741.0,742.0,764.0,834.0,843.0,992.0,
9.0,40.0,47.0,57.0,73.0,126.0,153.0,166.0,171.0,203.0,223.0,310.0,317.0,321.0,328.0,340.0,353.0,403.0,405.0,412.0,413.0,452.0,490.0,491.0,622.0,659.0,810.0,864.0,889.0,896.0,930.0,947.0,948.0,961.0,
75.0,77.0,120.0,163.0,180.0,204.0,236.0,247.0,274.0,305.0,320.0,328.0,331.0,344.0,383.0,408.0,425.0,461.0,512.0,516.0,538.0,551.0,585.0,604.0,773.0,797.0,807.0,814.0,816.0,828.0,838.0,921.0,926.0,966.0,974.0,
23.0,24.0,28.0,67.0,73.0,123.0,145.0,154.0,168.0,181.0,183.0,241.0,249.0,258.0,290.0,325.0,326.0,328.0,377.0,387.0,403.0,409.0,425.0,455.0,466.0,466.0,467.0,515.0,555.0,562.0,598.0,612.0,637.0,699.0,707.0,844.0,877.0,968.0,
3.0,24.0,38.0,108.0,120.0,141.0,150.0,186.0,205.0,216.0,242.0,293.0,317.0,337.0,351.0,357.0,404.0,409.0,411.0,451.0,452.0,471.0,483.0,497.0,521.0,531.0,561.0,577.0,577.0,616.0,719.0,739.0,779.0,786.0,798.0,805.0,828.0,830.0,891.0,927.0,948.0,961.0,979.0,998.0,1000.0,
33.0,60.0,73.0,85.0,98.0,161.0,215.0,235.0,262.0,309.0,311.0,314.0,341.0,351.0,388.0,398.0,406.0,422.0,453.0,460.0,496.0,501.0,525.0,561.0,597.0,615.0,630.0,672.0,672.0,689.0,700.0,725.0,743.0,743.0,816.0,850.0,891.0,910.0,938.0,939.0,948.0,
13.0,33.0,62.0,110.0,148.0,155.0,168.0,169.0,202.0,210.0,227.0,247.0,248.0,261.0,283.0,328.0,350.0,354.0,372.0,385.0,388.0,391.0,398.0,426.0,438.0,462.0,466.0,502.0,504.0,507.0,539.0,561.0,600.0,691.0,708.0,727.0,741.0,758.0,836.0,862.0,866.0,883.0,914.0,993.0,
50.0,87.0,134.0,147.0,149.0,165.0,285.0,287.0,290.0,301.0,313.0,337.0,349.0,350.0,360.0,392.0,420.0,421.0,424.0,488.0,497.0,504.0,529.0,537.0,538.0,541.0,625.0,636.0,667.0,673.0,707.0,722.0,743.0,769.0,810.0,891.0,974.0,
79.0,88.0,92.0,116.0,150.0,165.0,182.0,239.0,242.0,263.0,337.0,356.0,417.0,429.0,444.0,537.0,562.0,675.0,691.0,739.0,742.0,772.0,792.0,855.0,894.0,921.0,967.0,983.0,992.0,
9.0,23.0,64.0,95.0,120.0,139.0,228.0,236.0,287.0,292.0,307.0,321.0,356.0,359.0,363.0,364.0,372.0,407.0,414.0,436.0,461.0,469.0,504.0,514.0,568.0,647.0,673.0,704.0,717.0,751.0,840.0,852.0,894.0,921.0,989.0,
2.0,15.0,72.0,85.0,111.0,114.0,136.0,152.0,299.0,308.0,359.0,359.0,365.0,384.0,466.0,491.0,508.0,510.0,518.0,525.0,559.0,579.0,591.0,616.0,639.0,661.0,675.0,685.0,698.0,727.0,763.0,784.0,795.0,837.0,854.0,885.0,917.0,952.0,962.0,964.0,
80.0,110.0,113.0,120.0,124.0,176.0,239.0,246.0,302.0,304.0,316.0,326.0,387.0,460.0,472.0,481.0,559.0,564.0,578.0,608.0,696.0,721.0,721.0,780.0,781.0,791.0,794.0,812.0,837.0,854.0,881.0,961.0,
7.0,112.0,119.0,135.0,138.0,145.0,167.0,194.0,211.0,217.0,220.0,221.0,224.0,228.0,240.0,301.0,306.0,390.0,400.0,564.0,583.0,622.0,637.0,715.0,722.0,776.0,799.0,803.0,864.0,867.0,868.0,889.0,890.0,897.0,909.0,909.0,935.0,984.0,994.0,
41.0,106.0,108.0,112.0,123.0,133.0,148.0,166.0,181.0,200.0,260.0,280.0,290.0,306.0,454.0,517.0,518.0,521.0,532.0,535.0,600.0,680.0,681.0,717.0,753.0,843.0,858.0,867.0,929.0,945.0,969.0,
20.0,59.0,84.0,89.0,116.0,124.0,169.0,214.0,224.0,278.0,306.0,382.0,448.0,465.0,547.0,551.0,553.0,661.0,670.0,692.0,730.0,819.0,839.0,848.0,848.0,894.0,918.0,936.0,950.0,
3.0,4.0,16.0,21.0,38.0,44.0,71.0,77.0,79.0,93.0,97.0,108.0,147.0,155.0,162.0,167.0,174.0,181.0,193.0,200.0,260.0,270.0,275.0,282.0,292.0,345.0,367.0,417.0,428.0,433.0,478.0,494.0,541.0,586.0,664.0,676.0,682.0,737.0,739.0,740.0,751.0,757.0,800.0,817.0,891.0,897.0,906.0,995.0,
49.0,78.0,93.0,96.0,173.0,208.0,229.0,234.0,239.0,263.0,300.0,316.0,339.0,342.0,399.0,416.0,418.0,430.0,518.0,528.0,539.0,565.0,578.0,588.0,612.0,678.0,740.0,797.0,800.0,
29.0,44.0,90.0,115.0,130.0,139.0,152.0,174.0,177.0,184.0,202.0,210.0,265.0,287.0,296.0,305.0,373.0,375.0,445.0,507.0,509.0,520.0,521.0,544.0,582.0,598.0,642.0,642.0,659.0,727.0,745.0,756.0,836.0,846.0,857.0,918.0,925.0,930.0,
13.0,55.0,65.0,86.0,87.0,146.0,180.0,180.0,207.0,263.0,271.0,330.0,337.0,344.0,352.0,415.0,437.0,453.0,455.0,455.0,469.0,483.0,489.0,528.0,529.0,537.0,559.0,574.0,575.0,589.0,621.0,628.0,677.0,774.0,775.0,818.0,820.0,822.0,864.0,871.0,904.0,923.0,959.0,963.0,
3.0,40.0,45.0,98.0,123.0,143.0,155.0,167.0,179.0,197.0,204.0,346.0,347.0,355.0,367.0,373.0,412.0,456.0,495.0,511.0,543.0,562.0,583.0,599.0,606.0,635.0,679.0,694.0,741.0,779.0,809.0,810.0,904.0,917.0,988.0,995.0,
31.0,47.0,72.0,96.0,107.0,175.0,217.0,234.0,243.0,255.0,378.0,406.0,408.0,461.0,509.0,548.0,557.0,585.0,711.0,737.0,825.0,869.0,869.0,933.0,
2.0,8.0,51.0,55.0,136.0,145.0,170.0,174.0,214.0,225.0,289.0,311.0,346.0,376.0,429.0,455.0,490.0,495.0,519.0,560.0,575.0,625.0,656.0,689.0,709.0,752.0,753.0,792.0,805.0,929.0,975.0,
6.0,20.0,37.0,141.0,149.0,151.0,159.0,186.0,233.0,280.0,282.0,283.0,302.0,310.0,323.0,421.0,442.0,480.0,483.0,513.0,517.0,527.0,591.0,645.0,659.0,689.0,699.0,716.0,747.0,747.0,747.0,803.0,808.0,868.0,924.0,935.0,942.0,960.0,965.0,974.0,994.0,
23.0,24.0,40.0,76.0,136.0,139.0,148.0,184.0,201.0,218.0,222.0,242.0,250.0,279.0,389.0,422.0,460.0,472.0,472.0,516.0,531.0,542.0,609.0,627.0,697.0,742.0,779.0,833.0,833.0,873.0,896.0,897.0,998.0,
35.0,41.0,85.0,98.0,131.0,166.0,188.0,262.0,276.0,308.0,339.0,361.0,362.0,369.0,399.0,430.0,492.0,519.0,596.0,637.0,643.0,647.0,682.0,689.0,713.0,751.0,786.0,806.0,816.0,873.0,876.0,948.0,965.0,967.0,974.0,997.0,
48.0,92.0,125.0,134.0,159.0,169.0,194.0,234.0,350.0,403.0,446.0,447.0,471.0,483.0,498.0,525.0,565.0,586.0,590.0,591.0,594.0,618.0,642.0,733.0,762.0,775.0,860.0,880.0,886.0,
105.0,108.0,159.0,185.0,187.0,189.0,190.0,210.0,220.0,265.0,283.0,344.0,373.0,437.0,467.0,505.0,505.0,521.0,522.0,534.0,535.0,540.0,543.0,556.0,557.0,569.0,581.0,582.0,618.0,619.0,620.0,641.0,678.0,679.0,682.0,705.0,762.0,776.0,785.0,786.0,810.0,843.0,856.0,857.0,863.0,878.0,893.0,894.0,913.0,930.0,942.0,946.0,
6.0,8.0,39.0,88.0,128.0,152.0,162.0,165.0,222.0,299.0,301.0,320.0,326.0,327.0,329.0,342.0,375.0,389.0,422.0,486.0,493.0,508.0,516.0,526.0,531.0,536.0,539.0,547.0,552.0,554.0,557.0,562.0,564.0,568.0,574.0,589.0,603.0,604.0,609.0,627.0,627.0,627.0,630.0,630.0,653.0,679.0,685.0,693.0,702.0,752.0,777.0,798.0,845.0,878.0,899.0,906.0,922.0,931.0,931.0,933.0,936.0,940.0,942.0,947.0,964.0,978.0,982.0,987.0,994.0,
141.0,179.0,216.0,218.0,228.0,237.0,273.0,305.0,367.0,385.0,392.0,492.0,517.0,520.0,523.0,524.0,526.0,527.0,554.0,555.0,556.0,557.0,559.0,561.0,573.0,575.0,595.0,597.0,598.0,598.0,621.0,625.0,628.0,633.0,645.0,646.0,647.0,653.0,656.0,660.0,661.0,669.0,673.0,680.0,684.0,692.0,693.0,697.0,707.0,708.0,731.0,735.0,739.0,741.0,775.0,804.0,826.0,840.0,840.0,852.0,858.0,899.0,910.0,920.0,946.0,950.0,981.0,985.0,987.0,
3.0,4.0,67.0,134.0,177.0,180.0,197.0,206.0,262.0,282.0,286.0,338.0,353.0,360.0,362.0,366.0,401.0,414.0,431.0,452.0,471.0,495.0,524.0,527.0,527.0,530.0,531.0,534.0,538.0,539.0,542.0,543.0,546.0,551.0,554.0,555.0,565.0,571.0,579.0,580.0,583.0,586.0,600.0,600.0,601.0,604.0,607.0,621.0,640.0,642.0,647.0,653.0,658.0,660.0,678.0,691.0,703.0,705.0,730.0,743.0,760.0,772.0,776.0,788.0,791.0,802.0,830.0,834.0,841.0,853.0,855.0,856.0,867.0,880.0,885.0,897.0,902.0,902.0,939.0,995.0,996.0,999.0,
65.0,90.0,90.0,109.0,136.0,169.0,220.0,248.0,261.0,275.0,297.0,304.0,328.0,422.0,454.0,493.0,505.0,524.0,524.0,527.0,560.0,565.0,572.0,575.0,575.0,581.0,589.0,596.0,598.0,602.0,619.0,624.0,631.0,634.0,635.0,658.0,675.0,676.0,687.0,719.0,726.0,729.0,734.0,756.0,761.0,766.0,768.0,773.0,881.0,912.0,929.0,962.0,984.0,1000.0,
13.0,52.0,58.0,81.0,87.0,99.0,114.0,147.0,155.0,276.0,284.0,299.0,300.0,307.0,330.0,355.0,402.0,406.0,408.0,495.0,499.0,504.0,504.0,515.0,540.0,549.0,571.0,591.0,600.0,604.0,609.0,694.0,731.0,747.0,774.0,824.0,982.0,
9.0,22.0,42.0,45.0,126.0,174.0,206.0,222.0,225.0,241.0,281.0,288.0,302.0,304.0,340.0,364.0,422.0,458.0,462.0,505.0,559.0,569.0,592.0,609.0,632.0,689.0,691.0,800.0,842.0,853.0,863.0,916.0,962.0,
18.0,56.0,58.0,82.0,97.0,212.0,221.0,259.0,277.0,306.0,344.0,442.0,462.0,470.0,501.0,511.0,518.0,568.0,578.0,593.0,669.0,694.0,739.0,792.0,860.0,894.0,919.0,962.0,976.0,
81.0,94.0,289.0,434.0,442.0,446.0,458.0,522.0,523.0,533.0,587.0,678.0,711.0,818.0,856.0,863.0,873.0,878.0,885.0,887.0,909.0,917.0,953.0,955.0,992.0,
21.0,28.0,33.0,49.0,76.0,84.0,99.0,115.0,129.0,149.0,209.0,212.0,230.0,234.0,273.0,305.0,312.0,338.0,391.0,398.0,426.0,466.0,521.0,522.0,525.0,528.0,532.0,537.0,542.0,547.0,551.0,562.0,587.0,593.0,602.0,610.0,613.0,624.0,651.0,679.0,683.0,704.0,737.0,748.0,761.0,792.0,811.0,843.0,859.0,892.0,946.0,965.0,969.0,982.0,989.0,989.0,993.0,
7.0,9.0,35.0,38.0,55.0,82.0,87.0,95.0,134.0,175.0,236.0,252.0,277.0,290.0,291.0,331.0,420.0,447.0,474.0,478.0,514.0,521.0,526.0,528.0,532.0,533.0,544.0,555.0,558.0,561.0,561.0,574.0,590.0,591.0,592.0,593.0,595.0,596.0,597.0,597.0,607.0,607.0,621.0,629.0,632.0,638.0,661.0,667.0,673.0,676.0,683.0,687.0,698.0,721.0,750.0,751.0,754.0,783.0,811.0,815.0,838.0,840.0,869.0,876.0,879.0,901.0,905.0,921.0,937.0,940.0,952.0,978.0,985.0,995.0,
26.0,31.0,46.0,49.0,56.0,101.0,163.0,182.0,203.0,204.0,290.0,293.0,295.0,308.0,322.0,348.0,391.0,395.0,414.0,423.0,446.0,448.0,453.0,503.0,539.0,550.0,551.0,552.0,554.0,555.0,556.0,561.0,562.0,563.0,564.0,569.0,573.0,577.0,589.0,590.0,592.0,592.0,598.0,654.0,657.0,677.0,683.0,685.0,695.0,703.0,708.0,725.0,731.0,731.0,748.0,785.0,785.0,792.0,802.0,810.0,813.0,816.0,846.0,857.0,861.0,865.0,871.0,883.0,945.0,946.0,950.0,961.0,969.0,973.0,987.0,994.0,
15.0,37.0,94.0,113.0,116.0,148.0,156.0,216.0,284.0,318.0,320.0,326.0,354.0,357.0,385.0,404.0,422.0,427.0,434.0,453.0,497.0,508.0,514.0,515.0,519.0,528.0,533.0,543.0,555.0,562.0,563.0,564.0,565.0,577.0,578.0,592.0,596.0,603.0,617.0,619.0,634.0,638.0,640.0,641.0,653.0,680.0,681.0,690.0,728.0,738.0,744.0,754.0,771.0,778.0,791.0,819.0,819.0,819.0,823.0,826.0,842.0,859.0,881.0,902.0,907.0,936.0,939.0,939.0,947.0,985.0,
44.0,72.0,131.0,147.0,216.0,237.0,246.0,281.0,303.0,402.0,418.0,428.0,439.0,496.0,496.0,516.0,516.0,520.0,533.0,538.0,538.0,543.0,545.0,550.0,553.0,559.0,560.0,562.0,567.0,573.0,574.0,585.0,585.0,592.0,605.0,620.0,621.0,624.0,650.0,652.0,665.0,689.0,693.0,694.0,709.0,718.0,746.0,758.0,810.0,811.0,831.0,841.0,864.0,886.0,891.0,920.0,960.0,981.0,983.0,988.0,995.0,996.0,
22.0,65.0,68.0,157.0,162.0,191.0,234.0,264.0,283.0,323.0,376.0,377.0,382.0,414.0,467.0,497.0,514.0,515.0,531.0,538.0,543.0,547.0,549.0,549.0,551.0,555.0,567.0,582.0,583.0,585.0,588.0,592.0,592.0,611.0,616.0,616.0,622.0,622.0,624.0,626.0,626.0,652.0,658.0,667.0,670.0,703.0,723.0,753.0,754.0,761.0,784.0,791.0,794.0,856.0,869.0,875.0,887.0,889.0,897.0,906.0,914.0,924.0,932.0,949.0,972.0,980.0,999.0,
53.0,77.0,81.0,128.0,179.0,221.0,227.0,298.0,303.0,322.0,341.0,369.0,373.0,383.0,410.0,438.0,453.0,455.0,465.0,471.0,479.0,515.0,527.0,532.0,543.0,553.0,557.0,570.0,580.0,601.0,602.0,636.0,651.0,666.0,671.0,695.0,702.0,793.0,827.0,837.0,840.0,964.0,
20.0,53.0,98.0,120.0,176.0,181.0,186.0,195.0,214.0,216.0,276.0,308.0,348.0,355.0,393.0,405.0,448.0,466.0,493.0,511.0,554.0,555.0,568.0,587.0,653.0,674.0,675.0,701.0,708.0,731.0,795.0,814.0,822.0,830.0,836.0,875.0,876.0,916.0,921.0,933.0,951.0,
13.0,20.0,60.0,90.0,122.0,197.0,256.0,313.0,340.0,405.0,406.0,417.0,419.0,470.0,487.0,532.0,535.0,537.0,538.0,539.0,579.0,587.0,641.0,644.0,663.0,666.0,690.0,710.0,730.0,778.0,814.0,834.0,893.0,948.0,966.0,972.0,1000.0,
35.0,47.0,79.0,98.0,158.0,159.0,172.0,186.0,210.0,273.0,281.0,296.0,311.0,350.0,388.0,419.0,422.0,435.0,445.0,458.0,528.0,562.0,598.0,629.0,640.0,660.0,662.0,677.0,709.0,735.0,804.0,832.0,890.0,894.0,935.0,
62.0,105.0,112.0,161.0,169.0,170.0,173.0,176.0,187.0,194.0,215.0,233.0,244.0,272.0,275.0,284.0,286.0,341.0,357.0,449.0,466.0,486.0,492.0,499.0,514.0,521.0,521.0,541.0,545.0,556.0,564.0,586.0,606.0,640.0,651.0,689.0,694.0,753.0,802.0,815.0,842.0,869.0,926.0,974.0,976.0,
11.0,17.0,22.0,26.0,67.0,68.0,68.0,144.0,146.0,173.0,182.0,185.0,193.0,199.0,219.0,273.0,283.0,308.0,317.0,323.0,348.0,363.0,371.0,410.0,453.0,481.0,517.0,519.0,530.0,533.0,535.0,540.0,541.0,545.0,546.0,547.0,550.0,557.0,563.0,566.0,570.0,573.0,579.0,580.0,600.0,601.0,609.0,611.0,618.0,619.0,619.0,621.0,624.0,642.0,645.0,670.0,674.0,676.0,677.0,678.0,698.0,707.0,730.0,747.0,747.0,751.0,756.0,759.0,775.0,809.0,818.0,834.0,837.0,858.0,897.0,902.0,922.0,928.0,958.0,960.0,961.0,964.0,
4.0,14.0,17.0,29.0,42.0,47.0,89.0,94.0,113.0,130.0,143.0,212.0,233.0,257.0,309.0,349.0,386.0,392.0,425.0,448.0,458.0,480.0,481.0,501.0,523.0,523.0,526.0,535.0,538.0,540.0,546.0,548.0,563.0,564.0,567.0,569.0,570.0,573.0,573.0,573.0,576.0,582.0,585.0,589.0,592.0,600.0,603.0,617.0,617.0,622.0,622.0,627.0,627.0,628.0,637.0,647.0,649.0,704.0,709.0,711.0,720.0,729.0,736.0,742.0,744.0,747.0,764.0,774.0,796.0,796.0,803.0,830.0,850.0,850.0,851.0,875.0,887.0,920.0,958.0,995.0,
88.0,107.0,121.0,148.0,152.0,153.0,155.0,187.0,247.0,250.0,278.0,288.0,291.0,303.0,370.0,416.0,437.0,442.0,443.0,483.0,488.0,503.0,512.0,512.0,534.0,540.0,540.0,547.0,556.0,561.0,567.0,567.0,576.0,579.0,583.0,590.0,593.0,603.0,604.0,609.0,614.0,620.0,624.0,636.0,670.0,681.0,707.0,709.0,736.0,736.0,737.0,773.0,781.0,783.0,796.0,850.0,887.0,889.0,900.0,919.0,949.0,960.0,979.0,
17.0,41.0,54.0,99.0,121.0,130.0,163.0,168.0,201.0,242.0,259.0,274.0,309.0,341.0,368.0,381.0,394.0,428.0,440.0,443.0,452.0,513.0,517.0,523.0,526.0,528.0,529.0,532.0,532.0,534.0,535.0,541.0,543.0,546.0,548.0,555.0,556.0,557.0,562.0,563.0,567.0,577.0,596.0,597.0,616.0,636.0,640.0,644.0,651.0,671.0,680.0,681.0,686.0,691.0,712.0,772.0,804.0,842.0,863.0,863.0,881.0,889.0,891.0,931.0,950.0,954.0,954.0,956.0,958.0,966.0,993.0,
8.0,35.0,36.0,57.0,103.0,183.0,216.0,243.0,243.0,280.0,400.0,417.0,430.0,441.0,507.0,514.0,522.0,529.0,534.0,541.0,549.0,550.0,553.0,557.0,573.0,581.0,583.0,587.0,592.0,593.0,600.0,610.0,615.0,632.0,632.0,644.0,651.0,667.0,680.0,703.0,710.0,752.0,756.0,763.0,763.0,769.0,780.0,781.0,795.0,796.0,806.0,844.0,844.0,846.0,861.0,862.0,881.0,895.0,901.0,906.0,910.0,942.0,948.0,963.0,971.0,978.0,990.0,
113.0,117.0,169.0,172.0,184.0,188.0,193.0,226.0,248.0,263.0,300.0,383.0,386.0,421.0,427.0,480.0,510.0,512.0,526.0,534.0,538.0,539.0,549.0,554.0,562.0,567.0,568.0,571.0,608.0,617.0,624.0,634.0,689.0,702.0,712.0,779.0,859.0,876.0,924.0,929.0,944.0,965.0,965.0,976.0,983.0,999.0,
18.0,67.0,81.0,106.0,113.0,162.0,189.0,216.0,282.0,296.0,297.0,312.0,337.0,357.0,364.0,379.0,394.0,442.0,467.0,484.0,518.0,557.0,564.0,619.0,655.0,676.0,756.0,780.0,828.0,861.0,915.0,958.0,985.0,
30.0,50.0,52.0,64.0,71.0,76.0,79.0,93.0,137.0,151.0,170.0,211.0,253.0,317.0,325.0,338.0,351.0,438.0,464.0,474.0,501.0,572.0,573.0,597.0,603.0,664.0,733.0,741.0,773.0,827.0,937.0,947.0,952.0,961.0,976.0,993.0,
53.0,76.0,116.0,154.0,155.0,195.0,268.0,323.0,391.0,428.0,429.0,429.0,448.0,453.0,482.0,512.0,533.0,554.0,566.0,594.0,603.0,624.0,743.0,752.0,777.0,785.0,798.0,799.0,816.0,829.0,884.0,906.0,960.0,
35.0,48.0,77.0,78.0,93.0,97.0,130.0,228.0,298.0,338.0,386.0,413.0,454.0,504.0,529.0,531.0,536.0,550.0,555.0,561.0,562.0,565.0,569.0,585.0,598.0,605.0,612.0,652.0,679.0,730.0,747.0,773.0,800.0,804.0,919.0,986.0,
12.0,88.0,116.0,127.0,140.0,160.0,189.0,263.0,268.0,285.0,297.0,297.0,324.0,352.0,404.0,417.0,440.0,472.0,479.0,497.0,510.0,511.0,522.0,523.0,529.0,533.0,533.0,533.0,538.0,546.0,553.0,554.0,571.0,571.0,573.0,573.0,580.0,596.0,597.0,600.0,605.0,615.0,617.0,618.0,625.0,628.0,689.0,693.0,708.0,724.0,739.0,748.0,753.0,757.0,775.0,778.0,792.0,808.0,820.0,830.0,837.0,851.0,863.0,881.0,891.0,897.0,912.0,933.0,946.0,949.0,983.0,991.0,
11.0,21.0,38.0,60.0,110.0,133.0,133.0,186.0,192.0,211.0,224.0,277.0,296.0,318.0,403.0,414.0,423.0,427.0,487.0,494.0,512.0,513.0,536.0,538.0,541.0,543.0,546.0,547.0,549.0,551.0,552.0,559.0,569.0,574.0,584.0,589.0,591.0,597.0,600.0,605.0,607.0,621.0,631.0,648.0,649.0,651.0,652.0,670.0,676.0,683.0,689.0,692.0,697.0,718.0,751.0,762.0,765.0,773.0,789.0,794.0,804.0,821.0,832.0,836.0,850.0,860.0,874.0,878.0,889.0,900.0,904.0,909.0,939.0,956.0,961.0,965.0,970.0,971.0,978.0,982.0,
26.0,28.0,43.0,55.0,64.0,156.0,170.0,194.0,209.0,219.0,236.0,242.0,247.0,258.0,334.0,344.0,411.0,441.0,457.0,470.0,483.0,488.0,512.0,513.0,518.0,532.0,543.0,554.0,558.0,561.0,582.0,583.0,591.0,600.0,612.0,622.0,646.0,658.0,672.0,701.0,738.0,739.0,742.0,760.0,805.0,814.0,815.0,846.0,855.0,859.0,872.0,890.0,913.0,964.0,965.0,
5.0,37.0,85.0,106.0,138.0,142.0,155.0,167.0,201.0,219.0,246.0,249.0,290.0,304.0,366.0,383.0,402.0,412.0,426.0,480.0,516.0,516.0,524.0,532.0,543.0,547.0,549.0,549.0,550.0,554.0,558.0,563.0,569.0,575.0,576.0,590.0,598.0,600.0,609.0,612.0,636.0,637.0,637.0,638.0,650.0,665.0,676.0,691.0,697.0,704.0,747.0,755.0,776.0,777.0,792.0,802.0,805.0,808.0,826.0,828.0,832.0,852.0,919.0,940.0,976.0,
24.0,44.0,49.0,72.0,80.0,99.0,106.0,114.0,124.0,181.0,216.0,227.0,244.0,250.0,267.0,334.0,362.0,460.0,526.0,528.0,532.0,536.0,542.0,550.0,550.0,552.0,564.0,565.0,570.0,579.0,606.0,607.0,618.0,618.0,619.0,667.0,670.0,679.0,720.0,742.0,744.0,749.0,777.0,780.0,794.0,804.0,813.0,819.0,829.0,835.0,865.0,878.0,884.0,887.0,888.0,891.0,902.0,908.0,921.0,924.0,964.0,974.0,981.0,983.0,995.0,
11.0,67.0,75.0,86.0,87.0,109.0,128.0,136.0,140.0,176.0,191.0,204.0,211.0,218.0,238.0,249.0,273.0,282.0,319.0,385.0,394.0,411.0,482.0,485.0,492.0,499.0,503.0,544.0,554.0,557.0,560.0,564.0,602.0,614.0,643.0,659.0,682.0,690.0,719.0,724.0,726.0,756.0,805.0,813.0,832.0,841.0,910.0,922.0,970.0,979.0,
12.0,13.0,21.0,30.0,34.0,37.0,90.0,108.0,131.0,142.0,165.0,175.0,228.0,263.0,267.0,272.0,277.0,328.0,350.0,353.0,426.0,466.0,471.0,490.0,514.0,520.0,541.0,555.0,582.0,588.0,614.0,677.0,687.0,708.0,720.0,782.0,785.0,802.0,829.0,879.0,883.0,896.0,901.0,904.0,934.0,936.0,969.0,1000.0,
63.0,69.0,70.0,82.0,103.0,125.0,180.0,195.0,253.0,279.0,306.0,307.0,318.0,371.0,381.0,392.0,456.0,458.0,485.0,523.0,529.0,572.0,578.0,586.0,625.0,688.0,694.0,747.0,748.0,752.0,794.0,808.0,821.0,826.0,831.0,851.0,883.0,891.0,894.0,927.0,947.0,958.0,959.0,
32.0,44.0,62.0,84.0,101.0,104.0,174.0,179.0,188.0,214.0,250.0,259.0,354.0,386.0,392.0,414.0,466.0,469.0,479.0,503.0,520.0,533.0,633.0,712.0,736.0,760.0,768.0,769.0,814.0,858.0,887.0,934.0,953.0,
7.0,20.0,49.0,117.0,163.0,174.0,196.0,214.0,237.0,297.0,360.0,385.0,420.0,420.0,439.0,461.0,464.0,475.0,545.0,546.0,643.0,691.0,709.0,846.0,865.0,866.0,918.0,923.0,957.0,957.0,972.0,
26.0,68.0,101.0,133.0,177.0,179.0,210.0,230.0,250.0,253.0,328.0,331.0,344.0,375.0,375.0,388.0,419.0,424.0,494.0,512.0,514.0,516.0,527.0,552.0,560.0,582.0,584.0,586.0,615.0,628.0,682.0,713.0,762.0,769.0,781.0,795.0,800.0,806.0,828.0,869.0,891.0,910.0,916.0,937.0,947.0,968.0,973.0,
19.0,23.0,66.0,144.0,147.0,185.0,214.0,249.0,250.0,254.0,262.0,285.0,310.0,322.0,400.0,428.0,449.0,453.0,492.0,498.0,521.0,523.0,527.0,531.0,532.0,533.0,535.0,536.0,542.0,545.0,546.0,557.0,560.0,565.0,574.0,575.0,575.0,579.0,585.0,586.0,587.0,602.0,654.0,663.0,665.0,666.0,688.0,703.0,718.0,741.0,763.0,765.0,773.0,778.0,798.0,800.0,804.0,833.0,833.0,846.0,863.0,871.0,873.0,893.0,897.0,922.0,929.0,952.0,964.0,964.0,980.0,985.0,1000.0,
68.0,75.0,77.0,98.0,103.0,141.0,161.0,226.0,233.0,243.0,247.0,262.0,273.0,299.0,305.0,311.0,339.0,382.0,402.0,450.0,460.0,463.0,464.0,476.0,513.0,520.0,522.0,534.0,539.0,541.0,542.0,542.0,548.0,550.0,554.0,557.0,566.0,574.0,577.0,584.0,584.0,597.0,598.0,602.0,612.0,617.0,620.0,620.0,625.0,642.0,642.0,645.0,648.0,649.0,656.0,657.0,671.0,673.0,705.0,711.0,720.0,737.0,752.0,773.0,776.0,787.0,791.0,803.0,807.0,820.0,827.0,833.0,837.0,854.0,870.0,885.0,888.0,901.0,906.0,911.0,919.0,926.0,928.0,938.0,940.0,959.0,961.0,965.0,972.0,975.0,982.0,983.0,
59.0,80.0,102.0,121.0,154.0,157.0,240.0,251.0,309.0,323.0,369.0,432.0,447.0,459.0,487.0,490.0,492.0,496.0,514.0,522.0,525.0,530.0,537.0,538.0,540.0,547.0,552.0,554.0,554.0,566.0,582.0,583.0,591.0,593.0,607.0,608.0,612.0,614.0,616.0,619.0,619.0,623.0,626.0,628.0,633.0,638.0,644.0,651.0,655.0,656.0,657.0,661.0,664.0,669.0,685.0,713.0,724.0,724.0,725.0,726.0,736.0,741.0,746.0,769.0,782.0,793.0,829.0,846.0,875.0,885.0,895.0,911.0,917.0,933.0,942.0,957.0,993.0,995.0,
28.0,49.0,56.0,84.0,102.0,109.0,115.0,128.0,196.0,277.0,305.0,315.0,346.0,346.0,366.0,403.0,468.0,495.0,520.0,527.0,530.0,549.0,553.0,557.0,571.0,577.0,589.0,605.0,614.0,619.0,621.0,659.0,680.0,684.0,714.0,719.0,722.0,729.0,740.0,752.0,754.0,770.0,797.0,805.0,814.0,834.0,841.0,843.0,852.0,899.0,960.0,963.0,
14.0,38.0,68.0,76.0,107.0,148.0,164.0,283.0,304.0,323.0,358.0,402.0,419.0,450.0,482.0,550.0,551.0,557.0,611.0,631.0,700.0,782.0,856.0,898.0,983.0,
16.0,104.0,174.0,176.0,185.0,188.0,195.0,232.0,287.0,294.0,314.0,340.0,421.0,559.0,604.0,611.0,617.0,639.0,664.0,685.0,712.0,734.0,752.0,810.0,868.0,871.0,872.0,890.0,898.0,901.0,903.0,911.0,934.0,
6.0,26.0,66.0,73.0,97.0,104.0,113.0,131.0,173.0,195.0,227.0,252.0,345.0,369.0,372.0,376.0,393.0,402.0,423.0,469.0,541.0,549.0,604.0,643.0,674.0,693.0,696.0,739.0,739.0,777.0,806.0,872.0,887.0,900.0,921.0,928.0,962.0,984.0,992.0,992.0,
3.0,5.0,15.0,47.0,60.0,61.0,136.0,186.0,229.0,256.0,257.0,260.0,321.0,340.0,483.0,526.0,567.0,655.0,675.0,769.0,815.0,831.0,841.0,860.0,892.0,896.0,897.0,905.0,922.0,930.0,985.0,987.0,
9.0,69.0,148.0,160.0,226.0,254.0,292.0,324.0,328.0,366.0,428.0,432.0,459.0,469.0,543.0,570.0,582.0,603.0,651.0,672.0,686.0,729.0,732.0,763.0,809.0,847.0,853.0,920.0,996.0,
8.0,92.0,199.0,216.0,234.0,243.0,250.0,333.0,343.0,378.0,439.0,468.0,479.0,511.0,597.0,604.0,668.0,681.0,684.0,729.0,774.0,904.0,916.0,946.0,958.0,959.0,
53.0,89.0,107.0,118.0,128.0,129.0,130.0,130.0,210.0,218.0,227.0,230.0,316.0,342.0,346.0,351.0,376.0,382.0,384.0,489.0,522.0,523.0,527.0,550.0,559.0,573.0,574.0,617.0,622.0,636.0,637.0,655.0,665.0,674.0,703.0,705.0,729.0,742.0,744.0,750.0,756.0,816.0,874.0,908.0,930.0,942.0,
56.0,58.0,88.0,113.0,125.0,139.0,200.0,201.0,234.0,239.0,239.0,244.0,267.0,331.0,360.0,364.0,390.0,406.0,428.0,474.0,477.0,531.0,532.0,552.0,569.0,571.0,573.0,607.0,634.0,638.0,656.0,677.0,682.0,687.0,688.0,703.0,762.0,851.0,864.0,938.0,944.0,
11.0,24.0,33.0,37.0,48.0,51.0,66.0,89.0,101.0,129.0,146.0,167.0,168.0,204.0,233.0,262.0,265.0,355.0,371.0,397.0,448.0,457.0,486.0,506.0,507.0,543.0,549.0,573.0,597.0,601.0,604.0,632.0,767.0,772.0,784.0,804.0,805.0,815.0,834.0,859.0,869.0,881.0,893.0,897.0,902.0,961.0,961.0,963.0,
36.0,48.0,59.0,115.0,130.0,141.0,173.0,230.0,231.0,232.0,269.0,293.0,298.0,300.0,326.0,354.0,367.0,373.0,383.0,384.0,385.0,424.0,431.0,441.0,476.0,485.0,550.0,552.0,553.0,563.0,646.0,647.0,665.0,695.0,767.0,771.0,774.0,787.0,887.0,888.0,964.0,
56.0,75.0,84.0,89.0,175.0,179.0,191.0,207.0,207.0,258.0,289.0,319.0,325.0,325.0,330.0,388.0,423.0,590.0,596.0,612.0,615.0,630.0,650.0,652.0,682.0,685.0,703.0,719.0,786.0,824.0,850.0,863.0,873.0,904.0,906.0,910.0,975.0,
4.0,30.0,81.0,119.0,155.0,182.0,185.0,196.0,246.0,254.0,256.0,269.0,296.0,296.0,349.0,358.0,375.0,407.0,420.0,442.0,444.0,535.0,563.0,577.0,584.0,603.0,617.0,663.0,670.0,677.0,725.0,748.0,817.0,836.0,837.0,863.0,908.0,916.0,918.0,937.0,
23.0,28.0,42.0,58.0,67.0,105.0,141.0,166.0,208.0,209.0,225.0,229.0,272.0,285.0,313.0,352.0,367.0,372.0,402.0,402.0,410.0,427.0,452.0,457.0,489.0,502.0,527.0,536.0,568.0,571.0,588.0,626.0,633.0,678.0,681.0,701.0,707.0,722.0,754.0,767.0,791.0,808.0,809.0,855.0,866.0,887.0,897.0,897.0,933.0,970.0,
11.0,20.0,32.0,60.0,64.0,114.0,140.0,156.0,271.0,280.0,338.0,348.0,351.0,362.0,374.0,381.0,382.0,451.0,517.0,540.0,563.0,583.0,642.0,668.0,678.0,748.0,866.0,
23.0,53.0,61.0,99.0,110.0,175.0,183.0,196.0,260.0,267.0,391.0,404.0,411.0,431.0,495.0,507.0,581.0,606.0,691.0,725.0,736.0,766.0,793.0,805.0,820.0,820.0,853.0,877.0,889.0,905.0,908.0,912.0,954.0,958.0,959.0,997.0,
37.0,48.0,62.0,63.0,77.0,83.0,105.0,109.0,168.0,263.0,318.0,328.0,344.0,359.0,419.0,477.0,480.0,493.0,497.0,552.0,555.0,640.0,704.0,736.0,759.0,796.0,926.0,952.0,953.0,964.0,973.0,984.0,998.0,
18.0,53.0,119.0,179.0,238.0,265.0,296.0,313.0,325.0,351.0,359.0,373.0,376.0,398.0,435.0,471.0,516.0,517.0,526.0,533.0,543.0,549.0,553.0,559.0,565.0,574.0,593.0,598.0,622.0,660.0,735.0,829.0,873.0,892.0,898.0,911.0,964.0,
24.0,39.0,51.0,70.0,84.0,119.0,148.0,185.0,209.0,217.0,218.0,232.0,372.0,406.0,431.0,441.0,447.0,452.0,455.0,460.0,535.0,554.0,591.0,602.0,623.0,691.0,699.0,841.0,923.0,925.0,957.0,958.0,978.0,
27.0,53.0,57.0,82.0,88.0,93.0,147.0,151.0,155.0,191.0,210.0,225.0,248.0,272.0,296.0,303.0,392.0,403.0,426.0,438.0,490.0,490.0,497.0,510.0,523.0,525.0,554.0,607.0,687.0,696.0,729.0,787.0,794.0,842.0,966.0,
28.0,40.0,95.0,103.0,112.0,112.0,114.0,137.0,186.0,190.0,199.0,212.0,236.0,255.0,275.0,276.0,309.0,313.0,314.0,362.0,380.0,413.0,414.0,414.0,418.0,430.0,440.0,455.0,471.0,491.0,498.0,502.0,545.0,556.0,560.0,585.0,629.0,630.0,656.0,673.0,791.0,798.0,809.0,836.0,892.0,896.0,921.0,1000.0,
47.0,47.0,79.0,87.0,95.0,107.0,135.0,166.0,179.0,191.0,211.0,236.0,254.0,271.0,377.0,391.0,421.0,440.0,451.0,522.0,559.0,595.0,621.0,634.0,738.0,786.0,839.0,845.0,863.0,868.0,889.0,910.0,938.0,949.0,952.0,966.0,966.0,972.0,999.0,
38.0,45.0,46.0,84.0,86.0,117.0,172.0,189.0,207.0,290.0,327.0,359.0,375.0,385.0,400.0,449.0,493.0,495.0,495.0,520.0,531.0,566.0,578.0,580.0,617.0,713.0,789.0,837.0,840.0,912.0,946.0,962.0,997.0,1000.0,
