31.0,52.0,75.0,75.0,92.0,180.0,196.0,218.0,220.0,231.0,283.0,312.0,355.0,360.0,436.0,456.0,462.0,467.0,487.0,489.0,512.0,518.0,538.0,582.0,585.0,691.0,792.0,852.0,883.0,886.0,906.0,927.0,951.0,964.0,
15.0,23.0,41.0,57.0,103.0,109.0,182.0,225.0,228.0,237.0,258.0,265.0,265.0,266.0,275.0,327.0,345.0,374.0,439.0,467.0,512.0,512.0,550.0,573.0,577.0,588.0,623.0,672.0,682.0,688.0,695.0,697.0,698.0,705.0,831.0,885.0,923.0,928.0,955.0,956.0,986.0,994.0,
14.0,22.0,44.0,112.0,142.0,183.0,212.0,224.0,224.0,277.0,359.0,390.0,394.0,411.0,477.0,501.0,563.0,575.0,614.0,624.0,632.0,634.0,634.0,642.0,653.0,673.0,679.0,686.0,693.0,699.0,713.0,730.0,767.0,810.0,818.0,820.0,835.0,871.0,924.0,
11.0,15.0,45.0,51.0,74.0,78.0,78.0,101.0,109.0,124.0,155.0,157.0,182.0,204.0,212.0,215.0,322.0,358.0,393.0,404.0,405.0,413.0,481.0,515.0,526.0,540.0,552.0,579.0,618.0,628.0,669.0,696.0,801.0,861.0,879.0,974.0,983.0,
20.0,70.0,218.0,256.0,328.0,339.0,345.0,347.0,441.0,495.0,582.0,589.0,597.0,603.0,618.0,631.0,654.0,657.0,661.0,683.0,689.0,748.0,764.0,770.0,775.0,796.0,823.0,894.0,940.0,
22.0,42.0,73.0,83.0,124.0,125.0,131.0,237.0,246.0,288.0,291.0,343.0,403.0,433.0,503.0,560.0,660.0,669.0,716.0,748.0,822.0,867.0,879.0,908.0,929.0,942.0,951.0,952.0,968.0,994.0,
36.0,94.0,129.0,170.0,183.0,240.0,241.0,277.0,303.0,333.0,356.0,358.0,382.0,394.0,414.0,418.0,454.0,460.0,479.0,480.0,576.0,579.0,619.0,623.0,624.0,682.0,717.0,827.0,832.0,857.0,912.0,923.0,946.0,951.0,953.0,987.0,996.0,
14.0,25.0,59.0,60.0,74.0,86.0,98.0,109.0,112.0,130.0,139.0,144.0,210.0,238.0,268.0,280.0,282.0,338.0,398.0,477.0,540.0,573.0,613.0,613.0,684.0,689.0,703.0,798.0,803.0,831.0,837.0,861.0,861.0,877.0,899.0,930.0,939.0,969.0,986.0,
38.0,51.0,85.0,86.0,89.0,95.0,165.0,188.0,270.0,313.0,343.0,355.0,356.0,404.0,418.0,454.0,491.0,535.0,539.0,543.0,556.0,636.0,659.0,666.0,781.0,900.0,907.0,
25.0,25.0,29.0,65.0,103.0,119.0,136.0,166.0,206.0,257.0,273.0,300.0,318.0,373.0,408.0,462.0,469.0,549.0,557.0,574.0,635.0,680.0,694.0,748.0,761.0,812.0,844.0,853.0,964.0,979.0,
44.0,58.0,74.0,88.0,98.0,100.0,119.0,119.0,128.0,131.0,168.0,218.0,222.0,236.0,264.0,264.0,280.0,286.0,291.0,292.0,327.0,339.0,365.0,380.0,391.0,399.0,414.0,488.0,497.0,499.0,510.0,520.0,540.0,540.0,576.0,601.0,604.0,605.0,615.0,617.0,618.0,627.0,637.0,643.0,644.0,668.0,690.0,705.0,713.0,746.0,751.0,764.0,786.0,790.0,800.0,854.0,882.0,889.0,898.0,926.0,952.0,956.0,960.0,
17.0,70.0,73.0,100.0,159.0,163.0,179.0,256.0,314.0,331.0,332.0,338.0,370.0,379.0,403.0,419.0,434.0,440.0,459.0,470.0,476.0,489.0,504.0,514.0,528.0,553.0,578.0,607.0,664.0,700.0,733.0,797.0,806.0,814.0,850.0,853.0,876.0,912.0,931.0,936.0,963.0,
58.0,82.0,82.0,91.0,91.0,102.0,112.0,133.0,177.0,179.0,193.0,200.0,253.0,263.0,273.0,287.0,312.0,321.0,357.0,358.0,395.0,407.0,424.0,501.0,506.0,509.0,543.0,580.0,582.0,627.0,645.0,677.0,732.0,743.0,763.0,767.0,773.0,775.0,793.0,798.0,805.0,816.0,818.0,830.0,896.0,924.0,931.0,943.0,
8.0,9.0,16.0,63.0,105.0,106.0,169.0,219.0,220.0,261.0,323.0,325.0,328.0,383.0,402.0,462.0,485.0,511.0,521.0,557.0,588.0,660.0,689.0,691.0,691.0,765.0,784.0,809.0,829.0,844.0,862.0,882.0,981.0,984.0,996.0,
14.0,119.0,157.0,205.0,243.0,249.0,262.0,280.0,302.0,325.0,329.0,329.0,345.0,355.0,358.0,383.0,406.0,428.0,477.0,482.0,520.0,524.0,538.0,545.0,560.0,644.0,661.0,662.0,704.0,726.0,749.0,771.0,787.0,896.0,
7.0,19.0,37.0,40.0,41.0,67.0,99.0,104.0,133.0,189.0,257.0,267.0,285.0,337.0,360.0,362.0,388.0,391.0,496.0,502.0,518.0,538.0,548.0,578.0,599.0,612.0,667.0,667.0,695.0,706.0,725.0,749.0,775.0,834.0,839.0,876.0,910.0,912.0,924.0,962.0,996.0,996.0,
29.0,55.0,136.0,138.0,162.0,215.0,216.0,240.0,249.0,273.0,292.0,315.0,323.0,326.0,326.0,402.0,408.0,446.0,451.0,482.0,521.0,522.0,522.0,620.0,638.0,646.0,688.0,707.0,708.0,718.0,734.0,749.0,807.0,814.0,906.0,915.0,941.0,947.0,952.0,955.0,960.0,
3.0,4.0,17.0,20.0,21.0,35.0,47.0,103.0,151.0,165.0,169.0,233.0,238.0,261.0,275.0,311.0,323.0,330.0,338.0,352.0,396.0,444.0,454.0,484.0,537.0,560.0,561.0,577.0,597.0,687.0,688.0,710.0,754.0,770.0,809.0,840.0,841.0,852.0,863.0,867.0,882.0,909.0,941.0,944.0,984.0,994.0,
112.0,165.0,180.0,212.0,215.0,221.0,230.0,233.0,261.0,291.0,303.0,374.0,406.0,409.0,422.0,427.0,483.0,528.0,584.0,681.0,708.0,731.0,744.0,745.0,881.0,882.0,982.0,
66.0,70.0,80.0,123.0,205.0,212.0,253.0,281.0,292.0,296.0,296.0,299.0,329.0,345.0,366.0,385.0,403.0,424.0,476.0,507.0,521.0,533.0,559.0,568.0,652.0,717.0,721.0,748.0,752.0,784.0,797.0,811.0,839.0,847.0,853.0,859.0,895.0,919.0,
11.0,53.0,80.0,108.0,165.0,209.0,218.0,257.0,270.0,316.0,346.0,397.0,436.0,476.0,518.0,617.0,630.0,707.0,740.0,769.0,792.0,825.0,826.0,876.0,913.0,
34.0,85.0,165.0,178.0,193.0,197.0,204.0,218.0,235.0,245.0,278.0,327.0,332.0,337.0,357.0,385.0,489.0,494.0,500.0,502.0,553.0,583.0,657.0,746.0,789.0,796.0,826.0,838.0,987.0,
12.0,27.0,30.0,34.0,68.0,91.0,96.0,108.0,120.0,140.0,199.0,229.0,256.0,270.0,278.0,339.0,340.0,439.0,481.0,502.0,533.0,554.0,565.0,567.0,592.0,596.0,603.0,614.0,661.0,669.0,681.0,684.0,688.0,696.0,705.0,713.0,714.0,723.0,726.0,731.0,794.0,869.0,879.0,904.0,922.0,932.0,963.0,966.0,982.0,988.0,
33.0,41.0,52.0,58.0,95.0,131.0,190.0,210.0,222.0,222.0,244.0,245.0,302.0,306.0,327.0,329.0,354.0,378.0,385.0,483.0,488.0,519.0,575.0,633.0,633.0,654.0,660.0,660.0,672.0,687.0,699.0,727.0,736.0,742.0,752.0,804.0,861.0,932.0,946.0,969.0,984.0,
23.0,58.0,59.0,73.0,119.0,147.0,153.0,180.0,205.0,251.0,346.0,380.0,385.0,445.0,473.0,479.0,495.0,518.0,536.0,567.0,601.0,603.0,605.0,670.0,751.0,761.0,782.0,790.0,808.0,843.0,894.0,897.0,899.0,902.0,903.0,926.0,934.0,984.0,
6.0,17.0,26.0,54.0,99.0,110.0,122.0,181.0,253.0,264.0,271.0,277.0,322.0,353.0,373.0,393.0,404.0,414.0,430.0,450.0,474.0,477.0,508.0,519.0,603.0,604.0,619.0,623.0,627.0,656.0,662.0,727.0,787.0,793.0,798.0,830.0,872.0,883.0,899.0,921.0,926.0,964.0,973.0,998.0,998.0,
24.0,40.0,41.0,51.0,55.0,71.0,94.0,99.0,191.0,194.0,227.0,237.0,256.0,263.0,283.0,314.0,330.0,334.0,335.0,377.0,389.0,418.0,428.0,447.0,474.0,491.0,522.0,615.0,646.0,657.0,661.0,666.0,682.0,689.0,722.0,726.0,762.0,763.0,802.0,813.0,837.0,856.0,901.0,922.0,923.0,927.0,951.0,964.0,999.0,
10.0,16.0,19.0,86.0,91.0,113.0,163.0,172.0,215.0,223.0,294.0,298.0,303.0,311.0,326.0,350.0,442.0,498.0,525.0,543.0,546.0,559.0,629.0,643.0,646.0,646.0,652.0,820.0,832.0,841.0,874.0,881.0,881.0,901.0,911.0,937.0,958.0,968.0,989.0,
38.0,43.0,47.0,57.0,95.0,98.0,103.0,117.0,121.0,135.0,189.0,269.0,290.0,302.0,323.0,363.0,435.0,447.0,494.0,502.0,524.0,611.0,624.0,644.0,712.0,729.0,770.0,850.0,875.0,876.0,878.0,898.0,957.0,976.0,
6.0,54.0,67.0,76.0,108.0,196.0,200.0,241.0,245.0,319.0,323.0,368.0,390.0,394.0,394.0,402.0,429.0,443.0,452.0,462.0,465.0,483.0,567.0,591.0,598.0,642.0,666.0,686.0,761.0,774.0,818.0,852.0,862.0,867.0,901.0,904.0,940.0,970.0,
53.0,56.0,98.0,103.0,131.0,154.0,169.0,169.0,173.0,180.0,184.0,200.0,202.0,207.0,242.0,242.0,262.0,317.0,336.0,413.0,426.0,433.0,445.0,455.0,477.0,524.0,536.0,555.0,600.0,613.0,626.0,669.0,673.0,706.0,720.0,757.0,773.0,803.0,823.0,841.0,844.0,857.0,860.0,866.0,925.0,936.0,
6.0,8.0,67.0,76.0,100.0,121.0,127.0,150.0,168.0,197.0,206.0,263.0,324.0,336.0,362.0,379.0,382.0,430.0,498.0,513.0,537.0,541.0,586.0,641.0,643.0,691.0,726.0,760.0,775.0,779.0,786.0,840.0,896.0,904.0,912.0,992.0,
50.0,52.0,70.0,103.0,154.0,154.0,226.0,293.0,299.0,346.0,452.0,595.0,653.0,669.0,726.0,788.0,803.0,840.0,853.0,888.0,917.0,918.0,933.0,955.0,987.0,
38.0,51.0,58.0,73.0,103.0,160.0,195.0,216.0,218.0,220.0,277.0,286.0,298.0,304.0,323.0,386.0,406.0,415.0,437.0,439.0,440.0,446.0,487.0,493.0,510.0,512.0,512.0,522.0,563.0,574.0,585.0,607.0,613.0,636.0,673.0,724.0,749.0,757.0,767.0,775.0,787.0,808.0,839.0,849.0,860.0,861.0,895.0,966.0,980.0,987.0,990.0,
52.0,67.0,87.0,92.0,102.0,104.0,153.0,156.0,189.0,217.0,223.0,225.0,311.0,319.0,327.0,342.0,350.0,385.0,417.0,442.0,458.0,468.0,481.0,481.0,503.0,659.0,663.0,694.0,741.0,757.0,758.0,833.0,927.0,
3.0,43.0,50.0,56.0,110.0,111.0,142.0,203.0,208.0,209.0,212.0,294.0,297.0,432.0,443.0,462.0,718.0,986.0,
7.0,54.0,73.0,85.0,91.0,149.0,243.0,313.0,362.0,395.0,443.0,447.0,677.0,735.0,746.0,746.0,809.0,821.0,897.0,915.0,945.0,954.0,962.0,967.0,973.0,984.0,
16.0,35.0,36.0,52.0,120.0,137.0,161.0,199.0,219.0,223.0,246.0,267.0,368.0,386.0,398.0,473.0,516.0,553.0,597.0,637.0,729.0,735.0,737.0,752.0,759.0,762.0,772.0,775.0,952.0,1000.0,
3.0,55.0,65.0,93.0,164.0,259.0,287.0,355.0,375.0,382.0,443.0,450.0,484.0,494.0,496.0,498.0,559.0,563.0,581.0,598.0,636.0,672.0,688.0,702.0,725.0,729.0,735.0,737.0,776.0,777.0,784.0,787.0,877.0,879.0,910.0,951.0,
17.0,53.0,79.0,134.0,247.0,271.0,301.0,375.0,376.0,400.0,475.0,475.0,477.0,540.0,547.0,554.0,564.0,568.0,572.0,580.0,585.0,594.0,646.0,764.0,772.0,774.0,779.0,798.0,816.0,820.0,861.0,868.0,900.0,971.0,
8.0,60.0,120.0,186.0,191.0,193.0,224.0,236.0,239.0,292.0,314.0,343.0,367.0,430.0,430.0,440.0,463.0,482.0,504.0,505.0,517.0,543.0,554.0,557.0,606.0,625.0,627.0,663.0,674.0,695.0,723.0,769.0,795.0,814.0,824.0,830.0,846.0,914.0,941.0,980.0,992.0,992.0,997.0,
12.0,66.0,73.0,91.0,99.0,127.0,132.0,177.0,204.0,209.0,220.0,222.0,275.0,289.0,343.0,437.0,456.0,506.0,510.0,515.0,531.0,575.0,627.0,658.0,663.0,677.0,706.0,822.0,851.0,866.0,907.0,931.0,945.0,999.0,
3.0,48.0,51.0,110.0,190.0,228.0,270.0,277.0,356.0,442.0,467.0,478.0,494.0,514.0,531.0,565.0,568.0,603.0,649.0,666.0,677.0,701.0,713.0,761.0,763.0,763.0,773.0,774.0,787.0,801.0,851.0,854.0,951.0,955.0,955.0,999.0,
16.0,26.0,55.0,158.0,243.0,259.0,300.0,345.0,371.0,408.0,428.0,433.0,441.0,471.0,487.0,496.0,844.0,846.0,858.0,890.0,902.0,907.0,962.0,997.0,
26.0,32.0,50.0,53.0,63.0,91.0,135.0,168.0,169.0,201.0,212.0,358.0,398.0,462.0,466.0,506.0,
2.0,22.0,30.0,84.0,95.0,99.0,132.0,137.0,143.0,174.0,193.0,194.0,199.0,215.0,220.0,232.0,306.0,309.0,310.0,371.0,398.0,460.0,467.0,482.0,503.0,
4.0,22.0,23.0,86.0,121.0,216.0,263.0,266.0,277.0,283.0,289.0,308.0,318.0,318.0,363.0,371.0,373.0,424.0,440.0,446.0,487.0,
14.0,56.0,57.0,60.0,111.0,139.0,168.0,168.0,189.0,191.0,206.0,243.0,290.0,331.0,344.0,349.0,368.0,381.0,436.0,437.0,437.0,449.0,480.0,660.0,682.0,738.0,745.0,804.0,834.0,845.0,848.0,864.0,899.0,919.0,926.0,941.0,997.0,
40.0,57.0,166.0,170.0,185.0,189.0,210.0,246.0,266.0,269.0,335.0,353.0,382.0,391.0,424.0,434.0,438.0,445.0,482.0,513.0,530.0,592.0,691.0,719.0,729.0,733.0,792.0,875.0,876.0,894.0,903.0,904.0,932.0,976.0,978.0,986.0,995.0,
54.0,107.0,120.0,180.0,201.0,210.0,221.0,248.0,263.0,282.0,296.0,315.0,337.0,366.0,394.0,395.0,398.0,435.0,460.0,463.0,467.0,469.0,473.0,487.0,492.0,518.0,527.0,527.0,568.0,619.0,627.0,676.0,682.0,715.0,720.0,721.0,744.0,767.0,830.0,856.0,882.0,887.0,915.0,946.0,955.0,969.0,969.0,996.0,
30.0,45.0,85.0,89.0,90.0,94.0,103.0,141.0,165.0,185.0,239.0,343.0,395.0,424.0,452.0,467.0,468.0,484.0,539.0,620.0,686.0,687.0,695.0,704.0,717.0,839.0,844.0,898.0,910.0,930.0,959.0,985.0,985.0,
36.0,66.0,92.0,103.0,112.0,160.0,207.0,236.0,243.0,290.0,312.0,318.0,325.0,325.0,329.0,333.0,345.0,383.0,398.0,398.0,427.0,474.0,510.0,578.0,583.0,589.0,605.0,612.0,622.0,658.0,672.0,684.0,685.0,726.0,727.0,731.0,732.0,739.0,764.0,811.0,894.0,902.0,903.0,995.0,
56.0,59.0,108.0,122.0,139.0,231.0,234.0,244.0,294.0,311.0,328.0,337.0,347.0,366.0,388.0,390.0,424.0,438.0,440.0,509.0,540.0,545.0,583.0,590.0,594.0,667.0,690.0,716.0,743.0,756.0,833.0,844.0,884.0,890.0,902.0,926.0,950.0,956.0,986.0,
31.0,34.0,40.0,54.0,151.0,160.0,180.0,183.0,188.0,226.0,277.0,299.0,300.0,329.0,339.0,342.0,367.0,373.0,395.0,441.0,445.0,721.0,781.0,807.0,828.0,832.0,846.0,875.0,896.0,898.0,966.0,971.0,
21.0,52.0,149.0,261.0,313.0,319.0,325.0,328.0,370.0,374.0,381.0,412.0,430.0,468.0,486.0,500.0,
45.0,48.0,142.0,194.0,219.0,220.0,252.0,258.0,272.0,285.0,292.0,383.0,425.0,436.0,484.0,802.0,888.0,926.0,
86.0,155.0,158.0,166.0,169.0,208.0,272.0,298.0,371.0,388.0,396.0,485.0,495.0,505.0,
94.0,103.0,139.0,211.0,230.0,264.0,285.0,295.0,331.0,387.0,400.0,418.0,443.0,490.0,504.0,717.0,768.0,902.0,
15.0,87.0,88.0,141.0,150.0,186.0,203.0,219.0,258.0,274.0,342.0,386.0,427.0,470.0,518.0,560.0,562.0,573.0,589.0,595.0,616.0,623.0,624.0,658.0,691.0,708.0,711.0,715.0,740.0,781.0,813.0,847.0,887.0,923.0,939.0,954.0,957.0,964.0,996.0,997.0,
8.0,19.0,70.0,79.0,109.0,132.0,181.0,253.0,305.0,313.0,370.0,441.0,463.0,475.0,510.0,518.0,533.0,570.0,637.0,640.0,654.0,669.0,670.0,686.0,723.0,740.0,754.0,775.0,781.0,829.0,895.0,910.0,956.0,968.0,970.0,
7.0,55.0,84.0,112.0,141.0,164.0,165.0,175.0,207.0,250.0,268.0,315.0,365.0,383.0,397.0,403.0,425.0,426.0,444.0,455.0,495.0,506.0,526.0,536.0,542.0,565.0,566.0,624.0,625.0,663.0,716.0,716.0,764.0,775.0,791.0,807.0,873.0,875.0,882.0,905.0,911.0,943.0,960.0,964.0,975.0,991.0,
26.0,43.0,46.0,75.0,101.0,122.0,181.0,207.0,281.0,289.0,291.0,296.0,316.0,356.0,391.0,416.0,440.0,442.0,541.0,620.0,621.0,668.0,669.0,673.0,768.0,769.0,776.0,801.0,802.0,839.0,865.0,865.0,871.0,884.0,897.0,923.0,923.0,954.0,971.0,978.0,987.0,
12.0,29.0,38.0,93.0,104.0,127.0,203.0,205.0,269.0,286.0,341.0,369.0,382.0,388.0,417.0,418.0,421.0,446.0,456.0,469.0,493.0,536.0,588.0,601.0,616.0,620.0,631.0,632.0,663.0,663.0,689.0,745.0,748.0,776.0,789.0,805.0,850.0,864.0,926.0,928.0,936.0,953.0,956.0,962.0,
36.0,54.0,99.0,106.0,132.0,136.0,165.0,165.0,221.0,258.0,258.0,259.0,281.0,363.0,388.0,420.0,448.0,462.0,496.0,762.0,830.0,832.0,921.0,946.0,981.0,
31.0,50.0,105.0,112.0,222.0,244.0,250.0,277.0,328.0,355.0,356.0,369.0,398.0,400.0,438.0,465.0,471.0,
27.0,35.0,58.0,87.0,119.0,128.0,193.0,250.0,263.0,288.0,318.0,341.0,373.0,386.0,391.0,416.0,430.0,433.0,439.0,446.0,477.0,483.0,507.0,
17.0,22.0,28.0,35.0,40.0,49.0,80.0,103.0,180.0,192.0,232.0,235.0,248.0,263.0,266.0,284.0,287.0,294.0,300.0,306.0,327.0,350.0,382.0,393.0,397.0,398.0,475.0,488.0,498.0,504.0,
24.0,26.0,59.0,73.0,77.0,151.0,161.0,178.0,181.0,206.0,215.0,276.0,328.0,390.0,428.0,465.0,489.0,501.0,501.0,507.0,662.0,727.0,791.0,809.0,821.0,840.0,871.0,
84.0,157.0,198.0,234.0,244.0,260.0,308.0,314.0,315.0,318.0,318.0,355.0,359.0,406.0,440.0,442.0,548.0,594.0,623.0,625.0,626.0,628.0,643.0,653.0,702.0,715.0,720.0,735.0,758.0,791.0,803.0,819.0,829.0,832.0,840.0,843.0,857.0,876.0,888.0,895.0,957.0,964.0,973.0,
14.0,15.0,90.0,136.0,181.0,201.0,245.0,257.0,272.0,288.0,342.0,374.0,375.0,381.0,400.0,420.0,454.0,460.0,463.0,489.0,506.0,512.0,541.0,557.0,602.0,604.0,604.0,621.0,670.0,713.0,772.0,774.0,856.0,906.0,936.0,938.0,959.0,987.0,
12.0,46.0,92.0,135.0,154.0,296.0,323.0,337.0,366.0,394.0,408.0,424.0,434.0,444.0,452.0,475.0,502.0,523.0,531.0,545.0,545.0,547.0,568.0,580.0,581.0,586.0,762.0,793.0,805.0,831.0,835.0,847.0,860.0,871.0,895.0,952.0,969.0,977.0,986.0,
24.0,94.0,113.0,233.0,240.0,313.0,372.0,416.0,431.0,440.0,443.0,610.0,629.0,630.0,674.0,718.0,807.0,876.0,879.0,910.0,912.0,920.0,929.0,980.0,985.0,
44.0,50.0,104.0,176.0,204.0,268.0,404.0,420.0,450.0,454.0,466.0,474.0,480.0,491.0,491.0,508.0,535.0,560.0,561.0,576.0,586.0,604.0,608.0,648.0,658.0,711.0,721.0,814.0,846.0,855.0,869.0,872.0,943.0,976.0,988.0,995.0,
29.0,53.0,78.0,85.0,90.0,114.0,165.0,211.0,233.0,292.0,295.0,303.0,326.0,367.0,382.0,418.0,421.0,426.0,433.0,491.0,491.0,544.0,569.0,583.0,596.0,629.0,658.0,659.0,668.0,692.0,700.0,700.0,707.0,709.0,714.0,739.0,768.0,769.0,779.0,813.0,842.0,848.0,851.0,863.0,867.0,913.0,922.0,928.0,938.0,985.0,987.0,
4.0,14.0,26.0,77.0,93.0,149.0,173.0,194.0,196.0,200.0,279.0,333.0,352.0,389.0,403.0,455.0,709.0,731.0,779.0,830.0,846.0,866.0,
27.0,92.0,101.0,160.0,172.0,214.0,228.0,308.0,368.0,392.0,396.0,421.0,444.0,818.0,831.0,858.0,917.0,963.0,968.0,
32.0,47.0,58.0,63.0,84.0,189.0,232.0,233.0,251.0,278.0,281.0,329.0,340.0,366.0,387.0,432.0,486.0,501.0,610.0,659.0,677.0,678.0,694.0,718.0,755.0,760.0,783.0,784.0,807.0,811.0,832.0,896.0,905.0,979.0,
80.0,96.0,114.0,151.0,160.0,210.0,237.0,321.0,407.0,452.0,456.0,468.0,494.0,498.0,534.0,536.0,538.0,569.0,576.0,584.0,591.0,597.0,605.0,639.0,732.0,732.0,752.0,766.0,821.0,829.0,851.0,857.0,860.0,890.0,930.0,974.0,
6.0,7.0,17.0,17.0,52.0,99.0,135.0,141.0,259.0,309.0,353.0,358.0,427.0,435.0,445.0,451.0,475.0,480.0,503.0,533.0,572.0,613.0,655.0,659.0,661.0,662.0,677.0,711.0,716.0,721.0,814.0,821.0,844.0,853.0,856.0,866.0,888.0,895.0,929.0,953.0,984.0,985.0,
51.0,53.0,54.0,133.0,175.0,184.0,199.0,203.0,294.0,298.0,320.0,344.0,348.0,366.0,377.0,385.0,396.0,406.0,426.0,436.0,449.0,450.0,477.0,502.0,506.0,513.0,539.0,580.0,581.0,631.0,634.0,634.0,647.0,726.0,728.0,754.0,880.0,894.0,910.0,938.0,
14.0,38.0,66.0,68.0,158.0,181.0,206.0,238.0,267.0,283.0,313.0,361.0,419.0,425.0,448.0,472.0,491.0,502.0,514.0,542.0,557.0,569.0,574.0,617.0,631.0,631.0,649.0,672.0,696.0,712.0,733.0,738.0,748.0,752.0,761.0,787.0,822.0,833.0,840.0,972.0,977.0,986.0,
45.0,62.0,92.0,106.0,125.0,145.0,149.0,167.0,167.0,174.0,187.0,204.0,225.0,234.0,235.0,241.0,302.0,336.0,604.0,711.0,742.0,793.0,802.0,808.0,815.0,826.0,844.0,880.0,880.0,896.0,934.0,936.0,951.0,955.0,957.0,959.0,962.0,992.0,
5.0,57.0,59.0,60.0,126.0,171.0,192.0,234.0,253.0,268.0,279.0,302.0,328.0,345.0,357.0,389.0,427.0,431.0,436.0,441.0,447.0,467.0,474.0,507.0,547.0,560.0,564.0,614.0,656.0,698.0,705.0,757.0,765.0,813.0,845.0,856.0,857.0,857.0,888.0,893.0,898.0,900.0,
46.0,71.0,74.0,129.0,177.0,219.0,220.0,229.0,230.0,331.0,359.0,377.0,390.0,412.0,475.0,484.0,491.0,497.0,503.0,521.0,535.0,544.0,573.0,576.0,625.0,631.0,652.0,659.0,680.0,701.0,703.0,707.0,707.0,737.0,737.0,750.0,755.0,785.0,931.0,931.0,940.0,974.0,977.0,
34.0,48.0,67.0,67.0,93.0,100.0,105.0,167.0,174.0,182.0,197.0,270.0,357.0,368.0,412.0,558.0,578.0,593.0,621.0,651.0,667.0,718.0,741.0,759.0,769.0,778.0,797.0,813.0,822.0,843.0,846.0,846.0,860.0,938.0,965.0,995.0,
55.0,116.0,117.0,141.0,145.0,161.0,203.0,224.0,229.0,240.0,285.0,294.0,356.0,385.0,396.0,413.0,418.0,462.0,464.0,473.0,474.0,523.0,556.0,561.0,571.0,599.0,619.0,632.0,646.0,649.0,654.0,660.0,675.0,688.0,696.0,726.0,744.0,749.0,749.0,759.0,775.0,791.0,818.0,820.0,820.0,866.0,878.0,882.0,902.0,904.0,911.0,928.0,954.0,980.0,982.0,
74.0,82.0,115.0,120.0,152.0,171.0,184.0,308.0,315.0,319.0,378.0,395.0,413.0,429.0,441.0,442.0,514.0,535.0,548.0,580.0,598.0,599.0,603.0,620.0,622.0,636.0,638.0,688.0,705.0,744.0,759.0,792.0,804.0,854.0,856.0,868.0,886.0,921.0,936.0,
22.0,24.0,52.0,84.0,108.0,119.0,161.0,284.0,290.0,312.0,392.0,456.0,521.0,526.0,537.0,543.0,551.0,551.0,560.0,597.0,611.0,628.0,637.0,646.0,670.0,705.0,716.0,725.0,757.0,763.0,881.0,883.0,928.0,975.0,
10.0,26.0,31.0,75.0,121.0,191.0,208.0,216.0,236.0,238.0,280.0,369.0,374.0,453.0,473.0,486.0,500.0,526.0,569.0,611.0,614.0,634.0,737.0,746.0,778.0,796.0,835.0,838.0,844.0,861.0,862.0,893.0,913.0,920.0,943.0,
56.0,58.0,67.0,94.0,121.0,237.0,287.0,338.0,412.0,442.0,463.0,491.0,504.0,532.0,538.0,708.0,757.0,864.0,896.0,928.0,
34.0,68.0,122.0,183.0,273.0,293.0,329.0,357.0,358.0,437.0,441.0,443.0,462.0,464.0,475.0,479.0,531.0,567.0,617.0,622.0,676.0,679.0,702.0,707.0,723.0,866.0,878.0,955.0,975.0,993.0,996.0,
24.0,40.0,72.0,92.0,127.0,140.0,141.0,158.0,177.0,204.0,237.0,239.0,252.0,259.0,266.0,282.0,287.0,300.0,330.0,355.0,413.0,433.0,450.0,477.0,555.0,588.0,590.0,599.0,601.0,612.0,645.0,661.0,682.0,715.0,755.0,832.0,859.0,942.0,948.0,963.0,994.0,
51.0,88.0,110.0,124.0,130.0,175.0,179.0,187.0,189.0,226.0,305.0,310.0,399.0,419.0,466.0,479.0,494.0,512.0,514.0,548.0,599.0,669.0,670.0,683.0,704.0,717.0,718.0,734.0,835.0,835.0,854.0,867.0,900.0,914.0,919.0,
12.0,35.0,41.0,43.0,46.0,78.0,107.0,129.0,154.0,223.0,327.0,352.0,355.0,367.0,367.0,413.0,414.0,440.0,459.0,461.0,462.0,549.0,583.0,609.0,634.0,694.0,700.0,735.0,738.0,748.0,763.0,765.0,810.0,816.0,843.0,850.0,857.0,971.0,
52.0,75.0,84.0,126.0,157.0,167.0,206.0,222.0,226.0,243.0,270.0,302.0,314.0,356.0,406.0,478.0,565.0,578.0,594.0,648.0,650.0,694.0,742.0,744.0,770.0,828.0,835.0,863.0,878.0,891.0,930.0,962.0,996.0,997.0,
67.0,87.0,94.0,111.0,127.0,160.0,174.0,198.0,213.0,231.0,280.0,341.0,362.0,386.0,414.0,416.0,436.0,443.0,448.0,471.0,521.0,573.0,590.0,615.0,688.0,768.0,780.0,841.0,872.0,875.0,884.0,906.0,964.0,965.0,967.0,989.0,999.0,
5.0,14.0,138.0,171.0,215.0,221.0,233.0,234.0,241.0,267.0,288.0,313.0,325.0,361.0,373.0,446.0,500.0,528.0,531.0,542.0,543.0,638.0,661.0,665.0,742.0,743.0,808.0,857.0,953.0,984.0,
15.0,26.0,43.0,93.0,101.0,152.0,153.0,162.0,227.0,243.0,247.0,266.0,270.0,313.0,361.0,371.0,377.0,401.0,449.0,457.0,465.0,537.0,564.0,627.0,632.0,665.0,717.0,719.0,760.0,803.0,849.0,865.0,908.0,920.0,977.0,
26.0,34.0,106.0,118.0,166.0,213.0,232.0,251.0,306.0,322.0,342.0,357.0,428.0,488.0,546.0,600.0,687.0,732.0,733.0,759.0,768.0,772.0,788.0,846.0,864.0,888.0,934.0,942.0,
22.0,37.0,70.0,151.0,176.0,181.0,183.0,215.0,253.0,299.0,307.0,470.0,490.0,519.0,535.0,572.0,596.0,634.0,693.0,735.0,744.0,767.0,796.0,809.0,821.0,916.0,948.0,994.0,
