32.0,46.0,67.0,83.0,122.0,141.0,179.0,186.0,186.0,220.0,233.0,234.0,248.0,285.0,288.0,316.0,345.0,406.0,412.0,412.0,449.0,478.0,489.0,503.0,510.0,539.0,548.0,617.0,621.0,647.0,662.0,687.0,715.0,734.0,738.0,741.0,741.0,777.0,789.0,796.0,844.0,866.0,893.0,896.0,902.0,911.0,930.0,968.0,983.0,
28.0,47.0,62.0,70.0,77.0,97.0,109.0,110.0,113.0,116.0,154.0,163.0,173.0,227.0,236.0,280.0,303.0,321.0,387.0,388.0,420.0,431.0,481.0,495.0,507.0,554.0,566.0,594.0,628.0,682.0,715.0,845.0,876.0,889.0,912.0,932.0,945.0,964.0,980.0,
17.0,30.0,41.0,42.0,76.0,147.0,192.0,223.0,274.0,306.0,336.0,361.0,363.0,460.0,472.0,483.0,507.0,512.0,548.0,562.0,582.0,588.0,606.0,638.0,639.0,693.0,766.0,767.0,809.0,816.0,825.0,856.0,856.0,869.0,931.0,
7.0,10.0,17.0,30.0,59.0,85.0,87.0,92.0,131.0,205.0,216.0,243.0,248.0,249.0,261.0,328.0,331.0,379.0,432.0,515.0,628.0,638.0,660.0,661.0,685.0,712.0,714.0,742.0,744.0,763.0,786.0,788.0,824.0,906.0,923.0,930.0,
7.0,18.0,76.0,137.0,145.0,164.0,170.0,171.0,256.0,278.0,290.0,301.0,411.0,415.0,484.0,560.0,612.0,613.0,680.0,683.0,687.0,746.0,835.0,839.0,858.0,874.0,902.0,923.0,963.0,976.0,
9.0,17.0,36.0,85.0,86.0,143.0,167.0,260.0,270.0,281.0,309.0,401.0,421.0,434.0,461.0,482.0,516.0,529.0,549.0,596.0,602.0,627.0,652.0,663.0,704.0,707.0,743.0,790.0,820.0,836.0,899.0,907.0,915.0,917.0,943.0,
17.0,22.0,24.0,45.0,91.0,110.0,156.0,166.0,176.0,199.0,269.0,303.0,311.0,380.0,439.0,550.0,562.0,572.0,593.0,597.0,625.0,629.0,682.0,748.0,868.0,914.0,920.0,953.0,967.0,977.0,997.0,
32.0,73.0,83.0,95.0,146.0,166.0,189.0,198.0,222.0,238.0,247.0,261.0,277.0,420.0,424.0,450.0,551.0,756.0,768.0,794.0,806.0,815.0,823.0,876.0,906.0,906.0,906.0,914.0,
7.0,10.0,12.0,47.0,97.0,111.0,175.0,186.0,226.0,228.0,281.0,307.0,328.0,345.0,357.0,385.0,422.0,436.0,437.0,440.0,474.0,492.0,513.0,516.0,521.0,544.0,556.0,574.0,598.0,607.0,627.0,640.0,662.0,688.0,716.0,732.0,741.0,743.0,830.0,838.0,840.0,891.0,898.0,909.0,970.0,995.0,
36.0,61.0,63.0,88.0,140.0,141.0,199.0,342.0,380.0,386.0,464.0,478.0,546.0,574.0,604.0,638.0,697.0,703.0,710.0,779.0,797.0,841.0,891.0,950.0,989.0,
9.0,46.0,65.0,159.0,224.0,260.0,267.0,284.0,300.0,313.0,317.0,322.0,340.0,376.0,434.0,488.0,498.0,665.0,665.0,689.0,701.0,770.0,777.0,801.0,814.0,877.0,952.0,954.0,954.0,982.0,986.0,
4.0,28.0,53.0,62.0,62.0,124.0,130.0,157.0,161.0,163.0,199.0,201.0,297.0,368.0,410.0,429.0,430.0,434.0,440.0,452.0,473.0,481.0,495.0,517.0,541.0,591.0,679.0,740.0,764.0,802.0,829.0,852.0,953.0,987.0,989.0,
11.0,51.0,58.0,60.0,82.0,233.0,243.0,270.0,273.0,275.0,314.0,316.0,336.0,350.0,379.0,389.0,398.0,477.0,487.0,503.0,615.0,662.0,679.0,684.0,703.0,710.0,723.0,744.0,760.0,775.0,845.0,863.0,879.0,885.0,890.0,900.0,902.0,915.0,915.0,920.0,928.0,932.0,960.0,
18.0,48.0,55.0,60.0,85.0,99.0,144.0,153.0,154.0,190.0,191.0,237.0,243.0,275.0,297.0,298.0,308.0,319.0,322.0,341.0,359.0,416.0,524.0,543.0,580.0,583.0,595.0,600.0,604.0,616.0,697.0,720.0,726.0,742.0,756.0,798.0,801.0,822.0,824.0,879.0,887.0,905.0,908.0,941.0,986.0,
13.0,20.0,43.0,81.0,86.0,105.0,159.0,181.0,192.0,218.0,219.0,227.0,242.0,265.0,289.0,329.0,352.0,392.0,393.0,394.0,413.0,444.0,447.0,474.0,479.0,485.0,518.0,552.0,552.0,720.0,747.0,804.0,822.0,875.0,889.0,910.0,
111.0,134.0,139.0,207.0,272.0,295.0,322.0,342.0,414.0,504.0,537.0,545.0,552.0,554.0,630.0,646.0,670.0,671.0,684.0,688.0,725.0,727.0,768.0,781.0,791.0,867.0,900.0,932.0,937.0,950.0,961.0,966.0,
4.0,84.0,102.0,114.0,122.0,130.0,143.0,147.0,148.0,153.0,160.0,190.0,201.0,246.0,252.0,256.0,278.0,297.0,299.0,311.0,381.0,388.0,396.0,405.0,414.0,422.0,444.0,445.0,455.0,471.0,505.0,516.0,567.0,571.0,620.0,636.0,646.0,655.0,679.0,694.0,694.0,803.0,822.0,886.0,894.0,922.0,938.0,946.0,971.0,
15.0,39.0,56.0,56.0,96.0,125.0,138.0,157.0,216.0,267.0,272.0,305.0,323.0,353.0,359.0,383.0,585.0,603.0,615.0,627.0,717.0,727.0,740.0,742.0,754.0,800.0,806.0,860.0,872.0,897.0,897.0,905.0,929.0,936.0,987.0,
62.0,70.0,138.0,190.0,233.0,257.0,265.0,310.0,327.0,345.0,361.0,404.0,432.0,442.0,502.0,507.0,513.0,537.0,555.0,597.0,606.0,687.0,710.0,725.0,773.0,784.0,824.0,839.0,870.0,886.0,889.0,896.0,928.0,951.0,
24.0,52.0,78.0,127.0,129.0,155.0,162.0,221.0,292.0,313.0,375.0,375.0,417.0,486.0,526.0,546.0,548.0,558.0,573.0,595.0,620.0,623.0,652.0,685.0,703.0,710.0,712.0,715.0,720.0,721.0,851.0,870.0,910.0,923.0,933.0,972.0,
7.0,30.0,32.0,40.0,83.0,158.0,158.0,202.0,219.0,228.0,231.0,311.0,318.0,366.0,367.0,390.0,398.0,428.0,435.0,467.0,492.0,512.0,532.0,536.0,611.0,617.0,633.0,635.0,667.0,677.0,715.0,724.0,726.0,737.0,747.0,750.0,786.0,819.0,832.0,865.0,906.0,
5.0,27.0,52.0,84.0,89.0,151.0,218.0,244.0,271.0,311.0,343.0,345.0,354.0,369.0,404.0,405.0,419.0,479.0,482.0,608.0,645.0,646.0,664.0,665.0,678.0,685.0,694.0,724.0,792.0,800.0,867.0,873.0,880.0,902.0,939.0,959.0,967.0,
11.0,11.0,23.0,65.0,70.0,72.0,101.0,162.0,207.0,229.0,281.0,313.0,313.0,325.0,335.0,352.0,408.0,409.0,426.0,431.0,466.0,485.0,513.0,516.0,528.0,547.0,561.0,601.0,609.0,699.0,702.0,757.0,797.0,805.0,870.0,880.0,907.0,935.0,935.0,947.0,985.0,999.0,
11.0,36.0,42.0,56.0,87.0,97.0,136.0,163.0,177.0,260.0,271.0,293.0,314.0,320.0,329.0,343.0,355.0,367.0,369.0,405.0,410.0,464.0,488.0,493.0,507.0,509.0,522.0,533.0,549.0,581.0,658.0,670.0,746.0,754.0,793.0,804.0,869.0,891.0,908.0,909.0,958.0,978.0,984.0,
72.0,81.0,99.0,146.0,182.0,190.0,233.0,233.0,249.0,260.0,262.0,284.0,302.0,317.0,364.0,379.0,439.0,455.0,459.0,474.0,496.0,542.0,544.0,546.0,565.0,587.0,614.0,623.0,654.0,679.0,686.0,735.0,803.0,886.0,902.0,927.0,932.0,968.0,981.0,993.0,
32.0,62.0,63.0,84.0,111.0,179.0,193.0,322.0,327.0,338.0,349.0,351.0,354.0,355.0,447.0,485.0,499.0,519.0,553.0,574.0,588.0,601.0,615.0,616.0,661.0,678.0,686.0,716.0,752.0,781.0,783.0,869.0,885.0,889.0,894.0,935.0,951.0,958.0,972.0,979.0,
104.0,141.0,159.0,175.0,224.0,252.0,253.0,380.0,446.0,446.0,453.0,488.0,505.0,586.0,674.0,678.0,711.0,739.0,785.0,805.0,816.0,819.0,865.0,880.0,889.0,893.0,893.0,931.0,949.0,974.0,
24.0,44.0,96.0,125.0,135.0,187.0,202.0,214.0,248.0,274.0,290.0,303.0,335.0,338.0,369.0,384.0,394.0,434.0,438.0,466.0,500.0,509.0,521.0,522.0,551.0,567.0,647.0,707.0,737.0,743.0,764.0,814.0,829.0,843.0,904.0,
44.0,53.0,59.0,93.0,144.0,201.0,248.0,250.0,250.0,255.0,270.0,276.0,277.0,322.0,323.0,440.0,480.0,542.0,582.0,593.0,599.0,654.0,694.0,702.0,730.0,751.0,777.0,791.0,806.0,830.0,859.0,896.0,937.0,952.0,971.0,984.0,
130.0,172.0,177.0,182.0,189.0,197.0,231.0,281.0,323.0,357.0,395.0,412.0,413.0,526.0,527.0,528.0,532.0,545.0,630.0,661.0,685.0,707.0,742.0,748.0,752.0,840.0,889.0,951.0,958.0,976.0,987.0,
15.0,16.0,25.0,39.0,39.0,62.0,65.0,66.0,109.0,130.0,158.0,172.0,175.0,239.0,252.0,271.0,271.0,271.0,289.0,317.0,377.0,385.0,391.0,403.0,420.0,429.0,434.0,437.0,468.0,507.0,551.0,579.0,618.0,638.0,751.0,762.0,787.0,789.0,800.0,814.0,825.0,845.0,849.0,860.0,867.0,909.0,938.0,
22.0,68.0,155.0,233.0,256.0,278.0,317.0,317.0,327.0,328.0,329.0,353.0,382.0,389.0,397.0,410.0,414.0,488.0,504.0,533.0,566.0,577.0,578.0,584.0,611.0,661.0,728.0,762.0,766.0,801.0,822.0,857.0,858.0,875.0,958.0,978.0,981.0,994.0,
56.0,61.0,67.0,72.0,79.0,81.0,131.0,154.0,161.0,163.0,181.0,215.0,218.0,243.0,244.0,244.0,274.0,307.0,329.0,330.0,345.0,363.0,412.0,422.0,430.0,471.0,541.0,567.0,589.0,607.0,611.0,640.0,654.0,700.0,734.0,763.0,766.0,847.0,888.0,888.0,897.0,900.0,901.0,923.0,947.0,953.0,954.0,976.0,982.0,
41.0,81.0,91.0,104.0,258.0,264.0,285.0,325.0,347.0,356.0,371.0,385.0,404.0,474.0,506.0,543.0,576.0,635.0,694.0,726.0,738.0,771.0,776.0,788.0,828.0,867.0,882.0,890.0,937.0,950.0,954.0,961.0,974.0,
15.0,54.0,103.0,103.0,119.0,212.0,217.0,237.0,295.0,352.0,353.0,377.0,419.0,497.0,509.0,514.0,538.0,555.0,566.0,577.0,580.0,581.0,623.0,723.0,728.0,798.0,820.0,840.0,868.0,886.0,925.0,937.0,939.0,945.0,966.0,975.0,
30.0,43.0,71.0,108.0,128.0,134.0,135.0,142.0,148.0,153.0,212.0,244.0,269.0,282.0,297.0,300.0,307.0,342.0,397.0,398.0,399.0,418.0,452.0,482.0,503.0,544.0,580.0,623.0,654.0,688.0,694.0,706.0,750.0,769.0,773.0,816.0,818.0,874.0,899.0,924.0,928.0,955.0,969.0,
3.0,15.0,17.0,21.0,61.0,71.0,86.0,125.0,143.0,168.0,180.0,228.0,242.0,353.0,374.0,378.0,405.0,446.0,497.0,550.0,577.0,645.0,657.0,674.0,691.0,752.0,753.0,778.0,793.0,807.0,845.0,848.0,863.0,892.0,918.0,991.0,
121.0,145.0,152.0,156.0,219.0,299.0,307.0,313.0,329.0,330.0,347.0,354.0,402.0,408.0,410.0,412.0,455.0,478.0,551.0,664.0,708.0,736.0,749.0,752.0,760.0,786.0,790.0,795.0,821.0,823.0,828.0,872.0,888.0,907.0,967.0,
12.0,27.0,33.0,41.0,50.0,81.0,92.0,124.0,245.0,251.0,251.0,253.0,295.0,323.0,327.0,376.0,476.0,488.0,488.0,572.0,573.0,646.0,648.0,705.0,749.0,765.0,795.0,830.0,833.0,833.0,835.0,864.0,886.0,906.0,915.0,938.0,944.0,989.0,
7.0,67.0,93.0,163.0,191.0,237.0,260.0,278.0,299.0,318.0,405.0,409.0,437.0,449.0,460.0,469.0,494.0,624.0,632.0,635.0,654.0,659.0,683.0,707.0,736.0,737.0,739.0,745.0,754.0,757.0,802.0,827.0,870.0,882.0,980.0,993.0,
8.0,57.0,77.0,89.0,107.0,167.0,190.0,198.0,217.0,218.0,220.0,273.0,322.0,365.0,450.0,458.0,483.0,525.0,584.0,618.0,665.0,707.0,719.0,723.0,751.0,782.0,788.0,801.0,804.0,840.0,862.0,864.0,866.0,908.0,940.0,
9.0,18.0,48.0,138.0,173.0,189.0,191.0,191.0,209.0,238.0,332.0,414.0,426.0,443.0,443.0,467.0,488.0,553.0,598.0,610.0,618.0,658.0,665.0,790.0,797.0,811.0,822.0,845.0,859.0,883.0,
17.0,41.0,61.0,102.0,118.0,143.0,158.0,172.0,195.0,198.0,216.0,236.0,245.0,270.0,379.0,406.0,476.0,478.0,498.0,518.0,529.0,534.0,605.0,630.0,656.0,718.0,739.0,782.0,791.0,792.0,812.0,815.0,851.0,863.0,893.0,910.0,920.0,948.0,966.0,
32.0,44.0,134.0,143.0,173.0,231.0,271.0,276.0,288.0,337.0,342.0,345.0,431.0,436.0,472.0,572.0,592.0,624.0,633.0,745.0,800.0,804.0,818.0,833.0,838.0,862.0,878.0,915.0,917.0,962.0,963.0,995.0,
5.0,16.0,30.0,124.0,145.0,159.0,225.0,263.0,268.0,271.0,303.0,330.0,335.0,373.0,388.0,412.0,462.0,475.0,476.0,485.0,872.0,921.0,922.0,960.0,992.0,
7.0,81.0,88.0,111.0,112.0,124.0,143.0,170.0,172.0,191.0,256.0,377.0,388.0,448.0,457.0,480.0,
11.0,20.0,24.0,26.0,34.0,55.0,67.0,69.0,75.0,127.0,158.0,174.0,258.0,279.0,311.0,322.0,346.0,373.0,412.0,433.0,445.0,446.0,832.0,858.0,925.0,
27.0,35.0,37.0,54.0,70.0,143.0,144.0,184.0,192.0,214.0,214.0,216.0,230.0,241.0,271.0,313.0,329.0,358.0,368.0,388.0,395.0,397.0,472.0,528.0,550.0,650.0,673.0,675.0,676.0,719.0,725.0,739.0,765.0,827.0,828.0,833.0,922.0,929.0,962.0,974.0,993.0,
45.0,77.0,97.0,144.0,150.0,151.0,205.0,216.0,266.0,279.0,286.0,302.0,363.0,428.0,432.0,448.0,469.0,475.0,498.0,500.0,546.0,550.0,586.0,597.0,620.0,639.0,644.0,675.0,687.0,701.0,703.0,705.0,712.0,756.0,756.0,777.0,782.0,784.0,814.0,891.0,901.0,902.0,921.0,937.0,949.0,
18.0,56.0,70.0,82.0,136.0,150.0,198.0,221.0,229.0,230.0,259.0,271.0,279.0,282.0,304.0,307.0,343.0,351.0,354.0,402.0,405.0,408.0,456.0,468.0,537.0,560.0,575.0,648.0,652.0,665.0,691.0,699.0,702.0,727.0,729.0,751.0,754.0,760.0,829.0,932.0,958.0,972.0,
53.0,62.0,89.0,103.0,110.0,110.0,125.0,136.0,145.0,146.0,152.0,216.0,306.0,309.0,320.0,325.0,343.0,362.0,378.0,383.0,389.0,447.0,521.0,583.0,599.0,610.0,646.0,715.0,800.0,819.0,887.0,895.0,910.0,918.0,940.0,968.0,975.0,979.0,
23.0,24.0,28.0,28.0,40.0,112.0,188.0,192.0,234.0,286.0,329.0,335.0,348.0,351.0,361.0,365.0,374.0,400.0,415.0,419.0,460.0,589.0,597.0,639.0,668.0,725.0,748.0,764.0,780.0,824.0,827.0,833.0,857.0,868.0,877.0,891.0,892.0,910.0,910.0,954.0,977.0,
52.0,52.0,92.0,102.0,119.0,119.0,130.0,179.0,208.0,232.0,251.0,272.0,279.0,370.0,397.0,411.0,424.0,436.0,473.0,492.0,503.0,510.0,526.0,538.0,579.0,580.0,602.0,639.0,650.0,651.0,664.0,684.0,712.0,726.0,776.0,786.0,793.0,871.0,898.0,922.0,923.0,928.0,963.0,980.0,
17.0,54.0,63.0,144.0,152.0,158.0,175.0,183.0,197.0,199.0,208.0,259.0,272.0,309.0,326.0,337.0,358.0,379.0,380.0,446.0,476.0,493.0,503.0,521.0,542.0,555.0,591.0,602.0,625.0,631.0,687.0,722.0,755.0,762.0,802.0,804.0,810.0,811.0,817.0,840.0,847.0,856.0,896.0,897.0,917.0,936.0,951.0,961.0,969.0,
16.0,57.0,81.0,104.0,115.0,123.0,131.0,223.0,242.0,288.0,359.0,
8.0,16.0,20.0,49.0,76.0,82.0,106.0,106.0,153.0,165.0,201.0,232.0,255.0,255.0,256.0,272.0,316.0,420.0,433.0,439.0,450.0,484.0,499.0,508.0,
11.0,12.0,20.0,22.0,28.0,141.0,147.0,170.0,181.0,182.0,199.0,213.0,241.0,254.0,278.0,283.0,292.0,296.0,302.0,309.0,334.0,355.0,386.0,402.0,
106.0,112.0,159.0,168.0,171.0,205.0,219.0,226.0,237.0,283.0,285.0,299.0,299.0,309.0,461.0,463.0,467.0,540.0,554.0,603.0,624.0,654.0,659.0,683.0,707.0,713.0,730.0,799.0,816.0,860.0,888.0,909.0,943.0,955.0,957.0,
2.0,3.0,52.0,83.0,103.0,159.0,161.0,214.0,221.0,224.0,227.0,245.0,248.0,260.0,266.0,270.0,339.0,355.0,395.0,404.0,413.0,427.0,475.0,485.0,503.0,510.0,512.0,516.0,531.0,554.0,554.0,569.0,571.0,572.0,617.0,675.0,692.0,747.0,766.0,768.0,772.0,787.0,868.0,875.0,892.0,898.0,914.0,920.0,965.0,
3.0,17.0,65.0,81.0,101.0,167.0,175.0,201.0,221.0,260.0,260.0,264.0,316.0,322.0,328.0,342.0,345.0,364.0,387.0,400.0,477.0,482.0,609.0,619.0,681.0,683.0,688.0,738.0,745.0,747.0,755.0,757.0,765.0,772.0,825.0,861.0,938.0,989.0,
8.0,25.0,30.0,77.0,79.0,145.0,162.0,229.0,251.0,285.0,316.0,322.0,323.0,379.0,393.0,408.0,417.0,426.0,427.0,440.0,566.0,587.0,609.0,666.0,667.0,694.0,769.0,841.0,853.0,879.0,885.0,950.0,988.0,991.0,
46.0,86.0,98.0,118.0,163.0,168.0,197.0,219.0,245.0,254.0,288.0,401.0,404.0,409.0,476.0,495.0,504.0,507.0,527.0,570.0,572.0,620.0,631.0,634.0,645.0,709.0,722.0,725.0,752.0,766.0,777.0,794.0,802.0,823.0,842.0,849.0,955.0,976.0,983.0,
49.0,54.0,75.0,116.0,161.0,176.0,209.0,217.0,225.0,229.0,274.0,278.0,278.0,315.0,379.0,413.0,430.0,463.0,478.0,512.0,513.0,519.0,533.0,662.0,711.0,769.0,792.0,807.0,825.0,866.0,870.0,872.0,922.0,
3.0,28.0,117.0,157.0,158.0,198.0,233.0,270.0,308.0,329.0,385.0,389.0,391.0,397.0,444.0,448.0,451.0,498.0,506.0,602.0,606.0,610.0,629.0,653.0,682.0,695.0,699.0,715.0,720.0,732.0,747.0,768.0,775.0,783.0,818.0,834.0,880.0,896.0,970.0,
4.0,15.0,34.0,104.0,107.0,125.0,147.0,204.0,245.0,269.0,294.0,303.0,308.0,319.0,354.0,369.0,372.0,387.0,442.0,484.0,488.0,812.0,812.0,990.0,993.0,
8.0,17.0,24.0,45.0,85.0,102.0,107.0,246.0,265.0,273.0,318.0,332.0,350.0,358.0,362.0,374.0,423.0,467.0,508.0,
24.0,29.0,53.0,65.0,68.0,98.0,207.0,222.0,249.0,265.0,268.0,291.0,321.0,390.0,395.0,400.0,421.0,482.0,723.0,741.0,764.0,790.0,865.0,913.0,
28.0,32.0,34.0,65.0,74.0,216.0,228.0,240.0,361.0,451.0,460.0,475.0,562.0,616.0,665.0,665.0,692.0,702.0,705.0,749.0,754.0,823.0,852.0,894.0,896.0,909.0,987.0,
6.0,37.0,111.0,139.0,155.0,206.0,218.0,240.0,245.0,265.0,271.0,296.0,333.0,333.0,375.0,502.0,658.0,732.0,745.0,790.0,822.0,843.0,888.0,951.0,
36.0,178.0,248.0,283.0,285.0,318.0,345.0,390.0,414.0,427.0,451.0,512.0,520.0,536.0,606.0,626.0,644.0,648.0,700.0,768.0,835.0,843.0,849.0,909.0,933.0,952.0,955.0,958.0,971.0,
15.0,18.0,28.0,55.0,181.0,185.0,214.0,241.0,312.0,329.0,412.0,425.0,482.0,495.0,524.0,613.0,665.0,699.0,705.0,756.0,822.0,841.0,950.0,970.0,974.0,
12.0,15.0,31.0,38.0,78.0,146.0,151.0,177.0,178.0,204.0,206.0,217.0,271.0,285.0,289.0,306.0,326.0,366.0,411.0,472.0,561.0,594.0,611.0,618.0,661.0,742.0,763.0,774.0,775.0,778.0,782.0,855.0,856.0,860.0,894.0,907.0,908.0,923.0,969.0,970.0,
49.0,77.0,102.0,164.0,168.0,210.0,242.0,350.0,392.0,430.0,474.0,476.0,487.0,536.0,613.0,637.0,703.0,755.0,840.0,848.0,886.0,886.0,895.0,921.0,922.0,956.0,967.0,979.0,
11.0,43.0,69.0,78.0,79.0,188.0,192.0,218.0,247.0,259.0,270.0,307.0,316.0,326.0,339.0,341.0,364.0,384.0,388.0,399.0,426.0,443.0,506.0,521.0,540.0,578.0,607.0,629.0,647.0,687.0,690.0,730.0,738.0,745.0,770.0,794.0,811.0,830.0,849.0,864.0,869.0,880.0,918.0,963.0,963.0,990.0,991.0,
3.0,9.0,13.0,42.0,79.0,124.0,226.0,290.0,358.0,394.0,456.0,466.0,479.0,589.0,648.0,667.0,679.0,703.0,707.0,725.0,731.0,735.0,757.0,787.0,790.0,816.0,885.0,895.0,921.0,933.0,950.0,978.0,986.0,994.0,
41.0,49.0,69.0,76.0,119.0,130.0,158.0,162.0,168.0,213.0,231.0,238.0,238.0,334.0,387.0,396.0,397.0,445.0,602.0,644.0,644.0,678.0,696.0,712.0,712.0,712.0,724.0,743.0,744.0,745.0,803.0,814.0,816.0,858.0,927.0,954.0,964.0,988.0,
11.0,96.0,116.0,161.0,184.0,189.0,223.0,262.0,316.0,341.0,411.0,467.0,472.0,476.0,486.0,538.0,558.0,579.0,639.0,658.0,689.0,720.0,752.0,783.0,811.0,820.0,822.0,826.0,829.0,847.0,848.0,850.0,861.0,888.0,892.0,907.0,908.0,920.0,923.0,936.0,
3.0,35.0,49.0,91.0,92.0,115.0,128.0,130.0,147.0,221.0,267.0,282.0,300.0,369.0,375.0,394.0,397.0,447.0,464.0,469.0,534.0,571.0,577.0,620.0,620.0,662.0,679.0,692.0,721.0,726.0,756.0,761.0,787.0,814.0,832.0,844.0,868.0,876.0,882.0,910.0,953.0,963.0,976.0,991.0,994.0,
39.0,52.0,54.0,65.0,126.0,129.0,132.0,132.0,148.0,190.0,204.0,209.0,214.0,217.0,233.0,234.0,244.0,265.0,286.0,304.0,305.0,339.0,364.0,400.0,514.0,547.0,592.0,614.0,619.0,631.0,664.0,688.0,719.0,726.0,726.0,748.0,749.0,780.0,804.0,811.0,890.0,891.0,904.0,977.0,978.0,
113.0,116.0,127.0,187.0,195.0,200.0,286.0,293.0,298.0,312.0,423.0,428.0,433.0,443.0,466.0,485.0,494.0,560.0,570.0,606.0,619.0,623.0,644.0,671.0,672.0,676.0,683.0,730.0,734.0,744.0,750.0,793.0,798.0,849.0,885.0,911.0,914.0,959.0,
8.0,24.0,38.0,51.0,61.0,62.0,69.0,115.0,133.0,142.0,168.0,183.0,313.0,322.0,353.0,355.0,356.0,364.0,397.0,415.0,451.0,482.0,516.0,566.0,606.0,611.0,633.0,658.0,664.0,664.0,707.0,716.0,717.0,726.0,749.0,806.0,809.0,868.0,
3.0,14.0,22.0,35.0,40.0,51.0,175.0,187.0,196.0,197.0,207.0,231.0,232.0,241.0,263.0,324.0,339.0,342.0,350.0,353.0,391.0,404.0,405.0,407.0,420.0,456.0,461.0,590.0,641.0,723.0,727.0,727.0,734.0,779.0,822.0,885.0,951.0,
28.0,47.0,83.0,89.0,137.0,177.0,190.0,197.0,218.0,240.0,357.0,391.0,452.0,484.0,485.0,515.0,569.0,574.0,603.0,610.0,622.0,661.0,669.0,703.0,733.0,737.0,757.0,787.0,792.0,811.0,845.0,845.0,851.0,876.0,888.0,893.0,922.0,927.0,
16.0,46.0,51.0,78.0,81.0,84.0,129.0,182.0,202.0,239.0,263.0,275.0,349.0,370.0,375.0,387.0,389.0,398.0,416.0,541.0,545.0,572.0,597.0,611.0,621.0,626.0,647.0,698.0,781.0,817.0,843.0,854.0,865.0,866.0,952.0,
40.0,50.0,87.0,106.0,126.0,176.0,181.0,198.0,223.0,227.0,253.0,323.0,324.0,353.0,372.0,377.0,415.0,498.0,508.0,518.0,528.0,541.0,560.0,569.0,571.0,577.0,594.0,621.0,625.0,677.0,690.0,696.0,699.0,776.0,780.0,814.0,830.0,863.0,891.0,894.0,994.0,
14.0,123.0,147.0,160.0,205.0,238.0,266.0,317.0,321.0,400.0,441.0,461.0,474.0,511.0,520.0,542.0,574.0,593.0,736.0,753.0,769.0,774.0,787.0,816.0,850.0,856.0,912.0,923.0,928.0,943.0,971.0,
125.0,173.0,185.0,256.0,259.0,273.0,295.0,300.0,316.0,324.0,355.0,360.0,389.0,439.0,445.0,452.0,487.0,490.0,517.0,520.0,541.0,541.0,561.0,584.0,587.0,639.0,645.0,676.0,683.0,725.0,833.0,873.0,885.0,886.0,920.0,938.0,992.0,
37.0,53.0,106.0,116.0,121.0,149.0,160.0,237.0,254.0,256.0,368.0,399.0,410.0,445.0,458.0,474.0,504.0,510.0,530.0,552.0,605.0,619.0,621.0,630.0,690.0,722.0,747.0,752.0,773.0,848.0,855.0,942.0,972.0,
63.0,92.0,168.0,171.0,205.0,231.0,235.0,289.0,358.0,394.0,401.0,524.0,532.0,577.0,589.0,734.0,735.0,761.0,763.0,779.0,818.0,834.0,846.0,849.0,860.0,875.0,967.0,997.0,
55.0,81.0,123.0,173.0,226.0,253.0,267.0,271.0,302.0,305.0,342.0,356.0,385.0,411.0,416.0,429.0,453.0,461.0,472.0,475.0,486.0,499.0,522.0,545.0,599.0,628.0,679.0,684.0,693.0,708.0,753.0,762.0,767.0,771.0,794.0,802.0,842.0,861.0,881.0,886.0,892.0,916.0,983.0,
55.0,61.0,83.0,105.0,108.0,115.0,116.0,118.0,129.0,169.0,225.0,249.0,281.0,286.0,294.0,349.0,369.0,405.0,413.0,433.0,484.0,549.0,573.0,588.0,612.0,636.0,729.0,779.0,867.0,881.0,927.0,929.0,966.0,989.0,989.0,
34.0,97.0,123.0,135.0,157.0,176.0,177.0,212.0,225.0,252.0,258.0,267.0,285.0,291.0,295.0,309.0,335.0,367.0,378.0,381.0,390.0,403.0,438.0,438.0,452.0,529.0,553.0,622.0,642.0,643.0,708.0,741.0,795.0,812.0,813.0,816.0,822.0,865.0,869.0,874.0,922.0,924.0,927.0,949.0,
2.0,53.0,60.0,160.0,168.0,225.0,260.0,271.0,300.0,371.0,377.0,440.0,448.0,480.0,548.0,558.0,584.0,615.0,625.0,642.0,650.0,672.0,680.0,709.0,748.0,812.0,817.0,828.0,899.0,928.0,1000.0,
26.0,34.0,36.0,84.0,105.0,115.0,146.0,178.0,181.0,206.0,220.0,221.0,255.0,303.0,307.0,313.0,349.0,374.0,400.0,409.0,411.0,421.0,442.0,443.0,459.0,463.0,470.0,478.0,480.0,524.0,570.0,579.0,619.0,642.0,703.0,707.0,737.0,742.0,772.0,795.0,870.0,874.0,886.0,917.0,933.0,988.0,
5.0,82.0,166.0,167.0,187.0,197.0,269.0,349.0,351.0,359.0,398.0,421.0,428.0,429.0,467.0,468.0,480.0,515.0,525.0,528.0,539.0,543.0,609.0,609.0,628.0,653.0,773.0,796.0,829.0,873.0,889.0,923.0,934.0,937.0,958.0,960.0,
5.0,22.0,105.0,136.0,172.0,180.0,193.0,203.0,214.0,238.0,266.0,273.0,279.0,323.0,367.0,393.0,395.0,396.0,429.0,444.0,483.0,488.0,526.0,532.0,535.0,538.0,559.0,571.0,585.0,653.0,670.0,677.0,707.0,709.0,755.0,781.0,812.0,822.0,859.0,961.0,980.0,
14.0,17.0,18.0,39.0,42.0,84.0,130.0,132.0,164.0,167.0,176.0,204.0,205.0,211.0,254.0,282.0,410.0,445.0,534.0,585.0,586.0,610.0,668.0,690.0,708.0,741.0,748.0,765.0,767.0,857.0,880.0,903.0,964.0,993.0,
43.0,89.0,92.0,137.0,154.0,210.0,220.0,235.0,257.0,257.0,305.0,307.0,341.0,414.0,419.0,432.0,434.0,463.0,537.0,569.0,581.0,641.0,687.0,725.0,762.0,869.0,872.0,873.0,895.0,931.0,937.0,
36.0,38.0,89.0,106.0,143.0,145.0,171.0,179.0,215.0,277.0,308.0,339.0,369.0,447.0,483.0,510.0,527.0,548.0,591.0,595.0,619.0,628.0,633.0,652.0,692.0,713.0,716.0,725.0,747.0,790.0,806.0,809.0,850.0,910.0,942.0,
103.0,109.0,161.0,173.0,211.0,260.0,283.0,352.0,375.0,385.0,389.0,421.0,421.0,427.0,436.0,489.0,489.0,492.0,575.0,581.0,611.0,659.0,683.0,703.0,726.0,783.0,814.0,893.0,911.0,919.0,934.0,941.0,962.0,
