20.0,24.0,53.0,72.0,123.0,174.0,185.0,229.0,255.0,263.0,268.0,312.0,319.0,337.0,367.0,385.0,417.0,419.0,447.0,448.0,463.0,483.0,499.0,507.0,523.0,547.0,549.0,590.0,653.0,710.0,711.0,716.0,721.0,745.0,772.0,859.0,892.0,916.0,954.0,961.0,
28.0,86.0,92.0,115.0,148.0,192.0,258.0,267.0,311.0,343.0,355.0,387.0,387.0,410.0,479.0,582.0,583.0,586.0,618.0,630.0,633.0,664.0,686.0,687.0,735.0,785.0,789.0,790.0,795.0,797.0,797.0,832.0,854.0,858.0,1000.0,
19.0,23.0,81.0,100.0,171.0,171.0,182.0,231.0,232.0,263.0,289.0,336.0,365.0,402.0,429.0,431.0,436.0,483.0,496.0,502.0,641.0,642.0,655.0,716.0,727.0,739.0,803.0,819.0,832.0,875.0,992.0,993.0,
8.0,19.0,31.0,76.0,109.0,119.0,161.0,162.0,172.0,195.0,216.0,245.0,274.0,284.0,294.0,296.0,327.0,359.0,383.0,393.0,407.0,474.0,479.0,485.0,504.0,514.0,539.0,575.0,589.0,601.0,655.0,679.0,729.0,733.0,734.0,738.0,765.0,821.0,860.0,881.0,913.0,935.0,
24.0,47.0,63.0,125.0,166.0,237.0,264.0,270.0,276.0,291.0,342.0,369.0,408.0,414.0,441.0,523.0,563.0,565.0,578.0,596.0,604.0,624.0,631.0,668.0,680.0,681.0,688.0,771.0,794.0,795.0,822.0,834.0,863.0,956.0,
22.0,34.0,62.0,125.0,146.0,152.0,163.0,208.0,219.0,228.0,233.0,237.0,241.0,356.0,366.0,374.0,383.0,383.0,404.0,460.0,520.0,569.0,577.0,618.0,623.0,705.0,718.0,735.0,736.0,743.0,746.0,798.0,854.0,865.0,924.0,930.0,935.0,962.0,981.0,
4.0,48.0,60.0,96.0,140.0,156.0,190.0,227.0,230.0,239.0,251.0,290.0,294.0,300.0,358.0,376.0,449.0,458.0,461.0,527.0,539.0,541.0,553.0,554.0,557.0,561.0,561.0,571.0,572.0,610.0,625.0,670.0,674.0,737.0,746.0,746.0,799.0,803.0,827.0,836.0,882.0,907.0,919.0,924.0,930.0,938.0,969.0,
13.0,49.0,54.0,98.0,104.0,152.0,161.0,165.0,241.0,273.0,282.0,289.0,291.0,335.0,335.0,394.0,439.0,457.0,481.0,481.0,534.0,535.0,535.0,544.0,580.0,644.0,648.0,651.0,693.0,707.0,733.0,739.0,747.0,770.0,846.0,858.0,869.0,902.0,929.0,984.0,
33.0,53.0,59.0,104.0,124.0,187.0,302.0,309.0,343.0,369.0,372.0,381.0,397.0,532.0,595.0,677.0,687.0,707.0,750.0,756.0,764.0,787.0,845.0,884.0,890.0,938.0,947.0,954.0,984.0,
9.0,13.0,15.0,73.0,84.0,144.0,163.0,186.0,187.0,225.0,228.0,266.0,343.0,398.0,413.0,465.0,466.0,477.0,515.0,527.0,532.0,538.0,549.0,584.0,587.0,597.0,599.0,663.0,686.0,711.0,758.0,815.0,834.0,840.0,865.0,883.0,910.0,943.0,952.0,
13.0,102.0,105.0,113.0,144.0,180.0,204.0,216.0,226.0,251.0,282.0,294.0,313.0,320.0,353.0,384.0,429.0,436.0,459.0,476.0,492.0,496.0,539.0,540.0,552.0,566.0,618.0,655.0,679.0,691.0,723.0,749.0,770.0,804.0,810.0,814.0,823.0,834.0,838.0,871.0,884.0,896.0,901.0,977.0,
5.0,16.0,74.0,99.0,110.0,143.0,167.0,184.0,195.0,206.0,218.0,222.0,304.0,339.0,377.0,421.0,427.0,448.0,467.0,481.0,490.0,511.0,526.0,532.0,568.0,595.0,669.0,679.0,683.0,726.0,735.0,736.0,749.0,758.0,779.0,811.0,846.0,884.0,954.0,958.0,971.0,972.0,
4.0,18.0,37.0,47.0,47.0,65.0,68.0,84.0,85.0,123.0,142.0,144.0,205.0,232.0,234.0,243.0,249.0,316.0,317.0,319.0,349.0,358.0,361.0,428.0,433.0,474.0,496.0,543.0,561.0,599.0,603.0,611.0,640.0,644.0,695.0,708.0,708.0,718.0,724.0,748.0,811.0,866.0,931.0,979.0,989.0,
7.0,19.0,76.0,82.0,84.0,119.0,126.0,150.0,242.0,258.0,290.0,307.0,314.0,330.0,332.0,362.0,370.0,389.0,410.0,422.0,422.0,433.0,441.0,479.0,533.0,584.0,592.0,606.0,672.0,684.0,709.0,742.0,823.0,838.0,880.0,914.0,953.0,982.0,
3.0,84.0,129.0,178.0,181.0,195.0,225.0,266.0,268.0,268.0,364.0,401.0,403.0,448.0,465.0,534.0,541.0,541.0,561.0,567.0,603.0,686.0,723.0,782.0,798.0,867.0,904.0,931.0,972.0,
23.0,23.0,36.0,48.0,123.0,139.0,201.0,210.0,258.0,329.0,353.0,371.0,410.0,430.0,444.0,514.0,537.0,537.0,563.0,585.0,625.0,672.0,705.0,714.0,737.0,750.0,771.0,794.0,869.0,877.0,910.0,987.0,
118.0,140.0,185.0,200.0,300.0,404.0,415.0,434.0,520.0,526.0,586.0,595.0,619.0,625.0,693.0,693.0,701.0,714.0,779.0,839.0,866.0,900.0,929.0,930.0,942.0,984.0,1000.0,
19.0,43.0,67.0,79.0,147.0,201.0,208.0,211.0,228.0,231.0,267.0,286.0,306.0,337.0,377.0,386.0,405.0,419.0,434.0,443.0,481.0,508.0,515.0,517.0,543.0,543.0,552.0,610.0,616.0,631.0,661.0,661.0,700.0,719.0,758.0,807.0,817.0,819.0,842.0,870.0,896.0,897.0,963.0,987.0,
25.0,33.0,88.0,97.0,98.0,130.0,167.0,197.0,202.0,202.0,209.0,214.0,243.0,267.0,280.0,300.0,328.0,407.0,437.0,442.0,444.0,449.0,469.0,494.0,514.0,545.0,570.0,625.0,625.0,626.0,628.0,680.0,728.0,814.0,855.0,855.0,905.0,921.0,952.0,
20.0,32.0,60.0,84.0,103.0,115.0,142.0,162.0,209.0,233.0,271.0,310.0,379.0,384.0,397.0,427.0,438.0,456.0,478.0,510.0,541.0,574.0,630.0,646.0,724.0,730.0,740.0,748.0,812.0,817.0,821.0,840.0,859.0,860.0,922.0,936.0,949.0,950.0,963.0,
5.0,55.0,99.0,312.0,325.0,348.0,367.0,370.0,374.0,416.0,424.0,460.0,483.0,485.0,521.0,548.0,558.0,596.0,696.0,699.0,717.0,720.0,722.0,764.0,768.0,819.0,828.0,882.0,890.0,898.0,945.0,
11.0,42.0,46.0,48.0,138.0,152.0,215.0,360.0,415.0,425.0,462.0,492.0,515.0,522.0,590.0,593.0,601.0,611.0,623.0,638.0,653.0,675.0,710.0,712.0,769.0,802.0,856.0,859.0,878.0,882.0,924.0,
13.0,33.0,40.0,40.0,42.0,48.0,66.0,244.0,273.0,275.0,283.0,284.0,297.0,334.0,335.0,398.0,400.0,423.0,431.0,432.0,444.0,452.0,495.0,506.0,531.0,533.0,546.0,613.0,617.0,668.0,688.0,725.0,738.0,761.0,763.0,768.0,775.0,798.0,815.0,877.0,878.0,885.0,912.0,
38.0,127.0,135.0,165.0,186.0,201.0,218.0,220.0,221.0,223.0,252.0,263.0,269.0,270.0,283.0,287.0,366.0,383.0,390.0,400.0,410.0,418.0,483.0,500.0,574.0,632.0,710.0,716.0,758.0,771.0,834.0,875.0,895.0,985.0,
75.0,83.0,100.0,124.0,141.0,224.0,241.0,264.0,300.0,326.0,330.0,369.0,400.0,427.0,458.0,459.0,473.0,473.0,495.0,574.0,653.0,675.0,677.0,726.0,737.0,746.0,755.0,772.0,817.0,824.0,852.0,864.0,875.0,954.0,956.0,975.0,
25.0,105.0,119.0,125.0,155.0,198.0,236.0,266.0,266.0,311.0,326.0,346.0,346.0,353.0,468.0,493.0,497.0,564.0,568.0,602.0,607.0,610.0,625.0,681.0,682.0,722.0,738.0,763.0,771.0,791.0,796.0,808.0,840.0,860.0,881.0,887.0,903.0,907.0,922.0,973.0,
24.0,153.0,162.0,189.0,192.0,200.0,237.0,248.0,325.0,355.0,385.0,461.0,466.0,672.0,686.0,706.0,740.0,759.0,781.0,793.0,807.0,867.0,876.0,912.0,940.0,965.0,982.0,985.0,995.0,
56.0,72.0,81.0,108.0,135.0,140.0,254.0,286.0,339.0,360.0,379.0,402.0,415.0,438.0,598.0,601.0,653.0,677.0,720.0,726.0,728.0,744.0,775.0,795.0,834.0,899.0,909.0,948.0,957.0,978.0,982.0,995.0,998.0,
15.0,35.0,81.0,83.0,112.0,123.0,131.0,137.0,143.0,208.0,222.0,357.0,358.0,379.0,381.0,407.0,488.0,490.0,514.0,545.0,568.0,613.0,622.0,624.0,639.0,656.0,700.0,704.0,731.0,744.0,783.0,783.0,786.0,828.0,835.0,837.0,844.0,866.0,897.0,926.0,936.0,963.0,984.0,
16.0,105.0,108.0,113.0,138.0,157.0,158.0,170.0,213.0,255.0,268.0,275.0,321.0,325.0,334.0,337.0,363.0,392.0,405.0,425.0,442.0,442.0,445.0,487.0,525.0,533.0,591.0,592.0,598.0,602.0,629.0,702.0,742.0,770.0,828.0,840.0,897.0,903.0,919.0,924.0,927.0,978.0,
31.0,77.0,82.0,85.0,100.0,103.0,135.0,145.0,177.0,234.0,275.0,291.0,323.0,337.0,356.0,432.0,474.0,476.0,520.0,553.0,569.0,584.0,589.0,595.0,657.0,737.0,762.0,779.0,797.0,819.0,924.0,951.0,951.0,989.0,
49.0,78.0,100.0,125.0,139.0,144.0,216.0,282.0,303.0,305.0,347.0,457.0,469.0,477.0,493.0,533.0,594.0,605.0,619.0,632.0,649.0,668.0,700.0,718.0,725.0,771.0,775.0,781.0,815.0,820.0,841.0,857.0,870.0,914.0,925.0,954.0,980.0,985.0,995.0,
27.0,45.0,50.0,61.0,70.0,142.0,150.0,151.0,162.0,190.0,217.0,240.0,242.0,265.0,333.0,359.0,398.0,402.0,413.0,416.0,472.0,483.0,523.0,553.0,577.0,598.0,606.0,635.0,637.0,690.0,769.0,774.0,785.0,789.0,789.0,802.0,816.0,965.0,966.0,972.0,
6.0,17.0,28.0,59.0,70.0,97.0,107.0,142.0,158.0,162.0,174.0,205.0,216.0,301.0,345.0,345.0,359.0,380.0,427.0,444.0,457.0,465.0,494.0,505.0,508.0,533.0,544.0,552.0,557.0,596.0,685.0,699.0,710.0,717.0,720.0,783.0,786.0,809.0,810.0,838.0,842.0,845.0,889.0,911.0,937.0,960.0,963.0,
23.0,117.0,124.0,138.0,148.0,159.0,168.0,196.0,199.0,209.0,298.0,318.0,363.0,402.0,405.0,410.0,431.0,450.0,529.0,561.0,570.0,594.0,596.0,605.0,637.0,704.0,724.0,828.0,833.0,836.0,847.0,854.0,902.0,905.0,911.0,977.0,978.0,
8.0,11.0,25.0,61.0,62.0,86.0,98.0,104.0,119.0,158.0,161.0,176.0,238.0,268.0,277.0,303.0,304.0,313.0,344.0,375.0,436.0,444.0,490.0,506.0,519.0,548.0,567.0,593.0,692.0,718.0,744.0,754.0,784.0,790.0,804.0,814.0,857.0,888.0,898.0,924.0,949.0,974.0,990.0,998.0,
9.0,49.0,57.0,173.0,173.0,175.0,227.0,233.0,235.0,242.0,290.0,290.0,314.0,331.0,368.0,385.0,400.0,421.0,459.0,538.0,606.0,663.0,686.0,691.0,705.0,730.0,741.0,763.0,857.0,875.0,962.0,981.0,
6.0,17.0,24.0,35.0,49.0,69.0,92.0,102.0,140.0,176.0,197.0,225.0,227.0,230.0,254.0,273.0,345.0,350.0,383.0,413.0,465.0,469.0,480.0,511.0,513.0,568.0,600.0,630.0,689.0,710.0,731.0,738.0,749.0,919.0,946.0,950.0,
8.0,20.0,128.0,142.0,152.0,155.0,159.0,208.0,213.0,221.0,227.0,238.0,251.0,264.0,268.0,335.0,340.0,369.0,394.0,406.0,410.0,472.0,505.0,582.0,586.0,590.0,641.0,645.0,649.0,757.0,866.0,926.0,959.0,975.0,
88.0,156.0,157.0,167.0,195.0,202.0,218.0,248.0,259.0,292.0,352.0,407.0,423.0,432.0,449.0,451.0,476.0,487.0,499.0,535.0,538.0,565.0,574.0,593.0,617.0,708.0,734.0,736.0,757.0,761.0,797.0,801.0,830.0,831.0,835.0,871.0,910.0,951.0,953.0,953.0,983.0,
36.0,47.0,71.0,94.0,124.0,154.0,159.0,250.0,340.0,344.0,381.0,419.0,426.0,480.0,497.0,498.0,530.0,550.0,646.0,659.0,728.0,764.0,766.0,882.0,942.0,971.0,989.0,
3.0,35.0,40.0,43.0,57.0,64.0,74.0,77.0,78.0,106.0,140.0,175.0,205.0,256.0,266.0,275.0,343.0,442.0,444.0,454.0,512.0,567.0,577.0,584.0,691.0,759.0,765.0,814.0,858.0,990.0,
37.0,87.0,106.0,124.0,137.0,145.0,243.0,253.0,276.0,283.0,316.0,402.0,411.0,412.0,422.0,452.0,458.0,478.0,487.0,502.0,502.0,506.0,542.0,546.0,572.0,578.0,601.0,625.0,730.0,785.0,841.0,865.0,928.0,938.0,982.0,987.0,989.0,
40.0,68.0,120.0,133.0,159.0,170.0,187.0,203.0,206.0,212.0,215.0,229.0,258.0,338.0,346.0,351.0,390.0,410.0,412.0,455.0,473.0,485.0,525.0,546.0,547.0,562.0,644.0,655.0,673.0,676.0,758.0,796.0,844.0,851.0,858.0,862.0,893.0,897.0,900.0,917.0,929.0,952.0,955.0,973.0,
15.0,40.0,83.0,129.0,149.0,164.0,176.0,211.0,233.0,241.0,253.0,255.0,332.0,336.0,388.0,390.0,410.0,432.0,445.0,460.0,744.0,769.0,839.0,957.0,975.0,
12.0,116.0,204.0,221.0,300.0,325.0,326.0,342.0,350.0,417.0,495.0,496.0,
21.0,30.0,47.0,72.0,98.0,129.0,136.0,181.0,198.0,213.0,236.0,328.0,358.0,362.0,396.0,420.0,458.0,484.0,499.0,502.0,693.0,876.0,924.0,924.0,
48.0,73.0,94.0,107.0,121.0,145.0,153.0,180.0,181.0,187.0,207.0,210.0,311.0,352.0,397.0,416.0,443.0,480.0,519.0,523.0,524.0,556.0,569.0,635.0,638.0,663.0,671.0,690.0,707.0,719.0,721.0,722.0,723.0,725.0,742.0,764.0,766.0,775.0,796.0,816.0,935.0,985.0,
4.0,31.0,33.0,89.0,92.0,96.0,141.0,166.0,179.0,198.0,244.0,245.0,319.0,342.0,351.0,356.0,383.0,386.0,386.0,424.0,434.0,449.0,453.0,470.0,507.0,605.0,656.0,704.0,832.0,837.0,843.0,862.0,893.0,972.0,998.0,
75.0,79.0,79.0,85.0,97.0,104.0,145.0,145.0,153.0,172.0,172.0,188.0,204.0,265.0,324.0,329.0,393.0,416.0,434.0,450.0,532.0,543.0,555.0,563.0,607.0,623.0,643.0,670.0,673.0,685.0,698.0,715.0,744.0,812.0,861.0,864.0,880.0,887.0,897.0,926.0,949.0,
19.0,38.0,60.0,138.0,203.0,280.0,346.0,361.0,371.0,459.0,472.0,472.0,503.0,510.0,535.0,537.0,563.0,572.0,578.0,611.0,652.0,656.0,660.0,665.0,720.0,725.0,785.0,834.0,856.0,889.0,890.0,906.0,922.0,965.0,
66.0,104.0,173.0,223.0,270.0,301.0,349.0,391.0,441.0,454.0,527.0,534.0,534.0,539.0,543.0,550.0,596.0,634.0,654.0,684.0,686.0,716.0,751.0,752.0,784.0,797.0,821.0,879.0,933.0,985.0,991.0,
40.0,41.0,64.0,89.0,136.0,140.0,151.0,170.0,190.0,231.0,236.0,364.0,436.0,473.0,588.0,658.0,695.0,741.0,751.0,755.0,759.0,773.0,787.0,805.0,829.0,831.0,880.0,893.0,907.0,941.0,957.0,
9.0,47.0,91.0,114.0,116.0,212.0,224.0,228.0,244.0,346.0,387.0,390.0,496.0,512.0,568.0,623.0,631.0,662.0,709.0,722.0,731.0,737.0,756.0,776.0,820.0,837.0,845.0,861.0,874.0,884.0,917.0,918.0,940.0,955.0,969.0,991.0,
27.0,143.0,210.0,210.0,220.0,227.0,236.0,242.0,275.0,335.0,361.0,398.0,431.0,432.0,
11.0,35.0,64.0,89.0,193.0,202.0,210.0,221.0,227.0,247.0,248.0,260.0,284.0,320.0,346.0,388.0,411.0,437.0,446.0,477.0,
16.0,112.0,135.0,160.0,210.0,232.0,326.0,347.0,372.0,377.0,391.0,395.0,424.0,
19.0,89.0,120.0,131.0,135.0,137.0,142.0,194.0,196.0,200.0,202.0,233.0,246.0,284.0,295.0,326.0,329.0,348.0,348.0,376.0,378.0,405.0,431.0,447.0,518.0,604.0,619.0,662.0,674.0,713.0,763.0,790.0,793.0,845.0,848.0,943.0,978.0,978.0,978.0,994.0,999.0,
61.0,130.0,138.0,157.0,176.0,210.0,224.0,239.0,252.0,262.0,270.0,282.0,365.0,465.0,467.0,494.0,495.0,516.0,537.0,584.0,592.0,671.0,727.0,733.0,748.0,762.0,777.0,788.0,800.0,814.0,815.0,816.0,851.0,874.0,920.0,924.0,946.0,970.0,973.0,986.0,
20.0,65.0,92.0,114.0,124.0,132.0,168.0,193.0,225.0,241.0,247.0,306.0,317.0,328.0,385.0,392.0,395.0,397.0,414.0,452.0,539.0,545.0,631.0,717.0,754.0,832.0,836.0,848.0,926.0,946.0,951.0,964.0,973.0,
22.0,86.0,104.0,144.0,184.0,227.0,252.0,313.0,367.0,374.0,386.0,416.0,438.0,445.0,464.0,531.0,541.0,601.0,639.0,704.0,773.0,787.0,829.0,831.0,865.0,955.0,972.0,
25.0,78.0,87.0,96.0,175.0,183.0,236.0,267.0,282.0,282.0,314.0,319.0,388.0,395.0,397.0,402.0,450.0,454.0,557.0,575.0,586.0,634.0,664.0,679.0,691.0,731.0,747.0,852.0,908.0,916.0,966.0,983.0,994.0,
19.0,49.0,72.0,72.0,145.0,165.0,167.0,181.0,195.0,212.0,221.0,244.0,267.0,290.0,309.0,316.0,324.0,356.0,414.0,524.0,536.0,569.0,659.0,674.0,688.0,695.0,706.0,729.0,749.0,762.0,783.0,795.0,826.0,840.0,841.0,856.0,930.0,951.0,961.0,997.0,
70.0,95.0,141.0,172.0,229.0,260.0,270.0,273.0,308.0,309.0,310.0,359.0,432.0,530.0,574.0,580.0,584.0,591.0,721.0,740.0,740.0,768.0,794.0,850.0,854.0,863.0,874.0,875.0,889.0,889.0,910.0,931.0,957.0,960.0,961.0,986.0,993.0,
15.0,17.0,53.0,105.0,105.0,114.0,116.0,136.0,162.0,230.0,242.0,250.0,314.0,346.0,357.0,377.0,424.0,443.0,449.0,454.0,713.0,777.0,865.0,939.0,
28.0,39.0,47.0,54.0,72.0,78.0,109.0,153.0,164.0,213.0,261.0,334.0,358.0,421.0,427.0,439.0,448.0,457.0,
21.0,46.0,84.0,87.0,110.0,121.0,121.0,122.0,126.0,141.0,178.0,190.0,200.0,341.0,348.0,356.0,360.0,473.0,480.0,933.0,
8.0,23.0,39.0,83.0,86.0,136.0,181.0,216.0,235.0,237.0,238.0,248.0,341.0,363.0,385.0,399.0,400.0,417.0,417.0,486.0,643.0,652.0,678.0,713.0,742.0,767.0,785.0,818.0,822.0,877.0,970.0,993.0,999.0,
29.0,85.0,86.0,140.0,199.0,201.0,235.0,264.0,289.0,330.0,352.0,377.0,401.0,425.0,549.0,550.0,557.0,578.0,621.0,626.0,631.0,644.0,676.0,684.0,699.0,706.0,762.0,778.0,794.0,825.0,847.0,850.0,861.0,911.0,914.0,923.0,954.0,978.0,
3.0,8.0,14.0,15.0,46.0,69.0,93.0,187.0,199.0,230.0,249.0,260.0,273.0,323.0,339.0,343.0,379.0,401.0,412.0,419.0,506.0,508.0,523.0,533.0,569.0,598.0,604.0,633.0,680.0,711.0,789.0,796.0,838.0,868.0,871.0,887.0,901.0,923.0,996.0,
39.0,39.0,144.0,202.0,222.0,268.0,303.0,305.0,354.0,361.0,484.0,519.0,519.0,520.0,552.0,553.0,622.0,644.0,661.0,765.0,766.0,769.0,771.0,780.0,809.0,825.0,834.0,839.0,856.0,891.0,893.0,893.0,933.0,946.0,954.0,971.0,
28.0,41.0,74.0,80.0,146.0,151.0,213.0,233.0,242.0,245.0,273.0,274.0,294.0,338.0,405.0,420.0,471.0,475.0,475.0,482.0,488.0,507.0,513.0,528.0,562.0,578.0,585.0,624.0,653.0,697.0,698.0,704.0,713.0,731.0,737.0,763.0,777.0,800.0,815.0,866.0,870.0,923.0,930.0,966.0,978.0,999.0,
47.0,132.0,161.0,191.0,207.0,218.0,275.0,306.0,307.0,352.0,362.0,384.0,422.0,461.0,462.0,496.0,560.0,568.0,578.0,592.0,604.0,611.0,653.0,654.0,661.0,701.0,707.0,759.0,789.0,792.0,799.0,853.0,913.0,957.0,988.0,
27.0,42.0,73.0,130.0,181.0,201.0,215.0,247.0,250.0,254.0,270.0,280.0,333.0,341.0,432.0,458.0,480.0,483.0,498.0,515.0,554.0,562.0,602.0,618.0,628.0,631.0,634.0,655.0,664.0,670.0,683.0,693.0,775.0,785.0,835.0,867.0,879.0,882.0,939.0,950.0,958.0,972.0,983.0,
21.0,28.0,31.0,41.0,44.0,63.0,78.0,103.0,195.0,196.0,220.0,230.0,338.0,392.0,395.0,431.0,431.0,433.0,504.0,529.0,552.0,556.0,574.0,624.0,628.0,667.0,671.0,699.0,720.0,727.0,768.0,796.0,816.0,820.0,829.0,848.0,869.0,894.0,914.0,936.0,940.0,983.0,
14.0,19.0,46.0,62.0,63.0,79.0,100.0,109.0,142.0,148.0,220.0,245.0,267.0,274.0,275.0,284.0,342.0,344.0,400.0,404.0,458.0,496.0,541.0,558.0,570.0,589.0,627.0,676.0,701.0,731.0,741.0,747.0,753.0,766.0,776.0,780.0,790.0,800.0,812.0,860.0,863.0,864.0,899.0,948.0,957.0,
6.0,19.0,91.0,152.0,205.0,223.0,236.0,280.0,304.0,430.0,439.0,508.0,547.0,550.0,589.0,597.0,626.0,653.0,665.0,680.0,691.0,696.0,705.0,707.0,739.0,772.0,777.0,790.0,798.0,803.0,833.0,883.0,902.0,906.0,920.0,933.0,938.0,947.0,951.0,954.0,
15.0,49.0,99.0,112.0,120.0,158.0,205.0,238.0,269.0,284.0,293.0,296.0,297.0,315.0,343.0,379.0,405.0,405.0,412.0,419.0,427.0,457.0,476.0,533.0,543.0,563.0,654.0,655.0,668.0,676.0,707.0,732.0,804.0,812.0,830.0,832.0,838.0,838.0,850.0,855.0,964.0,967.0,
11.0,42.0,72.0,85.0,131.0,134.0,148.0,159.0,168.0,175.0,186.0,211.0,214.0,216.0,247.0,252.0,340.0,371.0,384.0,398.0,459.0,478.0,499.0,515.0,525.0,539.0,541.0,588.0,626.0,670.0,683.0,715.0,722.0,727.0,731.0,745.0,863.0,917.0,950.0,989.0,
4.0,33.0,44.0,98.0,123.0,131.0,170.0,238.0,263.0,298.0,300.0,305.0,318.0,374.0,389.0,436.0,453.0,472.0,481.0,487.0,497.0,522.0,532.0,533.0,560.0,572.0,621.0,623.0,649.0,653.0,655.0,675.0,675.0,703.0,749.0,758.0,771.0,778.0,787.0,942.0,964.0,994.0,
10.0,20.0,37.0,95.0,111.0,123.0,124.0,139.0,167.0,206.0,235.0,238.0,242.0,310.0,312.0,348.0,364.0,382.0,406.0,424.0,452.0,455.0,456.0,487.0,499.0,575.0,616.0,634.0,644.0,697.0,699.0,779.0,785.0,791.0,814.0,966.0,988.0,997.0,
35.0,67.0,74.0,102.0,137.0,207.0,225.0,237.0,265.0,293.0,298.0,380.0,423.0,445.0,562.0,578.0,610.0,638.0,645.0,695.0,720.0,806.0,830.0,833.0,857.0,857.0,862.0,873.0,909.0,964.0,991.0,
27.0,33.0,44.0,67.0,138.0,151.0,168.0,173.0,186.0,197.0,214.0,229.0,252.0,264.0,372.0,378.0,436.0,447.0,502.0,509.0,512.0,572.0,574.0,628.0,659.0,660.0,664.0,736.0,754.0,777.0,782.0,786.0,788.0,794.0,795.0,812.0,860.0,867.0,873.0,882.0,886.0,929.0,953.0,976.0,
68.0,99.0,106.0,114.0,128.0,147.0,167.0,173.0,197.0,204.0,224.0,234.0,332.0,394.0,417.0,433.0,436.0,445.0,473.0,490.0,515.0,519.0,520.0,545.0,568.0,588.0,702.0,721.0,726.0,732.0,757.0,770.0,837.0,845.0,852.0,869.0,887.0,892.0,950.0,981.0,994.0,
4.0,11.0,76.0,84.0,119.0,139.0,143.0,166.0,225.0,225.0,236.0,257.0,272.0,312.0,318.0,349.0,421.0,428.0,443.0,455.0,455.0,475.0,479.0,496.0,524.0,573.0,587.0,684.0,740.0,753.0,770.0,783.0,866.0,881.0,901.0,928.0,950.0,951.0,967.0,978.0,
17.0,79.0,120.0,131.0,131.0,134.0,189.0,257.0,324.0,378.0,380.0,404.0,438.0,499.0,527.0,531.0,562.0,569.0,591.0,592.0,606.0,681.0,683.0,714.0,731.0,741.0,770.0,785.0,789.0,796.0,809.0,853.0,871.0,949.0,960.0,994.0,998.0,
14.0,53.0,69.0,83.0,88.0,90.0,93.0,137.0,156.0,173.0,205.0,238.0,269.0,290.0,300.0,319.0,348.0,373.0,375.0,388.0,391.0,406.0,468.0,497.0,569.0,577.0,593.0,669.0,679.0,701.0,711.0,768.0,769.0,784.0,792.0,807.0,818.0,847.0,856.0,905.0,973.0,977.0,979.0,983.0,
40.0,55.0,63.0,78.0,102.0,125.0,172.0,196.0,334.0,342.0,353.0,364.0,365.0,398.0,417.0,478.0,487.0,523.0,551.0,573.0,580.0,598.0,603.0,697.0,723.0,741.0,774.0,796.0,807.0,838.0,858.0,867.0,961.0,968.0,971.0,975.0,978.0,980.0,
4.0,36.0,39.0,114.0,133.0,159.0,176.0,194.0,279.0,307.0,336.0,383.0,433.0,442.0,461.0,472.0,506.0,509.0,529.0,533.0,539.0,559.0,581.0,603.0,631.0,644.0,659.0,671.0,672.0,698.0,735.0,788.0,796.0,859.0,868.0,882.0,901.0,918.0,927.0,933.0,946.0,974.0,998.0,
56.0,65.0,91.0,104.0,131.0,136.0,138.0,155.0,168.0,182.0,200.0,214.0,309.0,323.0,348.0,365.0,366.0,370.0,441.0,538.0,584.0,596.0,596.0,609.0,612.0,678.0,765.0,851.0,859.0,876.0,939.0,941.0,946.0,950.0,953.0,995.0,
14.0,39.0,44.0,45.0,55.0,183.0,188.0,198.0,206.0,229.0,231.0,253.0,315.0,336.0,337.0,347.0,368.0,402.0,492.0,559.0,578.0,579.0,595.0,607.0,624.0,648.0,664.0,743.0,778.0,829.0,830.0,836.0,849.0,871.0,907.0,921.0,938.0,946.0,949.0,967.0,991.0,993.0,
18.0,46.0,66.0,124.0,134.0,182.0,197.0,203.0,226.0,244.0,304.0,372.0,389.0,413.0,422.0,424.0,485.0,517.0,539.0,545.0,547.0,595.0,676.0,718.0,750.0,757.0,786.0,788.0,793.0,904.0,914.0,926.0,977.0,994.0,
11.0,24.0,36.0,57.0,102.0,130.0,151.0,159.0,214.0,222.0,249.0,293.0,332.0,373.0,407.0,409.0,461.0,490.0,500.0,509.0,518.0,520.0,533.0,551.0,575.0,682.0,706.0,715.0,732.0,757.0,775.0,790.0,823.0,885.0,889.0,896.0,905.0,916.0,955.0,
10.0,18.0,25.0,28.0,64.0,83.0,89.0,152.0,159.0,186.0,211.0,223.0,290.0,314.0,341.0,372.0,410.0,411.0,441.0,464.0,487.0,515.0,536.0,555.0,629.0,635.0,641.0,642.0,652.0,659.0,689.0,712.0,719.0,735.0,743.0,745.0,761.0,775.0,826.0,835.0,852.0,897.0,897.0,905.0,950.0,953.0,978.0,995.0,
57.0,89.0,125.0,133.0,160.0,171.0,181.0,203.0,215.0,217.0,218.0,260.0,312.0,484.0,532.0,538.0,551.0,568.0,579.0,581.0,684.0,700.0,723.0,747.0,776.0,777.0,797.0,798.0,827.0,833.0,845.0,870.0,893.0,909.0,917.0,974.0,978.0,
38.0,45.0,50.0,64.0,130.0,137.0,140.0,157.0,160.0,177.0,214.0,237.0,248.0,255.0,288.0,332.0,333.0,355.0,396.0,433.0,443.0,467.0,504.0,546.0,567.0,578.0,599.0,616.0,634.0,708.0,717.0,763.0,763.0,766.0,813.0,862.0,874.0,932.0,959.0,968.0,
29.0,69.0,168.0,175.0,265.0,305.0,323.0,338.0,355.0,396.0,427.0,479.0,493.0,497.0,504.0,517.0,547.0,558.0,560.0,560.0,606.0,609.0,612.0,638.0,686.0,709.0,789.0,793.0,819.0,870.0,886.0,893.0,920.0,926.0,954.0,
8.0,16.0,53.0,55.0,78.0,112.0,124.0,138.0,160.0,188.0,210.0,278.0,296.0,339.0,346.0,349.0,407.0,408.0,409.0,433.0,555.0,562.0,567.0,572.0,684.0,688.0,706.0,788.0,843.0,875.0,936.0,953.0,978.0,
40.0,95.0,100.0,121.0,125.0,163.0,183.0,186.0,194.0,223.0,261.0,358.0,367.0,383.0,393.0,445.0,460.0,587.0,613.0,673.0,757.0,790.0,803.0,805.0,817.0,890.0,893.0,894.0,895.0,945.0,949.0,
42.0,159.0,161.0,164.0,169.0,197.0,199.0,242.0,242.0,248.0,254.0,278.0,289.0,291.0,293.0,297.0,298.0,317.0,513.0,556.0,565.0,603.0,610.0,627.0,630.0,642.0,703.0,729.0,760.0,787.0,792.0,796.0,828.0,834.0,838.0,840.0,861.0,887.0,915.0,924.0,927.0,974.0,
