31.0,75.0,148.0,160.0,182.0,214.0,315.0,333.0,340.0,351.0,367.0,373.0,388.0,416.0,445.0,489.0,496.0,570.0,603.0,608.0,613.0,622.0,684.0,773.0,813.0,824.0,861.0,894.0,944.0,949.0,974.0,978.0,
2.0,147.0,211.0,238.0,244.0,312.0,373.0,453.0,502.0,529.0,555.0,565.0,603.0,671.0,710.0,713.0,726.0,742.0,752.0,792.0,802.0,819.0,835.0,907.0,982.0,
58.0,75.0,143.0,147.0,225.0,280.0,318.0,328.0,379.0,387.0,398.0,408.0,430.0,446.0,467.0,468.0,475.0,485.0,514.0,542.0,575.0,592.0,599.0,615.0,666.0,688.0,692.0,692.0,696.0,706.0,721.0,737.0,793.0,808.0,868.0,875.0,939.0,981.0,981.0,995.0,
35.0,45.0,113.0,122.0,158.0,197.0,222.0,277.0,281.0,330.0,334.0,409.0,413.0,418.0,432.0,480.0,548.0,551.0,565.0,570.0,572.0,591.0,607.0,630.0,638.0,648.0,661.0,701.0,710.0,719.0,747.0,780.0,780.0,851.0,865.0,871.0,876.0,920.0,935.0,949.0,962.0,964.0,976.0,
28.0,57.0,66.0,66.0,67.0,98.0,114.0,142.0,152.0,185.0,197.0,227.0,239.0,274.0,318.0,324.0,336.0,352.0,377.0,436.0,482.0,519.0,539.0,549.0,578.0,612.0,626.0,627.0,636.0,672.0,677.0,717.0,725.0,728.0,778.0,795.0,795.0,804.0,856.0,866.0,948.0,991.0,
23.0,24.0,31.0,106.0,170.0,171.0,218.0,252.0,268.0,269.0,270.0,277.0,287.0,316.0,336.0,341.0,346.0,367.0,399.0,411.0,412.0,414.0,420.0,468.0,497.0,503.0,515.0,548.0,554.0,561.0,566.0,588.0,595.0,605.0,607.0,632.0,642.0,677.0,692.0,746.0,779.0,796.0,808.0,889.0,892.0,899.0,923.0,923.0,925.0,928.0,954.0,962.0,963.0,966.0,986.0,
7.0,14.0,18.0,51.0,112.0,112.0,134.0,202.0,230.0,249.0,315.0,321.0,422.0,441.0,485.0,510.0,563.0,582.0,593.0,665.0,692.0,702.0,714.0,728.0,766.0,771.0,791.0,794.0,836.0,857.0,907.0,916.0,952.0,954.0,954.0,964.0,964.0,984.0,
5.0,19.0,88.0,113.0,189.0,217.0,228.0,256.0,278.0,279.0,292.0,321.0,321.0,324.0,362.0,375.0,407.0,423.0,465.0,658.0,733.0,753.0,753.0,763.0,810.0,818.0,905.0,913.0,917.0,923.0,931.0,945.0,963.0,966.0,987.0,
15.0,19.0,67.0,68.0,119.0,183.0,207.0,238.0,247.0,249.0,254.0,264.0,358.0,372.0,409.0,447.0,466.0,540.0,551.0,572.0,601.0,606.0,634.0,635.0,658.0,683.0,689.0,690.0,718.0,751.0,766.0,796.0,809.0,827.0,860.0,861.0,862.0,888.0,951.0,954.0,969.0,971.0,996.0,
39.0,41.0,59.0,121.0,159.0,165.0,225.0,244.0,249.0,250.0,251.0,266.0,295.0,309.0,352.0,360.0,368.0,378.0,401.0,427.0,478.0,537.0,564.0,614.0,669.0,738.0,741.0,750.0,780.0,816.0,891.0,897.0,897.0,901.0,949.0,994.0,
16.0,32.0,53.0,54.0,191.0,195.0,233.0,242.0,244.0,265.0,269.0,380.0,385.0,431.0,486.0,539.0,540.0,551.0,643.0,659.0,683.0,752.0,790.0,886.0,895.0,
20.0,72.0,82.0,113.0,179.0,187.0,235.0,291.0,298.0,303.0,343.0,410.0,435.0,486.0,491.0,508.0,516.0,527.0,527.0,536.0,551.0,567.0,661.0,663.0,671.0,671.0,688.0,689.0,697.0,733.0,741.0,800.0,806.0,818.0,864.0,888.0,958.0,974.0,
26.0,29.0,46.0,52.0,53.0,63.0,86.0,89.0,125.0,195.0,224.0,226.0,311.0,322.0,333.0,340.0,352.0,373.0,379.0,409.0,410.0,440.0,550.0,550.0,566.0,570.0,607.0,619.0,632.0,655.0,667.0,668.0,668.0,675.0,702.0,711.0,786.0,803.0,809.0,836.0,838.0,854.0,891.0,900.0,940.0,977.0,981.0,
13.0,25.0,29.0,58.0,99.0,147.0,195.0,200.0,227.0,274.0,309.0,328.0,334.0,344.0,388.0,411.0,411.0,414.0,435.0,436.0,454.0,456.0,458.0,701.0,702.0,718.0,807.0,826.0,838.0,857.0,862.0,870.0,881.0,886.0,901.0,957.0,979.0,998.0,
28.0,41.0,58.0,68.0,89.0,124.0,139.0,152.0,158.0,181.0,207.0,216.0,240.0,271.0,285.0,332.0,383.0,390.0,410.0,423.0,433.0,451.0,455.0,476.0,497.0,793.0,852.0,857.0,863.0,869.0,898.0,944.0,999.0,1000.0,
7.0,31.0,95.0,111.0,160.0,205.0,257.0,308.0,329.0,366.0,457.0,923.0,943.0,
7.0,18.0,141.0,159.0,160.0,175.0,205.0,221.0,241.0,246.0,273.0,289.0,296.0,310.0,363.0,378.0,386.0,460.0,470.0,482.0,854.0,913.0,943.0,
18.0,34.0,58.0,105.0,113.0,170.0,171.0,222.0,224.0,240.0,258.0,268.0,304.0,317.0,330.0,347.0,355.0,364.0,381.0,389.0,416.0,418.0,456.0,463.0,588.0,667.0,683.0,688.0,695.0,711.0,774.0,781.0,785.0,840.0,842.0,848.0,906.0,920.0,936.0,958.0,989.0,995.0,
48.0,50.0,62.0,102.0,107.0,108.0,115.0,132.0,142.0,145.0,153.0,157.0,163.0,197.0,258.0,265.0,274.0,338.0,360.0,362.0,365.0,383.0,390.0,479.0,481.0,490.0,514.0,574.0,610.0,635.0,668.0,670.0,733.0,739.0,773.0,850.0,853.0,863.0,978.0,986.0,990.0,
50.0,107.0,144.0,156.0,216.0,231.0,235.0,240.0,254.0,288.0,295.0,328.0,372.0,379.0,381.0,402.0,447.0,456.0,521.0,532.0,538.0,538.0,551.0,565.0,575.0,603.0,722.0,753.0,764.0,805.0,831.0,831.0,837.0,844.0,846.0,877.0,910.0,934.0,944.0,
3.0,54.0,54.0,58.0,59.0,64.0,81.0,126.0,137.0,164.0,207.0,262.0,267.0,363.0,375.0,385.0,407.0,417.0,433.0,442.0,450.0,463.0,477.0,489.0,561.0,586.0,589.0,595.0,672.0,720.0,730.0,776.0,797.0,806.0,837.0,902.0,907.0,929.0,974.0,
99.0,118.0,168.0,171.0,172.0,181.0,185.0,240.0,249.0,299.0,301.0,337.0,385.0,430.0,437.0,474.0,524.0,527.0,528.0,583.0,680.0,707.0,719.0,728.0,728.0,736.0,748.0,762.0,785.0,825.0,837.0,852.0,863.0,917.0,927.0,944.0,945.0,947.0,989.0,
6.0,22.0,137.0,142.0,165.0,236.0,313.0,327.0,341.0,355.0,382.0,415.0,450.0,452.0,481.0,498.0,699.0,728.0,872.0,910.0,971.0,992.0,
3.0,12.0,13.0,30.0,43.0,96.0,125.0,139.0,142.0,146.0,147.0,195.0,201.0,221.0,223.0,247.0,251.0,266.0,313.0,313.0,363.0,378.0,388.0,414.0,418.0,465.0,486.0,507.0,
21.0,24.0,38.0,116.0,148.0,231.0,245.0,254.0,309.0,321.0,324.0,371.0,393.0,395.0,424.0,443.0,492.0,894.0,
31.0,69.0,147.0,157.0,198.0,200.0,200.0,232.0,235.0,277.0,293.0,327.0,343.0,463.0,480.0,495.0,831.0,935.0,
13.0,23.0,62.0,85.0,114.0,177.0,184.0,287.0,337.0,383.0,387.0,390.0,405.0,447.0,453.0,478.0,891.0,
12.0,160.0,165.0,219.0,251.0,257.0,267.0,281.0,307.0,315.0,343.0,375.0,380.0,401.0,406.0,444.0,452.0,452.0,461.0,
16.0,32.0,80.0,81.0,102.0,111.0,132.0,153.0,174.0,230.0,231.0,251.0,264.0,315.0,327.0,331.0,345.0,374.0,398.0,402.0,435.0,443.0,491.0,505.0,711.0,767.0,771.0,877.0,968.0,
70.0,91.0,108.0,127.0,190.0,203.0,222.0,262.0,262.0,292.0,295.0,339.0,347.0,368.0,413.0,439.0,462.0,559.0,561.0,577.0,599.0,606.0,609.0,618.0,619.0,625.0,648.0,651.0,659.0,668.0,671.0,676.0,709.0,710.0,783.0,795.0,798.0,805.0,807.0,813.0,814.0,829.0,841.0,954.0,961.0,971.0,
42.0,54.0,55.0,123.0,234.0,300.0,341.0,359.0,394.0,404.0,405.0,421.0,446.0,461.0,484.0,513.0,515.0,535.0,541.0,546.0,557.0,585.0,605.0,624.0,685.0,703.0,712.0,713.0,718.0,728.0,745.0,765.0,807.0,829.0,846.0,955.0,971.0,977.0,
46.0,78.0,82.0,85.0,101.0,119.0,144.0,187.0,241.0,340.0,368.0,403.0,429.0,498.0,649.0,692.0,698.0,712.0,743.0,749.0,777.0,778.0,791.0,808.0,824.0,828.0,850.0,882.0,938.0,969.0,996.0,
22.0,69.0,70.0,72.0,110.0,156.0,176.0,226.0,247.0,273.0,310.0,400.0,402.0,442.0,
28.0,40.0,74.0,99.0,103.0,113.0,158.0,190.0,200.0,211.0,222.0,226.0,232.0,264.0,266.0,281.0,329.0,376.0,467.0,470.0,485.0,494.0,500.0,807.0,
25.0,28.0,129.0,143.0,186.0,192.0,195.0,202.0,278.0,299.0,359.0,398.0,427.0,432.0,432.0,446.0,463.0,465.0,469.0,499.0,881.0,984.0,
5.0,44.0,55.0,124.0,132.0,235.0,241.0,245.0,258.0,310.0,384.0,405.0,415.0,438.0,454.0,460.0,853.0,873.0,930.0,
120.0,131.0,140.0,148.0,151.0,196.0,215.0,265.0,269.0,286.0,333.0,377.0,418.0,469.0,860.0,905.0,967.0,
18.0,31.0,96.0,147.0,222.0,223.0,236.0,285.0,362.0,365.0,372.0,409.0,411.0,455.0,471.0,473.0,480.0,481.0,496.0,498.0,503.0,842.0,
11.0,54.0,55.0,63.0,83.0,84.0,88.0,90.0,116.0,121.0,128.0,130.0,144.0,275.0,286.0,297.0,303.0,326.0,466.0,492.0,
57.0,88.0,98.0,111.0,122.0,187.0,204.0,204.0,270.0,281.0,308.0,323.0,326.0,326.0,388.0,460.0,502.0,682.0,746.0,751.0,762.0,800.0,804.0,918.0,935.0,960.0,989.0,1000.0,
69.0,115.0,117.0,136.0,136.0,225.0,231.0,237.0,259.0,278.0,284.0,287.0,358.0,364.0,423.0,438.0,488.0,502.0,507.0,571.0,576.0,585.0,644.0,655.0,672.0,685.0,688.0,691.0,695.0,708.0,712.0,752.0,763.0,875.0,932.0,943.0,977.0,998.0,
62.0,97.0,127.0,139.0,168.0,216.0,233.0,264.0,313.0,317.0,372.0,479.0,510.0,869.0,904.0,950.0,
16.0,21.0,27.0,69.0,78.0,86.0,101.0,108.0,113.0,143.0,159.0,189.0,202.0,223.0,265.0,270.0,294.0,304.0,307.0,361.0,367.0,385.0,385.0,398.0,416.0,466.0,471.0,500.0,939.0,994.0,
36.0,44.0,60.0,64.0,109.0,117.0,131.0,136.0,149.0,174.0,176.0,183.0,201.0,221.0,222.0,223.0,226.0,227.0,230.0,268.0,286.0,346.0,366.0,374.0,384.0,415.0,437.0,451.0,457.0,466.0,505.0,506.0,793.0,826.0,876.0,994.0,
7.0,8.0,28.0,30.0,50.0,80.0,83.0,89.0,95.0,101.0,167.0,206.0,208.0,236.0,257.0,293.0,325.0,327.0,328.0,343.0,379.0,385.0,423.0,435.0,468.0,475.0,483.0,767.0,861.0,882.0,942.0,
7.0,80.0,83.0,179.0,182.0,227.0,249.0,285.0,305.0,340.0,344.0,387.0,404.0,422.0,463.0,464.0,477.0,802.0,811.0,999.0,1000.0,
15.0,25.0,67.0,68.0,131.0,149.0,151.0,171.0,187.0,189.0,215.0,216.0,251.0,268.0,307.0,348.0,352.0,385.0,391.0,433.0,449.0,489.0,897.0,989.0,
22.0,49.0,81.0,88.0,103.0,116.0,156.0,157.0,199.0,214.0,243.0,283.0,313.0,332.0,345.0,357.0,414.0,463.0,467.0,475.0,762.0,898.0,913.0,
41.0,92.0,142.0,148.0,191.0,204.0,213.0,215.0,312.0,408.0,415.0,473.0,978.0,
30.0,47.0,65.0,69.0,72.0,108.0,125.0,138.0,186.0,215.0,250.0,257.0,309.0,314.0,322.0,378.0,408.0,461.0,462.0,497.0,506.0,903.0,908.0,
39.0,67.0,115.0,156.0,158.0,171.0,192.0,239.0,315.0,334.0,350.0,380.0,385.0,437.0,439.0,446.0,577.0,604.0,614.0,615.0,621.0,633.0,640.0,670.0,671.0,674.0,694.0,699.0,733.0,751.0,754.0,759.0,810.0,839.0,865.0,869.0,887.0,889.0,920.0,933.0,942.0,954.0,963.0,967.0,979.0,
76.0,80.0,99.0,123.0,143.0,186.0,202.0,208.0,222.0,286.0,309.0,328.0,342.0,353.0,354.0,368.0,442.0,443.0,843.0,
40.0,44.0,77.0,93.0,113.0,147.0,161.0,215.0,222.0,271.0,310.0,321.0,329.0,341.0,411.0,493.0,502.0,824.0,
10.0,15.0,21.0,26.0,55.0,57.0,72.0,81.0,88.0,92.0,152.0,210.0,231.0,237.0,249.0,367.0,405.0,447.0,448.0,453.0,480.0,845.0,893.0,898.0,907.0,950.0,951.0,
18.0,32.0,55.0,69.0,151.0,165.0,211.0,258.0,274.0,282.0,285.0,293.0,333.0,337.0,354.0,383.0,429.0,483.0,491.0,791.0,
62.0,88.0,112.0,181.0,196.0,246.0,254.0,260.0,269.0,275.0,301.0,305.0,318.0,321.0,391.0,396.0,472.0,474.0,869.0,915.0,936.0,993.0,
79.0,107.0,108.0,129.0,139.0,250.0,282.0,289.0,342.0,355.0,389.0,470.0,470.0,475.0,776.0,883.0,899.0,906.0,971.0,
7.0,8.0,70.0,71.0,72.0,72.0,128.0,150.0,168.0,179.0,218.0,232.0,238.0,244.0,297.0,373.0,402.0,404.0,405.0,412.0,416.0,493.0,501.0,756.0,801.0,815.0,833.0,844.0,866.0,892.0,954.0,985.0,
21.0,33.0,50.0,108.0,116.0,127.0,128.0,132.0,164.0,174.0,201.0,242.0,242.0,327.0,369.0,382.0,455.0,957.0,
3.0,3.0,5.0,14.0,30.0,79.0,83.0,139.0,144.0,216.0,218.0,227.0,234.0,239.0,296.0,302.0,312.0,332.0,393.0,424.0,432.0,447.0,456.0,496.0,506.0,
7.0,20.0,25.0,38.0,62.0,112.0,159.0,216.0,238.0,238.0,239.0,278.0,322.0,333.0,449.0,487.0,496.0,692.0,702.0,715.0,741.0,771.0,793.0,832.0,866.0,891.0,952.0,973.0,974.0,
16.0,80.0,112.0,121.0,131.0,202.0,227.0,242.0,303.0,313.0,381.0,387.0,392.0,420.0,761.0,774.0,822.0,826.0,898.0,900.0,978.0,988.0,
50.0,154.0,172.0,193.0,193.0,204.0,227.0,232.0,235.0,268.0,299.0,308.0,344.0,355.0,368.0,380.0,391.0,392.0,407.0,455.0,487.0,488.0,494.0,507.0,
12.0,15.0,97.0,120.0,150.0,198.0,200.0,202.0,224.0,255.0,270.0,285.0,330.0,335.0,353.0,433.0,485.0,491.0,492.0,495.0,880.0,923.0,957.0,
58.0,134.0,163.0,200.0,214.0,222.0,237.0,267.0,278.0,315.0,348.0,349.0,358.0,396.0,407.0,446.0,448.0,450.0,807.0,919.0,999.0,
21.0,48.0,65.0,109.0,126.0,144.0,167.0,170.0,183.0,187.0,228.0,272.0,276.0,309.0,309.0,319.0,362.0,367.0,430.0,892.0,944.0,948.0,
4.0,79.0,90.0,152.0,153.0,155.0,225.0,246.0,302.0,302.0,329.0,334.0,369.0,373.0,378.0,405.0,431.0,435.0,451.0,500.0,501.0,839.0,854.0,857.0,878.0,883.0,998.0,
6.0,95.0,156.0,167.0,205.0,206.0,260.0,308.0,318.0,344.0,356.0,421.0,459.0,479.0,976.0,
9.0,40.0,73.0,105.0,135.0,150.0,165.0,172.0,191.0,195.0,199.0,228.0,245.0,272.0,295.0,300.0,343.0,353.0,421.0,458.0,469.0,476.0,498.0,
12.0,15.0,27.0,55.0,111.0,145.0,182.0,201.0,254.0,257.0,263.0,320.0,361.0,386.0,390.0,438.0,472.0,487.0,725.0,819.0,824.0,892.0,926.0,954.0,969.0,
12.0,48.0,54.0,180.0,230.0,321.0,372.0,397.0,404.0,470.0,494.0,536.0,548.0,559.0,573.0,608.0,645.0,690.0,714.0,731.0,770.0,774.0,776.0,778.0,782.0,785.0,788.0,804.0,829.0,849.0,911.0,966.0,977.0,981.0,995.0,
8.0,108.0,111.0,119.0,123.0,141.0,146.0,153.0,161.0,173.0,257.0,327.0,402.0,424.0,450.0,470.0,640.0,654.0,661.0,707.0,716.0,734.0,794.0,835.0,844.0,950.0,959.0,
74.0,114.0,115.0,121.0,130.0,144.0,196.0,266.0,305.0,381.0,424.0,429.0,441.0,452.0,482.0,485.0,
12.0,30.0,31.0,33.0,49.0,138.0,170.0,194.0,202.0,245.0,251.0,259.0,260.0,261.0,261.0,352.0,386.0,417.0,428.0,477.0,478.0,975.0,981.0,
61.0,85.0,125.0,161.0,201.0,244.0,276.0,286.0,318.0,394.0,405.0,407.0,434.0,439.0,464.0,473.0,852.0,853.0,896.0,910.0,
16.0,27.0,32.0,39.0,45.0,59.0,108.0,127.0,145.0,150.0,226.0,248.0,281.0,294.0,447.0,485.0,794.0,919.0,928.0,
106.0,147.0,151.0,156.0,205.0,213.0,246.0,260.0,367.0,415.0,436.0,470.0,482.0,752.0,792.0,817.0,857.0,871.0,910.0,
7.0,19.0,33.0,61.0,63.0,63.0,87.0,102.0,177.0,242.0,274.0,297.0,336.0,336.0,416.0,420.0,426.0,449.0,841.0,886.0,891.0,948.0,950.0,973.0,
8.0,70.0,104.0,177.0,205.0,207.0,219.0,222.0,246.0,317.0,317.0,384.0,430.0,446.0,457.0,459.0,492.0,501.0,503.0,
9.0,29.0,57.0,90.0,94.0,124.0,128.0,137.0,155.0,167.0,172.0,220.0,245.0,248.0,260.0,284.0,287.0,344.0,346.0,360.0,370.0,394.0,413.0,460.0,480.0,638.0,699.0,701.0,719.0,721.0,796.0,812.0,827.0,831.0,850.0,919.0,938.0,955.0,
57.0,72.0,75.0,89.0,103.0,106.0,109.0,184.0,193.0,246.0,279.0,294.0,312.0,313.0,367.0,381.0,385.0,419.0,437.0,439.0,454.0,482.0,497.0,518.0,565.0,578.0,578.0,623.0,668.0,697.0,747.0,776.0,855.0,882.0,965.0,988.0,
74.0,142.0,206.0,209.0,233.0,277.0,290.0,354.0,381.0,434.0,492.0,493.0,501.0,538.0,585.0,599.0,631.0,652.0,709.0,761.0,764.0,801.0,813.0,832.0,833.0,869.0,872.0,883.0,891.0,923.0,985.0,
64.0,78.0,78.0,127.0,128.0,141.0,231.0,240.0,251.0,267.0,267.0,296.0,330.0,334.0,340.0,366.0,388.0,409.0,427.0,433.0,450.0,475.0,486.0,813.0,
17.0,59.0,67.0,75.0,80.0,92.0,95.0,99.0,119.0,125.0,203.0,213.0,221.0,234.0,245.0,284.0,303.0,320.0,361.0,376.0,384.0,402.0,403.0,428.0,434.0,435.0,442.0,458.0,470.0,482.0,
66.0,112.0,124.0,126.0,186.0,225.0,237.0,292.0,305.0,324.0,330.0,353.0,362.0,389.0,444.0,445.0,449.0,
24.0,24.0,53.0,135.0,155.0,175.0,180.0,201.0,223.0,239.0,255.0,264.0,279.0,303.0,347.0,361.0,364.0,374.0,427.0,452.0,835.0,944.0,
14.0,40.0,69.0,142.0,154.0,158.0,212.0,212.0,213.0,323.0,335.0,345.0,348.0,351.0,355.0,386.0,460.0,479.0,500.0,849.0,
3.0,25.0,158.0,180.0,227.0,278.0,282.0,301.0,306.0,332.0,339.0,377.0,445.0,460.0,484.0,501.0,510.0,
48.0,85.0,95.0,137.0,148.0,166.0,181.0,186.0,195.0,220.0,243.0,261.0,312.0,336.0,371.0,400.0,415.0,421.0,451.0,487.0,490.0,753.0,761.0,830.0,944.0,973.0,
9.0,22.0,39.0,43.0,46.0,68.0,80.0,105.0,161.0,171.0,201.0,254.0,271.0,275.0,279.0,302.0,357.0,367.0,404.0,417.0,424.0,442.0,473.0,493.0,505.0,587.0,592.0,669.0,685.0,721.0,722.0,748.0,753.0,761.0,825.0,835.0,850.0,865.0,866.0,903.0,910.0,913.0,945.0,961.0,978.0,978.0,986.0,990.0,990.0,
24.0,27.0,36.0,45.0,46.0,69.0,73.0,94.0,102.0,122.0,133.0,174.0,214.0,278.0,313.0,343.0,352.0,354.0,356.0,357.0,390.0,395.0,436.0,458.0,472.0,487.0,509.0,551.0,591.0,607.0,609.0,610.0,618.0,634.0,636.0,639.0,645.0,660.0,661.0,662.0,720.0,741.0,777.0,837.0,868.0,869.0,869.0,878.0,882.0,908.0,913.0,944.0,974.0,983.0,
22.0,58.0,62.0,67.0,94.0,96.0,109.0,114.0,164.0,261.0,292.0,323.0,350.0,383.0,396.0,402.0,428.0,490.0,499.0,524.0,540.0,589.0,639.0,659.0,691.0,710.0,833.0,836.0,854.0,863.0,881.0,888.0,917.0,930.0,937.0,944.0,979.0,
30.0,44.0,88.0,131.0,154.0,157.0,162.0,211.0,270.0,320.0,334.0,339.0,341.0,371.0,395.0,402.0,404.0,407.0,450.0,459.0,462.0,492.0,525.0,534.0,582.0,599.0,613.0,641.0,657.0,694.0,728.0,737.0,750.0,758.0,790.0,801.0,823.0,831.0,839.0,863.0,866.0,887.0,894.0,933.0,
7.0,14.0,44.0,106.0,143.0,146.0,181.0,247.0,303.0,325.0,339.0,371.0,373.0,381.0,413.0,426.0,433.0,435.0,497.0,503.0,721.0,774.0,794.0,828.0,829.0,862.0,891.0,897.0,975.0,985.0,
31.0,37.0,122.0,139.0,143.0,150.0,159.0,189.0,191.0,197.0,231.0,258.0,270.0,271.0,290.0,318.0,353.0,372.0,373.0,377.0,386.0,434.0,446.0,813.0,848.0,888.0,
4.0,57.0,80.0,129.0,140.0,162.0,220.0,230.0,239.0,260.0,369.0,436.0,439.0,497.0,506.0,507.0,856.0,
6.0,106.0,158.0,168.0,193.0,214.0,234.0,260.0,263.0,308.0,382.0,394.0,400.0,416.0,442.0,481.0,490.0,702.0,746.0,771.0,805.0,828.0,945.0,
3.0,41.0,48.0,68.0,108.0,111.0,145.0,150.0,153.0,188.0,205.0,215.0,267.0,289.0,300.0,307.0,316.0,330.0,335.0,362.0,418.0,420.0,642.0,710.0,776.0,784.0,800.0,868.0,886.0,939.0,
20.0,30.0,58.0,65.0,76.0,180.0,230.0,261.0,299.0,305.0,324.0,340.0,343.0,371.0,382.0,390.0,422.0,427.0,437.0,471.0,483.0,487.0,539.0,540.0,563.0,588.0,600.0,623.0,641.0,662.0,751.0,824.0,832.0,840.0,842.0,867.0,879.0,912.0,927.0,931.0,944.0,948.0,987.0,
31.0,87.0,95.0,108.0,116.0,120.0,127.0,144.0,282.0,297.0,302.0,347.0,357.0,375.0,399.0,429.0,451.0,496.0,509.0,525.0,559.0,589.0,600.0,620.0,629.0,661.0,703.0,706.0,738.0,742.0,774.0,816.0,846.0,869.0,876.0,900.0,928.0,
