59.0,83.0,129.0,214.0,272.0,278.0,280.0,292.0,317.0,383.0,413.0,420.0,437.0,446.0,494.0,496.0,519.0,550.0,566.0,594.0,604.0,606.0,649.0,651.0,657.0,665.0,688.0,719.0,742.0,838.0,912.0,915.0,923.0,960.0,972.0,978.0,996.0,
145.0,155.0,215.0,218.0,244.0,294.0,319.0,329.0,333.0,339.0,347.0,355.0,357.0,388.0,404.0,410.0,437.0,451.0,455.0,476.0,490.0,503.0,528.0,538.0,557.0,583.0,645.0,721.0,740.0,834.0,835.0,847.0,865.0,875.0,883.0,885.0,902.0,917.0,927.0,931.0,933.0,937.0,
134.0,143.0,171.0,179.0,197.0,198.0,224.0,260.0,269.0,298.0,308.0,318.0,350.0,374.0,403.0,412.0,431.0,458.0,505.0,528.0,530.0,538.0,557.0,565.0,580.0,581.0,631.0,661.0,676.0,731.0,772.0,794.0,875.0,876.0,881.0,920.0,933.0,956.0,
16.0,47.0,51.0,103.0,106.0,132.0,148.0,191.0,221.0,225.0,241.0,268.0,273.0,289.0,313.0,427.0,473.0,505.0,507.0,539.0,620.0,629.0,643.0,653.0,662.0,730.0,750.0,827.0,854.0,858.0,878.0,912.0,918.0,930.0,949.0,965.0,974.0,978.0,
18.0,51.0,87.0,97.0,147.0,153.0,171.0,174.0,178.0,212.0,282.0,395.0,425.0,426.0,446.0,448.0,491.0,529.0,570.0,570.0,584.0,610.0,620.0,624.0,664.0,705.0,795.0,832.0,833.0,833.0,837.0,850.0,891.0,894.0,906.0,906.0,915.0,935.0,941.0,952.0,958.0,974.0,979.0,995.0,
3.0,37.0,65.0,93.0,117.0,142.0,154.0,191.0,223.0,234.0,237.0,266.0,293.0,304.0,304.0,320.0,345.0,360.0,363.0,392.0,395.0,437.0,477.0,479.0,517.0,538.0,553.0,555.0,585.0,626.0,629.0,676.0,684.0,685.0,710.0,714.0,768.0,805.0,817.0,828.0,833.0,837.0,847.0,854.0,859.0,895.0,916.0,917.0,928.0,950.0,964.0,971.0,974.0,
18.0,43.0,87.0,140.0,188.0,211.0,221.0,240.0,360.0,365.0,488.0,530.0,536.0,555.0,562.0,605.0,606.0,609.0,611.0,705.0,762.0,800.0,810.0,813.0,821.0,837.0,838.0,846.0,853.0,853.0,854.0,893.0,921.0,922.0,926.0,958.0,981.0,996.0,
42.0,63.0,83.0,158.0,159.0,200.0,323.0,326.0,337.0,339.0,357.0,372.0,377.0,435.0,458.0,463.0,489.0,506.0,526.0,532.0,562.0,570.0,574.0,598.0,645.0,655.0,658.0,676.0,702.0,709.0,746.0,769.0,799.0,805.0,811.0,824.0,833.0,841.0,848.0,859.0,865.0,895.0,926.0,929.0,930.0,961.0,965.0,966.0,
134.0,149.0,166.0,168.0,203.0,251.0,277.0,287.0,294.0,305.0,330.0,348.0,368.0,429.0,432.0,507.0,546.0,568.0,649.0,658.0,681.0,683.0,703.0,704.0,752.0,752.0,760.0,799.0,819.0,825.0,846.0,855.0,879.0,911.0,927.0,928.0,939.0,960.0,990.0,998.0,
13.0,52.0,53.0,107.0,109.0,112.0,136.0,154.0,170.0,222.0,287.0,307.0,319.0,373.0,375.0,425.0,433.0,443.0,456.0,487.0,487.0,491.0,514.0,514.0,558.0,665.0,672.0,683.0,686.0,746.0,746.0,750.0,798.0,809.0,811.0,812.0,824.0,829.0,869.0,891.0,900.0,921.0,926.0,949.0,973.0,
4.0,19.0,67.0,86.0,102.0,114.0,115.0,161.0,165.0,244.0,281.0,283.0,298.0,307.0,309.0,338.0,354.0,380.0,389.0,394.0,436.0,452.0,459.0,542.0,566.0,592.0,602.0,608.0,632.0,634.0,662.0,668.0,692.0,692.0,693.0,725.0,733.0,755.0,790.0,790.0,796.0,853.0,873.0,902.0,941.0,954.0,973.0,994.0,
51.0,53.0,154.0,182.0,207.0,207.0,227.0,250.0,292.0,330.0,420.0,496.0,507.0,514.0,518.0,536.0,548.0,564.0,576.0,598.0,601.0,612.0,648.0,654.0,682.0,683.0,700.0,721.0,728.0,751.0,752.0,800.0,818.0,821.0,840.0,845.0,911.0,922.0,931.0,936.0,945.0,985.0,
9.0,11.0,45.0,72.0,124.0,174.0,186.0,256.0,259.0,275.0,276.0,309.0,346.0,404.0,544.0,555.0,609.0,610.0,618.0,650.0,709.0,727.0,763.0,792.0,820.0,831.0,837.0,847.0,862.0,870.0,885.0,902.0,911.0,916.0,946.0,965.0,978.0,
145.0,177.0,201.0,210.0,262.0,283.0,322.0,362.0,376.0,381.0,394.0,395.0,401.0,406.0,414.0,453.0,472.0,597.0,724.0,726.0,796.0,878.0,890.0,953.0,959.0,993.0,
73.0,80.0,139.0,201.0,205.0,254.0,264.0,363.0,380.0,417.0,434.0,451.0,467.0,485.0,486.0,504.0,757.0,810.0,837.0,902.0,977.0,978.0,
6.0,38.0,44.0,66.0,83.0,123.0,166.0,186.0,225.0,245.0,266.0,293.0,405.0,416.0,958.0,
17.0,67.0,193.0,198.0,199.0,206.0,227.0,248.0,248.0,259.0,262.0,283.0,298.0,330.0,385.0,392.0,402.0,405.0,411.0,434.0,446.0,488.0,703.0,925.0,
111.0,115.0,190.0,236.0,309.0,320.0,345.0,356.0,379.0,380.0,386.0,390.0,439.0,485.0,490.0,682.0,686.0,730.0,775.0,781.0,782.0,793.0,807.0,844.0,848.0,892.0,898.0,911.0,941.0,980.0,985.0,
39.0,70.0,76.0,147.0,175.0,193.0,200.0,201.0,283.0,314.0,314.0,370.0,375.0,415.0,455.0,465.0,484.0,492.0,502.0,515.0,528.0,536.0,642.0,682.0,687.0,707.0,725.0,735.0,741.0,746.0,758.0,764.0,807.0,813.0,832.0,843.0,846.0,895.0,917.0,939.0,948.0,950.0,961.0,988.0,
9.0,45.0,70.0,75.0,99.0,121.0,123.0,170.0,233.0,293.0,334.0,351.0,383.0,386.0,409.0,422.0,533.0,553.0,585.0,597.0,599.0,600.0,619.0,638.0,651.0,717.0,723.0,736.0,743.0,755.0,765.0,771.0,802.0,804.0,849.0,857.0,873.0,911.0,969.0,988.0,
25.0,33.0,101.0,156.0,179.0,199.0,209.0,216.0,241.0,331.0,343.0,343.0,368.0,407.0,408.0,416.0,441.0,451.0,462.0,465.0,506.0,511.0,536.0,538.0,542.0,580.0,604.0,657.0,686.0,719.0,725.0,766.0,782.0,806.0,848.0,870.0,888.0,909.0,922.0,936.0,945.0,978.0,987.0,993.0,
22.0,24.0,123.0,194.0,214.0,217.0,230.0,281.0,344.0,353.0,372.0,378.0,406.0,430.0,450.0,451.0,534.0,625.0,644.0,692.0,696.0,701.0,706.0,724.0,726.0,750.0,816.0,840.0,846.0,870.0,878.0,904.0,906.0,928.0,989.0,
17.0,114.0,118.0,139.0,255.0,258.0,307.0,336.0,336.0,366.0,393.0,424.0,432.0,489.0,494.0,702.0,729.0,801.0,874.0,969.0,989.0,
36.0,48.0,90.0,175.0,184.0,197.0,255.0,257.0,323.0,327.0,338.0,350.0,402.0,469.0,
18.0,33.0,41.0,65.0,67.0,100.0,118.0,130.0,147.0,154.0,165.0,233.0,272.0,391.0,423.0,456.0,469.0,478.0,500.0,
2.0,3.0,28.0,47.0,57.0,60.0,62.0,65.0,78.0,100.0,120.0,126.0,208.0,212.0,222.0,224.0,230.0,239.0,239.0,252.0,265.0,287.0,321.0,329.0,351.0,368.0,457.0,477.0,
15.0,18.0,69.0,248.0,273.0,316.0,384.0,413.0,438.0,493.0,
9.0,20.0,62.0,104.0,132.0,148.0,150.0,159.0,197.0,200.0,212.0,251.0,282.0,308.0,378.0,424.0,457.0,465.0,
14.0,54.0,62.0,69.0,108.0,120.0,127.0,194.0,227.0,246.0,251.0,261.0,356.0,425.0,480.0,482.0,836.0,842.0,950.0,968.0,976.0,992.0,
36.0,46.0,62.0,67.0,72.0,89.0,95.0,99.0,137.0,201.0,233.0,251.0,256.0,282.0,351.0,437.0,438.0,452.0,502.0,508.0,515.0,548.0,552.0,564.0,579.0,591.0,667.0,668.0,693.0,705.0,712.0,720.0,734.0,756.0,761.0,794.0,795.0,810.0,814.0,818.0,840.0,862.0,883.0,896.0,905.0,915.0,923.0,956.0,989.0,998.0,
46.0,89.0,114.0,139.0,149.0,156.0,163.0,234.0,250.0,277.0,282.0,284.0,334.0,385.0,463.0,483.0,504.0,544.0,562.0,585.0,592.0,618.0,620.0,639.0,644.0,721.0,735.0,736.0,740.0,744.0,786.0,811.0,821.0,834.0,841.0,850.0,856.0,890.0,944.0,993.0,
8.0,14.0,24.0,29.0,52.0,60.0,62.0,94.0,101.0,128.0,140.0,238.0,247.0,322.0,337.0,360.0,416.0,465.0,465.0,502.0,507.0,512.0,656.0,691.0,728.0,750.0,763.0,818.0,832.0,872.0,909.0,923.0,931.0,937.0,
11.0,53.0,78.0,86.0,107.0,134.0,166.0,179.0,187.0,206.0,301.0,304.0,304.0,332.0,335.0,415.0,471.0,474.0,497.0,
19.0,80.0,94.0,106.0,120.0,134.0,191.0,193.0,201.0,278.0,425.0,483.0,492.0,928.0,
8.0,12.0,43.0,75.0,86.0,86.0,200.0,282.0,322.0,352.0,352.0,354.0,366.0,376.0,389.0,408.0,422.0,438.0,447.0,472.0,476.0,503.0,794.0,860.0,937.0,961.0,986.0,
23.0,64.0,127.0,159.0,162.0,168.0,175.0,248.0,313.0,367.0,489.0,509.0,843.0,863.0,939.0,981.0,997.0,
18.0,105.0,119.0,119.0,138.0,145.0,178.0,181.0,215.0,277.0,360.0,435.0,455.0,487.0,491.0,499.0,721.0,779.0,786.0,841.0,846.0,885.0,
9.0,13.0,18.0,20.0,33.0,53.0,75.0,81.0,106.0,127.0,162.0,204.0,249.0,251.0,277.0,285.0,367.0,367.0,380.0,387.0,403.0,422.0,499.0,930.0,960.0,
23.0,67.0,82.0,116.0,145.0,153.0,161.0,167.0,203.0,219.0,222.0,239.0,253.0,256.0,265.0,288.0,290.0,307.0,325.0,349.0,351.0,360.0,399.0,403.0,423.0,443.0,479.0,487.0,509.0,
40.0,75.0,98.0,99.0,128.0,165.0,169.0,169.0,180.0,209.0,256.0,275.0,303.0,319.0,321.0,322.0,369.0,394.0,418.0,421.0,427.0,436.0,449.0,476.0,653.0,691.0,739.0,755.0,806.0,807.0,870.0,949.0,968.0,973.0,
43.0,56.0,91.0,114.0,123.0,162.0,217.0,279.0,279.0,300.0,307.0,324.0,383.0,396.0,429.0,475.0,499.0,532.0,561.0,618.0,627.0,642.0,649.0,650.0,685.0,698.0,723.0,727.0,729.0,756.0,767.0,852.0,854.0,872.0,913.0,939.0,955.0,965.0,976.0,
24.0,64.0,170.0,218.0,263.0,282.0,391.0,401.0,404.0,426.0,456.0,497.0,807.0,849.0,964.0,
19.0,57.0,65.0,66.0,144.0,205.0,214.0,232.0,257.0,276.0,337.0,402.0,431.0,467.0,492.0,501.0,866.0,891.0,
7.0,22.0,26.0,36.0,38.0,69.0,70.0,74.0,88.0,124.0,154.0,155.0,171.0,173.0,186.0,193.0,241.0,263.0,304.0,349.0,369.0,378.0,395.0,402.0,408.0,438.0,445.0,457.0,481.0,748.0,822.0,856.0,856.0,890.0,894.0,923.0,970.0,
32.0,80.0,112.0,153.0,171.0,276.0,307.0,409.0,410.0,419.0,420.0,468.0,485.0,490.0,501.0,769.0,787.0,787.0,832.0,858.0,912.0,913.0,
12.0,102.0,123.0,225.0,240.0,272.0,286.0,294.0,294.0,323.0,383.0,395.0,423.0,475.0,494.0,893.0,920.0,934.0,938.0,987.0,
4.0,21.0,53.0,56.0,66.0,75.0,96.0,135.0,151.0,154.0,155.0,168.0,199.0,277.0,293.0,353.0,354.0,382.0,397.0,484.0,826.0,962.0,973.0,
23.0,44.0,51.0,59.0,152.0,167.0,182.0,275.0,292.0,309.0,313.0,318.0,337.0,393.0,406.0,426.0,470.0,477.0,487.0,941.0,968.0,
6.0,84.0,110.0,150.0,155.0,167.0,178.0,191.0,209.0,256.0,321.0,348.0,392.0,394.0,398.0,402.0,410.0,452.0,470.0,473.0,478.0,501.0,
4.0,37.0,65.0,76.0,86.0,94.0,110.0,138.0,179.0,234.0,255.0,265.0,312.0,461.0,724.0,781.0,918.0,938.0,953.0,
2.0,108.0,111.0,114.0,189.0,197.0,200.0,262.0,322.0,409.0,490.0,505.0,506.0,522.0,604.0,608.0,621.0,628.0,649.0,659.0,679.0,683.0,743.0,759.0,806.0,813.0,843.0,846.0,853.0,876.0,896.0,909.0,933.0,956.0,968.0,990.0,
15.0,57.0,61.0,90.0,175.0,178.0,219.0,229.0,254.0,285.0,289.0,363.0,365.0,378.0,381.0,394.0,456.0,476.0,981.0,
58.0,104.0,227.0,325.0,332.0,338.0,343.0,357.0,430.0,449.0,468.0,475.0,491.0,938.0,
76.0,96.0,103.0,117.0,123.0,181.0,188.0,190.0,226.0,265.0,292.0,300.0,312.0,316.0,340.0,360.0,369.0,384.0,403.0,411.0,411.0,428.0,445.0,451.0,490.0,491.0,497.0,755.0,841.0,870.0,879.0,980.0,
43.0,50.0,98.0,108.0,211.0,227.0,301.0,320.0,423.0,439.0,448.0,452.0,455.0,492.0,507.0,820.0,855.0,932.0,983.0,
38.0,59.0,84.0,85.0,115.0,181.0,202.0,269.0,295.0,364.0,366.0,379.0,383.0,390.0,414.0,456.0,487.0,733.0,760.0,773.0,926.0,
6.0,12.0,68.0,92.0,102.0,113.0,120.0,126.0,139.0,143.0,145.0,156.0,169.0,170.0,192.0,195.0,309.0,316.0,318.0,326.0,336.0,419.0,425.0,482.0,831.0,834.0,900.0,925.0,973.0,991.0,
38.0,63.0,100.0,105.0,121.0,155.0,167.0,246.0,250.0,252.0,287.0,312.0,341.0,341.0,360.0,393.0,400.0,409.0,423.0,474.0,483.0,722.0,724.0,803.0,925.0,932.0,962.0,989.0,
17.0,31.0,38.0,100.0,110.0,115.0,127.0,169.0,223.0,252.0,259.0,269.0,276.0,312.0,315.0,317.0,383.0,385.0,423.0,465.0,471.0,480.0,487.0,492.0,509.0,772.0,
16.0,18.0,104.0,188.0,204.0,216.0,236.0,248.0,311.0,333.0,429.0,464.0,
10.0,32.0,40.0,117.0,133.0,157.0,167.0,176.0,179.0,266.0,374.0,399.0,433.0,439.0,446.0,449.0,517.0,531.0,556.0,564.0,584.0,613.0,617.0,620.0,647.0,717.0,718.0,741.0,821.0,867.0,893.0,922.0,950.0,
5.0,7.0,14.0,20.0,72.0,104.0,117.0,166.0,190.0,207.0,248.0,288.0,297.0,340.0,422.0,431.0,434.0,440.0,471.0,489.0,828.0,833.0,866.0,891.0,
3.0,13.0,24.0,35.0,44.0,106.0,171.0,174.0,200.0,208.0,218.0,223.0,243.0,274.0,330.0,357.0,380.0,423.0,425.0,452.0,
24.0,27.0,28.0,34.0,89.0,117.0,197.0,242.0,243.0,252.0,256.0,360.0,395.0,435.0,435.0,436.0,478.0,804.0,864.0,868.0,949.0,972.0,
25.0,165.0,214.0,221.0,226.0,239.0,290.0,297.0,306.0,310.0,330.0,396.0,454.0,469.0,469.0,838.0,901.0,935.0,967.0,
19.0,26.0,91.0,98.0,113.0,114.0,123.0,186.0,216.0,224.0,249.0,308.0,339.0,348.0,357.0,380.0,404.0,424.0,442.0,445.0,452.0,458.0,463.0,464.0,838.0,
40.0,54.0,59.0,202.0,203.0,230.0,242.0,336.0,362.0,372.0,406.0,423.0,429.0,443.0,470.0,497.0,761.0,974.0,
13.0,17.0,50.0,134.0,161.0,174.0,203.0,257.0,279.0,292.0,325.0,358.0,376.0,401.0,409.0,420.0,768.0,839.0,854.0,
72.0,118.0,182.0,184.0,246.0,253.0,260.0,284.0,311.0,330.0,337.0,365.0,377.0,433.0,458.0,482.0,940.0,
27.0,28.0,41.0,45.0,124.0,149.0,199.0,200.0,243.0,288.0,324.0,352.0,359.0,361.0,372.0,389.0,393.0,
15.0,21.0,23.0,28.0,105.0,110.0,118.0,147.0,177.0,230.0,245.0,281.0,291.0,292.0,294.0,301.0,317.0,372.0,379.0,407.0,409.0,424.0,467.0,498.0,502.0,514.0,517.0,548.0,626.0,641.0,678.0,689.0,699.0,709.0,714.0,749.0,750.0,752.0,802.0,827.0,906.0,911.0,938.0,941.0,959.0,
16.0,140.0,143.0,163.0,208.0,253.0,267.0,272.0,274.0,300.0,303.0,314.0,354.0,373.0,383.0,404.0,446.0,446.0,476.0,504.0,506.0,637.0,662.0,676.0,727.0,741.0,751.0,757.0,761.0,768.0,770.0,789.0,798.0,858.0,907.0,934.0,960.0,977.0,
7.0,19.0,60.0,167.0,188.0,207.0,211.0,259.0,293.0,310.0,393.0,394.0,406.0,416.0,455.0,466.0,480.0,497.0,
21.0,141.0,157.0,208.0,215.0,257.0,289.0,329.0,338.0,346.0,359.0,371.0,378.0,416.0,449.0,470.0,489.0,502.0,832.0,879.0,903.0,
10.0,21.0,42.0,77.0,118.0,145.0,265.0,298.0,311.0,340.0,353.0,392.0,442.0,750.0,905.0,
43.0,49.0,78.0,80.0,82.0,95.0,108.0,118.0,294.0,297.0,303.0,348.0,381.0,383.0,431.0,471.0,473.0,786.0,835.0,842.0,873.0,879.0,
12.0,54.0,86.0,139.0,173.0,183.0,204.0,256.0,284.0,286.0,316.0,317.0,376.0,460.0,490.0,501.0,883.0,911.0,
16.0,33.0,77.0,117.0,121.0,127.0,141.0,166.0,198.0,224.0,239.0,254.0,326.0,352.0,357.0,367.0,367.0,436.0,482.0,490.0,499.0,764.0,863.0,900.0,
41.0,57.0,113.0,121.0,147.0,159.0,159.0,240.0,279.0,295.0,303.0,351.0,362.0,409.0,410.0,508.0,
55.0,80.0,124.0,131.0,137.0,152.0,153.0,170.0,174.0,183.0,191.0,244.0,264.0,308.0,315.0,335.0,407.0,431.0,439.0,471.0,508.0,662.0,891.0,895.0,928.0,954.0,
49.0,60.0,85.0,95.0,124.0,128.0,129.0,141.0,167.0,171.0,207.0,259.0,262.0,278.0,297.0,303.0,316.0,324.0,327.0,333.0,342.0,398.0,480.0,485.0,507.0,520.0,532.0,575.0,597.0,605.0,615.0,631.0,660.0,705.0,741.0,759.0,762.0,819.0,823.0,836.0,849.0,875.0,963.0,999.0,
29.0,42.0,52.0,58.0,115.0,118.0,148.0,205.0,246.0,247.0,317.0,320.0,371.0,456.0,461.0,489.0,493.0,538.0,573.0,583.0,620.0,668.0,669.0,697.0,700.0,710.0,769.0,779.0,797.0,799.0,819.0,855.0,866.0,887.0,913.0,929.0,959.0,984.0,
30.0,51.0,52.0,88.0,161.0,204.0,236.0,262.0,282.0,323.0,330.0,340.0,341.0,362.0,377.0,380.0,399.0,417.0,420.0,439.0,483.0,700.0,780.0,805.0,812.0,918.0,940.0,
30.0,165.0,186.0,202.0,208.0,234.0,263.0,295.0,297.0,362.0,404.0,429.0,485.0,510.0,
15.0,109.0,159.0,162.0,184.0,188.0,209.0,250.0,262.0,272.0,287.0,354.0,410.0,453.0,464.0,802.0,964.0,
50.0,96.0,110.0,127.0,127.0,145.0,182.0,182.0,208.0,303.0,311.0,429.0,455.0,456.0,470.0,499.0,
43.0,50.0,54.0,110.0,137.0,152.0,255.0,310.0,319.0,345.0,368.0,383.0,504.0,
27.0,32.0,45.0,57.0,123.0,127.0,128.0,147.0,154.0,187.0,201.0,204.0,263.0,302.0,336.0,338.0,459.0,481.0,510.0,
20.0,27.0,49.0,55.0,93.0,93.0,109.0,110.0,157.0,169.0,197.0,201.0,240.0,255.0,303.0,318.0,320.0,336.0,340.0,403.0,448.0,453.0,468.0,497.0,501.0,770.0,781.0,867.0,942.0,943.0,
63.0,71.0,73.0,80.0,81.0,270.0,275.0,285.0,391.0,400.0,409.0,425.0,431.0,437.0,452.0,473.0,479.0,483.0,624.0,641.0,645.0,646.0,662.0,665.0,689.0,702.0,710.0,730.0,740.0,745.0,760.0,802.0,808.0,852.0,856.0,880.0,887.0,889.0,892.0,910.0,970.0,992.0,
56.0,75.0,79.0,108.0,137.0,156.0,173.0,236.0,242.0,246.0,256.0,263.0,313.0,321.0,346.0,352.0,365.0,369.0,385.0,391.0,395.0,408.0,430.0,492.0,557.0,659.0,662.0,682.0,698.0,792.0,837.0,857.0,941.0,948.0,
73.0,80.0,112.0,140.0,143.0,165.0,202.0,226.0,243.0,290.0,314.0,336.0,339.0,352.0,372.0,397.0,416.0,444.0,476.0,488.0,597.0,617.0,641.0,648.0,743.0,751.0,789.0,857.0,897.0,903.0,946.0,988.0,
18.0,35.0,40.0,42.0,51.0,117.0,132.0,139.0,156.0,178.0,259.0,298.0,360.0,368.0,388.0,400.0,424.0,425.0,520.0,528.0,549.0,559.0,570.0,593.0,611.0,633.0,642.0,665.0,669.0,682.0,704.0,721.0,723.0,732.0,753.0,797.0,800.0,820.0,839.0,842.0,857.0,905.0,926.0,946.0,956.0,974.0,983.0,
9.0,33.0,124.0,149.0,168.0,298.0,305.0,319.0,327.0,342.0,348.0,399.0,404.0,428.0,429.0,442.0,485.0,624.0,668.0,750.0,750.0,764.0,800.0,813.0,816.0,837.0,896.0,903.0,937.0,
25.0,85.0,176.0,190.0,319.0,340.0,348.0,373.0,378.0,422.0,429.0,434.0,443.0,470.0,473.0,732.0,955.0,976.0,
20.0,40.0,64.0,87.0,103.0,132.0,176.0,177.0,282.0,326.0,331.0,442.0,448.0,
46.0,64.0,82.0,144.0,161.0,181.0,273.0,288.0,356.0,371.0,436.0,444.0,447.0,450.0,492.0,746.0,777.0,964.0,990.0,
6.0,43.0,50.0,53.0,60.0,68.0,68.0,158.0,208.0,219.0,228.0,244.0,272.0,287.0,289.0,295.0,307.0,326.0,361.0,388.0,418.0,432.0,461.0,481.0,497.0,509.0,627.0,768.0,804.0,818.0,831.0,873.0,915.0,925.0,927.0,957.0,989.0,1000.0,
5.0,14.0,16.0,29.0,42.0,84.0,122.0,136.0,149.0,181.0,189.0,194.0,234.0,246.0,268.0,346.0,367.0,404.0,417.0,432.0,434.0,452.0,467.0,471.0,481.0,487.0,498.0,558.0,563.0,592.0,611.0,630.0,643.0,659.0,680.0,747.0,748.0,749.0,754.0,756.0,769.0,774.0,783.0,791.0,809.0,810.0,881.0,906.0,924.0,928.0,934.0,940.0,960.0,969.0,969.0,986.0,
21.0,47.0,67.0,100.0,104.0,121.0,130.0,189.0,218.0,264.0,269.0,367.0,406.0,410.0,412.0,421.0,438.0,461.0,524.0,535.0,537.0,558.0,588.0,608.0,610.0,651.0,653.0,675.0,703.0,717.0,750.0,759.0,763.0,769.0,783.0,797.0,834.0,835.0,847.0,848.0,860.0,866.0,873.0,874.0,914.0,962.0,979.0,987.0,993.0,999.0,
