2.0,3.0,26.0,62.0,76.0,116.0,149.0,157.0,207.0,232.0,242.0,249.0,271.0,281.0,281.0,302.0,328.0,328.0,338.0,381.0,386.0,441.0,455.0,464.0,501.0,508.0,511.0,711.0,724.0,732.0,795.0,817.0,832.0,840.0,867.0,885.0,910.0,953.0,957.0,975.0,
73.0,85.0,86.0,89.0,103.0,135.0,183.0,198.0,234.0,293.0,324.0,342.0,366.0,406.0,500.0,543.0,545.0,576.0,601.0,621.0,626.0,632.0,639.0,649.0,651.0,654.0,689.0,714.0,719.0,746.0,777.0,779.0,818.0,839.0,847.0,855.0,856.0,879.0,924.0,926.0,946.0,953.0,960.0,975.0,990.0,
42.0,57.0,68.0,97.0,114.0,121.0,125.0,127.0,153.0,207.0,251.0,286.0,293.0,310.0,341.0,358.0,391.0,392.0,396.0,417.0,424.0,450.0,450.0,469.0,476.0,483.0,505.0,507.0,509.0,565.0,588.0,594.0,598.0,611.0,621.0,625.0,651.0,673.0,712.0,724.0,756.0,764.0,799.0,804.0,812.0,836.0,837.0,874.0,880.0,885.0,895.0,919.0,934.0,982.0,982.0,
73.0,139.0,158.0,164.0,191.0,225.0,247.0,248.0,251.0,317.0,346.0,355.0,380.0,475.0,505.0,563.0,643.0,647.0,681.0,694.0,706.0,729.0,751.0,781.0,844.0,855.0,942.0,972.0,
42.0,94.0,126.0,144.0,158.0,158.0,184.0,195.0,233.0,238.0,251.0,257.0,277.0,291.0,335.0,351.0,362.0,385.0,475.0,477.0,497.0,504.0,562.0,611.0,615.0,680.0,691.0,697.0,740.0,756.0,797.0,827.0,832.0,838.0,865.0,872.0,885.0,886.0,936.0,
47.0,56.0,57.0,101.0,107.0,122.0,194.0,206.0,226.0,235.0,336.0,371.0,409.0,412.0,428.0,447.0,514.0,526.0,556.0,566.0,571.0,586.0,589.0,598.0,662.0,671.0,685.0,723.0,750.0,754.0,755.0,779.0,790.0,830.0,844.0,845.0,851.0,852.0,956.0,964.0,969.0,974.0,
30.0,42.0,48.0,55.0,76.0,90.0,98.0,143.0,172.0,242.0,254.0,383.0,399.0,419.0,430.0,433.0,434.0,515.0,516.0,608.0,626.0,639.0,667.0,745.0,772.0,860.0,871.0,884.0,893.0,896.0,938.0,973.0,
12.0,41.0,65.0,83.0,126.0,173.0,176.0,270.0,283.0,287.0,289.0,297.0,309.0,335.0,359.0,393.0,395.0,412.0,412.0,414.0,428.0,467.0,478.0,499.0,528.0,530.0,562.0,586.0,625.0,655.0,676.0,720.0,728.0,736.0,744.0,748.0,763.0,884.0,892.0,948.0,968.0,
26.0,43.0,113.0,157.0,179.0,198.0,224.0,239.0,259.0,288.0,304.0,318.0,364.0,389.0,423.0,442.0,447.0,488.0,509.0,513.0,539.0,549.0,549.0,575.0,578.0,676.0,687.0,692.0,719.0,772.0,840.0,845.0,893.0,943.0,956.0,968.0,989.0,
5.0,17.0,65.0,102.0,119.0,123.0,128.0,177.0,278.0,286.0,296.0,307.0,331.0,344.0,412.0,428.0,435.0,490.0,491.0,526.0,527.0,538.0,561.0,659.0,760.0,762.0,768.0,783.0,828.0,833.0,841.0,848.0,850.0,888.0,
2.0,18.0,42.0,44.0,96.0,108.0,157.0,184.0,185.0,244.0,332.0,377.0,402.0,402.0,407.0,437.0,463.0,466.0,469.0,475.0,547.0,595.0,605.0,637.0,656.0,656.0,682.0,728.0,738.0,817.0,849.0,853.0,880.0,899.0,927.0,929.0,940.0,948.0,975.0,980.0,990.0,991.0,
57.0,80.0,95.0,107.0,126.0,199.0,203.0,227.0,243.0,246.0,264.0,318.0,319.0,352.0,353.0,415.0,420.0,460.0,554.0,580.0,611.0,634.0,641.0,642.0,674.0,683.0,687.0,690.0,744.0,765.0,774.0,779.0,847.0,850.0,881.0,932.0,947.0,
32.0,51.0,58.0,185.0,235.0,260.0,278.0,288.0,313.0,355.0,362.0,402.0,423.0,423.0,484.0,537.0,544.0,567.0,575.0,636.0,688.0,735.0,753.0,778.0,812.0,814.0,871.0,874.0,880.0,904.0,917.0,975.0,990.0,
4.0,202.0,251.0,388.0,416.0,432.0,455.0,457.0,476.0,513.0,553.0,571.0,650.0,661.0,708.0,732.0,790.0,819.0,825.0,836.0,892.0,906.0,942.0,960.0,993.0,
13.0,20.0,99.0,140.0,143.0,146.0,149.0,149.0,154.0,160.0,221.0,268.0,277.0,282.0,314.0,336.0,365.0,374.0,399.0,421.0,422.0,464.0,519.0,526.0,551.0,592.0,613.0,688.0,693.0,694.0,699.0,700.0,719.0,725.0,735.0,805.0,810.0,818.0,854.0,880.0,922.0,937.0,978.0,991.0,
31.0,35.0,52.0,83.0,96.0,117.0,119.0,164.0,176.0,196.0,197.0,231.0,238.0,269.0,279.0,369.0,380.0,413.0,420.0,430.0,461.0,534.0,571.0,574.0,609.0,612.0,631.0,643.0,662.0,712.0,745.0,773.0,781.0,797.0,799.0,826.0,828.0,837.0,863.0,879.0,882.0,939.0,956.0,960.0,968.0,978.0,
14.0,23.0,127.0,143.0,145.0,166.0,174.0,225.0,255.0,271.0,313.0,338.0,372.0,420.0,463.0,483.0,501.0,512.0,513.0,528.0,600.0,667.0,687.0,688.0,696.0,703.0,713.0,773.0,777.0,816.0,839.0,854.0,888.0,897.0,941.0,
51.0,123.0,124.0,152.0,175.0,200.0,220.0,229.0,257.0,275.0,285.0,310.0,338.0,349.0,353.0,362.0,401.0,450.0,514.0,590.0,595.0,685.0,700.0,722.0,735.0,769.0,776.0,785.0,789.0,811.0,938.0,969.0,997.0,
85.0,110.0,183.0,215.0,238.0,316.0,404.0,437.0,454.0,503.0,579.0,605.0,615.0,618.0,673.0,679.0,697.0,718.0,731.0,765.0,766.0,773.0,833.0,908.0,926.0,972.0,
2.0,3.0,4.0,75.0,132.0,175.0,178.0,179.0,203.0,236.0,247.0,254.0,282.0,297.0,305.0,311.0,343.0,350.0,361.0,450.0,471.0,476.0,480.0,543.0,561.0,570.0,587.0,600.0,647.0,651.0,702.0,707.0,718.0,722.0,790.0,814.0,832.0,853.0,877.0,878.0,879.0,898.0,912.0,927.0,941.0,977.0,997.0,997.0,
9.0,14.0,14.0,15.0,18.0,23.0,92.0,101.0,133.0,134.0,177.0,192.0,194.0,211.0,250.0,275.0,285.0,294.0,317.0,333.0,373.0,405.0,433.0,464.0,467.0,497.0,502.0,517.0,525.0,573.0,650.0,657.0,658.0,661.0,681.0,682.0,689.0,701.0,712.0,713.0,778.0,804.0,808.0,878.0,915.0,932.0,962.0,963.0,
10.0,42.0,42.0,55.0,79.0,166.0,182.0,202.0,204.0,248.0,320.0,364.0,446.0,468.0,477.0,488.0,515.0,566.0,608.0,623.0,631.0,686.0,712.0,750.0,810.0,867.0,882.0,
17.0,54.0,107.0,209.0,231.0,287.0,347.0,399.0,537.0,564.0,638.0,697.0,713.0,717.0,744.0,794.0,829.0,888.0,931.0,960.0,964.0,964.0,968.0,983.0,983.0,
7.0,14.0,16.0,58.0,87.0,116.0,177.0,229.0,266.0,270.0,294.0,316.0,327.0,367.0,389.0,433.0,440.0,447.0,462.0,470.0,471.0,534.0,543.0,637.0,646.0,654.0,696.0,717.0,730.0,732.0,736.0,743.0,751.0,760.0,760.0,794.0,803.0,822.0,830.0,856.0,861.0,907.0,932.0,933.0,986.0,995.0,
10.0,47.0,100.0,101.0,126.0,161.0,169.0,206.0,224.0,288.0,310.0,323.0,335.0,377.0,469.0,509.0,516.0,517.0,576.0,599.0,608.0,624.0,624.0,638.0,638.0,651.0,658.0,667.0,672.0,707.0,712.0,738.0,740.0,797.0,904.0,936.0,938.0,993.0,1000.0,
12.0,23.0,57.0,113.0,117.0,136.0,143.0,144.0,199.0,295.0,308.0,363.0,387.0,438.0,489.0,544.0,549.0,576.0,588.0,591.0,599.0,637.0,638.0,676.0,702.0,711.0,731.0,747.0,752.0,796.0,808.0,811.0,820.0,842.0,859.0,865.0,868.0,880.0,892.0,893.0,986.0,
10.0,25.0,70.0,117.0,128.0,192.0,204.0,208.0,213.0,242.0,267.0,304.0,324.0,329.0,372.0,380.0,402.0,469.0,488.0,526.0,560.0,566.0,568.0,572.0,573.0,636.0,679.0,712.0,772.0,795.0,797.0,803.0,804.0,821.0,863.0,865.0,875.0,899.0,945.0,953.0,
6.0,16.0,31.0,40.0,73.0,94.0,115.0,156.0,177.0,216.0,233.0,277.0,295.0,328.0,434.0,439.0,452.0,512.0,540.0,564.0,577.0,610.0,613.0,621.0,629.0,654.0,658.0,692.0,692.0,725.0,730.0,759.0,781.0,809.0,810.0,823.0,846.0,860.0,870.0,912.0,919.0,924.0,939.0,974.0,988.0,
6.0,32.0,34.0,46.0,93.0,105.0,211.0,214.0,248.0,252.0,275.0,290.0,292.0,317.0,328.0,376.0,417.0,432.0,453.0,596.0,630.0,671.0,730.0,763.0,777.0,779.0,784.0,820.0,822.0,857.0,886.0,901.0,932.0,945.0,998.0,
6.0,73.0,116.0,130.0,134.0,138.0,152.0,158.0,187.0,208.0,212.0,237.0,264.0,291.0,292.0,356.0,361.0,381.0,388.0,392.0,408.0,410.0,412.0,427.0,431.0,444.0,447.0,451.0,547.0,624.0,628.0,695.0,727.0,727.0,750.0,847.0,876.0,910.0,933.0,
12.0,22.0,52.0,136.0,153.0,165.0,171.0,191.0,242.0,245.0,256.0,281.0,302.0,305.0,325.0,360.0,379.0,441.0,454.0,461.0,473.0,478.0,522.0,548.0,572.0,579.0,584.0,588.0,623.0,662.0,700.0,704.0,748.0,796.0,808.0,809.0,814.0,830.0,835.0,841.0,856.0,903.0,940.0,955.0,962.0,975.0,976.0,983.0,
15.0,18.0,18.0,33.0,39.0,47.0,53.0,68.0,100.0,103.0,129.0,193.0,262.0,303.0,318.0,339.0,436.0,449.0,453.0,487.0,487.0,517.0,536.0,602.0,610.0,672.0,730.0,734.0,779.0,786.0,827.0,841.0,906.0,942.0,
29.0,103.0,115.0,200.0,258.0,327.0,335.0,357.0,357.0,395.0,463.0,500.0,528.0,544.0,572.0,580.0,617.0,638.0,645.0,654.0,675.0,727.0,767.0,774.0,802.0,806.0,815.0,826.0,833.0,856.0,903.0,908.0,966.0,971.0,984.0,
23.0,54.0,125.0,170.0,193.0,200.0,217.0,240.0,240.0,274.0,292.0,297.0,316.0,340.0,387.0,393.0,431.0,480.0,502.0,547.0,548.0,571.0,572.0,600.0,605.0,611.0,625.0,630.0,642.0,691.0,735.0,744.0,753.0,770.0,782.0,793.0,805.0,806.0,814.0,841.0,849.0,852.0,854.0,856.0,864.0,887.0,890.0,893.0,938.0,953.0,958.0,980.0,984.0,995.0,
21.0,45.0,47.0,50.0,79.0,86.0,98.0,158.0,165.0,193.0,217.0,274.0,275.0,319.0,368.0,371.0,408.0,414.0,414.0,443.0,449.0,475.0,498.0,822.0,905.0,984.0,
6.0,75.0,85.0,104.0,210.0,227.0,229.0,250.0,273.0,332.0,352.0,355.0,398.0,415.0,428.0,486.0,493.0,
71.0,136.0,140.0,175.0,178.0,240.0,265.0,305.0,331.0,346.0,453.0,474.0,485.0,506.0,508.0,744.0,944.0,979.0,
91.0,148.0,175.0,210.0,224.0,231.0,288.0,301.0,319.0,339.0,400.0,464.0,491.0,494.0,498.0,498.0,508.0,511.0,557.0,557.0,567.0,602.0,634.0,635.0,640.0,642.0,677.0,688.0,698.0,724.0,727.0,732.0,742.0,760.0,775.0,788.0,818.0,819.0,822.0,822.0,850.0,860.0,864.0,866.0,878.0,881.0,896.0,897.0,911.0,916.0,918.0,958.0,961.0,962.0,989.0,993.0,
55.0,64.0,69.0,77.0,88.0,94.0,96.0,117.0,161.0,162.0,202.0,207.0,228.0,231.0,259.0,328.0,338.0,343.0,351.0,357.0,383.0,441.0,450.0,549.0,580.0,589.0,592.0,633.0,648.0,685.0,696.0,747.0,784.0,788.0,798.0,811.0,839.0,843.0,849.0,860.0,867.0,906.0,915.0,919.0,959.0,992.0,
24.0,54.0,121.0,146.0,233.0,245.0,288.0,309.0,343.0,347.0,350.0,368.0,379.0,404.0,405.0,420.0,438.0,442.0,457.0,472.0,472.0,478.0,485.0,518.0,566.0,572.0,585.0,595.0,635.0,648.0,671.0,677.0,684.0,713.0,746.0,778.0,789.0,797.0,839.0,851.0,875.0,884.0,
53.0,96.0,161.0,185.0,188.0,213.0,215.0,281.0,315.0,321.0,362.0,369.0,378.0,520.0,527.0,551.0,563.0,564.0,584.0,593.0,598.0,606.0,607.0,616.0,617.0,618.0,680.0,684.0,687.0,704.0,721.0,733.0,783.0,812.0,879.0,887.0,910.0,916.0,935.0,964.0,976.0,989.0,
77.0,78.0,112.0,136.0,149.0,176.0,177.0,199.0,212.0,213.0,215.0,259.0,280.0,292.0,300.0,337.0,393.0,396.0,400.0,434.0,566.0,582.0,584.0,627.0,638.0,639.0,652.0,674.0,702.0,729.0,744.0,765.0,771.0,788.0,790.0,816.0,861.0,868.0,874.0,904.0,952.0,
23.0,71.0,95.0,96.0,98.0,106.0,142.0,210.0,210.0,254.0,259.0,281.0,311.0,328.0,537.0,662.0,709.0,716.0,724.0,741.0,785.0,794.0,800.0,823.0,848.0,878.0,881.0,886.0,923.0,924.0,927.0,939.0,951.0,987.0,
34.0,130.0,131.0,136.0,150.0,296.0,301.0,315.0,319.0,322.0,335.0,345.0,378.0,384.0,406.0,422.0,427.0,457.0,499.0,501.0,692.0,781.0,811.0,997.0,
44.0,59.0,90.0,197.0,282.0,285.0,287.0,294.0,295.0,295.0,317.0,327.0,361.0,383.0,479.0,486.0,492.0,
12.0,14.0,32.0,37.0,44.0,80.0,163.0,189.0,207.0,214.0,227.0,248.0,263.0,342.0,385.0,423.0,508.0,
90.0,95.0,106.0,108.0,121.0,126.0,192.0,222.0,222.0,308.0,337.0,350.0,351.0,371.0,378.0,418.0,443.0,446.0,469.0,
10.0,14.0,15.0,49.0,59.0,116.0,119.0,125.0,126.0,197.0,284.0,302.0,351.0,429.0,438.0,496.0,691.0,770.0,785.0,863.0,899.0,937.0,961.0,997.0,
43.0,43.0,72.0,91.0,120.0,145.0,156.0,183.0,209.0,227.0,255.0,305.0,327.0,357.0,359.0,411.0,417.0,524.0,536.0,559.0,635.0,663.0,672.0,683.0,697.0,698.0,708.0,769.0,789.0,805.0,826.0,827.0,838.0,839.0,847.0,857.0,890.0,918.0,924.0,928.0,928.0,930.0,962.0,964.0,
20.0,65.0,91.0,91.0,94.0,103.0,168.0,179.0,200.0,207.0,289.0,329.0,376.0,412.0,418.0,441.0,441.0,449.0,489.0,499.0,505.0,546.0,587.0,591.0,646.0,647.0,659.0,663.0,682.0,686.0,686.0,689.0,697.0,712.0,736.0,848.0,891.0,897.0,924.0,952.0,
10.0,75.0,101.0,120.0,205.0,247.0,303.0,314.0,322.0,325.0,327.0,328.0,371.0,391.0,400.0,433.0,476.0,478.0,487.0,510.0,519.0,519.0,536.0,550.0,618.0,620.0,642.0,649.0,679.0,686.0,718.0,730.0,780.0,806.0,808.0,810.0,839.0,851.0,895.0,942.0,
49.0,55.0,90.0,129.0,132.0,139.0,222.0,251.0,274.0,283.0,295.0,295.0,298.0,299.0,365.0,367.0,381.0,424.0,433.0,442.0,543.0,550.0,558.0,619.0,687.0,688.0,725.0,802.0,812.0,865.0,904.0,933.0,956.0,998.0,
22.0,50.0,90.0,107.0,237.0,341.0,396.0,416.0,421.0,457.0,506.0,508.0,536.0,558.0,563.0,618.0,638.0,656.0,663.0,702.0,717.0,752.0,769.0,783.0,818.0,832.0,841.0,850.0,856.0,875.0,899.0,906.0,907.0,910.0,935.0,956.0,970.0,982.0,986.0,996.0,1000.0,
59.0,80.0,84.0,167.0,198.0,218.0,231.0,236.0,367.0,373.0,381.0,446.0,482.0,885.0,906.0,
17.0,21.0,25.0,64.0,90.0,122.0,253.0,287.0,321.0,321.0,342.0,352.0,393.0,407.0,428.0,491.0,
68.0,80.0,91.0,104.0,139.0,159.0,241.0,244.0,272.0,299.0,307.0,339.0,401.0,402.0,404.0,414.0,912.0,928.0,
62.0,70.0,72.0,109.0,115.0,119.0,139.0,147.0,189.0,253.0,314.0,342.0,382.0,405.0,443.0,488.0,506.0,
47.0,49.0,55.0,79.0,122.0,151.0,194.0,210.0,237.0,253.0,278.0,307.0,311.0,322.0,335.0,369.0,388.0,420.0,434.0,503.0,
19.0,49.0,50.0,54.0,80.0,90.0,112.0,120.0,133.0,142.0,144.0,161.0,170.0,205.0,207.0,215.0,222.0,306.0,347.0,370.0,461.0,471.0,487.0,593.0,597.0,597.0,610.0,621.0,668.0,708.0,722.0,770.0,771.0,771.0,773.0,782.0,815.0,819.0,849.0,874.0,887.0,893.0,908.0,916.0,921.0,945.0,986.0,
9.0,28.0,46.0,51.0,96.0,100.0,127.0,205.0,219.0,247.0,280.0,285.0,309.0,324.0,351.0,464.0,470.0,470.0,471.0,477.0,491.0,513.0,539.0,540.0,550.0,570.0,574.0,596.0,683.0,689.0,689.0,703.0,734.0,780.0,782.0,792.0,816.0,849.0,900.0,947.0,957.0,989.0,
4.0,79.0,93.0,109.0,150.0,187.0,187.0,207.0,266.0,282.0,306.0,364.0,365.0,375.0,399.0,425.0,449.0,471.0,490.0,524.0,557.0,597.0,603.0,612.0,629.0,654.0,661.0,684.0,710.0,717.0,749.0,767.0,801.0,802.0,818.0,882.0,887.0,894.0,910.0,937.0,960.0,962.0,964.0,
23.0,62.0,65.0,110.0,122.0,126.0,151.0,208.0,210.0,218.0,236.0,292.0,296.0,331.0,375.0,380.0,403.0,406.0,423.0,460.0,478.0,491.0,503.0,579.0,629.0,647.0,650.0,670.0,689.0,700.0,716.0,752.0,763.0,763.0,800.0,804.0,805.0,813.0,850.0,858.0,873.0,917.0,950.0,996.0,
70.0,73.0,84.0,98.0,102.0,174.0,212.0,213.0,221.0,246.0,247.0,265.0,276.0,277.0,290.0,306.0,313.0,328.0,337.0,397.0,404.0,413.0,445.0,462.0,482.0,521.0,606.0,621.0,640.0,650.0,669.0,681.0,704.0,707.0,730.0,745.0,765.0,772.0,783.0,785.0,786.0,892.0,921.0,933.0,944.0,977.0,996.0,998.0,
31.0,36.0,37.0,39.0,53.0,69.0,95.0,112.0,114.0,134.0,144.0,164.0,262.0,280.0,328.0,333.0,336.0,342.0,397.0,434.0,448.0,466.0,474.0,495.0,499.0,730.0,788.0,868.0,959.0,
8.0,58.0,79.0,135.0,211.0,221.0,250.0,269.0,279.0,307.0,313.0,323.0,355.0,363.0,364.0,377.0,402.0,423.0,442.0,473.0,482.0,501.0,
5.0,18.0,19.0,44.0,105.0,136.0,137.0,137.0,141.0,142.0,171.0,224.0,234.0,248.0,283.0,296.0,304.0,306.0,328.0,340.0,411.0,421.0,469.0,471.0,476.0,481.0,484.0,497.0,933.0,
43.0,80.0,90.0,94.0,126.0,165.0,165.0,190.0,261.0,281.0,285.0,353.0,371.0,402.0,472.0,495.0,498.0,503.0,
19.0,19.0,54.0,69.0,88.0,97.0,117.0,136.0,154.0,156.0,166.0,186.0,245.0,268.0,285.0,286.0,302.0,340.0,341.0,344.0,399.0,751.0,778.0,969.0,
13.0,16.0,19.0,59.0,110.0,112.0,152.0,163.0,175.0,185.0,205.0,228.0,249.0,268.0,344.0,346.0,358.0,408.0,421.0,470.0,492.0,508.0,533.0,546.0,630.0,631.0,644.0,647.0,663.0,687.0,706.0,713.0,724.0,732.0,737.0,751.0,754.0,788.0,800.0,820.0,845.0,846.0,870.0,872.0,901.0,904.0,906.0,928.0,992.0,
2.0,12.0,15.0,44.0,97.0,103.0,132.0,140.0,167.0,206.0,239.0,239.0,262.0,268.0,332.0,337.0,383.0,384.0,451.0,453.0,464.0,469.0,472.0,481.0,487.0,518.0,532.0,580.0,591.0,605.0,619.0,646.0,650.0,668.0,687.0,688.0,696.0,731.0,736.0,751.0,758.0,863.0,864.0,929.0,931.0,973.0,
11.0,16.0,30.0,31.0,36.0,51.0,57.0,138.0,188.0,197.0,210.0,229.0,290.0,299.0,311.0,341.0,436.0,441.0,451.0,495.0,595.0,602.0,661.0,670.0,670.0,682.0,751.0,821.0,827.0,852.0,898.0,967.0,986.0,988.0,
8.0,80.0,83.0,93.0,136.0,166.0,192.0,204.0,215.0,335.0,346.0,503.0,560.0,565.0,574.0,612.0,625.0,684.0,699.0,742.0,776.0,792.0,794.0,863.0,864.0,866.0,871.0,896.0,933.0,993.0,997.0,999.0,
14.0,24.0,25.0,38.0,89.0,92.0,101.0,122.0,124.0,166.0,241.0,243.0,256.0,263.0,307.0,334.0,415.0,428.0,460.0,488.0,490.0,564.0,568.0,619.0,622.0,643.0,655.0,726.0,758.0,762.0,775.0,834.0,871.0,876.0,900.0,915.0,922.0,936.0,942.0,958.0,1000.0,
2.0,16.0,57.0,87.0,106.0,117.0,141.0,149.0,169.0,217.0,220.0,280.0,295.0,296.0,443.0,469.0,472.0,478.0,510.0,606.0,608.0,635.0,650.0,657.0,663.0,706.0,709.0,738.0,748.0,786.0,864.0,870.0,932.0,933.0,951.0,958.0,998.0,
25.0,28.0,65.0,67.0,97.0,103.0,106.0,108.0,166.0,212.0,301.0,319.0,333.0,361.0,390.0,393.0,410.0,420.0,454.0,462.0,462.0,868.0,991.0,
11.0,59.0,123.0,145.0,210.0,215.0,218.0,232.0,234.0,259.0,270.0,286.0,342.0,362.0,390.0,390.0,402.0,408.0,422.0,430.0,450.0,464.0,487.0,999.0,
5.0,14.0,14.0,64.0,69.0,202.0,251.0,261.0,273.0,285.0,294.0,332.0,339.0,391.0,412.0,428.0,484.0,677.0,846.0,866.0,891.0,964.0,986.0,
102.0,123.0,175.0,187.0,214.0,240.0,290.0,299.0,303.0,338.0,411.0,428.0,441.0,486.0,513.0,545.0,552.0,561.0,615.0,615.0,638.0,644.0,649.0,656.0,666.0,687.0,716.0,721.0,731.0,738.0,754.0,763.0,777.0,786.0,788.0,789.0,815.0,832.0,863.0,874.0,901.0,931.0,948.0,952.0,952.0,966.0,994.0,
30.0,32.0,44.0,45.0,49.0,54.0,79.0,88.0,187.0,195.0,262.0,262.0,268.0,315.0,399.0,401.0,437.0,455.0,495.0,498.0,501.0,501.0,515.0,581.0,824.0,848.0,875.0,882.0,886.0,910.0,912.0,917.0,923.0,925.0,932.0,946.0,967.0,986.0,
22.0,42.0,123.0,136.0,189.0,216.0,233.0,254.0,276.0,280.0,328.0,363.0,379.0,391.0,407.0,454.0,462.0,475.0,485.0,548.0,589.0,610.0,674.0,692.0,741.0,747.0,784.0,796.0,847.0,856.0,856.0,877.0,890.0,
65.0,90.0,124.0,132.0,164.0,228.0,251.0,274.0,315.0,325.0,372.0,398.0,400.0,417.0,432.0,436.0,441.0,458.0,461.0,517.0,567.0,568.0,573.0,575.0,577.0,694.0,709.0,734.0,771.0,796.0,830.0,839.0,878.0,910.0,934.0,955.0,967.0,
29.0,63.0,94.0,97.0,144.0,165.0,232.0,251.0,256.0,260.0,323.0,421.0,439.0,440.0,441.0,442.0,445.0,454.0,455.0,467.0,478.0,522.0,548.0,583.0,584.0,637.0,647.0,649.0,735.0,765.0,806.0,826.0,883.0,953.0,957.0,984.0,994.0,
78.0,102.0,133.0,157.0,197.0,223.0,351.0,369.0,436.0,448.0,454.0,461.0,502.0,523.0,648.0,676.0,678.0,726.0,734.0,814.0,894.0,902.0,926.0,973.0,990.0,
74.0,124.0,134.0,135.0,173.0,174.0,185.0,255.0,328.0,354.0,365.0,417.0,438.0,583.0,592.0,628.0,647.0,677.0,722.0,745.0,759.0,778.0,786.0,787.0,806.0,809.0,832.0,838.0,856.0,862.0,867.0,873.0,873.0,937.0,940.0,
76.0,87.0,126.0,128.0,176.0,183.0,202.0,212.0,260.0,278.0,304.0,339.0,353.0,390.0,394.0,412.0,430.0,438.0,458.0,463.0,508.0,536.0,555.0,560.0,564.0,568.0,590.0,598.0,654.0,661.0,727.0,735.0,740.0,759.0,774.0,785.0,793.0,823.0,826.0,837.0,845.0,850.0,853.0,868.0,882.0,911.0,934.0,935.0,951.0,976.0,999.0,
3.0,28.0,49.0,134.0,137.0,141.0,171.0,173.0,197.0,209.0,225.0,236.0,290.0,315.0,318.0,330.0,430.0,435.0,447.0,462.0,473.0,474.0,492.0,507.0,566.0,636.0,638.0,659.0,669.0,716.0,736.0,747.0,756.0,853.0,861.0,870.0,875.0,876.0,908.0,916.0,916.0,945.0,964.0,
20.0,46.0,115.0,119.0,119.0,137.0,140.0,142.0,165.0,209.0,262.0,315.0,343.0,365.0,380.0,390.0,414.0,434.0,435.0,458.0,532.0,548.0,558.0,570.0,596.0,596.0,604.0,695.0,741.0,759.0,760.0,788.0,802.0,852.0,879.0,909.0,927.0,969.0,
50.0,64.0,67.0,89.0,105.0,127.0,130.0,155.0,183.0,222.0,232.0,270.0,281.0,282.0,286.0,304.0,309.0,334.0,347.0,365.0,374.0,377.0,397.0,409.0,498.0,574.0,621.0,632.0,632.0,643.0,649.0,681.0,707.0,742.0,785.0,843.0,846.0,942.0,972.0,980.0,986.0,
6.0,88.0,117.0,140.0,151.0,161.0,223.0,259.0,416.0,455.0,483.0,518.0,519.0,548.0,549.0,578.0,596.0,603.0,675.0,731.0,737.0,749.0,772.0,782.0,806.0,855.0,857.0,859.0,867.0,886.0,928.0,
100.0,123.0,130.0,143.0,220.0,244.0,309.0,395.0,410.0,448.0,459.0,555.0,617.0,629.0,667.0,683.0,685.0,720.0,724.0,780.0,787.0,791.0,822.0,860.0,934.0,950.0,985.0,
53.0,85.0,110.0,180.0,205.0,238.0,264.0,272.0,294.0,301.0,342.0,352.0,362.0,402.0,405.0,442.0,444.0,460.0,474.0,503.0,554.0,679.0,728.0,737.0,743.0,748.0,760.0,770.0,774.0,774.0,803.0,812.0,832.0,841.0,944.0,
23.0,99.0,155.0,163.0,178.0,182.0,182.0,231.0,238.0,242.0,268.0,312.0,312.0,314.0,326.0,508.0,560.0,606.0,608.0,670.0,717.0,726.0,742.0,768.0,774.0,855.0,867.0,931.0,933.0,951.0,971.0,
14.0,57.0,74.0,76.0,76.0,84.0,121.0,134.0,306.0,306.0,307.0,344.0,365.0,558.0,602.0,667.0,676.0,689.0,720.0,737.0,769.0,771.0,773.0,776.0,778.0,788.0,791.0,797.0,866.0,915.0,952.0,
39.0,47.0,86.0,143.0,167.0,191.0,213.0,213.0,267.0,281.0,289.0,293.0,296.0,329.0,412.0,442.0,447.0,460.0,532.0,537.0,549.0,556.0,639.0,645.0,649.0,674.0,757.0,764.0,798.0,835.0,867.0,882.0,912.0,939.0,956.0,961.0,964.0,975.0,
15.0,40.0,55.0,69.0,81.0,84.0,153.0,154.0,169.0,176.0,209.0,261.0,275.0,312.0,336.0,368.0,381.0,384.0,393.0,398.0,419.0,459.0,527.0,539.0,603.0,628.0,689.0,712.0,775.0,789.0,799.0,822.0,833.0,946.0,968.0,976.0,983.0,988.0,991.0,
9.0,19.0,51.0,70.0,83.0,85.0,103.0,155.0,167.0,213.0,218.0,224.0,287.0,298.0,299.0,306.0,365.0,370.0,371.0,426.0,458.0,480.0,516.0,516.0,550.0,558.0,584.0,613.0,676.0,735.0,738.0,768.0,789.0,821.0,824.0,878.0,906.0,910.0,925.0,925.0,974.0,
25.0,53.0,68.0,80.0,88.0,143.0,155.0,185.0,191.0,209.0,213.0,281.0,338.0,359.0,370.0,372.0,379.0,438.0,479.0,507.0,574.0,617.0,645.0,659.0,666.0,704.0,709.0,722.0,734.0,752.0,753.0,779.0,789.0,826.0,835.0,940.0,976.0,
10.0,20.0,24.0,102.0,126.0,206.0,258.0,267.0,318.0,347.0,391.0,454.0,456.0,475.0,511.0,512.0,517.0,522.0,529.0,559.0,570.0,578.0,589.0,589.0,591.0,613.0,632.0,636.0,704.0,732.0,752.0,772.0,779.0,796.0,813.0,875.0,880.0,901.0,909.0,926.0,968.0,992.0,
116.0,157.0,178.0,190.0,279.0,295.0,311.0,312.0,367.0,390.0,393.0,439.0,447.0,452.0,474.0,485.0,547.0,563.0,570.0,619.0,646.0,657.0,716.0,737.0,742.0,754.0,831.0,955.0,956.0,979.0,999.0,
6.0,83.0,90.0,93.0,100.0,167.0,208.0,239.0,273.0,297.0,330.0,436.0,442.0,470.0,493.0,585.0,606.0,667.0,672.0,697.0,747.0,755.0,807.0,915.0,936.0,986.0,
