23.0,56.0,66.0,77.0,84.0,122.0,162.0,180.0,262.0,282.0,307.0,329.0,348.0,374.0,380.0,381.0,485.0,524.0,525.0,536.0,583.0,592.0,594.0,662.0,702.0,727.0,761.0,776.0,809.0,909.0,934.0,
11.0,31.0,64.0,78.0,110.0,119.0,157.0,182.0,246.0,253.0,261.0,281.0,325.0,337.0,352.0,429.0,434.0,465.0,466.0,469.0,530.0,550.0,557.0,596.0,602.0,612.0,637.0,639.0,639.0,744.0,779.0,781.0,828.0,873.0,897.0,914.0,946.0,
23.0,34.0,92.0,130.0,141.0,172.0,173.0,219.0,253.0,274.0,296.0,299.0,376.0,394.0,425.0,448.0,474.0,484.0,557.0,566.0,568.0,580.0,613.0,702.0,707.0,746.0,756.0,924.0,930.0,943.0,952.0,959.0,961.0,966.0,983.0,
14.0,30.0,46.0,57.0,81.0,112.0,144.0,144.0,151.0,158.0,162.0,179.0,188.0,245.0,284.0,284.0,293.0,294.0,315.0,320.0,347.0,364.0,412.0,439.0,463.0,533.0,555.0,615.0,631.0,649.0,674.0,684.0,720.0,785.0,791.0,792.0,807.0,838.0,859.0,870.0,940.0,951.0,978.0,
28.0,59.0,65.0,69.0,122.0,146.0,214.0,277.0,355.0,365.0,367.0,439.0,467.0,561.0,584.0,592.0,630.0,744.0,746.0,747.0,818.0,876.0,900.0,907.0,947.0,958.0,
31.0,62.0,64.0,75.0,76.0,102.0,127.0,158.0,158.0,160.0,169.0,243.0,245.0,259.0,269.0,272.0,281.0,299.0,315.0,367.0,377.0,388.0,396.0,447.0,458.0,499.0,523.0,555.0,582.0,599.0,605.0,610.0,640.0,658.0,659.0,691.0,719.0,737.0,743.0,746.0,783.0,845.0,885.0,886.0,913.0,933.0,944.0,946.0,949.0,965.0,979.0,
8.0,17.0,80.0,113.0,158.0,191.0,194.0,227.0,252.0,302.0,333.0,346.0,366.0,373.0,422.0,450.0,479.0,480.0,558.0,560.0,589.0,614.0,688.0,706.0,715.0,740.0,748.0,753.0,775.0,781.0,785.0,824.0,844.0,865.0,870.0,900.0,934.0,942.0,970.0,984.0,
14.0,35.0,99.0,110.0,111.0,112.0,139.0,176.0,190.0,226.0,227.0,235.0,244.0,283.0,285.0,287.0,303.0,327.0,344.0,432.0,469.0,469.0,510.0,515.0,540.0,544.0,562.0,566.0,601.0,649.0,681.0,704.0,736.0,786.0,791.0,808.0,903.0,942.0,979.0,990.0,996.0,
53.0,65.0,72.0,86.0,152.0,152.0,162.0,173.0,195.0,219.0,332.0,338.0,345.0,361.0,364.0,370.0,407.0,420.0,421.0,424.0,425.0,437.0,438.0,462.0,485.0,490.0,538.0,566.0,572.0,621.0,628.0,642.0,726.0,731.0,740.0,758.0,817.0,865.0,874.0,923.0,933.0,997.0,
25.0,53.0,92.0,99.0,109.0,121.0,131.0,140.0,146.0,178.0,272.0,299.0,313.0,319.0,325.0,355.0,417.0,443.0,484.0,493.0,501.0,564.0,577.0,602.0,627.0,683.0,685.0,710.0,716.0,734.0,803.0,813.0,823.0,856.0,899.0,935.0,951.0,959.0,970.0,975.0,
19.0,53.0,93.0,111.0,182.0,191.0,201.0,216.0,264.0,281.0,294.0,296.0,348.0,354.0,371.0,427.0,428.0,443.0,514.0,573.0,587.0,674.0,747.0,868.0,880.0,939.0,954.0,969.0,995.0,
73.0,92.0,100.0,109.0,123.0,136.0,141.0,158.0,177.0,202.0,231.0,241.0,278.0,284.0,299.0,328.0,342.0,406.0,426.0,455.0,461.0,467.0,503.0,511.0,574.0,612.0,615.0,626.0,665.0,697.0,708.0,743.0,757.0,758.0,783.0,900.0,916.0,928.0,933.0,977.0,
32.0,46.0,51.0,89.0,115.0,148.0,181.0,222.0,242.0,244.0,260.0,285.0,308.0,326.0,329.0,365.0,374.0,387.0,408.0,445.0,468.0,506.0,555.0,596.0,654.0,670.0,681.0,722.0,740.0,771.0,782.0,805.0,808.0,834.0,868.0,957.0,959.0,959.0,
58.0,61.0,114.0,119.0,192.0,200.0,203.0,210.0,255.0,271.0,288.0,292.0,301.0,339.0,354.0,359.0,413.0,449.0,457.0,498.0,582.0,620.0,651.0,651.0,674.0,680.0,731.0,731.0,762.0,770.0,794.0,800.0,803.0,834.0,888.0,921.0,939.0,954.0,
8.0,17.0,31.0,56.0,133.0,147.0,167.0,204.0,225.0,281.0,289.0,316.0,332.0,337.0,337.0,386.0,402.0,402.0,404.0,429.0,440.0,502.0,515.0,519.0,590.0,609.0,610.0,640.0,648.0,657.0,658.0,743.0,780.0,782.0,806.0,807.0,832.0,865.0,872.0,908.0,922.0,924.0,953.0,972.0,
43.0,54.0,92.0,97.0,98.0,142.0,152.0,298.0,334.0,336.0,376.0,385.0,389.0,394.0,401.0,410.0,440.0,454.0,475.0,510.0,510.0,512.0,524.0,548.0,553.0,560.0,575.0,637.0,756.0,776.0,796.0,807.0,836.0,841.0,866.0,867.0,
14.0,29.0,37.0,70.0,70.0,83.0,104.0,105.0,117.0,161.0,178.0,192.0,210.0,212.0,318.0,345.0,397.0,446.0,570.0,634.0,703.0,726.0,768.0,770.0,774.0,836.0,846.0,879.0,891.0,923.0,938.0,992.0,
20.0,56.0,82.0,98.0,131.0,131.0,151.0,178.0,185.0,218.0,236.0,326.0,372.0,373.0,378.0,393.0,418.0,431.0,490.0,552.0,560.0,566.0,571.0,573.0,587.0,652.0,710.0,732.0,768.0,786.0,801.0,831.0,834.0,862.0,873.0,883.0,888.0,906.0,914.0,918.0,934.0,978.0,
18.0,68.0,84.0,114.0,135.0,163.0,212.0,237.0,245.0,288.0,315.0,338.0,355.0,434.0,459.0,491.0,507.0,533.0,576.0,594.0,608.0,671.0,677.0,681.0,726.0,728.0,733.0,748.0,766.0,768.0,776.0,788.0,859.0,868.0,907.0,933.0,957.0,974.0,996.0,
41.0,55.0,72.0,73.0,88.0,98.0,119.0,133.0,137.0,163.0,177.0,210.0,238.0,240.0,241.0,242.0,280.0,321.0,365.0,452.0,459.0,493.0,515.0,521.0,535.0,541.0,666.0,672.0,677.0,682.0,705.0,767.0,784.0,805.0,875.0,917.0,927.0,936.0,987.0,988.0,990.0,
51.0,86.0,140.0,152.0,170.0,224.0,286.0,290.0,369.0,380.0,385.0,408.0,434.0,452.0,459.0,477.0,496.0,504.0,530.0,530.0,574.0,575.0,627.0,639.0,648.0,693.0,698.0,716.0,740.0,755.0,760.0,801.0,805.0,837.0,842.0,849.0,856.0,870.0,870.0,892.0,996.0,
34.0,53.0,63.0,66.0,107.0,173.0,210.0,235.0,257.0,272.0,341.0,439.0,495.0,515.0,564.0,570.0,581.0,599.0,616.0,651.0,664.0,679.0,845.0,850.0,872.0,897.0,911.0,921.0,929.0,974.0,
23.0,136.0,147.0,190.0,195.0,205.0,208.0,208.0,239.0,350.0,386.0,402.0,430.0,440.0,443.0,480.0,525.0,535.0,537.0,543.0,558.0,585.0,626.0,707.0,763.0,767.0,785.0,804.0,813.0,829.0,836.0,856.0,870.0,946.0,948.0,971.0,972.0,996.0,
2.0,25.0,32.0,35.0,69.0,71.0,77.0,95.0,107.0,114.0,116.0,177.0,229.0,250.0,281.0,294.0,342.0,379.0,394.0,433.0,450.0,471.0,483.0,486.0,515.0,529.0,536.0,548.0,590.0,620.0,631.0,682.0,692.0,696.0,702.0,744.0,760.0,795.0,932.0,935.0,954.0,
6.0,18.0,39.0,44.0,46.0,104.0,109.0,134.0,135.0,169.0,193.0,202.0,228.0,247.0,261.0,286.0,289.0,349.0,363.0,398.0,409.0,446.0,447.0,474.0,481.0,496.0,528.0,556.0,557.0,560.0,575.0,588.0,613.0,638.0,658.0,660.0,670.0,699.0,703.0,711.0,713.0,721.0,723.0,724.0,765.0,769.0,771.0,781.0,806.0,882.0,884.0,885.0,919.0,922.0,938.0,939.0,945.0,953.0,968.0,
39.0,41.0,46.0,60.0,69.0,86.0,123.0,125.0,136.0,160.0,198.0,215.0,234.0,235.0,259.0,274.0,436.0,443.0,463.0,535.0,552.0,553.0,578.0,604.0,614.0,638.0,656.0,668.0,673.0,691.0,694.0,706.0,718.0,743.0,770.0,781.0,811.0,825.0,844.0,861.0,869.0,904.0,922.0,995.0,
57.0,82.0,88.0,92.0,167.0,208.0,222.0,235.0,259.0,309.0,364.0,372.0,383.0,437.0,450.0,451.0,484.0,486.0,502.0,510.0,530.0,571.0,589.0,591.0,608.0,613.0,628.0,636.0,684.0,734.0,746.0,782.0,790.0,812.0,858.0,870.0,877.0,938.0,
78.0,85.0,104.0,135.0,252.0,263.0,277.0,283.0,299.0,341.0,380.0,440.0,482.0,507.0,530.0,531.0,552.0,601.0,624.0,643.0,681.0,701.0,741.0,809.0,833.0,840.0,883.0,891.0,904.0,913.0,966.0,980.0,989.0,
16.0,25.0,53.0,113.0,162.0,209.0,209.0,243.0,252.0,264.0,280.0,299.0,300.0,307.0,330.0,368.0,372.0,383.0,389.0,407.0,423.0,437.0,484.0,501.0,546.0,630.0,641.0,644.0,662.0,677.0,711.0,719.0,727.0,736.0,763.0,812.0,823.0,832.0,844.0,872.0,902.0,911.0,926.0,
17.0,21.0,36.0,43.0,53.0,59.0,85.0,125.0,161.0,166.0,182.0,201.0,211.0,235.0,361.0,365.0,398.0,421.0,455.0,458.0,463.0,505.0,516.0,543.0,642.0,655.0,753.0,797.0,798.0,812.0,816.0,877.0,933.0,988.0,
38.0,71.0,77.0,160.0,193.0,198.0,217.0,220.0,260.0,287.0,315.0,328.0,354.0,358.0,384.0,385.0,403.0,411.0,444.0,494.0,497.0,509.0,667.0,675.0,684.0,687.0,724.0,726.0,751.0,800.0,861.0,862.0,865.0,866.0,913.0,924.0,964.0,982.0,
8.0,46.0,55.0,63.0,95.0,98.0,102.0,106.0,120.0,268.0,291.0,292.0,315.0,349.0,379.0,380.0,414.0,423.0,428.0,441.0,527.0,562.0,615.0,679.0,679.0,680.0,694.0,734.0,761.0,782.0,789.0,799.0,800.0,804.0,807.0,816.0,903.0,925.0,928.0,942.0,950.0,954.0,976.0,980.0,1000.0,
2.0,20.0,20.0,62.0,67.0,152.0,167.0,218.0,234.0,256.0,267.0,312.0,322.0,395.0,397.0,405.0,455.0,502.0,517.0,525.0,534.0,606.0,617.0,625.0,639.0,643.0,661.0,728.0,733.0,934.0,958.0,965.0,
46.0,55.0,83.0,103.0,133.0,144.0,153.0,217.0,234.0,245.0,256.0,258.0,267.0,271.0,315.0,315.0,319.0,345.0,394.0,403.0,403.0,450.0,452.0,462.0,481.0,485.0,489.0,499.0,513.0,519.0,590.0,632.0,646.0,648.0,662.0,682.0,700.0,715.0,725.0,744.0,787.0,796.0,844.0,873.0,882.0,969.0,
48.0,52.0,72.0,73.0,94.0,108.0,110.0,152.0,153.0,164.0,182.0,193.0,218.0,244.0,274.0,341.0,379.0,408.0,423.0,472.0,473.0,500.0,723.0,773.0,783.0,818.0,910.0,942.0,972.0,986.0,
30.0,33.0,38.0,42.0,86.0,114.0,134.0,170.0,182.0,184.0,204.0,211.0,219.0,223.0,236.0,262.0,271.0,275.0,381.0,389.0,396.0,461.0,466.0,478.0,880.0,
5.0,7.0,76.0,124.0,131.0,190.0,207.0,262.0,266.0,364.0,417.0,444.0,456.0,477.0,497.0,500.0,502.0,809.0,826.0,832.0,906.0,974.0,
13.0,36.0,64.0,79.0,93.0,93.0,190.0,227.0,267.0,316.0,336.0,352.0,364.0,390.0,434.0,436.0,436.0,439.0,462.0,471.0,490.0,505.0,509.0,514.0,519.0,530.0,581.0,613.0,673.0,675.0,685.0,756.0,773.0,798.0,806.0,826.0,857.0,882.0,885.0,885.0,897.0,899.0,901.0,926.0,972.0,
12.0,62.0,80.0,90.0,104.0,129.0,141.0,167.0,230.0,263.0,268.0,273.0,301.0,305.0,307.0,308.0,319.0,322.0,327.0,341.0,365.0,430.0,443.0,444.0,517.0,532.0,604.0,618.0,653.0,659.0,674.0,698.0,701.0,763.0,771.0,798.0,823.0,833.0,851.0,875.0,879.0,910.0,933.0,950.0,967.0,976.0,984.0,985.0,987.0,
8.0,9.0,68.0,77.0,168.0,213.0,232.0,252.0,264.0,307.0,323.0,344.0,351.0,377.0,381.0,392.0,446.0,526.0,556.0,561.0,577.0,580.0,583.0,606.0,634.0,641.0,722.0,753.0,760.0,771.0,816.0,820.0,829.0,863.0,864.0,867.0,905.0,910.0,914.0,931.0,935.0,947.0,995.0,998.0,
93.0,124.0,141.0,150.0,205.0,235.0,242.0,274.0,359.0,361.0,397.0,422.0,426.0,427.0,443.0,479.0,536.0,541.0,571.0,572.0,577.0,585.0,587.0,595.0,599.0,608.0,617.0,652.0,670.0,700.0,732.0,735.0,763.0,793.0,803.0,814.0,852.0,893.0,938.0,941.0,951.0,970.0,982.0,990.0,
6.0,54.0,57.0,76.0,89.0,101.0,108.0,135.0,169.0,171.0,293.0,364.0,394.0,435.0,435.0,442.0,452.0,468.0,468.0,473.0,525.0,579.0,579.0,600.0,608.0,652.0,704.0,724.0,726.0,748.0,771.0,775.0,776.0,821.0,849.0,904.0,909.0,940.0,952.0,957.0,977.0,
64.0,123.0,157.0,183.0,210.0,214.0,217.0,250.0,253.0,296.0,304.0,311.0,401.0,404.0,413.0,433.0,450.0,463.0,545.0,579.0,609.0,635.0,666.0,671.0,741.0,744.0,751.0,801.0,847.0,863.0,865.0,929.0,938.0,941.0,944.0,974.0,
17.0,192.0,205.0,231.0,243.0,270.0,286.0,303.0,368.0,371.0,386.0,411.0,431.0,440.0,449.0,750.0,783.0,785.0,810.0,918.0,920.0,926.0,
12.0,23.0,23.0,60.0,60.0,70.0,78.0,107.0,125.0,128.0,207.0,213.0,260.0,273.0,279.0,295.0,306.0,335.0,373.0,496.0,
77.0,88.0,156.0,220.0,253.0,255.0,258.0,282.0,330.0,333.0,340.0,432.0,458.0,
22.0,74.0,117.0,131.0,161.0,218.0,356.0,373.0,394.0,421.0,436.0,456.0,475.0,480.0,502.0,
25.0,53.0,66.0,82.0,112.0,154.0,199.0,254.0,257.0,279.0,322.0,382.0,396.0,447.0,463.0,491.0,794.0,799.0,813.0,822.0,
50.0,155.0,190.0,245.0,286.0,293.0,412.0,422.0,466.0,474.0,534.0,583.0,584.0,590.0,601.0,647.0,649.0,651.0,660.0,702.0,746.0,748.0,783.0,794.0,812.0,852.0,880.0,881.0,899.0,963.0,971.0,972.0,992.0,
27.0,128.0,199.0,251.0,291.0,583.0,588.0,599.0,622.0,672.0,718.0,797.0,797.0,814.0,850.0,898.0,905.0,906.0,925.0,925.0,
38.0,46.0,60.0,158.0,164.0,225.0,245.0,259.0,274.0,302.0,311.0,322.0,402.0,449.0,564.0,634.0,637.0,650.0,688.0,699.0,710.0,781.0,799.0,802.0,822.0,841.0,868.0,899.0,918.0,928.0,983.0,
50.0,75.0,91.0,107.0,150.0,182.0,196.0,202.0,218.0,242.0,251.0,262.0,267.0,281.0,286.0,342.0,367.0,368.0,378.0,463.0,466.0,508.0,550.0,571.0,578.0,591.0,601.0,633.0,635.0,707.0,765.0,834.0,850.0,909.0,927.0,929.0,946.0,
14.0,53.0,54.0,75.0,145.0,197.0,292.0,310.0,326.0,346.0,356.0,379.0,396.0,416.0,431.0,464.0,471.0,478.0,480.0,482.0,493.0,533.0,542.0,555.0,567.0,584.0,584.0,600.0,604.0,629.0,654.0,671.0,694.0,716.0,789.0,815.0,816.0,820.0,832.0,848.0,853.0,878.0,914.0,916.0,943.0,989.0,
6.0,20.0,69.0,69.0,96.0,97.0,103.0,132.0,154.0,161.0,167.0,167.0,242.0,277.0,309.0,373.0,379.0,421.0,444.0,503.0,866.0,
42.0,55.0,80.0,112.0,140.0,152.0,182.0,266.0,307.0,311.0,316.0,322.0,334.0,368.0,397.0,404.0,404.0,437.0,461.0,810.0,970.0,
33.0,33.0,39.0,101.0,174.0,188.0,225.0,256.0,404.0,412.0,421.0,424.0,439.0,445.0,466.0,468.0,473.0,474.0,490.0,739.0,894.0,933.0,
32.0,81.0,108.0,121.0,132.0,133.0,146.0,154.0,237.0,268.0,309.0,333.0,360.0,423.0,436.0,442.0,
16.0,24.0,26.0,68.0,97.0,105.0,136.0,163.0,164.0,314.0,337.0,413.0,438.0,464.0,482.0,
46.0,57.0,60.0,71.0,90.0,92.0,109.0,156.0,193.0,220.0,243.0,259.0,287.0,298.0,318.0,331.0,333.0,360.0,360.0,382.0,432.0,470.0,538.0,567.0,574.0,612.0,671.0,682.0,716.0,716.0,791.0,908.0,913.0,919.0,934.0,936.0,971.0,975.0,
27.0,47.0,88.0,130.0,157.0,161.0,202.0,315.0,333.0,379.0,441.0,506.0,545.0,580.0,613.0,620.0,621.0,621.0,627.0,646.0,750.0,765.0,771.0,815.0,850.0,865.0,905.0,914.0,971.0,973.0,984.0,
42.0,51.0,72.0,74.0,132.0,138.0,178.0,178.0,219.0,236.0,314.0,323.0,389.0,416.0,428.0,444.0,462.0,490.0,495.0,517.0,519.0,570.0,580.0,684.0,696.0,785.0,790.0,829.0,857.0,868.0,872.0,873.0,926.0,964.0,970.0,983.0,
2.0,5.0,5.0,8.0,19.0,38.0,78.0,132.0,144.0,146.0,149.0,152.0,184.0,204.0,205.0,303.0,339.0,395.0,429.0,475.0,493.0,533.0,554.0,615.0,679.0,680.0,701.0,731.0,740.0,762.0,795.0,798.0,804.0,805.0,827.0,849.0,883.0,891.0,928.0,936.0,944.0,950.0,990.0,
20.0,23.0,65.0,122.0,148.0,168.0,185.0,202.0,209.0,261.0,373.0,402.0,418.0,438.0,446.0,453.0,461.0,497.0,501.0,538.0,568.0,590.0,596.0,625.0,629.0,633.0,647.0,688.0,689.0,707.0,740.0,788.0,816.0,819.0,841.0,842.0,867.0,874.0,969.0,976.0,981.0,992.0,
4.0,31.0,83.0,89.0,100.0,177.0,211.0,213.0,216.0,221.0,229.0,286.0,314.0,317.0,352.0,378.0,383.0,406.0,431.0,451.0,454.0,485.0,495.0,495.0,817.0,820.0,861.0,928.0,988.0,
21.0,30.0,38.0,52.0,62.0,79.0,95.0,155.0,164.0,181.0,194.0,234.0,234.0,249.0,252.0,256.0,263.0,272.0,297.0,363.0,369.0,377.0,384.0,411.0,412.0,474.0,510.0,
4.0,13.0,22.0,24.0,116.0,154.0,156.0,201.0,211.0,229.0,255.0,289.0,318.0,329.0,368.0,374.0,391.0,409.0,415.0,451.0,978.0,
48.0,71.0,84.0,91.0,111.0,117.0,122.0,168.0,196.0,212.0,295.0,307.0,349.0,388.0,435.0,460.0,474.0,489.0,
21.0,27.0,37.0,98.0,102.0,118.0,136.0,137.0,146.0,291.0,322.0,348.0,365.0,471.0,499.0,692.0,742.0,770.0,839.0,925.0,929.0,930.0,
72.0,76.0,100.0,122.0,167.0,179.0,180.0,231.0,248.0,277.0,292.0,308.0,328.0,335.0,349.0,359.0,362.0,380.0,394.0,410.0,419.0,445.0,471.0,476.0,571.0,599.0,605.0,610.0,625.0,663.0,783.0,787.0,859.0,889.0,892.0,959.0,966.0,985.0,991.0,
29.0,46.0,46.0,58.0,64.0,71.0,73.0,83.0,102.0,125.0,133.0,151.0,152.0,158.0,179.0,183.0,189.0,196.0,208.0,223.0,236.0,237.0,288.0,293.0,300.0,302.0,353.0,447.0,464.0,472.0,514.0,543.0,577.0,625.0,653.0,654.0,666.0,702.0,735.0,766.0,796.0,828.0,866.0,871.0,872.0,907.0,920.0,929.0,931.0,960.0,
15.0,52.0,68.0,112.0,132.0,193.0,199.0,222.0,226.0,353.0,420.0,439.0,455.0,502.0,505.0,507.0,565.0,580.0,615.0,619.0,689.0,733.0,746.0,756.0,772.0,779.0,852.0,869.0,882.0,889.0,930.0,
2.0,4.0,87.0,87.0,101.0,136.0,136.0,137.0,143.0,156.0,208.0,234.0,297.0,304.0,308.0,369.0,387.0,396.0,415.0,429.0,496.0,497.0,530.0,554.0,568.0,586.0,662.0,725.0,753.0,757.0,774.0,797.0,812.0,815.0,842.0,865.0,880.0,905.0,934.0,946.0,985.0,985.0,
45.0,69.0,70.0,92.0,93.0,93.0,115.0,124.0,149.0,149.0,201.0,206.0,207.0,227.0,324.0,339.0,345.0,345.0,380.0,406.0,429.0,441.0,463.0,469.0,475.0,574.0,588.0,646.0,646.0,658.0,690.0,708.0,756.0,776.0,782.0,815.0,828.0,842.0,849.0,871.0,933.0,937.0,951.0,989.0,
4.0,15.0,17.0,70.0,91.0,98.0,111.0,143.0,152.0,157.0,190.0,195.0,221.0,237.0,270.0,272.0,277.0,320.0,405.0,414.0,454.0,532.0,535.0,600.0,605.0,652.0,667.0,671.0,697.0,736.0,750.0,750.0,766.0,770.0,799.0,815.0,860.0,877.0,878.0,933.0,937.0,954.0,964.0,990.0,
7.0,63.0,112.0,135.0,140.0,169.0,170.0,216.0,232.0,357.0,370.0,385.0,385.0,495.0,503.0,507.0,749.0,754.0,809.0,908.0,930.0,969.0,973.0,986.0,
40.0,44.0,151.0,192.0,221.0,255.0,280.0,294.0,300.0,352.0,395.0,400.0,424.0,429.0,433.0,445.0,933.0,
56.0,71.0,73.0,127.0,133.0,133.0,210.0,230.0,252.0,261.0,297.0,335.0,356.0,359.0,393.0,416.0,464.0,502.0,780.0,787.0,790.0,819.0,964.0,
22.0,40.0,145.0,166.0,202.0,222.0,242.0,244.0,244.0,251.0,267.0,283.0,313.0,332.0,344.0,347.0,431.0,439.0,478.0,480.0,483.0,490.0,509.0,559.0,604.0,659.0,684.0,703.0,708.0,715.0,728.0,746.0,753.0,773.0,796.0,797.0,809.0,824.0,836.0,846.0,858.0,874.0,925.0,928.0,943.0,971.0,
77.0,89.0,117.0,143.0,189.0,206.0,229.0,231.0,236.0,262.0,310.0,312.0,327.0,334.0,361.0,364.0,380.0,397.0,432.0,439.0,449.0,474.0,490.0,553.0,565.0,566.0,578.0,613.0,620.0,636.0,641.0,642.0,667.0,709.0,778.0,782.0,794.0,815.0,851.0,867.0,881.0,887.0,904.0,924.0,960.0,962.0,972.0,994.0,997.0,
76.0,94.0,96.0,128.0,134.0,163.0,176.0,202.0,257.0,320.0,358.0,375.0,389.0,404.0,418.0,526.0,528.0,549.0,553.0,680.0,703.0,733.0,798.0,801.0,835.0,836.0,841.0,860.0,861.0,869.0,874.0,883.0,915.0,951.0,951.0,
46.0,149.0,159.0,198.0,211.0,235.0,259.0,267.0,337.0,368.0,404.0,405.0,449.0,536.0,539.0,551.0,568.0,603.0,698.0,744.0,751.0,752.0,766.0,786.0,811.0,847.0,847.0,872.0,899.0,
15.0,35.0,48.0,121.0,136.0,176.0,178.0,246.0,290.0,319.0,320.0,334.0,337.0,378.0,380.0,390.0,405.0,406.0,433.0,457.0,488.0,508.0,515.0,575.0,610.0,639.0,706.0,719.0,736.0,781.0,815.0,869.0,880.0,888.0,890.0,902.0,932.0,946.0,947.0,
12.0,39.0,81.0,90.0,95.0,122.0,135.0,193.0,226.0,234.0,271.0,274.0,301.0,342.0,443.0,444.0,469.0,472.0,493.0,537.0,552.0,564.0,584.0,585.0,688.0,701.0,722.0,781.0,810.0,834.0,853.0,899.0,903.0,939.0,944.0,953.0,
31.0,31.0,34.0,43.0,77.0,87.0,98.0,140.0,148.0,150.0,182.0,194.0,203.0,271.0,278.0,292.0,293.0,293.0,321.0,401.0,407.0,416.0,448.0,452.0,458.0,466.0,493.0,526.0,548.0,575.0,593.0,631.0,633.0,638.0,655.0,667.0,669.0,788.0,836.0,843.0,856.0,885.0,897.0,915.0,921.0,934.0,940.0,952.0,961.0,986.0,994.0,
42.0,51.0,72.0,104.0,117.0,125.0,135.0,140.0,154.0,203.0,205.0,231.0,243.0,276.0,284.0,366.0,424.0,440.0,481.0,482.0,483.0,567.0,605.0,611.0,629.0,647.0,663.0,731.0,735.0,746.0,746.0,756.0,760.0,825.0,892.0,909.0,986.0,
51.0,63.0,70.0,83.0,92.0,94.0,104.0,128.0,206.0,225.0,298.0,357.0,398.0,407.0,439.0,464.0,479.0,510.0,577.0,594.0,600.0,638.0,652.0,670.0,695.0,698.0,724.0,734.0,740.0,752.0,872.0,880.0,888.0,896.0,906.0,924.0,948.0,965.0,996.0,
8.0,93.0,109.0,113.0,141.0,150.0,152.0,154.0,154.0,159.0,182.0,216.0,233.0,290.0,327.0,349.0,364.0,380.0,421.0,449.0,479.0,507.0,519.0,528.0,573.0,580.0,591.0,605.0,612.0,685.0,715.0,772.0,775.0,808.0,855.0,859.0,875.0,879.0,929.0,933.0,939.0,948.0,951.0,966.0,
3.0,30.0,55.0,58.0,63.0,75.0,108.0,128.0,137.0,152.0,157.0,210.0,259.0,260.0,286.0,286.0,324.0,350.0,365.0,423.0,425.0,439.0,451.0,492.0,496.0,513.0,516.0,517.0,568.0,626.0,646.0,657.0,687.0,696.0,708.0,716.0,730.0,789.0,810.0,811.0,815.0,826.0,865.0,870.0,891.0,916.0,932.0,933.0,934.0,945.0,952.0,952.0,
66.0,67.0,143.0,152.0,153.0,171.0,175.0,188.0,197.0,247.0,319.0,353.0,353.0,396.0,446.0,456.0,504.0,527.0,547.0,561.0,578.0,608.0,638.0,651.0,671.0,672.0,692.0,731.0,731.0,739.0,759.0,761.0,773.0,788.0,848.0,852.0,865.0,912.0,919.0,920.0,931.0,964.0,998.0,
3.0,58.0,71.0,109.0,116.0,128.0,134.0,143.0,150.0,181.0,206.0,263.0,298.0,365.0,387.0,482.0,483.0,500.0,506.0,506.0,508.0,526.0,528.0,546.0,615.0,636.0,774.0,802.0,813.0,848.0,872.0,883.0,920.0,
29.0,46.0,63.0,84.0,86.0,108.0,138.0,223.0,225.0,231.0,242.0,275.0,318.0,325.0,339.0,350.0,367.0,382.0,420.0,459.0,490.0,545.0,590.0,594.0,657.0,672.0,672.0,680.0,720.0,730.0,733.0,741.0,743.0,752.0,771.0,781.0,845.0,850.0,929.0,950.0,953.0,971.0,990.0,
24.0,68.0,96.0,119.0,177.0,194.0,238.0,260.0,269.0,368.0,385.0,391.0,402.0,406.0,426.0,431.0,511.0,558.0,602.0,606.0,609.0,646.0,651.0,678.0,682.0,689.0,724.0,774.0,785.0,785.0,802.0,817.0,823.0,836.0,900.0,907.0,946.0,953.0,
31.0,35.0,70.0,76.0,107.0,108.0,118.0,142.0,177.0,232.0,329.0,334.0,356.0,358.0,393.0,482.0,532.0,538.0,546.0,564.0,567.0,576.0,622.0,627.0,635.0,650.0,653.0,679.0,681.0,690.0,721.0,740.0,743.0,830.0,849.0,907.0,929.0,980.0,
62.0,74.0,76.0,82.0,119.0,160.0,248.0,283.0,394.0,409.0,411.0,426.0,476.0,477.0,485.0,498.0,503.0,508.0,510.0,519.0,553.0,557.0,611.0,635.0,827.0,834.0,842.0,874.0,882.0,984.0,994.0,998.0,999.0,
3.0,8.0,35.0,52.0,65.0,83.0,84.0,96.0,108.0,169.0,207.0,267.0,305.0,320.0,368.0,408.0,429.0,522.0,531.0,534.0,572.0,590.0,643.0,652.0,659.0,675.0,706.0,721.0,737.0,770.0,780.0,839.0,875.0,876.0,905.0,906.0,952.0,977.0,
18.0,33.0,58.0,71.0,76.0,106.0,122.0,124.0,200.0,265.0,278.0,281.0,297.0,326.0,332.0,353.0,462.0,489.0,495.0,528.0,551.0,564.0,597.0,608.0,633.0,644.0,693.0,735.0,750.0,767.0,834.0,855.0,869.0,873.0,896.0,902.0,994.0,
34.0,40.0,49.0,66.0,68.0,111.0,117.0,214.0,248.0,252.0,271.0,288.0,289.0,331.0,338.0,401.0,453.0,454.0,516.0,538.0,551.0,563.0,585.0,599.0,625.0,817.0,852.0,892.0,912.0,918.0,945.0,959.0,
77.0,92.0,103.0,152.0,160.0,189.0,211.0,253.0,256.0,370.0,394.0,419.0,421.0,467.0,474.0,486.0,540.0,586.0,600.0,610.0,619.0,621.0,636.0,648.0,656.0,668.0,683.0,693.0,710.0,726.0,768.0,794.0,798.0,872.0,915.0,941.0,945.0,950.0,
21.0,29.0,89.0,91.0,109.0,125.0,257.0,268.0,273.0,282.0,332.0,478.0,503.0,556.0,613.0,614.0,616.0,622.0,636.0,688.0,720.0,766.0,768.0,796.0,804.0,811.0,821.0,877.0,926.0,929.0,930.0,931.0,960.0,977.0,
25.0,91.0,95.0,96.0,133.0,135.0,172.0,215.0,261.0,286.0,352.0,355.0,368.0,390.0,391.0,391.0,392.0,436.0,455.0,497.0,501.0,548.0,554.0,563.0,588.0,652.0,660.0,665.0,709.0,709.0,715.0,723.0,750.0,752.0,763.0,935.0,953.0,984.0,994.0,
