95.0,97.0,146.0,152.0,162.0,173.0,188.0,271.0,289.0,291.0,293.0,307.0,310.0,332.0,333.0,381.0,381.0,382.0,383.0,387.0,393.0,432.0,531.0,540.0,603.0,603.0,618.0,688.0,691.0,702.0,703.0,723.0,730.0,751.0,760.0,773.0,780.0,818.0,821.0,829.0,836.0,898.0,928.0,945.0,994.0,
14.0,21.0,44.0,54.0,59.0,66.0,121.0,124.0,155.0,158.0,173.0,192.0,221.0,226.0,235.0,263.0,315.0,334.0,350.0,354.0,409.0,427.0,451.0,505.0,552.0,552.0,583.0,698.0,728.0,746.0,814.0,863.0,891.0,894.0,900.0,947.0,951.0,960.0,989.0,995.0,
23.0,88.0,121.0,129.0,164.0,175.0,221.0,250.0,268.0,313.0,316.0,317.0,402.0,402.0,433.0,446.0,468.0,476.0,478.0,518.0,541.0,550.0,552.0,564.0,571.0,585.0,590.0,595.0,715.0,719.0,720.0,777.0,823.0,837.0,844.0,846.0,850.0,894.0,935.0,1000.0,
9.0,31.0,52.0,78.0,140.0,155.0,199.0,229.0,278.0,357.0,388.0,429.0,647.0,656.0,657.0,659.0,732.0,751.0,751.0,815.0,852.0,864.0,879.0,897.0,913.0,940.0,946.0,960.0,960.0,968.0,972.0,
26.0,61.0,75.0,94.0,140.0,153.0,173.0,173.0,182.0,227.0,262.0,286.0,299.0,337.0,436.0,465.0,470.0,477.0,479.0,485.0,500.0,518.0,534.0,575.0,580.0,638.0,712.0,743.0,744.0,882.0,882.0,886.0,903.0,906.0,934.0,969.0,983.0,990.0,
12.0,24.0,45.0,72.0,77.0,78.0,114.0,177.0,230.0,253.0,296.0,303.0,351.0,353.0,375.0,376.0,407.0,419.0,439.0,479.0,488.0,506.0,533.0,537.0,555.0,562.0,592.0,628.0,630.0,687.0,687.0,709.0,736.0,750.0,764.0,857.0,908.0,909.0,994.0,996.0,
4.0,13.0,60.0,68.0,92.0,142.0,143.0,144.0,197.0,247.0,254.0,282.0,395.0,419.0,447.0,454.0,458.0,459.0,516.0,524.0,545.0,547.0,594.0,617.0,626.0,672.0,723.0,733.0,740.0,741.0,778.0,778.0,778.0,806.0,836.0,942.0,955.0,978.0,
30.0,35.0,85.0,124.0,175.0,193.0,196.0,224.0,237.0,248.0,278.0,281.0,298.0,331.0,331.0,355.0,373.0,406.0,445.0,459.0,465.0,581.0,586.0,592.0,604.0,625.0,658.0,712.0,726.0,726.0,737.0,894.0,970.0,
57.0,145.0,215.0,216.0,219.0,304.0,308.0,322.0,326.0,362.0,363.0,397.0,401.0,406.0,416.0,481.0,606.0,609.0,610.0,617.0,710.0,792.0,822.0,951.0,956.0,
25.0,42.0,53.0,84.0,132.0,145.0,155.0,177.0,188.0,216.0,232.0,287.0,299.0,329.0,330.0,333.0,385.0,413.0,426.0,432.0,472.0,511.0,535.0,540.0,544.0,554.0,634.0,673.0,721.0,722.0,723.0,746.0,769.0,774.0,785.0,805.0,827.0,912.0,912.0,939.0,945.0,
9.0,65.0,68.0,89.0,100.0,154.0,251.0,253.0,290.0,305.0,350.0,380.0,395.0,437.0,492.0,531.0,580.0,614.0,641.0,665.0,722.0,736.0,787.0,793.0,829.0,879.0,914.0,918.0,944.0,975.0,980.0,
32.0,48.0,163.0,169.0,183.0,208.0,236.0,254.0,300.0,303.0,315.0,337.0,343.0,387.0,394.0,443.0,449.0,506.0,507.0,633.0,634.0,667.0,673.0,694.0,702.0,711.0,737.0,748.0,755.0,760.0,763.0,766.0,773.0,819.0,893.0,895.0,917.0,948.0,966.0,981.0,
6.0,21.0,30.0,44.0,54.0,115.0,193.0,235.0,260.0,337.0,371.0,414.0,415.0,448.0,454.0,505.0,561.0,565.0,566.0,585.0,591.0,684.0,685.0,685.0,762.0,764.0,806.0,981.0,
46.0,80.0,117.0,189.0,196.0,228.0,229.0,233.0,241.0,250.0,251.0,268.0,281.0,330.0,335.0,336.0,383.0,387.0,392.0,412.0,521.0,563.0,587.0,721.0,732.0,746.0,746.0,760.0,873.0,880.0,881.0,885.0,900.0,928.0,947.0,949.0,994.0,1000.0,
16.0,35.0,109.0,112.0,113.0,141.0,187.0,259.0,276.0,286.0,291.0,295.0,388.0,423.0,446.0,455.0,479.0,483.0,524.0,539.0,549.0,552.0,617.0,619.0,619.0,640.0,642.0,655.0,676.0,738.0,768.0,796.0,839.0,839.0,980.0,992.0,1000.0,
2.0,4.0,41.0,162.0,215.0,227.0,232.0,266.0,269.0,296.0,298.0,301.0,398.0,436.0,477.0,498.0,509.0,528.0,572.0,586.0,587.0,594.0,607.0,658.0,668.0,697.0,742.0,746.0,783.0,824.0,840.0,889.0,949.0,
39.0,52.0,88.0,131.0,216.0,230.0,272.0,275.0,278.0,307.0,319.0,335.0,336.0,348.0,360.0,363.0,367.0,371.0,372.0,395.0,416.0,466.0,486.0,511.0,525.0,527.0,528.0,578.0,636.0,660.0,666.0,720.0,765.0,823.0,928.0,972.0,
89.0,104.0,131.0,135.0,150.0,161.0,193.0,211.0,239.0,239.0,293.0,352.0,365.0,416.0,427.0,457.0,501.0,555.0,602.0,635.0,649.0,652.0,669.0,672.0,680.0,691.0,748.0,759.0,763.0,775.0,776.0,780.0,802.0,840.0,869.0,870.0,878.0,960.0,977.0,997.0,
24.0,41.0,85.0,102.0,136.0,156.0,210.0,213.0,225.0,243.0,281.0,347.0,384.0,442.0,576.0,595.0,621.0,634.0,658.0,682.0,701.0,720.0,742.0,768.0,825.0,916.0,924.0,955.0,998.0,
10.0,57.0,69.0,102.0,128.0,130.0,192.0,206.0,284.0,292.0,311.0,327.0,331.0,428.0,434.0,448.0,479.0,517.0,539.0,577.0,581.0,588.0,625.0,632.0,647.0,693.0,747.0,755.0,757.0,768.0,776.0,780.0,784.0,788.0,841.0,845.0,874.0,890.0,895.0,933.0,951.0,964.0,994.0,995.0,
5.0,6.0,8.0,55.0,59.0,80.0,86.0,110.0,121.0,152.0,174.0,202.0,203.0,213.0,217.0,256.0,261.0,302.0,344.0,353.0,380.0,391.0,420.0,423.0,444.0,447.0,458.0,495.0,524.0,558.0,622.0,669.0,680.0,699.0,707.0,743.0,744.0,767.0,785.0,791.0,840.0,859.0,902.0,912.0,916.0,944.0,973.0,
43.0,80.0,88.0,100.0,103.0,179.0,180.0,216.0,232.0,283.0,290.0,292.0,303.0,375.0,378.0,385.0,407.0,423.0,434.0,511.0,546.0,557.0,566.0,607.0,651.0,690.0,763.0,766.0,777.0,777.0,836.0,873.0,891.0,912.0,917.0,945.0,994.0,
16.0,23.0,32.0,108.0,109.0,117.0,118.0,122.0,127.0,136.0,144.0,150.0,163.0,244.0,251.0,313.0,316.0,323.0,332.0,425.0,449.0,451.0,451.0,457.0,536.0,536.0,547.0,589.0,630.0,644.0,658.0,685.0,688.0,701.0,752.0,790.0,800.0,842.0,873.0,877.0,877.0,881.0,948.0,973.0,979.0,
39.0,51.0,56.0,63.0,68.0,173.0,226.0,269.0,333.0,338.0,379.0,396.0,398.0,421.0,427.0,470.0,562.0,661.0,695.0,697.0,704.0,724.0,734.0,758.0,789.0,811.0,827.0,939.0,944.0,955.0,991.0,
23.0,58.0,67.0,70.0,96.0,125.0,178.0,192.0,243.0,261.0,264.0,275.0,285.0,287.0,331.0,342.0,354.0,397.0,414.0,473.0,502.0,518.0,715.0,726.0,831.0,838.0,897.0,923.0,935.0,961.0,973.0,
45.0,63.0,130.0,132.0,142.0,152.0,162.0,164.0,174.0,240.0,245.0,289.0,296.0,319.0,323.0,325.0,351.0,417.0,424.0,430.0,438.0,460.0,501.0,517.0,539.0,548.0,567.0,570.0,584.0,586.0,643.0,663.0,671.0,681.0,732.0,752.0,768.0,797.0,820.0,870.0,871.0,932.0,934.0,942.0,999.0,
73.0,193.0,212.0,216.0,229.0,256.0,257.0,311.0,365.0,367.0,367.0,387.0,393.0,399.0,428.0,624.0,658.0,776.0,806.0,825.0,842.0,881.0,895.0,909.0,918.0,923.0,
12.0,29.0,43.0,79.0,102.0,135.0,147.0,152.0,160.0,173.0,193.0,263.0,265.0,326.0,398.0,399.0,434.0,449.0,457.0,467.0,478.0,517.0,532.0,592.0,646.0,703.0,739.0,792.0,799.0,805.0,831.0,834.0,844.0,869.0,907.0,933.0,941.0,963.0,
62.0,106.0,297.0,301.0,304.0,358.0,370.0,380.0,385.0,400.0,432.0,446.0,458.0,490.0,555.0,626.0,635.0,643.0,645.0,685.0,699.0,729.0,782.0,845.0,872.0,880.0,919.0,956.0,959.0,
3.0,20.0,26.0,82.0,99.0,123.0,191.0,221.0,225.0,258.0,281.0,289.0,348.0,354.0,480.0,513.0,542.0,544.0,547.0,597.0,606.0,694.0,710.0,714.0,719.0,721.0,724.0,725.0,764.0,775.0,817.0,854.0,862.0,899.0,912.0,924.0,984.0,1000.0,
12.0,81.0,94.0,97.0,116.0,170.0,199.0,242.0,250.0,257.0,282.0,315.0,341.0,345.0,361.0,390.0,396.0,419.0,513.0,520.0,563.0,578.0,590.0,647.0,647.0,652.0,690.0,693.0,745.0,797.0,806.0,815.0,832.0,834.0,851.0,899.0,908.0,917.0,964.0,974.0,
61.0,89.0,138.0,150.0,264.0,267.0,278.0,309.0,330.0,346.0,376.0,391.0,447.0,460.0,481.0,490.0,500.0,517.0,529.0,545.0,574.0,575.0,579.0,597.0,666.0,673.0,707.0,749.0,819.0,844.0,875.0,911.0,923.0,928.0,
33.0,48.0,65.0,104.0,162.0,195.0,228.0,229.0,241.0,257.0,277.0,312.0,314.0,365.0,384.0,400.0,488.0,565.0,607.0,692.0,735.0,745.0,779.0,807.0,816.0,819.0,863.0,864.0,892.0,933.0,934.0,941.0,953.0,957.0,983.0,
37.0,39.0,86.0,112.0,127.0,142.0,157.0,175.0,176.0,187.0,213.0,237.0,295.0,400.0,403.0,404.0,428.0,458.0,473.0,528.0,555.0,597.0,627.0,635.0,639.0,708.0,726.0,768.0,803.0,862.0,891.0,931.0,972.0,998.0,999.0,
5.0,49.0,101.0,116.0,164.0,216.0,224.0,298.0,300.0,301.0,446.0,452.0,460.0,496.0,541.0,579.0,617.0,651.0,676.0,681.0,734.0,746.0,752.0,775.0,813.0,814.0,957.0,970.0,
29.0,31.0,37.0,53.0,59.0,61.0,131.0,138.0,139.0,146.0,155.0,181.0,187.0,263.0,264.0,280.0,308.0,376.0,438.0,464.0,513.0,521.0,538.0,551.0,555.0,557.0,572.0,644.0,727.0,740.0,817.0,864.0,888.0,901.0,968.0,993.0,
30.0,84.0,142.0,165.0,167.0,186.0,189.0,193.0,216.0,246.0,300.0,320.0,322.0,511.0,533.0,572.0,584.0,588.0,669.0,683.0,710.0,724.0,778.0,813.0,814.0,820.0,873.0,896.0,914.0,921.0,923.0,964.0,
33.0,37.0,65.0,134.0,142.0,163.0,175.0,190.0,240.0,318.0,365.0,377.0,382.0,419.0,424.0,428.0,445.0,535.0,571.0,652.0,658.0,675.0,750.0,758.0,766.0,769.0,781.0,790.0,858.0,929.0,994.0,
36.0,70.0,79.0,94.0,114.0,140.0,143.0,158.0,215.0,215.0,245.0,252.0,272.0,344.0,348.0,348.0,476.0,516.0,528.0,531.0,644.0,650.0,650.0,764.0,775.0,796.0,854.0,859.0,901.0,977.0,
5.0,14.0,49.0,70.0,141.0,190.0,191.0,194.0,210.0,217.0,221.0,262.0,286.0,290.0,489.0,571.0,673.0,676.0,801.0,822.0,847.0,864.0,864.0,865.0,872.0,923.0,950.0,951.0,982.0,
87.0,163.0,236.0,240.0,263.0,288.0,291.0,325.0,333.0,344.0,395.0,404.0,421.0,442.0,494.0,497.0,528.0,554.0,565.0,568.0,568.0,572.0,593.0,660.0,670.0,679.0,679.0,684.0,720.0,775.0,778.0,796.0,817.0,818.0,861.0,912.0,965.0,975.0,
14.0,28.0,54.0,66.0,67.0,74.0,113.0,160.0,177.0,249.0,256.0,321.0,340.0,350.0,377.0,397.0,437.0,454.0,464.0,467.0,478.0,537.0,538.0,694.0,696.0,705.0,750.0,776.0,789.0,825.0,859.0,886.0,912.0,943.0,972.0,983.0,992.0,
13.0,14.0,15.0,17.0,105.0,138.0,139.0,144.0,146.0,157.0,192.0,194.0,266.0,279.0,286.0,310.0,363.0,410.0,419.0,450.0,543.0,628.0,644.0,654.0,731.0,898.0,916.0,930.0,966.0,977.0,992.0,
18.0,93.0,123.0,146.0,152.0,161.0,180.0,202.0,221.0,241.0,267.0,271.0,302.0,320.0,347.0,361.0,365.0,375.0,441.0,453.0,472.0,472.0,526.0,628.0,739.0,753.0,764.0,783.0,896.0,909.0,925.0,965.0,970.0,
23.0,28.0,63.0,106.0,106.0,133.0,237.0,254.0,258.0,266.0,314.0,328.0,391.0,458.0,479.0,481.0,511.0,515.0,654.0,676.0,700.0,708.0,737.0,747.0,814.0,836.0,837.0,842.0,858.0,864.0,905.0,955.0,983.0,
11.0,17.0,25.0,29.0,92.0,148.0,231.0,259.0,273.0,300.0,332.0,335.0,397.0,420.0,431.0,456.0,459.0,498.0,533.0,544.0,552.0,557.0,560.0,561.0,576.0,594.0,595.0,598.0,610.0,632.0,643.0,663.0,672.0,692.0,701.0,703.0,731.0,755.0,760.0,774.0,809.0,827.0,837.0,842.0,846.0,854.0,874.0,889.0,909.0,940.0,941.0,945.0,963.0,964.0,966.0,967.0,976.0,
44.0,45.0,49.0,62.0,63.0,69.0,96.0,164.0,188.0,250.0,304.0,326.0,332.0,394.0,400.0,450.0,492.0,505.0,532.0,568.0,573.0,591.0,675.0,702.0,717.0,720.0,722.0,747.0,787.0,815.0,823.0,824.0,832.0,909.0,932.0,945.0,969.0,973.0,
14.0,35.0,47.0,68.0,75.0,79.0,82.0,145.0,170.0,195.0,210.0,280.0,309.0,334.0,354.0,408.0,436.0,438.0,441.0,469.0,509.0,537.0,540.0,545.0,545.0,552.0,603.0,621.0,627.0,631.0,689.0,731.0,740.0,744.0,768.0,785.0,863.0,878.0,880.0,893.0,
100.0,101.0,107.0,109.0,112.0,184.0,209.0,241.0,242.0,270.0,324.0,368.0,381.0,412.0,426.0,454.0,474.0,476.0,476.0,503.0,531.0,591.0,597.0,604.0,606.0,662.0,700.0,715.0,784.0,823.0,827.0,833.0,858.0,863.0,863.0,885.0,905.0,
19.0,32.0,38.0,48.0,60.0,68.0,94.0,118.0,141.0,218.0,228.0,255.0,269.0,291.0,320.0,362.0,387.0,450.0,468.0,507.0,542.0,581.0,647.0,729.0,786.0,863.0,864.0,899.0,937.0,991.0,
48.0,49.0,53.0,151.0,174.0,175.0,216.0,241.0,255.0,321.0,345.0,391.0,399.0,441.0,494.0,507.0,515.0,551.0,589.0,612.0,613.0,622.0,661.0,667.0,678.0,700.0,769.0,785.0,787.0,803.0,835.0,837.0,847.0,850.0,871.0,908.0,977.0,985.0,
32.0,98.0,103.0,179.0,213.0,217.0,226.0,277.0,294.0,294.0,299.0,301.0,313.0,319.0,325.0,337.0,372.0,378.0,452.0,477.0,492.0,573.0,586.0,604.0,616.0,629.0,635.0,728.0,738.0,788.0,805.0,812.0,852.0,853.0,856.0,885.0,989.0,1000.0,
62.0,90.0,98.0,196.0,244.0,251.0,290.0,309.0,348.0,390.0,428.0,433.0,456.0,459.0,514.0,557.0,627.0,643.0,648.0,653.0,774.0,799.0,800.0,859.0,934.0,993.0,
65.0,178.0,179.0,219.0,247.0,254.0,257.0,299.0,340.0,416.0,432.0,443.0,446.0,473.0,476.0,481.0,556.0,578.0,589.0,589.0,624.0,627.0,637.0,644.0,647.0,653.0,697.0,827.0,845.0,852.0,857.0,905.0,927.0,963.0,964.0,
24.0,33.0,55.0,66.0,101.0,113.0,189.0,198.0,221.0,222.0,223.0,223.0,281.0,285.0,303.0,333.0,351.0,364.0,405.0,475.0,514.0,537.0,539.0,546.0,546.0,550.0,574.0,576.0,579.0,582.0,591.0,602.0,610.0,612.0,612.0,662.0,666.0,676.0,688.0,721.0,739.0,826.0,830.0,839.0,840.0,843.0,858.0,869.0,874.0,878.0,881.0,904.0,914.0,915.0,926.0,931.0,966.0,974.0,1000.0,
39.0,43.0,44.0,46.0,106.0,126.0,166.0,183.0,189.0,212.0,244.0,260.0,281.0,316.0,317.0,360.0,376.0,391.0,395.0,434.0,452.0,460.0,489.0,510.0,531.0,534.0,534.0,540.0,545.0,546.0,547.0,550.0,553.0,562.0,572.0,577.0,590.0,591.0,591.0,592.0,595.0,595.0,602.0,616.0,620.0,628.0,629.0,651.0,655.0,675.0,675.0,684.0,693.0,697.0,701.0,705.0,717.0,735.0,751.0,780.0,793.0,802.0,844.0,861.0,874.0,887.0,887.0,890.0,900.0,905.0,916.0,916.0,918.0,922.0,934.0,942.0,949.0,951.0,952.0,954.0,964.0,969.0,980.0,
20.0,46.0,60.0,85.0,109.0,116.0,180.0,204.0,220.0,299.0,310.0,316.0,335.0,346.0,348.0,353.0,408.0,493.0,514.0,516.0,520.0,527.0,528.0,530.0,537.0,542.0,552.0,557.0,571.0,574.0,586.0,593.0,627.0,638.0,653.0,659.0,679.0,698.0,700.0,715.0,723.0,731.0,745.0,748.0,754.0,774.0,787.0,841.0,846.0,875.0,877.0,885.0,896.0,926.0,933.0,938.0,938.0,948.0,961.0,993.0,994.0,997.0,
68.0,74.0,114.0,161.0,192.0,247.0,324.0,407.0,454.0,458.0,501.0,507.0,542.0,582.0,632.0,688.0,708.0,749.0,772.0,793.0,794.0,810.0,854.0,877.0,912.0,966.0,999.0,999.0,
11.0,16.0,19.0,46.0,55.0,77.0,108.0,148.0,175.0,195.0,195.0,226.0,254.0,297.0,297.0,333.0,351.0,407.0,428.0,429.0,435.0,481.0,518.0,526.0,580.0,590.0,619.0,637.0,675.0,716.0,734.0,765.0,776.0,792.0,811.0,815.0,844.0,884.0,941.0,971.0,975.0,976.0,988.0,
14.0,25.0,42.0,81.0,94.0,152.0,178.0,454.0,497.0,502.0,538.0,551.0,646.0,688.0,702.0,708.0,715.0,748.0,773.0,811.0,819.0,819.0,860.0,895.0,961.0,980.0,990.0,
44.0,152.0,156.0,179.0,245.0,270.0,296.0,324.0,328.0,338.0,386.0,407.0,428.0,439.0,440.0,468.0,474.0,480.0,497.0,500.0,506.0,521.0,586.0,598.0,602.0,605.0,639.0,714.0,745.0,757.0,803.0,810.0,849.0,858.0,864.0,871.0,952.0,999.0,
81.0,179.0,180.0,187.0,272.0,303.0,324.0,429.0,447.0,462.0,463.0,479.0,482.0,482.0,546.0,561.0,618.0,624.0,632.0,636.0,659.0,698.0,699.0,719.0,732.0,738.0,752.0,794.0,820.0,821.0,835.0,846.0,861.0,863.0,886.0,893.0,981.0,987.0,989.0,1000.0,
31.0,52.0,52.0,72.0,72.0,123.0,196.0,201.0,234.0,284.0,358.0,366.0,369.0,374.0,394.0,441.0,471.0,473.0,476.0,494.0,522.0,535.0,538.0,600.0,610.0,632.0,654.0,662.0,678.0,725.0,736.0,831.0,883.0,920.0,922.0,931.0,937.0,954.0,990.0,
20.0,70.0,92.0,184.0,247.0,248.0,339.0,367.0,406.0,407.0,547.0,560.0,562.0,605.0,627.0,652.0,739.0,788.0,852.0,908.0,
16.0,70.0,106.0,122.0,126.0,128.0,160.0,198.0,201.0,205.0,206.0,210.0,260.0,261.0,273.0,291.0,299.0,346.0,353.0,362.0,380.0,386.0,389.0,404.0,410.0,411.0,444.0,485.0,513.0,521.0,523.0,545.0,545.0,550.0,551.0,573.0,618.0,672.0,675.0,715.0,777.0,778.0,834.0,834.0,874.0,908.0,987.0,
29.0,57.0,65.0,65.0,75.0,111.0,178.0,181.0,227.0,258.0,262.0,263.0,283.0,305.0,373.0,379.0,393.0,399.0,423.0,448.0,450.0,496.0,529.0,550.0,556.0,557.0,559.0,561.0,565.0,566.0,570.0,583.0,599.0,605.0,612.0,620.0,634.0,659.0,660.0,667.0,695.0,744.0,776.0,788.0,791.0,802.0,872.0,885.0,893.0,904.0,919.0,970.0,971.0,981.0,984.0,988.0,993.0,998.0,
7.0,80.0,162.0,168.0,179.0,191.0,225.0,264.0,376.0,387.0,415.0,436.0,438.0,445.0,446.0,479.0,502.0,508.0,518.0,528.0,533.0,537.0,553.0,555.0,557.0,557.0,562.0,609.0,616.0,642.0,642.0,661.0,666.0,694.0,695.0,706.0,740.0,786.0,807.0,823.0,832.0,832.0,878.0,883.0,952.0,958.0,959.0,990.0,999.0,
44.0,66.0,111.0,145.0,205.0,208.0,226.0,231.0,258.0,311.0,314.0,314.0,339.0,369.0,379.0,536.0,547.0,562.0,581.0,591.0,704.0,764.0,793.0,830.0,871.0,874.0,881.0,910.0,962.0,998.0,
5.0,9.0,23.0,42.0,57.0,71.0,90.0,132.0,132.0,179.0,191.0,205.0,208.0,218.0,219.0,235.0,245.0,247.0,303.0,330.0,356.0,393.0,413.0,452.0,470.0,578.0,625.0,642.0,654.0,687.0,689.0,730.0,752.0,780.0,800.0,829.0,832.0,853.0,875.0,899.0,919.0,959.0,
18.0,47.0,98.0,131.0,137.0,148.0,149.0,154.0,177.0,187.0,198.0,200.0,209.0,212.0,225.0,232.0,232.0,289.0,384.0,391.0,392.0,449.0,475.0,495.0,532.0,538.0,556.0,646.0,751.0,770.0,800.0,837.0,881.0,896.0,899.0,
13.0,21.0,23.0,34.0,60.0,93.0,105.0,115.0,115.0,210.0,256.0,294.0,304.0,391.0,392.0,402.0,495.0,510.0,553.0,586.0,613.0,631.0,653.0,709.0,824.0,829.0,830.0,831.0,844.0,848.0,885.0,957.0,972.0,
9.0,15.0,20.0,59.0,110.0,116.0,134.0,136.0,152.0,166.0,195.0,205.0,245.0,291.0,302.0,320.0,352.0,359.0,403.0,430.0,450.0,461.0,469.0,477.0,551.0,569.0,570.0,629.0,681.0,693.0,711.0,714.0,766.0,797.0,814.0,946.0,
47.0,92.0,137.0,189.0,190.0,224.0,253.0,262.0,328.0,355.0,362.0,430.0,437.0,443.0,612.0,624.0,705.0,726.0,763.0,861.0,878.0,938.0,950.0,950.0,970.0,993.0,
31.0,36.0,93.0,120.0,184.0,196.0,242.0,257.0,285.0,343.0,398.0,430.0,432.0,440.0,524.0,617.0,637.0,667.0,681.0,685.0,691.0,699.0,765.0,822.0,836.0,837.0,870.0,908.0,935.0,960.0,968.0,999.0,
10.0,76.0,115.0,117.0,128.0,162.0,167.0,179.0,261.0,290.0,314.0,323.0,370.0,392.0,425.0,435.0,466.0,466.0,488.0,488.0,556.0,582.0,668.0,686.0,694.0,740.0,740.0,759.0,762.0,764.0,773.0,777.0,786.0,808.0,858.0,978.0,
23.0,26.0,59.0,98.0,100.0,131.0,141.0,168.0,179.0,192.0,224.0,230.0,249.0,339.0,355.0,356.0,373.0,422.0,423.0,425.0,453.0,479.0,499.0,504.0,526.0,545.0,549.0,571.0,577.0,669.0,731.0,754.0,772.0,785.0,868.0,883.0,932.0,946.0,988.0,993.0,
10.0,25.0,42.0,51.0,73.0,135.0,175.0,213.0,237.0,254.0,310.0,332.0,335.0,338.0,348.0,383.0,412.0,437.0,474.0,490.0,491.0,535.0,694.0,711.0,746.0,778.0,854.0,952.0,958.0,
8.0,57.0,106.0,154.0,163.0,166.0,167.0,208.0,225.0,231.0,350.0,352.0,385.0,445.0,505.0,510.0,545.0,555.0,576.0,592.0,593.0,625.0,637.0,678.0,682.0,705.0,774.0,778.0,791.0,830.0,848.0,852.0,857.0,899.0,908.0,919.0,951.0,978.0,988.0,995.0,
4.0,70.0,77.0,88.0,148.0,232.0,246.0,252.0,308.0,324.0,449.0,465.0,500.0,575.0,624.0,650.0,675.0,689.0,696.0,720.0,720.0,736.0,759.0,761.0,805.0,831.0,857.0,884.0,887.0,897.0,905.0,923.0,950.0,972.0,975.0,999.0,
176.0,194.0,218.0,244.0,244.0,259.0,263.0,276.0,325.0,325.0,340.0,360.0,425.0,427.0,462.0,481.0,519.0,557.0,572.0,578.0,588.0,657.0,742.0,850.0,956.0,957.0,
68.0,78.0,81.0,94.0,134.0,233.0,251.0,254.0,272.0,324.0,329.0,332.0,346.0,390.0,411.0,418.0,450.0,463.0,518.0,538.0,542.0,631.0,691.0,703.0,712.0,826.0,908.0,911.0,923.0,923.0,930.0,947.0,1000.0,
11.0,68.0,76.0,83.0,90.0,94.0,100.0,164.0,165.0,196.0,215.0,246.0,268.0,382.0,385.0,437.0,503.0,505.0,506.0,507.0,558.0,565.0,590.0,590.0,590.0,590.0,599.0,662.0,668.0,700.0,710.0,736.0,803.0,811.0,859.0,872.0,896.0,948.0,957.0,969.0,980.0,995.0,995.0,
4.0,7.0,12.0,13.0,18.0,20.0,32.0,43.0,57.0,74.0,77.0,158.0,161.0,174.0,188.0,194.0,204.0,233.0,236.0,237.0,251.0,265.0,362.0,407.0,409.0,415.0,434.0,496.0,519.0,525.0,539.0,549.0,564.0,581.0,612.0,628.0,667.0,692.0,707.0,708.0,709.0,719.0,773.0,815.0,826.0,885.0,961.0,963.0,996.0,
20.0,45.0,52.0,118.0,120.0,129.0,144.0,180.0,217.0,240.0,357.0,381.0,397.0,404.0,432.0,451.0,458.0,475.0,521.0,529.0,539.0,555.0,561.0,575.0,616.0,618.0,625.0,692.0,739.0,745.0,767.0,768.0,779.0,798.0,824.0,834.0,838.0,885.0,904.0,924.0,942.0,944.0,974.0,984.0,
5.0,6.0,28.0,48.0,50.0,51.0,59.0,78.0,97.0,114.0,136.0,168.0,181.0,184.0,205.0,213.0,257.0,276.0,289.0,337.0,389.0,389.0,435.0,499.0,517.0,532.0,539.0,549.0,581.0,582.0,639.0,639.0,645.0,676.0,686.0,729.0,752.0,776.0,782.0,801.0,878.0,914.0,918.0,953.0,
56.0,78.0,130.0,139.0,176.0,240.0,252.0,329.0,393.0,412.0,412.0,455.0,528.0,550.0,554.0,639.0,684.0,725.0,747.0,787.0,801.0,822.0,841.0,863.0,909.0,926.0,955.0,978.0,
13.0,27.0,73.0,75.0,88.0,89.0,161.0,182.0,185.0,279.0,288.0,329.0,338.0,345.0,380.0,403.0,434.0,455.0,485.0,520.0,523.0,527.0,527.0,532.0,533.0,569.0,572.0,573.0,747.0,747.0,768.0,786.0,798.0,825.0,837.0,912.0,932.0,951.0,1000.0,
7.0,39.0,40.0,117.0,124.0,182.0,188.0,195.0,215.0,231.0,276.0,292.0,295.0,299.0,346.0,381.0,384.0,398.0,413.0,419.0,505.0,534.0,543.0,561.0,562.0,565.0,577.0,603.0,611.0,617.0,624.0,649.0,699.0,766.0,809.0,891.0,899.0,900.0,957.0,
17.0,136.0,144.0,154.0,162.0,203.0,208.0,219.0,230.0,265.0,266.0,274.0,281.0,327.0,338.0,354.0,354.0,463.0,487.0,488.0,490.0,576.0,594.0,611.0,615.0,619.0,620.0,621.0,655.0,669.0,678.0,679.0,682.0,694.0,709.0,722.0,799.0,879.0,902.0,910.0,948.0,
32.0,37.0,70.0,137.0,179.0,218.0,236.0,245.0,273.0,285.0,320.0,325.0,327.0,388.0,390.0,426.0,477.0,533.0,550.0,553.0,580.0,590.0,670.0,701.0,728.0,819.0,848.0,853.0,894.0,905.0,918.0,921.0,927.0,962.0,975.0,997.0,
30.0,31.0,48.0,66.0,165.0,236.0,259.0,299.0,330.0,334.0,359.0,379.0,396.0,426.0,491.0,505.0,518.0,536.0,557.0,582.0,681.0,703.0,771.0,783.0,815.0,821.0,898.0,917.0,918.0,
21.0,91.0,112.0,142.0,184.0,206.0,222.0,301.0,358.0,365.0,392.0,417.0,425.0,449.0,463.0,464.0,477.0,487.0,504.0,634.0,646.0,649.0,705.0,715.0,740.0,746.0,747.0,763.0,778.0,820.0,870.0,884.0,887.0,897.0,902.0,993.0,997.0,
6.0,34.0,97.0,102.0,142.0,175.0,210.0,249.0,274.0,282.0,317.0,319.0,332.0,394.0,451.0,470.0,593.0,600.0,614.0,624.0,637.0,640.0,677.0,692.0,770.0,771.0,802.0,814.0,828.0,835.0,841.0,896.0,967.0,972.0,
48.0,60.0,68.0,121.0,127.0,166.0,196.0,201.0,203.0,217.0,228.0,284.0,307.0,365.0,375.0,411.0,461.0,494.0,529.0,647.0,672.0,694.0,695.0,732.0,769.0,811.0,857.0,870.0,896.0,965.0,985.0,1000.0,
26.0,29.0,71.0,109.0,160.0,218.0,226.0,251.0,281.0,302.0,344.0,348.0,370.0,432.0,440.0,463.0,479.0,515.0,583.0,588.0,594.0,615.0,617.0,621.0,636.0,648.0,735.0,755.0,774.0,799.0,803.0,902.0,947.0,983.0,
9.0,65.0,93.0,124.0,141.0,213.0,218.0,259.0,279.0,314.0,334.0,335.0,363.0,371.0,374.0,393.0,442.0,442.0,476.0,497.0,510.0,588.0,592.0,694.0,710.0,722.0,746.0,767.0,782.0,786.0,858.0,867.0,873.0,923.0,929.0,935.0,963.0,970.0,974.0,976.0,986.0,993.0,995.0,
65.0,130.0,137.0,140.0,149.0,236.0,308.0,334.0,346.0,363.0,365.0,372.0,374.0,394.0,426.0,429.0,471.0,520.0,557.0,579.0,585.0,619.0,625.0,648.0,695.0,718.0,730.0,801.0,834.0,844.0,902.0,922.0,947.0,953.0,957.0,990.0,994.0,
11.0,29.0,33.0,39.0,46.0,72.0,105.0,126.0,176.0,208.0,302.0,316.0,330.0,362.0,368.0,473.0,486.0,508.0,552.0,597.0,608.0,621.0,650.0,703.0,715.0,716.0,718.0,749.0,759.0,759.0,762.0,767.0,777.0,781.0,784.0,822.0,836.0,880.0,896.0,901.0,965.0,976.0,
14.0,15.0,74.0,127.0,157.0,195.0,203.0,207.0,319.0,340.0,376.0,389.0,403.0,412.0,416.0,441.0,457.0,479.0,494.0,495.0,530.0,557.0,563.0,596.0,631.0,662.0,705.0,756.0,851.0,883.0,883.0,893.0,911.0,918.0,928.0,946.0,989.0,
24.0,35.0,42.0,57.0,94.0,174.0,226.0,260.0,282.0,304.0,349.0,354.0,365.0,373.0,379.0,392.0,394.0,398.0,399.0,420.0,505.0,509.0,514.0,523.0,530.0,538.0,586.0,589.0,595.0,606.0,662.0,695.0,710.0,714.0,715.0,751.0,765.0,838.0,845.0,846.0,854.0,875.0,877.0,927.0,935.0,972.0,
