107.0,171.0,175.0,183.0,229.0,312.0,334.0,373.0,386.0,416.0,487.0,490.0,528.0,530.0,558.0,589.0,611.0,623.0,626.0,674.0,751.0,824.0,844.0,893.0,895.0,911.0,923.0,942.0,951.0,981.0,
54.0,61.0,88.0,107.0,155.0,193.0,223.0,225.0,251.0,262.0,279.0,304.0,309.0,342.0,393.0,432.0,488.0,527.0,543.0,610.0,629.0,643.0,647.0,647.0,682.0,683.0,692.0,694.0,705.0,713.0,719.0,736.0,793.0,806.0,817.0,818.0,873.0,876.0,914.0,917.0,936.0,945.0,986.0,
33.0,89.0,92.0,104.0,110.0,132.0,158.0,160.0,172.0,268.0,273.0,276.0,282.0,291.0,335.0,346.0,374.0,377.0,416.0,467.0,479.0,487.0,511.0,540.0,572.0,608.0,625.0,645.0,668.0,718.0,726.0,737.0,788.0,830.0,889.0,963.0,970.0,995.0,999.0,
5.0,50.0,69.0,85.0,85.0,128.0,136.0,151.0,161.0,295.0,362.0,425.0,426.0,441.0,462.0,562.0,594.0,609.0,626.0,653.0,669.0,679.0,722.0,747.0,767.0,796.0,808.0,809.0,839.0,863.0,877.0,
30.0,111.0,123.0,165.0,177.0,194.0,209.0,221.0,256.0,271.0,339.0,397.0,399.0,407.0,460.0,477.0,493.0,493.0,507.0,520.0,538.0,601.0,657.0,661.0,665.0,668.0,680.0,682.0,689.0,709.0,709.0,742.0,754.0,765.0,807.0,831.0,876.0,929.0,954.0,969.0,970.0,995.0,
150.0,182.0,202.0,215.0,221.0,234.0,259.0,277.0,281.0,297.0,344.0,446.0,545.0,576.0,591.0,667.0,669.0,675.0,683.0,685.0,687.0,780.0,834.0,857.0,873.0,973.0,
117.0,219.0,224.0,258.0,258.0,305.0,314.0,323.0,338.0,340.0,373.0,421.0,450.0,450.0,490.0,527.0,556.0,615.0,623.0,638.0,642.0,717.0,722.0,738.0,753.0,760.0,768.0,781.0,782.0,828.0,828.0,860.0,860.0,885.0,885.0,890.0,993.0,
9.0,18.0,50.0,62.0,89.0,124.0,160.0,172.0,181.0,216.0,337.0,341.0,347.0,349.0,410.0,448.0,535.0,544.0,546.0,564.0,589.0,594.0,597.0,600.0,620.0,637.0,645.0,652.0,704.0,723.0,796.0,849.0,907.0,920.0,934.0,965.0,
31.0,90.0,92.0,100.0,100.0,150.0,164.0,216.0,319.0,348.0,409.0,446.0,480.0,516.0,523.0,531.0,568.0,626.0,689.0,718.0,750.0,757.0,790.0,805.0,834.0,847.0,874.0,910.0,965.0,973.0,978.0,994.0,
19.0,50.0,62.0,74.0,117.0,172.0,231.0,247.0,312.0,348.0,354.0,455.0,478.0,482.0,492.0,528.0,591.0,618.0,622.0,679.0,699.0,826.0,845.0,905.0,935.0,939.0,940.0,968.0,988.0,
38.0,48.0,48.0,67.0,73.0,76.0,100.0,115.0,130.0,137.0,174.0,186.0,205.0,276.0,287.0,360.0,386.0,389.0,394.0,400.0,409.0,410.0,467.0,473.0,501.0,531.0,573.0,582.0,594.0,607.0,619.0,642.0,649.0,714.0,721.0,755.0,806.0,811.0,814.0,822.0,833.0,870.0,871.0,883.0,917.0,944.0,984.0,
14.0,25.0,25.0,62.0,191.0,210.0,216.0,237.0,426.0,475.0,494.0,509.0,560.0,602.0,634.0,650.0,659.0,668.0,669.0,671.0,680.0,697.0,712.0,728.0,764.0,769.0,782.0,784.0,903.0,938.0,939.0,952.0,955.0,970.0,983.0,
24.0,27.0,101.0,107.0,139.0,199.0,217.0,232.0,253.0,254.0,294.0,305.0,351.0,387.0,407.0,457.0,461.0,485.0,503.0,524.0,566.0,577.0,579.0,590.0,598.0,610.0,673.0,682.0,683.0,720.0,729.0,755.0,843.0,870.0,893.0,897.0,926.0,928.0,930.0,938.0,952.0,
23.0,38.0,52.0,83.0,98.0,111.0,168.0,195.0,200.0,228.0,266.0,293.0,298.0,421.0,421.0,431.0,465.0,474.0,480.0,587.0,648.0,704.0,711.0,766.0,825.0,878.0,926.0,952.0,954.0,957.0,
89.0,90.0,94.0,147.0,152.0,170.0,174.0,178.0,201.0,213.0,237.0,347.0,377.0,388.0,395.0,426.0,451.0,454.0,455.0,456.0,557.0,557.0,642.0,666.0,693.0,696.0,710.0,739.0,741.0,743.0,747.0,748.0,785.0,862.0,937.0,987.0,
20.0,53.0,56.0,61.0,108.0,108.0,127.0,161.0,179.0,191.0,260.0,262.0,292.0,323.0,353.0,397.0,435.0,476.0,490.0,547.0,570.0,610.0,638.0,683.0,696.0,723.0,757.0,758.0,768.0,784.0,789.0,812.0,816.0,878.0,945.0,966.0,988.0,993.0,999.0,
8.0,26.0,34.0,35.0,60.0,116.0,118.0,145.0,152.0,156.0,181.0,191.0,214.0,222.0,230.0,234.0,261.0,281.0,347.0,388.0,494.0,495.0,585.0,595.0,605.0,633.0,689.0,732.0,733.0,738.0,739.0,752.0,767.0,782.0,842.0,865.0,873.0,879.0,908.0,977.0,
7.0,33.0,78.0,89.0,121.0,130.0,144.0,144.0,149.0,184.0,191.0,195.0,206.0,211.0,213.0,223.0,260.0,281.0,293.0,332.0,348.0,359.0,365.0,371.0,383.0,398.0,459.0,538.0,558.0,619.0,674.0,725.0,828.0,844.0,852.0,894.0,959.0,977.0,
3.0,5.0,35.0,67.0,69.0,80.0,144.0,226.0,262.0,297.0,327.0,364.0,373.0,404.0,427.0,435.0,451.0,510.0,515.0,552.0,592.0,616.0,625.0,659.0,660.0,698.0,701.0,747.0,752.0,757.0,757.0,758.0,765.0,777.0,801.0,823.0,825.0,952.0,981.0,986.0,999.0,
6.0,17.0,26.0,109.0,160.0,161.0,168.0,173.0,180.0,221.0,235.0,243.0,278.0,282.0,286.0,312.0,359.0,380.0,382.0,394.0,408.0,446.0,497.0,498.0,504.0,516.0,556.0,563.0,658.0,747.0,757.0,786.0,827.0,853.0,857.0,860.0,904.0,940.0,971.0,
44.0,49.0,105.0,107.0,164.0,180.0,199.0,213.0,213.0,227.0,236.0,240.0,251.0,252.0,271.0,271.0,336.0,349.0,356.0,362.0,382.0,393.0,423.0,473.0,488.0,505.0,508.0,525.0,530.0,540.0,562.0,622.0,628.0,693.0,748.0,778.0,789.0,796.0,820.0,841.0,842.0,860.0,860.0,864.0,913.0,927.0,929.0,945.0,951.0,962.0,975.0,989.0,
15.0,64.0,79.0,79.0,132.0,161.0,179.0,202.0,223.0,276.0,372.0,378.0,381.0,408.0,439.0,443.0,452.0,560.0,562.0,563.0,565.0,622.0,731.0,779.0,791.0,809.0,863.0,890.0,919.0,951.0,
56.0,69.0,104.0,108.0,158.0,159.0,223.0,233.0,265.0,275.0,288.0,306.0,319.0,361.0,368.0,369.0,398.0,404.0,429.0,441.0,470.0,512.0,515.0,516.0,544.0,559.0,561.0,575.0,578.0,580.0,581.0,588.0,656.0,699.0,727.0,731.0,742.0,743.0,754.0,835.0,924.0,949.0,
2.0,5.0,15.0,45.0,102.0,125.0,236.0,311.0,351.0,392.0,439.0,481.0,489.0,528.0,547.0,585.0,635.0,669.0,754.0,822.0,831.0,855.0,860.0,917.0,947.0,959.0,959.0,985.0,986.0,
16.0,70.0,99.0,107.0,113.0,137.0,146.0,215.0,292.0,302.0,316.0,329.0,336.0,349.0,367.0,412.0,464.0,500.0,505.0,512.0,530.0,619.0,623.0,652.0,671.0,675.0,715.0,724.0,770.0,771.0,785.0,863.0,899.0,967.0,969.0,992.0,
10.0,26.0,60.0,91.0,98.0,155.0,187.0,211.0,216.0,238.0,264.0,303.0,317.0,344.0,366.0,378.0,378.0,383.0,384.0,388.0,414.0,414.0,424.0,426.0,482.0,520.0,551.0,551.0,563.0,576.0,597.0,631.0,657.0,749.0,759.0,804.0,814.0,822.0,845.0,851.0,930.0,979.0,996.0,
20.0,45.0,55.0,71.0,85.0,89.0,179.0,196.0,208.0,297.0,306.0,326.0,338.0,386.0,389.0,427.0,429.0,511.0,583.0,593.0,647.0,711.0,723.0,764.0,769.0,780.0,937.0,944.0,998.0,
3.0,43.0,53.0,80.0,93.0,132.0,148.0,158.0,171.0,171.0,198.0,234.0,256.0,281.0,304.0,313.0,323.0,340.0,362.0,392.0,468.0,471.0,472.0,487.0,490.0,555.0,576.0,638.0,647.0,679.0,680.0,704.0,743.0,765.0,767.0,785.0,809.0,811.0,815.0,844.0,846.0,850.0,922.0,943.0,949.0,951.0,985.0,
30.0,31.0,97.0,100.0,156.0,177.0,182.0,189.0,215.0,240.0,303.0,335.0,346.0,402.0,426.0,445.0,460.0,522.0,583.0,604.0,677.0,730.0,787.0,806.0,817.0,822.0,854.0,880.0,948.0,976.0,988.0,
4.0,26.0,72.0,77.0,79.0,102.0,128.0,302.0,316.0,349.0,357.0,359.0,363.0,440.0,442.0,445.0,462.0,494.0,510.0,517.0,610.0,627.0,639.0,751.0,769.0,789.0,813.0,871.0,958.0,965.0,987.0,
22.0,69.0,85.0,109.0,180.0,184.0,194.0,206.0,239.0,282.0,302.0,304.0,315.0,327.0,336.0,394.0,429.0,464.0,471.0,474.0,511.0,514.0,524.0,553.0,565.0,597.0,606.0,674.0,683.0,700.0,715.0,762.0,770.0,795.0,808.0,810.0,845.0,870.0,885.0,904.0,912.0,918.0,931.0,946.0,
11.0,83.0,121.0,132.0,143.0,161.0,200.0,214.0,236.0,266.0,274.0,312.0,319.0,349.0,391.0,402.0,405.0,455.0,472.0,507.0,514.0,566.0,594.0,603.0,643.0,653.0,672.0,690.0,701.0,735.0,740.0,740.0,776.0,792.0,806.0,836.0,844.0,889.0,927.0,963.0,
37.0,56.0,62.0,118.0,189.0,205.0,245.0,266.0,283.0,322.0,327.0,359.0,366.0,394.0,429.0,439.0,460.0,491.0,514.0,572.0,587.0,630.0,656.0,703.0,762.0,770.0,780.0,791.0,804.0,858.0,938.0,967.0,
16.0,42.0,76.0,91.0,132.0,200.0,227.0,242.0,279.0,307.0,324.0,352.0,369.0,378.0,382.0,398.0,404.0,411.0,436.0,456.0,484.0,523.0,568.0,583.0,637.0,671.0,693.0,737.0,764.0,808.0,839.0,851.0,852.0,868.0,868.0,870.0,893.0,901.0,903.0,907.0,939.0,953.0,955.0,960.0,
5.0,6.0,31.0,45.0,64.0,149.0,225.0,234.0,285.0,296.0,297.0,348.0,376.0,378.0,393.0,424.0,455.0,484.0,499.0,506.0,531.0,555.0,581.0,600.0,629.0,630.0,630.0,674.0,718.0,721.0,738.0,744.0,775.0,813.0,829.0,853.0,911.0,929.0,980.0,
27.0,46.0,71.0,93.0,101.0,102.0,108.0,117.0,141.0,161.0,163.0,170.0,183.0,286.0,329.0,364.0,468.0,490.0,561.0,623.0,651.0,708.0,723.0,727.0,768.0,864.0,921.0,941.0,947.0,
61.0,67.0,73.0,102.0,138.0,201.0,213.0,213.0,269.0,271.0,279.0,315.0,370.0,374.0,392.0,412.0,450.0,483.0,485.0,523.0,538.0,541.0,542.0,557.0,569.0,584.0,629.0,644.0,669.0,684.0,737.0,831.0,840.0,869.0,910.0,926.0,940.0,
22.0,41.0,60.0,84.0,89.0,93.0,115.0,178.0,209.0,214.0,214.0,244.0,339.0,348.0,411.0,423.0,469.0,496.0,504.0,552.0,591.0,653.0,705.0,733.0,742.0,766.0,768.0,779.0,787.0,846.0,865.0,899.0,940.0,
38.0,39.0,48.0,60.0,96.0,107.0,116.0,132.0,155.0,172.0,212.0,233.0,251.0,306.0,362.0,403.0,448.0,470.0,484.0,499.0,525.0,558.0,569.0,584.0,598.0,600.0,631.0,652.0,654.0,735.0,769.0,841.0,876.0,898.0,901.0,924.0,957.0,957.0,
8.0,9.0,143.0,145.0,155.0,189.0,193.0,199.0,237.0,237.0,252.0,253.0,337.0,354.0,364.0,400.0,422.0,429.0,451.0,455.0,459.0,463.0,471.0,472.0,474.0,480.0,525.0,534.0,635.0,635.0,642.0,663.0,679.0,716.0,750.0,829.0,839.0,850.0,883.0,910.0,935.0,966.0,992.0,
8.0,55.0,87.0,95.0,100.0,110.0,143.0,254.0,318.0,336.0,347.0,380.0,399.0,465.0,548.0,570.0,596.0,633.0,686.0,736.0,737.0,751.0,761.0,762.0,784.0,857.0,860.0,862.0,866.0,875.0,916.0,971.0,984.0,997.0,998.0,998.0,
47.0,93.0,114.0,119.0,129.0,159.0,184.0,214.0,222.0,237.0,250.0,270.0,279.0,294.0,327.0,333.0,407.0,445.0,459.0,479.0,502.0,532.0,708.0,767.0,778.0,791.0,805.0,826.0,826.0,857.0,880.0,883.0,922.0,923.0,
23.0,65.0,85.0,109.0,121.0,147.0,154.0,168.0,269.0,278.0,346.0,375.0,404.0,436.0,486.0,488.0,500.0,553.0,642.0,661.0,664.0,734.0,742.0,800.0,846.0,896.0,944.0,987.0,
17.0,35.0,47.0,84.0,94.0,120.0,126.0,156.0,246.0,251.0,269.0,311.0,347.0,355.0,408.0,413.0,425.0,500.0,518.0,519.0,519.0,595.0,607.0,629.0,658.0,693.0,849.0,882.0,986.0,
13.0,16.0,63.0,118.0,125.0,129.0,141.0,143.0,161.0,166.0,190.0,227.0,250.0,359.0,373.0,381.0,436.0,447.0,460.0,489.0,497.0,566.0,570.0,644.0,658.0,684.0,706.0,714.0,748.0,813.0,825.0,851.0,953.0,981.0,
2.0,24.0,34.0,38.0,89.0,95.0,161.0,165.0,215.0,245.0,251.0,261.0,291.0,380.0,393.0,403.0,428.0,447.0,480.0,505.0,515.0,522.0,524.0,525.0,533.0,534.0,546.0,551.0,570.0,572.0,573.0,597.0,611.0,624.0,632.0,632.0,663.0,667.0,689.0,701.0,705.0,706.0,712.0,722.0,725.0,747.0,775.0,788.0,790.0,829.0,831.0,845.0,860.0,887.0,888.0,895.0,903.0,919.0,921.0,946.0,954.0,989.0,
14.0,36.0,41.0,43.0,97.0,137.0,161.0,225.0,288.0,288.0,305.0,336.0,345.0,354.0,364.0,416.0,450.0,487.0,489.0,493.0,519.0,520.0,528.0,536.0,542.0,556.0,558.0,592.0,592.0,598.0,637.0,642.0,654.0,722.0,723.0,828.0,841.0,844.0,867.0,897.0,906.0,967.0,991.0,
9.0,34.0,44.0,81.0,130.0,143.0,188.0,199.0,214.0,231.0,234.0,283.0,292.0,342.0,356.0,373.0,376.0,383.0,404.0,411.0,417.0,431.0,480.0,484.0,494.0,504.0,525.0,571.0,573.0,652.0,658.0,663.0,683.0,730.0,749.0,764.0,765.0,820.0,830.0,832.0,843.0,885.0,891.0,906.0,916.0,916.0,
24.0,38.0,43.0,76.0,80.0,114.0,149.0,185.0,229.0,256.0,272.0,359.0,365.0,375.0,377.0,408.0,426.0,456.0,477.0,560.0,643.0,714.0,716.0,722.0,778.0,787.0,792.0,
28.0,183.0,194.0,237.0,272.0,276.0,286.0,356.0,373.0,392.0,399.0,435.0,481.0,514.0,540.0,592.0,625.0,626.0,677.0,724.0,745.0,757.0,794.0,811.0,837.0,841.0,846.0,847.0,854.0,889.0,918.0,950.0,
8.0,46.0,50.0,106.0,124.0,124.0,160.0,199.0,229.0,236.0,284.0,306.0,325.0,357.0,365.0,373.0,391.0,413.0,416.0,419.0,448.0,468.0,481.0,499.0,500.0,503.0,508.0,524.0,568.0,578.0,637.0,689.0,692.0,775.0,918.0,962.0,972.0,
3.0,20.0,27.0,60.0,119.0,125.0,148.0,251.0,320.0,383.0,439.0,559.0,589.0,666.0,691.0,701.0,708.0,892.0,904.0,909.0,923.0,954.0,961.0,978.0,
76.0,82.0,120.0,167.0,195.0,236.0,268.0,320.0,361.0,367.0,381.0,388.0,420.0,449.0,529.0,541.0,554.0,558.0,567.0,576.0,582.0,634.0,685.0,706.0,753.0,762.0,786.0,819.0,822.0,828.0,829.0,853.0,905.0,908.0,940.0,981.0,986.0,
18.0,22.0,26.0,33.0,39.0,43.0,106.0,118.0,132.0,136.0,179.0,209.0,257.0,259.0,292.0,296.0,329.0,400.0,474.0,549.0,585.0,596.0,625.0,637.0,642.0,655.0,701.0,736.0,796.0,816.0,832.0,834.0,896.0,902.0,907.0,936.0,
4.0,7.0,68.0,111.0,123.0,191.0,204.0,216.0,283.0,354.0,390.0,448.0,467.0,509.0,515.0,515.0,522.0,524.0,527.0,531.0,532.0,545.0,549.0,550.0,578.0,580.0,591.0,603.0,614.0,629.0,660.0,666.0,682.0,693.0,697.0,700.0,705.0,716.0,737.0,746.0,747.0,826.0,849.0,921.0,926.0,941.0,942.0,959.0,
5.0,8.0,27.0,41.0,50.0,65.0,132.0,133.0,149.0,236.0,256.0,257.0,327.0,417.0,510.0,514.0,532.0,534.0,537.0,539.0,541.0,545.0,546.0,547.0,551.0,552.0,553.0,554.0,556.0,569.0,575.0,575.0,603.0,606.0,627.0,629.0,631.0,633.0,638.0,656.0,656.0,658.0,662.0,665.0,666.0,668.0,676.0,684.0,687.0,688.0,693.0,710.0,712.0,729.0,734.0,750.0,755.0,770.0,779.0,817.0,820.0,828.0,839.0,841.0,847.0,848.0,856.0,867.0,870.0,891.0,894.0,901.0,901.0,915.0,926.0,931.0,955.0,956.0,979.0,998.0,
6.0,77.0,79.0,178.0,191.0,220.0,282.0,287.0,511.0,511.0,519.0,523.0,525.0,535.0,537.0,548.0,554.0,561.0,586.0,587.0,620.0,622.0,630.0,635.0,635.0,637.0,647.0,652.0,654.0,661.0,663.0,670.0,679.0,684.0,688.0,689.0,692.0,697.0,698.0,705.0,716.0,718.0,740.0,750.0,752.0,756.0,768.0,818.0,821.0,831.0,834.0,843.0,859.0,876.0,876.0,879.0,891.0,903.0,907.0,917.0,968.0,979.0,997.0,1000.0,
13.0,23.0,32.0,40.0,41.0,57.0,82.0,87.0,108.0,114.0,156.0,175.0,251.0,252.0,292.0,338.0,339.0,347.0,378.0,428.0,454.0,458.0,461.0,464.0,473.0,477.0,511.0,574.0,583.0,585.0,609.0,633.0,734.0,846.0,
18.0,34.0,76.0,116.0,129.0,130.0,199.0,207.0,223.0,273.0,287.0,288.0,301.0,398.0,409.0,422.0,437.0,444.0,465.0,478.0,491.0,509.0,513.0,587.0,640.0,654.0,702.0,703.0,715.0,723.0,754.0,755.0,791.0,847.0,891.0,970.0,980.0,980.0,992.0,998.0,
11.0,12.0,24.0,136.0,150.0,178.0,225.0,249.0,249.0,287.0,309.0,318.0,332.0,344.0,359.0,365.0,402.0,417.0,427.0,441.0,448.0,464.0,467.0,483.0,517.0,528.0,530.0,538.0,560.0,588.0,597.0,609.0,622.0,691.0,735.0,776.0,777.0,818.0,824.0,854.0,885.0,896.0,923.0,946.0,985.0,
101.0,122.0,147.0,160.0,191.0,207.0,222.0,222.0,238.0,270.0,276.0,285.0,295.0,296.0,316.0,361.0,368.0,381.0,497.0,541.0,653.0,663.0,729.0,757.0,766.0,803.0,939.0,990.0,
29.0,164.0,180.0,239.0,242.0,300.0,308.0,312.0,358.0,384.0,426.0,447.0,477.0,480.0,485.0,493.0,505.0,507.0,521.0,544.0,554.0,563.0,585.0,627.0,709.0,709.0,715.0,716.0,808.0,837.0,892.0,971.0,995.0,
31.0,38.0,72.0,112.0,115.0,119.0,160.0,162.0,206.0,227.0,319.0,320.0,339.0,339.0,363.0,364.0,365.0,385.0,403.0,406.0,407.0,419.0,469.0,481.0,486.0,547.0,551.0,555.0,571.0,577.0,596.0,627.0,696.0,696.0,700.0,727.0,729.0,776.0,809.0,810.0,839.0,906.0,912.0,914.0,921.0,933.0,944.0,991.0,996.0,
68.0,69.0,86.0,100.0,100.0,127.0,131.0,168.0,191.0,255.0,272.0,287.0,295.0,331.0,431.0,456.0,501.0,521.0,566.0,567.0,585.0,593.0,652.0,706.0,714.0,797.0,821.0,829.0,879.0,893.0,898.0,987.0,990.0,
13.0,76.0,105.0,143.0,274.0,279.0,288.0,365.0,391.0,396.0,400.0,401.0,429.0,430.0,443.0,458.0,528.0,531.0,624.0,719.0,736.0,776.0,779.0,781.0,802.0,806.0,885.0,974.0,
47.0,100.0,170.0,192.0,207.0,211.0,282.0,323.0,370.0,399.0,400.0,439.0,493.0,507.0,515.0,525.0,535.0,540.0,541.0,544.0,556.0,559.0,564.0,567.0,571.0,572.0,586.0,602.0,609.0,614.0,616.0,618.0,628.0,631.0,636.0,637.0,649.0,682.0,706.0,779.0,810.0,810.0,817.0,820.0,874.0,886.0,897.0,904.0,910.0,914.0,916.0,927.0,990.0,
95.0,126.0,178.0,190.0,231.0,273.0,282.0,286.0,299.0,303.0,308.0,332.0,349.0,381.0,400.0,426.0,431.0,442.0,445.0,462.0,528.0,531.0,538.0,544.0,544.0,608.0,647.0,653.0,668.0,708.0,711.0,712.0,772.0,775.0,787.0,821.0,857.0,881.0,886.0,972.0,985.0,988.0,
12.0,15.0,23.0,57.0,62.0,154.0,180.0,191.0,272.0,283.0,288.0,320.0,339.0,563.0,632.0,666.0,807.0,837.0,847.0,849.0,867.0,869.0,890.0,933.0,936.0,955.0,
35.0,66.0,117.0,199.0,217.0,275.0,376.0,492.0,500.0,513.0,552.0,554.0,556.0,563.0,565.0,632.0,640.0,670.0,672.0,737.0,741.0,752.0,759.0,785.0,837.0,847.0,867.0,900.0,975.0,
17.0,37.0,87.0,150.0,156.0,166.0,195.0,214.0,217.0,228.0,229.0,238.0,311.0,317.0,337.0,360.0,366.0,388.0,390.0,393.0,409.0,417.0,445.0,509.0,570.0,599.0,626.0,629.0,672.0,696.0,719.0,739.0,739.0,745.0,801.0,809.0,832.0,853.0,886.0,894.0,926.0,966.0,
13.0,35.0,53.0,77.0,95.0,105.0,132.0,137.0,149.0,258.0,260.0,289.0,313.0,400.0,416.0,451.0,488.0,533.0,587.0,603.0,629.0,668.0,672.0,764.0,779.0,792.0,811.0,835.0,844.0,861.0,862.0,876.0,934.0,982.0,982.0,
26.0,71.0,105.0,108.0,139.0,141.0,164.0,175.0,206.0,207.0,216.0,243.0,262.0,268.0,296.0,327.0,336.0,348.0,351.0,362.0,397.0,429.0,456.0,456.0,463.0,486.0,499.0,553.0,564.0,573.0,581.0,632.0,775.0,800.0,947.0,
59.0,152.0,168.0,201.0,208.0,302.0,431.0,431.0,457.0,457.0,499.0,581.0,586.0,630.0,638.0,647.0,709.0,714.0,749.0,771.0,869.0,890.0,908.0,942.0,947.0,958.0,991.0,
19.0,22.0,82.0,102.0,103.0,112.0,173.0,239.0,260.0,281.0,306.0,393.0,400.0,405.0,441.0,486.0,539.0,571.0,595.0,619.0,629.0,640.0,645.0,692.0,725.0,739.0,775.0,856.0,873.0,954.0,957.0,965.0,
4.0,23.0,54.0,83.0,121.0,123.0,128.0,133.0,140.0,145.0,156.0,187.0,204.0,222.0,225.0,231.0,266.0,267.0,272.0,304.0,330.0,337.0,346.0,359.0,413.0,415.0,456.0,473.0,500.0,518.0,528.0,535.0,585.0,597.0,637.0,644.0,664.0,673.0,686.0,744.0,764.0,894.0,926.0,951.0,
63.0,81.0,128.0,143.0,147.0,150.0,168.0,180.0,181.0,189.0,192.0,229.0,252.0,260.0,293.0,296.0,311.0,317.0,343.0,411.0,488.0,538.0,584.0,646.0,657.0,678.0,727.0,811.0,891.0,
34.0,37.0,152.0,155.0,187.0,192.0,201.0,202.0,234.0,268.0,314.0,365.0,411.0,497.0,507.0,516.0,539.0,562.0,586.0,634.0,674.0,678.0,726.0,746.0,820.0,838.0,881.0,890.0,954.0,
8.0,10.0,14.0,43.0,63.0,64.0,129.0,141.0,157.0,191.0,202.0,224.0,283.0,293.0,339.0,436.0,600.0,615.0,658.0,661.0,668.0,675.0,686.0,690.0,710.0,711.0,751.0,792.0,812.0,833.0,849.0,858.0,878.0,895.0,912.0,923.0,951.0,955.0,976.0,986.0,
4.0,44.0,45.0,112.0,115.0,149.0,188.0,226.0,230.0,280.0,284.0,379.0,387.0,388.0,451.0,486.0,518.0,546.0,559.0,586.0,605.0,610.0,641.0,652.0,679.0,692.0,708.0,778.0,785.0,791.0,791.0,816.0,822.0,827.0,949.0,955.0,964.0,
31.0,39.0,51.0,56.0,73.0,83.0,151.0,164.0,211.0,248.0,254.0,327.0,332.0,352.0,374.0,378.0,413.0,418.0,428.0,432.0,478.0,498.0,498.0,508.0,539.0,547.0,613.0,626.0,628.0,831.0,858.0,867.0,868.0,884.0,889.0,901.0,914.0,917.0,
19.0,39.0,40.0,111.0,153.0,176.0,189.0,211.0,219.0,220.0,221.0,299.0,307.0,320.0,322.0,339.0,342.0,350.0,379.0,386.0,437.0,442.0,447.0,461.0,466.0,508.0,513.0,519.0,600.0,609.0,610.0,677.0,696.0,711.0,746.0,819.0,850.0,862.0,878.0,930.0,957.0,966.0,
20.0,35.0,73.0,75.0,122.0,131.0,187.0,205.0,233.0,254.0,276.0,280.0,287.0,356.0,387.0,398.0,404.0,410.0,414.0,434.0,523.0,543.0,585.0,593.0,613.0,622.0,628.0,661.0,670.0,709.0,720.0,853.0,954.0,962.0,
12.0,46.0,75.0,80.0,116.0,133.0,159.0,190.0,223.0,240.0,266.0,287.0,291.0,300.0,308.0,315.0,337.0,452.0,495.0,499.0,512.0,560.0,593.0,613.0,644.0,647.0,690.0,755.0,769.0,790.0,802.0,863.0,871.0,889.0,904.0,955.0,977.0,
18.0,27.0,36.0,41.0,46.0,84.0,98.0,100.0,107.0,117.0,212.0,239.0,258.0,258.0,266.0,299.0,405.0,421.0,423.0,467.0,530.0,570.0,637.0,644.0,677.0,677.0,733.0,776.0,785.0,883.0,886.0,924.0,930.0,983.0,
16.0,40.0,41.0,68.0,68.0,84.0,92.0,113.0,130.0,163.0,181.0,191.0,211.0,219.0,220.0,273.0,287.0,303.0,313.0,397.0,422.0,438.0,454.0,470.0,475.0,506.0,507.0,519.0,583.0,591.0,632.0,644.0,691.0,694.0,696.0,697.0,705.0,707.0,733.0,803.0,812.0,817.0,897.0,898.0,947.0,952.0,
39.0,42.0,68.0,102.0,165.0,178.0,265.0,361.0,371.0,377.0,424.0,605.0,612.0,684.0,719.0,721.0,832.0,839.0,854.0,875.0,875.0,876.0,886.0,914.0,975.0,982.0,997.0,
29.0,34.0,53.0,64.0,69.0,79.0,87.0,104.0,141.0,201.0,226.0,262.0,264.0,298.0,304.0,304.0,337.0,357.0,364.0,382.0,383.0,412.0,435.0,437.0,448.0,504.0,505.0,601.0,614.0,652.0,658.0,677.0,686.0,702.0,788.0,788.0,832.0,846.0,880.0,881.0,886.0,902.0,909.0,942.0,951.0,960.0,967.0,
58.0,87.0,88.0,97.0,102.0,117.0,141.0,209.0,249.0,283.0,304.0,339.0,345.0,404.0,404.0,464.0,465.0,493.0,504.0,532.0,663.0,711.0,884.0,899.0,900.0,901.0,915.0,917.0,971.0,994.0,
10.0,27.0,38.0,69.0,114.0,126.0,223.0,233.0,249.0,266.0,380.0,383.0,400.0,444.0,492.0,517.0,522.0,539.0,580.0,585.0,596.0,601.0,656.0,694.0,710.0,737.0,744.0,745.0,775.0,781.0,787.0,809.0,826.0,965.0,
20.0,34.0,41.0,64.0,67.0,74.0,122.0,182.0,204.0,214.0,244.0,254.0,328.0,390.0,407.0,426.0,440.0,506.0,531.0,534.0,547.0,549.0,556.0,619.0,624.0,641.0,687.0,695.0,696.0,730.0,746.0,822.0,822.0,860.0,917.0,925.0,951.0,995.0,
18.0,55.0,60.0,103.0,128.0,131.0,131.0,262.0,317.0,319.0,321.0,417.0,419.0,448.0,457.0,466.0,480.0,577.0,606.0,666.0,691.0,696.0,699.0,702.0,732.0,785.0,840.0,900.0,901.0,924.0,935.0,949.0,961.0,964.0,969.0,977.0,986.0,996.0,998.0,
49.0,107.0,132.0,148.0,150.0,180.0,230.0,253.0,287.0,297.0,305.0,311.0,323.0,337.0,339.0,351.0,352.0,359.0,378.0,402.0,412.0,454.0,475.0,678.0,708.0,743.0,800.0,868.0,877.0,878.0,885.0,899.0,
76.0,114.0,120.0,189.0,200.0,202.0,244.0,247.0,252.0,276.0,294.0,312.0,321.0,338.0,349.0,361.0,403.0,417.0,471.0,514.0,532.0,532.0,586.0,605.0,637.0,671.0,779.0,788.0,791.0,792.0,821.0,861.0,864.0,898.0,907.0,943.0,970.0,981.0,
10.0,67.0,84.0,87.0,95.0,239.0,241.0,255.0,337.0,340.0,342.0,356.0,377.0,392.0,423.0,427.0,433.0,460.0,495.0,527.0,536.0,550.0,597.0,643.0,684.0,686.0,694.0,714.0,739.0,799.0,935.0,979.0,
61.0,77.0,85.0,93.0,100.0,131.0,157.0,168.0,247.0,348.0,352.0,392.0,399.0,401.0,402.0,403.0,414.0,416.0,425.0,432.0,436.0,446.0,448.0,478.0,493.0,495.0,534.0,577.0,590.0,591.0,718.0,771.0,796.0,796.0,834.0,893.0,902.0,978.0,
9.0,15.0,46.0,56.0,77.0,83.0,102.0,194.0,210.0,214.0,257.0,257.0,269.0,292.0,300.0,314.0,334.0,336.0,341.0,343.0,383.0,399.0,440.0,520.0,526.0,543.0,596.0,616.0,621.0,647.0,706.0,713.0,838.0,841.0,945.0,
18.0,37.0,94.0,95.0,100.0,104.0,146.0,148.0,167.0,235.0,299.0,392.0,408.0,448.0,458.0,461.0,521.0,553.0,572.0,604.0,606.0,674.0,681.0,689.0,701.0,708.0,720.0,784.0,815.0,835.0,867.0,957.0,980.0,983.0,
23.0,78.0,92.0,103.0,138.0,152.0,172.0,209.0,210.0,254.0,288.0,299.0,320.0,346.0,360.0,389.0,391.0,486.0,557.0,601.0,627.0,632.0,636.0,642.0,726.0,788.0,822.0,827.0,833.0,906.0,909.0,932.0,946.0,956.0,970.0,
35.0,38.0,96.0,123.0,124.0,150.0,169.0,192.0,202.0,217.0,238.0,292.0,390.0,392.0,399.0,415.0,432.0,438.0,459.0,487.0,520.0,558.0,566.0,581.0,629.0,725.0,748.0,756.0,781.0,800.0,865.0,897.0,911.0,927.0,928.0,936.0,975.0,
38.0,39.0,68.0,73.0,93.0,149.0,160.0,179.0,198.0,204.0,223.0,258.0,314.0,328.0,387.0,398.0,452.0,465.0,469.0,496.0,506.0,516.0,518.0,552.0,585.0,589.0,604.0,631.0,633.0,635.0,668.0,669.0,687.0,745.0,760.0,821.0,859.0,874.0,875.0,878.0,881.0,888.0,918.0,939.0,991.0,
