22.0,35.0,45.0,71.0,75.0,176.0,179.0,202.0,230.0,310.0,333.0,335.0,393.0,428.0,452.0,457.0,516.0,576.0,582.0,592.0,632.0,696.0,749.0,780.0,781.0,802.0,827.0,861.0,865.0,886.0,913.0,922.0,930.0,933.0,945.0,950.0,995.0,
98.0,125.0,156.0,159.0,171.0,176.0,189.0,200.0,241.0,280.0,318.0,318.0,365.0,375.0,416.0,442.0,449.0,449.0,475.0,498.0,507.0,513.0,536.0,582.0,606.0,626.0,638.0,700.0,728.0,737.0,739.0,748.0,787.0,876.0,911.0,919.0,945.0,995.0,1000.0,
40.0,85.0,127.0,234.0,283.0,295.0,348.0,355.0,378.0,383.0,478.0,519.0,527.0,593.0,608.0,613.0,621.0,627.0,642.0,646.0,700.0,761.0,844.0,851.0,861.0,920.0,950.0,979.0,
5.0,23.0,28.0,69.0,134.0,136.0,140.0,180.0,189.0,199.0,206.0,237.0,283.0,300.0,384.0,391.0,446.0,458.0,511.0,514.0,528.0,548.0,555.0,578.0,595.0,638.0,736.0,737.0,769.0,786.0,797.0,804.0,830.0,843.0,859.0,877.0,903.0,919.0,937.0,980.0,990.0,992.0,
10.0,29.0,73.0,149.0,211.0,217.0,234.0,242.0,287.0,295.0,316.0,317.0,319.0,326.0,338.0,369.0,414.0,436.0,472.0,492.0,544.0,594.0,737.0,742.0,866.0,960.0,985.0,
42.0,67.0,94.0,130.0,139.0,179.0,183.0,190.0,194.0,207.0,280.0,292.0,341.0,346.0,375.0,389.0,390.0,411.0,447.0,459.0,489.0,490.0,499.0,500.0,520.0,614.0,664.0,718.0,757.0,838.0,850.0,
2.0,9.0,79.0,94.0,123.0,142.0,149.0,150.0,177.0,177.0,197.0,206.0,213.0,234.0,248.0,252.0,285.0,299.0,332.0,342.0,357.0,361.0,366.0,367.0,398.0,417.0,420.0,455.0,503.0,516.0,519.0,523.0,573.0,584.0,595.0,608.0,647.0,654.0,711.0,738.0,776.0,783.0,821.0,946.0,960.0,1000.0,
29.0,52.0,54.0,61.0,62.0,84.0,92.0,147.0,190.0,202.0,219.0,248.0,266.0,278.0,347.0,348.0,399.0,401.0,413.0,416.0,438.0,507.0,523.0,534.0,553.0,591.0,646.0,726.0,732.0,770.0,799.0,808.0,856.0,894.0,896.0,897.0,916.0,916.0,985.0,997.0,
16.0,39.0,45.0,61.0,86.0,115.0,190.0,229.0,236.0,271.0,272.0,300.0,333.0,343.0,379.0,381.0,428.0,455.0,463.0,468.0,501.0,554.0,575.0,617.0,631.0,661.0,688.0,752.0,811.0,854.0,890.0,903.0,904.0,940.0,946.0,
75.0,145.0,149.0,235.0,247.0,249.0,276.0,297.0,374.0,472.0,486.0,496.0,521.0,541.0,550.0,559.0,574.0,604.0,631.0,635.0,672.0,690.0,723.0,727.0,731.0,767.0,798.0,814.0,842.0,846.0,942.0,948.0,
35.0,41.0,56.0,65.0,126.0,158.0,164.0,175.0,231.0,257.0,259.0,304.0,328.0,358.0,377.0,466.0,482.0,535.0,549.0,571.0,581.0,583.0,596.0,615.0,628.0,632.0,653.0,709.0,722.0,781.0,817.0,881.0,892.0,934.0,945.0,972.0,984.0,1000.0,
3.0,3.0,6.0,8.0,34.0,57.0,59.0,59.0,75.0,77.0,81.0,90.0,149.0,153.0,162.0,163.0,197.0,230.0,241.0,280.0,303.0,321.0,323.0,344.0,366.0,381.0,456.0,459.0,521.0,531.0,584.0,591.0,611.0,619.0,623.0,638.0,646.0,680.0,696.0,697.0,700.0,738.0,786.0,842.0,908.0,912.0,926.0,960.0,966.0,
12.0,55.0,72.0,72.0,96.0,107.0,171.0,256.0,257.0,269.0,304.0,312.0,313.0,323.0,325.0,355.0,372.0,433.0,478.0,480.0,556.0,577.0,628.0,630.0,639.0,670.0,739.0,744.0,794.0,795.0,
74.0,157.0,172.0,182.0,197.0,209.0,272.0,287.0,326.0,362.0,391.0,404.0,428.0,462.0,463.0,475.0,493.0,496.0,517.0,535.0,535.0,549.0,553.0,560.0,561.0,593.0,628.0,645.0,654.0,725.0,769.0,817.0,873.0,906.0,942.0,959.0,967.0,991.0,
125.0,149.0,161.0,169.0,212.0,239.0,286.0,299.0,333.0,350.0,351.0,358.0,376.0,376.0,409.0,412.0,434.0,442.0,495.0,503.0,508.0,509.0,522.0,527.0,530.0,532.0,533.0,536.0,576.0,591.0,601.0,610.0,647.0,654.0,688.0,727.0,804.0,824.0,834.0,894.0,947.0,964.0,
38.0,44.0,46.0,72.0,76.0,83.0,107.0,110.0,130.0,137.0,159.0,221.0,320.0,336.0,341.0,344.0,344.0,364.0,368.0,384.0,408.0,427.0,461.0,464.0,527.0,532.0,541.0,545.0,545.0,551.0,557.0,559.0,561.0,587.0,596.0,598.0,708.0,727.0,744.0,807.0,831.0,835.0,857.0,959.0,983.0,
13.0,25.0,29.0,36.0,37.0,71.0,76.0,98.0,100.0,126.0,148.0,164.0,170.0,219.0,324.0,342.0,439.0,527.0,527.0,543.0,547.0,564.0,587.0,662.0,705.0,715.0,854.0,874.0,886.0,913.0,953.0,
35.0,57.0,76.0,94.0,117.0,144.0,237.0,242.0,254.0,320.0,342.0,350.0,363.0,371.0,375.0,385.0,431.0,459.0,476.0,518.0,520.0,573.0,575.0,654.0,654.0,791.0,939.0,
40.0,47.0,49.0,104.0,245.0,249.0,257.0,259.0,352.0,470.0,475.0,566.0,688.0,699.0,713.0,732.0,810.0,832.0,834.0,836.0,845.0,907.0,954.0,974.0,988.0,1000.0,
42.0,65.0,80.0,136.0,159.0,184.0,185.0,259.0,276.0,314.0,358.0,381.0,417.0,435.0,474.0,545.0,548.0,564.0,598.0,622.0,630.0,700.0,731.0,770.0,800.0,839.0,849.0,857.0,914.0,921.0,939.0,973.0,
3.0,46.0,77.0,113.0,192.0,202.0,210.0,238.0,286.0,314.0,316.0,337.0,369.0,385.0,422.0,457.0,478.0,497.0,498.0,513.0,546.0,549.0,567.0,570.0,612.0,617.0,618.0,640.0,645.0,784.0,805.0,832.0,868.0,874.0,926.0,935.0,957.0,972.0,
10.0,29.0,49.0,49.0,106.0,115.0,164.0,177.0,258.0,311.0,340.0,341.0,346.0,360.0,363.0,367.0,391.0,393.0,416.0,496.0,511.0,571.0,581.0,628.0,638.0,646.0,652.0,662.0,838.0,905.0,965.0,977.0,980.0,
12.0,43.0,51.0,119.0,138.0,145.0,190.0,224.0,241.0,251.0,264.0,275.0,277.0,312.0,334.0,397.0,411.0,467.0,493.0,546.0,661.0,665.0,691.0,711.0,749.0,758.0,795.0,816.0,829.0,864.0,963.0,992.0,
21.0,30.0,76.0,160.0,191.0,228.0,250.0,324.0,329.0,340.0,417.0,462.0,491.0,535.0,535.0,541.0,545.0,546.0,566.0,577.0,578.0,580.0,584.0,598.0,601.0,611.0,612.0,614.0,654.0,668.0,672.0,697.0,700.0,709.0,725.0,727.0,733.0,756.0,762.0,769.0,774.0,793.0,840.0,842.0,844.0,858.0,878.0,901.0,928.0,941.0,944.0,960.0,
12.0,26.0,58.0,91.0,108.0,112.0,116.0,120.0,121.0,158.0,211.0,217.0,252.0,266.0,287.0,299.0,307.0,317.0,330.0,378.0,392.0,416.0,419.0,440.0,441.0,498.0,522.0,530.0,535.0,538.0,539.0,539.0,540.0,545.0,547.0,550.0,552.0,554.0,557.0,561.0,567.0,571.0,573.0,577.0,586.0,589.0,590.0,591.0,602.0,610.0,638.0,638.0,641.0,644.0,658.0,659.0,664.0,679.0,681.0,687.0,702.0,715.0,732.0,775.0,779.0,781.0,784.0,791.0,799.0,822.0,829.0,835.0,842.0,869.0,873.0,875.0,891.0,896.0,901.0,927.0,928.0,935.0,957.0,958.0,974.0,985.0,986.0,
3.0,10.0,17.0,52.0,65.0,84.0,220.0,236.0,253.0,289.0,309.0,321.0,347.0,398.0,419.0,481.0,482.0,521.0,521.0,525.0,531.0,540.0,543.0,549.0,559.0,586.0,610.0,610.0,625.0,634.0,641.0,647.0,652.0,667.0,718.0,738.0,740.0,743.0,749.0,756.0,762.0,768.0,785.0,807.0,829.0,845.0,860.0,865.0,866.0,919.0,922.0,944.0,955.0,955.0,964.0,979.0,996.0,996.0,
12.0,51.0,54.0,62.0,107.0,162.0,182.0,197.0,232.0,301.0,309.0,355.0,369.0,371.0,422.0,422.0,440.0,444.0,473.0,533.0,537.0,547.0,552.0,555.0,564.0,564.0,568.0,569.0,587.0,588.0,589.0,596.0,601.0,690.0,722.0,744.0,750.0,751.0,753.0,771.0,771.0,777.0,785.0,803.0,838.0,858.0,867.0,874.0,876.0,886.0,891.0,905.0,916.0,923.0,940.0,948.0,986.0,989.0,
4.0,44.0,138.0,186.0,219.0,220.0,279.0,305.0,317.0,363.0,364.0,368.0,397.0,406.0,430.0,443.0,519.0,529.0,546.0,553.0,553.0,554.0,558.0,566.0,569.0,594.0,597.0,600.0,613.0,623.0,635.0,647.0,664.0,672.0,693.0,744.0,770.0,772.0,777.0,789.0,811.0,832.0,867.0,870.0,888.0,904.0,908.0,924.0,939.0,941.0,946.0,974.0,991.0,995.0,997.0,999.0,
83.0,139.0,140.0,151.0,166.0,181.0,195.0,206.0,207.0,265.0,271.0,296.0,362.0,367.0,407.0,417.0,441.0,445.0,467.0,468.0,470.0,479.0,523.0,532.0,554.0,566.0,576.0,577.0,602.0,616.0,619.0,630.0,641.0,650.0,651.0,669.0,773.0,812.0,885.0,933.0,962.0,987.0,
25.0,32.0,78.0,80.0,94.0,105.0,161.0,164.0,190.0,259.0,274.0,342.0,349.0,423.0,443.0,508.0,512.0,560.0,601.0,609.0,618.0,629.0,647.0,656.0,657.0,661.0,701.0,786.0,916.0,929.0,931.0,960.0,987.0,
18.0,23.0,31.0,58.0,65.0,66.0,94.0,138.0,153.0,171.0,189.0,190.0,239.0,308.0,359.0,362.0,382.0,385.0,488.0,494.0,498.0,515.0,604.0,660.0,687.0,771.0,868.0,870.0,966.0,
31.0,41.0,61.0,81.0,105.0,106.0,118.0,244.0,280.0,280.0,296.0,300.0,342.0,368.0,384.0,421.0,445.0,470.0,488.0,503.0,504.0,516.0,532.0,539.0,541.0,594.0,622.0,642.0,663.0,765.0,827.0,845.0,847.0,855.0,855.0,863.0,954.0,957.0,
6.0,17.0,62.0,144.0,146.0,167.0,177.0,186.0,192.0,193.0,231.0,245.0,282.0,282.0,304.0,333.0,333.0,430.0,438.0,511.0,521.0,526.0,527.0,532.0,535.0,541.0,543.0,550.0,551.0,555.0,556.0,570.0,586.0,604.0,622.0,625.0,686.0,687.0,691.0,693.0,705.0,745.0,782.0,790.0,791.0,836.0,838.0,855.0,871.0,876.0,876.0,885.0,899.0,911.0,937.0,954.0,961.0,970.0,976.0,1000.0,
53.0,59.0,100.0,124.0,137.0,154.0,198.0,231.0,232.0,251.0,256.0,267.0,280.0,380.0,411.0,484.0,505.0,519.0,520.0,526.0,527.0,538.0,546.0,547.0,550.0,555.0,558.0,558.0,563.0,576.0,577.0,581.0,591.0,595.0,604.0,606.0,621.0,622.0,641.0,641.0,657.0,664.0,685.0,690.0,699.0,704.0,716.0,733.0,743.0,744.0,754.0,781.0,782.0,784.0,821.0,825.0,848.0,852.0,869.0,876.0,893.0,904.0,951.0,955.0,958.0,979.0,996.0,
22.0,44.0,70.0,80.0,136.0,170.0,188.0,194.0,196.0,219.0,240.0,243.0,246.0,260.0,305.0,305.0,367.0,385.0,389.0,440.0,457.0,478.0,490.0,502.0,518.0,529.0,534.0,535.0,541.0,541.0,544.0,545.0,554.0,557.0,567.0,572.0,572.0,590.0,595.0,608.0,613.0,617.0,636.0,648.0,649.0,650.0,673.0,678.0,696.0,710.0,714.0,719.0,724.0,728.0,745.0,750.0,754.0,759.0,779.0,781.0,802.0,812.0,845.0,849.0,851.0,858.0,872.0,906.0,912.0,914.0,950.0,965.0,977.0,981.0,983.0,984.0,995.0,
46.0,74.0,79.0,146.0,171.0,198.0,198.0,219.0,230.0,238.0,238.0,293.0,304.0,318.0,326.0,353.0,384.0,424.0,446.0,452.0,478.0,507.0,515.0,530.0,532.0,535.0,536.0,536.0,543.0,544.0,545.0,550.0,551.0,552.0,562.0,563.0,563.0,573.0,579.0,592.0,600.0,605.0,606.0,611.0,612.0,626.0,631.0,636.0,639.0,639.0,642.0,648.0,666.0,673.0,674.0,681.0,688.0,701.0,703.0,738.0,748.0,748.0,756.0,769.0,791.0,814.0,819.0,823.0,843.0,931.0,943.0,975.0,987.0,
58.0,63.0,76.0,91.0,108.0,125.0,151.0,180.0,303.0,306.0,306.0,370.0,403.0,409.0,421.0,472.0,530.0,530.0,532.0,535.0,537.0,539.0,549.0,557.0,558.0,563.0,575.0,585.0,590.0,592.0,595.0,603.0,633.0,636.0,637.0,639.0,642.0,643.0,655.0,695.0,699.0,715.0,715.0,716.0,720.0,740.0,777.0,800.0,830.0,831.0,850.0,922.0,948.0,971.0,980.0,987.0,
28.0,87.0,90.0,179.0,204.0,216.0,241.0,256.0,296.0,301.0,320.0,334.0,422.0,533.0,539.0,548.0,561.0,566.0,572.0,577.0,580.0,588.0,593.0,596.0,698.0,702.0,710.0,721.0,732.0,756.0,763.0,777.0,783.0,795.0,798.0,801.0,805.0,809.0,841.0,842.0,875.0,917.0,957.0,970.0,
12.0,37.0,44.0,46.0,50.0,59.0,82.0,128.0,137.0,179.0,222.0,271.0,277.0,279.0,288.0,304.0,337.0,344.0,364.0,408.0,430.0,440.0,444.0,481.0,489.0,516.0,536.0,539.0,549.0,554.0,559.0,568.0,571.0,577.0,586.0,601.0,638.0,681.0,692.0,737.0,775.0,776.0,778.0,797.0,804.0,810.0,820.0,821.0,857.0,868.0,871.0,895.0,910.0,927.0,934.0,934.0,954.0,973.0,979.0,
13.0,28.0,67.0,118.0,127.0,211.0,214.0,223.0,246.0,291.0,292.0,316.0,325.0,358.0,466.0,546.0,546.0,551.0,665.0,729.0,746.0,844.0,898.0,959.0,966.0,973.0,976.0,
11.0,12.0,32.0,54.0,153.0,178.0,268.0,286.0,313.0,340.0,377.0,385.0,390.0,397.0,404.0,431.0,446.0,472.0,507.0,529.0,566.0,569.0,652.0,674.0,685.0,725.0,741.0,745.0,751.0,768.0,786.0,841.0,854.0,857.0,866.0,877.0,906.0,922.0,957.0,997.0,997.0,997.0,
38.0,59.0,71.0,76.0,244.0,275.0,280.0,281.0,288.0,380.0,394.0,491.0,494.0,552.0,553.0,573.0,589.0,645.0,693.0,835.0,842.0,845.0,887.0,916.0,
5.0,69.0,69.0,72.0,120.0,139.0,162.0,229.0,240.0,276.0,301.0,391.0,502.0,511.0,522.0,525.0,527.0,528.0,530.0,535.0,540.0,541.0,549.0,556.0,566.0,574.0,585.0,596.0,599.0,615.0,615.0,628.0,631.0,632.0,634.0,659.0,661.0,664.0,683.0,686.0,692.0,697.0,723.0,723.0,751.0,754.0,760.0,775.0,791.0,794.0,831.0,869.0,871.0,879.0,889.0,896.0,897.0,900.0,928.0,931.0,932.0,940.0,944.0,944.0,949.0,979.0,990.0,
3.0,35.0,38.0,116.0,152.0,153.0,194.0,222.0,257.0,268.0,333.0,351.0,355.0,366.0,375.0,418.0,423.0,425.0,431.0,440.0,466.0,524.0,524.0,530.0,536.0,539.0,552.0,552.0,553.0,559.0,563.0,579.0,583.0,584.0,591.0,592.0,595.0,598.0,600.0,608.0,620.0,641.0,647.0,659.0,679.0,732.0,752.0,759.0,786.0,790.0,802.0,819.0,820.0,825.0,828.0,858.0,920.0,930.0,938.0,944.0,955.0,967.0,982.0,983.0,
10.0,15.0,30.0,95.0,155.0,247.0,261.0,285.0,303.0,305.0,310.0,369.0,411.0,422.0,509.0,512.0,527.0,535.0,539.0,551.0,561.0,563.0,565.0,571.0,571.0,580.0,581.0,582.0,582.0,584.0,590.0,591.0,594.0,599.0,605.0,617.0,640.0,642.0,655.0,660.0,675.0,680.0,692.0,702.0,703.0,737.0,745.0,754.0,756.0,782.0,815.0,832.0,839.0,863.0,888.0,891.0,932.0,935.0,960.0,979.0,998.0,1000.0,
42.0,53.0,61.0,76.0,95.0,104.0,157.0,172.0,173.0,174.0,202.0,244.0,263.0,266.0,278.0,287.0,317.0,326.0,331.0,332.0,349.0,357.0,412.0,421.0,430.0,451.0,457.0,476.0,482.0,524.0,529.0,531.0,535.0,536.0,539.0,547.0,552.0,557.0,562.0,566.0,572.0,573.0,577.0,588.0,598.0,609.0,632.0,660.0,666.0,683.0,703.0,705.0,715.0,716.0,731.0,740.0,769.0,783.0,798.0,811.0,817.0,857.0,862.0,887.0,909.0,917.0,923.0,928.0,932.0,
98.0,116.0,127.0,127.0,134.0,136.0,189.0,194.0,208.0,302.0,307.0,343.0,406.0,423.0,437.0,443.0,475.0,484.0,488.0,505.0,507.0,522.0,528.0,534.0,536.0,539.0,539.0,545.0,545.0,552.0,553.0,554.0,556.0,557.0,565.0,578.0,579.0,604.0,610.0,616.0,625.0,632.0,641.0,654.0,654.0,669.0,685.0,730.0,744.0,749.0,798.0,798.0,852.0,857.0,878.0,886.0,889.0,890.0,935.0,941.0,948.0,995.0,
20.0,25.0,55.0,89.0,103.0,117.0,143.0,172.0,173.0,178.0,209.0,223.0,236.0,255.0,276.0,295.0,346.0,350.0,353.0,367.0,396.0,423.0,473.0,513.0,518.0,519.0,525.0,536.0,540.0,543.0,545.0,553.0,555.0,557.0,563.0,571.0,583.0,606.0,622.0,627.0,682.0,699.0,719.0,720.0,725.0,748.0,784.0,790.0,819.0,826.0,850.0,894.0,944.0,944.0,954.0,979.0,988.0,998.0,
13.0,37.0,41.0,77.0,81.0,150.0,177.0,351.0,364.0,370.0,384.0,444.0,465.0,532.0,532.0,536.0,539.0,540.0,541.0,542.0,544.0,549.0,554.0,559.0,559.0,562.0,563.0,571.0,571.0,574.0,576.0,585.0,598.0,602.0,610.0,615.0,619.0,629.0,639.0,647.0,654.0,675.0,706.0,727.0,731.0,740.0,749.0,758.0,764.0,781.0,878.0,890.0,895.0,905.0,908.0,909.0,911.0,941.0,942.0,979.0,994.0,
17.0,25.0,98.0,109.0,147.0,150.0,177.0,179.0,232.0,272.0,275.0,280.0,334.0,335.0,344.0,377.0,384.0,401.0,463.0,492.0,520.0,529.0,541.0,570.0,577.0,598.0,621.0,703.0,703.0,738.0,825.0,866.0,902.0,908.0,
11.0,42.0,135.0,155.0,209.0,235.0,269.0,277.0,295.0,347.0,358.0,406.0,415.0,425.0,493.0,524.0,525.0,555.0,566.0,572.0,612.0,641.0,681.0,698.0,710.0,725.0,781.0,821.0,939.0,
94.0,118.0,177.0,207.0,217.0,234.0,249.0,249.0,296.0,364.0,416.0,418.0,435.0,471.0,487.0,523.0,539.0,567.0,587.0,616.0,664.0,666.0,685.0,693.0,726.0,738.0,746.0,773.0,774.0,781.0,789.0,867.0,874.0,879.0,936.0,941.0,959.0,985.0,
32.0,45.0,115.0,117.0,136.0,190.0,212.0,214.0,219.0,225.0,271.0,290.0,303.0,322.0,324.0,349.0,356.0,361.0,412.0,413.0,419.0,442.0,494.0,529.0,531.0,534.0,539.0,540.0,541.0,543.0,560.0,565.0,567.0,577.0,593.0,598.0,598.0,603.0,606.0,610.0,640.0,647.0,657.0,658.0,670.0,706.0,721.0,734.0,741.0,743.0,759.0,824.0,866.0,883.0,933.0,935.0,944.0,955.0,993.0,996.0,
95.0,101.0,206.0,229.0,242.0,297.0,301.0,319.0,321.0,327.0,338.0,398.0,401.0,415.0,437.0,442.0,495.0,498.0,524.0,536.0,538.0,538.0,541.0,543.0,549.0,550.0,555.0,560.0,569.0,585.0,597.0,605.0,610.0,617.0,648.0,650.0,677.0,687.0,694.0,695.0,698.0,698.0,702.0,714.0,728.0,745.0,757.0,777.0,813.0,816.0,856.0,858.0,862.0,878.0,922.0,928.0,928.0,934.0,968.0,970.0,980.0,993.0,
54.0,75.0,103.0,132.0,136.0,152.0,167.0,171.0,182.0,195.0,212.0,247.0,258.0,297.0,308.0,308.0,341.0,369.0,372.0,464.0,470.0,531.0,541.0,552.0,553.0,565.0,566.0,573.0,574.0,576.0,577.0,580.0,581.0,596.0,605.0,612.0,616.0,631.0,637.0,646.0,650.0,659.0,668.0,689.0,697.0,708.0,709.0,714.0,718.0,729.0,771.0,792.0,812.0,818.0,821.0,828.0,846.0,852.0,900.0,900.0,913.0,946.0,956.0,970.0,971.0,982.0,
18.0,36.0,74.0,93.0,128.0,136.0,219.0,306.0,390.0,425.0,487.0,528.0,531.0,533.0,534.0,548.0,553.0,561.0,561.0,563.0,567.0,573.0,576.0,581.0,585.0,592.0,598.0,599.0,605.0,609.0,611.0,616.0,617.0,623.0,634.0,634.0,637.0,650.0,673.0,677.0,679.0,685.0,689.0,691.0,695.0,699.0,718.0,726.0,760.0,767.0,803.0,825.0,857.0,890.0,929.0,939.0,944.0,960.0,986.0,999.0,
29.0,123.0,135.0,142.0,180.0,217.0,226.0,295.0,331.0,334.0,362.0,373.0,378.0,393.0,404.0,411.0,423.0,440.0,447.0,468.0,489.0,498.0,522.0,524.0,526.0,535.0,537.0,546.0,557.0,559.0,574.0,575.0,595.0,615.0,625.0,627.0,632.0,632.0,633.0,637.0,667.0,669.0,670.0,684.0,688.0,694.0,696.0,721.0,746.0,748.0,753.0,779.0,785.0,825.0,826.0,836.0,884.0,887.0,970.0,980.0,990.0,
59.0,82.0,126.0,139.0,149.0,152.0,178.0,332.0,399.0,404.0,506.0,508.0,514.0,523.0,524.0,525.0,526.0,527.0,528.0,544.0,544.0,548.0,549.0,551.0,572.0,572.0,573.0,578.0,585.0,593.0,598.0,619.0,621.0,623.0,637.0,672.0,673.0,692.0,725.0,764.0,865.0,893.0,913.0,944.0,947.0,971.0,977.0,
19.0,42.0,58.0,72.0,78.0,80.0,95.0,98.0,158.0,305.0,333.0,334.0,337.0,373.0,434.0,449.0,492.0,520.0,526.0,531.0,534.0,546.0,548.0,553.0,553.0,561.0,572.0,574.0,594.0,600.0,602.0,609.0,617.0,629.0,630.0,632.0,633.0,643.0,644.0,644.0,703.0,709.0,716.0,720.0,735.0,738.0,740.0,767.0,773.0,777.0,802.0,811.0,812.0,813.0,823.0,827.0,827.0,873.0,897.0,900.0,905.0,907.0,912.0,920.0,
36.0,85.0,89.0,109.0,156.0,225.0,227.0,238.0,259.0,272.0,299.0,307.0,327.0,327.0,332.0,333.0,347.0,357.0,389.0,395.0,415.0,429.0,447.0,454.0,531.0,533.0,543.0,583.0,585.0,586.0,618.0,626.0,637.0,663.0,688.0,711.0,714.0,737.0,742.0,800.0,858.0,865.0,871.0,873.0,878.0,897.0,903.0,912.0,922.0,958.0,
3.0,25.0,42.0,72.0,79.0,107.0,161.0,203.0,235.0,258.0,306.0,339.0,355.0,394.0,422.0,455.0,542.0,563.0,564.0,567.0,592.0,709.0,730.0,897.0,976.0,
5.0,13.0,13.0,41.0,68.0,103.0,113.0,159.0,188.0,249.0,252.0,262.0,280.0,296.0,350.0,446.0,481.0,487.0,521.0,543.0,556.0,570.0,604.0,669.0,670.0,729.0,748.0,805.0,811.0,822.0,859.0,877.0,880.0,986.0,995.0,
23.0,27.0,38.0,113.0,115.0,169.0,199.0,221.0,231.0,282.0,324.0,324.0,325.0,332.0,364.0,422.0,463.0,497.0,505.0,506.0,515.0,526.0,528.0,529.0,530.0,530.0,532.0,547.0,549.0,553.0,554.0,554.0,569.0,572.0,583.0,586.0,586.0,586.0,602.0,606.0,607.0,608.0,615.0,646.0,649.0,655.0,657.0,663.0,665.0,674.0,755.0,755.0,784.0,797.0,809.0,828.0,835.0,846.0,858.0,889.0,905.0,909.0,919.0,935.0,947.0,951.0,979.0,993.0,998.0,
18.0,35.0,66.0,95.0,98.0,124.0,146.0,152.0,157.0,170.0,226.0,229.0,248.0,250.0,262.0,336.0,354.0,377.0,428.0,439.0,541.0,541.0,548.0,555.0,558.0,563.0,566.0,580.0,588.0,590.0,592.0,605.0,609.0,612.0,622.0,650.0,655.0,674.0,676.0,685.0,685.0,692.0,695.0,706.0,719.0,725.0,732.0,738.0,744.0,773.0,777.0,803.0,805.0,805.0,833.0,872.0,886.0,912.0,919.0,937.0,943.0,946.0,964.0,975.0,979.0,982.0,990.0,996.0,996.0,997.0,
52.0,74.0,77.0,82.0,108.0,123.0,124.0,178.0,225.0,234.0,261.0,265.0,275.0,326.0,389.0,391.0,469.0,475.0,498.0,504.0,522.0,526.0,530.0,534.0,537.0,539.0,544.0,550.0,555.0,556.0,564.0,565.0,573.0,576.0,579.0,583.0,583.0,595.0,596.0,604.0,605.0,609.0,623.0,623.0,648.0,649.0,649.0,664.0,677.0,685.0,686.0,698.0,734.0,755.0,781.0,793.0,796.0,825.0,878.0,888.0,893.0,933.0,957.0,
82.0,85.0,181.0,203.0,215.0,226.0,229.0,232.0,264.0,269.0,276.0,478.0,526.0,533.0,533.0,534.0,537.0,549.0,551.0,552.0,557.0,568.0,569.0,570.0,581.0,582.0,589.0,592.0,601.0,627.0,635.0,641.0,641.0,660.0,673.0,681.0,681.0,709.0,711.0,719.0,742.0,768.0,780.0,803.0,806.0,822.0,854.0,860.0,882.0,889.0,893.0,915.0,916.0,942.0,951.0,988.0,996.0,
13.0,22.0,73.0,119.0,262.0,274.0,281.0,294.0,295.0,300.0,315.0,318.0,347.0,371.0,425.0,433.0,445.0,534.0,541.0,542.0,547.0,548.0,550.0,561.0,571.0,586.0,590.0,610.0,612.0,624.0,651.0,664.0,666.0,668.0,678.0,679.0,681.0,700.0,711.0,712.0,727.0,751.0,769.0,804.0,808.0,811.0,816.0,819.0,825.0,827.0,843.0,845.0,880.0,889.0,906.0,935.0,936.0,949.0,958.0,965.0,
14.0,14.0,39.0,83.0,104.0,142.0,159.0,191.0,194.0,197.0,243.0,247.0,257.0,302.0,354.0,369.0,421.0,442.0,485.0,523.0,527.0,531.0,535.0,537.0,541.0,552.0,552.0,553.0,558.0,565.0,566.0,567.0,569.0,573.0,576.0,581.0,590.0,606.0,609.0,615.0,621.0,645.0,663.0,672.0,690.0,691.0,696.0,696.0,733.0,758.0,758.0,810.0,816.0,818.0,843.0,844.0,847.0,856.0,880.0,897.0,902.0,926.0,926.0,940.0,945.0,957.0,959.0,961.0,978.0,984.0,989.0,
38.0,58.0,78.0,79.0,109.0,114.0,115.0,150.0,179.0,214.0,250.0,275.0,275.0,327.0,341.0,387.0,408.0,412.0,450.0,465.0,466.0,477.0,479.0,480.0,500.0,511.0,513.0,517.0,535.0,536.0,547.0,548.0,550.0,552.0,552.0,553.0,554.0,564.0,569.0,573.0,584.0,591.0,593.0,598.0,603.0,605.0,614.0,624.0,631.0,635.0,640.0,650.0,668.0,673.0,674.0,693.0,696.0,708.0,708.0,746.0,776.0,779.0,805.0,817.0,828.0,835.0,849.0,859.0,863.0,868.0,947.0,948.0,961.0,972.0,977.0,980.0,985.0,997.0,
2.0,5.0,60.0,101.0,130.0,147.0,220.0,246.0,287.0,297.0,303.0,340.0,345.0,358.0,374.0,382.0,391.0,453.0,499.0,510.0,519.0,544.0,566.0,585.0,602.0,624.0,632.0,669.0,675.0,715.0,724.0,780.0,803.0,807.0,834.0,850.0,903.0,963.0,990.0,
31.0,67.0,138.0,145.0,175.0,187.0,191.0,206.0,270.0,285.0,403.0,481.0,494.0,547.0,598.0,690.0,703.0,744.0,970.0,980.0,
10.0,14.0,32.0,38.0,68.0,89.0,115.0,154.0,211.0,251.0,255.0,261.0,333.0,341.0,404.0,408.0,426.0,431.0,472.0,492.0,518.0,670.0,703.0,722.0,724.0,765.0,905.0,934.0,956.0,
11.0,47.0,197.0,202.0,218.0,220.0,294.0,375.0,379.0,389.0,400.0,475.0,482.0,513.0,516.0,527.0,544.0,549.0,561.0,575.0,577.0,584.0,597.0,600.0,627.0,633.0,670.0,671.0,676.0,688.0,732.0,750.0,765.0,767.0,795.0,817.0,820.0,842.0,877.0,880.0,887.0,936.0,948.0,949.0,967.0,988.0,989.0,998.0,
45.0,67.0,87.0,105.0,111.0,111.0,121.0,154.0,167.0,211.0,266.0,274.0,325.0,347.0,364.0,378.0,402.0,407.0,428.0,493.0,514.0,515.0,515.0,520.0,522.0,524.0,528.0,538.0,545.0,546.0,546.0,561.0,561.0,564.0,570.0,580.0,601.0,607.0,616.0,621.0,625.0,629.0,648.0,659.0,662.0,679.0,687.0,689.0,693.0,704.0,710.0,740.0,753.0,765.0,779.0,779.0,785.0,807.0,814.0,815.0,833.0,838.0,843.0,854.0,900.0,905.0,950.0,962.0,975.0,979.0,986.0,989.0,995.0,
11.0,11.0,20.0,23.0,29.0,31.0,48.0,71.0,112.0,140.0,172.0,207.0,244.0,259.0,264.0,273.0,274.0,287.0,294.0,396.0,432.0,463.0,510.0,511.0,521.0,526.0,527.0,529.0,530.0,539.0,540.0,540.0,540.0,541.0,543.0,547.0,547.0,549.0,550.0,552.0,559.0,560.0,562.0,565.0,566.0,568.0,568.0,569.0,570.0,575.0,575.0,589.0,591.0,592.0,608.0,620.0,631.0,636.0,638.0,678.0,689.0,711.0,733.0,771.0,772.0,777.0,799.0,800.0,826.0,860.0,860.0,874.0,887.0,929.0,933.0,933.0,940.0,947.0,952.0,961.0,963.0,972.0,
16.0,30.0,47.0,60.0,71.0,86.0,160.0,164.0,188.0,226.0,239.0,259.0,291.0,301.0,322.0,327.0,333.0,350.0,357.0,382.0,383.0,419.0,426.0,516.0,528.0,533.0,534.0,534.0,538.0,552.0,558.0,561.0,571.0,571.0,578.0,584.0,600.0,613.0,619.0,620.0,633.0,634.0,640.0,648.0,648.0,652.0,654.0,663.0,663.0,668.0,672.0,674.0,712.0,713.0,726.0,729.0,756.0,757.0,775.0,781.0,810.0,817.0,819.0,823.0,851.0,866.0,870.0,904.0,933.0,969.0,979.0,982.0,988.0,988.0,997.0,
2.0,13.0,25.0,29.0,44.0,79.0,150.0,169.0,212.0,252.0,279.0,279.0,303.0,354.0,409.0,489.0,523.0,524.0,531.0,538.0,541.0,551.0,557.0,566.0,573.0,584.0,588.0,594.0,604.0,610.0,611.0,620.0,635.0,644.0,655.0,675.0,694.0,715.0,715.0,748.0,759.0,785.0,788.0,817.0,818.0,819.0,853.0,878.0,879.0,891.0,894.0,916.0,917.0,937.0,957.0,961.0,975.0,979.0,980.0,983.0,997.0,999.0,
15.0,41.0,54.0,83.0,133.0,179.0,183.0,187.0,190.0,195.0,233.0,235.0,236.0,259.0,263.0,282.0,299.0,332.0,347.0,394.0,426.0,429.0,440.0,449.0,497.0,522.0,522.0,526.0,528.0,537.0,540.0,542.0,544.0,550.0,551.0,554.0,555.0,555.0,577.0,592.0,603.0,606.0,612.0,613.0,632.0,632.0,640.0,646.0,686.0,695.0,696.0,700.0,709.0,712.0,717.0,720.0,734.0,746.0,827.0,839.0,842.0,843.0,858.0,860.0,865.0,915.0,933.0,943.0,949.0,954.0,986.0,991.0,
28.0,40.0,123.0,138.0,159.0,228.0,228.0,278.0,407.0,410.0,439.0,448.0,485.0,519.0,525.0,530.0,534.0,536.0,541.0,547.0,561.0,564.0,579.0,584.0,627.0,631.0,655.0,675.0,678.0,726.0,730.0,744.0,751.0,765.0,767.0,798.0,798.0,809.0,817.0,846.0,849.0,850.0,897.0,919.0,955.0,962.0,994.0,997.0,
18.0,19.0,60.0,260.0,278.0,280.0,284.0,319.0,325.0,332.0,338.0,338.0,360.0,368.0,407.0,420.0,432.0,433.0,439.0,453.0,572.0,625.0,628.0,724.0,738.0,777.0,848.0,882.0,895.0,896.0,929.0,994.0,
119.0,152.0,166.0,195.0,217.0,259.0,274.0,331.0,361.0,414.0,432.0,469.0,509.0,532.0,590.0,599.0,608.0,614.0,623.0,658.0,679.0,696.0,716.0,725.0,726.0,839.0,858.0,891.0,976.0,
36.0,41.0,63.0,82.0,84.0,149.0,172.0,175.0,246.0,269.0,314.0,388.0,397.0,404.0,407.0,419.0,451.0,456.0,472.0,538.0,586.0,595.0,606.0,645.0,660.0,663.0,666.0,706.0,763.0,882.0,955.0,
18.0,48.0,56.0,71.0,100.0,143.0,178.0,183.0,188.0,210.0,214.0,219.0,221.0,321.0,365.0,390.0,395.0,428.0,444.0,505.0,521.0,527.0,575.0,612.0,622.0,654.0,666.0,686.0,703.0,709.0,719.0,741.0,796.0,840.0,840.0,886.0,987.0,
21.0,65.0,99.0,117.0,122.0,142.0,163.0,176.0,183.0,195.0,205.0,229.0,280.0,315.0,403.0,407.0,425.0,434.0,459.0,504.0,515.0,523.0,526.0,544.0,553.0,555.0,558.0,560.0,563.0,569.0,572.0,577.0,588.0,595.0,597.0,618.0,628.0,629.0,630.0,634.0,634.0,644.0,660.0,668.0,709.0,712.0,714.0,722.0,728.0,737.0,749.0,797.0,813.0,840.0,934.0,954.0,963.0,972.0,991.0,997.0,
5.0,17.0,69.0,77.0,98.0,138.0,147.0,174.0,205.0,221.0,226.0,407.0,452.0,485.0,505.0,517.0,518.0,522.0,524.0,527.0,528.0,533.0,533.0,536.0,541.0,543.0,544.0,545.0,546.0,564.0,566.0,577.0,578.0,583.0,602.0,613.0,618.0,620.0,622.0,640.0,641.0,644.0,669.0,675.0,689.0,720.0,754.0,771.0,829.0,844.0,846.0,852.0,871.0,871.0,871.0,878.0,910.0,941.0,954.0,957.0,
21.0,35.0,45.0,72.0,98.0,100.0,109.0,146.0,148.0,170.0,209.0,226.0,271.0,303.0,333.0,341.0,358.0,404.0,433.0,442.0,444.0,510.0,513.0,528.0,534.0,535.0,535.0,540.0,540.0,548.0,553.0,554.0,559.0,559.0,560.0,567.0,567.0,573.0,577.0,581.0,591.0,594.0,596.0,598.0,615.0,635.0,663.0,668.0,686.0,694.0,718.0,738.0,741.0,757.0,758.0,758.0,766.0,777.0,808.0,818.0,821.0,824.0,852.0,868.0,884.0,893.0,898.0,901.0,905.0,905.0,908.0,921.0,924.0,937.0,952.0,964.0,967.0,970.0,977.0,978.0,
9.0,50.0,65.0,72.0,113.0,150.0,418.0,433.0,443.0,444.0,514.0,526.0,530.0,537.0,538.0,541.0,543.0,543.0,545.0,546.0,547.0,548.0,548.0,549.0,551.0,561.0,564.0,574.0,575.0,576.0,576.0,587.0,587.0,597.0,605.0,622.0,635.0,644.0,683.0,689.0,701.0,723.0,728.0,739.0,740.0,740.0,743.0,752.0,802.0,805.0,820.0,824.0,824.0,864.0,873.0,881.0,887.0,903.0,906.0,927.0,928.0,952.0,962.0,966.0,967.0,967.0,980.0,
18.0,36.0,55.0,57.0,95.0,165.0,172.0,176.0,179.0,181.0,237.0,244.0,246.0,265.0,357.0,422.0,424.0,444.0,453.0,474.0,506.0,523.0,540.0,550.0,570.0,583.0,595.0,602.0,607.0,612.0,614.0,615.0,632.0,637.0,647.0,648.0,657.0,662.0,673.0,681.0,683.0,691.0,698.0,717.0,718.0,736.0,738.0,761.0,767.0,795.0,795.0,807.0,834.0,841.0,848.0,851.0,852.0,855.0,894.0,909.0,926.0,933.0,933.0,934.0,942.0,971.0,982.0,996.0,
3.0,7.0,19.0,59.0,98.0,123.0,139.0,157.0,209.0,252.0,252.0,330.0,334.0,352.0,365.0,366.0,481.0,508.0,519.0,524.0,526.0,531.0,600.0,676.0,694.0,695.0,727.0,798.0,905.0,975.0,983.0,987.0,
5.0,10.0,14.0,24.0,67.0,78.0,92.0,123.0,138.0,186.0,191.0,207.0,224.0,294.0,299.0,357.0,396.0,415.0,482.0,521.0,544.0,588.0,590.0,606.0,609.0,616.0,631.0,646.0,668.0,685.0,704.0,772.0,815.0,879.0,879.0,947.0,967.0,
24.0,35.0,37.0,70.0,111.0,198.0,232.0,269.0,298.0,312.0,331.0,346.0,366.0,371.0,378.0,403.0,458.0,464.0,471.0,471.0,528.0,528.0,537.0,585.0,593.0,596.0,606.0,621.0,627.0,642.0,651.0,665.0,674.0,683.0,732.0,749.0,755.0,770.0,772.0,799.0,827.0,873.0,888.0,918.0,979.0,985.0,
15.0,39.0,65.0,105.0,199.0,220.0,243.0,250.0,352.0,401.0,515.0,556.0,598.0,623.0,624.0,625.0,634.0,654.0,723.0,730.0,768.0,836.0,840.0,844.0,866.0,866.0,893.0,909.0,980.0,
207.0,210.0,235.0,250.0,262.0,368.0,387.0,396.0,422.0,431.0,539.0,563.0,566.0,568.0,569.0,601.0,659.0,695.0,712.0,738.0,755.0,784.0,826.0,845.0,876.0,893.0,921.0,967.0,978.0,989.0,
20.0,35.0,43.0,119.0,130.0,164.0,172.0,184.0,216.0,282.0,295.0,326.0,336.0,400.0,484.0,485.0,506.0,528.0,530.0,583.0,655.0,662.0,724.0,730.0,769.0,775.0,905.0,924.0,940.0,948.0,
97.0,128.0,144.0,184.0,229.0,245.0,257.0,287.0,339.0,339.0,360.0,384.0,424.0,425.0,451.0,502.0,504.0,511.0,563.0,590.0,648.0,672.0,680.0,695.0,704.0,711.0,739.0,767.0,845.0,852.0,882.0,888.0,906.0,
3.0,43.0,85.0,103.0,114.0,128.0,167.0,193.0,325.0,349.0,352.0,364.0,461.0,463.0,492.0,494.0,521.0,529.0,530.0,536.0,577.0,577.0,581.0,594.0,636.0,663.0,683.0,690.0,713.0,746.0,766.0,841.0,859.0,912.0,936.0,
6.0,16.0,49.0,52.0,71.0,85.0,150.0,158.0,174.0,189.0,192.0,193.0,228.0,266.0,317.0,337.0,377.0,378.0,435.0,456.0,502.0,526.0,531.0,547.0,562.0,585.0,598.0,661.0,717.0,728.0,769.0,839.0,865.0,884.0,926.0,930.0,957.0,999.0,
37.0,104.0,123.0,125.0,186.0,195.0,205.0,215.0,231.0,280.0,289.0,297.0,311.0,351.0,360.0,365.0,390.0,402.0,402.0,418.0,419.0,508.0,521.0,529.0,618.0,618.0,666.0,695.0,702.0,751.0,974.0,975.0,994.0,
47.0,52.0,82.0,93.0,93.0,113.0,120.0,146.0,217.0,395.0,407.0,459.0,471.0,513.0,516.0,526.0,564.0,620.0,627.0,665.0,674.0,677.0,715.0,722.0,894.0,919.0,929.0,947.0,980.0,
54.0,185.0,241.0,321.0,343.0,351.0,383.0,474.0,478.0,483.0,500.0,503.0,524.0,526.0,541.0,552.0,552.0,566.0,650.0,667.0,707.0,712.0,763.0,796.0,810.0,838.0,856.0,974.0,
