6.0,46.0,46.0,65.0,76.0,113.0,132.0,153.0,158.0,232.0,257.0,268.0,329.0,496.0,511.0,599.0,638.0,654.0,699.0,703.0,704.0,712.0,790.0,796.0,799.0,801.0,815.0,827.0,883.0,896.0,897.0,919.0,934.0,
60.0,102.0,113.0,129.0,256.0,260.0,287.0,425.0,483.0,547.0,562.0,574.0,582.0,586.0,617.0,749.0,763.0,769.0,773.0,832.0,859.0,888.0,957.0,985.0,
4.0,9.0,18.0,26.0,82.0,92.0,165.0,236.0,238.0,246.0,258.0,275.0,295.0,304.0,373.0,407.0,413.0,510.0,574.0,605.0,636.0,648.0,706.0,722.0,748.0,759.0,802.0,872.0,946.0,966.0,
39.0,109.0,174.0,178.0,236.0,254.0,276.0,282.0,323.0,359.0,389.0,392.0,416.0,448.0,488.0,554.0,561.0,584.0,774.0,804.0,823.0,824.0,863.0,873.0,876.0,879.0,892.0,948.0,962.0,964.0,985.0,
18.0,183.0,270.0,282.0,469.0,478.0,490.0,529.0,534.0,553.0,596.0,604.0,644.0,738.0,745.0,747.0,758.0,868.0,914.0,
19.0,167.0,167.0,173.0,177.0,238.0,241.0,272.0,340.0,390.0,395.0,401.0,420.0,428.0,438.0,520.0,563.0,564.0,564.0,573.0,576.0,607.0,612.0,615.0,642.0,656.0,665.0,724.0,760.0,945.0,978.0,
18.0,28.0,39.0,58.0,61.0,74.0,110.0,114.0,125.0,135.0,141.0,179.0,186.0,186.0,219.0,220.0,308.0,424.0,435.0,465.0,483.0,492.0,499.0,521.0,568.0,623.0,652.0,691.0,694.0,697.0,732.0,819.0,855.0,873.0,893.0,984.0,
60.0,66.0,88.0,89.0,100.0,106.0,137.0,147.0,148.0,154.0,165.0,184.0,189.0,229.0,253.0,259.0,278.0,310.0,316.0,331.0,339.0,439.0,439.0,454.0,469.0,480.0,506.0,529.0,640.0,654.0,716.0,726.0,733.0,743.0,754.0,840.0,842.0,867.0,877.0,909.0,920.0,
101.0,119.0,134.0,159.0,162.0,170.0,189.0,195.0,251.0,343.0,391.0,475.0,552.0,586.0,591.0,618.0,639.0,668.0,754.0,768.0,775.0,804.0,823.0,903.0,942.0,950.0,965.0,
123.0,127.0,133.0,144.0,155.0,156.0,161.0,194.0,198.0,199.0,213.0,241.0,270.0,318.0,356.0,416.0,474.0,507.0,536.0,540.0,543.0,554.0,567.0,575.0,631.0,635.0,658.0,687.0,741.0,771.0,810.0,818.0,830.0,866.0,901.0,906.0,942.0,963.0,978.0,994.0,996.0,
14.0,26.0,76.0,78.0,150.0,192.0,199.0,212.0,215.0,236.0,238.0,250.0,285.0,336.0,338.0,352.0,370.0,420.0,422.0,424.0,454.0,462.0,482.0,553.0,568.0,573.0,632.0,660.0,674.0,715.0,719.0,779.0,787.0,853.0,878.0,887.0,889.0,923.0,939.0,941.0,957.0,966.0,970.0,978.0,981.0,994.0,
6.0,25.0,33.0,54.0,55.0,64.0,72.0,99.0,134.0,164.0,189.0,205.0,208.0,234.0,235.0,241.0,252.0,255.0,262.0,266.0,296.0,327.0,338.0,361.0,364.0,425.0,477.0,538.0,592.0,596.0,630.0,725.0,732.0,783.0,814.0,823.0,854.0,859.0,875.0,909.0,933.0,937.0,963.0,
4.0,4.0,12.0,27.0,62.0,68.0,75.0,110.0,115.0,140.0,172.0,204.0,210.0,220.0,228.0,242.0,246.0,260.0,272.0,282.0,287.0,300.0,334.0,404.0,457.0,464.0,494.0,508.0,556.0,645.0,653.0,663.0,736.0,770.0,775.0,801.0,841.0,887.0,938.0,
10.0,44.0,45.0,50.0,66.0,91.0,110.0,149.0,192.0,222.0,271.0,304.0,339.0,358.0,413.0,421.0,443.0,561.0,563.0,564.0,627.0,760.0,770.0,799.0,823.0,841.0,859.0,862.0,909.0,961.0,
35.0,72.0,83.0,88.0,104.0,110.0,127.0,144.0,194.0,195.0,256.0,282.0,298.0,323.0,448.0,463.0,469.0,523.0,531.0,556.0,556.0,569.0,607.0,623.0,697.0,701.0,758.0,807.0,828.0,832.0,914.0,915.0,916.0,926.0,939.0,941.0,979.0,
14.0,34.0,45.0,52.0,141.0,146.0,149.0,179.0,223.0,231.0,271.0,313.0,396.0,398.0,469.0,504.0,511.0,524.0,546.0,549.0,559.0,564.0,566.0,569.0,597.0,597.0,604.0,621.0,636.0,665.0,697.0,720.0,739.0,849.0,868.0,868.0,890.0,901.0,917.0,967.0,
9.0,38.0,45.0,65.0,78.0,117.0,167.0,177.0,251.0,258.0,268.0,310.0,329.0,360.0,367.0,434.0,435.0,443.0,505.0,513.0,515.0,522.0,547.0,550.0,561.0,571.0,619.0,624.0,626.0,694.0,702.0,744.0,760.0,812.0,827.0,839.0,853.0,881.0,
5.0,20.0,61.0,77.0,118.0,136.0,169.0,176.0,189.0,260.0,261.0,282.0,289.0,322.0,345.0,366.0,366.0,390.0,440.0,450.0,459.0,464.0,521.0,560.0,560.0,628.0,644.0,648.0,699.0,804.0,842.0,946.0,
13.0,29.0,47.0,79.0,95.0,101.0,153.0,190.0,199.0,208.0,208.0,226.0,260.0,309.0,428.0,435.0,437.0,491.0,520.0,562.0,571.0,623.0,628.0,676.0,688.0,688.0,738.0,748.0,759.0,833.0,869.0,937.0,941.0,988.0,991.0,
7.0,32.0,99.0,233.0,236.0,237.0,257.0,274.0,294.0,305.0,323.0,325.0,336.0,355.0,372.0,376.0,470.0,519.0,545.0,563.0,573.0,658.0,686.0,716.0,726.0,764.0,772.0,791.0,821.0,825.0,828.0,840.0,845.0,859.0,860.0,887.0,896.0,914.0,960.0,995.0,
22.0,131.0,134.0,203.0,302.0,350.0,375.0,412.0,414.0,422.0,493.0,513.0,555.0,603.0,622.0,626.0,627.0,657.0,678.0,682.0,711.0,747.0,766.0,771.0,807.0,871.0,884.0,893.0,903.0,936.0,957.0,967.0,996.0,
38.0,129.0,136.0,205.0,207.0,225.0,231.0,238.0,276.0,278.0,290.0,360.0,406.0,441.0,485.0,616.0,667.0,739.0,740.0,803.0,811.0,828.0,863.0,873.0,897.0,922.0,
14.0,61.0,68.0,77.0,82.0,193.0,204.0,218.0,237.0,241.0,270.0,346.0,362.0,384.0,398.0,428.0,435.0,443.0,525.0,532.0,574.0,574.0,591.0,598.0,613.0,646.0,657.0,788.0,803.0,811.0,825.0,830.0,831.0,853.0,902.0,904.0,
18.0,49.0,90.0,138.0,204.0,219.0,247.0,326.0,366.0,467.0,497.0,505.0,521.0,526.0,528.0,534.0,539.0,541.0,560.0,560.0,581.0,587.0,592.0,603.0,607.0,610.0,612.0,613.0,620.0,643.0,647.0,654.0,668.0,702.0,722.0,725.0,735.0,793.0,812.0,822.0,832.0,875.0,880.0,914.0,920.0,952.0,961.0,968.0,978.0,979.0,980.0,984.0,
17.0,96.0,127.0,134.0,136.0,165.0,221.0,255.0,263.0,290.0,299.0,313.0,393.0,396.0,406.0,437.0,440.0,442.0,454.0,458.0,473.0,509.0,521.0,537.0,543.0,544.0,547.0,553.0,557.0,558.0,560.0,566.0,569.0,571.0,577.0,579.0,583.0,584.0,588.0,588.0,602.0,602.0,613.0,620.0,623.0,634.0,639.0,664.0,672.0,686.0,694.0,718.0,731.0,733.0,736.0,741.0,747.0,755.0,771.0,790.0,807.0,810.0,819.0,821.0,823.0,828.0,862.0,877.0,907.0,920.0,935.0,958.0,980.0,984.0,990.0,
40.0,79.0,145.0,151.0,165.0,319.0,338.0,492.0,517.0,520.0,521.0,525.0,525.0,526.0,528.0,530.0,532.0,534.0,541.0,544.0,545.0,554.0,558.0,559.0,588.0,591.0,612.0,613.0,615.0,626.0,626.0,636.0,640.0,644.0,655.0,660.0,674.0,675.0,676.0,699.0,705.0,708.0,724.0,728.0,737.0,752.0,756.0,768.0,773.0,783.0,831.0,838.0,845.0,846.0,854.0,865.0,867.0,867.0,869.0,898.0,903.0,963.0,966.0,981.0,981.0,
12.0,21.0,33.0,97.0,154.0,166.0,187.0,212.0,232.0,252.0,256.0,261.0,266.0,266.0,268.0,282.0,293.0,309.0,317.0,346.0,351.0,389.0,391.0,413.0,482.0,514.0,523.0,525.0,533.0,544.0,544.0,546.0,557.0,561.0,571.0,571.0,573.0,585.0,588.0,589.0,594.0,597.0,602.0,618.0,636.0,642.0,653.0,661.0,677.0,682.0,696.0,709.0,712.0,730.0,738.0,741.0,743.0,752.0,772.0,775.0,808.0,811.0,826.0,838.0,856.0,870.0,893.0,920.0,929.0,941.0,947.0,975.0,
7.0,34.0,95.0,98.0,123.0,167.0,175.0,194.0,227.0,237.0,242.0,247.0,281.0,312.0,334.0,336.0,336.0,347.0,376.0,409.0,416.0,429.0,461.0,512.0,519.0,531.0,536.0,538.0,543.0,547.0,552.0,560.0,568.0,582.0,587.0,590.0,618.0,619.0,625.0,627.0,645.0,662.0,666.0,671.0,699.0,723.0,739.0,752.0,761.0,766.0,785.0,797.0,814.0,831.0,838.0,877.0,877.0,892.0,898.0,899.0,904.0,923.0,926.0,962.0,963.0,981.0,
16.0,34.0,38.0,46.0,82.0,118.0,121.0,173.0,184.0,188.0,191.0,199.0,216.0,250.0,331.0,340.0,375.0,438.0,469.0,471.0,483.0,492.0,537.0,548.0,552.0,571.0,607.0,607.0,620.0,682.0,786.0,799.0,832.0,837.0,902.0,917.0,938.0,989.0,994.0,997.0,
8.0,23.0,30.0,48.0,101.0,136.0,136.0,181.0,186.0,224.0,238.0,286.0,289.0,292.0,310.0,315.0,321.0,332.0,433.0,455.0,494.0,497.0,498.0,503.0,563.0,567.0,570.0,624.0,675.0,694.0,715.0,779.0,809.0,844.0,864.0,864.0,899.0,914.0,939.0,946.0,956.0,
34.0,61.0,81.0,85.0,108.0,135.0,148.0,167.0,170.0,203.0,222.0,228.0,260.0,268.0,270.0,302.0,338.0,442.0,550.0,621.0,657.0,747.0,754.0,756.0,826.0,901.0,928.0,946.0,995.0,
31.0,46.0,63.0,68.0,75.0,117.0,123.0,175.0,182.0,184.0,202.0,203.0,236.0,250.0,281.0,285.0,359.0,364.0,393.0,415.0,422.0,430.0,435.0,454.0,495.0,502.0,529.0,530.0,548.0,557.0,596.0,623.0,782.0,841.0,857.0,976.0,980.0,
17.0,95.0,133.0,140.0,142.0,266.0,327.0,386.0,433.0,462.0,465.0,475.0,485.0,532.0,532.0,541.0,551.0,553.0,557.0,560.0,574.0,575.0,581.0,589.0,600.0,604.0,608.0,617.0,626.0,642.0,654.0,664.0,682.0,690.0,701.0,704.0,706.0,722.0,737.0,755.0,790.0,798.0,819.0,841.0,844.0,858.0,887.0,895.0,896.0,899.0,913.0,929.0,948.0,960.0,984.0,999.0,
60.0,114.0,125.0,153.0,179.0,185.0,207.0,246.0,252.0,378.0,405.0,408.0,422.0,423.0,437.0,445.0,510.0,518.0,532.0,534.0,534.0,534.0,537.0,546.0,552.0,554.0,561.0,563.0,568.0,578.0,580.0,589.0,591.0,595.0,595.0,595.0,599.0,603.0,609.0,623.0,632.0,650.0,665.0,674.0,675.0,683.0,689.0,690.0,722.0,728.0,747.0,752.0,753.0,760.0,764.0,769.0,781.0,791.0,798.0,819.0,824.0,824.0,839.0,857.0,857.0,860.0,864.0,872.0,881.0,894.0,918.0,942.0,963.0,967.0,992.0,
65.0,110.0,233.0,305.0,370.0,393.0,405.0,477.0,501.0,526.0,537.0,543.0,544.0,546.0,549.0,551.0,552.0,554.0,560.0,563.0,568.0,574.0,575.0,584.0,591.0,591.0,597.0,609.0,614.0,636.0,685.0,697.0,717.0,729.0,738.0,739.0,740.0,772.0,777.0,814.0,838.0,860.0,866.0,899.0,922.0,946.0,948.0,958.0,975.0,996.0,999.0,
6.0,19.0,52.0,70.0,72.0,128.0,134.0,147.0,148.0,170.0,189.0,190.0,197.0,238.0,241.0,254.0,274.0,282.0,296.0,338.0,348.0,360.0,477.0,482.0,523.0,528.0,535.0,538.0,543.0,545.0,552.0,560.0,568.0,573.0,576.0,582.0,587.0,593.0,596.0,597.0,603.0,648.0,651.0,669.0,674.0,684.0,693.0,727.0,731.0,732.0,733.0,738.0,753.0,763.0,775.0,780.0,784.0,800.0,835.0,843.0,867.0,868.0,891.0,906.0,908.0,914.0,934.0,947.0,949.0,969.0,971.0,972.0,973.0,997.0,
35.0,50.0,57.0,68.0,99.0,120.0,151.0,180.0,278.0,300.0,323.0,333.0,406.0,421.0,437.0,503.0,518.0,522.0,533.0,534.0,542.0,550.0,551.0,553.0,556.0,563.0,590.0,593.0,602.0,609.0,615.0,621.0,631.0,633.0,639.0,642.0,643.0,663.0,665.0,673.0,679.0,683.0,700.0,706.0,708.0,733.0,748.0,753.0,765.0,768.0,776.0,776.0,804.0,821.0,837.0,852.0,855.0,868.0,877.0,893.0,898.0,901.0,908.0,922.0,951.0,955.0,961.0,964.0,977.0,
88.0,99.0,115.0,134.0,142.0,158.0,205.0,212.0,239.0,271.0,288.0,294.0,344.0,351.0,353.0,413.0,457.0,462.0,518.0,521.0,525.0,534.0,536.0,538.0,539.0,551.0,552.0,564.0,568.0,575.0,578.0,582.0,592.0,592.0,596.0,597.0,602.0,604.0,609.0,610.0,613.0,619.0,634.0,637.0,648.0,649.0,655.0,678.0,683.0,697.0,702.0,706.0,713.0,749.0,758.0,768.0,789.0,810.0,814.0,836.0,855.0,855.0,870.0,897.0,899.0,910.0,920.0,932.0,933.0,946.0,957.0,979.0,979.0,981.0,982.0,983.0,994.0,
19.0,87.0,133.0,144.0,150.0,159.0,213.0,215.0,221.0,224.0,232.0,298.0,372.0,439.0,441.0,474.0,511.0,515.0,519.0,527.0,527.0,531.0,540.0,544.0,550.0,556.0,580.0,587.0,591.0,596.0,601.0,602.0,608.0,630.0,651.0,656.0,671.0,672.0,676.0,686.0,702.0,703.0,709.0,731.0,732.0,750.0,766.0,777.0,789.0,804.0,804.0,811.0,845.0,861.0,866.0,961.0,978.0,984.0,989.0,999.0,1000.0,
19.0,52.0,64.0,80.0,104.0,108.0,151.0,188.0,210.0,247.0,267.0,322.0,413.0,454.0,464.0,506.0,561.0,619.0,669.0,680.0,754.0,815.0,866.0,894.0,906.0,968.0,
48.0,86.0,163.0,168.0,237.0,249.0,254.0,321.0,352.0,380.0,455.0,476.0,539.0,578.0,623.0,642.0,644.0,655.0,750.0,753.0,765.0,842.0,898.0,933.0,940.0,970.0,972.0,
31.0,35.0,36.0,50.0,66.0,70.0,74.0,98.0,144.0,149.0,181.0,255.0,334.0,425.0,465.0,514.0,520.0,533.0,542.0,544.0,562.0,568.0,595.0,618.0,694.0,716.0,738.0,775.0,780.0,786.0,829.0,841.0,858.0,981.0,
63.0,67.0,80.0,169.0,204.0,234.0,256.0,260.0,272.0,298.0,313.0,325.0,368.0,391.0,392.0,407.0,446.0,480.0,510.0,516.0,530.0,533.0,537.0,539.0,539.0,541.0,543.0,550.0,555.0,568.0,568.0,575.0,579.0,580.0,604.0,605.0,608.0,612.0,622.0,629.0,637.0,656.0,664.0,664.0,666.0,709.0,720.0,732.0,736.0,817.0,819.0,824.0,838.0,855.0,867.0,870.0,883.0,894.0,901.0,902.0,903.0,915.0,929.0,939.0,943.0,953.0,963.0,970.0,986.0,996.0,
8.0,21.0,226.0,240.0,251.0,279.0,314.0,317.0,327.0,339.0,405.0,416.0,422.0,430.0,455.0,480.0,513.0,516.0,520.0,522.0,531.0,536.0,544.0,546.0,546.0,550.0,551.0,552.0,560.0,576.0,583.0,586.0,587.0,588.0,593.0,601.0,602.0,603.0,605.0,614.0,616.0,623.0,633.0,634.0,637.0,640.0,658.0,663.0,688.0,720.0,741.0,744.0,750.0,755.0,770.0,773.0,811.0,828.0,829.0,835.0,843.0,853.0,883.0,885.0,933.0,
5.0,35.0,79.0,115.0,128.0,129.0,150.0,175.0,199.0,231.0,247.0,263.0,291.0,312.0,376.0,419.0,421.0,453.0,454.0,458.0,493.0,504.0,519.0,527.0,528.0,536.0,539.0,541.0,544.0,553.0,555.0,557.0,563.0,564.0,573.0,575.0,580.0,592.0,596.0,611.0,619.0,620.0,653.0,658.0,662.0,674.0,679.0,688.0,712.0,720.0,741.0,823.0,899.0,921.0,945.0,950.0,967.0,973.0,
117.0,134.0,184.0,208.0,225.0,227.0,234.0,234.0,245.0,351.0,380.0,392.0,396.0,400.0,405.0,468.0,492.0,495.0,506.0,513.0,517.0,538.0,545.0,552.0,559.0,564.0,567.0,571.0,573.0,586.0,586.0,592.0,613.0,619.0,623.0,651.0,657.0,661.0,674.0,688.0,721.0,735.0,740.0,749.0,767.0,768.0,779.0,782.0,806.0,828.0,833.0,839.0,849.0,849.0,850.0,854.0,868.0,886.0,889.0,903.0,911.0,917.0,953.0,993.0,996.0,
55.0,71.0,95.0,121.0,125.0,170.0,181.0,184.0,203.0,217.0,224.0,251.0,256.0,257.0,258.0,277.0,294.0,311.0,343.0,407.0,470.0,499.0,499.0,515.0,517.0,520.0,526.0,529.0,533.0,535.0,537.0,541.0,544.0,545.0,546.0,550.0,552.0,552.0,556.0,557.0,560.0,564.0,588.0,592.0,614.0,630.0,632.0,640.0,642.0,656.0,689.0,692.0,695.0,699.0,701.0,763.0,770.0,785.0,792.0,793.0,802.0,810.0,842.0,866.0,888.0,981.0,986.0,986.0,989.0,998.0,
8.0,86.0,144.0,156.0,164.0,165.0,230.0,258.0,316.0,337.0,344.0,366.0,385.0,389.0,398.0,415.0,440.0,478.0,486.0,487.0,488.0,514.0,523.0,534.0,540.0,546.0,549.0,554.0,554.0,572.0,575.0,589.0,594.0,604.0,606.0,606.0,620.0,630.0,636.0,644.0,660.0,670.0,678.0,707.0,726.0,732.0,745.0,759.0,796.0,890.0,906.0,945.0,968.0,982.0,985.0,986.0,987.0,
23.0,33.0,51.0,123.0,150.0,225.0,227.0,254.0,257.0,269.0,332.0,339.0,351.0,392.0,397.0,426.0,459.0,470.0,471.0,505.0,530.0,537.0,538.0,540.0,541.0,543.0,551.0,556.0,567.0,570.0,591.0,595.0,598.0,600.0,608.0,608.0,610.0,613.0,615.0,631.0,635.0,638.0,650.0,672.0,700.0,701.0,709.0,718.0,737.0,746.0,750.0,770.0,771.0,783.0,802.0,819.0,839.0,847.0,862.0,871.0,878.0,912.0,928.0,934.0,937.0,939.0,944.0,955.0,966.0,980.0,989.0,999.0,
14.0,23.0,45.0,65.0,78.0,91.0,94.0,135.0,143.0,151.0,163.0,226.0,229.0,298.0,320.0,326.0,330.0,509.0,528.0,537.0,561.0,566.0,582.0,613.0,663.0,732.0,786.0,849.0,882.0,896.0,899.0,
6.0,22.0,36.0,61.0,69.0,76.0,91.0,183.0,207.0,427.0,428.0,446.0,472.0,540.0,548.0,553.0,620.0,640.0,678.0,738.0,792.0,799.0,816.0,960.0,977.0,
20.0,50.0,65.0,132.0,162.0,174.0,245.0,260.0,276.0,359.0,421.0,450.0,461.0,462.0,480.0,491.0,529.0,530.0,550.0,553.0,554.0,561.0,569.0,581.0,618.0,627.0,631.0,650.0,665.0,671.0,673.0,675.0,692.0,708.0,724.0,756.0,802.0,836.0,856.0,874.0,878.0,887.0,908.0,965.0,
5.0,55.0,58.0,76.0,77.0,127.0,179.0,197.0,200.0,215.0,257.0,271.0,287.0,327.0,400.0,407.0,541.0,546.0,546.0,549.0,550.0,552.0,559.0,564.0,565.0,570.0,597.0,597.0,606.0,609.0,626.0,643.0,646.0,650.0,670.0,730.0,730.0,736.0,738.0,759.0,763.0,774.0,781.0,785.0,791.0,804.0,819.0,821.0,830.0,840.0,847.0,857.0,865.0,886.0,890.0,892.0,913.0,951.0,963.0,963.0,964.0,965.0,984.0,
31.0,61.0,116.0,124.0,140.0,156.0,175.0,184.0,187.0,195.0,212.0,218.0,220.0,225.0,244.0,249.0,292.0,317.0,366.0,380.0,380.0,388.0,439.0,477.0,478.0,486.0,516.0,527.0,530.0,531.0,535.0,536.0,536.0,540.0,551.0,554.0,556.0,564.0,570.0,582.0,600.0,606.0,620.0,622.0,627.0,633.0,658.0,668.0,681.0,683.0,695.0,698.0,709.0,713.0,745.0,761.0,773.0,775.0,783.0,813.0,819.0,849.0,883.0,915.0,919.0,928.0,950.0,957.0,967.0,977.0,984.0,994.0,
28.0,36.0,46.0,54.0,84.0,143.0,158.0,189.0,244.0,382.0,403.0,422.0,447.0,448.0,448.0,455.0,460.0,518.0,521.0,529.0,531.0,537.0,543.0,545.0,546.0,556.0,562.0,580.0,585.0,591.0,601.0,636.0,667.0,668.0,710.0,744.0,786.0,817.0,822.0,832.0,847.0,918.0,921.0,922.0,926.0,970.0,987.0,998.0,
15.0,18.0,56.0,92.0,99.0,136.0,146.0,189.0,200.0,238.0,325.0,342.0,385.0,391.0,408.0,417.0,513.0,525.0,527.0,533.0,537.0,544.0,552.0,553.0,556.0,565.0,569.0,581.0,592.0,601.0,609.0,640.0,641.0,652.0,655.0,679.0,684.0,711.0,712.0,743.0,745.0,756.0,758.0,759.0,766.0,777.0,783.0,796.0,800.0,826.0,893.0,898.0,911.0,918.0,969.0,976.0,985.0,986.0,
11.0,12.0,81.0,91.0,97.0,140.0,170.0,191.0,254.0,318.0,345.0,388.0,487.0,517.0,518.0,526.0,529.0,530.0,539.0,543.0,548.0,553.0,554.0,561.0,566.0,569.0,569.0,573.0,578.0,592.0,600.0,600.0,606.0,614.0,632.0,643.0,643.0,648.0,650.0,690.0,696.0,717.0,728.0,740.0,781.0,799.0,851.0,867.0,886.0,931.0,989.0,
3.0,40.0,44.0,88.0,105.0,110.0,175.0,262.0,263.0,284.0,284.0,336.0,339.0,356.0,484.0,533.0,533.0,541.0,548.0,548.0,552.0,552.0,552.0,571.0,574.0,575.0,584.0,588.0,595.0,602.0,610.0,612.0,616.0,640.0,641.0,649.0,665.0,676.0,689.0,710.0,718.0,719.0,738.0,749.0,753.0,753.0,774.0,783.0,808.0,826.0,837.0,862.0,873.0,881.0,885.0,923.0,924.0,938.0,959.0,980.0,988.0,999.0,
74.0,101.0,132.0,144.0,149.0,177.0,189.0,229.0,248.0,262.0,297.0,299.0,370.0,387.0,424.0,442.0,449.0,480.0,523.0,524.0,529.0,529.0,530.0,533.0,550.0,559.0,576.0,580.0,600.0,611.0,616.0,621.0,642.0,642.0,648.0,660.0,664.0,676.0,679.0,685.0,691.0,706.0,706.0,708.0,750.0,764.0,795.0,823.0,824.0,833.0,839.0,845.0,850.0,867.0,886.0,933.0,945.0,962.0,967.0,980.0,982.0,990.0,
28.0,28.0,30.0,43.0,106.0,156.0,224.0,267.0,277.0,340.0,371.0,384.0,408.0,410.0,441.0,448.0,455.0,462.0,499.0,514.0,518.0,527.0,528.0,537.0,539.0,554.0,604.0,624.0,663.0,725.0,725.0,728.0,733.0,737.0,778.0,780.0,824.0,844.0,846.0,850.0,877.0,890.0,891.0,932.0,932.0,949.0,970.0,978.0,987.0,996.0,
2.0,132.0,179.0,202.0,219.0,296.0,349.0,369.0,380.0,413.0,420.0,425.0,485.0,493.0,514.0,526.0,563.0,655.0,715.0,797.0,816.0,829.0,935.0,
11.0,27.0,36.0,38.0,68.0,111.0,113.0,145.0,147.0,167.0,204.0,237.0,239.0,254.0,255.0,265.0,308.0,325.0,331.0,340.0,341.0,342.0,344.0,346.0,347.0,385.0,402.0,403.0,426.0,443.0,444.0,457.0,465.0,512.0,532.0,545.0,557.0,566.0,573.0,573.0,607.0,694.0,751.0,781.0,782.0,812.0,813.0,823.0,869.0,937.0,941.0,
14.0,25.0,33.0,68.0,90.0,241.0,265.0,266.0,270.0,278.0,298.0,302.0,312.0,319.0,336.0,350.0,374.0,447.0,497.0,522.0,544.0,550.0,551.0,554.0,555.0,559.0,560.0,562.0,567.0,623.0,626.0,653.0,660.0,674.0,676.0,692.0,692.0,698.0,725.0,726.0,750.0,755.0,759.0,778.0,786.0,806.0,807.0,842.0,843.0,846.0,846.0,859.0,881.0,881.0,885.0,887.0,932.0,941.0,948.0,950.0,961.0,
15.0,57.0,85.0,94.0,103.0,109.0,119.0,120.0,128.0,133.0,155.0,214.0,225.0,233.0,268.0,274.0,320.0,322.0,326.0,349.0,362.0,395.0,453.0,456.0,470.0,513.0,531.0,533.0,537.0,546.0,550.0,561.0,565.0,568.0,578.0,582.0,602.0,608.0,621.0,621.0,625.0,626.0,640.0,643.0,654.0,661.0,662.0,667.0,669.0,674.0,677.0,679.0,681.0,684.0,696.0,714.0,730.0,774.0,776.0,777.0,779.0,784.0,787.0,807.0,821.0,823.0,834.0,842.0,874.0,895.0,896.0,904.0,912.0,917.0,918.0,967.0,973.0,
57.0,131.0,134.0,183.0,183.0,189.0,189.0,202.0,238.0,246.0,264.0,269.0,271.0,343.0,448.0,476.0,480.0,493.0,502.0,505.0,525.0,529.0,530.0,531.0,533.0,534.0,534.0,536.0,543.0,545.0,548.0,552.0,575.0,580.0,581.0,586.0,594.0,607.0,608.0,618.0,620.0,663.0,670.0,682.0,698.0,712.0,721.0,761.0,765.0,767.0,781.0,834.0,837.0,868.0,888.0,903.0,914.0,947.0,994.0,
24.0,39.0,107.0,127.0,161.0,188.0,216.0,277.0,313.0,337.0,347.0,356.0,373.0,433.0,436.0,536.0,537.0,539.0,545.0,546.0,547.0,550.0,554.0,555.0,558.0,563.0,582.0,593.0,595.0,598.0,613.0,627.0,627.0,643.0,663.0,726.0,737.0,750.0,755.0,764.0,788.0,793.0,798.0,809.0,858.0,870.0,876.0,885.0,887.0,899.0,903.0,908.0,909.0,921.0,957.0,991.0,993.0,
20.0,31.0,47.0,92.0,105.0,109.0,160.0,193.0,247.0,300.0,325.0,330.0,348.0,349.0,374.0,409.0,415.0,436.0,474.0,509.0,509.0,519.0,520.0,537.0,560.0,584.0,584.0,611.0,614.0,618.0,627.0,640.0,658.0,683.0,694.0,698.0,712.0,725.0,730.0,743.0,748.0,749.0,765.0,767.0,771.0,780.0,785.0,807.0,824.0,846.0,862.0,884.0,888.0,901.0,913.0,922.0,942.0,978.0,992.0,
15.0,21.0,51.0,58.0,93.0,133.0,148.0,150.0,187.0,255.0,287.0,328.0,338.0,349.0,359.0,417.0,424.0,472.0,480.0,510.0,519.0,520.0,528.0,529.0,531.0,531.0,533.0,533.0,539.0,556.0,556.0,565.0,577.0,577.0,580.0,583.0,585.0,594.0,596.0,598.0,599.0,615.0,618.0,639.0,643.0,654.0,662.0,684.0,700.0,721.0,726.0,739.0,744.0,797.0,801.0,803.0,843.0,845.0,868.0,869.0,891.0,892.0,894.0,906.0,939.0,951.0,952.0,953.0,973.0,980.0,
2.0,4.0,5.0,17.0,31.0,50.0,126.0,238.0,292.0,308.0,338.0,394.0,422.0,520.0,526.0,532.0,536.0,541.0,550.0,552.0,558.0,562.0,562.0,570.0,571.0,578.0,579.0,589.0,591.0,592.0,599.0,606.0,616.0,624.0,626.0,630.0,637.0,641.0,658.0,660.0,668.0,669.0,691.0,703.0,705.0,707.0,726.0,730.0,737.0,742.0,752.0,755.0,757.0,763.0,767.0,779.0,834.0,846.0,846.0,853.0,859.0,862.0,864.0,865.0,890.0,911.0,935.0,936.0,946.0,954.0,956.0,965.0,969.0,
15.0,27.0,37.0,38.0,64.0,73.0,110.0,145.0,215.0,252.0,299.0,310.0,318.0,344.0,359.0,423.0,446.0,503.0,534.0,538.0,549.0,569.0,571.0,579.0,591.0,614.0,618.0,654.0,710.0,715.0,723.0,820.0,867.0,889.0,
27.0,44.0,50.0,50.0,103.0,107.0,110.0,111.0,144.0,211.0,246.0,246.0,261.0,301.0,312.0,332.0,336.0,339.0,421.0,433.0,462.0,464.0,466.0,484.0,486.0,508.0,512.0,540.0,571.0,604.0,715.0,725.0,728.0,736.0,746.0,776.0,813.0,855.0,863.0,870.0,912.0,957.0,960.0,
7.0,9.0,15.0,28.0,55.0,92.0,101.0,102.0,104.0,160.0,180.0,259.0,262.0,280.0,334.0,356.0,363.0,389.0,412.0,416.0,443.0,463.0,468.0,489.0,498.0,501.0,534.0,536.0,560.0,578.0,582.0,645.0,653.0,656.0,765.0,786.0,828.0,829.0,896.0,898.0,911.0,975.0,980.0,981.0,
28.0,31.0,100.0,111.0,128.0,147.0,165.0,203.0,219.0,235.0,239.0,269.0,293.0,324.0,349.0,376.0,376.0,377.0,408.0,431.0,446.0,452.0,499.0,523.0,538.0,543.0,549.0,551.0,559.0,573.0,581.0,590.0,590.0,598.0,607.0,607.0,622.0,624.0,646.0,646.0,664.0,666.0,709.0,710.0,713.0,720.0,759.0,775.0,776.0,800.0,809.0,813.0,865.0,873.0,884.0,898.0,903.0,945.0,971.0,971.0,992.0,
6.0,28.0,89.0,104.0,119.0,156.0,208.0,229.0,234.0,319.0,329.0,341.0,346.0,353.0,355.0,378.0,379.0,382.0,396.0,397.0,425.0,425.0,527.0,537.0,539.0,540.0,548.0,550.0,552.0,559.0,561.0,567.0,578.0,586.0,589.0,593.0,595.0,600.0,604.0,604.0,639.0,643.0,644.0,651.0,683.0,694.0,699.0,715.0,748.0,751.0,787.0,795.0,802.0,818.0,847.0,849.0,878.0,882.0,886.0,927.0,939.0,947.0,950.0,974.0,976.0,978.0,
3.0,6.0,25.0,91.0,123.0,140.0,140.0,193.0,263.0,287.0,347.0,416.0,417.0,441.0,460.0,477.0,478.0,486.0,500.0,521.0,525.0,530.0,549.0,555.0,556.0,558.0,569.0,569.0,570.0,585.0,588.0,591.0,592.0,601.0,613.0,622.0,646.0,647.0,681.0,696.0,711.0,714.0,729.0,752.0,766.0,790.0,823.0,835.0,861.0,864.0,867.0,883.0,888.0,955.0,978.0,979.0,1000.0,
5.0,60.0,67.0,166.0,222.0,251.0,259.0,322.0,325.0,331.0,333.0,340.0,348.0,363.0,371.0,373.0,382.0,383.0,442.0,483.0,515.0,516.0,521.0,523.0,525.0,527.0,543.0,546.0,552.0,559.0,563.0,569.0,569.0,571.0,619.0,623.0,625.0,634.0,658.0,695.0,697.0,699.0,719.0,752.0,761.0,762.0,772.0,773.0,776.0,784.0,794.0,799.0,810.0,847.0,867.0,867.0,869.0,879.0,923.0,932.0,933.0,938.0,950.0,956.0,
28.0,49.0,54.0,58.0,76.0,94.0,124.0,183.0,194.0,197.0,203.0,224.0,242.0,259.0,260.0,281.0,288.0,309.0,395.0,401.0,416.0,525.0,528.0,528.0,528.0,529.0,531.0,534.0,540.0,540.0,542.0,547.0,548.0,551.0,552.0,555.0,555.0,557.0,558.0,563.0,571.0,576.0,583.0,584.0,589.0,590.0,593.0,602.0,606.0,609.0,612.0,638.0,665.0,694.0,704.0,717.0,721.0,749.0,840.0,867.0,873.0,930.0,937.0,969.0,978.0,
34.0,36.0,56.0,93.0,97.0,181.0,187.0,196.0,199.0,249.0,261.0,276.0,418.0,426.0,464.0,517.0,524.0,525.0,528.0,539.0,541.0,547.0,553.0,556.0,563.0,573.0,579.0,584.0,586.0,588.0,593.0,596.0,611.0,614.0,617.0,617.0,633.0,637.0,642.0,652.0,656.0,663.0,681.0,684.0,705.0,737.0,742.0,743.0,764.0,780.0,785.0,820.0,822.0,836.0,850.0,875.0,887.0,894.0,918.0,921.0,929.0,931.0,932.0,941.0,943.0,973.0,
9.0,37.0,53.0,56.0,69.0,82.0,85.0,121.0,210.0,237.0,302.0,388.0,401.0,410.0,440.0,471.0,477.0,487.0,490.0,508.0,512.0,529.0,530.0,533.0,536.0,538.0,544.0,549.0,553.0,567.0,577.0,578.0,612.0,624.0,630.0,682.0,683.0,688.0,691.0,733.0,737.0,744.0,775.0,828.0,852.0,881.0,920.0,937.0,942.0,959.0,962.0,971.0,983.0,985.0,995.0,
79.0,83.0,122.0,156.0,236.0,241.0,256.0,316.0,316.0,342.0,343.0,348.0,349.0,367.0,415.0,418.0,448.0,453.0,516.0,538.0,568.0,628.0,661.0,685.0,710.0,733.0,754.0,771.0,859.0,995.0,
16.0,52.0,101.0,103.0,138.0,153.0,153.0,191.0,217.0,320.0,329.0,341.0,357.0,368.0,411.0,438.0,443.0,458.0,480.0,511.0,529.0,567.0,603.0,723.0,723.0,760.0,874.0,923.0,956.0,968.0,
31.0,54.0,70.0,106.0,154.0,214.0,227.0,233.0,233.0,259.0,413.0,431.0,492.0,497.0,499.0,504.0,525.0,565.0,574.0,580.0,603.0,655.0,670.0,739.0,759.0,777.0,783.0,870.0,900.0,995.0,
39.0,43.0,58.0,58.0,205.0,239.0,300.0,306.0,319.0,329.0,347.0,369.0,382.0,387.0,390.0,430.0,497.0,532.0,556.0,568.0,569.0,569.0,573.0,624.0,632.0,645.0,718.0,734.0,784.0,790.0,839.0,882.0,934.0,937.0,958.0,977.0,
10.0,47.0,132.0,146.0,181.0,239.0,261.0,303.0,312.0,357.0,363.0,374.0,376.0,467.0,474.0,475.0,539.0,557.0,566.0,569.0,572.0,579.0,582.0,586.0,607.0,610.0,611.0,611.0,612.0,615.0,622.0,625.0,648.0,674.0,677.0,695.0,704.0,705.0,708.0,752.0,761.0,782.0,803.0,805.0,825.0,830.0,846.0,866.0,916.0,919.0,931.0,948.0,957.0,960.0,974.0,
36.0,36.0,58.0,67.0,67.0,99.0,110.0,155.0,167.0,244.0,264.0,264.0,309.0,333.0,372.0,375.0,405.0,461.0,504.0,512.0,514.0,519.0,524.0,525.0,526.0,527.0,540.0,540.0,541.0,553.0,556.0,560.0,603.0,605.0,614.0,615.0,619.0,639.0,642.0,649.0,660.0,661.0,681.0,683.0,690.0,712.0,721.0,740.0,748.0,751.0,754.0,766.0,777.0,800.0,809.0,876.0,888.0,890.0,890.0,900.0,906.0,907.0,912.0,915.0,925.0,926.0,946.0,978.0,980.0,994.0,
34.0,46.0,47.0,142.0,197.0,205.0,286.0,326.0,332.0,340.0,414.0,416.0,431.0,516.0,520.0,525.0,530.0,531.0,534.0,536.0,542.0,545.0,545.0,547.0,549.0,563.0,565.0,566.0,571.0,574.0,585.0,585.0,591.0,597.0,607.0,610.0,611.0,614.0,633.0,634.0,643.0,651.0,661.0,670.0,697.0,699.0,700.0,746.0,754.0,754.0,762.0,810.0,848.0,853.0,884.0,888.0,892.0,912.0,931.0,935.0,936.0,956.0,957.0,959.0,965.0,970.0,970.0,986.0,
34.0,43.0,126.0,182.0,192.0,196.0,219.0,224.0,260.0,293.0,330.0,375.0,403.0,414.0,462.0,474.0,489.0,502.0,510.0,510.0,516.0,521.0,526.0,526.0,535.0,538.0,541.0,547.0,550.0,553.0,554.0,556.0,556.0,561.0,570.0,574.0,580.0,581.0,612.0,617.0,620.0,625.0,625.0,629.0,631.0,640.0,651.0,657.0,660.0,670.0,675.0,691.0,707.0,709.0,737.0,737.0,771.0,772.0,773.0,796.0,797.0,806.0,819.0,823.0,843.0,854.0,863.0,872.0,875.0,880.0,887.0,912.0,914.0,937.0,943.0,950.0,990.0,
26.0,35.0,60.0,64.0,108.0,124.0,172.0,194.0,235.0,266.0,279.0,281.0,286.0,341.0,345.0,425.0,432.0,459.0,469.0,486.0,509.0,529.0,530.0,541.0,542.0,544.0,545.0,555.0,558.0,567.0,570.0,600.0,625.0,633.0,661.0,665.0,666.0,676.0,687.0,694.0,756.0,834.0,850.0,871.0,879.0,900.0,913.0,939.0,942.0,943.0,970.0,985.0,990.0,996.0,
61.0,65.0,67.0,93.0,102.0,107.0,143.0,170.0,182.0,182.0,193.0,204.0,221.0,245.0,277.0,315.0,328.0,352.0,368.0,375.0,432.0,509.0,534.0,542.0,580.0,613.0,644.0,654.0,712.0,776.0,787.0,837.0,866.0,949.0,977.0,980.0,
10.0,13.0,20.0,31.0,38.0,44.0,103.0,117.0,136.0,143.0,144.0,153.0,297.0,320.0,340.0,357.0,360.0,364.0,406.0,425.0,434.0,501.0,501.0,640.0,691.0,762.0,778.0,838.0,842.0,848.0,855.0,882.0,893.0,903.0,911.0,914.0,964.0,979.0,984.0,986.0,993.0,
27.0,28.0,43.0,52.0,78.0,78.0,88.0,271.0,306.0,309.0,333.0,335.0,395.0,407.0,461.0,462.0,486.0,487.0,520.0,589.0,611.0,630.0,635.0,645.0,680.0,721.0,722.0,724.0,740.0,755.0,843.0,863.0,878.0,906.0,907.0,960.0,977.0,980.0,
22.0,78.0,83.0,121.0,163.0,264.0,357.0,408.0,414.0,433.0,466.0,476.0,484.0,490.0,529.0,531.0,535.0,601.0,617.0,629.0,698.0,702.0,717.0,718.0,725.0,790.0,797.0,801.0,819.0,847.0,862.0,868.0,890.0,907.0,972.0,981.0,
11.0,44.0,75.0,97.0,152.0,179.0,253.0,277.0,286.0,308.0,315.0,366.0,393.0,423.0,439.0,475.0,501.0,560.0,628.0,646.0,670.0,689.0,754.0,758.0,773.0,773.0,776.0,778.0,788.0,840.0,877.0,880.0,883.0,887.0,943.0,972.0,979.0,987.0,990.0,
50.0,81.0,168.0,173.0,181.0,189.0,193.0,193.0,321.0,358.0,374.0,441.0,503.0,533.0,540.0,543.0,552.0,555.0,566.0,612.0,670.0,743.0,747.0,785.0,804.0,863.0,890.0,923.0,
31.0,37.0,60.0,114.0,128.0,143.0,145.0,180.0,212.0,216.0,220.0,229.0,266.0,349.0,362.0,412.0,423.0,476.0,477.0,515.0,519.0,525.0,537.0,538.0,550.0,561.0,599.0,614.0,651.0,720.0,731.0,753.0,810.0,825.0,843.0,881.0,891.0,891.0,897.0,924.0,
79.0,91.0,141.0,144.0,153.0,165.0,177.0,261.0,265.0,358.0,384.0,394.0,401.0,406.0,416.0,430.0,449.0,455.0,476.0,493.0,517.0,532.0,548.0,572.0,606.0,642.0,663.0,665.0,669.0,688.0,705.0,746.0,749.0,787.0,790.0,810.0,822.0,860.0,938.0,940.0,962.0,972.0,
11.0,37.0,56.0,68.0,70.0,99.0,133.0,143.0,146.0,224.0,228.0,236.0,318.0,323.0,324.0,324.0,336.0,337.0,370.0,382.0,394.0,400.0,469.0,488.0,503.0,512.0,524.0,536.0,538.0,553.0,614.0,617.0,638.0,689.0,729.0,747.0,813.0,840.0,857.0,875.0,891.0,904.0,968.0,973.0,979.0,984.0,
39.0,64.0,81.0,89.0,98.0,99.0,195.0,212.0,270.0,318.0,391.0,394.0,415.0,429.0,455.0,512.0,522.0,536.0,536.0,592.0,608.0,651.0,669.0,674.0,699.0,735.0,793.0,818.0,850.0,981.0,989.0,992.0,995.0,
6.0,9.0,82.0,186.0,189.0,200.0,223.0,271.0,308.0,335.0,337.0,355.0,387.0,392.0,400.0,455.0,455.0,522.0,528.0,562.0,574.0,576.0,605.0,613.0,640.0,737.0,771.0,807.0,824.0,850.0,887.0,887.0,909.0,954.0,967.0,
35.0,43.0,67.0,90.0,118.0,165.0,171.0,202.0,274.0,388.0,397.0,402.0,408.0,456.0,469.0,477.0,500.0,503.0,523.0,529.0,535.0,566.0,580.0,624.0,625.0,752.0,753.0,760.0,779.0,846.0,849.0,874.0,896.0,897.0,922.0,969.0,977.0,
