5.0,5.0,32.0,132.0,148.0,152.0,163.0,188.0,201.0,204.0,210.0,217.0,319.0,335.0,384.0,389.0,396.0,408.0,441.0,456.0,457.0,459.0,493.0,499.0,581.0,628.0,697.0,750.0,774.0,790.0,798.0,814.0,819.0,857.0,920.0,960.0,
9.0,11.0,58.0,87.0,92.0,132.0,155.0,157.0,171.0,171.0,190.0,236.0,281.0,290.0,296.0,440.0,444.0,455.0,457.0,482.0,487.0,500.0,532.0,537.0,549.0,586.0,603.0,604.0,616.0,669.0,686.0,706.0,708.0,756.0,760.0,773.0,812.0,818.0,823.0,855.0,883.0,904.0,933.0,945.0,994.0,999.0,
52.0,92.0,128.0,217.0,277.0,303.0,355.0,363.0,388.0,419.0,428.0,461.0,554.0,578.0,581.0,606.0,608.0,634.0,657.0,695.0,695.0,730.0,748.0,754.0,763.0,774.0,774.0,785.0,824.0,844.0,846.0,861.0,892.0,912.0,921.0,922.0,923.0,
9.0,38.0,43.0,61.0,104.0,224.0,235.0,249.0,309.0,327.0,352.0,369.0,414.0,422.0,428.0,470.0,478.0,515.0,521.0,574.0,610.0,616.0,638.0,688.0,708.0,710.0,721.0,730.0,738.0,741.0,780.0,887.0,
55.0,77.0,157.0,188.0,193.0,257.0,288.0,319.0,382.0,385.0,452.0,459.0,470.0,504.0,533.0,579.0,599.0,601.0,603.0,608.0,610.0,635.0,653.0,671.0,686.0,740.0,777.0,787.0,793.0,801.0,838.0,866.0,892.0,913.0,918.0,929.0,932.0,959.0,
30.0,45.0,75.0,148.0,188.0,197.0,258.0,259.0,314.0,355.0,393.0,418.0,498.0,535.0,537.0,577.0,592.0,620.0,649.0,667.0,782.0,798.0,811.0,843.0,877.0,897.0,902.0,916.0,924.0,
17.0,23.0,34.0,53.0,63.0,93.0,140.0,141.0,156.0,172.0,173.0,180.0,187.0,240.0,315.0,343.0,359.0,367.0,387.0,395.0,445.0,503.0,544.0,568.0,584.0,595.0,618.0,650.0,679.0,680.0,705.0,763.0,775.0,779.0,784.0,813.0,839.0,860.0,862.0,871.0,925.0,963.0,970.0,
19.0,20.0,24.0,42.0,81.0,94.0,165.0,188.0,201.0,223.0,231.0,266.0,275.0,310.0,350.0,365.0,382.0,438.0,451.0,477.0,522.0,531.0,541.0,548.0,570.0,642.0,671.0,713.0,716.0,744.0,823.0,850.0,894.0,940.0,942.0,981.0,
32.0,54.0,59.0,134.0,142.0,151.0,172.0,198.0,221.0,238.0,375.0,398.0,443.0,444.0,494.0,494.0,501.0,526.0,550.0,551.0,554.0,555.0,571.0,638.0,676.0,712.0,739.0,746.0,763.0,791.0,792.0,792.0,833.0,890.0,939.0,940.0,970.0,973.0,998.0,
30.0,37.0,64.0,113.0,115.0,160.0,190.0,231.0,276.0,277.0,314.0,321.0,384.0,410.0,524.0,525.0,571.0,602.0,733.0,766.0,771.0,813.0,816.0,819.0,838.0,841.0,898.0,912.0,915.0,928.0,970.0,
4.0,11.0,11.0,46.0,63.0,72.0,107.0,180.0,188.0,194.0,282.0,291.0,302.0,348.0,353.0,358.0,379.0,412.0,447.0,466.0,473.0,481.0,483.0,518.0,525.0,546.0,564.0,596.0,628.0,631.0,647.0,691.0,743.0,757.0,770.0,774.0,812.0,826.0,872.0,872.0,893.0,964.0,
31.0,42.0,47.0,95.0,132.0,137.0,140.0,178.0,196.0,298.0,314.0,341.0,355.0,408.0,433.0,435.0,475.0,490.0,583.0,596.0,611.0,632.0,650.0,658.0,706.0,709.0,711.0,721.0,741.0,752.0,778.0,781.0,851.0,868.0,870.0,887.0,992.0,
20.0,42.0,62.0,83.0,102.0,104.0,145.0,151.0,196.0,205.0,247.0,264.0,297.0,304.0,322.0,403.0,413.0,413.0,558.0,566.0,599.0,649.0,650.0,659.0,737.0,743.0,770.0,900.0,909.0,946.0,992.0,
9.0,22.0,50.0,245.0,287.0,306.0,319.0,435.0,469.0,493.0,527.0,528.0,540.0,547.0,558.0,573.0,584.0,650.0,656.0,669.0,742.0,748.0,778.0,846.0,903.0,938.0,989.0,992.0,999.0,1000.0,
12.0,52.0,61.0,140.0,152.0,265.0,295.0,301.0,330.0,346.0,378.0,400.0,403.0,456.0,456.0,463.0,470.0,471.0,503.0,572.0,581.0,622.0,632.0,640.0,652.0,697.0,705.0,708.0,717.0,723.0,727.0,773.0,782.0,793.0,824.0,827.0,860.0,863.0,877.0,888.0,915.0,926.0,
52.0,110.0,116.0,133.0,157.0,181.0,199.0,208.0,271.0,364.0,438.0,444.0,456.0,502.0,516.0,527.0,535.0,556.0,570.0,606.0,622.0,641.0,654.0,680.0,682.0,729.0,815.0,825.0,861.0,892.0,893.0,894.0,933.0,935.0,939.0,949.0,990.0,
11.0,35.0,74.0,82.0,96.0,101.0,136.0,139.0,157.0,187.0,213.0,224.0,281.0,302.0,321.0,360.0,385.0,388.0,443.0,465.0,484.0,530.0,539.0,553.0,593.0,595.0,613.0,626.0,644.0,659.0,664.0,683.0,705.0,712.0,732.0,746.0,750.0,799.0,820.0,838.0,858.0,860.0,870.0,978.0,980.0,
17.0,23.0,35.0,44.0,71.0,77.0,88.0,90.0,137.0,158.0,209.0,255.0,291.0,346.0,359.0,379.0,401.0,436.0,485.0,540.0,563.0,581.0,605.0,652.0,738.0,777.0,798.0,814.0,834.0,838.0,863.0,863.0,870.0,894.0,901.0,908.0,923.0,943.0,982.0,
18.0,25.0,27.0,27.0,64.0,78.0,87.0,99.0,121.0,122.0,136.0,194.0,201.0,243.0,285.0,292.0,307.0,309.0,361.0,402.0,419.0,476.0,490.0,519.0,528.0,542.0,585.0,611.0,613.0,631.0,659.0,662.0,678.0,773.0,776.0,808.0,981.0,
19.0,41.0,59.0,63.0,84.0,87.0,149.0,183.0,197.0,204.0,206.0,215.0,217.0,231.0,237.0,240.0,278.0,321.0,330.0,338.0,356.0,392.0,449.0,480.0,493.0,510.0,540.0,560.0,570.0,617.0,626.0,638.0,654.0,729.0,730.0,735.0,850.0,877.0,901.0,929.0,933.0,939.0,947.0,960.0,
36.0,90.0,132.0,137.0,154.0,162.0,166.0,173.0,177.0,229.0,247.0,262.0,287.0,299.0,344.0,352.0,382.0,390.0,433.0,451.0,504.0,512.0,543.0,548.0,550.0,561.0,611.0,623.0,651.0,661.0,685.0,714.0,729.0,772.0,772.0,793.0,807.0,810.0,815.0,846.0,858.0,866.0,879.0,900.0,902.0,935.0,957.0,958.0,966.0,
19.0,73.0,84.0,131.0,134.0,162.0,165.0,176.0,194.0,202.0,213.0,217.0,261.0,303.0,316.0,322.0,340.0,349.0,364.0,365.0,379.0,380.0,401.0,412.0,425.0,491.0,506.0,525.0,545.0,552.0,556.0,603.0,607.0,624.0,636.0,642.0,655.0,673.0,694.0,703.0,743.0,763.0,809.0,818.0,860.0,879.0,919.0,939.0,
7.0,24.0,59.0,80.0,103.0,145.0,163.0,188.0,213.0,213.0,222.0,224.0,249.0,268.0,272.0,274.0,280.0,289.0,314.0,323.0,367.0,393.0,412.0,423.0,429.0,464.0,466.0,481.0,503.0,518.0,521.0,598.0,614.0,643.0,644.0,646.0,649.0,669.0,684.0,701.0,744.0,753.0,767.0,769.0,774.0,811.0,833.0,852.0,941.0,984.0,998.0,
12.0,24.0,97.0,99.0,105.0,113.0,132.0,135.0,200.0,201.0,205.0,215.0,247.0,274.0,276.0,375.0,382.0,405.0,416.0,458.0,463.0,469.0,488.0,492.0,548.0,569.0,582.0,606.0,616.0,616.0,622.0,629.0,716.0,757.0,811.0,902.0,925.0,935.0,956.0,988.0,
31.0,38.0,67.0,70.0,80.0,106.0,108.0,143.0,176.0,184.0,196.0,199.0,280.0,292.0,378.0,378.0,378.0,419.0,445.0,482.0,495.0,503.0,522.0,644.0,647.0,659.0,692.0,749.0,764.0,770.0,792.0,795.0,798.0,804.0,830.0,841.0,
31.0,57.0,76.0,90.0,110.0,167.0,172.0,174.0,192.0,218.0,251.0,262.0,276.0,288.0,292.0,309.0,337.0,351.0,365.0,415.0,430.0,436.0,447.0,475.0,486.0,495.0,499.0,532.0,535.0,558.0,577.0,646.0,692.0,701.0,701.0,749.0,755.0,764.0,794.0,862.0,872.0,997.0,
88.0,90.0,150.0,151.0,198.0,203.0,227.0,246.0,255.0,276.0,302.0,467.0,472.0,480.0,538.0,549.0,553.0,554.0,598.0,614.0,618.0,628.0,649.0,689.0,701.0,729.0,767.0,814.0,837.0,845.0,914.0,
165.0,168.0,176.0,186.0,202.0,208.0,245.0,251.0,308.0,319.0,332.0,363.0,364.0,373.0,409.0,440.0,472.0,506.0,546.0,577.0,594.0,605.0,621.0,626.0,633.0,647.0,656.0,672.0,676.0,679.0,735.0,841.0,841.0,851.0,858.0,889.0,922.0,942.0,983.0,
11.0,112.0,117.0,129.0,150.0,183.0,230.0,248.0,254.0,257.0,265.0,293.0,368.0,375.0,399.0,399.0,460.0,483.0,489.0,633.0,646.0,647.0,648.0,650.0,652.0,764.0,775.0,803.0,832.0,849.0,856.0,868.0,872.0,893.0,931.0,962.0,971.0,987.0,989.0,
17.0,35.0,66.0,89.0,112.0,133.0,141.0,146.0,164.0,182.0,211.0,231.0,253.0,279.0,283.0,332.0,377.0,381.0,389.0,398.0,463.0,532.0,563.0,564.0,588.0,636.0,659.0,697.0,702.0,705.0,707.0,804.0,863.0,875.0,876.0,884.0,908.0,945.0,948.0,953.0,966.0,
114.0,162.0,167.0,173.0,196.0,216.0,233.0,243.0,253.0,254.0,302.0,357.0,385.0,407.0,424.0,428.0,448.0,507.0,554.0,573.0,577.0,646.0,687.0,698.0,865.0,892.0,914.0,925.0,937.0,945.0,952.0,992.0,
40.0,52.0,54.0,58.0,74.0,104.0,140.0,140.0,190.0,225.0,330.0,333.0,335.0,350.0,423.0,425.0,439.0,441.0,482.0,508.0,522.0,561.0,568.0,592.0,615.0,648.0,651.0,823.0,843.0,854.0,878.0,893.0,905.0,916.0,951.0,954.0,958.0,982.0,
18.0,35.0,35.0,48.0,50.0,63.0,64.0,70.0,91.0,93.0,110.0,120.0,128.0,142.0,277.0,366.0,436.0,493.0,500.0,513.0,538.0,541.0,586.0,587.0,598.0,610.0,625.0,644.0,659.0,680.0,732.0,792.0,810.0,828.0,840.0,841.0,864.0,887.0,952.0,977.0,
12.0,49.0,74.0,142.0,172.0,198.0,216.0,301.0,331.0,413.0,437.0,466.0,485.0,504.0,582.0,593.0,597.0,601.0,617.0,651.0,672.0,688.0,718.0,809.0,849.0,864.0,877.0,888.0,957.0,967.0,979.0,980.0,
64.0,77.0,113.0,136.0,177.0,202.0,208.0,222.0,258.0,271.0,322.0,389.0,413.0,452.0,475.0,480.0,551.0,558.0,565.0,566.0,587.0,588.0,589.0,606.0,630.0,725.0,731.0,789.0,790.0,814.0,861.0,870.0,872.0,885.0,908.0,916.0,935.0,941.0,950.0,958.0,958.0,977.0,999.0,
30.0,45.0,45.0,70.0,108.0,156.0,158.0,198.0,202.0,212.0,259.0,267.0,357.0,373.0,383.0,385.0,434.0,439.0,462.0,514.0,520.0,525.0,564.0,581.0,597.0,613.0,645.0,648.0,650.0,659.0,689.0,693.0,747.0,768.0,773.0,782.0,792.0,807.0,825.0,847.0,889.0,901.0,941.0,962.0,
72.0,102.0,119.0,174.0,268.0,307.0,353.0,360.0,361.0,374.0,426.0,432.0,436.0,455.0,469.0,476.0,508.0,513.0,549.0,581.0,598.0,664.0,743.0,748.0,786.0,805.0,860.0,881.0,885.0,885.0,892.0,901.0,919.0,929.0,934.0,938.0,969.0,987.0,
2.0,5.0,62.0,85.0,200.0,242.0,248.0,266.0,271.0,275.0,312.0,318.0,329.0,375.0,406.0,414.0,440.0,459.0,533.0,587.0,622.0,645.0,650.0,707.0,729.0,734.0,754.0,755.0,764.0,776.0,804.0,894.0,902.0,918.0,944.0,960.0,998.0,
75.0,89.0,121.0,137.0,183.0,215.0,232.0,245.0,252.0,297.0,340.0,369.0,379.0,385.0,409.0,442.0,442.0,516.0,565.0,616.0,624.0,690.0,707.0,751.0,752.0,837.0,877.0,932.0,974.0,992.0,995.0,
13.0,57.0,60.0,86.0,111.0,157.0,196.0,198.0,339.0,362.0,378.0,403.0,414.0,429.0,447.0,489.0,510.0,573.0,580.0,603.0,613.0,637.0,643.0,693.0,708.0,721.0,753.0,767.0,784.0,835.0,847.0,929.0,930.0,949.0,
55.0,66.0,111.0,155.0,167.0,194.0,274.0,341.0,342.0,365.0,376.0,385.0,392.0,395.0,419.0,460.0,532.0,563.0,603.0,636.0,640.0,664.0,681.0,706.0,832.0,888.0,965.0,983.0,
144.0,145.0,161.0,184.0,251.0,260.0,263.0,315.0,322.0,358.0,361.0,437.0,484.0,507.0,508.0,579.0,583.0,588.0,628.0,632.0,650.0,653.0,695.0,710.0,747.0,771.0,776.0,817.0,829.0,851.0,858.0,866.0,875.0,890.0,892.0,896.0,934.0,948.0,954.0,981.0,994.0,
21.0,28.0,57.0,78.0,106.0,118.0,139.0,171.0,172.0,307.0,392.0,405.0,466.0,488.0,526.0,537.0,553.0,598.0,605.0,622.0,666.0,732.0,763.0,769.0,870.0,876.0,880.0,929.0,931.0,944.0,955.0,992.0,
9.0,17.0,31.0,49.0,51.0,63.0,89.0,129.0,203.0,243.0,267.0,281.0,283.0,373.0,376.0,395.0,534.0,538.0,620.0,639.0,665.0,669.0,694.0,726.0,774.0,781.0,801.0,801.0,816.0,816.0,826.0,917.0,937.0,958.0,973.0,
14.0,16.0,20.0,46.0,67.0,83.0,114.0,135.0,137.0,149.0,153.0,159.0,180.0,189.0,204.0,210.0,229.0,233.0,246.0,261.0,348.0,392.0,394.0,420.0,439.0,442.0,451.0,455.0,463.0,465.0,495.0,504.0,507.0,520.0,560.0,611.0,633.0,642.0,693.0,700.0,726.0,726.0,728.0,777.0,791.0,794.0,799.0,802.0,831.0,838.0,856.0,900.0,931.0,939.0,953.0,961.0,
64.0,95.0,106.0,114.0,187.0,211.0,219.0,258.0,264.0,271.0,288.0,309.0,349.0,358.0,367.0,379.0,434.0,445.0,451.0,512.0,615.0,666.0,693.0,724.0,779.0,839.0,904.0,988.0,
61.0,87.0,168.0,241.0,242.0,262.0,270.0,272.0,291.0,358.0,396.0,457.0,485.0,486.0,494.0,498.0,500.0,509.0,522.0,536.0,555.0,568.0,592.0,624.0,658.0,681.0,684.0,733.0,738.0,775.0,776.0,788.0,797.0,799.0,828.0,844.0,931.0,941.0,952.0,984.0,992.0,995.0,998.0,
18.0,22.0,89.0,214.0,279.0,291.0,325.0,325.0,351.0,366.0,396.0,434.0,468.0,473.0,524.0,530.0,542.0,547.0,553.0,563.0,594.0,617.0,693.0,727.0,736.0,801.0,919.0,936.0,989.0,
6.0,23.0,29.0,92.0,102.0,118.0,128.0,132.0,145.0,203.0,207.0,223.0,226.0,247.0,262.0,287.0,334.0,335.0,349.0,356.0,398.0,450.0,459.0,496.0,540.0,580.0,647.0,808.0,840.0,878.0,905.0,908.0,957.0,984.0,996.0,
16.0,59.0,60.0,155.0,178.0,200.0,204.0,226.0,235.0,319.0,332.0,363.0,374.0,392.0,426.0,477.0,479.0,536.0,588.0,604.0,684.0,684.0,715.0,716.0,736.0,739.0,797.0,801.0,830.0,834.0,935.0,977.0,991.0,
12.0,26.0,94.0,118.0,139.0,166.0,240.0,249.0,274.0,282.0,286.0,323.0,375.0,383.0,460.0,462.0,468.0,475.0,478.0,485.0,501.0,510.0,620.0,620.0,693.0,714.0,728.0,747.0,765.0,820.0,840.0,850.0,860.0,888.0,965.0,983.0,
30.0,46.0,65.0,79.0,85.0,92.0,110.0,117.0,171.0,242.0,251.0,252.0,288.0,335.0,372.0,397.0,413.0,433.0,466.0,471.0,477.0,521.0,524.0,529.0,564.0,594.0,596.0,600.0,626.0,628.0,631.0,664.0,722.0,765.0,796.0,859.0,908.0,916.0,
7.0,8.0,40.0,47.0,52.0,52.0,72.0,105.0,109.0,154.0,165.0,197.0,206.0,222.0,310.0,311.0,372.0,408.0,431.0,433.0,438.0,441.0,464.0,476.0,512.0,566.0,583.0,599.0,610.0,637.0,665.0,673.0,696.0,739.0,789.0,811.0,853.0,914.0,933.0,944.0,965.0,981.0,
12.0,84.0,120.0,158.0,203.0,214.0,225.0,257.0,300.0,301.0,312.0,327.0,409.0,430.0,441.0,452.0,511.0,598.0,598.0,598.0,670.0,677.0,713.0,715.0,754.0,756.0,793.0,825.0,830.0,838.0,898.0,918.0,921.0,927.0,946.0,973.0,
17.0,17.0,37.0,39.0,56.0,68.0,71.0,82.0,94.0,170.0,201.0,206.0,221.0,221.0,235.0,273.0,285.0,308.0,410.0,416.0,473.0,486.0,510.0,602.0,641.0,678.0,678.0,699.0,731.0,737.0,762.0,764.0,817.0,831.0,927.0,987.0,
4.0,24.0,24.0,59.0,60.0,70.0,76.0,100.0,109.0,114.0,118.0,150.0,187.0,212.0,221.0,285.0,313.0,330.0,342.0,392.0,395.0,395.0,455.0,467.0,470.0,
32.0,38.0,86.0,110.0,144.0,148.0,157.0,216.0,223.0,256.0,308.0,322.0,328.0,361.0,374.0,443.0,492.0,507.0,666.0,667.0,691.0,750.0,780.0,830.0,849.0,851.0,871.0,872.0,889.0,891.0,896.0,912.0,931.0,943.0,
54.0,99.0,112.0,117.0,130.0,181.0,259.0,268.0,299.0,338.0,409.0,451.0,452.0,495.0,530.0,558.0,560.0,574.0,610.0,612.0,615.0,624.0,633.0,647.0,670.0,690.0,700.0,701.0,717.0,738.0,754.0,761.0,775.0,809.0,849.0,880.0,880.0,928.0,954.0,960.0,996.0,
7.0,33.0,57.0,65.0,67.0,176.0,210.0,221.0,227.0,246.0,274.0,275.0,301.0,304.0,368.0,388.0,448.0,449.0,453.0,463.0,481.0,496.0,506.0,525.0,569.0,587.0,599.0,619.0,634.0,635.0,648.0,682.0,719.0,724.0,814.0,815.0,898.0,953.0,
5.0,53.0,64.0,70.0,76.0,207.0,210.0,231.0,231.0,253.0,269.0,275.0,288.0,336.0,388.0,405.0,415.0,432.0,576.0,586.0,607.0,614.0,639.0,684.0,690.0,788.0,800.0,812.0,827.0,859.0,889.0,928.0,937.0,954.0,960.0,970.0,984.0,
16.0,34.0,58.0,64.0,97.0,100.0,101.0,130.0,136.0,138.0,220.0,272.0,314.0,321.0,322.0,346.0,382.0,398.0,409.0,424.0,439.0,457.0,462.0,497.0,555.0,585.0,586.0,587.0,607.0,614.0,616.0,635.0,641.0,692.0,812.0,924.0,933.0,956.0,
29.0,39.0,74.0,98.0,104.0,117.0,134.0,143.0,156.0,168.0,177.0,182.0,254.0,258.0,300.0,304.0,329.0,339.0,389.0,406.0,460.0,558.0,566.0,567.0,614.0,621.0,701.0,794.0,814.0,828.0,854.0,869.0,940.0,943.0,966.0,966.0,
11.0,12.0,102.0,107.0,134.0,185.0,198.0,202.0,210.0,213.0,227.0,244.0,251.0,279.0,287.0,330.0,348.0,361.0,377.0,384.0,391.0,413.0,427.0,433.0,438.0,439.0,442.0,468.0,477.0,521.0,574.0,593.0,609.0,624.0,626.0,650.0,678.0,723.0,768.0,787.0,794.0,808.0,836.0,853.0,957.0,966.0,
6.0,32.0,45.0,110.0,144.0,180.0,277.0,281.0,312.0,320.0,335.0,339.0,392.0,410.0,442.0,443.0,490.0,520.0,531.0,552.0,612.0,618.0,643.0,644.0,644.0,701.0,755.0,785.0,812.0,870.0,891.0,909.0,921.0,946.0,984.0,
6.0,85.0,96.0,109.0,128.0,133.0,160.0,176.0,188.0,209.0,239.0,245.0,247.0,256.0,298.0,364.0,401.0,405.0,406.0,430.0,452.0,606.0,614.0,659.0,671.0,673.0,677.0,686.0,690.0,718.0,738.0,762.0,766.0,768.0,852.0,866.0,898.0,950.0,960.0,
101.0,106.0,281.0,316.0,442.0,574.0,640.0,653.0,692.0,729.0,773.0,853.0,936.0,948.0,990.0,
61.0,63.0,98.0,110.0,140.0,200.0,229.0,291.0,326.0,365.0,400.0,433.0,450.0,492.0,492.0,506.0,535.0,535.0,561.0,567.0,590.0,596.0,602.0,623.0,658.0,671.0,709.0,709.0,714.0,734.0,742.0,751.0,768.0,798.0,816.0,834.0,889.0,906.0,913.0,938.0,942.0,966.0,985.0,
29.0,62.0,106.0,111.0,122.0,159.0,173.0,273.0,346.0,362.0,363.0,369.0,395.0,417.0,442.0,467.0,480.0,495.0,581.0,583.0,596.0,611.0,673.0,710.0,748.0,753.0,811.0,836.0,847.0,860.0,865.0,906.0,906.0,941.0,960.0,960.0,978.0,
3.0,67.0,112.0,119.0,155.0,287.0,333.0,342.0,377.0,411.0,436.0,464.0,482.0,537.0,577.0,580.0,661.0,672.0,683.0,748.0,764.0,832.0,856.0,875.0,898.0,968.0,985.0,
43.0,60.0,62.0,63.0,81.0,105.0,131.0,166.0,193.0,194.0,270.0,279.0,285.0,292.0,320.0,424.0,451.0,478.0,528.0,560.0,589.0,634.0,639.0,648.0,675.0,677.0,689.0,736.0,744.0,773.0,777.0,782.0,784.0,809.0,820.0,865.0,874.0,896.0,919.0,929.0,944.0,975.0,988.0,999.0,
43.0,95.0,100.0,110.0,121.0,128.0,145.0,169.0,250.0,270.0,271.0,307.0,341.0,352.0,456.0,468.0,479.0,485.0,502.0,531.0,604.0,616.0,650.0,652.0,741.0,746.0,785.0,786.0,800.0,800.0,851.0,868.0,905.0,913.0,989.0,992.0,
15.0,34.0,52.0,138.0,206.0,307.0,310.0,363.0,366.0,394.0,403.0,406.0,420.0,461.0,473.0,474.0,492.0,546.0,556.0,591.0,599.0,722.0,743.0,848.0,878.0,897.0,936.0,942.0,
14.0,25.0,171.0,189.0,231.0,246.0,258.0,279.0,310.0,362.0,501.0,560.0,562.0,598.0,606.0,701.0,715.0,780.0,816.0,834.0,939.0,970.0,
20.0,53.0,78.0,101.0,114.0,140.0,172.0,177.0,217.0,224.0,224.0,228.0,244.0,282.0,296.0,320.0,328.0,386.0,430.0,434.0,438.0,445.0,477.0,488.0,493.0,524.0,537.0,577.0,591.0,598.0,663.0,668.0,676.0,685.0,704.0,711.0,746.0,798.0,799.0,803.0,809.0,821.0,949.0,949.0,
14.0,28.0,45.0,53.0,58.0,155.0,196.0,224.0,251.0,262.0,273.0,287.0,306.0,330.0,334.0,336.0,346.0,465.0,490.0,518.0,544.0,545.0,554.0,554.0,592.0,598.0,622.0,629.0,639.0,689.0,697.0,741.0,742.0,747.0,766.0,771.0,802.0,824.0,840.0,841.0,854.0,867.0,884.0,942.0,952.0,955.0,972.0,974.0,993.0,994.0,
2.0,85.0,101.0,127.0,162.0,272.0,275.0,285.0,287.0,293.0,303.0,318.0,326.0,371.0,391.0,403.0,498.0,556.0,576.0,584.0,645.0,651.0,689.0,698.0,712.0,757.0,758.0,786.0,805.0,822.0,901.0,910.0,910.0,912.0,915.0,951.0,953.0,975.0,
26.0,40.0,61.0,66.0,67.0,144.0,192.0,211.0,221.0,248.0,250.0,284.0,326.0,352.0,380.0,393.0,407.0,456.0,483.0,502.0,507.0,513.0,516.0,552.0,560.0,627.0,632.0,644.0,649.0,687.0,712.0,762.0,856.0,866.0,894.0,919.0,929.0,965.0,
52.0,63.0,99.0,111.0,135.0,147.0,165.0,175.0,181.0,184.0,186.0,220.0,228.0,232.0,291.0,305.0,334.0,343.0,385.0,392.0,412.0,467.0,492.0,512.0,531.0,537.0,553.0,555.0,570.0,573.0,573.0,592.0,667.0,731.0,734.0,763.0,770.0,836.0,849.0,868.0,898.0,927.0,948.0,985.0,995.0,998.0,1000.0,
16.0,43.0,87.0,94.0,156.0,178.0,185.0,234.0,249.0,262.0,268.0,287.0,292.0,306.0,347.0,353.0,360.0,376.0,382.0,383.0,404.0,419.0,422.0,490.0,564.0,609.0,632.0,633.0,640.0,652.0,671.0,672.0,680.0,684.0,779.0,830.0,841.0,849.0,850.0,858.0,875.0,889.0,930.0,965.0,988.0,
5.0,27.0,32.0,54.0,84.0,113.0,138.0,142.0,160.0,161.0,167.0,173.0,174.0,176.0,239.0,306.0,338.0,354.0,355.0,438.0,441.0,453.0,457.0,465.0,497.0,497.0,503.0,538.0,554.0,579.0,623.0,653.0,664.0,704.0,817.0,838.0,865.0,880.0,884.0,900.0,903.0,987.0,
21.0,54.0,57.0,70.0,97.0,115.0,125.0,135.0,204.0,237.0,247.0,338.0,403.0,411.0,426.0,441.0,523.0,598.0,618.0,631.0,670.0,688.0,706.0,729.0,764.0,764.0,795.0,828.0,916.0,935.0,970.0,987.0,
5.0,15.0,31.0,130.0,173.0,217.0,223.0,291.0,291.0,342.0,346.0,446.0,461.0,485.0,487.0,514.0,547.0,566.0,618.0,663.0,713.0,761.0,761.0,768.0,774.0,787.0,807.0,832.0,837.0,898.0,918.0,923.0,942.0,948.0,982.0,
129.0,158.0,282.0,295.0,359.0,407.0,446.0,514.0,514.0,549.0,551.0,579.0,581.0,625.0,649.0,669.0,682.0,693.0,736.0,749.0,759.0,795.0,829.0,896.0,921.0,939.0,973.0,982.0,992.0,
22.0,43.0,55.0,57.0,80.0,81.0,99.0,100.0,136.0,159.0,166.0,185.0,223.0,246.0,251.0,255.0,324.0,324.0,395.0,427.0,439.0,461.0,465.0,504.0,520.0,521.0,529.0,562.0,584.0,620.0,650.0,666.0,693.0,839.0,842.0,857.0,862.0,894.0,977.0,
7.0,50.0,62.0,75.0,89.0,90.0,131.0,138.0,179.0,204.0,226.0,242.0,251.0,282.0,304.0,314.0,325.0,339.0,350.0,355.0,360.0,371.0,382.0,394.0,401.0,505.0,520.0,631.0,648.0,657.0,698.0,699.0,717.0,831.0,855.0,856.0,944.0,
7.0,215.0,218.0,257.0,270.0,295.0,329.0,346.0,353.0,354.0,363.0,368.0,399.0,429.0,530.0,533.0,641.0,653.0,658.0,691.0,698.0,710.0,729.0,761.0,764.0,774.0,783.0,797.0,801.0,870.0,886.0,893.0,926.0,941.0,941.0,972.0,980.0,990.0,
14.0,53.0,64.0,66.0,76.0,88.0,117.0,140.0,201.0,256.0,371.0,430.0,433.0,460.0,473.0,481.0,481.0,494.0,538.0,647.0,655.0,897.0,898.0,912.0,925.0,933.0,
14.0,15.0,39.0,40.0,74.0,97.0,105.0,157.0,159.0,161.0,178.0,184.0,234.0,242.0,255.0,291.0,328.0,341.0,343.0,349.0,375.0,376.0,381.0,390.0,398.0,398.0,402.0,426.0,464.0,481.0,490.0,520.0,530.0,577.0,611.0,619.0,625.0,632.0,638.0,640.0,670.0,682.0,689.0,702.0,754.0,761.0,770.0,773.0,803.0,869.0,911.0,
40.0,45.0,111.0,191.0,229.0,256.0,318.0,413.0,415.0,429.0,452.0,455.0,472.0,473.0,507.0,514.0,527.0,571.0,587.0,598.0,635.0,652.0,661.0,669.0,689.0,696.0,703.0,705.0,760.0,777.0,791.0,831.0,852.0,880.0,951.0,970.0,
47.0,58.0,89.0,105.0,139.0,190.0,278.0,385.0,407.0,427.0,428.0,445.0,502.0,510.0,551.0,552.0,562.0,581.0,588.0,598.0,642.0,753.0,773.0,796.0,814.0,817.0,839.0,849.0,858.0,859.0,861.0,871.0,893.0,907.0,919.0,948.0,979.0,983.0,
5.0,17.0,21.0,67.0,107.0,125.0,149.0,154.0,171.0,173.0,186.0,201.0,311.0,323.0,361.0,373.0,407.0,464.0,473.0,518.0,520.0,523.0,530.0,548.0,567.0,595.0,602.0,617.0,661.0,701.0,718.0,722.0,725.0,729.0,732.0,752.0,752.0,759.0,809.0,817.0,834.0,871.0,872.0,895.0,921.0,961.0,962.0,969.0,988.0,988.0,
25.0,46.0,49.0,152.0,172.0,173.0,174.0,205.0,208.0,209.0,229.0,234.0,318.0,349.0,391.0,408.0,430.0,454.0,493.0,544.0,603.0,604.0,622.0,623.0,626.0,711.0,728.0,739.0,746.0,869.0,876.0,932.0,963.0,978.0,980.0,
23.0,28.0,97.0,100.0,122.0,166.0,236.0,299.0,320.0,333.0,365.0,380.0,387.0,420.0,431.0,440.0,456.0,462.0,531.0,575.0,575.0,628.0,660.0,670.0,760.0,769.0,844.0,849.0,854.0,885.0,897.0,908.0,913.0,964.0,969.0,981.0,983.0,
4.0,21.0,47.0,77.0,78.0,88.0,143.0,146.0,159.0,169.0,191.0,219.0,224.0,225.0,292.0,337.0,344.0,357.0,374.0,376.0,433.0,459.0,484.0,530.0,564.0,711.0,800.0,824.0,857.0,905.0,913.0,915.0,970.0,
89.0,91.0,93.0,141.0,148.0,192.0,221.0,228.0,252.0,257.0,292.0,299.0,328.0,451.0,509.0,515.0,663.0,706.0,757.0,776.0,799.0,820.0,854.0,914.0,971.0,973.0,986.0,987.0,996.0,
24.0,43.0,52.0,92.0,146.0,160.0,169.0,211.0,250.0,266.0,273.0,275.0,288.0,303.0,318.0,329.0,342.0,351.0,363.0,379.0,395.0,412.0,472.0,496.0,514.0,534.0,543.0,555.0,562.0,566.0,610.0,630.0,662.0,717.0,733.0,739.0,739.0,742.0,742.0,777.0,800.0,841.0,868.0,994.0,
10.0,25.0,85.0,102.0,111.0,113.0,122.0,159.0,161.0,170.0,172.0,192.0,303.0,338.0,371.0,482.0,493.0,502.0,581.0,584.0,588.0,594.0,627.0,636.0,643.0,725.0,732.0,754.0,802.0,847.0,877.0,948.0,1000.0,
17.0,24.0,46.0,70.0,92.0,111.0,112.0,113.0,113.0,131.0,150.0,175.0,289.0,323.0,326.0,332.0,353.0,378.0,416.0,425.0,441.0,447.0,455.0,480.0,527.0,539.0,609.0,618.0,638.0,639.0,742.0,771.0,781.0,784.0,801.0,812.0,900.0,910.0,961.0,997.0,
10.0,32.0,69.0,81.0,117.0,126.0,161.0,185.0,195.0,225.0,240.0,246.0,291.0,332.0,352.0,368.0,437.0,438.0,459.0,472.0,481.0,489.0,550.0,621.0,637.0,776.0,809.0,819.0,825.0,832.0,868.0,894.0,903.0,928.0,942.0,967.0,
5.0,13.0,38.0,79.0,80.0,100.0,166.0,172.0,198.0,225.0,244.0,291.0,307.0,316.0,390.0,391.0,394.0,411.0,444.0,457.0,459.0,468.0,512.0,516.0,540.0,582.0,593.0,649.0,690.0,698.0,706.0,802.0,864.0,870.0,901.0,908.0,917.0,956.0,960.0,962.0,977.0,
