12.0,21.0,24.0,26.0,92.0,175.0,203.0,209.0,251.0,276.0,349.0,401.0,434.0,455.0,480.0,484.0,487.0,492.0,499.0,508.0,544.0,564.0,597.0,607.0,652.0,701.0,706.0,706.0,712.0,720.0,735.0,738.0,753.0,778.0,823.0,829.0,923.0,932.0,944.0,950.0,963.0,994.0,999.0,
29.0,91.0,104.0,149.0,176.0,183.0,192.0,197.0,208.0,236.0,253.0,312.0,411.0,427.0,439.0,503.0,509.0,537.0,602.0,627.0,675.0,688.0,701.0,757.0,758.0,785.0,789.0,847.0,858.0,901.0,943.0,
104.0,137.0,139.0,176.0,225.0,232.0,274.0,312.0,358.0,377.0,408.0,434.0,435.0,445.0,479.0,492.0,529.0,543.0,565.0,567.0,585.0,586.0,605.0,628.0,656.0,658.0,669.0,684.0,691.0,697.0,719.0,724.0,768.0,769.0,789.0,894.0,901.0,913.0,935.0,957.0,975.0,997.0,
34.0,51.0,107.0,161.0,175.0,187.0,189.0,202.0,216.0,261.0,269.0,275.0,294.0,295.0,299.0,302.0,385.0,408.0,419.0,429.0,440.0,444.0,483.0,504.0,511.0,514.0,521.0,582.0,588.0,618.0,632.0,690.0,722.0,730.0,736.0,747.0,753.0,781.0,783.0,811.0,872.0,900.0,983.0,
21.0,24.0,31.0,82.0,94.0,131.0,150.0,157.0,209.0,214.0,269.0,277.0,342.0,381.0,423.0,428.0,447.0,475.0,502.0,522.0,526.0,536.0,555.0,576.0,631.0,641.0,644.0,688.0,776.0,803.0,819.0,821.0,822.0,858.0,870.0,947.0,975.0,1000.0,
4.0,24.0,136.0,218.0,237.0,264.0,297.0,321.0,325.0,329.0,358.0,381.0,431.0,457.0,463.0,468.0,486.0,497.0,499.0,520.0,536.0,567.0,590.0,629.0,644.0,649.0,664.0,691.0,701.0,754.0,762.0,762.0,764.0,788.0,795.0,871.0,875.0,922.0,930.0,936.0,942.0,951.0,
38.0,78.0,124.0,150.0,201.0,207.0,228.0,280.0,324.0,348.0,438.0,459.0,471.0,613.0,630.0,704.0,711.0,724.0,735.0,771.0,787.0,791.0,792.0,862.0,890.0,986.0,
29.0,56.0,69.0,96.0,119.0,131.0,160.0,204.0,222.0,244.0,288.0,295.0,311.0,315.0,324.0,403.0,404.0,410.0,421.0,428.0,487.0,509.0,576.0,583.0,586.0,626.0,636.0,662.0,665.0,674.0,674.0,693.0,695.0,708.0,740.0,744.0,773.0,780.0,787.0,843.0,844.0,882.0,890.0,937.0,965.0,
25.0,66.0,80.0,99.0,101.0,117.0,142.0,154.0,201.0,223.0,237.0,265.0,292.0,339.0,416.0,426.0,446.0,447.0,452.0,453.0,461.0,472.0,509.0,621.0,674.0,728.0,730.0,748.0,751.0,751.0,826.0,856.0,859.0,872.0,887.0,889.0,960.0,
25.0,53.0,75.0,85.0,166.0,178.0,219.0,279.0,330.0,348.0,384.0,386.0,437.0,440.0,444.0,456.0,551.0,581.0,595.0,597.0,608.0,612.0,613.0,648.0,653.0,685.0,699.0,702.0,720.0,735.0,737.0,763.0,764.0,774.0,777.0,813.0,824.0,829.0,887.0,890.0,923.0,929.0,967.0,
14.0,72.0,190.0,198.0,205.0,245.0,274.0,338.0,371.0,371.0,375.0,400.0,401.0,404.0,439.0,456.0,483.0,489.0,501.0,547.0,558.0,571.0,587.0,606.0,611.0,637.0,663.0,710.0,759.0,769.0,844.0,850.0,
87.0,109.0,161.0,170.0,263.0,304.0,341.0,345.0,354.0,356.0,454.0,497.0,508.0,519.0,596.0,612.0,614.0,653.0,660.0,662.0,748.0,755.0,776.0,791.0,877.0,890.0,929.0,953.0,996.0,
53.0,82.0,110.0,118.0,133.0,168.0,179.0,196.0,223.0,243.0,252.0,254.0,265.0,279.0,303.0,324.0,443.0,456.0,464.0,497.0,501.0,505.0,546.0,572.0,640.0,651.0,671.0,727.0,766.0,797.0,806.0,813.0,824.0,833.0,882.0,922.0,935.0,982.0,991.0,
20.0,114.0,117.0,155.0,162.0,181.0,185.0,201.0,246.0,254.0,272.0,283.0,317.0,336.0,385.0,390.0,406.0,420.0,420.0,424.0,570.0,584.0,676.0,688.0,730.0,732.0,744.0,758.0,774.0,937.0,972.0,987.0,
36.0,44.0,45.0,54.0,101.0,139.0,163.0,166.0,175.0,190.0,224.0,226.0,232.0,280.0,299.0,317.0,343.0,349.0,367.0,393.0,407.0,445.0,447.0,472.0,496.0,538.0,548.0,571.0,591.0,593.0,594.0,599.0,641.0,648.0,704.0,726.0,824.0,824.0,848.0,860.0,873.0,888.0,892.0,955.0,984.0,
3.0,5.0,17.0,90.0,160.0,169.0,195.0,357.0,361.0,362.0,395.0,398.0,440.0,510.0,548.0,554.0,602.0,619.0,637.0,678.0,682.0,703.0,717.0,729.0,771.0,779.0,807.0,809.0,861.0,869.0,883.0,887.0,964.0,
11.0,44.0,56.0,61.0,139.0,165.0,171.0,173.0,189.0,223.0,225.0,253.0,327.0,342.0,360.0,366.0,382.0,392.0,451.0,454.0,584.0,640.0,643.0,644.0,678.0,806.0,897.0,909.0,913.0,918.0,937.0,
10.0,73.0,114.0,158.0,177.0,215.0,218.0,219.0,241.0,269.0,308.0,319.0,340.0,365.0,367.0,369.0,429.0,451.0,544.0,555.0,598.0,616.0,651.0,660.0,709.0,804.0,809.0,853.0,914.0,937.0,
14.0,29.0,59.0,70.0,98.0,99.0,129.0,129.0,138.0,141.0,191.0,251.0,279.0,319.0,324.0,384.0,410.0,420.0,447.0,508.0,552.0,606.0,631.0,651.0,705.0,773.0,774.0,783.0,786.0,802.0,805.0,874.0,887.0,890.0,933.0,963.0,963.0,968.0,
51.0,64.0,98.0,270.0,327.0,329.0,333.0,352.0,372.0,396.0,420.0,459.0,483.0,505.0,509.0,530.0,531.0,582.0,602.0,605.0,612.0,631.0,649.0,650.0,655.0,686.0,770.0,778.0,788.0,795.0,807.0,827.0,877.0,901.0,958.0,975.0,
25.0,32.0,64.0,68.0,142.0,151.0,209.0,222.0,245.0,251.0,278.0,305.0,350.0,422.0,445.0,520.0,557.0,644.0,656.0,664.0,664.0,674.0,706.0,798.0,837.0,842.0,849.0,851.0,873.0,896.0,912.0,916.0,942.0,956.0,988.0,
2.0,8.0,69.0,152.0,168.0,209.0,223.0,235.0,263.0,341.0,378.0,418.0,459.0,513.0,530.0,536.0,544.0,576.0,578.0,610.0,618.0,697.0,739.0,755.0,771.0,796.0,819.0,833.0,842.0,954.0,963.0,
14.0,62.0,63.0,88.0,111.0,115.0,171.0,192.0,203.0,226.0,261.0,324.0,353.0,365.0,383.0,395.0,395.0,432.0,451.0,464.0,477.0,490.0,502.0,509.0,543.0,558.0,594.0,597.0,617.0,690.0,723.0,737.0,745.0,763.0,813.0,818.0,822.0,830.0,855.0,887.0,920.0,973.0,983.0,991.0,
33.0,36.0,67.0,99.0,106.0,155.0,168.0,171.0,202.0,252.0,253.0,284.0,289.0,296.0,343.0,343.0,521.0,523.0,532.0,630.0,630.0,655.0,668.0,743.0,796.0,837.0,982.0,984.0,
2.0,22.0,27.0,35.0,56.0,59.0,76.0,106.0,114.0,133.0,181.0,192.0,196.0,229.0,271.0,293.0,331.0,344.0,350.0,379.0,387.0,396.0,409.0,418.0,455.0,477.0,486.0,502.0,524.0,544.0,547.0,576.0,592.0,594.0,610.0,719.0,730.0,734.0,738.0,756.0,809.0,824.0,858.0,865.0,906.0,923.0,955.0,996.0,996.0,
13.0,34.0,119.0,121.0,133.0,210.0,256.0,258.0,264.0,280.0,294.0,302.0,310.0,329.0,387.0,394.0,399.0,412.0,419.0,442.0,463.0,470.0,520.0,571.0,592.0,618.0,631.0,640.0,642.0,709.0,742.0,773.0,782.0,787.0,829.0,877.0,921.0,938.0,966.0,991.0,
21.0,35.0,52.0,61.0,64.0,150.0,156.0,211.0,236.0,264.0,347.0,347.0,357.0,504.0,557.0,559.0,593.0,611.0,622.0,637.0,685.0,758.0,766.0,768.0,771.0,831.0,864.0,880.0,893.0,902.0,976.0,
57.0,90.0,96.0,97.0,152.0,181.0,187.0,207.0,261.0,269.0,389.0,444.0,452.0,469.0,483.0,507.0,516.0,521.0,560.0,590.0,591.0,612.0,616.0,681.0,689.0,693.0,704.0,721.0,746.0,809.0,850.0,858.0,864.0,895.0,990.0,
3.0,7.0,30.0,65.0,74.0,97.0,144.0,164.0,168.0,214.0,268.0,283.0,365.0,378.0,402.0,422.0,440.0,440.0,441.0,451.0,459.0,487.0,562.0,571.0,584.0,585.0,721.0,747.0,757.0,805.0,828.0,849.0,931.0,936.0,956.0,966.0,
6.0,18.0,51.0,71.0,78.0,90.0,96.0,111.0,141.0,203.0,211.0,233.0,284.0,299.0,329.0,368.0,379.0,397.0,400.0,416.0,575.0,578.0,610.0,625.0,627.0,634.0,658.0,671.0,672.0,676.0,677.0,680.0,714.0,813.0,828.0,880.0,917.0,935.0,968.0,972.0,
45.0,149.0,175.0,187.0,209.0,256.0,385.0,407.0,412.0,414.0,500.0,577.0,591.0,612.0,614.0,628.0,685.0,688.0,718.0,800.0,824.0,854.0,863.0,898.0,904.0,964.0,
2.0,100.0,112.0,131.0,142.0,152.0,171.0,177.0,181.0,211.0,234.0,255.0,255.0,267.0,305.0,315.0,337.0,344.0,430.0,486.0,492.0,496.0,502.0,527.0,550.0,570.0,590.0,616.0,620.0,653.0,666.0,672.0,674.0,680.0,684.0,694.0,725.0,758.0,762.0,779.0,846.0,858.0,862.0,890.0,906.0,936.0,989.0,996.0,
7.0,44.0,46.0,47.0,138.0,171.0,214.0,215.0,235.0,241.0,248.0,252.0,256.0,269.0,284.0,301.0,312.0,331.0,428.0,434.0,437.0,446.0,502.0,522.0,561.0,669.0,673.0,711.0,779.0,863.0,938.0,968.0,986.0,
33.0,37.0,76.0,89.0,125.0,135.0,201.0,221.0,246.0,248.0,257.0,270.0,275.0,275.0,299.0,361.0,451.0,465.0,518.0,528.0,569.0,620.0,625.0,627.0,696.0,707.0,814.0,857.0,857.0,864.0,888.0,914.0,974.0,
17.0,119.0,193.0,212.0,290.0,321.0,390.0,439.0,447.0,461.0,475.0,482.0,509.0,575.0,710.0,713.0,750.0,854.0,880.0,937.0,973.0,
17.0,34.0,40.0,150.0,181.0,223.0,279.0,312.0,320.0,333.0,370.0,457.0,471.0,489.0,515.0,588.0,612.0,663.0,678.0,694.0,712.0,745.0,753.0,785.0,790.0,809.0,838.0,874.0,945.0,946.0,986.0,
4.0,17.0,32.0,40.0,59.0,61.0,79.0,83.0,151.0,179.0,213.0,228.0,233.0,249.0,260.0,283.0,306.0,350.0,353.0,400.0,450.0,485.0,506.0,513.0,585.0,648.0,658.0,659.0,703.0,718.0,724.0,735.0,738.0,750.0,763.0,778.0,786.0,872.0,877.0,909.0,917.0,987.0,
29.0,72.0,85.0,91.0,108.0,160.0,215.0,234.0,259.0,282.0,353.0,390.0,392.0,452.0,457.0,510.0,519.0,519.0,563.0,590.0,609.0,636.0,656.0,717.0,760.0,781.0,795.0,812.0,825.0,891.0,935.0,963.0,964.0,985.0,990.0,995.0,998.0,
13.0,27.0,36.0,41.0,94.0,101.0,113.0,140.0,146.0,152.0,175.0,178.0,196.0,218.0,226.0,267.0,303.0,324.0,363.0,380.0,389.0,419.0,512.0,563.0,582.0,599.0,634.0,642.0,675.0,700.0,709.0,713.0,740.0,792.0,825.0,838.0,841.0,888.0,900.0,917.0,964.0,991.0,
33.0,46.0,87.0,90.0,104.0,115.0,145.0,182.0,187.0,188.0,189.0,225.0,252.0,265.0,286.0,314.0,413.0,420.0,446.0,470.0,470.0,559.0,570.0,580.0,711.0,757.0,760.0,795.0,853.0,860.0,985.0,
5.0,57.0,81.0,124.0,191.0,243.0,276.0,291.0,329.0,336.0,351.0,382.0,383.0,417.0,466.0,474.0,497.0,520.0,559.0,608.0,680.0,705.0,712.0,795.0,805.0,807.0,819.0,845.0,931.0,944.0,956.0,
48.0,69.0,113.0,135.0,194.0,245.0,274.0,278.0,308.0,309.0,314.0,326.0,381.0,403.0,440.0,641.0,646.0,671.0,697.0,741.0,753.0,780.0,792.0,812.0,812.0,926.0,933.0,956.0,972.0,976.0,981.0,993.0,993.0,
20.0,43.0,92.0,115.0,139.0,139.0,169.0,193.0,206.0,211.0,244.0,254.0,277.0,324.0,357.0,385.0,408.0,429.0,437.0,450.0,451.0,466.0,544.0,547.0,564.0,600.0,676.0,744.0,769.0,784.0,813.0,814.0,822.0,850.0,865.0,955.0,
44.0,46.0,62.0,71.0,125.0,126.0,144.0,153.0,172.0,173.0,185.0,238.0,255.0,260.0,269.0,272.0,286.0,298.0,327.0,340.0,354.0,396.0,455.0,474.0,516.0,550.0,552.0,575.0,600.0,609.0,625.0,657.0,666.0,671.0,671.0,697.0,728.0,730.0,732.0,748.0,749.0,792.0,817.0,887.0,921.0,947.0,
17.0,19.0,70.0,86.0,91.0,132.0,148.0,160.0,193.0,250.0,292.0,301.0,338.0,358.0,398.0,414.0,416.0,419.0,535.0,567.0,568.0,599.0,609.0,611.0,624.0,629.0,668.0,675.0,689.0,729.0,734.0,745.0,757.0,798.0,830.0,859.0,942.0,969.0,
6.0,77.0,90.0,99.0,117.0,147.0,154.0,192.0,194.0,247.0,304.0,306.0,340.0,344.0,363.0,376.0,390.0,444.0,461.0,489.0,515.0,568.0,637.0,707.0,739.0,827.0,899.0,914.0,943.0,
3.0,36.0,193.0,195.0,210.0,263.0,274.0,306.0,313.0,315.0,346.0,375.0,472.0,520.0,526.0,539.0,548.0,560.0,563.0,626.0,634.0,637.0,652.0,661.0,664.0,688.0,694.0,778.0,785.0,795.0,807.0,829.0,841.0,852.0,854.0,886.0,917.0,928.0,933.0,942.0,962.0,962.0,989.0,995.0,
26.0,61.0,68.0,99.0,186.0,250.0,260.0,291.0,349.0,377.0,388.0,459.0,484.0,484.0,491.0,497.0,508.0,520.0,574.0,586.0,599.0,647.0,656.0,674.0,705.0,805.0,822.0,826.0,829.0,855.0,875.0,905.0,928.0,935.0,938.0,947.0,963.0,985.0,990.0,
11.0,75.0,91.0,106.0,118.0,152.0,163.0,188.0,268.0,285.0,287.0,308.0,312.0,319.0,364.0,382.0,383.0,398.0,420.0,423.0,435.0,462.0,527.0,730.0,741.0,775.0,800.0,809.0,866.0,877.0,910.0,930.0,940.0,940.0,969.0,
5.0,5.0,15.0,41.0,48.0,69.0,90.0,101.0,105.0,152.0,164.0,168.0,175.0,219.0,225.0,235.0,279.0,291.0,296.0,305.0,376.0,383.0,394.0,419.0,449.0,455.0,458.0,541.0,542.0,568.0,572.0,572.0,601.0,646.0,663.0,671.0,699.0,706.0,711.0,716.0,727.0,741.0,831.0,832.0,880.0,952.0,971.0,
28.0,30.0,84.0,98.0,103.0,127.0,179.0,226.0,269.0,293.0,304.0,344.0,346.0,348.0,349.0,378.0,381.0,381.0,383.0,391.0,409.0,430.0,454.0,492.0,552.0,555.0,585.0,600.0,662.0,687.0,687.0,690.0,711.0,768.0,813.0,859.0,895.0,942.0,950.0,996.0,
4.0,34.0,41.0,79.0,95.0,128.0,136.0,144.0,150.0,168.0,200.0,234.0,290.0,291.0,312.0,332.0,356.0,376.0,394.0,526.0,566.0,570.0,612.0,654.0,684.0,741.0,750.0,760.0,790.0,830.0,840.0,849.0,858.0,869.0,883.0,886.0,972.0,973.0,987.0,
128.0,132.0,136.0,211.0,213.0,221.0,232.0,329.0,422.0,495.0,503.0,587.0,632.0,654.0,666.0,683.0,687.0,710.0,736.0,769.0,781.0,783.0,793.0,796.0,865.0,873.0,875.0,898.0,911.0,933.0,939.0,952.0,960.0,
47.0,60.0,75.0,81.0,96.0,146.0,152.0,173.0,204.0,211.0,235.0,271.0,311.0,335.0,371.0,396.0,408.0,438.0,443.0,452.0,466.0,482.0,503.0,506.0,525.0,535.0,565.0,588.0,589.0,611.0,648.0,727.0,744.0,786.0,805.0,818.0,853.0,870.0,873.0,885.0,897.0,927.0,942.0,974.0,
48.0,71.0,113.0,123.0,210.0,270.0,270.0,272.0,310.0,403.0,422.0,438.0,489.0,500.0,501.0,581.0,642.0,651.0,657.0,662.0,686.0,704.0,706.0,732.0,732.0,737.0,771.0,773.0,804.0,820.0,846.0,847.0,860.0,876.0,935.0,964.0,965.0,985.0,991.0,
91.0,139.0,175.0,199.0,199.0,205.0,218.0,271.0,290.0,301.0,311.0,375.0,379.0,383.0,449.0,463.0,474.0,491.0,
4.0,8.0,30.0,78.0,84.0,171.0,194.0,202.0,236.0,250.0,325.0,334.0,344.0,384.0,412.0,415.0,433.0,466.0,695.0,700.0,706.0,713.0,752.0,769.0,832.0,984.0,
5.0,11.0,65.0,71.0,84.0,103.0,105.0,118.0,128.0,129.0,176.0,218.0,243.0,249.0,269.0,276.0,309.0,321.0,400.0,415.0,425.0,432.0,437.0,512.0,539.0,540.0,542.0,577.0,630.0,737.0,738.0,744.0,804.0,827.0,894.0,897.0,907.0,920.0,957.0,961.0,
21.0,41.0,72.0,150.0,151.0,162.0,168.0,170.0,180.0,195.0,198.0,301.0,308.0,338.0,360.0,364.0,370.0,384.0,385.0,406.0,431.0,432.0,442.0,498.0,511.0,528.0,573.0,581.0,603.0,616.0,625.0,703.0,704.0,745.0,751.0,780.0,915.0,939.0,991.0,
35.0,39.0,60.0,71.0,129.0,185.0,193.0,226.0,303.0,357.0,364.0,398.0,401.0,410.0,465.0,501.0,501.0,501.0,532.0,598.0,607.0,622.0,658.0,686.0,705.0,794.0,809.0,829.0,834.0,850.0,866.0,876.0,940.0,941.0,944.0,968.0,996.0,996.0,
104.0,122.0,123.0,130.0,141.0,155.0,248.0,259.0,271.0,310.0,321.0,440.0,443.0,464.0,505.0,511.0,551.0,556.0,614.0,652.0,662.0,670.0,690.0,700.0,738.0,785.0,788.0,824.0,843.0,875.0,881.0,921.0,928.0,985.0,
44.0,77.0,84.0,90.0,115.0,123.0,137.0,151.0,187.0,204.0,209.0,221.0,233.0,265.0,279.0,291.0,296.0,328.0,334.0,343.0,400.0,440.0,473.0,524.0,631.0,712.0,856.0,865.0,869.0,895.0,938.0,939.0,954.0,985.0,
22.0,45.0,56.0,74.0,76.0,93.0,96.0,106.0,140.0,142.0,162.0,167.0,222.0,314.0,368.0,398.0,419.0,440.0,473.0,538.0,563.0,588.0,614.0,647.0,663.0,713.0,735.0,774.0,782.0,807.0,859.0,887.0,900.0,955.0,961.0,964.0,970.0,974.0,993.0,
35.0,37.0,59.0,63.0,79.0,80.0,90.0,130.0,135.0,149.0,225.0,287.0,326.0,346.0,357.0,413.0,418.0,419.0,465.0,512.0,516.0,560.0,592.0,620.0,653.0,666.0,704.0,708.0,710.0,715.0,732.0,753.0,768.0,802.0,823.0,827.0,879.0,883.0,925.0,926.0,946.0,
14.0,19.0,96.0,108.0,121.0,137.0,174.0,199.0,228.0,268.0,290.0,330.0,334.0,338.0,362.0,379.0,391.0,436.0,468.0,484.0,501.0,535.0,547.0,579.0,619.0,625.0,637.0,659.0,679.0,709.0,740.0,741.0,745.0,756.0,792.0,810.0,839.0,898.0,903.0,922.0,962.0,971.0,
18.0,55.0,62.0,66.0,67.0,91.0,125.0,195.0,208.0,239.0,294.0,361.0,380.0,393.0,395.0,396.0,400.0,413.0,420.0,426.0,461.0,483.0,499.0,851.0,852.0,863.0,881.0,891.0,936.0,938.0,940.0,943.0,975.0,987.0,
77.0,79.0,95.0,104.0,120.0,192.0,223.0,223.0,231.0,232.0,345.0,348.0,363.0,396.0,515.0,554.0,574.0,621.0,659.0,662.0,676.0,679.0,695.0,703.0,727.0,730.0,755.0,777.0,801.0,815.0,913.0,996.0,
18.0,23.0,27.0,72.0,74.0,223.0,241.0,271.0,308.0,330.0,348.0,431.0,524.0,526.0,577.0,644.0,706.0,711.0,725.0,741.0,752.0,754.0,811.0,848.0,868.0,870.0,874.0,885.0,892.0,916.0,995.0,
18.0,42.0,56.0,62.0,111.0,132.0,173.0,240.0,250.0,290.0,327.0,339.0,351.0,357.0,361.0,363.0,381.0,406.0,406.0,428.0,516.0,528.0,551.0,584.0,626.0,673.0,681.0,716.0,732.0,774.0,792.0,795.0,818.0,818.0,825.0,842.0,852.0,853.0,899.0,906.0,974.0,
14.0,52.0,56.0,94.0,125.0,139.0,162.0,213.0,248.0,304.0,340.0,470.0,493.0,518.0,541.0,606.0,612.0,613.0,653.0,672.0,679.0,689.0,704.0,711.0,720.0,725.0,745.0,788.0,798.0,819.0,854.0,877.0,888.0,894.0,920.0,
2.0,48.0,145.0,189.0,214.0,220.0,323.0,328.0,359.0,438.0,450.0,465.0,554.0,582.0,618.0,698.0,715.0,766.0,820.0,825.0,879.0,903.0,912.0,922.0,
43.0,53.0,55.0,83.0,101.0,107.0,125.0,172.0,182.0,186.0,265.0,286.0,291.0,302.0,333.0,391.0,400.0,462.0,472.0,489.0,530.0,538.0,632.0,724.0,795.0,882.0,913.0,942.0,952.0,
10.0,45.0,51.0,118.0,133.0,134.0,139.0,224.0,256.0,272.0,330.0,368.0,371.0,379.0,380.0,451.0,465.0,490.0,499.0,524.0,533.0,546.0,646.0,664.0,739.0,765.0,815.0,832.0,926.0,935.0,948.0,957.0,984.0,988.0,
23.0,44.0,88.0,111.0,111.0,120.0,179.0,185.0,287.0,296.0,299.0,351.0,383.0,437.0,450.0,474.0,630.0,631.0,674.0,688.0,690.0,696.0,716.0,716.0,736.0,750.0,774.0,829.0,834.0,963.0,979.0,994.0,
4.0,43.0,74.0,92.0,100.0,108.0,142.0,147.0,149.0,166.0,172.0,203.0,234.0,247.0,261.0,300.0,320.0,383.0,385.0,396.0,415.0,436.0,441.0,445.0,473.0,514.0,515.0,521.0,526.0,529.0,541.0,548.0,569.0,585.0,625.0,629.0,664.0,691.0,705.0,740.0,759.0,797.0,802.0,808.0,814.0,816.0,820.0,847.0,853.0,927.0,934.0,952.0,960.0,997.0,999.0,
81.0,89.0,93.0,94.0,132.0,134.0,139.0,183.0,212.0,226.0,236.0,284.0,296.0,329.0,345.0,362.0,366.0,381.0,417.0,449.0,484.0,486.0,500.0,559.0,559.0,579.0,618.0,623.0,650.0,651.0,656.0,673.0,691.0,708.0,744.0,793.0,902.0,935.0,960.0,976.0,982.0,989.0,
7.0,38.0,53.0,59.0,68.0,75.0,100.0,117.0,120.0,139.0,194.0,232.0,233.0,264.0,275.0,289.0,290.0,315.0,328.0,358.0,362.0,392.0,408.0,418.0,428.0,434.0,520.0,531.0,554.0,561.0,581.0,614.0,623.0,624.0,639.0,644.0,670.0,691.0,721.0,752.0,755.0,764.0,808.0,872.0,948.0,957.0,965.0,967.0,970.0,978.0,991.0,
7.0,14.0,50.0,84.0,89.0,93.0,114.0,121.0,155.0,167.0,172.0,217.0,310.0,319.0,322.0,342.0,375.0,387.0,439.0,532.0,540.0,601.0,609.0,611.0,613.0,683.0,687.0,687.0,741.0,788.0,803.0,809.0,902.0,904.0,905.0,952.0,962.0,976.0,978.0,986.0,
6.0,73.0,117.0,120.0,169.0,232.0,234.0,247.0,251.0,265.0,277.0,291.0,335.0,352.0,366.0,455.0,463.0,522.0,532.0,602.0,615.0,617.0,652.0,701.0,711.0,715.0,733.0,753.0,760.0,785.0,799.0,826.0,890.0,926.0,962.0,986.0,
16.0,50.0,52.0,91.0,103.0,183.0,198.0,241.0,280.0,296.0,328.0,416.0,419.0,430.0,436.0,442.0,446.0,450.0,471.0,525.0,562.0,665.0,671.0,721.0,792.0,829.0,829.0,840.0,856.0,899.0,899.0,900.0,938.0,967.0,
10.0,27.0,37.0,55.0,68.0,87.0,88.0,143.0,167.0,206.0,254.0,286.0,324.0,331.0,334.0,335.0,361.0,419.0,426.0,446.0,461.0,464.0,465.0,556.0,584.0,638.0,665.0,670.0,682.0,708.0,726.0,742.0,771.0,829.0,835.0,836.0,876.0,891.0,894.0,898.0,911.0,925.0,942.0,963.0,998.0,
2.0,87.0,203.0,213.0,261.0,287.0,303.0,306.0,372.0,394.0,432.0,482.0,508.0,566.0,587.0,620.0,627.0,664.0,699.0,797.0,798.0,827.0,828.0,854.0,865.0,908.0,921.0,938.0,966.0,973.0,974.0,
3.0,24.0,28.0,36.0,53.0,64.0,67.0,69.0,112.0,173.0,178.0,272.0,279.0,295.0,315.0,338.0,353.0,355.0,396.0,421.0,446.0,472.0,505.0,527.0,583.0,586.0,605.0,625.0,635.0,663.0,668.0,743.0,753.0,753.0,774.0,785.0,815.0,839.0,846.0,847.0,913.0,914.0,927.0,931.0,942.0,948.0,
29.0,64.0,80.0,107.0,120.0,152.0,159.0,237.0,238.0,282.0,301.0,358.0,403.0,427.0,485.0,494.0,521.0,557.0,606.0,650.0,669.0,670.0,739.0,745.0,749.0,771.0,783.0,795.0,825.0,835.0,850.0,877.0,898.0,925.0,932.0,933.0,982.0,996.0,
8.0,44.0,86.0,96.0,140.0,161.0,188.0,192.0,197.0,208.0,220.0,257.0,301.0,432.0,470.0,519.0,520.0,540.0,543.0,556.0,556.0,569.0,596.0,603.0,612.0,660.0,682.0,686.0,712.0,715.0,724.0,742.0,771.0,786.0,858.0,912.0,961.0,962.0,989.0,
44.0,193.0,219.0,220.0,267.0,309.0,334.0,342.0,408.0,416.0,454.0,463.0,486.0,503.0,510.0,542.0,568.0,594.0,604.0,622.0,669.0,746.0,821.0,836.0,872.0,916.0,931.0,941.0,945.0,958.0,968.0,988.0,
5.0,30.0,71.0,92.0,101.0,151.0,179.0,204.0,215.0,220.0,232.0,260.0,287.0,342.0,346.0,377.0,381.0,454.0,460.0,487.0,496.0,509.0,569.0,595.0,609.0,609.0,610.0,644.0,737.0,745.0,751.0,770.0,786.0,797.0,812.0,818.0,821.0,862.0,894.0,
4.0,12.0,22.0,23.0,60.0,61.0,62.0,82.0,105.0,109.0,133.0,134.0,149.0,166.0,168.0,219.0,233.0,279.0,292.0,300.0,328.0,329.0,342.0,404.0,407.0,407.0,424.0,445.0,457.0,501.0,507.0,510.0,515.0,520.0,538.0,637.0,669.0,686.0,691.0,707.0,715.0,721.0,734.0,738.0,743.0,756.0,781.0,816.0,829.0,894.0,896.0,897.0,926.0,936.0,
34.0,98.0,166.0,225.0,273.0,350.0,362.0,381.0,447.0,497.0,515.0,572.0,572.0,589.0,688.0,797.0,810.0,894.0,894.0,900.0,933.0,967.0,
50.0,76.0,94.0,95.0,140.0,201.0,210.0,215.0,217.0,224.0,247.0,254.0,295.0,297.0,298.0,437.0,445.0,447.0,457.0,463.0,526.0,543.0,581.0,586.0,656.0,680.0,684.0,744.0,783.0,810.0,873.0,910.0,982.0,996.0,
60.0,110.0,174.0,180.0,210.0,284.0,299.0,310.0,314.0,314.0,329.0,336.0,437.0,456.0,480.0,504.0,531.0,560.0,562.0,788.0,794.0,825.0,843.0,905.0,949.0,972.0,
75.0,123.0,142.0,222.0,230.0,232.0,264.0,333.0,342.0,370.0,372.0,417.0,448.0,495.0,503.0,518.0,548.0,608.0,654.0,686.0,716.0,724.0,868.0,874.0,878.0,906.0,912.0,930.0,941.0,962.0,969.0,976.0,
58.0,74.0,129.0,168.0,200.0,234.0,238.0,271.0,290.0,313.0,327.0,331.0,416.0,476.0,493.0,537.0,553.0,565.0,576.0,599.0,603.0,605.0,657.0,660.0,684.0,699.0,803.0,822.0,846.0,856.0,892.0,906.0,912.0,994.0,997.0,998.0,
125.0,129.0,171.0,199.0,206.0,209.0,238.0,241.0,291.0,316.0,331.0,342.0,369.0,481.0,500.0,515.0,570.0,597.0,640.0,650.0,714.0,734.0,748.0,761.0,809.0,844.0,851.0,854.0,894.0,949.0,
34.0,38.0,60.0,62.0,65.0,90.0,99.0,104.0,165.0,181.0,203.0,213.0,213.0,260.0,269.0,270.0,342.0,359.0,362.0,365.0,396.0,412.0,463.0,543.0,558.0,568.0,577.0,598.0,618.0,653.0,654.0,693.0,711.0,770.0,771.0,775.0,790.0,811.0,839.0,975.0,985.0,
8.0,31.0,44.0,50.0,85.0,115.0,129.0,158.0,183.0,195.0,268.0,270.0,282.0,308.0,315.0,317.0,335.0,342.0,442.0,454.0,476.0,520.0,526.0,536.0,541.0,567.0,572.0,595.0,647.0,648.0,676.0,720.0,759.0,764.0,765.0,780.0,795.0,915.0,917.0,934.0,939.0,946.0,
35.0,62.0,64.0,67.0,69.0,93.0,129.0,154.0,208.0,277.0,286.0,385.0,391.0,468.0,480.0,503.0,510.0,511.0,531.0,555.0,585.0,601.0,641.0,646.0,648.0,686.0,705.0,713.0,729.0,749.0,776.0,836.0,867.0,947.0,951.0,
3.0,40.0,62.0,80.0,150.0,179.0,190.0,194.0,225.0,265.0,286.0,288.0,297.0,299.0,303.0,327.0,358.0,365.0,367.0,369.0,404.0,441.0,494.0,495.0,500.0,505.0,507.0,520.0,521.0,573.0,578.0,581.0,583.0,592.0,602.0,622.0,667.0,697.0,765.0,827.0,850.0,877.0,878.0,893.0,907.0,942.0,968.0,991.0,
6.0,86.0,88.0,181.0,185.0,209.0,305.0,326.0,356.0,461.0,466.0,495.0,501.0,534.0,540.0,542.0,561.0,566.0,581.0,586.0,589.0,620.0,653.0,656.0,662.0,667.0,724.0,729.0,741.0,754.0,754.0,757.0,798.0,898.0,
33.0,41.0,43.0,51.0,65.0,102.0,142.0,151.0,179.0,188.0,198.0,204.0,205.0,258.0,258.0,275.0,276.0,278.0,283.0,318.0,329.0,337.0,358.0,389.0,396.0,396.0,448.0,487.0,495.0,513.0,517.0,544.0,544.0,551.0,577.0,593.0,599.0,643.0,656.0,670.0,761.0,780.0,788.0,818.0,830.0,877.0,877.0,881.0,894.0,971.0,978.0,1000.0,
