13.0,16.0,23.0,24.0,102.0,104.0,132.0,135.0,153.0,178.0,182.0,191.0,203.0,221.0,235.0,238.0,244.0,248.0,267.0,296.0,338.0,381.0,386.0,387.0,401.0,471.0,475.0,491.0,494.0,512.0,516.0,524.0,533.0,553.0,556.0,576.0,584.0,607.0,631.0,649.0,680.0,682.0,708.0,804.0,810.0,832.0,877.0,931.0,936.0,967.0,
38.0,42.0,63.0,92.0,112.0,117.0,118.0,121.0,138.0,160.0,179.0,181.0,212.0,256.0,309.0,337.0,375.0,376.0,389.0,394.0,453.0,464.0,469.0,484.0,533.0,569.0,575.0,580.0,675.0,677.0,681.0,718.0,790.0,831.0,833.0,851.0,867.0,944.0,956.0,965.0,
18.0,63.0,72.0,120.0,130.0,160.0,182.0,188.0,192.0,205.0,209.0,226.0,254.0,265.0,269.0,284.0,308.0,336.0,354.0,406.0,418.0,419.0,454.0,462.0,468.0,482.0,526.0,528.0,536.0,569.0,569.0,626.0,637.0,651.0,651.0,658.0,663.0,738.0,780.0,785.0,812.0,829.0,835.0,850.0,852.0,860.0,952.0,
21.0,53.0,122.0,124.0,134.0,143.0,181.0,184.0,237.0,260.0,270.0,286.0,288.0,299.0,319.0,341.0,410.0,432.0,445.0,505.0,521.0,525.0,586.0,601.0,605.0,617.0,620.0,638.0,673.0,674.0,699.0,757.0,787.0,855.0,895.0,919.0,945.0,958.0,960.0,
66.0,88.0,108.0,110.0,112.0,122.0,145.0,164.0,232.0,303.0,325.0,357.0,365.0,388.0,410.0,449.0,498.0,537.0,555.0,561.0,586.0,595.0,618.0,638.0,680.0,771.0,795.0,818.0,829.0,836.0,840.0,846.0,884.0,905.0,911.0,936.0,972.0,
40.0,63.0,71.0,190.0,210.0,282.0,330.0,340.0,366.0,412.0,448.0,456.0,479.0,479.0,493.0,503.0,527.0,551.0,578.0,583.0,618.0,663.0,715.0,754.0,799.0,832.0,874.0,891.0,892.0,900.0,920.0,985.0,
78.0,82.0,123.0,127.0,152.0,190.0,200.0,207.0,249.0,290.0,292.0,301.0,312.0,381.0,402.0,456.0,531.0,562.0,665.0,679.0,689.0,715.0,781.0,782.0,786.0,788.0,807.0,833.0,893.0,945.0,994.0,
49.0,120.0,130.0,139.0,146.0,267.0,332.0,337.0,386.0,395.0,424.0,441.0,480.0,521.0,571.0,585.0,586.0,625.0,658.0,676.0,704.0,712.0,715.0,744.0,763.0,767.0,814.0,850.0,867.0,922.0,946.0,960.0,994.0,
39.0,62.0,148.0,227.0,227.0,267.0,309.0,354.0,373.0,400.0,407.0,484.0,528.0,533.0,555.0,562.0,571.0,603.0,648.0,650.0,742.0,747.0,749.0,753.0,769.0,783.0,790.0,792.0,798.0,799.0,853.0,868.0,884.0,911.0,927.0,965.0,993.0,
11.0,20.0,37.0,82.0,83.0,93.0,97.0,108.0,175.0,181.0,242.0,262.0,292.0,305.0,325.0,351.0,376.0,377.0,385.0,410.0,431.0,443.0,451.0,456.0,483.0,519.0,522.0,539.0,543.0,547.0,549.0,565.0,576.0,663.0,665.0,668.0,669.0,691.0,735.0,752.0,760.0,766.0,773.0,840.0,894.0,967.0,968.0,978.0,
20.0,58.0,69.0,73.0,119.0,207.0,308.0,332.0,346.0,388.0,398.0,409.0,414.0,421.0,422.0,439.0,442.0,446.0,468.0,482.0,533.0,553.0,593.0,609.0,679.0,694.0,709.0,711.0,728.0,751.0,811.0,818.0,877.0,916.0,964.0,972.0,984.0,992.0,994.0,
60.0,72.0,110.0,165.0,214.0,228.0,246.0,250.0,262.0,270.0,272.0,315.0,334.0,344.0,351.0,366.0,375.0,395.0,434.0,452.0,475.0,475.0,502.0,628.0,644.0,645.0,664.0,688.0,690.0,694.0,832.0,845.0,856.0,928.0,931.0,937.0,959.0,981.0,999.0,
18.0,19.0,39.0,122.0,149.0,160.0,172.0,194.0,237.0,289.0,331.0,346.0,409.0,417.0,440.0,450.0,456.0,469.0,622.0,675.0,681.0,692.0,694.0,757.0,800.0,855.0,860.0,867.0,930.0,932.0,932.0,959.0,
25.0,34.0,35.0,72.0,85.0,110.0,136.0,158.0,162.0,175.0,217.0,224.0,293.0,294.0,328.0,354.0,384.0,406.0,423.0,469.0,516.0,525.0,527.0,536.0,578.0,649.0,673.0,730.0,735.0,746.0,747.0,763.0,771.0,851.0,869.0,910.0,941.0,945.0,
23.0,34.0,36.0,44.0,74.0,85.0,104.0,139.0,182.0,208.0,248.0,253.0,261.0,262.0,313.0,319.0,322.0,381.0,435.0,500.0,503.0,634.0,709.0,780.0,802.0,815.0,816.0,847.0,862.0,902.0,948.0,960.0,979.0,
13.0,89.0,95.0,108.0,124.0,134.0,140.0,146.0,218.0,360.0,377.0,416.0,451.0,467.0,482.0,526.0,538.0,553.0,566.0,569.0,571.0,581.0,591.0,645.0,689.0,723.0,726.0,726.0,764.0,783.0,810.0,846.0,963.0,967.0,
41.0,42.0,46.0,83.0,112.0,137.0,176.0,197.0,214.0,224.0,227.0,247.0,271.0,310.0,319.0,361.0,427.0,476.0,508.0,562.0,584.0,635.0,708.0,775.0,779.0,875.0,881.0,924.0,938.0,995.0,
6.0,36.0,45.0,47.0,67.0,86.0,95.0,158.0,162.0,185.0,205.0,215.0,217.0,219.0,241.0,277.0,313.0,326.0,340.0,345.0,349.0,359.0,383.0,402.0,550.0,554.0,653.0,699.0,757.0,772.0,777.0,804.0,807.0,814.0,835.0,888.0,907.0,922.0,950.0,958.0,993.0,999.0,1000.0,
4.0,39.0,42.0,81.0,84.0,136.0,151.0,180.0,253.0,262.0,297.0,323.0,347.0,384.0,447.0,462.0,463.0,501.0,511.0,570.0,571.0,606.0,625.0,688.0,718.0,723.0,741.0,758.0,814.0,848.0,881.0,892.0,957.0,
16.0,25.0,25.0,56.0,57.0,60.0,62.0,157.0,171.0,194.0,228.0,258.0,260.0,285.0,290.0,292.0,309.0,320.0,334.0,357.0,360.0,401.0,407.0,427.0,463.0,540.0,559.0,566.0,640.0,713.0,720.0,750.0,752.0,792.0,799.0,902.0,921.0,981.0,
4.0,13.0,33.0,51.0,91.0,135.0,147.0,226.0,338.0,349.0,365.0,395.0,441.0,461.0,514.0,519.0,526.0,563.0,639.0,644.0,649.0,669.0,674.0,679.0,685.0,690.0,691.0,695.0,725.0,743.0,752.0,760.0,798.0,807.0,807.0,811.0,918.0,923.0,941.0,948.0,983.0,
46.0,48.0,88.0,94.0,99.0,120.0,151.0,175.0,181.0,188.0,241.0,259.0,277.0,277.0,362.0,382.0,395.0,452.0,461.0,481.0,524.0,551.0,551.0,581.0,600.0,620.0,632.0,716.0,738.0,744.0,798.0,799.0,857.0,912.0,913.0,934.0,934.0,966.0,978.0,988.0,996.0,
2.0,4.0,10.0,45.0,131.0,133.0,158.0,163.0,166.0,194.0,209.0,256.0,257.0,257.0,271.0,274.0,318.0,344.0,366.0,529.0,544.0,545.0,572.0,662.0,670.0,777.0,803.0,903.0,918.0,923.0,943.0,956.0,983.0,
3.0,7.0,45.0,69.0,90.0,108.0,174.0,174.0,190.0,215.0,215.0,241.0,255.0,273.0,278.0,314.0,336.0,378.0,382.0,395.0,526.0,532.0,539.0,575.0,589.0,601.0,684.0,700.0,710.0,721.0,732.0,748.0,769.0,780.0,828.0,834.0,834.0,856.0,885.0,962.0,969.0,976.0,
6.0,18.0,70.0,120.0,146.0,171.0,259.0,324.0,348.0,360.0,363.0,374.0,378.0,416.0,469.0,479.0,508.0,513.0,531.0,564.0,570.0,578.0,588.0,589.0,607.0,623.0,637.0,672.0,677.0,684.0,684.0,688.0,696.0,701.0,755.0,798.0,801.0,811.0,830.0,831.0,835.0,845.0,858.0,868.0,868.0,895.0,898.0,918.0,931.0,937.0,961.0,976.0,980.0,986.0,
3.0,46.0,79.0,127.0,129.0,130.0,209.0,210.0,215.0,224.0,244.0,277.0,283.0,294.0,306.0,316.0,329.0,335.0,338.0,350.0,355.0,356.0,376.0,406.0,409.0,423.0,430.0,434.0,434.0,477.0,489.0,522.0,524.0,528.0,535.0,537.0,546.0,547.0,547.0,550.0,552.0,555.0,558.0,564.0,567.0,567.0,569.0,571.0,572.0,575.0,583.0,591.0,597.0,602.0,626.0,629.0,631.0,650.0,659.0,663.0,671.0,679.0,679.0,700.0,727.0,740.0,743.0,749.0,759.0,762.0,767.0,769.0,777.0,799.0,821.0,828.0,829.0,839.0,853.0,858.0,874.0,875.0,880.0,886.0,902.0,913.0,948.0,973.0,
7.0,31.0,36.0,70.0,93.0,111.0,142.0,161.0,172.0,189.0,190.0,191.0,193.0,196.0,222.0,239.0,312.0,315.0,335.0,415.0,459.0,476.0,484.0,496.0,539.0,541.0,542.0,547.0,553.0,555.0,568.0,570.0,570.0,574.0,578.0,582.0,587.0,593.0,601.0,609.0,614.0,615.0,618.0,624.0,631.0,634.0,638.0,682.0,705.0,779.0,793.0,825.0,831.0,851.0,880.0,919.0,930.0,937.0,966.0,988.0,992.0,997.0,
8.0,13.0,31.0,112.0,124.0,131.0,230.0,250.0,328.0,359.0,398.0,417.0,428.0,437.0,460.0,520.0,525.0,544.0,553.0,567.0,569.0,596.0,685.0,686.0,699.0,715.0,736.0,809.0,811.0,824.0,918.0,989.0,995.0,
13.0,79.0,95.0,119.0,158.0,170.0,194.0,208.0,209.0,243.0,263.0,278.0,289.0,295.0,313.0,323.0,344.0,349.0,381.0,387.0,387.0,393.0,437.0,471.0,494.0,505.0,509.0,539.0,555.0,557.0,574.0,605.0,649.0,708.0,739.0,749.0,848.0,878.0,915.0,933.0,
18.0,57.0,78.0,167.0,201.0,252.0,290.0,297.0,299.0,358.0,378.0,388.0,497.0,543.0,543.0,601.0,612.0,715.0,777.0,791.0,813.0,868.0,897.0,897.0,900.0,927.0,
11.0,30.0,113.0,118.0,126.0,127.0,151.0,151.0,164.0,184.0,187.0,189.0,323.0,349.0,361.0,386.0,393.0,440.0,508.0,521.0,528.0,540.0,574.0,578.0,593.0,604.0,607.0,613.0,630.0,631.0,712.0,756.0,761.0,764.0,832.0,838.0,866.0,867.0,890.0,943.0,952.0,978.0,989.0,
2.0,54.0,64.0,68.0,82.0,121.0,168.0,210.0,215.0,228.0,323.0,323.0,341.0,352.0,359.0,378.0,391.0,396.0,425.0,444.0,501.0,568.0,585.0,660.0,704.0,774.0,874.0,898.0,901.0,911.0,966.0,
33.0,45.0,78.0,111.0,164.0,169.0,210.0,215.0,227.0,231.0,267.0,313.0,326.0,385.0,389.0,390.0,425.0,425.0,427.0,443.0,488.0,495.0,511.0,513.0,543.0,545.0,563.0,568.0,572.0,580.0,595.0,662.0,670.0,675.0,690.0,696.0,704.0,734.0,786.0,802.0,837.0,856.0,888.0,900.0,951.0,969.0,988.0,995.0,
13.0,15.0,57.0,110.0,114.0,118.0,121.0,147.0,213.0,224.0,257.0,295.0,349.0,407.0,476.0,503.0,505.0,518.0,532.0,535.0,540.0,541.0,545.0,546.0,547.0,549.0,550.0,570.0,572.0,574.0,575.0,579.0,585.0,587.0,593.0,598.0,602.0,604.0,620.0,623.0,625.0,629.0,645.0,650.0,652.0,704.0,706.0,711.0,727.0,746.0,756.0,757.0,763.0,770.0,779.0,790.0,801.0,817.0,821.0,825.0,868.0,880.0,888.0,891.0,900.0,903.0,929.0,935.0,961.0,968.0,968.0,971.0,978.0,979.0,998.0,999.0,
4.0,56.0,68.0,98.0,175.0,187.0,257.0,276.0,302.0,306.0,313.0,320.0,372.0,409.0,410.0,454.0,516.0,520.0,525.0,527.0,530.0,531.0,532.0,535.0,537.0,538.0,546.0,554.0,566.0,566.0,569.0,571.0,571.0,573.0,579.0,579.0,592.0,593.0,594.0,600.0,608.0,612.0,614.0,631.0,638.0,669.0,694.0,694.0,709.0,719.0,719.0,725.0,730.0,749.0,759.0,760.0,777.0,780.0,800.0,803.0,805.0,815.0,828.0,852.0,891.0,906.0,946.0,953.0,955.0,981.0,995.0,
3.0,15.0,63.0,64.0,96.0,104.0,110.0,154.0,156.0,159.0,230.0,239.0,279.0,279.0,297.0,321.0,326.0,356.0,387.0,401.0,448.0,468.0,475.0,506.0,507.0,533.0,536.0,538.0,541.0,545.0,547.0,548.0,549.0,549.0,556.0,563.0,566.0,569.0,580.0,581.0,583.0,583.0,594.0,595.0,608.0,609.0,611.0,618.0,618.0,630.0,652.0,690.0,697.0,702.0,703.0,704.0,712.0,769.0,801.0,844.0,861.0,865.0,869.0,884.0,891.0,901.0,924.0,956.0,987.0,
9.0,10.0,11.0,21.0,36.0,55.0,73.0,75.0,103.0,105.0,119.0,158.0,177.0,196.0,210.0,228.0,262.0,294.0,312.0,338.0,390.0,413.0,449.0,455.0,463.0,467.0,534.0,534.0,537.0,540.0,540.0,542.0,547.0,549.0,549.0,550.0,552.0,554.0,557.0,571.0,576.0,581.0,599.0,606.0,609.0,619.0,620.0,622.0,623.0,639.0,639.0,649.0,651.0,657.0,660.0,669.0,671.0,713.0,741.0,760.0,763.0,771.0,776.0,788.0,795.0,819.0,831.0,834.0,836.0,841.0,844.0,845.0,857.0,880.0,907.0,912.0,961.0,967.0,980.0,981.0,991.0,994.0,995.0,
7.0,16.0,43.0,56.0,66.0,91.0,104.0,106.0,122.0,137.0,175.0,195.0,206.0,254.0,264.0,270.0,270.0,309.0,315.0,317.0,379.0,380.0,434.0,456.0,468.0,480.0,535.0,537.0,542.0,544.0,545.0,550.0,553.0,553.0,557.0,560.0,562.0,569.0,577.0,586.0,587.0,608.0,610.0,620.0,623.0,624.0,632.0,653.0,667.0,670.0,670.0,681.0,692.0,693.0,735.0,735.0,745.0,749.0,750.0,761.0,773.0,792.0,795.0,800.0,802.0,831.0,846.0,852.0,882.0,886.0,902.0,917.0,920.0,934.0,952.0,960.0,977.0,982.0,995.0,
68.0,79.0,83.0,94.0,108.0,151.0,168.0,224.0,271.0,279.0,295.0,416.0,441.0,451.0,520.0,522.0,524.0,524.0,531.0,540.0,542.0,552.0,566.0,582.0,598.0,611.0,665.0,683.0,710.0,756.0,759.0,760.0,799.0,843.0,856.0,857.0,919.0,929.0,962.0,969.0,
53.0,70.0,92.0,115.0,129.0,155.0,158.0,173.0,187.0,201.0,309.0,336.0,385.0,409.0,508.0,514.0,526.0,550.0,563.0,626.0,659.0,702.0,712.0,729.0,737.0,741.0,786.0,801.0,814.0,851.0,887.0,889.0,895.0,936.0,983.0,998.0,
11.0,93.0,105.0,117.0,133.0,134.0,148.0,159.0,188.0,209.0,228.0,235.0,264.0,293.0,339.0,343.0,378.0,409.0,431.0,449.0,482.0,509.0,514.0,516.0,519.0,554.0,583.0,596.0,618.0,656.0,657.0,682.0,715.0,723.0,786.0,789.0,794.0,805.0,812.0,823.0,836.0,934.0,937.0,945.0,951.0,954.0,962.0,975.0,997.0,
11.0,78.0,162.0,168.0,178.0,208.0,268.0,300.0,324.0,333.0,375.0,379.0,386.0,518.0,542.0,543.0,577.0,580.0,645.0,714.0,790.0,796.0,827.0,834.0,852.0,862.0,878.0,894.0,916.0,955.0,
38.0,181.0,190.0,310.0,390.0,419.0,460.0,474.0,520.0,522.0,526.0,526.0,530.0,535.0,537.0,547.0,554.0,555.0,566.0,568.0,569.0,583.0,587.0,593.0,593.0,602.0,603.0,614.0,615.0,618.0,619.0,620.0,621.0,621.0,629.0,629.0,629.0,635.0,639.0,652.0,735.0,762.0,769.0,818.0,819.0,825.0,881.0,888.0,917.0,958.0,982.0,
13.0,18.0,47.0,56.0,68.0,154.0,235.0,280.0,336.0,361.0,381.0,396.0,407.0,417.0,440.0,461.0,523.0,525.0,527.0,534.0,538.0,544.0,545.0,555.0,558.0,561.0,563.0,567.0,568.0,568.0,568.0,571.0,610.0,626.0,647.0,649.0,650.0,658.0,664.0,666.0,683.0,692.0,693.0,709.0,711.0,741.0,755.0,769.0,773.0,792.0,800.0,801.0,839.0,842.0,848.0,865.0,893.0,899.0,905.0,916.0,922.0,949.0,965.0,975.0,978.0,989.0,991.0,
65.0,100.0,144.0,185.0,222.0,225.0,226.0,227.0,296.0,331.0,367.0,373.0,416.0,434.0,485.0,514.0,518.0,524.0,524.0,528.0,534.0,543.0,547.0,553.0,578.0,587.0,593.0,593.0,595.0,604.0,611.0,636.0,659.0,662.0,671.0,702.0,705.0,721.0,731.0,770.0,802.0,812.0,834.0,837.0,842.0,864.0,898.0,905.0,933.0,954.0,972.0,992.0,994.0,997.0,
29.0,105.0,201.0,213.0,220.0,228.0,230.0,234.0,235.0,242.0,268.0,287.0,287.0,310.0,328.0,332.0,335.0,411.0,415.0,487.0,517.0,524.0,531.0,543.0,549.0,555.0,562.0,564.0,565.0,580.0,583.0,611.0,623.0,623.0,629.0,663.0,678.0,681.0,686.0,686.0,692.0,714.0,769.0,798.0,812.0,818.0,858.0,865.0,879.0,893.0,910.0,928.0,937.0,945.0,964.0,985.0,
39.0,56.0,86.0,140.0,170.0,188.0,257.0,264.0,409.0,411.0,436.0,468.0,522.0,527.0,532.0,535.0,536.0,537.0,559.0,564.0,567.0,577.0,580.0,595.0,600.0,608.0,617.0,630.0,638.0,647.0,667.0,685.0,692.0,700.0,714.0,723.0,730.0,751.0,758.0,807.0,808.0,810.0,811.0,819.0,857.0,892.0,934.0,947.0,949.0,960.0,974.0,976.0,986.0,
22.0,39.0,104.0,118.0,150.0,234.0,238.0,244.0,270.0,300.0,306.0,328.0,367.0,369.0,425.0,428.0,429.0,456.0,458.0,460.0,492.0,518.0,518.0,522.0,524.0,525.0,530.0,534.0,538.0,540.0,547.0,547.0,549.0,557.0,559.0,568.0,570.0,571.0,583.0,587.0,600.0,600.0,601.0,601.0,605.0,605.0,613.0,626.0,629.0,634.0,642.0,651.0,661.0,664.0,672.0,698.0,706.0,724.0,728.0,736.0,744.0,748.0,748.0,764.0,769.0,791.0,799.0,823.0,837.0,859.0,863.0,873.0,895.0,908.0,918.0,934.0,934.0,954.0,959.0,976.0,983.0,996.0,
26.0,36.0,38.0,93.0,100.0,175.0,176.0,205.0,208.0,273.0,304.0,317.0,328.0,342.0,370.0,386.0,456.0,462.0,524.0,534.0,535.0,536.0,537.0,548.0,550.0,557.0,560.0,586.0,601.0,605.0,616.0,645.0,668.0,686.0,705.0,714.0,729.0,744.0,758.0,758.0,780.0,825.0,870.0,873.0,887.0,904.0,924.0,931.0,932.0,934.0,945.0,945.0,986.0,993.0,
24.0,43.0,72.0,147.0,227.0,227.0,256.0,266.0,291.0,306.0,347.0,366.0,391.0,428.0,459.0,469.0,491.0,495.0,529.0,597.0,624.0,653.0,717.0,768.0,796.0,802.0,845.0,853.0,870.0,873.0,925.0,978.0,
37.0,73.0,86.0,100.0,155.0,182.0,210.0,231.0,242.0,298.0,307.0,308.0,310.0,317.0,351.0,419.0,431.0,442.0,504.0,521.0,618.0,631.0,648.0,668.0,680.0,684.0,708.0,720.0,735.0,769.0,785.0,789.0,805.0,836.0,861.0,894.0,911.0,915.0,958.0,967.0,
24.0,58.0,73.0,134.0,241.0,242.0,250.0,251.0,320.0,321.0,349.0,371.0,373.0,386.0,390.0,413.0,430.0,595.0,599.0,600.0,667.0,686.0,693.0,700.0,726.0,738.0,741.0,752.0,755.0,864.0,893.0,975.0,
21.0,70.0,106.0,120.0,155.0,184.0,190.0,213.0,217.0,229.0,291.0,295.0,302.0,302.0,309.0,342.0,377.0,395.0,422.0,432.0,436.0,477.0,506.0,510.0,527.0,536.0,536.0,537.0,540.0,556.0,557.0,562.0,562.0,563.0,564.0,564.0,587.0,589.0,593.0,599.0,601.0,620.0,635.0,640.0,665.0,678.0,680.0,701.0,717.0,742.0,750.0,755.0,764.0,769.0,779.0,792.0,819.0,825.0,834.0,877.0,890.0,900.0,904.0,906.0,920.0,929.0,949.0,982.0,986.0,
9.0,51.0,90.0,152.0,183.0,193.0,218.0,225.0,295.0,390.0,399.0,417.0,431.0,441.0,449.0,459.0,476.0,482.0,517.0,518.0,520.0,528.0,533.0,536.0,539.0,543.0,546.0,555.0,562.0,573.0,575.0,588.0,595.0,597.0,601.0,610.0,635.0,658.0,660.0,660.0,684.0,690.0,694.0,697.0,718.0,722.0,724.0,725.0,749.0,799.0,808.0,813.0,828.0,850.0,850.0,853.0,861.0,864.0,864.0,872.0,879.0,889.0,893.0,906.0,926.0,944.0,952.0,954.0,957.0,963.0,991.0,997.0,
24.0,52.0,77.0,143.0,162.0,172.0,180.0,236.0,246.0,247.0,275.0,281.0,337.0,366.0,385.0,414.0,438.0,461.0,493.0,500.0,531.0,535.0,535.0,536.0,536.0,546.0,549.0,557.0,565.0,566.0,573.0,581.0,602.0,623.0,624.0,624.0,628.0,656.0,677.0,694.0,700.0,707.0,743.0,764.0,770.0,811.0,841.0,882.0,887.0,890.0,914.0,914.0,933.0,937.0,954.0,966.0,969.0,988.0,
14.0,40.0,69.0,125.0,203.0,213.0,217.0,232.0,299.0,300.0,317.0,333.0,343.0,362.0,441.0,442.0,482.0,490.0,497.0,521.0,522.0,524.0,538.0,539.0,544.0,544.0,546.0,547.0,548.0,560.0,562.0,571.0,591.0,591.0,605.0,607.0,621.0,634.0,640.0,648.0,655.0,659.0,670.0,670.0,678.0,681.0,685.0,689.0,691.0,729.0,751.0,751.0,763.0,784.0,807.0,823.0,830.0,834.0,835.0,858.0,861.0,871.0,874.0,901.0,919.0,920.0,926.0,930.0,933.0,939.0,958.0,973.0,982.0,992.0,996.0,
33.0,72.0,74.0,113.0,144.0,185.0,234.0,244.0,287.0,331.0,337.0,363.0,376.0,386.0,463.0,518.0,525.0,525.0,526.0,530.0,535.0,537.0,545.0,547.0,553.0,555.0,555.0,556.0,560.0,561.0,584.0,602.0,606.0,634.0,645.0,656.0,676.0,683.0,695.0,728.0,755.0,757.0,757.0,759.0,789.0,794.0,800.0,835.0,841.0,854.0,861.0,875.0,878.0,880.0,881.0,888.0,896.0,915.0,921.0,946.0,950.0,958.0,989.0,
56.0,92.0,117.0,132.0,251.0,254.0,285.0,288.0,297.0,326.0,328.0,330.0,369.0,392.0,419.0,424.0,475.0,504.0,527.0,531.0,538.0,555.0,556.0,557.0,557.0,559.0,560.0,561.0,562.0,562.0,565.0,567.0,569.0,569.0,578.0,581.0,583.0,590.0,599.0,607.0,619.0,620.0,625.0,641.0,649.0,667.0,670.0,671.0,671.0,678.0,679.0,696.0,716.0,723.0,748.0,775.0,793.0,794.0,806.0,808.0,809.0,810.0,815.0,868.0,872.0,872.0,877.0,880.0,890.0,901.0,919.0,922.0,948.0,995.0,
6.0,9.0,9.0,54.0,79.0,122.0,143.0,172.0,189.0,327.0,338.0,355.0,366.0,367.0,415.0,429.0,445.0,461.0,463.0,485.0,488.0,507.0,516.0,517.0,522.0,524.0,528.0,531.0,549.0,575.0,584.0,585.0,594.0,603.0,625.0,648.0,678.0,683.0,685.0,691.0,711.0,718.0,747.0,756.0,778.0,788.0,816.0,838.0,845.0,864.0,891.0,892.0,916.0,919.0,949.0,964.0,973.0,989.0,990.0,
47.0,61.0,66.0,73.0,74.0,88.0,109.0,192.0,195.0,212.0,218.0,232.0,246.0,281.0,348.0,370.0,417.0,448.0,472.0,517.0,546.0,550.0,562.0,568.0,576.0,613.0,643.0,660.0,712.0,716.0,724.0,796.0,800.0,872.0,883.0,899.0,943.0,971.0,980.0,1000.0,
13.0,51.0,54.0,63.0,64.0,80.0,101.0,222.0,230.0,254.0,264.0,316.0,391.0,569.0,585.0,634.0,636.0,668.0,670.0,716.0,743.0,766.0,795.0,865.0,918.0,922.0,966.0,
10.0,36.0,42.0,49.0,53.0,101.0,143.0,151.0,170.0,199.0,262.0,285.0,320.0,378.0,398.0,435.0,443.0,479.0,485.0,488.0,518.0,538.0,560.0,599.0,654.0,684.0,720.0,855.0,864.0,923.0,942.0,984.0,
13.0,23.0,58.0,138.0,193.0,200.0,253.0,293.0,306.0,328.0,405.0,423.0,432.0,465.0,470.0,495.0,533.0,534.0,540.0,543.0,549.0,550.0,564.0,571.0,579.0,585.0,591.0,596.0,597.0,603.0,603.0,606.0,610.0,623.0,623.0,624.0,630.0,631.0,650.0,662.0,667.0,669.0,683.0,689.0,690.0,693.0,694.0,694.0,738.0,748.0,777.0,789.0,798.0,801.0,802.0,826.0,839.0,847.0,867.0,875.0,884.0,918.0,978.0,983.0,
24.0,67.0,101.0,125.0,166.0,187.0,296.0,331.0,334.0,381.0,414.0,440.0,514.0,524.0,530.0,537.0,538.0,544.0,547.0,551.0,563.0,563.0,564.0,573.0,579.0,587.0,593.0,597.0,599.0,599.0,606.0,608.0,614.0,618.0,621.0,627.0,627.0,635.0,686.0,689.0,750.0,759.0,762.0,784.0,794.0,804.0,824.0,825.0,829.0,831.0,865.0,879.0,889.0,908.0,915.0,919.0,934.0,946.0,966.0,972.0,991.0,
14.0,14.0,26.0,61.0,63.0,104.0,125.0,158.0,207.0,242.0,261.0,267.0,297.0,355.0,357.0,379.0,419.0,427.0,472.0,489.0,502.0,529.0,543.0,546.0,548.0,551.0,551.0,552.0,562.0,562.0,562.0,566.0,569.0,575.0,576.0,582.0,587.0,596.0,599.0,611.0,620.0,627.0,634.0,636.0,669.0,693.0,697.0,731.0,761.0,835.0,843.0,865.0,892.0,917.0,932.0,934.0,950.0,983.0,
10.0,41.0,149.0,181.0,202.0,213.0,231.0,241.0,257.0,293.0,367.0,448.0,453.0,463.0,509.0,516.0,518.0,522.0,529.0,533.0,541.0,546.0,549.0,565.0,576.0,579.0,591.0,610.0,611.0,614.0,642.0,674.0,735.0,748.0,752.0,776.0,859.0,877.0,878.0,893.0,895.0,902.0,931.0,974.0,981.0,998.0,
99.0,108.0,144.0,145.0,145.0,175.0,180.0,211.0,305.0,306.0,362.0,392.0,421.0,466.0,526.0,528.0,530.0,535.0,537.0,540.0,547.0,548.0,551.0,553.0,555.0,555.0,562.0,563.0,566.0,567.0,570.0,571.0,572.0,586.0,599.0,601.0,601.0,604.0,606.0,609.0,614.0,615.0,615.0,618.0,636.0,643.0,643.0,653.0,663.0,672.0,678.0,733.0,741.0,760.0,767.0,777.0,791.0,801.0,826.0,841.0,870.0,894.0,901.0,924.0,941.0,943.0,965.0,978.0,985.0,
5.0,22.0,75.0,130.0,162.0,187.0,222.0,247.0,253.0,379.0,396.0,422.0,513.0,536.0,539.0,545.0,562.0,576.0,578.0,588.0,593.0,601.0,606.0,611.0,616.0,645.0,653.0,655.0,661.0,686.0,693.0,696.0,708.0,714.0,716.0,726.0,735.0,748.0,756.0,762.0,780.0,800.0,837.0,848.0,859.0,870.0,885.0,902.0,934.0,942.0,945.0,945.0,948.0,959.0,961.0,969.0,995.0,1000.0,
4.0,105.0,113.0,155.0,165.0,194.0,207.0,220.0,303.0,308.0,309.0,320.0,373.0,401.0,518.0,525.0,525.0,526.0,527.0,529.0,544.0,547.0,555.0,562.0,582.0,584.0,598.0,611.0,622.0,669.0,681.0,696.0,732.0,736.0,738.0,752.0,779.0,783.0,837.0,844.0,854.0,882.0,934.0,938.0,942.0,953.0,955.0,964.0,985.0,
14.0,19.0,67.0,122.0,130.0,154.0,168.0,185.0,191.0,209.0,218.0,219.0,231.0,239.0,258.0,283.0,290.0,387.0,394.0,464.0,474.0,489.0,498.0,507.0,517.0,525.0,561.0,607.0,635.0,663.0,678.0,735.0,834.0,887.0,888.0,935.0,937.0,985.0,990.0,993.0,
28.0,44.0,112.0,134.0,176.0,222.0,308.0,313.0,370.0,370.0,405.0,406.0,417.0,432.0,433.0,446.0,457.0,499.0,503.0,522.0,582.0,593.0,612.0,675.0,684.0,684.0,704.0,725.0,731.0,739.0,760.0,796.0,826.0,860.0,867.0,916.0,925.0,948.0,
24.0,45.0,63.0,66.0,96.0,99.0,102.0,105.0,149.0,156.0,161.0,164.0,175.0,258.0,268.0,312.0,329.0,357.0,379.0,394.0,405.0,488.0,488.0,503.0,520.0,546.0,552.0,557.0,591.0,604.0,631.0,640.0,754.0,763.0,794.0,799.0,804.0,872.0,968.0,981.0,
46.0,47.0,81.0,85.0,128.0,161.0,181.0,215.0,229.0,255.0,302.0,329.0,399.0,402.0,408.0,426.0,543.0,546.0,550.0,550.0,569.0,572.0,576.0,595.0,616.0,637.0,667.0,785.0,913.0,947.0,948.0,
52.0,58.0,71.0,87.0,148.0,162.0,176.0,183.0,204.0,216.0,229.0,241.0,273.0,283.0,292.0,339.0,340.0,371.0,383.0,396.0,443.0,471.0,490.0,496.0,516.0,522.0,523.0,526.0,528.0,529.0,537.0,539.0,539.0,542.0,546.0,550.0,551.0,561.0,566.0,572.0,574.0,594.0,607.0,636.0,639.0,642.0,643.0,643.0,653.0,660.0,670.0,675.0,686.0,691.0,706.0,727.0,743.0,744.0,760.0,779.0,788.0,791.0,794.0,805.0,830.0,834.0,845.0,880.0,887.0,889.0,898.0,906.0,921.0,946.0,964.0,972.0,977.0,986.0,
20.0,100.0,124.0,132.0,152.0,154.0,262.0,278.0,283.0,297.0,371.0,371.0,397.0,400.0,452.0,463.0,527.0,527.0,529.0,548.0,550.0,574.0,587.0,592.0,604.0,611.0,616.0,621.0,623.0,626.0,626.0,629.0,633.0,635.0,645.0,656.0,673.0,673.0,686.0,692.0,699.0,701.0,705.0,707.0,721.0,725.0,748.0,751.0,753.0,770.0,780.0,840.0,855.0,878.0,956.0,968.0,973.0,974.0,977.0,980.0,
87.0,171.0,175.0,194.0,194.0,199.0,210.0,222.0,241.0,248.0,325.0,343.0,352.0,385.0,431.0,467.0,487.0,502.0,536.0,539.0,548.0,550.0,551.0,555.0,568.0,568.0,574.0,575.0,586.0,598.0,602.0,608.0,617.0,648.0,662.0,664.0,667.0,672.0,680.0,690.0,692.0,713.0,714.0,737.0,828.0,833.0,857.0,858.0,873.0,874.0,878.0,884.0,896.0,910.0,927.0,928.0,953.0,961.0,963.0,983.0,
40.0,41.0,75.0,76.0,125.0,167.0,283.0,389.0,391.0,465.0,486.0,494.0,527.0,542.0,543.0,547.0,551.0,555.0,557.0,559.0,560.0,563.0,566.0,579.0,581.0,591.0,595.0,603.0,617.0,620.0,633.0,642.0,643.0,661.0,671.0,673.0,675.0,701.0,709.0,718.0,728.0,769.0,771.0,806.0,806.0,807.0,813.0,822.0,827.0,828.0,843.0,851.0,858.0,873.0,876.0,892.0,899.0,910.0,915.0,941.0,948.0,952.0,954.0,971.0,985.0,999.0,1000.0,
15.0,33.0,73.0,100.0,133.0,139.0,152.0,159.0,191.0,194.0,207.0,223.0,224.0,229.0,232.0,260.0,262.0,293.0,302.0,308.0,349.0,446.0,493.0,494.0,511.0,519.0,532.0,534.0,535.0,539.0,545.0,546.0,550.0,557.0,560.0,561.0,562.0,562.0,571.0,578.0,578.0,605.0,608.0,609.0,618.0,627.0,634.0,638.0,653.0,657.0,658.0,674.0,674.0,688.0,703.0,721.0,725.0,739.0,747.0,752.0,766.0,789.0,799.0,817.0,822.0,830.0,845.0,847.0,858.0,860.0,879.0,883.0,911.0,958.0,991.0,
28.0,60.0,70.0,93.0,109.0,161.0,174.0,200.0,232.0,238.0,259.0,272.0,343.0,350.0,371.0,393.0,416.0,513.0,544.0,583.0,589.0,604.0,622.0,630.0,650.0,650.0,664.0,711.0,746.0,800.0,828.0,835.0,855.0,887.0,920.0,931.0,942.0,953.0,955.0,961.0,982.0,
2.0,5.0,37.0,56.0,67.0,68.0,70.0,84.0,108.0,112.0,143.0,146.0,162.0,256.0,295.0,297.0,334.0,357.0,423.0,443.0,488.0,489.0,533.0,533.0,536.0,539.0,595.0,765.0,774.0,838.0,840.0,876.0,896.0,916.0,927.0,986.0,
6.0,57.0,109.0,110.0,201.0,221.0,271.0,281.0,322.0,395.0,398.0,405.0,485.0,487.0,507.0,514.0,514.0,537.0,593.0,605.0,606.0,624.0,645.0,645.0,650.0,654.0,809.0,845.0,848.0,873.0,877.0,885.0,925.0,937.0,961.0,976.0,
14.0,14.0,26.0,69.0,86.0,128.0,191.0,243.0,252.0,257.0,258.0,261.0,299.0,341.0,401.0,407.0,469.0,552.0,563.0,611.0,637.0,661.0,670.0,671.0,672.0,680.0,704.0,706.0,736.0,749.0,762.0,790.0,836.0,922.0,946.0,
11.0,14.0,20.0,25.0,47.0,50.0,101.0,117.0,127.0,132.0,147.0,198.0,210.0,220.0,259.0,266.0,289.0,313.0,337.0,382.0,425.0,448.0,472.0,504.0,564.0,591.0,613.0,616.0,623.0,628.0,656.0,682.0,901.0,913.0,921.0,
25.0,29.0,47.0,49.0,72.0,106.0,107.0,135.0,147.0,173.0,184.0,198.0,198.0,220.0,287.0,322.0,338.0,432.0,478.0,518.0,522.0,527.0,529.0,542.0,556.0,636.0,656.0,705.0,733.0,754.0,764.0,774.0,783.0,785.0,795.0,819.0,833.0,835.0,847.0,900.0,934.0,941.0,951.0,954.0,959.0,982.0,
133.0,142.0,159.0,161.0,172.0,218.0,231.0,260.0,264.0,275.0,313.0,358.0,401.0,443.0,444.0,448.0,498.0,503.0,506.0,513.0,519.0,523.0,528.0,530.0,542.0,545.0,550.0,557.0,558.0,561.0,572.0,587.0,603.0,604.0,604.0,612.0,613.0,615.0,616.0,620.0,623.0,627.0,634.0,646.0,656.0,658.0,675.0,694.0,698.0,714.0,715.0,741.0,769.0,778.0,784.0,797.0,813.0,813.0,840.0,842.0,844.0,845.0,850.0,860.0,870.0,918.0,929.0,938.0,938.0,955.0,964.0,982.0,1000.0,
67.0,91.0,104.0,120.0,148.0,155.0,203.0,208.0,226.0,238.0,239.0,252.0,268.0,273.0,337.0,345.0,361.0,383.0,413.0,414.0,491.0,525.0,527.0,531.0,535.0,540.0,541.0,543.0,544.0,548.0,554.0,555.0,556.0,558.0,559.0,581.0,581.0,586.0,588.0,600.0,602.0,605.0,612.0,613.0,614.0,617.0,629.0,631.0,635.0,645.0,654.0,664.0,669.0,699.0,702.0,703.0,718.0,730.0,737.0,742.0,746.0,748.0,759.0,792.0,805.0,817.0,839.0,855.0,875.0,910.0,913.0,943.0,944.0,953.0,960.0,983.0,987.0,987.0,
11.0,34.0,46.0,69.0,76.0,77.0,80.0,147.0,202.0,205.0,217.0,245.0,304.0,336.0,400.0,407.0,414.0,469.0,515.0,522.0,534.0,538.0,538.0,551.0,565.0,578.0,580.0,589.0,592.0,599.0,600.0,614.0,615.0,622.0,634.0,638.0,655.0,656.0,687.0,711.0,725.0,746.0,768.0,773.0,774.0,792.0,810.0,816.0,863.0,874.0,875.0,900.0,902.0,911.0,975.0,
9.0,12.0,67.0,82.0,82.0,104.0,119.0,131.0,144.0,184.0,190.0,224.0,244.0,258.0,298.0,299.0,342.0,378.0,394.0,424.0,449.0,478.0,521.0,522.0,527.0,541.0,546.0,548.0,549.0,551.0,570.0,577.0,602.0,603.0,616.0,622.0,628.0,633.0,671.0,692.0,699.0,737.0,774.0,795.0,802.0,827.0,830.0,832.0,845.0,908.0,926.0,942.0,972.0,986.0,
25.0,53.0,53.0,94.0,123.0,141.0,142.0,248.0,259.0,265.0,267.0,269.0,285.0,292.0,380.0,393.0,406.0,431.0,455.0,546.0,556.0,658.0,697.0,703.0,735.0,743.0,744.0,772.0,772.0,781.0,805.0,854.0,858.0,865.0,907.0,915.0,971.0,
66.0,81.0,86.0,167.0,174.0,181.0,183.0,216.0,240.0,253.0,399.0,460.0,524.0,542.0,544.0,557.0,594.0,617.0,620.0,620.0,654.0,657.0,722.0,757.0,799.0,803.0,850.0,864.0,890.0,937.0,968.0,
6.0,12.0,13.0,34.0,50.0,71.0,73.0,82.0,83.0,96.0,104.0,128.0,130.0,147.0,233.0,239.0,256.0,297.0,319.0,323.0,357.0,359.0,366.0,460.0,493.0,506.0,513.0,543.0,585.0,644.0,646.0,682.0,702.0,709.0,715.0,725.0,741.0,743.0,761.0,809.0,828.0,847.0,863.0,943.0,969.0,984.0,
23.0,25.0,96.0,149.0,171.0,184.0,200.0,236.0,262.0,264.0,268.0,272.0,286.0,360.0,417.0,422.0,424.0,433.0,441.0,494.0,564.0,674.0,719.0,740.0,758.0,806.0,810.0,858.0,867.0,927.0,938.0,959.0,
33.0,41.0,60.0,67.0,71.0,78.0,94.0,100.0,102.0,107.0,107.0,186.0,233.0,238.0,254.0,255.0,269.0,318.0,327.0,365.0,370.0,461.0,477.0,481.0,485.0,507.0,553.0,597.0,635.0,688.0,826.0,838.0,865.0,930.0,974.0,982.0,
2.0,91.0,133.0,156.0,261.0,278.0,281.0,282.0,324.0,393.0,398.0,409.0,412.0,459.0,504.0,512.0,534.0,570.0,583.0,596.0,617.0,714.0,728.0,895.0,896.0,903.0,931.0,972.0,996.0,998.0,
2.0,10.0,34.0,102.0,109.0,156.0,190.0,202.0,209.0,226.0,238.0,241.0,251.0,286.0,352.0,372.0,372.0,411.0,454.0,527.0,547.0,570.0,578.0,600.0,635.0,641.0,700.0,705.0,714.0,734.0,864.0,892.0,892.0,935.0,951.0,978.0,983.0,990.0,
7.0,21.0,41.0,77.0,88.0,113.0,115.0,121.0,144.0,159.0,187.0,191.0,198.0,202.0,245.0,247.0,260.0,301.0,369.0,382.0,384.0,404.0,433.0,475.0,488.0,514.0,539.0,551.0,579.0,627.0,633.0,648.0,684.0,767.0,822.0,851.0,969.0,993.0,
46.0,78.0,98.0,135.0,165.0,169.0,290.0,299.0,325.0,331.0,344.0,345.0,370.0,428.0,432.0,511.0,547.0,556.0,573.0,599.0,696.0,719.0,777.0,791.0,805.0,819.0,856.0,860.0,877.0,988.0,995.0,
28.0,138.0,281.0,283.0,284.0,344.0,370.0,381.0,382.0,403.0,418.0,443.0,447.0,459.0,479.0,508.0,516.0,521.0,522.0,541.0,541.0,562.0,572.0,648.0,671.0,676.0,706.0,755.0,773.0,786.0,809.0,836.0,838.0,925.0,935.0,
16.0,18.0,25.0,43.0,134.0,159.0,171.0,179.0,199.0,204.0,255.0,265.0,272.0,292.0,294.0,336.0,354.0,363.0,392.0,424.0,428.0,506.0,550.0,569.0,615.0,620.0,655.0,666.0,687.0,689.0,695.0,783.0,857.0,884.0,921.0,927.0,942.0,942.0,952.0,985.0,
23.0,76.0,92.0,99.0,138.0,155.0,172.0,241.0,261.0,265.0,308.0,365.0,407.0,495.0,516.0,664.0,700.0,701.0,747.0,773.0,815.0,816.0,820.0,857.0,893.0,898.0,932.0,938.0,961.0,990.0,996.0,
