26.0,34.0,105.0,123.0,135.0,235.0,278.0,280.0,313.0,327.0,385.0,392.0,430.0,431.0,445.0,452.0,478.0,486.0,502.0,539.0,574.0,578.0,586.0,591.0,609.0,624.0,679.0,696.0,697.0,724.0,805.0,822.0,825.0,831.0,891.0,932.0,976.0,976.0,981.0,
79.0,119.0,136.0,137.0,146.0,197.0,260.0,273.0,339.0,370.0,376.0,412.0,439.0,446.0,462.0,495.0,506.0,563.0,599.0,601.0,603.0,613.0,613.0,636.0,669.0,684.0,717.0,761.0,834.0,917.0,980.0,
37.0,45.0,141.0,141.0,165.0,169.0,227.0,300.0,335.0,336.0,370.0,372.0,382.0,400.0,416.0,465.0,499.0,540.0,628.0,636.0,649.0,680.0,711.0,768.0,770.0,774.0,774.0,796.0,804.0,817.0,855.0,877.0,884.0,902.0,981.0,
3.0,4.0,15.0,47.0,51.0,73.0,75.0,86.0,124.0,138.0,148.0,158.0,159.0,160.0,165.0,176.0,192.0,202.0,251.0,292.0,311.0,356.0,364.0,386.0,400.0,408.0,416.0,432.0,453.0,467.0,502.0,540.0,639.0,693.0,713.0,714.0,737.0,743.0,761.0,829.0,832.0,877.0,892.0,903.0,934.0,943.0,975.0,
56.0,62.0,111.0,143.0,172.0,207.0,238.0,400.0,421.0,453.0,465.0,492.0,504.0,505.0,518.0,583.0,655.0,659.0,708.0,731.0,769.0,800.0,821.0,838.0,889.0,962.0,976.0,996.0,
52.0,79.0,87.0,92.0,145.0,174.0,245.0,251.0,274.0,277.0,315.0,419.0,488.0,515.0,544.0,612.0,630.0,656.0,679.0,793.0,861.0,876.0,894.0,927.0,938.0,971.0,978.0,
32.0,45.0,61.0,63.0,97.0,149.0,150.0,161.0,174.0,263.0,264.0,272.0,273.0,275.0,284.0,312.0,317.0,372.0,372.0,470.0,529.0,538.0,609.0,642.0,643.0,660.0,782.0,800.0,831.0,835.0,846.0,882.0,903.0,943.0,963.0,965.0,
24.0,67.0,103.0,129.0,135.0,143.0,179.0,228.0,277.0,285.0,285.0,345.0,409.0,411.0,438.0,471.0,495.0,535.0,555.0,640.0,647.0,649.0,732.0,796.0,826.0,855.0,904.0,928.0,949.0,
36.0,53.0,54.0,83.0,101.0,106.0,154.0,176.0,274.0,290.0,346.0,366.0,374.0,389.0,403.0,484.0,505.0,522.0,533.0,589.0,598.0,617.0,623.0,686.0,695.0,702.0,755.0,768.0,780.0,790.0,791.0,793.0,800.0,800.0,805.0,810.0,827.0,864.0,866.0,888.0,923.0,944.0,948.0,
22.0,35.0,40.0,53.0,53.0,65.0,80.0,146.0,167.0,193.0,223.0,249.0,263.0,273.0,273.0,288.0,363.0,414.0,462.0,485.0,555.0,595.0,643.0,648.0,697.0,707.0,715.0,719.0,726.0,732.0,787.0,826.0,854.0,854.0,871.0,898.0,900.0,980.0,993.0,995.0,
5.0,32.0,63.0,81.0,112.0,128.0,136.0,151.0,175.0,185.0,226.0,229.0,266.0,279.0,357.0,397.0,405.0,408.0,419.0,457.0,466.0,484.0,496.0,502.0,512.0,546.0,557.0,565.0,580.0,607.0,789.0,799.0,849.0,948.0,969.0,
18.0,43.0,48.0,51.0,62.0,77.0,89.0,173.0,209.0,242.0,251.0,265.0,274.0,298.0,328.0,336.0,342.0,346.0,386.0,386.0,426.0,431.0,472.0,492.0,497.0,527.0,619.0,644.0,668.0,675.0,683.0,721.0,727.0,758.0,833.0,899.0,903.0,971.0,982.0,999.0,
83.0,103.0,158.0,170.0,175.0,200.0,205.0,313.0,325.0,366.0,379.0,436.0,463.0,470.0,519.0,520.0,545.0,561.0,564.0,641.0,685.0,716.0,771.0,824.0,920.0,969.0,
13.0,34.0,74.0,83.0,235.0,237.0,253.0,266.0,274.0,296.0,330.0,373.0,374.0,374.0,385.0,426.0,439.0,489.0,620.0,624.0,643.0,648.0,667.0,672.0,673.0,674.0,675.0,793.0,825.0,863.0,907.0,939.0,995.0,
6.0,13.0,14.0,19.0,57.0,75.0,82.0,124.0,157.0,193.0,216.0,250.0,251.0,254.0,318.0,352.0,359.0,398.0,413.0,431.0,593.0,596.0,697.0,720.0,738.0,953.0,960.0,967.0,
2.0,3.0,25.0,40.0,53.0,67.0,80.0,137.0,175.0,178.0,201.0,233.0,281.0,308.0,314.0,347.0,358.0,373.0,421.0,478.0,537.0,538.0,589.0,605.0,655.0,655.0,829.0,893.0,945.0,
36.0,53.0,67.0,81.0,114.0,135.0,161.0,249.0,317.0,369.0,377.0,412.0,445.0,483.0,574.0,610.0,633.0,639.0,717.0,726.0,733.0,784.0,878.0,886.0,934.0,943.0,974.0,
13.0,78.0,115.0,117.0,144.0,176.0,178.0,206.0,310.0,343.0,498.0,505.0,536.0,540.0,560.0,580.0,596.0,655.0,709.0,735.0,757.0,759.0,808.0,883.0,921.0,942.0,943.0,964.0,
13.0,47.0,107.0,168.0,186.0,248.0,293.0,304.0,407.0,410.0,410.0,434.0,436.0,455.0,500.0,527.0,573.0,595.0,599.0,666.0,720.0,742.0,812.0,826.0,831.0,849.0,892.0,912.0,920.0,928.0,951.0,960.0,991.0,
5.0,7.0,16.0,26.0,96.0,114.0,118.0,306.0,325.0,350.0,360.0,370.0,393.0,437.0,452.0,466.0,467.0,485.0,613.0,629.0,760.0,835.0,885.0,891.0,935.0,938.0,952.0,975.0,994.0,996.0,
54.0,110.0,147.0,155.0,180.0,213.0,232.0,252.0,262.0,297.0,300.0,333.0,360.0,365.0,366.0,388.0,414.0,448.0,457.0,460.0,465.0,488.0,509.0,510.0,522.0,526.0,569.0,571.0,595.0,620.0,663.0,667.0,717.0,741.0,769.0,778.0,874.0,886.0,894.0,898.0,927.0,935.0,947.0,
19.0,42.0,75.0,117.0,127.0,171.0,193.0,228.0,230.0,234.0,238.0,258.0,267.0,270.0,309.0,315.0,387.0,389.0,402.0,407.0,441.0,447.0,493.0,513.0,548.0,557.0,565.0,577.0,604.0,634.0,635.0,665.0,678.0,684.0,705.0,741.0,806.0,859.0,895.0,913.0,941.0,987.0,
11.0,23.0,60.0,65.0,116.0,127.0,240.0,262.0,281.0,282.0,345.0,393.0,407.0,418.0,421.0,440.0,530.0,560.0,601.0,660.0,670.0,672.0,678.0,709.0,811.0,838.0,946.0,992.0,
13.0,54.0,93.0,126.0,168.0,174.0,239.0,286.0,307.0,308.0,312.0,392.0,428.0,451.0,496.0,513.0,533.0,567.0,573.0,587.0,608.0,637.0,637.0,662.0,692.0,700.0,722.0,732.0,745.0,765.0,779.0,789.0,812.0,875.0,878.0,
75.0,76.0,96.0,158.0,184.0,239.0,284.0,287.0,361.0,364.0,385.0,386.0,439.0,450.0,455.0,482.0,510.0,514.0,530.0,538.0,550.0,557.0,575.0,581.0,582.0,587.0,588.0,593.0,601.0,606.0,613.0,645.0,655.0,708.0,726.0,756.0,782.0,787.0,789.0,810.0,810.0,815.0,842.0,864.0,874.0,877.0,881.0,887.0,902.0,907.0,914.0,951.0,957.0,978.0,980.0,
14.0,23.0,52.0,55.0,59.0,109.0,124.0,172.0,212.0,213.0,220.0,263.0,299.0,307.0,344.0,347.0,383.0,413.0,465.0,506.0,512.0,513.0,528.0,529.0,531.0,532.0,534.0,534.0,544.0,556.0,558.0,559.0,566.0,573.0,576.0,577.0,586.0,590.0,590.0,595.0,623.0,646.0,651.0,665.0,666.0,669.0,675.0,691.0,704.0,715.0,732.0,737.0,742.0,764.0,767.0,828.0,855.0,887.0,902.0,919.0,935.0,940.0,946.0,952.0,961.0,968.0,971.0,983.0,992.0,
43.0,52.0,76.0,77.0,92.0,142.0,194.0,221.0,234.0,250.0,251.0,268.0,291.0,320.0,401.0,406.0,471.0,491.0,522.0,525.0,528.0,535.0,540.0,541.0,542.0,549.0,551.0,553.0,575.0,577.0,580.0,582.0,583.0,585.0,591.0,598.0,603.0,620.0,633.0,641.0,642.0,663.0,663.0,668.0,722.0,724.0,728.0,757.0,773.0,774.0,783.0,807.0,809.0,824.0,835.0,839.0,841.0,852.0,870.0,876.0,908.0,919.0,990.0,
12.0,95.0,137.0,194.0,203.0,224.0,249.0,271.0,279.0,300.0,307.0,311.0,326.0,369.0,401.0,423.0,426.0,427.0,454.0,500.0,538.0,542.0,551.0,554.0,593.0,617.0,644.0,652.0,676.0,678.0,694.0,876.0,881.0,907.0,935.0,967.0,
8.0,18.0,31.0,60.0,133.0,154.0,269.0,269.0,272.0,295.0,302.0,313.0,314.0,331.0,351.0,351.0,355.0,392.0,477.0,484.0,487.0,492.0,511.0,524.0,586.0,604.0,629.0,727.0,739.0,832.0,862.0,928.0,947.0,
53.0,105.0,106.0,158.0,164.0,170.0,206.0,229.0,242.0,264.0,266.0,357.0,370.0,444.0,457.0,481.0,497.0,513.0,530.0,601.0,615.0,615.0,624.0,631.0,648.0,704.0,708.0,730.0,733.0,797.0,993.0,
5.0,52.0,79.0,114.0,119.0,124.0,147.0,254.0,266.0,277.0,298.0,320.0,326.0,329.0,342.0,347.0,353.0,372.0,394.0,416.0,423.0,458.0,475.0,509.0,512.0,552.0,564.0,588.0,589.0,656.0,680.0,764.0,772.0,773.0,801.0,891.0,953.0,967.0,
15.0,67.0,85.0,91.0,127.0,165.0,170.0,171.0,177.0,192.0,193.0,229.0,245.0,350.0,365.0,376.0,399.0,442.0,465.0,472.0,499.0,503.0,570.0,636.0,695.0,762.0,835.0,891.0,891.0,900.0,965.0,
17.0,46.0,92.0,106.0,108.0,114.0,127.0,135.0,168.0,199.0,218.0,236.0,279.0,279.0,303.0,305.0,354.0,370.0,400.0,435.0,455.0,505.0,524.0,533.0,554.0,578.0,590.0,594.0,610.0,657.0,664.0,687.0,712.0,715.0,745.0,773.0,790.0,810.0,810.0,813.0,816.0,847.0,
47.0,165.0,285.0,288.0,291.0,314.0,325.0,329.0,340.0,356.0,385.0,403.0,435.0,458.0,477.0,478.0,481.0,515.0,523.0,535.0,536.0,541.0,544.0,545.0,551.0,555.0,559.0,562.0,566.0,579.0,591.0,598.0,600.0,608.0,615.0,616.0,627.0,629.0,629.0,631.0,632.0,636.0,640.0,642.0,659.0,660.0,662.0,671.0,673.0,674.0,682.0,683.0,687.0,706.0,714.0,722.0,734.0,743.0,746.0,753.0,761.0,800.0,809.0,821.0,834.0,891.0,908.0,912.0,926.0,943.0,948.0,975.0,1000.0,
16.0,18.0,50.0,70.0,86.0,107.0,113.0,151.0,152.0,162.0,179.0,191.0,208.0,219.0,255.0,278.0,289.0,319.0,331.0,360.0,418.0,487.0,489.0,502.0,510.0,518.0,520.0,532.0,533.0,542.0,548.0,550.0,550.0,554.0,555.0,558.0,565.0,566.0,567.0,568.0,568.0,569.0,570.0,572.0,576.0,577.0,579.0,586.0,587.0,591.0,591.0,592.0,598.0,611.0,623.0,629.0,645.0,656.0,660.0,663.0,688.0,723.0,741.0,755.0,765.0,774.0,777.0,786.0,795.0,804.0,813.0,821.0,827.0,841.0,864.0,880.0,897.0,900.0,924.0,936.0,968.0,980.0,991.0,994.0,
6.0,71.0,94.0,99.0,104.0,106.0,146.0,180.0,214.0,223.0,242.0,251.0,251.0,297.0,318.0,323.0,327.0,329.0,357.0,425.0,429.0,516.0,548.0,548.0,549.0,550.0,556.0,556.0,558.0,559.0,563.0,564.0,571.0,582.0,584.0,595.0,597.0,620.0,630.0,631.0,631.0,648.0,657.0,674.0,700.0,727.0,752.0,753.0,756.0,758.0,790.0,824.0,829.0,839.0,871.0,881.0,916.0,924.0,936.0,944.0,
15.0,31.0,63.0,91.0,105.0,118.0,118.0,147.0,430.0,460.0,514.0,520.0,529.0,529.0,533.0,539.0,543.0,544.0,549.0,558.0,559.0,565.0,565.0,565.0,567.0,568.0,574.0,578.0,580.0,584.0,584.0,595.0,595.0,603.0,603.0,604.0,605.0,610.0,613.0,618.0,621.0,623.0,634.0,635.0,638.0,643.0,645.0,653.0,667.0,668.0,672.0,673.0,689.0,689.0,706.0,707.0,710.0,731.0,738.0,744.0,764.0,772.0,807.0,807.0,840.0,852.0,876.0,893.0,900.0,900.0,916.0,944.0,974.0,978.0,998.0,
34.0,52.0,92.0,145.0,199.0,201.0,209.0,215.0,236.0,256.0,267.0,270.0,273.0,279.0,317.0,433.0,479.0,501.0,506.0,509.0,514.0,517.0,518.0,526.0,530.0,533.0,549.0,575.0,579.0,587.0,588.0,595.0,609.0,612.0,617.0,622.0,624.0,632.0,632.0,635.0,644.0,649.0,664.0,668.0,671.0,674.0,688.0,689.0,703.0,706.0,720.0,721.0,760.0,768.0,772.0,778.0,782.0,785.0,789.0,819.0,826.0,838.0,855.0,862.0,869.0,878.0,881.0,899.0,903.0,913.0,981.0,983.0,
20.0,47.0,48.0,56.0,77.0,157.0,163.0,184.0,190.0,214.0,250.0,315.0,364.0,393.0,396.0,472.0,570.0,571.0,650.0,661.0,702.0,705.0,780.0,820.0,836.0,905.0,925.0,940.0,
3.0,31.0,45.0,47.0,71.0,80.0,103.0,152.0,194.0,231.0,243.0,249.0,253.0,312.0,340.0,355.0,364.0,387.0,406.0,439.0,501.0,528.0,550.0,557.0,583.0,697.0,707.0,766.0,776.0,809.0,946.0,
9.0,30.0,30.0,59.0,65.0,74.0,142.0,162.0,180.0,200.0,203.0,242.0,325.0,330.0,339.0,345.0,377.0,383.0,387.0,445.0,453.0,458.0,524.0,538.0,542.0,556.0,611.0,618.0,623.0,669.0,791.0,792.0,856.0,861.0,911.0,916.0,958.0,992.0,995.0,
40.0,146.0,148.0,156.0,165.0,166.0,195.0,319.0,360.0,373.0,402.0,431.0,435.0,493.0,497.0,558.0,569.0,599.0,600.0,611.0,638.0,672.0,686.0,769.0,774.0,829.0,851.0,866.0,970.0,996.0,
26.0,30.0,41.0,103.0,209.0,252.0,260.0,301.0,316.0,338.0,461.0,475.0,486.0,522.0,536.0,537.0,555.0,556.0,562.0,574.0,596.0,601.0,627.0,627.0,633.0,667.0,671.0,700.0,707.0,712.0,750.0,751.0,777.0,780.0,808.0,814.0,833.0,864.0,903.0,936.0,938.0,973.0,993.0,
55.0,136.0,152.0,184.0,191.0,213.0,215.0,235.0,235.0,318.0,365.0,409.0,444.0,457.0,467.0,469.0,484.0,499.0,513.0,517.0,528.0,540.0,542.0,545.0,545.0,549.0,550.0,551.0,554.0,554.0,559.0,561.0,561.0,561.0,566.0,571.0,583.0,586.0,590.0,593.0,595.0,598.0,618.0,625.0,631.0,640.0,646.0,647.0,651.0,658.0,662.0,663.0,667.0,682.0,684.0,691.0,698.0,711.0,732.0,739.0,743.0,761.0,781.0,792.0,816.0,818.0,847.0,849.0,863.0,868.0,878.0,880.0,889.0,903.0,913.0,928.0,930.0,937.0,999.0,
46.0,49.0,63.0,128.0,150.0,164.0,181.0,183.0,193.0,194.0,248.0,306.0,322.0,402.0,444.0,481.0,526.0,529.0,546.0,554.0,560.0,562.0,582.0,585.0,599.0,603.0,604.0,609.0,634.0,634.0,677.0,684.0,689.0,695.0,696.0,732.0,739.0,777.0,777.0,784.0,805.0,824.0,834.0,836.0,854.0,878.0,885.0,913.0,934.0,936.0,941.0,961.0,990.0,
22.0,27.0,47.0,126.0,175.0,262.0,275.0,311.0,356.0,357.0,388.0,474.0,490.0,519.0,522.0,527.0,527.0,528.0,530.0,553.0,554.0,556.0,570.0,571.0,576.0,588.0,591.0,606.0,607.0,623.0,638.0,639.0,643.0,646.0,648.0,685.0,703.0,705.0,713.0,716.0,725.0,745.0,754.0,775.0,804.0,829.0,832.0,871.0,908.0,908.0,914.0,932.0,969.0,982.0,985.0,997.0,
18.0,40.0,79.0,84.0,90.0,93.0,135.0,172.0,173.0,208.0,245.0,292.0,317.0,361.0,383.0,437.0,469.0,497.0,519.0,520.0,524.0,527.0,530.0,533.0,537.0,541.0,549.0,550.0,553.0,557.0,563.0,573.0,581.0,587.0,589.0,596.0,606.0,613.0,623.0,645.0,677.0,703.0,704.0,705.0,715.0,728.0,745.0,755.0,768.0,768.0,781.0,785.0,791.0,841.0,846.0,851.0,869.0,881.0,882.0,911.0,917.0,936.0,973.0,986.0,989.0,998.0,999.0,
8.0,87.0,102.0,105.0,130.0,151.0,195.0,229.0,342.0,368.0,386.0,390.0,407.0,432.0,464.0,507.0,536.0,541.0,541.0,548.0,551.0,552.0,552.0,553.0,566.0,574.0,577.0,612.0,628.0,629.0,634.0,649.0,650.0,651.0,652.0,658.0,666.0,686.0,703.0,707.0,708.0,713.0,730.0,732.0,736.0,742.0,751.0,761.0,769.0,775.0,784.0,798.0,808.0,809.0,841.0,842.0,848.0,851.0,867.0,884.0,898.0,909.0,910.0,917.0,955.0,978.0,978.0,981.0,
7.0,18.0,58.0,81.0,96.0,109.0,138.0,142.0,153.0,296.0,343.0,353.0,363.0,399.0,419.0,438.0,465.0,479.0,497.0,520.0,525.0,531.0,538.0,543.0,546.0,546.0,550.0,553.0,553.0,559.0,568.0,581.0,584.0,587.0,587.0,589.0,601.0,601.0,602.0,622.0,623.0,670.0,686.0,689.0,700.0,709.0,718.0,723.0,732.0,738.0,744.0,763.0,771.0,789.0,812.0,826.0,833.0,864.0,912.0,914.0,921.0,930.0,956.0,957.0,966.0,974.0,986.0,991.0,999.0,
25.0,37.0,64.0,74.0,79.0,130.0,142.0,196.0,197.0,209.0,211.0,234.0,242.0,243.0,354.0,361.0,400.0,410.0,413.0,429.0,441.0,442.0,452.0,453.0,469.0,493.0,494.0,506.0,506.0,525.0,530.0,567.0,570.0,573.0,618.0,635.0,754.0,967.0,981.0,
19.0,33.0,49.0,166.0,182.0,231.0,247.0,275.0,351.0,369.0,410.0,437.0,461.0,464.0,468.0,471.0,474.0,474.0,491.0,500.0,502.0,513.0,516.0,535.0,569.0,654.0,671.0,686.0,790.0,798.0,871.0,883.0,897.0,899.0,901.0,904.0,932.0,949.0,981.0,999.0,
29.0,33.0,72.0,131.0,191.0,234.0,242.0,268.0,318.0,388.0,406.0,523.0,542.0,609.0,611.0,776.0,803.0,814.0,819.0,838.0,
20.0,108.0,176.0,256.0,262.0,314.0,337.0,371.0,396.0,433.0,464.0,516.0,518.0,526.0,526.0,534.0,535.0,543.0,545.0,547.0,548.0,560.0,560.0,586.0,596.0,608.0,609.0,611.0,613.0,624.0,625.0,629.0,633.0,637.0,637.0,639.0,647.0,648.0,650.0,651.0,675.0,707.0,715.0,741.0,744.0,770.0,778.0,785.0,797.0,798.0,812.0,830.0,848.0,850.0,857.0,867.0,884.0,888.0,891.0,912.0,955.0,961.0,968.0,
6.0,12.0,20.0,30.0,74.0,107.0,166.0,190.0,205.0,223.0,264.0,329.0,368.0,378.0,380.0,384.0,390.0,391.0,395.0,401.0,448.0,462.0,517.0,521.0,524.0,525.0,532.0,533.0,536.0,541.0,544.0,552.0,553.0,557.0,559.0,561.0,564.0,565.0,567.0,568.0,573.0,577.0,580.0,583.0,595.0,597.0,605.0,609.0,612.0,620.0,629.0,634.0,657.0,688.0,694.0,700.0,710.0,733.0,743.0,754.0,761.0,767.0,774.0,784.0,795.0,805.0,841.0,861.0,862.0,876.0,877.0,878.0,897.0,910.0,935.0,942.0,949.0,954.0,955.0,960.0,960.0,969.0,974.0,977.0,987.0,994.0,999.0,
19.0,51.0,63.0,86.0,88.0,95.0,142.0,172.0,200.0,207.0,208.0,212.0,219.0,235.0,246.0,257.0,258.0,314.0,371.0,407.0,410.0,425.0,445.0,459.0,500.0,505.0,511.0,520.0,520.0,525.0,529.0,533.0,533.0,535.0,536.0,541.0,547.0,554.0,557.0,557.0,558.0,566.0,569.0,574.0,590.0,592.0,600.0,607.0,614.0,615.0,647.0,657.0,716.0,739.0,749.0,776.0,779.0,784.0,805.0,811.0,817.0,853.0,864.0,947.0,957.0,964.0,985.0,
16.0,20.0,80.0,103.0,118.0,169.0,174.0,174.0,241.0,250.0,258.0,277.0,303.0,324.0,352.0,404.0,407.0,414.0,436.0,452.0,464.0,478.0,501.0,507.0,522.0,530.0,537.0,541.0,541.0,546.0,548.0,552.0,557.0,561.0,562.0,566.0,567.0,574.0,579.0,588.0,594.0,618.0,622.0,645.0,646.0,651.0,668.0,702.0,704.0,707.0,801.0,818.0,826.0,848.0,858.0,874.0,883.0,885.0,890.0,906.0,915.0,955.0,981.0,
92.0,101.0,113.0,174.0,217.0,226.0,270.0,288.0,299.0,316.0,345.0,404.0,417.0,425.0,433.0,441.0,459.0,523.0,528.0,532.0,532.0,540.0,545.0,548.0,552.0,555.0,565.0,568.0,581.0,589.0,590.0,590.0,592.0,597.0,611.0,619.0,623.0,633.0,645.0,680.0,683.0,723.0,823.0,852.0,866.0,877.0,883.0,884.0,896.0,971.0,977.0,985.0,
158.0,229.0,240.0,255.0,263.0,290.0,338.0,358.0,382.0,471.0,498.0,500.0,518.0,522.0,532.0,541.0,543.0,543.0,548.0,549.0,549.0,553.0,558.0,560.0,566.0,572.0,572.0,576.0,589.0,592.0,601.0,606.0,609.0,610.0,615.0,623.0,640.0,647.0,651.0,659.0,727.0,738.0,742.0,760.0,780.0,781.0,793.0,805.0,808.0,822.0,826.0,836.0,859.0,884.0,892.0,900.0,910.0,922.0,933.0,939.0,970.0,991.0,994.0,
12.0,20.0,70.0,88.0,117.0,126.0,132.0,138.0,153.0,162.0,176.0,201.0,211.0,249.0,258.0,263.0,266.0,422.0,462.0,513.0,515.0,526.0,530.0,536.0,542.0,543.0,548.0,555.0,556.0,560.0,565.0,574.0,589.0,600.0,602.0,604.0,622.0,624.0,648.0,650.0,654.0,672.0,683.0,693.0,715.0,734.0,743.0,757.0,763.0,765.0,782.0,784.0,824.0,845.0,858.0,860.0,865.0,894.0,894.0,898.0,918.0,920.0,923.0,926.0,928.0,961.0,
82.0,85.0,89.0,122.0,145.0,145.0,162.0,279.0,354.0,419.0,424.0,433.0,473.0,480.0,491.0,498.0,501.0,515.0,557.0,588.0,646.0,661.0,688.0,767.0,812.0,828.0,867.0,872.0,888.0,995.0,999.0,
10.0,52.0,56.0,69.0,91.0,200.0,212.0,279.0,289.0,387.0,416.0,419.0,421.0,421.0,462.0,492.0,494.0,516.0,548.0,590.0,625.0,647.0,666.0,705.0,809.0,900.0,943.0,
27.0,49.0,81.0,90.0,126.0,158.0,204.0,218.0,234.0,235.0,258.0,274.0,301.0,325.0,327.0,371.0,458.0,468.0,474.0,496.0,583.0,614.0,650.0,684.0,687.0,701.0,709.0,732.0,777.0,811.0,853.0,896.0,970.0,993.0,
6.0,19.0,89.0,94.0,121.0,126.0,135.0,186.0,256.0,259.0,263.0,305.0,319.0,353.0,356.0,380.0,405.0,471.0,521.0,524.0,536.0,539.0,539.0,543.0,561.0,563.0,564.0,565.0,586.0,588.0,622.0,629.0,630.0,658.0,659.0,684.0,685.0,696.0,725.0,735.0,742.0,748.0,780.0,801.0,835.0,836.0,841.0,876.0,908.0,909.0,927.0,969.0,993.0,
15.0,80.0,90.0,135.0,206.0,218.0,233.0,247.0,285.0,311.0,425.0,443.0,502.0,503.0,513.0,516.0,537.0,545.0,553.0,558.0,573.0,579.0,583.0,585.0,587.0,592.0,600.0,615.0,619.0,624.0,640.0,651.0,666.0,674.0,681.0,694.0,716.0,719.0,730.0,752.0,755.0,758.0,776.0,780.0,783.0,790.0,812.0,830.0,833.0,834.0,834.0,848.0,874.0,879.0,887.0,930.0,936.0,959.0,978.0,983.0,994.0,
68.0,134.0,167.0,182.0,207.0,212.0,278.0,287.0,287.0,292.0,319.0,321.0,335.0,339.0,405.0,416.0,500.0,511.0,519.0,519.0,523.0,534.0,543.0,546.0,546.0,551.0,552.0,552.0,553.0,558.0,572.0,572.0,593.0,610.0,634.0,639.0,640.0,670.0,680.0,687.0,693.0,704.0,709.0,747.0,792.0,813.0,840.0,851.0,859.0,876.0,878.0,923.0,930.0,942.0,948.0,948.0,962.0,987.0,
2.0,19.0,19.0,32.0,87.0,112.0,170.0,303.0,316.0,338.0,340.0,369.0,413.0,415.0,419.0,419.0,448.0,486.0,489.0,507.0,513.0,518.0,523.0,530.0,542.0,553.0,556.0,558.0,560.0,562.0,562.0,562.0,576.0,577.0,594.0,598.0,603.0,607.0,607.0,626.0,640.0,646.0,649.0,658.0,659.0,660.0,661.0,665.0,680.0,688.0,702.0,712.0,723.0,741.0,749.0,752.0,753.0,769.0,771.0,771.0,779.0,789.0,797.0,803.0,810.0,850.0,853.0,857.0,869.0,903.0,910.0,913.0,929.0,972.0,989.0,
143.0,165.0,173.0,183.0,183.0,237.0,257.0,295.0,299.0,303.0,318.0,338.0,347.0,390.0,516.0,517.0,519.0,524.0,531.0,543.0,544.0,544.0,547.0,552.0,553.0,565.0,567.0,569.0,574.0,575.0,577.0,578.0,585.0,606.0,618.0,624.0,637.0,649.0,651.0,674.0,683.0,696.0,700.0,753.0,755.0,765.0,804.0,823.0,894.0,915.0,961.0,975.0,985.0,
21.0,46.0,49.0,52.0,61.0,112.0,191.0,220.0,360.0,397.0,452.0,514.0,517.0,529.0,536.0,538.0,545.0,548.0,552.0,554.0,554.0,571.0,573.0,576.0,578.0,588.0,589.0,593.0,600.0,604.0,613.0,613.0,615.0,615.0,617.0,620.0,620.0,621.0,621.0,640.0,657.0,660.0,693.0,746.0,761.0,768.0,792.0,806.0,811.0,832.0,838.0,874.0,896.0,905.0,929.0,945.0,960.0,973.0,
71.0,76.0,128.0,146.0,207.0,216.0,233.0,268.0,271.0,293.0,385.0,422.0,423.0,428.0,465.0,473.0,520.0,532.0,549.0,551.0,551.0,559.0,565.0,566.0,576.0,593.0,597.0,629.0,656.0,682.0,687.0,694.0,728.0,735.0,743.0,764.0,768.0,815.0,820.0,832.0,841.0,847.0,860.0,875.0,880.0,890.0,895.0,904.0,910.0,938.0,957.0,964.0,967.0,989.0,
12.0,13.0,34.0,57.0,69.0,82.0,168.0,182.0,194.0,207.0,228.0,313.0,318.0,321.0,365.0,433.0,446.0,486.0,531.0,544.0,555.0,803.0,822.0,899.0,
12.0,65.0,74.0,154.0,200.0,230.0,235.0,254.0,266.0,271.0,294.0,385.0,402.0,409.0,415.0,418.0,487.0,510.0,533.0,537.0,555.0,638.0,662.0,665.0,680.0,698.0,731.0,761.0,815.0,840.0,921.0,926.0,938.0,963.0,965.0,965.0,971.0,973.0,986.0,
3.0,16.0,32.0,42.0,195.0,216.0,272.0,282.0,289.0,289.0,291.0,324.0,365.0,409.0,441.0,445.0,448.0,469.0,489.0,511.0,527.0,569.0,582.0,612.0,662.0,754.0,783.0,784.0,832.0,897.0,938.0,981.0,
19.0,31.0,59.0,64.0,89.0,165.0,167.0,201.0,205.0,230.0,252.0,254.0,272.0,272.0,303.0,322.0,338.0,357.0,361.0,401.0,415.0,450.0,467.0,524.0,525.0,531.0,540.0,545.0,556.0,557.0,587.0,628.0,630.0,635.0,652.0,702.0,706.0,713.0,755.0,774.0,776.0,794.0,796.0,828.0,852.0,853.0,876.0,892.0,944.0,950.0,
4.0,38.0,122.0,127.0,146.0,152.0,208.0,222.0,243.0,249.0,263.0,270.0,307.0,338.0,410.0,430.0,445.0,459.0,471.0,472.0,497.0,503.0,523.0,524.0,529.0,530.0,533.0,548.0,548.0,549.0,559.0,560.0,561.0,564.0,566.0,566.0,579.0,582.0,589.0,618.0,626.0,629.0,636.0,640.0,642.0,646.0,684.0,701.0,708.0,732.0,748.0,767.0,774.0,775.0,778.0,783.0,793.0,794.0,807.0,821.0,829.0,832.0,833.0,836.0,846.0,848.0,862.0,884.0,895.0,919.0,921.0,921.0,925.0,930.0,939.0,950.0,968.0,985.0,985.0,990.0,
48.0,75.0,142.0,160.0,161.0,165.0,165.0,180.0,241.0,265.0,280.0,317.0,358.0,399.0,450.0,523.0,523.0,531.0,532.0,533.0,547.0,547.0,553.0,562.0,562.0,563.0,571.0,574.0,585.0,605.0,609.0,610.0,612.0,624.0,627.0,641.0,649.0,651.0,652.0,656.0,660.0,663.0,712.0,715.0,715.0,717.0,718.0,737.0,742.0,754.0,775.0,777.0,780.0,787.0,788.0,799.0,810.0,817.0,819.0,842.0,842.0,847.0,852.0,855.0,898.0,916.0,941.0,972.0,977.0,979.0,989.0,990.0,991.0,
60.0,64.0,66.0,95.0,115.0,120.0,136.0,168.0,180.0,193.0,236.0,283.0,302.0,373.0,381.0,428.0,436.0,472.0,515.0,525.0,537.0,541.0,544.0,548.0,550.0,553.0,563.0,564.0,567.0,568.0,571.0,584.0,590.0,594.0,598.0,601.0,607.0,613.0,616.0,630.0,633.0,638.0,651.0,653.0,661.0,663.0,665.0,675.0,687.0,699.0,705.0,705.0,725.0,732.0,749.0,756.0,761.0,763.0,767.0,797.0,801.0,801.0,807.0,822.0,871.0,888.0,895.0,901.0,927.0,928.0,936.0,969.0,993.0,
17.0,39.0,47.0,64.0,68.0,83.0,107.0,133.0,138.0,181.0,247.0,259.0,322.0,328.0,339.0,366.0,370.0,381.0,413.0,463.0,491.0,500.0,530.0,531.0,543.0,543.0,544.0,545.0,548.0,551.0,554.0,563.0,570.0,571.0,579.0,579.0,585.0,588.0,592.0,592.0,594.0,601.0,604.0,606.0,612.0,614.0,617.0,624.0,635.0,649.0,653.0,677.0,679.0,691.0,723.0,730.0,746.0,752.0,795.0,800.0,817.0,824.0,840.0,843.0,846.0,861.0,875.0,875.0,883.0,898.0,907.0,909.0,915.0,919.0,926.0,928.0,934.0,947.0,978.0,982.0,985.0,994.0,1000.0,1000.0,
37.0,79.0,83.0,106.0,153.0,169.0,223.0,238.0,247.0,252.0,278.0,279.0,307.0,397.0,447.0,471.0,476.0,494.0,507.0,518.0,531.0,535.0,545.0,547.0,552.0,552.0,553.0,556.0,559.0,564.0,569.0,582.0,587.0,601.0,616.0,621.0,621.0,643.0,648.0,649.0,656.0,660.0,688.0,703.0,709.0,711.0,739.0,773.0,807.0,809.0,837.0,849.0,881.0,886.0,954.0,964.0,989.0,992.0,
18.0,124.0,153.0,207.0,340.0,466.0,495.0,525.0,531.0,533.0,560.0,560.0,573.0,590.0,606.0,685.0,685.0,688.0,693.0,694.0,713.0,768.0,840.0,867.0,877.0,919.0,949.0,994.0,
9.0,21.0,58.0,68.0,81.0,83.0,85.0,96.0,115.0,184.0,263.0,353.0,372.0,382.0,437.0,472.0,485.0,492.0,528.0,596.0,599.0,624.0,637.0,662.0,720.0,725.0,734.0,799.0,850.0,877.0,892.0,939.0,
7.0,108.0,115.0,154.0,163.0,198.0,223.0,242.0,249.0,324.0,347.0,349.0,357.0,398.0,442.0,474.0,484.0,522.0,560.0,574.0,588.0,631.0,650.0,675.0,695.0,698.0,700.0,713.0,739.0,751.0,760.0,803.0,808.0,816.0,827.0,833.0,970.0,
17.0,19.0,31.0,106.0,108.0,178.0,245.0,325.0,340.0,343.0,348.0,405.0,449.0,643.0,656.0,669.0,678.0,699.0,700.0,705.0,709.0,710.0,715.0,809.0,827.0,827.0,847.0,862.0,997.0,
40.0,59.0,68.0,82.0,124.0,165.0,179.0,195.0,197.0,217.0,220.0,247.0,282.0,348.0,400.0,410.0,448.0,540.0,572.0,603.0,635.0,670.0,671.0,721.0,811.0,829.0,915.0,944.0,946.0,952.0,954.0,968.0,984.0,
6.0,63.0,103.0,127.0,135.0,181.0,182.0,203.0,255.0,300.0,300.0,304.0,327.0,339.0,345.0,381.0,413.0,414.0,466.0,474.0,489.0,517.0,539.0,546.0,549.0,558.0,574.0,598.0,603.0,604.0,620.0,748.0,780.0,900.0,908.0,982.0,
2.0,45.0,68.0,89.0,93.0,107.0,119.0,122.0,145.0,146.0,211.0,215.0,219.0,230.0,247.0,263.0,286.0,324.0,357.0,359.0,382.0,395.0,428.0,450.0,455.0,463.0,496.0,514.0,551.0,557.0,563.0,564.0,565.0,576.0,589.0,610.0,625.0,636.0,658.0,659.0,668.0,694.0,706.0,710.0,713.0,717.0,732.0,734.0,737.0,767.0,784.0,802.0,808.0,840.0,846.0,862.0,870.0,870.0,876.0,950.0,966.0,977.0,995.0,
15.0,18.0,37.0,66.0,108.0,154.0,264.0,269.0,275.0,364.0,384.0,400.0,406.0,417.0,439.0,461.0,500.0,503.0,524.0,537.0,538.0,539.0,542.0,543.0,550.0,557.0,559.0,568.0,582.0,583.0,587.0,588.0,593.0,597.0,598.0,602.0,604.0,610.0,617.0,620.0,642.0,646.0,648.0,663.0,664.0,685.0,703.0,711.0,713.0,721.0,760.0,761.0,781.0,784.0,789.0,794.0,805.0,840.0,845.0,846.0,849.0,852.0,853.0,867.0,902.0,944.0,951.0,984.0,
26.0,37.0,47.0,57.0,91.0,172.0,199.0,326.0,364.0,379.0,389.0,399.0,402.0,418.0,484.0,497.0,497.0,508.0,521.0,527.0,532.0,535.0,540.0,541.0,542.0,557.0,562.0,565.0,582.0,582.0,587.0,597.0,603.0,606.0,611.0,617.0,627.0,637.0,646.0,683.0,685.0,692.0,700.0,708.0,722.0,724.0,733.0,773.0,781.0,809.0,819.0,846.0,847.0,854.0,864.0,874.0,892.0,922.0,933.0,942.0,958.0,974.0,977.0,
15.0,28.0,43.0,48.0,54.0,88.0,99.0,114.0,116.0,144.0,158.0,160.0,160.0,222.0,224.0,323.0,335.0,396.0,425.0,445.0,457.0,465.0,520.0,553.0,553.0,570.0,612.0,615.0,621.0,628.0,636.0,696.0,743.0,779.0,803.0,823.0,838.0,844.0,853.0,862.0,913.0,961.0,963.0,992.0,
86.0,88.0,89.0,121.0,194.0,235.0,237.0,237.0,242.0,244.0,278.0,300.0,306.0,310.0,332.0,396.0,430.0,454.0,483.0,489.0,496.0,523.0,564.0,569.0,614.0,622.0,669.0,688.0,714.0,718.0,727.0,756.0,757.0,802.0,903.0,910.0,922.0,983.0,
11.0,25.0,28.0,38.0,45.0,67.0,99.0,113.0,121.0,132.0,134.0,146.0,148.0,222.0,228.0,273.0,291.0,360.0,401.0,454.0,509.0,518.0,584.0,623.0,629.0,720.0,721.0,814.0,815.0,820.0,863.0,923.0,952.0,974.0,981.0,
30.0,31.0,40.0,113.0,202.0,209.0,230.0,265.0,268.0,277.0,279.0,301.0,331.0,371.0,377.0,416.0,540.0,543.0,626.0,628.0,630.0,674.0,690.0,708.0,739.0,749.0,760.0,786.0,828.0,847.0,850.0,869.0,873.0,874.0,894.0,895.0,918.0,965.0,968.0,968.0,976.0,988.0,999.0,
43.0,49.0,59.0,67.0,79.0,91.0,98.0,172.0,186.0,265.0,269.0,275.0,314.0,320.0,333.0,370.0,401.0,406.0,417.0,446.0,460.0,463.0,477.0,478.0,500.0,512.0,566.0,569.0,601.0,622.0,650.0,669.0,680.0,741.0,846.0,937.0,938.0,950.0,958.0,
42.0,76.0,76.0,97.0,190.0,233.0,246.0,253.0,284.0,345.0,355.0,383.0,392.0,405.0,414.0,431.0,439.0,531.0,536.0,536.0,587.0,609.0,612.0,632.0,654.0,667.0,700.0,707.0,760.0,765.0,781.0,787.0,789.0,814.0,815.0,820.0,854.0,856.0,866.0,876.0,
26.0,48.0,91.0,92.0,95.0,133.0,161.0,190.0,251.0,260.0,267.0,269.0,397.0,418.0,434.0,475.0,477.0,491.0,493.0,499.0,502.0,503.0,546.0,549.0,557.0,675.0,718.0,719.0,729.0,773.0,773.0,782.0,800.0,859.0,889.0,912.0,921.0,978.0,988.0,
3.0,38.0,47.0,54.0,56.0,65.0,65.0,66.0,79.0,92.0,97.0,120.0,128.0,147.0,193.0,237.0,342.0,344.0,347.0,355.0,359.0,375.0,446.0,461.0,522.0,536.0,568.0,596.0,602.0,750.0,809.0,826.0,831.0,838.0,936.0,936.0,944.0,996.0,
48.0,69.0,87.0,95.0,142.0,150.0,165.0,191.0,204.0,217.0,300.0,358.0,370.0,396.0,403.0,437.0,504.0,514.0,567.0,599.0,749.0,750.0,775.0,790.0,807.0,813.0,831.0,880.0,
13.0,41.0,50.0,56.0,91.0,117.0,171.0,175.0,236.0,255.0,255.0,346.0,355.0,384.0,473.0,502.0,528.0,528.0,532.0,576.0,620.0,707.0,736.0,755.0,795.0,829.0,840.0,873.0,904.0,921.0,942.0,
10.0,19.0,70.0,84.0,85.0,90.0,119.0,127.0,147.0,147.0,154.0,189.0,212.0,235.0,267.0,270.0,364.0,368.0,403.0,425.0,434.0,473.0,506.0,515.0,520.0,537.0,558.0,588.0,590.0,607.0,668.0,676.0,689.0,709.0,757.0,765.0,775.0,815.0,837.0,846.0,846.0,913.0,
50.0,53.0,66.0,70.0,86.0,94.0,107.0,151.0,166.0,174.0,180.0,203.0,239.0,240.0,241.0,308.0,320.0,368.0,378.0,424.0,434.0,551.0,570.0,595.0,612.0,689.0,724.0,729.0,749.0,792.0,817.0,833.0,862.0,901.0,924.0,951.0,966.0,970.0,985.0,986.0,986.0,995.0,997.0,
4.0,113.0,117.0,124.0,157.0,159.0,168.0,188.0,209.0,283.0,295.0,338.0,350.0,353.0,368.0,382.0,385.0,392.0,420.0,445.0,480.0,500.0,666.0,693.0,702.0,703.0,725.0,761.0,827.0,829.0,862.0,905.0,928.0,946.0,
