15.0,21.0,31.0,38.0,40.0,67.0,125.0,135.0,135.0,144.0,155.0,187.0,192.0,192.0,222.0,287.0,304.0,351.0,355.0,355.0,410.0,413.0,434.0,439.0,488.0,496.0,528.0,593.0,620.0,640.0,645.0,664.0,685.0,728.0,730.0,754.0,789.0,808.0,842.0,852.0,859.0,904.0,916.0,949.0,987.0,997.0,
60.0,67.0,67.0,102.0,112.0,115.0,133.0,175.0,332.0,335.0,335.0,385.0,416.0,426.0,428.0,502.0,525.0,559.0,623.0,654.0,687.0,713.0,731.0,815.0,866.0,897.0,954.0,995.0,
57.0,64.0,71.0,87.0,104.0,129.0,134.0,139.0,144.0,154.0,168.0,176.0,179.0,182.0,208.0,211.0,223.0,237.0,262.0,306.0,344.0,357.0,379.0,438.0,443.0,450.0,455.0,481.0,494.0,501.0,529.0,533.0,544.0,547.0,567.0,610.0,612.0,635.0,736.0,748.0,769.0,780.0,852.0,893.0,981.0,
18.0,49.0,74.0,118.0,201.0,218.0,227.0,278.0,299.0,302.0,329.0,335.0,337.0,405.0,409.0,461.0,479.0,488.0,500.0,509.0,521.0,522.0,550.0,573.0,619.0,638.0,642.0,645.0,700.0,705.0,761.0,764.0,792.0,805.0,807.0,847.0,881.0,891.0,927.0,942.0,949.0,955.0,958.0,
103.0,198.0,224.0,237.0,243.0,282.0,293.0,304.0,337.0,359.0,361.0,379.0,390.0,422.0,436.0,443.0,471.0,476.0,478.0,500.0,532.0,553.0,554.0,561.0,575.0,600.0,613.0,656.0,691.0,712.0,739.0,756.0,770.0,772.0,793.0,873.0,900.0,915.0,918.0,935.0,947.0,954.0,962.0,976.0,
16.0,19.0,40.0,77.0,88.0,151.0,235.0,272.0,281.0,287.0,293.0,304.0,330.0,331.0,368.0,394.0,433.0,491.0,616.0,625.0,639.0,652.0,668.0,673.0,674.0,774.0,790.0,807.0,822.0,826.0,828.0,860.0,875.0,878.0,912.0,915.0,
30.0,40.0,70.0,102.0,139.0,168.0,271.0,275.0,294.0,298.0,310.0,315.0,351.0,385.0,399.0,442.0,479.0,494.0,596.0,598.0,609.0,616.0,640.0,656.0,698.0,709.0,709.0,735.0,791.0,792.0,819.0,843.0,852.0,869.0,870.0,880.0,897.0,938.0,973.0,
28.0,84.0,109.0,155.0,167.0,176.0,252.0,273.0,301.0,305.0,347.0,363.0,392.0,393.0,394.0,418.0,476.0,494.0,579.0,632.0,738.0,764.0,807.0,841.0,869.0,870.0,875.0,880.0,908.0,923.0,
4.0,20.0,87.0,90.0,128.0,158.0,207.0,215.0,334.0,337.0,371.0,417.0,457.0,491.0,506.0,528.0,542.0,623.0,712.0,743.0,768.0,797.0,833.0,864.0,884.0,902.0,923.0,927.0,987.0,
17.0,39.0,57.0,76.0,80.0,98.0,131.0,214.0,217.0,218.0,350.0,367.0,384.0,464.0,528.0,568.0,570.0,571.0,618.0,712.0,714.0,739.0,752.0,887.0,923.0,938.0,939.0,970.0,991.0,
7.0,8.0,95.0,96.0,96.0,97.0,101.0,128.0,199.0,201.0,210.0,226.0,257.0,324.0,351.0,373.0,400.0,451.0,592.0,646.0,659.0,668.0,722.0,832.0,862.0,863.0,891.0,915.0,950.0,969.0,1000.0,
19.0,84.0,180.0,195.0,239.0,265.0,267.0,288.0,297.0,434.0,435.0,502.0,553.0,651.0,662.0,671.0,675.0,702.0,710.0,722.0,763.0,782.0,790.0,822.0,825.0,837.0,839.0,840.0,864.0,963.0,
57.0,69.0,74.0,117.0,125.0,130.0,133.0,169.0,207.0,224.0,231.0,243.0,250.0,277.0,311.0,343.0,346.0,350.0,352.0,393.0,406.0,421.0,423.0,428.0,437.0,448.0,489.0,506.0,534.0,538.0,547.0,581.0,588.0,597.0,611.0,637.0,649.0,653.0,661.0,704.0,735.0,741.0,766.0,787.0,797.0,799.0,823.0,847.0,856.0,907.0,942.0,960.0,986.0,993.0,
51.0,69.0,176.0,203.0,210.0,230.0,250.0,251.0,281.0,304.0,325.0,336.0,379.0,380.0,395.0,396.0,427.0,484.0,484.0,496.0,499.0,547.0,599.0,660.0,674.0,710.0,719.0,729.0,740.0,743.0,768.0,770.0,825.0,831.0,842.0,859.0,892.0,906.0,912.0,982.0,984.0,993.0,
69.0,72.0,103.0,164.0,192.0,201.0,214.0,231.0,239.0,242.0,266.0,280.0,317.0,320.0,347.0,392.0,417.0,420.0,450.0,535.0,563.0,567.0,604.0,613.0,637.0,641.0,681.0,690.0,719.0,722.0,766.0,768.0,780.0,806.0,823.0,827.0,832.0,876.0,876.0,896.0,907.0,918.0,949.0,953.0,983.0,984.0,999.0,999.0,
57.0,57.0,64.0,74.0,119.0,130.0,151.0,160.0,247.0,248.0,254.0,258.0,265.0,274.0,303.0,330.0,340.0,362.0,407.0,428.0,505.0,532.0,554.0,563.0,564.0,584.0,599.0,613.0,619.0,620.0,645.0,683.0,686.0,740.0,745.0,756.0,788.0,790.0,798.0,815.0,820.0,849.0,884.0,894.0,902.0,921.0,955.0,997.0,
58.0,86.0,146.0,159.0,226.0,249.0,252.0,269.0,449.0,621.0,625.0,631.0,647.0,694.0,695.0,751.0,777.0,787.0,791.0,802.0,829.0,833.0,894.0,904.0,915.0,936.0,941.0,1000.0,
56.0,131.0,148.0,148.0,154.0,178.0,195.0,225.0,294.0,445.0,458.0,631.0,682.0,705.0,715.0,764.0,773.0,850.0,855.0,873.0,887.0,915.0,922.0,945.0,
40.0,50.0,57.0,77.0,101.0,129.0,132.0,163.0,168.0,183.0,197.0,214.0,247.0,285.0,305.0,311.0,315.0,335.0,347.0,350.0,370.0,483.0,527.0,553.0,576.0,604.0,665.0,686.0,707.0,729.0,749.0,761.0,780.0,790.0,796.0,828.0,868.0,885.0,912.0,915.0,971.0,989.0,
47.0,52.0,61.0,65.0,74.0,125.0,131.0,132.0,202.0,210.0,221.0,221.0,236.0,245.0,265.0,266.0,299.0,307.0,310.0,314.0,341.0,368.0,371.0,408.0,433.0,433.0,492.0,590.0,618.0,638.0,660.0,662.0,708.0,751.0,760.0,765.0,788.0,801.0,845.0,846.0,863.0,904.0,939.0,
31.0,35.0,85.0,125.0,282.0,289.0,300.0,341.0,342.0,348.0,357.0,369.0,475.0,483.0,517.0,536.0,538.0,571.0,577.0,648.0,673.0,683.0,741.0,742.0,908.0,969.0,996.0,
29.0,120.0,146.0,227.0,258.0,307.0,321.0,363.0,375.0,531.0,538.0,576.0,608.0,612.0,624.0,648.0,662.0,669.0,678.0,688.0,712.0,751.0,759.0,795.0,844.0,871.0,903.0,939.0,964.0,
19.0,46.0,57.0,71.0,85.0,88.0,150.0,164.0,240.0,284.0,290.0,293.0,301.0,305.0,317.0,357.0,373.0,424.0,439.0,453.0,464.0,554.0,654.0,660.0,675.0,693.0,746.0,773.0,779.0,810.0,822.0,825.0,832.0,845.0,848.0,849.0,851.0,864.0,893.0,926.0,927.0,948.0,964.0,968.0,974.0,
36.0,43.0,113.0,181.0,220.0,258.0,286.0,299.0,332.0,335.0,374.0,395.0,403.0,415.0,489.0,502.0,522.0,649.0,697.0,699.0,709.0,736.0,751.0,787.0,800.0,836.0,839.0,867.0,889.0,953.0,958.0,960.0,988.0,993.0,
31.0,35.0,48.0,85.0,115.0,166.0,166.0,192.0,217.0,302.0,310.0,336.0,378.0,423.0,509.0,811.0,906.0,934.0,955.0,999.0,
4.0,5.0,9.0,20.0,42.0,73.0,82.0,117.0,119.0,121.0,130.0,274.0,303.0,351.0,366.0,376.0,388.0,393.0,434.0,436.0,440.0,445.0,477.0,480.0,902.0,
3.0,8.0,43.0,170.0,179.0,185.0,188.0,191.0,239.0,290.0,297.0,300.0,339.0,404.0,440.0,484.0,491.0,946.0,950.0,966.0,
27.0,34.0,37.0,48.0,59.0,71.0,129.0,133.0,162.0,189.0,194.0,201.0,278.0,357.0,360.0,401.0,402.0,407.0,444.0,502.0,524.0,616.0,641.0,656.0,679.0,732.0,757.0,792.0,796.0,810.0,934.0,954.0,966.0,
26.0,29.0,30.0,119.0,133.0,192.0,234.0,234.0,245.0,306.0,325.0,329.0,372.0,418.0,427.0,502.0,504.0,509.0,510.0,561.0,563.0,567.0,571.0,603.0,647.0,649.0,653.0,657.0,679.0,700.0,716.0,727.0,731.0,849.0,860.0,861.0,870.0,900.0,935.0,941.0,964.0,994.0,996.0,
5.0,31.0,44.0,56.0,62.0,149.0,169.0,201.0,203.0,215.0,243.0,244.0,270.0,277.0,278.0,280.0,281.0,328.0,345.0,345.0,386.0,404.0,411.0,424.0,445.0,451.0,467.0,610.0,675.0,683.0,692.0,715.0,738.0,764.0,792.0,795.0,843.0,865.0,917.0,936.0,955.0,972.0,985.0,
17.0,27.0,47.0,52.0,105.0,109.0,120.0,174.0,208.0,243.0,269.0,296.0,302.0,305.0,320.0,385.0,394.0,439.0,462.0,480.0,592.0,642.0,657.0,692.0,748.0,755.0,756.0,763.0,780.0,808.0,821.0,864.0,970.0,
19.0,55.0,59.0,88.0,101.0,121.0,130.0,179.0,208.0,211.0,257.0,261.0,357.0,377.0,470.0,505.0,520.0,556.0,598.0,617.0,620.0,633.0,698.0,710.0,722.0,739.0,787.0,829.0,859.0,868.0,873.0,874.0,951.0,965.0,985.0,
45.0,92.0,116.0,129.0,137.0,229.0,230.0,260.0,274.0,336.0,356.0,370.0,402.0,407.0,496.0,497.0,573.0,633.0,660.0,714.0,744.0,753.0,762.0,781.0,810.0,834.0,836.0,845.0,867.0,905.0,934.0,997.0,
32.0,81.0,110.0,186.0,192.0,245.0,267.0,297.0,331.0,340.0,400.0,430.0,440.0,455.0,466.0,
9.0,19.0,51.0,73.0,142.0,167.0,180.0,226.0,230.0,265.0,272.0,300.0,317.0,354.0,391.0,428.0,462.0,491.0,496.0,501.0,
81.0,86.0,98.0,112.0,118.0,161.0,202.0,212.0,263.0,270.0,294.0,310.0,331.0,342.0,347.0,394.0,404.0,406.0,417.0,418.0,433.0,486.0,498.0,500.0,
10.0,21.0,37.0,38.0,96.0,104.0,136.0,148.0,174.0,175.0,238.0,284.0,292.0,306.0,338.0,356.0,382.0,401.0,481.0,485.0,486.0,503.0,504.0,
60.0,67.0,113.0,148.0,159.0,163.0,217.0,292.0,321.0,387.0,404.0,418.0,438.0,487.0,
47.0,118.0,150.0,192.0,225.0,258.0,314.0,346.0,373.0,385.0,395.0,412.0,511.0,594.0,633.0,683.0,737.0,753.0,775.0,918.0,928.0,939.0,948.0,955.0,992.0,
7.0,18.0,26.0,125.0,157.0,163.0,183.0,191.0,193.0,239.0,262.0,269.0,270.0,271.0,275.0,358.0,386.0,408.0,410.0,450.0,459.0,477.0,479.0,486.0,519.0,546.0,566.0,576.0,576.0,578.0,584.0,621.0,629.0,635.0,672.0,680.0,731.0,744.0,749.0,752.0,781.0,807.0,826.0,838.0,847.0,879.0,909.0,923.0,936.0,956.0,979.0,
3.0,37.0,44.0,79.0,94.0,106.0,190.0,194.0,203.0,292.0,295.0,305.0,351.0,378.0,472.0,499.0,535.0,591.0,601.0,615.0,630.0,653.0,661.0,662.0,702.0,739.0,766.0,771.0,802.0,815.0,851.0,887.0,898.0,926.0,939.0,945.0,952.0,985.0,
83.0,84.0,92.0,113.0,114.0,120.0,164.0,170.0,194.0,252.0,274.0,365.0,382.0,392.0,402.0,417.0,428.0,485.0,558.0,597.0,645.0,658.0,673.0,689.0,699.0,704.0,743.0,751.0,755.0,764.0,787.0,799.0,861.0,863.0,891.0,913.0,932.0,943.0,965.0,966.0,989.0,994.0,
45.0,48.0,63.0,64.0,103.0,143.0,169.0,186.0,202.0,214.0,223.0,258.0,268.0,291.0,297.0,304.0,362.0,392.0,441.0,452.0,495.0,504.0,511.0,937.0,970.0,988.0,
34.0,70.0,111.0,117.0,144.0,228.0,244.0,261.0,303.0,307.0,352.0,368.0,382.0,410.0,444.0,446.0,449.0,455.0,462.0,467.0,491.0,499.0,
8.0,9.0,28.0,63.0,75.0,95.0,101.0,133.0,134.0,159.0,187.0,204.0,231.0,264.0,302.0,380.0,413.0,413.0,418.0,427.0,478.0,492.0,497.0,771.0,804.0,877.0,887.0,892.0,901.0,959.0,
10.0,53.0,65.0,71.0,121.0,124.0,154.0,170.0,173.0,183.0,191.0,208.0,210.0,249.0,271.0,280.0,350.0,358.0,365.0,366.0,371.0,401.0,444.0,503.0,802.0,842.0,911.0,
23.0,36.0,77.0,80.0,81.0,87.0,105.0,105.0,259.0,271.0,305.0,327.0,336.0,351.0,373.0,379.0,395.0,400.0,459.0,471.0,504.0,753.0,835.0,923.0,958.0,962.0,
12.0,26.0,54.0,82.0,178.0,185.0,207.0,260.0,290.0,299.0,300.0,362.0,362.0,412.0,432.0,438.0,483.0,
3.0,41.0,87.0,148.0,253.0,274.0,293.0,294.0,362.0,384.0,403.0,496.0,506.0,708.0,776.0,833.0,937.0,
10.0,57.0,87.0,127.0,142.0,144.0,165.0,183.0,185.0,207.0,256.0,257.0,271.0,297.0,341.0,344.0,349.0,368.0,383.0,392.0,402.0,447.0,469.0,512.0,526.0,552.0,594.0,607.0,672.0,714.0,732.0,733.0,753.0,768.0,788.0,817.0,822.0,837.0,859.0,866.0,918.0,934.0,937.0,942.0,968.0,972.0,979.0,996.0,
8.0,15.0,24.0,73.0,76.0,76.0,124.0,130.0,194.0,212.0,253.0,280.0,311.0,315.0,318.0,319.0,324.0,396.0,431.0,513.0,518.0,525.0,565.0,585.0,634.0,669.0,672.0,694.0,706.0,707.0,715.0,732.0,759.0,831.0,858.0,858.0,923.0,928.0,935.0,940.0,944.0,998.0,
79.0,79.0,106.0,155.0,161.0,162.0,173.0,200.0,206.0,239.0,241.0,251.0,252.0,253.0,264.0,297.0,337.0,366.0,396.0,425.0,430.0,432.0,450.0,493.0,497.0,501.0,542.0,544.0,549.0,554.0,643.0,655.0,674.0,692.0,724.0,725.0,742.0,758.0,758.0,782.0,821.0,823.0,823.0,835.0,839.0,867.0,869.0,871.0,882.0,886.0,944.0,994.0,
49.0,71.0,166.0,179.0,181.0,184.0,201.0,216.0,220.0,359.0,370.0,375.0,381.0,426.0,448.0,462.0,478.0,492.0,
21.0,73.0,74.0,144.0,172.0,221.0,244.0,254.0,270.0,285.0,303.0,322.0,335.0,344.0,404.0,422.0,475.0,488.0,863.0,
37.0,48.0,61.0,67.0,71.0,98.0,142.0,172.0,173.0,190.0,203.0,221.0,245.0,262.0,280.0,347.0,361.0,403.0,447.0,453.0,482.0,485.0,488.0,787.0,803.0,919.0,994.0,
58.0,67.0,96.0,143.0,205.0,211.0,223.0,223.0,239.0,242.0,256.0,278.0,326.0,357.0,392.0,421.0,425.0,446.0,477.0,494.0,500.0,502.0,508.0,795.0,836.0,987.0,
65.0,109.0,111.0,113.0,116.0,147.0,148.0,164.0,165.0,173.0,216.0,245.0,266.0,270.0,325.0,357.0,376.0,384.0,415.0,423.0,427.0,451.0,465.0,478.0,481.0,506.0,822.0,900.0,951.0,
8.0,16.0,36.0,40.0,51.0,84.0,99.0,128.0,137.0,144.0,144.0,273.0,285.0,347.0,363.0,427.0,450.0,503.0,890.0,
24.0,37.0,52.0,133.0,145.0,148.0,151.0,154.0,158.0,197.0,241.0,250.0,253.0,268.0,269.0,375.0,379.0,398.0,410.0,415.0,419.0,446.0,449.0,477.0,497.0,499.0,510.0,
7.0,8.0,15.0,24.0,27.0,46.0,50.0,70.0,126.0,128.0,134.0,153.0,161.0,175.0,232.0,251.0,254.0,301.0,325.0,333.0,403.0,412.0,432.0,487.0,488.0,553.0,574.0,574.0,588.0,595.0,610.0,620.0,621.0,625.0,645.0,647.0,667.0,709.0,711.0,719.0,729.0,739.0,746.0,825.0,917.0,926.0,941.0,971.0,974.0,995.0,
28.0,59.0,135.0,293.0,447.0,512.0,562.0,570.0,582.0,584.0,630.0,660.0,660.0,671.0,686.0,789.0,795.0,796.0,902.0,952.0,953.0,992.0,
15.0,16.0,19.0,142.0,150.0,157.0,197.0,216.0,243.0,246.0,301.0,342.0,377.0,425.0,433.0,480.0,486.0,497.0,511.0,521.0,523.0,581.0,607.0,629.0,633.0,650.0,653.0,659.0,692.0,769.0,785.0,808.0,808.0,828.0,860.0,910.0,930.0,932.0,933.0,950.0,970.0,981.0,997.0,
17.0,20.0,30.0,54.0,55.0,94.0,185.0,204.0,208.0,215.0,249.0,330.0,337.0,354.0,357.0,375.0,381.0,503.0,788.0,889.0,914.0,921.0,
17.0,89.0,99.0,141.0,202.0,205.0,237.0,247.0,272.0,330.0,336.0,373.0,378.0,428.0,438.0,446.0,449.0,462.0,
20.0,28.0,43.0,43.0,57.0,64.0,80.0,136.0,143.0,180.0,229.0,229.0,244.0,251.0,267.0,356.0,378.0,388.0,392.0,397.0,400.0,435.0,440.0,446.0,486.0,490.0,747.0,843.0,981.0,
22.0,94.0,126.0,128.0,172.0,184.0,192.0,210.0,227.0,280.0,297.0,312.0,421.0,423.0,502.0,503.0,751.0,779.0,868.0,924.0,963.0,
20.0,39.0,48.0,71.0,93.0,97.0,138.0,149.0,240.0,248.0,253.0,293.0,445.0,470.0,478.0,498.0,870.0,
23.0,32.0,38.0,44.0,51.0,93.0,128.0,138.0,139.0,145.0,177.0,199.0,241.0,249.0,283.0,290.0,315.0,321.0,324.0,376.0,382.0,389.0,392.0,393.0,452.0,468.0,
15.0,80.0,158.0,163.0,202.0,221.0,221.0,257.0,274.0,308.0,322.0,369.0,419.0,435.0,851.0,871.0,884.0,997.0,
44.0,74.0,113.0,147.0,154.0,222.0,248.0,250.0,270.0,281.0,344.0,352.0,388.0,390.0,396.0,422.0,424.0,452.0,461.0,502.0,528.0,611.0,674.0,678.0,688.0,713.0,740.0,765.0,782.0,794.0,799.0,799.0,816.0,857.0,928.0,935.0,975.0,983.0,987.0,
189.0,207.0,215.0,239.0,244.0,267.0,295.0,397.0,416.0,463.0,510.0,613.0,700.0,701.0,716.0,717.0,728.0,728.0,753.0,773.0,775.0,789.0,828.0,842.0,926.0,987.0,
6.0,30.0,33.0,36.0,49.0,50.0,56.0,59.0,85.0,125.0,195.0,216.0,228.0,237.0,250.0,250.0,270.0,298.0,327.0,400.0,426.0,434.0,467.0,509.0,514.0,529.0,545.0,624.0,638.0,682.0,683.0,697.0,705.0,708.0,739.0,771.0,798.0,801.0,817.0,868.0,892.0,897.0,909.0,911.0,912.0,938.0,943.0,993.0,994.0,
11.0,48.0,91.0,91.0,115.0,149.0,154.0,165.0,181.0,214.0,227.0,237.0,304.0,316.0,329.0,347.0,358.0,396.0,445.0,446.0,460.0,461.0,484.0,508.0,594.0,706.0,728.0,737.0,738.0,771.0,785.0,803.0,856.0,869.0,872.0,890.0,907.0,954.0,
13.0,21.0,23.0,36.0,41.0,131.0,158.0,165.0,172.0,198.0,202.0,214.0,266.0,273.0,310.0,331.0,340.0,343.0,344.0,368.0,397.0,409.0,502.0,
198.0,267.0,353.0,458.0,
39.0,48.0,95.0,137.0,159.0,248.0,252.0,285.0,339.0,347.0,360.0,368.0,377.0,392.0,397.0,409.0,419.0,461.0,492.0,503.0,508.0,
8.0,28.0,47.0,124.0,145.0,183.0,251.0,291.0,308.0,371.0,453.0,469.0,981.0,
43.0,83.0,99.0,106.0,107.0,186.0,234.0,241.0,246.0,272.0,289.0,327.0,334.0,373.0,386.0,392.0,408.0,428.0,457.0,458.0,465.0,477.0,
40.0,89.0,89.0,126.0,139.0,170.0,187.0,206.0,210.0,268.0,273.0,289.0,327.0,330.0,331.0,353.0,398.0,409.0,412.0,414.0,421.0,473.0,504.0,514.0,635.0,706.0,756.0,756.0,759.0,764.0,781.0,819.0,836.0,867.0,897.0,909.0,
21.0,31.0,63.0,102.0,120.0,160.0,264.0,268.0,390.0,484.0,526.0,569.0,582.0,591.0,597.0,602.0,616.0,636.0,637.0,639.0,661.0,674.0,738.0,775.0,778.0,781.0,844.0,914.0,923.0,925.0,927.0,955.0,970.0,973.0,
2.0,109.0,134.0,138.0,156.0,203.0,247.0,346.0,405.0,408.0,409.0,443.0,456.0,461.0,513.0,518.0,525.0,559.0,571.0,580.0,667.0,718.0,749.0,750.0,768.0,802.0,830.0,847.0,849.0,850.0,871.0,925.0,935.0,955.0,972.0,973.0,
13.0,44.0,78.0,100.0,103.0,110.0,138.0,183.0,193.0,202.0,205.0,205.0,255.0,323.0,329.0,365.0,382.0,395.0,412.0,439.0,468.0,480.0,550.0,577.0,613.0,656.0,659.0,667.0,677.0,684.0,685.0,732.0,805.0,825.0,909.0,921.0,938.0,943.0,965.0,965.0,978.0,1000.0,
35.0,58.0,80.0,82.0,102.0,170.0,196.0,231.0,242.0,283.0,293.0,311.0,314.0,327.0,506.0,514.0,577.0,666.0,683.0,707.0,719.0,772.0,821.0,841.0,876.0,888.0,895.0,899.0,917.0,952.0,988.0,
5.0,15.0,23.0,56.0,82.0,88.0,141.0,147.0,195.0,238.0,242.0,283.0,294.0,348.0,367.0,388.0,399.0,407.0,419.0,473.0,636.0,670.0,711.0,730.0,738.0,743.0,758.0,762.0,787.0,791.0,834.0,866.0,915.0,951.0,967.0,
43.0,143.0,194.0,200.0,227.0,260.0,298.0,299.0,302.0,316.0,369.0,374.0,375.0,393.0,434.0,446.0,459.0,464.0,820.0,951.0,994.0,
55.0,71.0,74.0,82.0,97.0,109.0,138.0,187.0,245.0,256.0,275.0,300.0,300.0,338.0,339.0,349.0,377.0,422.0,444.0,462.0,473.0,477.0,494.0,496.0,
52.0,68.0,70.0,71.0,110.0,123.0,135.0,187.0,242.0,344.0,419.0,448.0,459.0,462.0,490.0,498.0,499.0,499.0,501.0,730.0,746.0,847.0,916.0,
87.0,119.0,142.0,152.0,187.0,194.0,208.0,232.0,283.0,296.0,328.0,337.0,340.0,342.0,356.0,398.0,415.0,465.0,475.0,491.0,493.0,582.0,586.0,625.0,635.0,661.0,686.0,704.0,721.0,724.0,745.0,775.0,798.0,853.0,867.0,887.0,888.0,965.0,966.0,
30.0,38.0,41.0,46.0,73.0,84.0,116.0,117.0,142.0,157.0,159.0,168.0,221.0,241.0,251.0,269.0,314.0,374.0,383.0,449.0,463.0,483.0,489.0,567.0,571.0,617.0,622.0,624.0,643.0,646.0,701.0,705.0,752.0,753.0,754.0,760.0,760.0,762.0,765.0,771.0,802.0,809.0,856.0,864.0,894.0,926.0,943.0,946.0,955.0,
23.0,43.0,50.0,68.0,88.0,100.0,142.0,164.0,166.0,168.0,182.0,186.0,220.0,338.0,346.0,351.0,352.0,422.0,453.0,498.0,504.0,509.0,532.0,562.0,576.0,664.0,677.0,690.0,725.0,734.0,793.0,822.0,827.0,861.0,876.0,923.0,985.0,
62.0,74.0,226.0,230.0,237.0,241.0,346.0,403.0,455.0,530.0,623.0,628.0,630.0,695.0,709.0,709.0,724.0,735.0,736.0,781.0,807.0,810.0,822.0,858.0,869.0,871.0,883.0,903.0,912.0,913.0,917.0,993.0,1000.0,
34.0,44.0,84.0,108.0,113.0,169.0,206.0,224.0,240.0,248.0,257.0,318.0,388.0,425.0,426.0,452.0,462.0,528.0,562.0,564.0,583.0,635.0,643.0,678.0,697.0,704.0,705.0,725.0,788.0,823.0,873.0,881.0,889.0,953.0,969.0,984.0,995.0,995.0,
27.0,70.0,80.0,91.0,115.0,146.0,168.0,204.0,210.0,213.0,234.0,272.0,280.0,283.0,294.0,387.0,501.0,536.0,546.0,554.0,559.0,572.0,614.0,625.0,627.0,640.0,686.0,686.0,733.0,736.0,741.0,750.0,761.0,799.0,806.0,816.0,819.0,834.0,837.0,852.0,873.0,886.0,892.0,926.0,927.0,946.0,954.0,973.0,982.0,
15.0,72.0,87.0,126.0,130.0,138.0,211.0,241.0,301.0,379.0,384.0,399.0,402.0,404.0,420.0,468.0,486.0,507.0,550.0,554.0,563.0,583.0,631.0,632.0,664.0,665.0,672.0,714.0,728.0,741.0,755.0,789.0,792.0,824.0,860.0,867.0,869.0,882.0,906.0,916.0,918.0,930.0,950.0,954.0,958.0,959.0,969.0,974.0,980.0,985.0,992.0,
131.0,137.0,144.0,176.0,205.0,241.0,256.0,320.0,428.0,445.0,451.0,454.0,458.0,461.0,470.0,485.0,531.0,543.0,563.0,565.0,570.0,578.0,581.0,593.0,625.0,666.0,677.0,684.0,703.0,737.0,744.0,748.0,777.0,833.0,844.0,871.0,896.0,899.0,903.0,949.0,962.0,981.0,983.0,994.0,1000.0,
10.0,37.0,60.0,98.0,98.0,118.0,169.0,186.0,204.0,208.0,247.0,262.0,318.0,381.0,447.0,501.0,540.0,574.0,629.0,632.0,632.0,642.0,658.0,681.0,689.0,701.0,713.0,726.0,810.0,849.0,854.0,920.0,924.0,927.0,932.0,935.0,961.0,974.0,997.0,
6.0,7.0,74.0,79.0,108.0,231.0,246.0,254.0,274.0,338.0,340.0,355.0,373.0,392.0,393.0,405.0,441.0,444.0,464.0,498.0,520.0,537.0,572.0,580.0,609.0,617.0,632.0,683.0,692.0,746.0,751.0,756.0,903.0,915.0,920.0,931.0,980.0,
39.0,48.0,72.0,107.0,116.0,122.0,132.0,160.0,192.0,198.0,200.0,325.0,358.0,371.0,383.0,399.0,438.0,448.0,464.0,478.0,479.0,499.0,514.0,526.0,548.0,555.0,599.0,606.0,621.0,624.0,632.0,639.0,656.0,659.0,699.0,705.0,705.0,724.0,758.0,761.0,803.0,804.0,821.0,871.0,880.0,903.0,936.0,952.0,956.0,957.0,984.0,985.0,
2.0,64.0,69.0,141.0,194.0,214.0,218.0,275.0,281.0,324.0,333.0,354.0,363.0,410.0,420.0,445.0,550.0,570.0,571.0,623.0,626.0,627.0,678.0,807.0,825.0,861.0,973.0,
9.0,12.0,73.0,145.0,153.0,205.0,241.0,255.0,318.0,327.0,362.0,367.0,394.0,407.0,456.0,472.0,523.0,528.0,529.0,531.0,548.0,553.0,595.0,601.0,619.0,741.0,766.0,791.0,799.0,876.0,964.0,
