26.0,31.0,65.0,74.0,74.0,103.0,115.0,130.0,143.0,150.0,168.0,191.0,205.0,228.0,230.0,261.0,261.0,328.0,335.0,337.0,351.0,400.0,422.0,427.0,432.0,450.0,451.0,489.0,511.0,524.0,562.0,583.0,616.0,649.0,651.0,753.0,781.0,857.0,877.0,930.0,
92.0,98.0,262.0,306.0,350.0,361.0,414.0,422.0,425.0,438.0,452.0,470.0,474.0,568.0,579.0,584.0,595.0,610.0,684.0,702.0,711.0,728.0,733.0,806.0,807.0,836.0,855.0,865.0,870.0,926.0,
152.0,185.0,186.0,189.0,211.0,216.0,249.0,271.0,307.0,333.0,361.0,429.0,438.0,451.0,482.0,487.0,554.0,652.0,676.0,713.0,715.0,733.0,752.0,787.0,833.0,881.0,888.0,905.0,
18.0,46.0,123.0,165.0,196.0,202.0,229.0,237.0,307.0,323.0,327.0,336.0,359.0,379.0,391.0,416.0,450.0,528.0,544.0,560.0,591.0,617.0,639.0,676.0,727.0,748.0,754.0,775.0,913.0,948.0,978.0,
25.0,32.0,33.0,93.0,120.0,132.0,134.0,182.0,184.0,191.0,202.0,261.0,276.0,304.0,328.0,351.0,505.0,509.0,518.0,551.0,655.0,670.0,705.0,747.0,764.0,774.0,852.0,915.0,918.0,918.0,920.0,945.0,964.0,967.0,988.0,999.0,
5.0,21.0,38.0,52.0,70.0,89.0,130.0,171.0,230.0,236.0,247.0,263.0,269.0,271.0,289.0,297.0,332.0,360.0,388.0,408.0,417.0,425.0,438.0,441.0,477.0,514.0,524.0,542.0,552.0,596.0,616.0,620.0,702.0,714.0,776.0,794.0,879.0,915.0,935.0,970.0,978.0,993.0,1000.0,
6.0,12.0,28.0,47.0,76.0,86.0,97.0,102.0,104.0,106.0,115.0,143.0,181.0,209.0,236.0,245.0,281.0,324.0,359.0,398.0,444.0,449.0,450.0,473.0,484.0,486.0,490.0,554.0,566.0,636.0,640.0,645.0,648.0,651.0,666.0,687.0,736.0,745.0,780.0,782.0,808.0,820.0,827.0,906.0,910.0,
18.0,59.0,62.0,95.0,101.0,128.0,137.0,139.0,160.0,183.0,208.0,215.0,230.0,262.0,269.0,278.0,279.0,294.0,490.0,513.0,529.0,544.0,606.0,620.0,663.0,700.0,715.0,740.0,749.0,775.0,782.0,817.0,850.0,882.0,886.0,890.0,904.0,906.0,
21.0,27.0,32.0,85.0,116.0,154.0,206.0,230.0,232.0,257.0,295.0,395.0,396.0,427.0,480.0,525.0,591.0,617.0,655.0,702.0,706.0,706.0,748.0,768.0,871.0,872.0,887.0,968.0,989.0,
9.0,56.0,69.0,74.0,108.0,125.0,128.0,139.0,173.0,205.0,239.0,256.0,270.0,281.0,318.0,321.0,332.0,336.0,342.0,386.0,388.0,434.0,501.0,528.0,528.0,545.0,546.0,561.0,584.0,763.0,766.0,775.0,802.0,816.0,822.0,886.0,934.0,934.0,956.0,970.0,974.0,997.0,
26.0,39.0,40.0,59.0,82.0,85.0,93.0,98.0,108.0,151.0,170.0,172.0,180.0,239.0,242.0,307.0,325.0,339.0,471.0,492.0,566.0,572.0,578.0,593.0,607.0,645.0,652.0,659.0,711.0,750.0,767.0,831.0,853.0,888.0,
11.0,80.0,84.0,157.0,176.0,284.0,295.0,315.0,316.0,325.0,360.0,415.0,421.0,440.0,474.0,513.0,514.0,528.0,639.0,700.0,704.0,744.0,778.0,789.0,792.0,795.0,795.0,819.0,824.0,828.0,856.0,927.0,946.0,983.0,987.0,
54.0,79.0,137.0,142.0,151.0,164.0,175.0,201.0,215.0,234.0,273.0,292.0,320.0,351.0,362.0,366.0,380.0,390.0,442.0,444.0,473.0,480.0,518.0,528.0,547.0,579.0,593.0,619.0,634.0,656.0,670.0,673.0,675.0,695.0,768.0,774.0,791.0,794.0,799.0,830.0,843.0,874.0,894.0,894.0,902.0,919.0,949.0,969.0,971.0,979.0,
7.0,9.0,28.0,67.0,75.0,102.0,108.0,140.0,164.0,188.0,208.0,261.0,262.0,264.0,283.0,292.0,292.0,292.0,299.0,323.0,329.0,351.0,398.0,468.0,490.0,536.0,597.0,598.0,612.0,620.0,641.0,659.0,661.0,717.0,722.0,724.0,752.0,781.0,801.0,826.0,850.0,880.0,883.0,913.0,916.0,931.0,936.0,964.0,973.0,977.0,
55.0,77.0,103.0,164.0,184.0,193.0,214.0,309.0,322.0,361.0,391.0,450.0,524.0,542.0,548.0,617.0,649.0,653.0,665.0,681.0,687.0,700.0,702.0,703.0,748.0,752.0,773.0,778.0,794.0,826.0,851.0,862.0,916.0,918.0,920.0,949.0,962.0,996.0,
78.0,82.0,90.0,104.0,148.0,167.0,223.0,279.0,296.0,326.0,356.0,374.0,465.0,466.0,505.0,528.0,547.0,624.0,635.0,670.0,677.0,697.0,700.0,756.0,801.0,812.0,847.0,888.0,919.0,940.0,941.0,943.0,960.0,963.0,985.0,
82.0,88.0,100.0,116.0,127.0,184.0,193.0,217.0,335.0,345.0,350.0,356.0,366.0,403.0,418.0,423.0,468.0,659.0,665.0,670.0,671.0,796.0,824.0,861.0,883.0,894.0,910.0,917.0,993.0,
40.0,41.0,51.0,79.0,95.0,108.0,183.0,208.0,219.0,275.0,325.0,342.0,358.0,363.0,383.0,383.0,394.0,404.0,451.0,466.0,488.0,490.0,538.0,546.0,569.0,595.0,619.0,619.0,651.0,675.0,712.0,714.0,779.0,810.0,825.0,859.0,890.0,908.0,916.0,920.0,928.0,936.0,977.0,997.0,
13.0,27.0,45.0,47.0,83.0,112.0,120.0,140.0,145.0,164.0,182.0,201.0,229.0,257.0,264.0,283.0,285.0,293.0,313.0,321.0,345.0,346.0,368.0,468.0,480.0,487.0,527.0,527.0,560.0,567.0,583.0,631.0,675.0,706.0,754.0,767.0,803.0,808.0,818.0,870.0,985.0,992.0,996.0,
37.0,139.0,161.0,254.0,346.0,369.0,399.0,435.0,447.0,507.0,537.0,545.0,623.0,655.0,660.0,772.0,822.0,824.0,841.0,879.0,922.0,931.0,975.0,
15.0,39.0,50.0,61.0,84.0,158.0,191.0,205.0,222.0,247.0,260.0,279.0,295.0,305.0,313.0,326.0,371.0,373.0,420.0,433.0,473.0,482.0,485.0,494.0,548.0,666.0,674.0,690.0,690.0,696.0,703.0,776.0,791.0,799.0,873.0,894.0,924.0,939.0,1000.0,
3.0,30.0,31.0,78.0,87.0,100.0,109.0,141.0,178.0,210.0,245.0,302.0,308.0,327.0,332.0,341.0,346.0,439.0,460.0,472.0,488.0,499.0,501.0,523.0,538.0,539.0,541.0,545.0,546.0,571.0,605.0,609.0,654.0,673.0,696.0,705.0,713.0,737.0,746.0,764.0,771.0,771.0,803.0,861.0,876.0,903.0,930.0,934.0,936.0,996.0,
4.0,46.0,211.0,219.0,281.0,290.0,306.0,337.0,340.0,363.0,371.0,455.0,478.0,485.0,498.0,499.0,527.0,534.0,563.0,586.0,596.0,619.0,624.0,636.0,654.0,664.0,665.0,696.0,743.0,751.0,789.0,815.0,831.0,840.0,855.0,861.0,876.0,876.0,932.0,957.0,988.0,
39.0,144.0,189.0,195.0,208.0,249.0,304.0,330.0,340.0,385.0,402.0,459.0,602.0,678.0,690.0,727.0,764.0,831.0,842.0,964.0,985.0,
43.0,56.0,68.0,75.0,76.0,92.0,98.0,99.0,115.0,128.0,168.0,185.0,196.0,200.0,242.0,274.0,300.0,311.0,407.0,417.0,784.0,800.0,959.0,971.0,
32.0,49.0,70.0,133.0,150.0,175.0,178.0,187.0,199.0,228.0,238.0,293.0,321.0,433.0,474.0,496.0,
4.0,8.0,30.0,46.0,53.0,99.0,144.0,145.0,158.0,214.0,237.0,257.0,258.0,284.0,330.0,391.0,409.0,477.0,779.0,803.0,866.0,871.0,941.0,976.0,
2.0,103.0,122.0,189.0,248.0,263.0,287.0,317.0,324.0,359.0,419.0,441.0,475.0,579.0,589.0,594.0,611.0,663.0,700.0,715.0,796.0,798.0,914.0,929.0,962.0,990.0,
33.0,40.0,43.0,51.0,59.0,69.0,76.0,106.0,155.0,190.0,201.0,223.0,223.0,299.0,377.0,388.0,390.0,442.0,447.0,489.0,555.0,560.0,576.0,603.0,616.0,653.0,675.0,700.0,746.0,761.0,770.0,797.0,799.0,829.0,829.0,837.0,838.0,885.0,895.0,899.0,939.0,939.0,941.0,956.0,962.0,972.0,974.0,986.0,
31.0,42.0,89.0,126.0,229.0,314.0,337.0,378.0,433.0,442.0,491.0,504.0,518.0,554.0,658.0,704.0,714.0,722.0,744.0,764.0,773.0,778.0,792.0,827.0,832.0,880.0,881.0,886.0,925.0,951.0,
32.0,38.0,41.0,47.0,75.0,92.0,180.0,184.0,195.0,204.0,255.0,261.0,263.0,309.0,325.0,333.0,362.0,373.0,387.0,394.0,402.0,444.0,461.0,513.0,561.0,566.0,608.0,624.0,630.0,650.0,682.0,696.0,708.0,721.0,732.0,735.0,751.0,789.0,837.0,844.0,851.0,855.0,890.0,920.0,953.0,958.0,
19.0,40.0,45.0,74.0,90.0,92.0,111.0,170.0,191.0,223.0,283.0,312.0,313.0,314.0,322.0,328.0,350.0,384.0,387.0,429.0,433.0,469.0,502.0,524.0,535.0,572.0,605.0,607.0,627.0,636.0,659.0,662.0,699.0,723.0,860.0,869.0,905.0,912.0,944.0,945.0,981.0,984.0,
22.0,98.0,161.0,262.0,301.0,326.0,327.0,378.0,399.0,470.0,472.0,482.0,583.0,597.0,696.0,718.0,719.0,733.0,738.0,798.0,823.0,843.0,934.0,971.0,971.0,986.0,
50.0,76.0,120.0,234.0,241.0,244.0,249.0,275.0,354.0,428.0,433.0,435.0,443.0,474.0,
19.0,38.0,71.0,91.0,137.0,146.0,150.0,156.0,270.0,295.0,310.0,317.0,353.0,376.0,420.0,424.0,464.0,
13.0,42.0,47.0,99.0,114.0,215.0,227.0,263.0,287.0,292.0,329.0,368.0,388.0,423.0,433.0,448.0,459.0,470.0,495.0,
8.0,22.0,54.0,74.0,122.0,224.0,257.0,260.0,289.0,329.0,338.0,353.0,369.0,378.0,423.0,488.0,
16.0,19.0,46.0,78.0,101.0,169.0,183.0,190.0,197.0,207.0,229.0,229.0,280.0,286.0,289.0,344.0,364.0,381.0,436.0,455.0,480.0,
55.0,65.0,86.0,98.0,260.0,287.0,318.0,328.0,404.0,411.0,418.0,465.0,574.0,598.0,662.0,685.0,716.0,729.0,737.0,743.0,769.0,792.0,818.0,834.0,861.0,904.0,917.0,973.0,979.0,989.0,
27.0,39.0,55.0,79.0,138.0,155.0,209.0,223.0,301.0,301.0,317.0,435.0,438.0,468.0,514.0,525.0,528.0,551.0,557.0,577.0,581.0,584.0,586.0,611.0,672.0,681.0,684.0,700.0,710.0,728.0,743.0,781.0,806.0,815.0,820.0,864.0,950.0,
15.0,22.0,22.0,24.0,53.0,116.0,166.0,211.0,228.0,335.0,350.0,383.0,416.0,429.0,441.0,478.0,557.0,562.0,570.0,614.0,631.0,674.0,693.0,790.0,790.0,834.0,843.0,855.0,872.0,884.0,913.0,921.0,939.0,
3.0,100.0,187.0,221.0,236.0,258.0,262.0,262.0,280.0,315.0,351.0,359.0,381.0,382.0,391.0,404.0,430.0,476.0,493.0,502.0,548.0,548.0,559.0,573.0,580.0,607.0,630.0,637.0,645.0,705.0,727.0,746.0,753.0,769.0,790.0,792.0,801.0,804.0,820.0,866.0,917.0,951.0,1000.0,
10.0,25.0,43.0,64.0,97.0,122.0,193.0,252.0,258.0,259.0,264.0,265.0,294.0,329.0,382.0,426.0,441.0,789.0,876.0,904.0,996.0,
47.0,48.0,48.0,93.0,129.0,129.0,147.0,160.0,161.0,180.0,211.0,271.0,272.0,299.0,308.0,396.0,419.0,448.0,468.0,470.0,498.0,508.0,
21.0,86.0,152.0,161.0,161.0,204.0,217.0,224.0,225.0,231.0,249.0,263.0,284.0,304.0,365.0,385.0,409.0,425.0,428.0,450.0,464.0,481.0,485.0,489.0,857.0,863.0,961.0,982.0,
69.0,83.0,132.0,161.0,173.0,176.0,178.0,179.0,183.0,204.0,241.0,246.0,272.0,301.0,302.0,348.0,393.0,414.0,428.0,457.0,471.0,496.0,841.0,893.0,933.0,950.0,
9.0,25.0,78.0,78.0,115.0,154.0,158.0,192.0,220.0,285.0,289.0,361.0,453.0,454.0,455.0,795.0,837.0,849.0,859.0,867.0,974.0,
24.0,47.0,70.0,73.0,116.0,129.0,170.0,181.0,238.0,254.0,274.0,300.0,426.0,453.0,
37.0,47.0,72.0,87.0,127.0,128.0,148.0,201.0,250.0,257.0,339.0,362.0,375.0,377.0,460.0,901.0,
58.0,118.0,119.0,157.0,162.0,180.0,187.0,227.0,248.0,306.0,338.0,365.0,371.0,435.0,460.0,461.0,494.0,506.0,521.0,535.0,536.0,619.0,660.0,668.0,669.0,672.0,678.0,693.0,708.0,772.0,786.0,791.0,839.0,900.0,953.0,960.0,963.0,
23.0,36.0,148.0,173.0,179.0,243.0,273.0,274.0,338.0,364.0,370.0,406.0,411.0,460.0,495.0,495.0,546.0,576.0,584.0,607.0,620.0,626.0,651.0,691.0,760.0,777.0,781.0,813.0,847.0,912.0,924.0,938.0,946.0,947.0,959.0,961.0,
78.0,82.0,123.0,129.0,133.0,147.0,171.0,203.0,245.0,316.0,339.0,363.0,371.0,437.0,444.0,501.0,527.0,544.0,558.0,566.0,614.0,622.0,627.0,639.0,656.0,661.0,678.0,687.0,727.0,761.0,805.0,820.0,845.0,877.0,881.0,905.0,962.0,968.0,993.0,994.0,
91.0,127.0,245.0,247.0,379.0,392.0,416.0,457.0,481.0,491.0,504.0,905.0,962.0,
26.0,39.0,40.0,73.0,92.0,108.0,142.0,182.0,208.0,223.0,229.0,265.0,298.0,339.0,389.0,412.0,426.0,427.0,458.0,900.0,
6.0,66.0,76.0,81.0,117.0,158.0,175.0,179.0,221.0,231.0,291.0,303.0,308.0,311.0,408.0,424.0,431.0,437.0,449.0,477.0,736.0,957.0,980.0,996.0,
36.0,51.0,68.0,97.0,100.0,129.0,130.0,139.0,173.0,182.0,293.0,352.0,357.0,383.0,461.0,493.0,496.0,501.0,766.0,809.0,815.0,848.0,887.0,
12.0,97.0,117.0,147.0,216.0,229.0,260.0,261.0,265.0,275.0,290.0,312.0,322.0,339.0,344.0,345.0,360.0,429.0,454.0,745.0,844.0,914.0,925.0,946.0,989.0,
17.0,84.0,165.0,176.0,185.0,226.0,227.0,233.0,271.0,304.0,308.0,320.0,408.0,429.0,470.0,503.0,850.0,
10.0,24.0,25.0,33.0,56.0,153.0,176.0,224.0,230.0,237.0,249.0,278.0,349.0,376.0,377.0,421.0,485.0,502.0,801.0,858.0,
16.0,140.0,175.0,178.0,189.0,211.0,232.0,309.0,348.0,376.0,381.0,387.0,423.0,429.0,433.0,438.0,451.0,453.0,480.0,487.0,569.0,569.0,571.0,602.0,616.0,621.0,650.0,679.0,715.0,722.0,735.0,736.0,743.0,774.0,794.0,794.0,829.0,842.0,842.0,845.0,870.0,889.0,893.0,936.0,970.0,
41.0,62.0,72.0,78.0,80.0,111.0,123.0,183.0,213.0,251.0,273.0,309.0,323.0,338.0,400.0,415.0,498.0,531.0,564.0,570.0,574.0,586.0,594.0,613.0,662.0,668.0,671.0,678.0,695.0,731.0,767.0,802.0,838.0,898.0,905.0,930.0,936.0,
5.0,9.0,11.0,29.0,76.0,101.0,102.0,114.0,142.0,143.0,163.0,164.0,209.0,211.0,249.0,314.0,326.0,378.0,397.0,460.0,461.0,469.0,543.0,616.0,639.0,646.0,675.0,694.0,697.0,716.0,718.0,730.0,736.0,736.0,773.0,794.0,817.0,832.0,875.0,894.0,967.0,980.0,984.0,989.0,
4.0,43.0,77.0,106.0,136.0,142.0,153.0,157.0,167.0,222.0,260.0,265.0,275.0,280.0,299.0,341.0,342.0,368.0,457.0,463.0,489.0,753.0,851.0,859.0,870.0,989.0,
25.0,68.0,109.0,155.0,165.0,196.0,202.0,213.0,268.0,270.0,271.0,328.0,411.0,422.0,427.0,450.0,467.0,505.0,
62.0,73.0,110.0,135.0,152.0,183.0,190.0,204.0,270.0,280.0,281.0,311.0,381.0,463.0,949.0,
36.0,53.0,53.0,67.0,93.0,111.0,190.0,210.0,246.0,246.0,250.0,254.0,292.0,293.0,305.0,318.0,387.0,431.0,449.0,462.0,469.0,477.0,483.0,768.0,793.0,814.0,850.0,939.0,957.0,
41.0,42.0,77.0,90.0,100.0,111.0,220.0,226.0,292.0,303.0,318.0,320.0,331.0,332.0,379.0,395.0,433.0,488.0,495.0,761.0,835.0,
75.0,84.0,107.0,116.0,117.0,145.0,147.0,232.0,262.0,284.0,294.0,359.0,387.0,396.0,412.0,440.0,456.0,476.0,490.0,
22.0,54.0,95.0,141.0,163.0,164.0,181.0,203.0,250.0,263.0,293.0,311.0,324.0,335.0,377.0,424.0,427.0,497.0,505.0,819.0,872.0,921.0,943.0,955.0,997.0,
15.0,35.0,47.0,59.0,111.0,159.0,192.0,219.0,234.0,329.0,402.0,420.0,510.0,517.0,523.0,535.0,542.0,542.0,565.0,583.0,586.0,591.0,607.0,608.0,614.0,666.0,693.0,727.0,783.0,802.0,832.0,841.0,864.0,877.0,889.0,897.0,965.0,967.0,
38.0,48.0,55.0,121.0,150.0,264.0,290.0,295.0,333.0,416.0,421.0,428.0,456.0,500.0,513.0,523.0,542.0,574.0,577.0,597.0,645.0,646.0,648.0,668.0,674.0,717.0,721.0,786.0,787.0,823.0,864.0,872.0,912.0,941.0,958.0,960.0,
39.0,55.0,77.0,92.0,112.0,116.0,118.0,163.0,163.0,163.0,170.0,260.0,278.0,312.0,360.0,362.0,369.0,405.0,426.0,440.0,459.0,465.0,477.0,519.0,570.0,577.0,595.0,609.0,610.0,636.0,644.0,656.0,656.0,678.0,736.0,765.0,765.0,791.0,824.0,848.0,865.0,869.0,896.0,903.0,904.0,952.0,982.0,
5.0,46.0,123.0,126.0,148.0,168.0,206.0,213.0,269.0,283.0,385.0,392.0,468.0,474.0,509.0,588.0,625.0,663.0,673.0,680.0,694.0,711.0,750.0,780.0,790.0,801.0,803.0,884.0,888.0,968.0,973.0,994.0,
30.0,57.0,113.0,116.0,173.0,224.0,231.0,240.0,293.0,304.0,327.0,381.0,387.0,445.0,460.0,495.0,
21.0,39.0,66.0,82.0,89.0,154.0,160.0,198.0,208.0,325.0,403.0,431.0,459.0,498.0,999.0,
29.0,118.0,149.0,155.0,173.0,173.0,218.0,234.0,270.0,298.0,298.0,304.0,323.0,333.0,354.0,374.0,389.0,397.0,403.0,441.0,837.0,
67.0,75.0,114.0,153.0,165.0,176.0,209.0,210.0,302.0,338.0,360.0,372.0,421.0,430.0,440.0,499.0,
20.0,62.0,83.0,134.0,156.0,194.0,194.0,230.0,241.0,277.0,287.0,343.0,376.0,380.0,416.0,
14.0,20.0,29.0,34.0,44.0,71.0,98.0,108.0,178.0,191.0,203.0,208.0,330.0,342.0,383.0,398.0,454.0,478.0,493.0,499.0,607.0,611.0,660.0,667.0,692.0,714.0,725.0,727.0,731.0,757.0,768.0,814.0,845.0,873.0,929.0,935.0,962.0,994.0,
4.0,20.0,48.0,61.0,64.0,69.0,75.0,98.0,149.0,152.0,229.0,270.0,276.0,305.0,356.0,419.0,430.0,504.0,520.0,604.0,607.0,615.0,648.0,671.0,682.0,711.0,758.0,797.0,821.0,821.0,852.0,854.0,869.0,875.0,877.0,888.0,906.0,911.0,943.0,947.0,977.0,997.0,
5.0,11.0,40.0,41.0,94.0,107.0,108.0,147.0,151.0,158.0,179.0,204.0,214.0,217.0,229.0,233.0,266.0,291.0,295.0,327.0,335.0,358.0,363.0,420.0,446.0,462.0,499.0,598.0,609.0,640.0,729.0,758.0,786.0,788.0,800.0,863.0,891.0,959.0,
20.0,74.0,76.0,117.0,153.0,169.0,208.0,232.0,303.0,396.0,398.0,441.0,449.0,515.0,524.0,537.0,541.0,547.0,557.0,603.0,708.0,724.0,732.0,745.0,818.0,828.0,856.0,870.0,871.0,878.0,885.0,943.0,951.0,954.0,969.0,989.0,
15.0,37.0,42.0,94.0,106.0,131.0,152.0,156.0,160.0,190.0,238.0,255.0,324.0,361.0,432.0,457.0,460.0,489.0,571.0,583.0,618.0,633.0,639.0,640.0,704.0,727.0,727.0,739.0,769.0,781.0,783.0,788.0,791.0,819.0,826.0,883.0,975.0,990.0,
78.0,78.0,112.0,115.0,117.0,123.0,161.0,168.0,171.0,177.0,182.0,186.0,205.0,218.0,241.0,247.0,291.0,308.0,329.0,421.0,460.0,478.0,496.0,611.0,635.0,638.0,660.0,666.0,686.0,722.0,722.0,775.0,781.0,817.0,819.0,855.0,876.0,898.0,953.0,962.0,986.0,
36.0,55.0,74.0,87.0,154.0,171.0,190.0,198.0,229.0,243.0,280.0,300.0,330.0,348.0,359.0,416.0,432.0,724.0,740.0,748.0,921.0,966.0,981.0,
3.0,7.0,12.0,46.0,88.0,88.0,137.0,140.0,152.0,183.0,189.0,314.0,315.0,328.0,331.0,332.0,348.0,371.0,426.0,464.0,464.0,468.0,497.0,506.0,
42.0,76.0,94.0,128.0,149.0,149.0,150.0,165.0,166.0,173.0,179.0,213.0,213.0,284.0,285.0,307.0,328.0,382.0,427.0,467.0,496.0,689.0,742.0,750.0,777.0,798.0,
3.0,13.0,19.0,24.0,29.0,57.0,72.0,75.0,135.0,150.0,172.0,270.0,271.0,272.0,294.0,333.0,370.0,389.0,399.0,407.0,459.0,460.0,470.0,473.0,495.0,516.0,580.0,605.0,623.0,644.0,666.0,688.0,719.0,733.0,789.0,804.0,810.0,887.0,888.0,928.0,935.0,959.0,967.0,989.0,
12.0,41.0,51.0,60.0,139.0,150.0,215.0,237.0,289.0,342.0,357.0,421.0,461.0,465.0,496.0,499.0,610.0,630.0,631.0,652.0,667.0,708.0,758.0,817.0,831.0,851.0,852.0,853.0,908.0,962.0,966.0,971.0,981.0,983.0,993.0,
81.0,106.0,132.0,162.0,357.0,377.0,384.0,403.0,501.0,508.0,563.0,574.0,574.0,575.0,585.0,625.0,639.0,682.0,720.0,724.0,730.0,742.0,746.0,761.0,774.0,915.0,916.0,926.0,940.0,985.0,
7.0,15.0,40.0,114.0,168.0,174.0,235.0,256.0,277.0,279.0,330.0,350.0,358.0,451.0,484.0,484.0,510.0,519.0,539.0,565.0,595.0,608.0,624.0,758.0,877.0,903.0,906.0,922.0,924.0,942.0,945.0,956.0,957.0,985.0,
20.0,25.0,35.0,43.0,60.0,78.0,101.0,116.0,139.0,152.0,189.0,194.0,196.0,248.0,274.0,278.0,300.0,320.0,357.0,360.0,501.0,505.0,528.0,580.0,674.0,692.0,708.0,746.0,762.0,780.0,782.0,783.0,848.0,861.0,888.0,894.0,898.0,933.0,994.0,996.0,
26.0,97.0,119.0,215.0,233.0,266.0,324.0,334.0,368.0,376.0,383.0,393.0,470.0,496.0,497.0,507.0,521.0,539.0,550.0,579.0,587.0,651.0,691.0,708.0,718.0,724.0,731.0,739.0,810.0,826.0,828.0,847.0,901.0,905.0,995.0,
22.0,40.0,52.0,104.0,131.0,217.0,325.0,352.0,354.0,365.0,378.0,538.0,608.0,613.0,637.0,648.0,651.0,684.0,686.0,699.0,741.0,761.0,771.0,843.0,861.0,862.0,865.0,890.0,909.0,952.0,993.0,
24.0,25.0,43.0,50.0,55.0,58.0,104.0,117.0,136.0,147.0,161.0,195.0,219.0,259.0,276.0,304.0,339.0,358.0,362.0,436.0,468.0,527.0,534.0,555.0,581.0,608.0,657.0,666.0,671.0,673.0,674.0,763.0,766.0,783.0,797.0,800.0,849.0,860.0,863.0,890.0,893.0,893.0,894.0,967.0,997.0,
48.0,71.0,91.0,102.0,110.0,119.0,181.0,184.0,220.0,224.0,371.0,397.0,410.0,412.0,445.0,478.0,484.0,500.0,541.0,547.0,562.0,562.0,563.0,573.0,574.0,596.0,629.0,665.0,678.0,719.0,722.0,754.0,798.0,801.0,806.0,864.0,872.0,874.0,885.0,893.0,897.0,925.0,937.0,949.0,960.0,964.0,970.0,
149.0,215.0,228.0,237.0,255.0,326.0,354.0,362.0,370.0,406.0,428.0,434.0,448.0,496.0,568.0,575.0,576.0,583.0,594.0,611.0,627.0,637.0,713.0,714.0,720.0,720.0,720.0,735.0,752.0,867.0,875.0,883.0,896.0,912.0,935.0,941.0,953.0,956.0,975.0,
68.0,86.0,102.0,135.0,139.0,142.0,144.0,181.0,218.0,218.0,270.0,282.0,400.0,402.0,410.0,435.0,490.0,535.0,642.0,669.0,731.0,755.0,782.0,785.0,825.0,829.0,836.0,885.0,893.0,908.0,945.0,946.0,951.0,992.0,998.0,
25.0,66.0,83.0,130.0,172.0,245.0,257.0,362.0,372.0,416.0,416.0,486.0,536.0,546.0,550.0,552.0,554.0,557.0,583.0,724.0,731.0,736.0,744.0,768.0,783.0,813.0,844.0,895.0,898.0,934.0,937.0,959.0,975.0,984.0,991.0,997.0,
3.0,31.0,52.0,113.0,126.0,128.0,169.0,172.0,196.0,209.0,299.0,302.0,311.0,361.0,366.0,397.0,447.0,458.0,569.0,612.0,656.0,666.0,678.0,713.0,768.0,799.0,816.0,828.0,853.0,897.0,933.0,
