10.0,18.0,57.0,58.0,94.0,97.0,129.0,252.0,267.0,270.0,276.0,319.0,358.0,370.0,407.0,408.0,470.0,520.0,570.0,575.0,582.0,676.0,677.0,694.0,736.0,738.0,770.0,843.0,884.0,888.0,888.0,903.0,917.0,920.0,961.0,962.0,998.0,
9.0,11.0,60.0,109.0,157.0,165.0,193.0,212.0,212.0,228.0,238.0,250.0,354.0,359.0,377.0,413.0,463.0,480.0,488.0,512.0,514.0,523.0,546.0,592.0,618.0,640.0,654.0,674.0,716.0,747.0,776.0,784.0,845.0,936.0,953.0,966.0,
4.0,31.0,59.0,105.0,144.0,149.0,251.0,264.0,323.0,348.0,365.0,368.0,373.0,380.0,451.0,457.0,469.0,471.0,484.0,493.0,505.0,515.0,516.0,523.0,553.0,632.0,711.0,729.0,734.0,739.0,741.0,748.0,777.0,815.0,848.0,852.0,897.0,908.0,919.0,919.0,919.0,
23.0,25.0,69.0,109.0,149.0,159.0,202.0,209.0,239.0,279.0,284.0,303.0,357.0,413.0,422.0,440.0,475.0,507.0,515.0,521.0,540.0,572.0,591.0,591.0,603.0,634.0,651.0,665.0,693.0,727.0,738.0,758.0,765.0,825.0,833.0,882.0,
100.0,192.0,194.0,204.0,210.0,226.0,258.0,288.0,289.0,400.0,407.0,443.0,496.0,513.0,555.0,600.0,617.0,687.0,693.0,707.0,713.0,800.0,857.0,939.0,945.0,951.0,954.0,959.0,968.0,973.0,975.0,980.0,
28.0,43.0,45.0,76.0,78.0,91.0,96.0,154.0,211.0,211.0,249.0,280.0,281.0,302.0,323.0,332.0,368.0,370.0,371.0,391.0,404.0,438.0,438.0,451.0,478.0,479.0,516.0,530.0,593.0,631.0,660.0,669.0,679.0,716.0,736.0,742.0,760.0,773.0,844.0,901.0,922.0,930.0,950.0,959.0,962.0,965.0,
5.0,22.0,66.0,67.0,141.0,151.0,171.0,226.0,244.0,298.0,312.0,317.0,366.0,401.0,515.0,526.0,566.0,654.0,658.0,678.0,680.0,682.0,715.0,718.0,754.0,777.0,795.0,829.0,877.0,901.0,911.0,916.0,948.0,977.0,
25.0,73.0,81.0,94.0,97.0,133.0,143.0,146.0,156.0,173.0,179.0,200.0,203.0,323.0,350.0,364.0,438.0,466.0,473.0,473.0,481.0,502.0,566.0,611.0,620.0,707.0,732.0,784.0,837.0,856.0,893.0,928.0,936.0,976.0,980.0,988.0,
18.0,50.0,138.0,212.0,232.0,249.0,257.0,272.0,277.0,279.0,333.0,349.0,375.0,384.0,408.0,458.0,482.0,482.0,515.0,517.0,517.0,540.0,543.0,722.0,804.0,807.0,843.0,923.0,968.0,972.0,977.0,995.0,996.0,
17.0,24.0,63.0,177.0,182.0,182.0,189.0,232.0,250.0,278.0,300.0,310.0,321.0,338.0,384.0,403.0,437.0,471.0,493.0,497.0,511.0,598.0,607.0,610.0,636.0,661.0,786.0,815.0,854.0,911.0,912.0,912.0,929.0,979.0,982.0,986.0,
25.0,33.0,77.0,115.0,118.0,149.0,163.0,217.0,277.0,327.0,344.0,349.0,401.0,410.0,416.0,452.0,468.0,471.0,519.0,594.0,635.0,641.0,653.0,660.0,666.0,680.0,687.0,694.0,717.0,729.0,760.0,789.0,812.0,815.0,842.0,877.0,988.0,992.0,
84.0,88.0,107.0,118.0,201.0,226.0,318.0,321.0,337.0,358.0,430.0,458.0,491.0,507.0,510.0,521.0,526.0,548.0,562.0,562.0,575.0,585.0,627.0,643.0,675.0,679.0,742.0,847.0,853.0,903.0,925.0,
42.0,66.0,70.0,106.0,126.0,134.0,153.0,173.0,216.0,228.0,240.0,263.0,300.0,317.0,335.0,337.0,346.0,367.0,377.0,386.0,420.0,425.0,441.0,538.0,583.0,598.0,601.0,603.0,652.0,694.0,701.0,728.0,747.0,753.0,756.0,779.0,794.0,799.0,860.0,927.0,933.0,971.0,988.0,999.0,
3.0,11.0,66.0,81.0,110.0,117.0,175.0,204.0,224.0,238.0,263.0,277.0,290.0,301.0,357.0,389.0,401.0,405.0,421.0,461.0,535.0,689.0,765.0,766.0,786.0,792.0,812.0,821.0,863.0,869.0,875.0,885.0,917.0,918.0,942.0,957.0,958.0,984.0,986.0,986.0,
14.0,28.0,42.0,48.0,80.0,98.0,110.0,136.0,184.0,331.0,442.0,466.0,499.0,511.0,536.0,576.0,599.0,602.0,685.0,721.0,777.0,780.0,819.0,884.0,911.0,926.0,988.0,988.0,
14.0,43.0,52.0,93.0,123.0,194.0,219.0,324.0,352.0,369.0,381.0,404.0,448.0,448.0,481.0,505.0,508.0,517.0,551.0,551.0,575.0,577.0,581.0,592.0,645.0,700.0,728.0,815.0,819.0,865.0,868.0,869.0,891.0,
83.0,86.0,92.0,108.0,111.0,147.0,211.0,236.0,280.0,322.0,325.0,367.0,404.0,435.0,459.0,469.0,527.0,547.0,548.0,553.0,583.0,588.0,594.0,602.0,625.0,636.0,660.0,686.0,725.0,737.0,752.0,806.0,860.0,903.0,954.0,964.0,973.0,982.0,994.0,
8.0,15.0,44.0,61.0,64.0,164.0,225.0,237.0,309.0,335.0,421.0,423.0,442.0,459.0,506.0,518.0,524.0,527.0,613.0,618.0,670.0,677.0,692.0,722.0,732.0,745.0,748.0,757.0,858.0,863.0,870.0,903.0,921.0,949.0,956.0,
39.0,72.0,73.0,81.0,132.0,150.0,152.0,229.0,259.0,286.0,303.0,344.0,347.0,356.0,358.0,378.0,410.0,435.0,437.0,470.0,490.0,507.0,607.0,611.0,685.0,721.0,832.0,850.0,856.0,889.0,962.0,995.0,997.0,
34.0,65.0,115.0,126.0,136.0,142.0,151.0,188.0,219.0,221.0,235.0,252.0,258.0,301.0,336.0,337.0,338.0,381.0,385.0,397.0,416.0,420.0,439.0,442.0,493.0,499.0,510.0,549.0,573.0,578.0,608.0,610.0,640.0,647.0,650.0,658.0,700.0,796.0,802.0,824.0,843.0,925.0,968.0,1000.0,
26.0,30.0,39.0,42.0,59.0,71.0,108.0,137.0,145.0,156.0,175.0,191.0,360.0,439.0,480.0,489.0,568.0,620.0,633.0,677.0,679.0,712.0,729.0,739.0,742.0,767.0,767.0,773.0,788.0,842.0,946.0,951.0,970.0,
30.0,41.0,47.0,98.0,99.0,138.0,143.0,157.0,185.0,217.0,218.0,275.0,330.0,353.0,380.0,381.0,393.0,398.0,431.0,437.0,471.0,475.0,513.0,536.0,569.0,584.0,612.0,615.0,616.0,625.0,665.0,686.0,686.0,696.0,807.0,833.0,842.0,890.0,899.0,958.0,963.0,995.0,999.0,
11.0,14.0,25.0,26.0,41.0,88.0,127.0,128.0,138.0,187.0,200.0,224.0,234.0,234.0,337.0,375.0,537.0,560.0,598.0,604.0,619.0,633.0,733.0,771.0,772.0,813.0,816.0,820.0,849.0,853.0,886.0,922.0,937.0,944.0,
6.0,9.0,35.0,50.0,56.0,95.0,111.0,118.0,154.0,164.0,203.0,213.0,216.0,225.0,230.0,264.0,279.0,292.0,370.0,391.0,415.0,441.0,465.0,506.0,527.0,530.0,545.0,550.0,578.0,593.0,601.0,615.0,616.0,633.0,662.0,681.0,690.0,717.0,724.0,749.0,755.0,766.0,803.0,806.0,869.0,895.0,904.0,906.0,907.0,910.0,915.0,944.0,990.0,
4.0,23.0,35.0,139.0,192.0,194.0,219.0,257.0,317.0,340.0,369.0,411.0,424.0,427.0,464.0,465.0,492.0,549.0,595.0,608.0,609.0,643.0,656.0,664.0,695.0,723.0,730.0,770.0,808.0,828.0,841.0,854.0,858.0,917.0,934.0,993.0,
24.0,77.0,85.0,128.0,249.0,250.0,314.0,335.0,338.0,371.0,443.0,465.0,482.0,501.0,551.0,582.0,612.0,623.0,660.0,666.0,691.0,701.0,716.0,750.0,768.0,916.0,927.0,955.0,
18.0,37.0,43.0,124.0,125.0,126.0,128.0,182.0,201.0,211.0,222.0,251.0,266.0,283.0,286.0,348.0,382.0,422.0,426.0,428.0,444.0,479.0,487.0,495.0,535.0,548.0,590.0,602.0,605.0,606.0,627.0,656.0,688.0,689.0,700.0,739.0,739.0,740.0,743.0,811.0,859.0,860.0,900.0,904.0,930.0,944.0,969.0,
19.0,47.0,50.0,72.0,190.0,204.0,232.0,233.0,297.0,309.0,309.0,356.0,360.0,405.0,473.0,501.0,545.0,546.0,546.0,559.0,571.0,575.0,677.0,680.0,710.0,710.0,714.0,727.0,745.0,750.0,768.0,787.0,788.0,789.0,804.0,878.0,890.0,895.0,933.0,956.0,957.0,993.0,
9.0,21.0,39.0,42.0,100.0,113.0,197.0,217.0,223.0,223.0,247.0,247.0,302.0,369.0,371.0,400.0,424.0,547.0,554.0,558.0,597.0,686.0,706.0,720.0,725.0,729.0,785.0,797.0,816.0,826.0,856.0,919.0,948.0,968.0,976.0,
4.0,78.0,104.0,105.0,122.0,146.0,164.0,169.0,249.0,258.0,268.0,305.0,336.0,350.0,386.0,405.0,425.0,446.0,462.0,468.0,475.0,517.0,524.0,548.0,645.0,696.0,790.0,847.0,866.0,905.0,930.0,937.0,938.0,944.0,947.0,987.0,
75.0,94.0,108.0,136.0,146.0,148.0,152.0,165.0,195.0,243.0,298.0,298.0,301.0,314.0,317.0,336.0,344.0,432.0,437.0,468.0,478.0,486.0,499.0,510.0,531.0,561.0,563.0,565.0,572.0,607.0,744.0,747.0,772.0,809.0,831.0,854.0,912.0,933.0,941.0,949.0,956.0,968.0,989.0,
25.0,58.0,75.0,89.0,96.0,109.0,181.0,186.0,202.0,214.0,297.0,303.0,307.0,351.0,366.0,392.0,401.0,432.0,433.0,442.0,457.0,459.0,467.0,476.0,480.0,493.0,516.0,527.0,536.0,540.0,564.0,571.0,588.0,595.0,606.0,607.0,618.0,630.0,664.0,667.0,671.0,675.0,681.0,758.0,780.0,799.0,804.0,809.0,850.0,923.0,932.0,963.0,
15.0,48.0,162.0,174.0,175.0,176.0,180.0,200.0,253.0,326.0,379.0,392.0,402.0,417.0,418.0,490.0,516.0,535.0,575.0,576.0,673.0,744.0,762.0,763.0,783.0,835.0,836.0,850.0,866.0,872.0,927.0,932.0,996.0,
31.0,32.0,32.0,53.0,64.0,90.0,101.0,158.0,184.0,197.0,204.0,317.0,427.0,480.0,512.0,534.0,546.0,553.0,557.0,624.0,646.0,650.0,692.0,695.0,727.0,755.0,771.0,810.0,821.0,890.0,922.0,985.0,996.0,
60.0,70.0,77.0,98.0,120.0,127.0,243.0,306.0,308.0,325.0,331.0,373.0,426.0,445.0,500.0,502.0,505.0,522.0,560.0,587.0,605.0,611.0,704.0,723.0,732.0,734.0,761.0,764.0,872.0,944.0,964.0,
4.0,71.0,124.0,176.0,193.0,194.0,266.0,279.0,321.0,343.0,353.0,468.0,484.0,493.0,533.0,535.0,537.0,550.0,558.0,567.0,669.0,727.0,753.0,764.0,771.0,794.0,842.0,928.0,947.0,953.0,955.0,974.0,999.0,
4.0,4.0,64.0,139.0,169.0,208.0,216.0,252.0,269.0,274.0,301.0,333.0,366.0,372.0,385.0,408.0,437.0,524.0,557.0,583.0,642.0,704.0,708.0,740.0,751.0,867.0,983.0,
35.0,98.0,146.0,169.0,195.0,197.0,198.0,214.0,229.0,243.0,296.0,318.0,336.0,345.0,411.0,425.0,446.0,488.0,524.0,545.0,623.0,630.0,662.0,668.0,752.0,807.0,825.0,849.0,866.0,874.0,888.0,895.0,910.0,911.0,951.0,963.0,
25.0,54.0,155.0,204.0,207.0,220.0,281.0,474.0,482.0,485.0,512.0,513.0,530.0,537.0,542.0,628.0,651.0,671.0,764.0,764.0,780.0,790.0,810.0,826.0,829.0,834.0,889.0,927.0,941.0,
26.0,48.0,56.0,131.0,136.0,137.0,144.0,244.0,263.0,304.0,310.0,311.0,327.0,352.0,374.0,401.0,421.0,430.0,434.0,447.0,473.0,490.0,519.0,619.0,683.0,724.0,745.0,752.0,753.0,773.0,777.0,786.0,896.0,921.0,925.0,941.0,973.0,995.0,
4.0,29.0,45.0,72.0,154.0,174.0,203.0,235.0,268.0,303.0,396.0,431.0,444.0,455.0,476.0,481.0,508.0,513.0,543.0,577.0,600.0,614.0,671.0,702.0,716.0,770.0,775.0,809.0,892.0,920.0,986.0,988.0,995.0,
4.0,44.0,56.0,82.0,205.0,238.0,240.0,320.0,326.0,350.0,398.0,445.0,524.0,594.0,604.0,639.0,677.0,710.0,734.0,750.0,765.0,788.0,806.0,825.0,827.0,833.0,848.0,907.0,921.0,921.0,929.0,
36.0,96.0,157.0,158.0,162.0,220.0,234.0,260.0,331.0,338.0,426.0,435.0,442.0,457.0,520.0,545.0,563.0,564.0,589.0,598.0,633.0,665.0,734.0,742.0,750.0,780.0,781.0,803.0,814.0,880.0,890.0,908.0,970.0,996.0,
37.0,91.0,104.0,109.0,139.0,148.0,165.0,185.0,222.0,251.0,262.0,285.0,285.0,306.0,317.0,331.0,377.0,428.0,434.0,482.0,494.0,496.0,505.0,525.0,536.0,545.0,550.0,556.0,592.0,665.0,667.0,697.0,765.0,828.0,934.0,952.0,
14.0,52.0,100.0,120.0,138.0,154.0,178.0,207.0,216.0,221.0,237.0,286.0,300.0,336.0,344.0,367.0,419.0,422.0,511.0,514.0,524.0,534.0,553.0,553.0,554.0,559.0,577.0,581.0,612.0,643.0,668.0,676.0,691.0,716.0,732.0,740.0,782.0,792.0,852.0,858.0,872.0,889.0,932.0,964.0,984.0,1000.0,
7.0,10.0,12.0,12.0,25.0,41.0,49.0,58.0,129.0,135.0,152.0,192.0,227.0,256.0,291.0,315.0,395.0,421.0,429.0,475.0,486.0,498.0,503.0,512.0,514.0,521.0,563.0,580.0,590.0,617.0,619.0,622.0,625.0,626.0,629.0,632.0,648.0,650.0,674.0,685.0,725.0,733.0,734.0,740.0,793.0,797.0,829.0,841.0,843.0,849.0,859.0,908.0,926.0,928.0,953.0,982.0,
25.0,53.0,88.0,88.0,95.0,113.0,117.0,124.0,128.0,145.0,158.0,244.0,268.0,271.0,280.0,298.0,304.0,332.0,342.0,357.0,375.0,400.0,438.0,440.0,441.0,441.0,446.0,480.0,519.0,526.0,532.0,540.0,543.0,578.0,637.0,648.0,725.0,729.0,736.0,827.0,828.0,841.0,862.0,900.0,910.0,939.0,943.0,988.0,988.0,
6.0,21.0,112.0,125.0,158.0,183.0,209.0,236.0,252.0,285.0,317.0,330.0,332.0,344.0,345.0,374.0,396.0,404.0,406.0,422.0,435.0,496.0,498.0,507.0,572.0,674.0,675.0,682.0,712.0,739.0,753.0,847.0,892.0,959.0,983.0,990.0,
47.0,89.0,176.0,225.0,249.0,258.0,272.0,292.0,306.0,357.0,364.0,373.0,402.0,436.0,473.0,521.0,530.0,633.0,654.0,667.0,688.0,756.0,767.0,817.0,834.0,884.0,891.0,932.0,933.0,990.0,
5.0,24.0,31.0,75.0,162.0,164.0,198.0,200.0,222.0,238.0,323.0,357.0,364.0,379.0,506.0,543.0,617.0,623.0,634.0,638.0,649.0,653.0,672.0,707.0,823.0,833.0,889.0,951.0,951.0,957.0,989.0,
47.0,57.0,166.0,180.0,189.0,220.0,305.0,403.0,442.0,477.0,542.0,551.0,601.0,636.0,644.0,670.0,716.0,720.0,720.0,728.0,728.0,730.0,748.0,783.0,845.0,853.0,878.0,880.0,940.0,941.0,950.0,995.0,
2.0,30.0,31.0,42.0,73.0,74.0,118.0,119.0,148.0,158.0,161.0,165.0,217.0,246.0,261.0,264.0,321.0,322.0,363.0,409.0,446.0,489.0,541.0,559.0,559.0,565.0,639.0,648.0,651.0,683.0,688.0,702.0,705.0,776.0,785.0,795.0,798.0,817.0,835.0,903.0,959.0,
46.0,62.0,67.0,71.0,100.0,117.0,146.0,177.0,186.0,187.0,192.0,213.0,231.0,281.0,283.0,287.0,302.0,340.0,462.0,557.0,562.0,563.0,565.0,611.0,627.0,640.0,659.0,726.0,735.0,748.0,764.0,798.0,
12.0,17.0,45.0,47.0,82.0,88.0,166.0,232.0,255.0,261.0,267.0,337.0,353.0,378.0,400.0,417.0,424.0,425.0,462.0,481.0,561.0,574.0,579.0,586.0,692.0,714.0,733.0,748.0,877.0,948.0,985.0,986.0,988.0,
50.0,101.0,154.0,198.0,220.0,238.0,250.0,292.0,326.0,349.0,350.0,354.0,423.0,471.0,484.0,513.0,516.0,520.0,527.0,528.0,544.0,553.0,565.0,575.0,580.0,616.0,638.0,640.0,652.0,653.0,654.0,688.0,692.0,713.0,722.0,747.0,748.0,762.0,762.0,774.0,774.0,780.0,796.0,804.0,815.0,834.0,849.0,859.0,865.0,878.0,944.0,945.0,949.0,980.0,997.0,
64.0,90.0,141.0,142.0,194.0,220.0,240.0,241.0,251.0,264.0,265.0,303.0,311.0,313.0,359.0,360.0,377.0,425.0,452.0,518.0,524.0,529.0,541.0,542.0,543.0,544.0,548.0,552.0,557.0,558.0,566.0,568.0,570.0,572.0,572.0,573.0,574.0,575.0,580.0,586.0,593.0,594.0,594.0,597.0,612.0,620.0,629.0,630.0,632.0,639.0,653.0,658.0,660.0,664.0,681.0,685.0,685.0,688.0,704.0,710.0,711.0,723.0,725.0,725.0,733.0,740.0,756.0,759.0,760.0,764.0,768.0,787.0,789.0,791.0,793.0,805.0,811.0,818.0,829.0,829.0,833.0,842.0,850.0,853.0,893.0,898.0,932.0,942.0,947.0,972.0,973.0,974.0,975.0,978.0,995.0,
62.0,71.0,138.0,186.0,189.0,194.0,200.0,212.0,253.0,260.0,262.0,275.0,323.0,338.0,357.0,357.0,369.0,438.0,444.0,473.0,474.0,527.0,532.0,533.0,535.0,546.0,552.0,554.0,560.0,567.0,572.0,586.0,591.0,611.0,614.0,616.0,617.0,626.0,632.0,646.0,651.0,654.0,673.0,693.0,697.0,701.0,701.0,753.0,786.0,793.0,800.0,802.0,839.0,852.0,856.0,874.0,884.0,901.0,906.0,931.0,962.0,969.0,971.0,986.0,988.0,
25.0,84.0,87.0,103.0,117.0,141.0,197.0,210.0,211.0,212.0,232.0,258.0,351.0,384.0,400.0,409.0,418.0,435.0,460.0,557.0,570.0,584.0,612.0,632.0,684.0,714.0,720.0,820.0,839.0,844.0,
11.0,12.0,51.0,57.0,78.0,83.0,175.0,211.0,263.0,275.0,300.0,313.0,357.0,406.0,453.0,528.0,623.0,625.0,630.0,635.0,653.0,703.0,704.0,761.0,785.0,791.0,804.0,841.0,843.0,855.0,879.0,907.0,913.0,914.0,919.0,936.0,958.0,979.0,
14.0,36.0,164.0,176.0,194.0,195.0,232.0,306.0,313.0,326.0,432.0,437.0,482.0,514.0,577.0,582.0,585.0,675.0,680.0,692.0,699.0,717.0,730.0,731.0,760.0,797.0,875.0,926.0,934.0,982.0,990.0,
48.0,70.0,77.0,96.0,100.0,100.0,108.0,111.0,114.0,117.0,118.0,129.0,132.0,163.0,166.0,183.0,189.0,223.0,238.0,273.0,295.0,352.0,433.0,439.0,476.0,528.0,536.0,551.0,690.0,704.0,725.0,732.0,754.0,761.0,828.0,874.0,875.0,907.0,915.0,938.0,
63.0,100.0,137.0,153.0,157.0,160.0,179.0,239.0,262.0,264.0,318.0,334.0,400.0,468.0,497.0,520.0,522.0,583.0,586.0,599.0,603.0,647.0,682.0,688.0,718.0,735.0,749.0,754.0,768.0,797.0,872.0,904.0,959.0,
3.0,6.0,44.0,121.0,177.0,256.0,262.0,269.0,271.0,276.0,290.0,317.0,371.0,382.0,387.0,433.0,451.0,477.0,482.0,514.0,519.0,619.0,624.0,627.0,635.0,715.0,735.0,771.0,773.0,795.0,822.0,824.0,840.0,854.0,866.0,893.0,924.0,975.0,997.0,
38.0,52.0,95.0,96.0,113.0,128.0,178.0,223.0,233.0,234.0,240.0,270.0,286.0,331.0,349.0,356.0,414.0,477.0,512.0,514.0,517.0,577.0,578.0,587.0,632.0,634.0,638.0,686.0,698.0,708.0,723.0,750.0,787.0,863.0,879.0,
28.0,49.0,89.0,94.0,111.0,114.0,120.0,127.0,144.0,159.0,190.0,193.0,211.0,217.0,225.0,287.0,305.0,420.0,431.0,462.0,470.0,516.0,518.0,529.0,538.0,560.0,587.0,590.0,609.0,613.0,646.0,655.0,670.0,671.0,680.0,700.0,747.0,758.0,766.0,828.0,899.0,930.0,958.0,
3.0,47.0,64.0,95.0,113.0,132.0,134.0,219.0,300.0,309.0,330.0,336.0,361.0,367.0,396.0,415.0,424.0,481.0,494.0,505.0,510.0,527.0,529.0,534.0,551.0,557.0,557.0,560.0,565.0,584.0,592.0,597.0,600.0,602.0,605.0,607.0,607.0,632.0,653.0,692.0,700.0,702.0,705.0,706.0,718.0,725.0,736.0,738.0,769.0,771.0,774.0,783.0,794.0,796.0,797.0,814.0,854.0,855.0,865.0,872.0,892.0,944.0,953.0,954.0,958.0,968.0,980.0,990.0,998.0,
5.0,41.0,52.0,76.0,87.0,90.0,98.0,110.0,197.0,200.0,274.0,308.0,402.0,419.0,470.0,517.0,519.0,519.0,525.0,548.0,579.0,582.0,614.0,620.0,670.0,740.0,743.0,788.0,811.0,825.0,830.0,869.0,879.0,897.0,901.0,915.0,962.0,
2.0,3.0,28.0,29.0,100.0,162.0,170.0,175.0,199.0,226.0,252.0,283.0,316.0,322.0,323.0,332.0,343.0,430.0,473.0,504.0,525.0,560.0,562.0,634.0,653.0,682.0,745.0,747.0,818.0,828.0,860.0,923.0,1000.0,
10.0,23.0,47.0,60.0,89.0,131.0,199.0,238.0,252.0,335.0,343.0,378.0,401.0,413.0,495.0,540.0,547.0,552.0,566.0,567.0,621.0,698.0,708.0,711.0,720.0,731.0,773.0,809.0,823.0,849.0,891.0,893.0,895.0,902.0,964.0,
24.0,28.0,68.0,95.0,158.0,189.0,197.0,212.0,246.0,263.0,290.0,293.0,306.0,306.0,324.0,326.0,331.0,341.0,380.0,385.0,483.0,503.0,513.0,528.0,532.0,545.0,585.0,617.0,627.0,665.0,687.0,717.0,721.0,738.0,748.0,786.0,799.0,805.0,805.0,853.0,862.0,894.0,903.0,919.0,925.0,963.0,968.0,
28.0,75.0,81.0,90.0,215.0,242.0,295.0,298.0,303.0,390.0,416.0,426.0,429.0,447.0,448.0,460.0,462.0,466.0,491.0,508.0,516.0,543.0,622.0,627.0,772.0,774.0,780.0,795.0,824.0,881.0,898.0,918.0,938.0,951.0,952.0,975.0,978.0,979.0,997.0,
11.0,31.0,38.0,40.0,44.0,98.0,114.0,116.0,157.0,157.0,183.0,201.0,225.0,252.0,272.0,314.0,316.0,373.0,386.0,409.0,421.0,451.0,458.0,472.0,535.0,544.0,554.0,595.0,598.0,614.0,625.0,652.0,654.0,655.0,674.0,684.0,704.0,709.0,723.0,739.0,765.0,805.0,823.0,836.0,888.0,889.0,925.0,969.0,971.0,980.0,982.0,992.0,
5.0,45.0,55.0,85.0,119.0,120.0,123.0,127.0,127.0,224.0,226.0,240.0,279.0,293.0,310.0,315.0,317.0,352.0,390.0,413.0,448.0,463.0,469.0,495.0,496.0,510.0,511.0,592.0,607.0,611.0,623.0,672.0,693.0,735.0,735.0,814.0,817.0,831.0,853.0,861.0,896.0,903.0,912.0,923.0,932.0,935.0,972.0,987.0,
5.0,5.0,18.0,64.0,95.0,114.0,142.0,157.0,163.0,263.0,275.0,284.0,297.0,311.0,312.0,407.0,478.0,511.0,542.0,567.0,604.0,659.0,700.0,715.0,759.0,765.0,783.0,808.0,879.0,942.0,970.0,
173.0,183.0,237.0,254.0,273.0,276.0,278.0,323.0,349.0,353.0,370.0,417.0,418.0,426.0,465.0,492.0,546.0,611.0,703.0,712.0,742.0,757.0,791.0,837.0,845.0,873.0,891.0,901.0,909.0,924.0,945.0,946.0,
2.0,39.0,41.0,53.0,127.0,132.0,146.0,172.0,173.0,179.0,223.0,250.0,293.0,313.0,322.0,347.0,406.0,416.0,422.0,447.0,463.0,467.0,480.0,495.0,536.0,537.0,595.0,677.0,681.0,702.0,749.0,799.0,811.0,890.0,902.0,908.0,936.0,948.0,960.0,962.0,
8.0,24.0,31.0,38.0,59.0,86.0,128.0,129.0,162.0,179.0,195.0,226.0,244.0,255.0,256.0,339.0,355.0,415.0,447.0,487.0,490.0,521.0,595.0,650.0,760.0,806.0,809.0,820.0,841.0,847.0,900.0,922.0,942.0,989.0,
6.0,16.0,20.0,22.0,52.0,54.0,61.0,67.0,70.0,100.0,137.0,139.0,155.0,226.0,290.0,305.0,331.0,368.0,415.0,431.0,437.0,483.0,486.0,490.0,648.0,677.0,714.0,721.0,750.0,754.0,768.0,802.0,859.0,901.0,994.0,999.0,
23.0,42.0,91.0,115.0,139.0,229.0,231.0,238.0,242.0,251.0,257.0,273.0,277.0,352.0,363.0,379.0,383.0,389.0,399.0,409.0,480.0,516.0,522.0,573.0,577.0,644.0,655.0,664.0,672.0,678.0,698.0,723.0,731.0,745.0,782.0,783.0,786.0,805.0,816.0,871.0,919.0,933.0,
62.0,63.0,76.0,99.0,107.0,132.0,154.0,159.0,196.0,225.0,301.0,373.0,402.0,467.0,494.0,502.0,524.0,691.0,703.0,720.0,725.0,761.0,781.0,790.0,817.0,889.0,906.0,908.0,923.0,965.0,967.0,
4.0,25.0,207.0,244.0,273.0,293.0,391.0,415.0,452.0,457.0,472.0,517.0,550.0,575.0,577.0,611.0,627.0,637.0,643.0,741.0,760.0,812.0,825.0,861.0,863.0,871.0,907.0,943.0,948.0,954.0,955.0,987.0,
5.0,13.0,17.0,52.0,84.0,119.0,166.0,170.0,198.0,215.0,217.0,253.0,267.0,324.0,334.0,335.0,356.0,379.0,407.0,433.0,482.0,567.0,589.0,602.0,627.0,632.0,712.0,739.0,752.0,753.0,763.0,801.0,801.0,885.0,906.0,912.0,926.0,946.0,960.0,977.0,991.0,
41.0,62.0,86.0,124.0,156.0,180.0,187.0,224.0,232.0,302.0,318.0,332.0,334.0,376.0,399.0,416.0,418.0,447.0,454.0,455.0,465.0,513.0,513.0,544.0,545.0,550.0,551.0,580.0,604.0,648.0,690.0,736.0,749.0,767.0,805.0,830.0,849.0,875.0,902.0,923.0,954.0,972.0,
98.0,165.0,206.0,231.0,244.0,349.0,362.0,368.0,368.0,372.0,413.0,460.0,474.0,518.0,522.0,576.0,605.0,609.0,612.0,615.0,632.0,634.0,686.0,687.0,691.0,756.0,810.0,820.0,844.0,913.0,983.0,997.0,
5.0,27.0,49.0,58.0,73.0,90.0,100.0,118.0,119.0,157.0,165.0,327.0,338.0,367.0,372.0,384.0,385.0,453.0,472.0,542.0,560.0,561.0,586.0,627.0,642.0,723.0,785.0,793.0,809.0,880.0,922.0,923.0,935.0,961.0,962.0,988.0,
81.0,106.0,111.0,131.0,146.0,152.0,155.0,186.0,224.0,293.0,298.0,314.0,319.0,322.0,408.0,420.0,423.0,468.0,573.0,578.0,605.0,628.0,679.0,781.0,793.0,827.0,841.0,880.0,889.0,904.0,925.0,947.0,953.0,956.0,981.0,
17.0,27.0,89.0,122.0,128.0,130.0,151.0,165.0,203.0,210.0,229.0,258.0,268.0,293.0,308.0,318.0,384.0,413.0,419.0,468.0,488.0,498.0,502.0,563.0,568.0,596.0,647.0,655.0,744.0,753.0,758.0,771.0,840.0,841.0,849.0,893.0,906.0,925.0,926.0,927.0,933.0,956.0,993.0,
44.0,47.0,60.0,99.0,101.0,106.0,127.0,127.0,134.0,156.0,160.0,170.0,232.0,330.0,335.0,342.0,360.0,380.0,419.0,424.0,457.0,462.0,543.0,605.0,619.0,636.0,651.0,661.0,689.0,692.0,708.0,781.0,793.0,825.0,854.0,860.0,879.0,902.0,952.0,953.0,993.0,
7.0,31.0,39.0,107.0,118.0,121.0,139.0,182.0,191.0,196.0,202.0,230.0,231.0,390.0,420.0,421.0,442.0,459.0,459.0,473.0,482.0,519.0,561.0,590.0,648.0,704.0,714.0,716.0,810.0,811.0,814.0,826.0,887.0,897.0,931.0,953.0,982.0,992.0,
21.0,45.0,150.0,181.0,236.0,282.0,288.0,297.0,324.0,338.0,362.0,399.0,401.0,426.0,426.0,531.0,576.0,581.0,617.0,622.0,708.0,710.0,715.0,752.0,753.0,755.0,779.0,780.0,833.0,874.0,874.0,906.0,915.0,955.0,961.0,969.0,
14.0,14.0,91.0,91.0,103.0,155.0,162.0,187.0,205.0,227.0,262.0,293.0,338.0,347.0,370.0,375.0,383.0,387.0,435.0,449.0,450.0,481.0,490.0,526.0,546.0,556.0,583.0,621.0,660.0,668.0,670.0,671.0,677.0,726.0,752.0,757.0,766.0,775.0,803.0,815.0,816.0,856.0,907.0,922.0,964.0,975.0,988.0,
25.0,70.0,158.0,258.0,337.0,366.0,469.0,473.0,493.0,536.0,542.0,544.0,579.0,616.0,633.0,646.0,658.0,688.0,722.0,782.0,842.0,856.0,861.0,871.0,928.0,958.0,981.0,991.0,
14.0,25.0,38.0,49.0,63.0,74.0,147.0,156.0,157.0,165.0,167.0,174.0,216.0,230.0,234.0,255.0,282.0,289.0,322.0,339.0,372.0,398.0,429.0,487.0,492.0,513.0,515.0,532.0,556.0,558.0,642.0,655.0,670.0,693.0,704.0,705.0,711.0,727.0,731.0,747.0,760.0,766.0,788.0,792.0,825.0,825.0,855.0,857.0,863.0,882.0,938.0,941.0,990.0,992.0,999.0,
30.0,33.0,68.0,90.0,114.0,167.0,180.0,199.0,237.0,238.0,271.0,311.0,366.0,388.0,463.0,468.0,494.0,552.0,612.0,698.0,752.0,754.0,850.0,915.0,938.0,953.0,986.0,
5.0,15.0,78.0,150.0,210.0,242.0,277.0,294.0,296.0,355.0,369.0,390.0,399.0,407.0,410.0,414.0,439.0,453.0,507.0,559.0,587.0,618.0,620.0,623.0,638.0,663.0,678.0,697.0,719.0,731.0,731.0,734.0,739.0,868.0,884.0,912.0,958.0,975.0,982.0,
7.0,27.0,34.0,81.0,104.0,156.0,228.0,232.0,239.0,241.0,494.0,494.0,503.0,515.0,567.0,571.0,627.0,647.0,679.0,701.0,715.0,721.0,733.0,739.0,764.0,793.0,855.0,883.0,937.0,951.0,998.0,
20.0,21.0,24.0,82.0,120.0,170.0,296.0,304.0,318.0,344.0,354.0,401.0,417.0,422.0,467.0,504.0,516.0,560.0,575.0,586.0,615.0,636.0,688.0,700.0,706.0,710.0,730.0,730.0,741.0,811.0,853.0,861.0,933.0,936.0,937.0,942.0,
3.0,6.0,27.0,46.0,55.0,86.0,118.0,123.0,166.0,199.0,216.0,230.0,267.0,318.0,339.0,340.0,360.0,452.0,465.0,468.0,513.0,539.0,567.0,644.0,655.0,663.0,664.0,677.0,691.0,717.0,750.0,750.0,751.0,774.0,785.0,854.0,867.0,876.0,878.0,885.0,886.0,941.0,968.0,
2.0,29.0,40.0,71.0,142.0,143.0,220.0,294.0,297.0,303.0,330.0,334.0,394.0,401.0,539.0,541.0,552.0,582.0,605.0,615.0,659.0,685.0,697.0,700.0,714.0,719.0,737.0,737.0,763.0,797.0,805.0,810.0,821.0,835.0,942.0,942.0,
7.0,19.0,36.0,121.0,132.0,144.0,211.0,221.0,224.0,264.0,290.0,362.0,372.0,403.0,424.0,459.0,461.0,473.0,497.0,518.0,587.0,629.0,646.0,686.0,699.0,707.0,728.0,746.0,757.0,769.0,897.0,1000.0,
