13.0,33.0,44.0,47.0,65.0,89.0,99.0,110.0,129.0,145.0,179.0,192.0,300.0,321.0,347.0,352.0,389.0,409.0,454.0,459.0,467.0,517.0,541.0,556.0,569.0,575.0,680.0,730.0,794.0,798.0,846.0,874.0,879.0,932.0,932.0,939.0,954.0,993.0,996.0,
32.0,100.0,114.0,114.0,145.0,164.0,192.0,192.0,197.0,244.0,260.0,272.0,281.0,329.0,334.0,341.0,342.0,384.0,386.0,393.0,410.0,414.0,424.0,430.0,465.0,472.0,502.0,552.0,566.0,578.0,616.0,737.0,753.0,773.0,861.0,917.0,943.0,980.0,
74.0,92.0,119.0,274.0,323.0,376.0,400.0,418.0,458.0,502.0,508.0,646.0,672.0,681.0,699.0,740.0,759.0,769.0,791.0,821.0,845.0,856.0,922.0,942.0,
2.0,61.0,88.0,121.0,122.0,143.0,173.0,175.0,215.0,244.0,292.0,343.0,343.0,385.0,394.0,501.0,538.0,603.0,639.0,660.0,673.0,745.0,774.0,819.0,823.0,824.0,852.0,875.0,887.0,917.0,935.0,969.0,983.0,
60.0,72.0,115.0,165.0,168.0,181.0,196.0,209.0,214.0,240.0,280.0,288.0,316.0,332.0,338.0,346.0,365.0,422.0,442.0,471.0,477.0,477.0,538.0,613.0,615.0,665.0,753.0,760.0,763.0,782.0,786.0,869.0,880.0,924.0,955.0,961.0,966.0,
42.0,81.0,97.0,117.0,143.0,259.0,313.0,339.0,381.0,399.0,435.0,457.0,491.0,555.0,558.0,561.0,590.0,611.0,650.0,650.0,667.0,702.0,710.0,719.0,793.0,796.0,863.0,892.0,933.0,957.0,
62.0,126.0,129.0,168.0,213.0,214.0,322.0,325.0,335.0,356.0,377.0,420.0,491.0,526.0,571.0,598.0,660.0,745.0,764.0,769.0,770.0,821.0,854.0,864.0,876.0,918.0,948.0,950.0,976.0,
29.0,30.0,51.0,85.0,121.0,128.0,134.0,148.0,191.0,195.0,337.0,387.0,404.0,426.0,497.0,502.0,524.0,526.0,530.0,544.0,552.0,592.0,681.0,716.0,734.0,790.0,827.0,869.0,895.0,973.0,
31.0,68.0,79.0,90.0,129.0,132.0,143.0,182.0,196.0,200.0,223.0,227.0,260.0,430.0,430.0,447.0,479.0,493.0,508.0,519.0,528.0,577.0,657.0,666.0,674.0,677.0,704.0,720.0,738.0,807.0,825.0,869.0,906.0,965.0,981.0,997.0,
3.0,10.0,47.0,67.0,102.0,110.0,141.0,164.0,204.0,221.0,272.0,330.0,342.0,371.0,401.0,405.0,427.0,440.0,452.0,464.0,465.0,516.0,543.0,577.0,608.0,625.0,691.0,693.0,769.0,776.0,785.0,788.0,807.0,809.0,851.0,853.0,909.0,990.0,990.0,
14.0,26.0,55.0,104.0,175.0,179.0,214.0,217.0,221.0,238.0,369.0,371.0,394.0,400.0,408.0,414.0,454.0,505.0,585.0,599.0,618.0,626.0,635.0,636.0,646.0,694.0,701.0,703.0,787.0,795.0,800.0,811.0,837.0,841.0,842.0,859.0,882.0,912.0,915.0,925.0,980.0,
5.0,36.0,45.0,102.0,137.0,214.0,231.0,245.0,271.0,284.0,288.0,366.0,372.0,440.0,464.0,464.0,482.0,494.0,498.0,528.0,535.0,547.0,548.0,548.0,557.0,572.0,708.0,723.0,767.0,781.0,782.0,786.0,836.0,843.0,873.0,899.0,900.0,974.0,
9.0,54.0,112.0,135.0,163.0,193.0,204.0,206.0,249.0,249.0,301.0,357.0,368.0,386.0,392.0,401.0,421.0,421.0,444.0,451.0,467.0,538.0,658.0,671.0,687.0,695.0,771.0,788.0,812.0,866.0,871.0,957.0,962.0,
9.0,36.0,44.0,146.0,175.0,183.0,218.0,290.0,385.0,432.0,457.0,466.0,478.0,491.0,491.0,542.0,605.0,616.0,623.0,630.0,642.0,681.0,705.0,774.0,778.0,788.0,807.0,827.0,831.0,833.0,849.0,867.0,902.0,902.0,920.0,931.0,987.0,999.0,
56.0,74.0,77.0,78.0,90.0,119.0,127.0,162.0,174.0,187.0,298.0,330.0,394.0,397.0,414.0,415.0,417.0,417.0,422.0,431.0,533.0,536.0,545.0,555.0,603.0,624.0,649.0,681.0,688.0,693.0,694.0,746.0,821.0,842.0,896.0,908.0,976.0,980.0,
3.0,50.0,64.0,65.0,95.0,104.0,111.0,132.0,147.0,152.0,154.0,214.0,243.0,281.0,287.0,309.0,333.0,346.0,362.0,384.0,388.0,388.0,409.0,461.0,467.0,535.0,546.0,571.0,597.0,600.0,603.0,610.0,611.0,622.0,622.0,635.0,641.0,650.0,695.0,717.0,722.0,724.0,739.0,754.0,772.0,876.0,903.0,913.0,991.0,
18.0,19.0,74.0,77.0,114.0,158.0,221.0,231.0,243.0,267.0,288.0,290.0,299.0,337.0,357.0,419.0,449.0,451.0,453.0,474.0,484.0,486.0,555.0,586.0,600.0,602.0,632.0,640.0,756.0,773.0,774.0,834.0,841.0,847.0,862.0,901.0,933.0,957.0,970.0,983.0,990.0,
8.0,21.0,29.0,39.0,102.0,105.0,127.0,145.0,150.0,152.0,201.0,239.0,248.0,255.0,294.0,332.0,353.0,372.0,407.0,422.0,434.0,441.0,449.0,453.0,455.0,535.0,549.0,571.0,613.0,639.0,657.0,665.0,688.0,694.0,694.0,792.0,821.0,823.0,874.0,875.0,877.0,909.0,984.0,991.0,
47.0,100.0,118.0,134.0,142.0,218.0,218.0,228.0,235.0,246.0,259.0,303.0,322.0,376.0,412.0,436.0,506.0,545.0,546.0,559.0,624.0,631.0,675.0,680.0,697.0,699.0,712.0,738.0,748.0,810.0,867.0,890.0,901.0,964.0,966.0,976.0,
9.0,22.0,34.0,46.0,58.0,61.0,68.0,71.0,73.0,150.0,158.0,221.0,233.0,254.0,361.0,373.0,401.0,471.0,486.0,494.0,497.0,557.0,566.0,616.0,640.0,717.0,721.0,727.0,733.0,740.0,819.0,842.0,858.0,894.0,964.0,980.0,
47.0,64.0,87.0,93.0,103.0,109.0,115.0,159.0,182.0,189.0,245.0,258.0,291.0,324.0,327.0,351.0,370.0,433.0,450.0,468.0,488.0,567.0,581.0,600.0,634.0,641.0,677.0,702.0,706.0,710.0,717.0,730.0,771.0,782.0,826.0,865.0,872.0,877.0,886.0,916.0,981.0,983.0,997.0,
53.0,55.0,73.0,74.0,91.0,112.0,255.0,255.0,346.0,361.0,394.0,398.0,404.0,414.0,414.0,417.0,448.0,455.0,504.0,508.0,533.0,537.0,540.0,558.0,562.0,659.0,663.0,713.0,721.0,726.0,732.0,756.0,869.0,875.0,918.0,920.0,925.0,950.0,975.0,980.0,
12.0,31.0,36.0,57.0,103.0,123.0,168.0,184.0,213.0,236.0,237.0,239.0,241.0,263.0,311.0,321.0,351.0,438.0,461.0,479.0,496.0,503.0,543.0,547.0,555.0,573.0,608.0,666.0,680.0,711.0,720.0,722.0,729.0,740.0,766.0,772.0,821.0,832.0,836.0,903.0,1000.0,
10.0,63.0,83.0,88.0,99.0,118.0,129.0,244.0,251.0,287.0,333.0,340.0,346.0,346.0,352.0,422.0,430.0,468.0,478.0,492.0,494.0,564.0,581.0,615.0,672.0,706.0,716.0,744.0,747.0,772.0,772.0,839.0,893.0,925.0,935.0,948.0,974.0,979.0,983.0,
29.0,32.0,33.0,36.0,64.0,101.0,104.0,123.0,276.0,315.0,324.0,325.0,346.0,349.0,353.0,354.0,389.0,401.0,493.0,540.0,577.0,640.0,703.0,712.0,737.0,750.0,801.0,826.0,834.0,838.0,883.0,888.0,941.0,987.0,999.0,
18.0,37.0,54.0,72.0,79.0,109.0,112.0,118.0,118.0,129.0,262.0,310.0,319.0,322.0,417.0,429.0,439.0,504.0,526.0,554.0,559.0,564.0,580.0,649.0,655.0,688.0,708.0,723.0,726.0,744.0,745.0,756.0,805.0,848.0,885.0,925.0,932.0,949.0,966.0,985.0,
29.0,39.0,124.0,140.0,195.0,214.0,242.0,297.0,354.0,379.0,413.0,498.0,502.0,506.0,556.0,622.0,708.0,723.0,742.0,744.0,757.0,764.0,834.0,871.0,930.0,944.0,955.0,958.0,968.0,972.0,980.0,
2.0,17.0,58.0,99.0,126.0,160.0,227.0,235.0,246.0,310.0,320.0,332.0,335.0,344.0,362.0,363.0,430.0,478.0,478.0,479.0,510.0,525.0,548.0,593.0,604.0,632.0,658.0,691.0,707.0,710.0,715.0,749.0,819.0,841.0,845.0,869.0,954.0,954.0,
2.0,7.0,11.0,19.0,63.0,84.0,97.0,108.0,111.0,144.0,157.0,161.0,212.0,221.0,273.0,293.0,343.0,357.0,438.0,442.0,458.0,462.0,463.0,498.0,547.0,580.0,583.0,603.0,674.0,678.0,686.0,695.0,707.0,715.0,732.0,755.0,846.0,888.0,893.0,893.0,977.0,987.0,
23.0,53.0,134.0,139.0,147.0,152.0,198.0,202.0,257.0,263.0,268.0,359.0,445.0,456.0,481.0,482.0,501.0,565.0,632.0,656.0,659.0,669.0,744.0,769.0,845.0,866.0,892.0,935.0,944.0,954.0,970.0,987.0,995.0,
56.0,78.0,165.0,265.0,285.0,296.0,339.0,346.0,363.0,369.0,383.0,397.0,417.0,429.0,437.0,501.0,538.0,589.0,676.0,683.0,685.0,707.0,787.0,793.0,829.0,869.0,869.0,873.0,903.0,962.0,
13.0,96.0,119.0,129.0,136.0,247.0,284.0,296.0,358.0,385.0,403.0,417.0,451.0,501.0,554.0,587.0,603.0,639.0,651.0,704.0,709.0,726.0,726.0,727.0,745.0,948.0,952.0,967.0,
50.0,72.0,140.0,146.0,148.0,162.0,194.0,201.0,227.0,228.0,240.0,255.0,265.0,288.0,360.0,464.0,472.0,474.0,627.0,639.0,681.0,685.0,695.0,714.0,729.0,730.0,800.0,839.0,891.0,919.0,949.0,960.0,981.0,986.0,
15.0,22.0,184.0,198.0,205.0,255.0,274.0,304.0,318.0,346.0,371.0,404.0,476.0,491.0,587.0,590.0,636.0,644.0,648.0,661.0,665.0,714.0,771.0,789.0,822.0,948.0,979.0,
33.0,42.0,61.0,83.0,123.0,214.0,237.0,272.0,274.0,283.0,322.0,331.0,374.0,410.0,426.0,449.0,479.0,488.0,501.0,544.0,558.0,621.0,672.0,702.0,704.0,807.0,876.0,887.0,939.0,994.0,
9.0,42.0,67.0,82.0,86.0,108.0,178.0,204.0,214.0,257.0,324.0,354.0,383.0,385.0,470.0,478.0,482.0,525.0,642.0,660.0,678.0,718.0,727.0,808.0,814.0,833.0,835.0,843.0,863.0,993.0,
54.0,80.0,115.0,125.0,156.0,183.0,236.0,274.0,279.0,288.0,302.0,303.0,359.0,413.0,463.0,464.0,467.0,530.0,546.0,579.0,583.0,585.0,607.0,625.0,636.0,636.0,644.0,660.0,704.0,722.0,726.0,738.0,790.0,796.0,881.0,888.0,897.0,909.0,933.0,935.0,
10.0,22.0,30.0,49.0,143.0,163.0,194.0,272.0,285.0,325.0,368.0,381.0,401.0,424.0,454.0,465.0,466.0,505.0,538.0,542.0,547.0,596.0,606.0,783.0,801.0,827.0,854.0,956.0,965.0,970.0,
45.0,71.0,116.0,161.0,247.0,260.0,322.0,358.0,377.0,387.0,452.0,468.0,473.0,476.0,477.0,484.0,484.0,504.0,505.0,550.0,592.0,639.0,664.0,683.0,738.0,739.0,797.0,815.0,817.0,869.0,964.0,981.0,
22.0,43.0,57.0,110.0,153.0,166.0,180.0,213.0,283.0,290.0,299.0,306.0,340.0,362.0,376.0,387.0,392.0,393.0,425.0,426.0,436.0,438.0,472.0,479.0,485.0,490.0,544.0,571.0,587.0,599.0,615.0,640.0,651.0,655.0,656.0,728.0,732.0,803.0,831.0,957.0,973.0,995.0,999.0,
5.0,7.0,24.0,32.0,34.0,84.0,111.0,145.0,180.0,216.0,227.0,280.0,303.0,307.0,362.0,362.0,371.0,405.0,498.0,542.0,588.0,603.0,627.0,659.0,666.0,684.0,720.0,827.0,860.0,863.0,869.0,918.0,950.0,
7.0,16.0,39.0,52.0,62.0,64.0,106.0,108.0,170.0,185.0,258.0,345.0,360.0,427.0,428.0,555.0,562.0,569.0,593.0,610.0,624.0,632.0,660.0,699.0,717.0,723.0,751.0,757.0,794.0,822.0,840.0,866.0,872.0,900.0,929.0,997.0,
8.0,12.0,38.0,42.0,54.0,55.0,89.0,153.0,158.0,201.0,228.0,285.0,291.0,299.0,308.0,349.0,442.0,475.0,523.0,545.0,560.0,565.0,572.0,583.0,598.0,679.0,681.0,686.0,773.0,776.0,800.0,913.0,981.0,
29.0,35.0,42.0,142.0,222.0,230.0,266.0,339.0,343.0,412.0,416.0,435.0,475.0,513.0,571.0,580.0,581.0,601.0,603.0,611.0,646.0,646.0,647.0,652.0,728.0,749.0,776.0,787.0,802.0,826.0,925.0,926.0,927.0,993.0,
2.0,48.0,86.0,155.0,176.0,197.0,199.0,207.0,222.0,270.0,358.0,368.0,388.0,401.0,407.0,434.0,464.0,467.0,480.0,501.0,549.0,557.0,562.0,578.0,610.0,611.0,644.0,650.0,656.0,729.0,769.0,770.0,828.0,842.0,854.0,855.0,917.0,965.0,997.0,
61.0,96.0,97.0,112.0,128.0,142.0,164.0,198.0,299.0,299.0,309.0,355.0,365.0,375.0,403.0,441.0,462.0,467.0,492.0,516.0,518.0,526.0,539.0,540.0,542.0,542.0,545.0,547.0,551.0,596.0,600.0,607.0,615.0,622.0,634.0,636.0,641.0,660.0,667.0,671.0,679.0,695.0,697.0,699.0,711.0,722.0,729.0,733.0,734.0,737.0,741.0,754.0,757.0,810.0,812.0,824.0,830.0,835.0,845.0,860.0,875.0,888.0,890.0,895.0,895.0,913.0,917.0,919.0,936.0,936.0,938.0,952.0,996.0,
5.0,30.0,99.0,105.0,144.0,167.0,179.0,205.0,225.0,235.0,261.0,264.0,359.0,377.0,412.0,445.0,469.0,487.0,489.0,500.0,524.0,531.0,535.0,545.0,567.0,574.0,588.0,604.0,620.0,647.0,658.0,670.0,676.0,701.0,711.0,789.0,850.0,882.0,894.0,929.0,953.0,979.0,980.0,
21.0,57.0,78.0,165.0,170.0,251.0,319.0,362.0,416.0,430.0,492.0,492.0,505.0,537.0,548.0,582.0,644.0,724.0,834.0,841.0,845.0,851.0,903.0,931.0,938.0,939.0,969.0,
6.0,27.0,46.0,117.0,204.0,213.0,230.0,234.0,245.0,259.0,264.0,284.0,336.0,359.0,361.0,368.0,446.0,451.0,457.0,518.0,535.0,571.0,601.0,616.0,620.0,628.0,665.0,676.0,678.0,687.0,711.0,735.0,770.0,791.0,832.0,845.0,859.0,878.0,883.0,892.0,897.0,904.0,938.0,944.0,951.0,971.0,999.0,
19.0,22.0,27.0,33.0,37.0,53.0,85.0,89.0,89.0,97.0,114.0,133.0,147.0,152.0,163.0,233.0,246.0,262.0,298.0,343.0,455.0,475.0,476.0,494.0,542.0,637.0,642.0,701.0,721.0,740.0,812.0,840.0,847.0,847.0,848.0,856.0,882.0,889.0,909.0,926.0,960.0,968.0,979.0,980.0,
122.0,128.0,152.0,195.0,203.0,211.0,232.0,252.0,307.0,318.0,400.0,458.0,491.0,517.0,553.0,579.0,598.0,629.0,644.0,665.0,667.0,697.0,801.0,831.0,843.0,857.0,865.0,879.0,926.0,
5.0,46.0,63.0,83.0,84.0,96.0,100.0,128.0,130.0,254.0,280.0,407.0,418.0,420.0,465.0,481.0,490.0,493.0,553.0,564.0,570.0,670.0,742.0,742.0,809.0,846.0,853.0,910.0,925.0,937.0,958.0,
10.0,70.0,89.0,175.0,238.0,262.0,299.0,302.0,311.0,333.0,368.0,400.0,403.0,434.0,439.0,441.0,462.0,575.0,579.0,586.0,611.0,658.0,658.0,670.0,687.0,700.0,758.0,789.0,850.0,863.0,891.0,934.0,943.0,976.0,984.0,999.0,
32.0,39.0,50.0,53.0,55.0,81.0,91.0,94.0,105.0,134.0,157.0,184.0,197.0,203.0,213.0,242.0,245.0,273.0,283.0,305.0,315.0,367.0,372.0,419.0,426.0,432.0,475.0,480.0,512.0,534.0,569.0,646.0,673.0,683.0,732.0,745.0,799.0,821.0,823.0,872.0,882.0,896.0,904.0,910.0,940.0,944.0,998.0,
13.0,42.0,103.0,127.0,141.0,187.0,197.0,233.0,267.0,330.0,330.0,389.0,394.0,397.0,399.0,525.0,528.0,539.0,542.0,560.0,560.0,563.0,567.0,569.0,572.0,575.0,575.0,581.0,582.0,588.0,590.0,598.0,606.0,608.0,618.0,628.0,645.0,646.0,651.0,668.0,683.0,688.0,692.0,703.0,710.0,711.0,732.0,762.0,778.0,795.0,801.0,818.0,822.0,832.0,839.0,868.0,869.0,885.0,899.0,902.0,941.0,943.0,949.0,991.0,
2.0,12.0,33.0,55.0,110.0,114.0,115.0,159.0,260.0,286.0,295.0,358.0,359.0,405.0,412.0,413.0,445.0,513.0,513.0,515.0,522.0,532.0,534.0,534.0,535.0,535.0,542.0,545.0,561.0,564.0,566.0,577.0,577.0,582.0,586.0,597.0,598.0,618.0,620.0,639.0,646.0,656.0,661.0,666.0,694.0,707.0,709.0,722.0,730.0,742.0,744.0,757.0,763.0,772.0,774.0,776.0,787.0,836.0,838.0,879.0,881.0,882.0,899.0,902.0,926.0,941.0,959.0,961.0,966.0,978.0,979.0,988.0,
76.0,89.0,128.0,132.0,134.0,159.0,224.0,230.0,231.0,248.0,307.0,307.0,321.0,357.0,374.0,481.0,515.0,521.0,526.0,527.0,528.0,538.0,544.0,545.0,551.0,553.0,555.0,556.0,561.0,564.0,570.0,570.0,571.0,577.0,586.0,592.0,616.0,626.0,651.0,655.0,661.0,669.0,682.0,683.0,698.0,702.0,708.0,734.0,742.0,745.0,773.0,786.0,796.0,802.0,816.0,828.0,831.0,840.0,868.0,876.0,881.0,894.0,899.0,902.0,905.0,924.0,932.0,945.0,953.0,954.0,972.0,978.0,
55.0,60.0,60.0,119.0,126.0,137.0,140.0,174.0,216.0,269.0,331.0,336.0,336.0,385.0,421.0,474.0,487.0,597.0,621.0,641.0,746.0,864.0,875.0,915.0,962.0,
31.0,110.0,136.0,208.0,253.0,284.0,302.0,320.0,338.0,339.0,353.0,542.0,574.0,635.0,684.0,686.0,718.0,745.0,768.0,816.0,834.0,903.0,906.0,951.0,
16.0,30.0,42.0,61.0,69.0,84.0,86.0,101.0,126.0,145.0,199.0,211.0,217.0,274.0,285.0,299.0,377.0,390.0,406.0,415.0,444.0,480.0,499.0,561.0,590.0,593.0,601.0,622.0,623.0,680.0,699.0,708.0,735.0,816.0,848.0,892.0,911.0,945.0,956.0,987.0,
28.0,72.0,82.0,163.0,226.0,240.0,275.0,334.0,340.0,347.0,355.0,428.0,431.0,440.0,500.0,552.0,554.0,601.0,604.0,657.0,677.0,698.0,744.0,751.0,790.0,851.0,880.0,894.0,916.0,933.0,946.0,954.0,
8.0,68.0,102.0,149.0,157.0,206.0,279.0,295.0,314.0,334.0,350.0,386.0,467.0,471.0,496.0,567.0,675.0,684.0,781.0,785.0,807.0,860.0,895.0,924.0,931.0,949.0,953.0,959.0,979.0,989.0,995.0,
24.0,64.0,72.0,101.0,126.0,135.0,147.0,168.0,204.0,216.0,237.0,265.0,284.0,284.0,288.0,319.0,346.0,350.0,359.0,395.0,412.0,414.0,534.0,561.0,661.0,666.0,765.0,790.0,802.0,807.0,809.0,820.0,837.0,840.0,866.0,895.0,895.0,927.0,943.0,962.0,
34.0,54.0,67.0,86.0,90.0,92.0,99.0,169.0,194.0,201.0,222.0,259.0,298.0,303.0,331.0,351.0,400.0,460.0,489.0,517.0,536.0,551.0,574.0,596.0,625.0,764.0,902.0,921.0,976.0,
20.0,35.0,45.0,51.0,90.0,115.0,169.0,225.0,293.0,305.0,315.0,362.0,381.0,409.0,429.0,452.0,468.0,469.0,484.0,582.0,588.0,590.0,596.0,598.0,615.0,618.0,625.0,628.0,645.0,651.0,710.0,718.0,772.0,772.0,903.0,944.0,967.0,
24.0,25.0,37.0,67.0,73.0,74.0,110.0,140.0,158.0,159.0,213.0,215.0,244.0,259.0,286.0,311.0,324.0,334.0,368.0,369.0,377.0,411.0,452.0,471.0,521.0,521.0,524.0,524.0,524.0,531.0,532.0,534.0,543.0,558.0,567.0,568.0,580.0,592.0,601.0,605.0,608.0,622.0,628.0,632.0,645.0,650.0,653.0,659.0,661.0,664.0,667.0,696.0,712.0,720.0,726.0,728.0,735.0,736.0,737.0,753.0,777.0,800.0,807.0,808.0,838.0,859.0,883.0,891.0,911.0,924.0,930.0,961.0,965.0,971.0,985.0,
73.0,113.0,207.0,280.0,306.0,331.0,335.0,367.0,383.0,433.0,556.0,563.0,566.0,568.0,588.0,590.0,604.0,653.0,720.0,767.0,768.0,783.0,802.0,812.0,836.0,906.0,918.0,927.0,927.0,933.0,957.0,968.0,972.0,
51.0,133.0,151.0,154.0,163.0,163.0,184.0,194.0,276.0,293.0,339.0,358.0,381.0,469.0,491.0,501.0,502.0,502.0,567.0,578.0,599.0,611.0,613.0,636.0,708.0,708.0,715.0,716.0,718.0,732.0,754.0,768.0,783.0,797.0,809.0,817.0,846.0,876.0,898.0,994.0,
12.0,76.0,91.0,103.0,129.0,159.0,162.0,168.0,171.0,177.0,210.0,223.0,223.0,228.0,263.0,324.0,327.0,396.0,411.0,415.0,418.0,442.0,447.0,467.0,562.0,562.0,588.0,604.0,618.0,624.0,628.0,673.0,689.0,691.0,715.0,729.0,770.0,775.0,789.0,887.0,919.0,950.0,
10.0,29.0,123.0,153.0,184.0,200.0,206.0,222.0,266.0,314.0,340.0,391.0,392.0,444.0,450.0,454.0,508.0,510.0,530.0,563.0,595.0,610.0,636.0,672.0,775.0,806.0,890.0,896.0,938.0,
19.0,34.0,46.0,51.0,64.0,98.0,152.0,160.0,214.0,235.0,238.0,247.0,266.0,267.0,274.0,323.0,333.0,415.0,437.0,462.0,472.0,554.0,561.0,589.0,655.0,709.0,730.0,750.0,844.0,875.0,913.0,929.0,985.0,989.0,
15.0,57.0,62.0,125.0,159.0,170.0,180.0,200.0,208.0,222.0,252.0,294.0,296.0,345.0,350.0,371.0,397.0,456.0,487.0,498.0,614.0,699.0,728.0,732.0,872.0,917.0,933.0,933.0,935.0,949.0,972.0,981.0,986.0,992.0,999.0,
5.0,6.0,22.0,28.0,39.0,44.0,115.0,209.0,275.0,295.0,304.0,316.0,332.0,334.0,421.0,457.0,574.0,575.0,577.0,616.0,621.0,679.0,685.0,707.0,743.0,753.0,812.0,829.0,843.0,900.0,926.0,937.0,959.0,984.0,988.0,989.0,989.0,992.0,999.0,
62.0,139.0,181.0,261.0,358.0,362.0,365.0,433.0,454.0,477.0,494.0,498.0,546.0,560.0,571.0,651.0,652.0,658.0,681.0,693.0,710.0,727.0,744.0,770.0,793.0,799.0,813.0,824.0,832.0,889.0,932.0,965.0,
2.0,19.0,47.0,51.0,75.0,94.0,106.0,114.0,138.0,159.0,186.0,243.0,260.0,292.0,304.0,345.0,347.0,348.0,402.0,443.0,501.0,540.0,553.0,639.0,654.0,773.0,820.0,842.0,862.0,869.0,891.0,960.0,
8.0,13.0,30.0,55.0,184.0,191.0,316.0,319.0,322.0,341.0,360.0,406.0,423.0,428.0,432.0,436.0,450.0,469.0,480.0,500.0,501.0,582.0,645.0,665.0,680.0,747.0,759.0,791.0,830.0,900.0,961.0,968.0,
40.0,72.0,149.0,171.0,221.0,238.0,249.0,297.0,305.0,307.0,327.0,344.0,422.0,436.0,453.0,471.0,482.0,508.0,556.0,585.0,619.0,694.0,822.0,855.0,878.0,892.0,936.0,
8.0,55.0,118.0,146.0,166.0,210.0,211.0,217.0,322.0,379.0,394.0,419.0,434.0,462.0,493.0,514.0,531.0,540.0,547.0,547.0,548.0,567.0,578.0,613.0,626.0,635.0,637.0,651.0,728.0,765.0,774.0,785.0,800.0,838.0,865.0,889.0,901.0,909.0,936.0,958.0,962.0,
19.0,30.0,40.0,40.0,41.0,62.0,68.0,72.0,76.0,156.0,159.0,192.0,224.0,318.0,338.0,344.0,345.0,371.0,417.0,419.0,424.0,451.0,464.0,468.0,499.0,519.0,547.0,598.0,649.0,702.0,741.0,745.0,770.0,791.0,869.0,913.0,995.0,
11.0,117.0,156.0,166.0,166.0,187.0,193.0,195.0,201.0,223.0,255.0,285.0,298.0,344.0,353.0,359.0,413.0,515.0,539.0,572.0,576.0,609.0,645.0,715.0,723.0,775.0,806.0,809.0,846.0,911.0,929.0,951.0,963.0,979.0,981.0,
41.0,56.0,67.0,71.0,78.0,90.0,153.0,199.0,199.0,234.0,264.0,282.0,306.0,344.0,356.0,369.0,384.0,385.0,425.0,464.0,505.0,506.0,510.0,522.0,557.0,560.0,571.0,601.0,634.0,653.0,737.0,765.0,765.0,768.0,777.0,797.0,810.0,834.0,893.0,930.0,963.0,973.0,991.0,
4.0,12.0,23.0,38.0,77.0,84.0,110.0,112.0,133.0,169.0,198.0,221.0,359.0,432.0,490.0,525.0,526.0,533.0,555.0,572.0,630.0,660.0,692.0,692.0,700.0,703.0,790.0,829.0,890.0,916.0,918.0,922.0,924.0,939.0,982.0,996.0,
10.0,27.0,55.0,73.0,100.0,116.0,151.0,184.0,193.0,235.0,265.0,272.0,306.0,377.0,393.0,410.0,411.0,433.0,507.0,521.0,547.0,563.0,580.0,586.0,625.0,638.0,665.0,740.0,766.0,772.0,800.0,805.0,849.0,938.0,958.0,973.0,
8.0,31.0,49.0,156.0,172.0,181.0,275.0,306.0,308.0,348.0,354.0,530.0,531.0,573.0,589.0,630.0,636.0,648.0,707.0,712.0,730.0,778.0,860.0,873.0,892.0,898.0,901.0,934.0,942.0,943.0,945.0,946.0,974.0,986.0,998.0,
56.0,136.0,163.0,169.0,181.0,192.0,192.0,192.0,206.0,217.0,266.0,273.0,287.0,313.0,382.0,394.0,410.0,427.0,451.0,480.0,509.0,553.0,558.0,567.0,580.0,756.0,843.0,851.0,859.0,872.0,887.0,901.0,910.0,987.0,993.0,
48.0,66.0,90.0,94.0,144.0,146.0,164.0,198.0,200.0,293.0,315.0,327.0,329.0,410.0,425.0,426.0,427.0,507.0,610.0,758.0,777.0,797.0,815.0,828.0,841.0,844.0,869.0,882.0,896.0,972.0,982.0,
15.0,24.0,94.0,94.0,100.0,142.0,149.0,174.0,239.0,331.0,332.0,376.0,392.0,407.0,425.0,457.0,463.0,466.0,473.0,489.0,592.0,657.0,680.0,701.0,707.0,771.0,809.0,846.0,890.0,917.0,925.0,959.0,
23.0,111.0,126.0,146.0,160.0,165.0,196.0,207.0,283.0,300.0,359.0,373.0,378.0,424.0,481.0,506.0,546.0,552.0,571.0,752.0,813.0,823.0,826.0,886.0,914.0,920.0,983.0,
44.0,58.0,80.0,180.0,215.0,262.0,288.0,305.0,306.0,309.0,312.0,319.0,336.0,347.0,351.0,351.0,392.0,509.0,582.0,690.0,699.0,739.0,792.0,835.0,913.0,915.0,951.0,957.0,967.0,978.0,995.0,998.0,
70.0,81.0,109.0,142.0,150.0,150.0,152.0,159.0,225.0,288.0,305.0,363.0,365.0,386.0,467.0,503.0,534.0,539.0,547.0,558.0,626.0,654.0,682.0,699.0,767.0,811.0,877.0,932.0,942.0,943.0,954.0,963.0,968.0,986.0,989.0,
29.0,40.0,69.0,76.0,86.0,101.0,120.0,178.0,283.0,307.0,314.0,325.0,346.0,399.0,436.0,527.0,544.0,595.0,640.0,658.0,662.0,676.0,811.0,836.0,855.0,894.0,899.0,915.0,928.0,976.0,
31.0,79.0,94.0,120.0,120.0,143.0,178.0,221.0,228.0,228.0,285.0,298.0,324.0,338.0,371.0,382.0,411.0,429.0,449.0,462.0,462.0,469.0,476.0,480.0,497.0,504.0,507.0,525.0,528.0,548.0,554.0,557.0,593.0,598.0,714.0,714.0,733.0,798.0,822.0,833.0,836.0,861.0,866.0,888.0,963.0,
3.0,29.0,197.0,200.0,207.0,280.0,301.0,322.0,329.0,354.0,378.0,413.0,423.0,430.0,453.0,460.0,473.0,474.0,482.0,523.0,539.0,548.0,575.0,634.0,646.0,697.0,752.0,769.0,783.0,847.0,900.0,902.0,992.0,
9.0,12.0,22.0,33.0,42.0,57.0,58.0,68.0,111.0,182.0,239.0,245.0,290.0,350.0,378.0,382.0,401.0,405.0,438.0,500.0,538.0,603.0,618.0,667.0,671.0,697.0,706.0,773.0,788.0,841.0,848.0,871.0,871.0,902.0,975.0,977.0,995.0,
46.0,56.0,100.0,124.0,124.0,133.0,136.0,157.0,181.0,220.0,225.0,233.0,315.0,327.0,359.0,397.0,431.0,456.0,457.0,462.0,497.0,509.0,557.0,609.0,619.0,639.0,655.0,667.0,681.0,688.0,702.0,751.0,752.0,769.0,781.0,797.0,822.0,852.0,878.0,883.0,893.0,902.0,936.0,953.0,971.0,
13.0,38.0,81.0,88.0,225.0,262.0,284.0,289.0,370.0,465.0,480.0,493.0,517.0,522.0,526.0,552.0,620.0,652.0,662.0,703.0,725.0,756.0,835.0,850.0,897.0,900.0,909.0,938.0,945.0,946.0,973.0,
7.0,11.0,18.0,69.0,74.0,90.0,100.0,135.0,156.0,182.0,183.0,203.0,210.0,230.0,243.0,256.0,257.0,261.0,317.0,337.0,349.0,371.0,447.0,474.0,483.0,495.0,512.0,545.0,566.0,658.0,673.0,705.0,721.0,851.0,861.0,863.0,869.0,873.0,909.0,991.0,
3.0,74.0,82.0,95.0,111.0,122.0,129.0,160.0,178.0,187.0,192.0,253.0,320.0,353.0,447.0,466.0,475.0,494.0,506.0,531.0,552.0,592.0,615.0,629.0,642.0,648.0,682.0,731.0,808.0,824.0,842.0,859.0,878.0,880.0,893.0,921.0,986.0,
37.0,92.0,123.0,156.0,199.0,205.0,243.0,301.0,342.0,350.0,358.0,358.0,374.0,435.0,516.0,519.0,519.0,553.0,640.0,792.0,792.0,805.0,849.0,878.0,904.0,949.0,953.0,973.0,975.0,989.0,994.0,995.0,
7.0,25.0,38.0,125.0,151.0,182.0,382.0,401.0,408.0,428.0,471.0,488.0,511.0,513.0,524.0,662.0,718.0,728.0,730.0,753.0,796.0,926.0,962.0,
