16.0,73.0,73.0,101.0,145.0,155.0,161.0,185.0,192.0,254.0,278.0,307.0,345.0,352.0,361.0,364.0,421.0,454.0,478.0,480.0,489.0,526.0,609.0,637.0,661.0,739.0,742.0,821.0,835.0,922.0,973.0,980.0,
11.0,12.0,39.0,47.0,62.0,69.0,98.0,113.0,133.0,148.0,177.0,186.0,213.0,238.0,243.0,286.0,313.0,324.0,345.0,347.0,365.0,366.0,372.0,403.0,409.0,422.0,447.0,490.0,556.0,574.0,587.0,660.0,709.0,847.0,900.0,953.0,993.0,
18.0,50.0,81.0,92.0,106.0,109.0,110.0,114.0,130.0,138.0,168.0,198.0,204.0,210.0,210.0,236.0,240.0,247.0,254.0,300.0,301.0,331.0,412.0,455.0,466.0,469.0,499.0,533.0,597.0,630.0,651.0,669.0,692.0,750.0,835.0,956.0,961.0,
78.0,99.0,160.0,173.0,236.0,252.0,272.0,272.0,274.0,282.0,345.0,351.0,369.0,398.0,461.0,502.0,506.0,513.0,517.0,690.0,695.0,725.0,730.0,758.0,836.0,842.0,913.0,959.0,982.0,
47.0,50.0,59.0,75.0,109.0,186.0,189.0,238.0,249.0,266.0,311.0,338.0,341.0,347.0,403.0,421.0,442.0,442.0,471.0,472.0,528.0,540.0,604.0,669.0,732.0,741.0,754.0,780.0,808.0,933.0,939.0,962.0,980.0,982.0,994.0,
64.0,75.0,207.0,216.0,219.0,270.0,367.0,371.0,372.0,428.0,500.0,504.0,507.0,523.0,582.0,678.0,698.0,721.0,734.0,771.0,778.0,801.0,831.0,859.0,864.0,888.0,895.0,897.0,897.0,908.0,918.0,971.0,
20.0,24.0,33.0,40.0,69.0,89.0,151.0,151.0,153.0,176.0,182.0,203.0,236.0,237.0,250.0,290.0,331.0,354.0,359.0,433.0,462.0,475.0,550.0,590.0,609.0,637.0,639.0,654.0,659.0,692.0,698.0,702.0,708.0,717.0,733.0,739.0,765.0,771.0,809.0,869.0,919.0,923.0,950.0,977.0,988.0,
7.0,84.0,96.0,117.0,142.0,151.0,171.0,175.0,183.0,237.0,241.0,352.0,392.0,427.0,438.0,441.0,482.0,495.0,520.0,522.0,540.0,546.0,577.0,585.0,587.0,598.0,634.0,693.0,712.0,728.0,729.0,759.0,811.0,869.0,875.0,878.0,945.0,957.0,979.0,989.0,
26.0,45.0,56.0,64.0,69.0,69.0,87.0,99.0,100.0,144.0,182.0,267.0,290.0,305.0,317.0,323.0,326.0,352.0,386.0,390.0,395.0,412.0,422.0,436.0,441.0,570.0,571.0,629.0,630.0,660.0,669.0,727.0,727.0,763.0,777.0,811.0,813.0,892.0,940.0,956.0,
22.0,52.0,82.0,111.0,114.0,191.0,193.0,219.0,248.0,248.0,250.0,270.0,302.0,324.0,421.0,429.0,432.0,455.0,504.0,520.0,549.0,559.0,661.0,686.0,702.0,706.0,759.0,777.0,801.0,849.0,856.0,900.0,910.0,918.0,991.0,
47.0,103.0,119.0,166.0,178.0,218.0,229.0,247.0,267.0,297.0,299.0,317.0,333.0,358.0,362.0,493.0,502.0,517.0,544.0,575.0,595.0,601.0,604.0,605.0,612.0,654.0,660.0,674.0,704.0,727.0,753.0,766.0,771.0,776.0,785.0,793.0,800.0,815.0,830.0,835.0,865.0,905.0,914.0,936.0,939.0,942.0,943.0,945.0,994.0,
86.0,87.0,93.0,142.0,151.0,245.0,250.0,311.0,345.0,356.0,413.0,425.0,485.0,534.0,623.0,631.0,667.0,702.0,704.0,709.0,754.0,778.0,834.0,897.0,901.0,903.0,905.0,948.0,
53.0,86.0,102.0,121.0,133.0,200.0,240.0,301.0,327.0,335.0,351.0,357.0,396.0,426.0,452.0,460.0,518.0,530.0,549.0,620.0,664.0,687.0,719.0,721.0,785.0,792.0,835.0,835.0,847.0,894.0,906.0,
9.0,27.0,33.0,42.0,62.0,62.0,78.0,121.0,132.0,137.0,185.0,213.0,226.0,244.0,265.0,267.0,277.0,336.0,359.0,380.0,408.0,517.0,523.0,565.0,581.0,613.0,714.0,892.0,912.0,917.0,923.0,932.0,973.0,978.0,985.0,992.0,
12.0,78.0,103.0,113.0,126.0,152.0,195.0,196.0,217.0,217.0,231.0,255.0,315.0,353.0,375.0,391.0,444.0,468.0,478.0,491.0,585.0,597.0,618.0,633.0,657.0,679.0,682.0,705.0,715.0,731.0,754.0,778.0,821.0,873.0,879.0,901.0,926.0,988.0,
106.0,111.0,118.0,138.0,195.0,197.0,203.0,211.0,223.0,226.0,236.0,238.0,261.0,517.0,585.0,593.0,607.0,629.0,648.0,669.0,673.0,681.0,695.0,698.0,753.0,758.0,777.0,803.0,812.0,832.0,851.0,867.0,875.0,888.0,913.0,926.0,928.0,932.0,933.0,935.0,945.0,994.0,1000.0,
4.0,4.0,14.0,22.0,78.0,81.0,113.0,141.0,165.0,167.0,189.0,220.0,244.0,306.0,356.0,377.0,393.0,464.0,471.0,533.0,581.0,753.0,755.0,756.0,776.0,830.0,873.0,886.0,893.0,915.0,960.0,980.0,
115.0,132.0,144.0,147.0,167.0,196.0,277.0,286.0,295.0,298.0,317.0,371.0,414.0,445.0,456.0,512.0,552.0,568.0,579.0,585.0,599.0,603.0,620.0,644.0,717.0,726.0,749.0,756.0,798.0,810.0,860.0,860.0,894.0,900.0,910.0,910.0,946.0,967.0,
94.0,95.0,97.0,107.0,133.0,141.0,143.0,179.0,198.0,200.0,260.0,275.0,300.0,377.0,383.0,387.0,439.0,450.0,469.0,504.0,513.0,557.0,596.0,621.0,664.0,665.0,681.0,690.0,692.0,725.0,753.0,761.0,767.0,772.0,786.0,834.0,916.0,960.0,1000.0,
50.0,69.0,78.0,101.0,104.0,176.0,248.0,342.0,373.0,376.0,395.0,410.0,428.0,523.0,547.0,562.0,575.0,638.0,726.0,738.0,764.0,819.0,835.0,855.0,887.0,938.0,962.0,965.0,966.0,977.0,981.0,
20.0,22.0,23.0,30.0,31.0,89.0,150.0,207.0,234.0,236.0,248.0,249.0,249.0,254.0,283.0,286.0,296.0,300.0,310.0,330.0,376.0,423.0,492.0,545.0,560.0,586.0,587.0,596.0,623.0,672.0,706.0,782.0,795.0,833.0,890.0,913.0,936.0,975.0,993.0,
29.0,98.0,134.0,144.0,219.0,281.0,298.0,338.0,375.0,380.0,391.0,414.0,422.0,428.0,442.0,477.0,498.0,527.0,528.0,544.0,569.0,572.0,607.0,642.0,653.0,654.0,671.0,681.0,726.0,726.0,745.0,747.0,762.0,791.0,798.0,804.0,835.0,846.0,954.0,967.0,984.0,994.0,
49.0,60.0,61.0,63.0,91.0,112.0,159.0,162.0,164.0,318.0,324.0,412.0,419.0,466.0,484.0,514.0,581.0,651.0,696.0,849.0,856.0,860.0,878.0,959.0,968.0,983.0,990.0,
14.0,96.0,124.0,140.0,191.0,247.0,251.0,289.0,309.0,317.0,363.0,374.0,407.0,436.0,473.0,495.0,526.0,622.0,648.0,695.0,716.0,717.0,725.0,731.0,739.0,742.0,774.0,861.0,916.0,924.0,928.0,962.0,994.0,1000.0,
6.0,68.0,89.0,91.0,115.0,164.0,166.0,237.0,257.0,261.0,277.0,320.0,321.0,345.0,358.0,384.0,420.0,484.0,496.0,507.0,521.0,550.0,629.0,651.0,681.0,692.0,710.0,721.0,786.0,831.0,932.0,945.0,953.0,986.0,
15.0,54.0,80.0,140.0,190.0,223.0,248.0,294.0,305.0,339.0,340.0,353.0,364.0,388.0,393.0,401.0,408.0,457.0,492.0,507.0,563.0,566.0,577.0,599.0,692.0,779.0,804.0,829.0,876.0,892.0,900.0,918.0,941.0,945.0,952.0,965.0,
51.0,64.0,101.0,138.0,139.0,158.0,235.0,265.0,298.0,328.0,365.0,402.0,416.0,478.0,488.0,501.0,505.0,539.0,541.0,589.0,648.0,657.0,673.0,713.0,716.0,716.0,731.0,753.0,837.0,869.0,874.0,882.0,888.0,904.0,930.0,951.0,957.0,967.0,992.0,
21.0,110.0,182.0,233.0,315.0,389.0,431.0,432.0,442.0,449.0,467.0,477.0,480.0,497.0,506.0,529.0,543.0,559.0,576.0,626.0,672.0,716.0,730.0,763.0,770.0,818.0,842.0,853.0,863.0,873.0,893.0,896.0,905.0,928.0,934.0,943.0,954.0,958.0,975.0,990.0,
71.0,90.0,101.0,119.0,168.0,216.0,225.0,257.0,293.0,324.0,337.0,351.0,401.0,413.0,467.0,604.0,656.0,663.0,684.0,691.0,709.0,807.0,834.0,873.0,894.0,934.0,954.0,958.0,970.0,
17.0,35.0,35.0,164.0,175.0,199.0,201.0,207.0,251.0,267.0,281.0,321.0,408.0,428.0,431.0,490.0,500.0,541.0,580.0,586.0,655.0,708.0,709.0,762.0,778.0,783.0,804.0,812.0,848.0,870.0,895.0,911.0,923.0,974.0,979.0,995.0,
15.0,15.0,56.0,64.0,77.0,143.0,217.0,243.0,244.0,285.0,309.0,327.0,389.0,409.0,526.0,540.0,568.0,584.0,600.0,616.0,631.0,659.0,681.0,690.0,700.0,712.0,718.0,758.0,796.0,803.0,809.0,818.0,828.0,862.0,878.0,943.0,
3.0,23.0,35.0,41.0,77.0,100.0,173.0,198.0,284.0,300.0,330.0,332.0,370.0,386.0,392.0,404.0,410.0,433.0,457.0,466.0,494.0,572.0,638.0,664.0,694.0,791.0,807.0,850.0,925.0,937.0,952.0,990.0,
42.0,53.0,56.0,69.0,83.0,94.0,113.0,124.0,234.0,290.0,294.0,298.0,308.0,317.0,322.0,346.0,422.0,440.0,470.0,484.0,513.0,578.0,601.0,601.0,621.0,639.0,645.0,662.0,666.0,686.0,689.0,692.0,718.0,746.0,774.0,776.0,781.0,828.0,839.0,840.0,851.0,855.0,945.0,959.0,972.0,980.0,988.0,
29.0,76.0,77.0,81.0,100.0,102.0,120.0,148.0,177.0,228.0,314.0,355.0,356.0,392.0,408.0,413.0,475.0,543.0,588.0,604.0,642.0,652.0,671.0,673.0,699.0,701.0,739.0,761.0,833.0,867.0,873.0,908.0,918.0,948.0,952.0,969.0,993.0,
15.0,86.0,87.0,98.0,110.0,154.0,164.0,173.0,199.0,204.0,219.0,236.0,243.0,286.0,292.0,330.0,343.0,349.0,444.0,454.0,476.0,525.0,547.0,567.0,584.0,608.0,625.0,722.0,734.0,756.0,849.0,917.0,922.0,939.0,942.0,972.0,974.0,
3.0,52.0,73.0,74.0,130.0,174.0,216.0,221.0,280.0,280.0,284.0,318.0,379.0,387.0,425.0,442.0,491.0,513.0,630.0,677.0,705.0,712.0,715.0,737.0,752.0,789.0,845.0,880.0,921.0,959.0,
23.0,47.0,48.0,64.0,65.0,78.0,93.0,103.0,120.0,135.0,216.0,235.0,301.0,303.0,340.0,366.0,366.0,469.0,472.0,485.0,509.0,515.0,519.0,536.0,646.0,649.0,671.0,684.0,728.0,738.0,768.0,782.0,799.0,803.0,922.0,945.0,
28.0,48.0,127.0,129.0,142.0,154.0,166.0,184.0,190.0,192.0,192.0,197.0,207.0,211.0,223.0,240.0,246.0,247.0,288.0,293.0,307.0,322.0,336.0,358.0,358.0,379.0,525.0,546.0,550.0,585.0,623.0,704.0,717.0,807.0,851.0,853.0,857.0,935.0,959.0,
50.0,74.0,79.0,81.0,88.0,97.0,97.0,154.0,155.0,167.0,173.0,220.0,228.0,258.0,301.0,319.0,390.0,450.0,514.0,572.0,601.0,604.0,642.0,644.0,655.0,701.0,711.0,730.0,738.0,785.0,799.0,804.0,884.0,981.0,
95.0,143.0,166.0,218.0,218.0,241.0,249.0,282.0,282.0,305.0,316.0,328.0,382.0,419.0,481.0,516.0,517.0,523.0,527.0,541.0,556.0,566.0,617.0,623.0,658.0,665.0,686.0,720.0,773.0,788.0,797.0,832.0,880.0,902.0,931.0,940.0,962.0,962.0,964.0,
7.0,15.0,16.0,61.0,130.0,138.0,147.0,176.0,192.0,208.0,210.0,237.0,245.0,251.0,272.0,378.0,380.0,386.0,412.0,426.0,442.0,473.0,537.0,543.0,555.0,577.0,585.0,648.0,651.0,666.0,767.0,792.0,821.0,869.0,887.0,928.0,941.0,951.0,978.0,978.0,
35.0,37.0,45.0,110.0,112.0,148.0,156.0,205.0,403.0,500.0,528.0,601.0,619.0,630.0,646.0,660.0,710.0,728.0,755.0,766.0,773.0,849.0,856.0,861.0,874.0,927.0,953.0,
65.0,69.0,69.0,85.0,106.0,116.0,162.0,288.0,312.0,315.0,376.0,455.0,475.0,496.0,501.0,510.0,524.0,541.0,594.0,603.0,632.0,648.0,651.0,703.0,717.0,849.0,883.0,905.0,925.0,932.0,947.0,948.0,984.0,
67.0,72.0,73.0,79.0,84.0,105.0,121.0,143.0,234.0,238.0,289.0,301.0,309.0,348.0,383.0,439.0,493.0,519.0,521.0,559.0,606.0,643.0,678.0,792.0,854.0,932.0,937.0,971.0,996.0,
21.0,41.0,110.0,130.0,131.0,215.0,251.0,262.0,274.0,294.0,296.0,333.0,410.0,440.0,449.0,485.0,489.0,506.0,535.0,568.0,582.0,594.0,675.0,706.0,715.0,768.0,800.0,801.0,803.0,837.0,856.0,864.0,880.0,917.0,925.0,935.0,935.0,969.0,978.0,981.0,
4.0,79.0,84.0,93.0,170.0,181.0,236.0,280.0,299.0,301.0,311.0,315.0,342.0,363.0,418.0,420.0,447.0,454.0,455.0,467.0,477.0,515.0,529.0,536.0,545.0,554.0,554.0,555.0,557.0,559.0,562.0,563.0,563.0,577.0,592.0,596.0,596.0,634.0,665.0,678.0,682.0,686.0,686.0,718.0,733.0,761.0,782.0,798.0,803.0,809.0,813.0,814.0,828.0,839.0,856.0,865.0,883.0,894.0,926.0,
29.0,31.0,46.0,60.0,85.0,94.0,124.0,173.0,193.0,197.0,246.0,271.0,314.0,324.0,389.0,404.0,407.0,425.0,434.0,499.0,506.0,540.0,569.0,570.0,623.0,628.0,640.0,671.0,721.0,722.0,731.0,746.0,756.0,757.0,763.0,771.0,838.0,841.0,844.0,847.0,892.0,897.0,916.0,955.0,
14.0,24.0,74.0,109.0,188.0,297.0,360.0,362.0,366.0,386.0,394.0,396.0,398.0,409.0,437.0,447.0,490.0,522.0,610.0,634.0,719.0,739.0,774.0,790.0,812.0,853.0,894.0,952.0,993.0,
14.0,105.0,161.0,161.0,204.0,224.0,241.0,324.0,343.0,356.0,357.0,403.0,406.0,451.0,489.0,493.0,537.0,540.0,568.0,578.0,636.0,647.0,705.0,718.0,764.0,789.0,808.0,839.0,886.0,899.0,909.0,915.0,937.0,944.0,964.0,
21.0,24.0,36.0,44.0,47.0,58.0,62.0,68.0,95.0,147.0,159.0,174.0,201.0,234.0,241.0,269.0,324.0,337.0,396.0,405.0,411.0,417.0,446.0,572.0,609.0,626.0,639.0,652.0,680.0,680.0,683.0,684.0,747.0,750.0,772.0,773.0,804.0,829.0,840.0,853.0,871.0,873.0,919.0,970.0,972.0,988.0,
8.0,17.0,75.0,155.0,182.0,193.0,195.0,210.0,253.0,287.0,397.0,415.0,426.0,498.0,521.0,586.0,588.0,644.0,652.0,668.0,672.0,689.0,704.0,749.0,752.0,770.0,818.0,830.0,873.0,882.0,889.0,914.0,923.0,945.0,953.0,970.0,
15.0,51.0,75.0,75.0,87.0,112.0,132.0,149.0,206.0,221.0,237.0,241.0,258.0,290.0,310.0,352.0,362.0,376.0,376.0,381.0,385.0,474.0,492.0,539.0,572.0,577.0,619.0,645.0,680.0,706.0,711.0,716.0,755.0,774.0,815.0,822.0,869.0,904.0,927.0,958.0,981.0,991.0,
26.0,32.0,88.0,107.0,128.0,129.0,162.0,170.0,182.0,319.0,320.0,407.0,462.0,474.0,501.0,514.0,569.0,584.0,618.0,622.0,650.0,683.0,684.0,694.0,711.0,738.0,766.0,802.0,826.0,851.0,945.0,966.0,
6.0,57.0,95.0,102.0,112.0,116.0,121.0,131.0,199.0,217.0,226.0,232.0,242.0,283.0,330.0,337.0,340.0,353.0,385.0,392.0,394.0,413.0,430.0,437.0,444.0,461.0,495.0,592.0,627.0,633.0,689.0,802.0,911.0,928.0,933.0,938.0,972.0,
14.0,82.0,108.0,166.0,214.0,257.0,304.0,308.0,367.0,391.0,401.0,416.0,430.0,471.0,482.0,486.0,509.0,520.0,524.0,531.0,539.0,555.0,559.0,566.0,568.0,572.0,576.0,580.0,582.0,584.0,602.0,612.0,665.0,667.0,669.0,683.0,720.0,745.0,761.0,774.0,787.0,807.0,811.0,832.0,844.0,846.0,858.0,865.0,868.0,887.0,890.0,901.0,903.0,910.0,929.0,930.0,935.0,945.0,946.0,948.0,949.0,978.0,983.0,
90.0,92.0,93.0,125.0,150.0,156.0,187.0,207.0,211.0,228.0,252.0,263.0,274.0,303.0,343.0,348.0,353.0,378.0,430.0,440.0,455.0,523.0,534.0,540.0,541.0,542.0,542.0,545.0,551.0,552.0,553.0,555.0,559.0,560.0,576.0,591.0,595.0,600.0,602.0,609.0,616.0,618.0,621.0,623.0,625.0,626.0,628.0,630.0,653.0,672.0,677.0,680.0,703.0,714.0,717.0,738.0,739.0,740.0,746.0,765.0,769.0,783.0,784.0,788.0,791.0,796.0,803.0,804.0,820.0,825.0,831.0,832.0,837.0,838.0,839.0,868.0,889.0,890.0,900.0,901.0,905.0,905.0,906.0,907.0,907.0,918.0,927.0,931.0,932.0,937.0,946.0,961.0,962.0,964.0,976.0,994.0,999.0,
4.0,12.0,25.0,85.0,143.0,166.0,171.0,172.0,206.0,208.0,214.0,256.0,257.0,266.0,278.0,288.0,332.0,378.0,429.0,442.0,511.0,521.0,521.0,525.0,526.0,532.0,547.0,552.0,559.0,560.0,580.0,581.0,589.0,596.0,599.0,610.0,619.0,619.0,619.0,620.0,624.0,637.0,647.0,659.0,663.0,663.0,670.0,693.0,699.0,741.0,780.0,786.0,815.0,818.0,843.0,870.0,880.0,882.0,882.0,917.0,924.0,942.0,952.0,976.0,995.0,
18.0,55.0,80.0,109.0,116.0,172.0,178.0,196.0,266.0,290.0,313.0,321.0,347.0,360.0,397.0,475.0,484.0,535.0,594.0,619.0,635.0,671.0,675.0,679.0,687.0,695.0,718.0,727.0,803.0,876.0,895.0,946.0,
32.0,90.0,92.0,161.0,168.0,168.0,173.0,182.0,197.0,199.0,202.0,236.0,325.0,341.0,394.0,433.0,539.0,578.0,578.0,624.0,672.0,734.0,736.0,765.0,771.0,808.0,827.0,833.0,834.0,849.0,957.0,971.0,
6.0,6.0,71.0,81.0,128.0,141.0,179.0,185.0,286.0,317.0,349.0,404.0,423.0,476.0,517.0,528.0,536.0,561.0,566.0,581.0,652.0,652.0,654.0,660.0,663.0,677.0,737.0,741.0,768.0,769.0,773.0,790.0,855.0,859.0,866.0,877.0,881.0,951.0,
105.0,122.0,168.0,187.0,261.0,263.0,297.0,350.0,375.0,383.0,384.0,406.0,425.0,431.0,437.0,461.0,480.0,484.0,502.0,513.0,527.0,538.0,563.0,568.0,582.0,596.0,622.0,622.0,626.0,640.0,698.0,717.0,725.0,778.0,846.0,993.0,
30.0,68.0,123.0,183.0,186.0,193.0,232.0,241.0,284.0,301.0,333.0,372.0,431.0,472.0,494.0,506.0,507.0,580.0,628.0,633.0,682.0,775.0,777.0,812.0,832.0,844.0,875.0,881.0,883.0,917.0,937.0,971.0,974.0,
14.0,79.0,95.0,106.0,114.0,118.0,139.0,149.0,157.0,191.0,204.0,205.0,225.0,251.0,259.0,273.0,306.0,310.0,316.0,387.0,401.0,466.0,499.0,521.0,542.0,544.0,580.0,592.0,605.0,653.0,654.0,662.0,667.0,776.0,787.0,824.0,879.0,898.0,959.0,
15.0,23.0,148.0,168.0,187.0,201.0,213.0,266.0,298.0,373.0,383.0,443.0,452.0,521.0,523.0,554.0,570.0,579.0,634.0,639.0,708.0,720.0,732.0,783.0,814.0,816.0,852.0,859.0,866.0,866.0,992.0,
11.0,13.0,30.0,54.0,66.0,113.0,114.0,131.0,137.0,138.0,165.0,194.0,209.0,221.0,237.0,248.0,262.0,317.0,327.0,328.0,349.0,391.0,402.0,425.0,450.0,468.0,476.0,483.0,492.0,497.0,501.0,533.0,554.0,587.0,595.0,611.0,619.0,687.0,700.0,727.0,733.0,738.0,767.0,801.0,810.0,848.0,875.0,913.0,951.0,976.0,976.0,980.0,989.0,
7.0,20.0,34.0,36.0,47.0,144.0,202.0,215.0,239.0,244.0,308.0,319.0,322.0,350.0,368.0,368.0,380.0,397.0,449.0,514.0,515.0,519.0,522.0,522.0,523.0,531.0,534.0,534.0,541.0,542.0,543.0,547.0,563.0,564.0,565.0,566.0,567.0,583.0,587.0,603.0,606.0,606.0,606.0,618.0,630.0,636.0,638.0,639.0,646.0,665.0,669.0,670.0,688.0,693.0,698.0,700.0,733.0,733.0,751.0,814.0,814.0,816.0,826.0,840.0,843.0,846.0,847.0,850.0,881.0,888.0,916.0,922.0,927.0,929.0,937.0,938.0,954.0,970.0,974.0,988.0,990.0,994.0,1000.0,
6.0,25.0,27.0,35.0,62.0,78.0,97.0,146.0,173.0,185.0,214.0,258.0,341.0,347.0,406.0,430.0,433.0,439.0,458.0,465.0,481.0,486.0,502.0,522.0,529.0,533.0,543.0,555.0,594.0,654.0,672.0,695.0,710.0,720.0,728.0,729.0,732.0,757.0,781.0,808.0,836.0,862.0,868.0,905.0,918.0,956.0,
57.0,125.0,140.0,144.0,266.0,318.0,372.0,432.0,440.0,468.0,493.0,516.0,519.0,531.0,550.0,550.0,576.0,630.0,640.0,681.0,700.0,771.0,778.0,791.0,792.0,815.0,858.0,858.0,
14.0,38.0,123.0,124.0,145.0,148.0,161.0,179.0,182.0,187.0,195.0,204.0,211.0,218.0,221.0,256.0,267.0,269.0,276.0,281.0,285.0,295.0,311.0,344.0,355.0,378.0,388.0,395.0,460.0,480.0,491.0,494.0,562.0,622.0,626.0,660.0,668.0,711.0,737.0,740.0,748.0,778.0,787.0,807.0,881.0,897.0,953.0,955.0,964.0,
237.0,283.0,299.0,308.0,312.0,317.0,319.0,321.0,332.0,356.0,370.0,416.0,466.0,503.0,522.0,583.0,670.0,710.0,724.0,745.0,761.0,767.0,784.0,869.0,877.0,897.0,910.0,928.0,933.0,958.0,990.0,
5.0,10.0,18.0,102.0,133.0,153.0,205.0,247.0,309.0,365.0,377.0,411.0,455.0,497.0,502.0,525.0,553.0,585.0,593.0,594.0,600.0,649.0,667.0,681.0,705.0,744.0,
130.0,167.0,200.0,219.0,250.0,334.0,344.0,347.0,348.0,356.0,399.0,463.0,467.0,489.0,515.0,518.0,559.0,578.0,600.0,616.0,670.0,684.0,696.0,718.0,738.0,752.0,786.0,820.0,845.0,891.0,927.0,933.0,956.0,971.0,975.0,
12.0,31.0,40.0,90.0,109.0,159.0,240.0,274.0,298.0,335.0,364.0,386.0,387.0,391.0,411.0,415.0,435.0,443.0,445.0,475.0,478.0,482.0,491.0,505.0,515.0,559.0,594.0,629.0,636.0,637.0,685.0,726.0,726.0,744.0,802.0,806.0,841.0,892.0,901.0,923.0,935.0,937.0,941.0,944.0,956.0,962.0,963.0,966.0,998.0,
2.0,18.0,21.0,113.0,126.0,160.0,226.0,240.0,250.0,279.0,344.0,346.0,418.0,420.0,427.0,440.0,445.0,450.0,450.0,455.0,473.0,485.0,494.0,513.0,555.0,593.0,609.0,624.0,639.0,658.0,720.0,733.0,737.0,769.0,783.0,795.0,811.0,825.0,844.0,850.0,858.0,865.0,875.0,894.0,915.0,919.0,943.0,977.0,1000.0,
90.0,158.0,192.0,252.0,259.0,294.0,374.0,390.0,403.0,420.0,421.0,449.0,458.0,463.0,481.0,513.0,531.0,542.0,547.0,569.0,590.0,594.0,680.0,699.0,725.0,732.0,825.0,831.0,944.0,954.0,990.0,
11.0,106.0,187.0,191.0,285.0,297.0,350.0,364.0,370.0,407.0,430.0,479.0,482.0,786.0,795.0,823.0,
35.0,52.0,96.0,226.0,286.0,350.0,356.0,377.0,401.0,409.0,492.0,505.0,523.0,528.0,540.0,554.0,562.0,582.0,600.0,611.0,611.0,639.0,664.0,668.0,689.0,745.0,757.0,770.0,817.0,864.0,886.0,910.0,936.0,969.0,
9.0,30.0,71.0,96.0,97.0,120.0,141.0,149.0,160.0,193.0,227.0,239.0,259.0,285.0,296.0,301.0,320.0,339.0,422.0,483.0,537.0,545.0,593.0,643.0,674.0,680.0,707.0,715.0,742.0,775.0,799.0,824.0,824.0,836.0,842.0,847.0,853.0,854.0,861.0,874.0,880.0,887.0,892.0,999.0,
7.0,15.0,23.0,48.0,66.0,121.0,200.0,202.0,224.0,257.0,272.0,305.0,350.0,365.0,375.0,384.0,404.0,417.0,453.0,488.0,563.0,575.0,649.0,654.0,686.0,687.0,719.0,724.0,754.0,781.0,797.0,804.0,843.0,862.0,878.0,900.0,980.0,991.0,
32.0,48.0,121.0,135.0,150.0,160.0,164.0,185.0,218.0,233.0,250.0,257.0,301.0,324.0,328.0,383.0,416.0,420.0,443.0,490.0,534.0,540.0,586.0,591.0,597.0,606.0,646.0,658.0,659.0,675.0,684.0,704.0,778.0,784.0,808.0,821.0,843.0,884.0,934.0,937.0,
33.0,39.0,53.0,81.0,84.0,92.0,97.0,98.0,115.0,127.0,162.0,250.0,271.0,273.0,334.0,373.0,430.0,488.0,575.0,607.0,610.0,631.0,642.0,696.0,711.0,725.0,776.0,782.0,786.0,793.0,809.0,813.0,875.0,883.0,962.0,1000.0,
58.0,61.0,92.0,114.0,214.0,232.0,258.0,279.0,301.0,348.0,570.0,620.0,636.0,653.0,653.0,682.0,780.0,782.0,785.0,821.0,855.0,859.0,860.0,884.0,923.0,954.0,975.0,
32.0,33.0,69.0,82.0,92.0,102.0,111.0,111.0,189.0,224.0,259.0,273.0,300.0,311.0,316.0,326.0,327.0,330.0,351.0,352.0,409.0,417.0,478.0,523.0,536.0,611.0,636.0,723.0,779.0,818.0,820.0,830.0,872.0,953.0,985.0,991.0,991.0,993.0,
18.0,51.0,79.0,103.0,140.0,153.0,199.0,263.0,290.0,297.0,307.0,332.0,472.0,514.0,530.0,541.0,559.0,578.0,609.0,635.0,644.0,658.0,661.0,661.0,666.0,741.0,742.0,756.0,789.0,819.0,838.0,857.0,865.0,879.0,884.0,909.0,922.0,955.0,959.0,969.0,983.0,
24.0,248.0,250.0,342.0,432.0,454.0,463.0,497.0,531.0,533.0,552.0,610.0,627.0,633.0,706.0,767.0,794.0,815.0,857.0,895.0,908.0,956.0,963.0,972.0,982.0,987.0,990.0,
41.0,90.0,129.0,135.0,220.0,234.0,249.0,259.0,299.0,342.0,358.0,368.0,374.0,407.0,427.0,434.0,468.0,472.0,484.0,555.0,562.0,634.0,663.0,695.0,720.0,749.0,769.0,814.0,822.0,838.0,890.0,956.0,985.0,992.0,
31.0,45.0,109.0,127.0,158.0,192.0,195.0,198.0,223.0,229.0,243.0,262.0,309.0,415.0,441.0,443.0,459.0,470.0,479.0,550.0,587.0,592.0,613.0,614.0,649.0,655.0,692.0,742.0,773.0,824.0,844.0,874.0,942.0,962.0,974.0,
23.0,51.0,73.0,179.0,185.0,186.0,202.0,212.0,279.0,372.0,375.0,396.0,402.0,410.0,417.0,417.0,468.0,654.0,711.0,743.0,795.0,847.0,874.0,926.0,931.0,958.0,965.0,999.0,
5.0,9.0,17.0,52.0,70.0,93.0,113.0,155.0,210.0,211.0,239.0,244.0,248.0,292.0,293.0,303.0,319.0,333.0,364.0,401.0,434.0,445.0,463.0,511.0,622.0,623.0,641.0,667.0,747.0,753.0,764.0,785.0,796.0,812.0,843.0,905.0,908.0,916.0,923.0,926.0,969.0,
53.0,53.0,66.0,89.0,91.0,101.0,141.0,169.0,190.0,207.0,209.0,251.0,267.0,267.0,276.0,349.0,379.0,514.0,530.0,534.0,542.0,560.0,573.0,587.0,615.0,632.0,654.0,657.0,667.0,678.0,679.0,704.0,768.0,808.0,850.0,859.0,870.0,876.0,888.0,906.0,909.0,919.0,946.0,950.0,956.0,993.0,
16.0,58.0,92.0,122.0,166.0,184.0,195.0,202.0,216.0,239.0,241.0,264.0,285.0,322.0,322.0,325.0,332.0,338.0,349.0,365.0,443.0,452.0,482.0,496.0,518.0,540.0,583.0,654.0,664.0,665.0,675.0,679.0,734.0,759.0,793.0,796.0,811.0,817.0,844.0,845.0,867.0,899.0,920.0,933.0,938.0,950.0,961.0,991.0,
61.0,115.0,122.0,134.0,174.0,177.0,238.0,253.0,286.0,353.0,377.0,382.0,407.0,408.0,423.0,500.0,516.0,600.0,618.0,620.0,663.0,677.0,690.0,697.0,726.0,740.0,745.0,757.0,765.0,801.0,861.0,899.0,911.0,944.0,970.0,986.0,
38.0,42.0,74.0,81.0,106.0,118.0,124.0,212.0,226.0,260.0,283.0,308.0,313.0,349.0,417.0,470.0,534.0,539.0,543.0,595.0,608.0,718.0,828.0,843.0,852.0,863.0,897.0,921.0,931.0,985.0,996.0,997.0,
47.0,61.0,61.0,86.0,99.0,120.0,136.0,150.0,159.0,209.0,213.0,318.0,429.0,463.0,469.0,476.0,481.0,496.0,509.0,521.0,551.0,604.0,617.0,637.0,675.0,680.0,747.0,792.0,800.0,800.0,803.0,810.0,832.0,882.0,921.0,966.0,1000.0,
2.0,62.0,88.0,174.0,197.0,215.0,242.0,256.0,267.0,295.0,319.0,357.0,384.0,431.0,543.0,548.0,566.0,581.0,656.0,666.0,682.0,688.0,691.0,744.0,747.0,783.0,784.0,814.0,822.0,827.0,830.0,838.0,842.0,883.0,893.0,909.0,915.0,925.0,928.0,929.0,936.0,951.0,
38.0,49.0,79.0,103.0,103.0,151.0,154.0,169.0,204.0,209.0,236.0,319.0,362.0,366.0,371.0,380.0,410.0,582.0,619.0,672.0,677.0,723.0,742.0,755.0,793.0,800.0,810.0,882.0,905.0,935.0,947.0,951.0,986.0,
52.0,76.0,96.0,97.0,133.0,170.0,196.0,248.0,248.0,249.0,256.0,257.0,304.0,310.0,357.0,372.0,452.0,455.0,472.0,488.0,525.0,542.0,543.0,544.0,618.0,685.0,703.0,707.0,758.0,786.0,791.0,813.0,828.0,840.0,849.0,886.0,889.0,890.0,945.0,962.0,998.0,
3.0,12.0,27.0,50.0,83.0,89.0,100.0,109.0,115.0,126.0,140.0,173.0,210.0,216.0,229.0,239.0,283.0,290.0,321.0,322.0,328.0,329.0,384.0,394.0,407.0,431.0,455.0,483.0,501.0,504.0,532.0,551.0,567.0,605.0,618.0,629.0,633.0,639.0,682.0,722.0,834.0,841.0,846.0,876.0,888.0,914.0,915.0,922.0,936.0,970.0,976.0,
21.0,25.0,38.0,88.0,91.0,150.0,258.0,276.0,308.0,325.0,385.0,511.0,514.0,523.0,569.0,597.0,633.0,644.0,646.0,673.0,747.0,810.0,821.0,862.0,880.0,895.0,958.0,958.0,
2.0,35.0,40.0,78.0,96.0,123.0,134.0,185.0,209.0,241.0,287.0,293.0,339.0,344.0,356.0,365.0,374.0,438.0,445.0,530.0,543.0,572.0,598.0,600.0,621.0,629.0,643.0,669.0,690.0,723.0,749.0,802.0,804.0,873.0,874.0,909.0,
