128.0,161.0,173.0,187.0,265.0,267.0,299.0,312.0,354.0,359.0,380.0,389.0,403.0,425.0,439.0,464.0,482.0,527.0,554.0,576.0,622.0,635.0,651.0,668.0,690.0,732.0,775.0,826.0,835.0,858.0,880.0,895.0,913.0,932.0,967.0,975.0,
4.0,95.0,108.0,165.0,274.0,317.0,339.0,377.0,389.0,389.0,398.0,408.0,458.0,492.0,492.0,515.0,523.0,580.0,602.0,666.0,685.0,689.0,701.0,711.0,716.0,742.0,744.0,745.0,853.0,871.0,892.0,997.0,
7.0,8.0,10.0,60.0,63.0,76.0,99.0,116.0,179.0,198.0,199.0,205.0,208.0,225.0,268.0,272.0,274.0,297.0,454.0,593.0,616.0,632.0,642.0,650.0,680.0,688.0,762.0,770.0,790.0,869.0,873.0,875.0,884.0,919.0,958.0,988.0,999.0,
64.0,82.0,83.0,107.0,217.0,251.0,260.0,301.0,325.0,372.0,444.0,445.0,456.0,526.0,570.0,575.0,592.0,594.0,597.0,618.0,710.0,816.0,834.0,860.0,870.0,917.0,981.0,985.0,
64.0,66.0,141.0,174.0,200.0,231.0,296.0,351.0,412.0,456.0,479.0,489.0,504.0,642.0,656.0,685.0,694.0,695.0,704.0,713.0,802.0,813.0,831.0,916.0,942.0,951.0,
32.0,71.0,123.0,138.0,144.0,201.0,215.0,312.0,319.0,325.0,332.0,333.0,347.0,351.0,378.0,386.0,392.0,455.0,458.0,464.0,472.0,484.0,549.0,593.0,639.0,689.0,764.0,799.0,922.0,959.0,961.0,990.0,
11.0,144.0,144.0,159.0,163.0,164.0,192.0,199.0,218.0,246.0,274.0,315.0,325.0,355.0,423.0,448.0,498.0,577.0,585.0,587.0,631.0,648.0,662.0,709.0,737.0,752.0,806.0,840.0,964.0,974.0,995.0,
2.0,58.0,89.0,114.0,137.0,162.0,231.0,291.0,300.0,309.0,324.0,328.0,334.0,346.0,349.0,360.0,378.0,449.0,454.0,463.0,470.0,477.0,490.0,514.0,521.0,542.0,590.0,609.0,614.0,668.0,678.0,679.0,684.0,689.0,716.0,737.0,763.0,766.0,768.0,774.0,794.0,934.0,992.0,999.0,
48.0,51.0,52.0,58.0,64.0,103.0,185.0,273.0,300.0,339.0,345.0,421.0,424.0,518.0,522.0,532.0,627.0,637.0,657.0,658.0,681.0,709.0,723.0,758.0,764.0,778.0,822.0,856.0,904.0,922.0,986.0,
12.0,102.0,114.0,139.0,184.0,187.0,216.0,263.0,339.0,345.0,383.0,385.0,428.0,487.0,495.0,501.0,522.0,554.0,557.0,561.0,656.0,678.0,693.0,770.0,836.0,841.0,934.0,937.0,945.0,945.0,970.0,994.0,
22.0,32.0,70.0,84.0,136.0,182.0,197.0,203.0,295.0,372.0,451.0,476.0,479.0,483.0,553.0,577.0,596.0,672.0,736.0,751.0,769.0,784.0,816.0,901.0,901.0,904.0,916.0,945.0,945.0,996.0,
25.0,37.0,68.0,105.0,183.0,199.0,218.0,237.0,267.0,278.0,298.0,316.0,323.0,403.0,449.0,452.0,455.0,476.0,499.0,515.0,603.0,665.0,682.0,728.0,754.0,761.0,768.0,786.0,809.0,888.0,912.0,922.0,946.0,
11.0,56.0,107.0,154.0,200.0,225.0,292.0,329.0,349.0,355.0,362.0,376.0,382.0,463.0,469.0,485.0,522.0,550.0,567.0,618.0,632.0,715.0,726.0,734.0,735.0,804.0,809.0,823.0,860.0,882.0,899.0,928.0,928.0,930.0,930.0,937.0,952.0,
10.0,26.0,66.0,80.0,110.0,113.0,153.0,201.0,209.0,237.0,243.0,270.0,283.0,360.0,388.0,516.0,529.0,576.0,591.0,594.0,604.0,632.0,696.0,775.0,795.0,815.0,830.0,906.0,932.0,958.0,
2.0,10.0,30.0,43.0,59.0,61.0,172.0,214.0,239.0,266.0,324.0,334.0,357.0,378.0,392.0,403.0,405.0,442.0,477.0,483.0,483.0,485.0,556.0,566.0,597.0,606.0,687.0,705.0,707.0,765.0,802.0,806.0,826.0,886.0,887.0,891.0,892.0,900.0,902.0,937.0,983.0,
122.0,131.0,133.0,134.0,161.0,171.0,182.0,201.0,220.0,243.0,249.0,261.0,273.0,295.0,295.0,299.0,300.0,374.0,396.0,405.0,419.0,568.0,603.0,653.0,658.0,696.0,707.0,725.0,747.0,783.0,803.0,828.0,834.0,842.0,896.0,904.0,952.0,988.0,998.0,
36.0,62.0,100.0,113.0,142.0,177.0,187.0,232.0,246.0,282.0,371.0,429.0,440.0,567.0,661.0,748.0,757.0,779.0,791.0,796.0,811.0,814.0,884.0,947.0,
156.0,168.0,180.0,206.0,240.0,252.0,277.0,277.0,326.0,333.0,344.0,394.0,396.0,437.0,438.0,454.0,473.0,490.0,504.0,631.0,634.0,646.0,654.0,660.0,670.0,691.0,695.0,722.0,755.0,756.0,773.0,804.0,869.0,870.0,912.0,927.0,957.0,960.0,963.0,
16.0,115.0,204.0,299.0,319.0,336.0,346.0,355.0,471.0,487.0,489.0,512.0,526.0,551.0,560.0,562.0,636.0,678.0,746.0,756.0,764.0,820.0,835.0,852.0,868.0,886.0,902.0,999.0,1000.0,
8.0,82.0,267.0,287.0,325.0,350.0,428.0,439.0,442.0,456.0,460.0,496.0,596.0,609.0,625.0,693.0,740.0,861.0,871.0,916.0,921.0,981.0,996.0,
71.0,79.0,81.0,85.0,149.0,158.0,159.0,177.0,199.0,231.0,237.0,274.0,289.0,296.0,322.0,346.0,361.0,375.0,444.0,445.0,453.0,489.0,521.0,538.0,553.0,554.0,556.0,569.0,587.0,607.0,635.0,637.0,658.0,668.0,681.0,722.0,739.0,746.0,751.0,769.0,793.0,831.0,832.0,888.0,902.0,914.0,927.0,930.0,981.0,985.0,
165.0,169.0,194.0,199.0,218.0,225.0,241.0,251.0,273.0,278.0,315.0,336.0,337.0,406.0,460.0,469.0,476.0,501.0,521.0,549.0,641.0,717.0,802.0,808.0,813.0,815.0,848.0,908.0,985.0,988.0,
6.0,8.0,36.0,40.0,65.0,82.0,90.0,91.0,97.0,105.0,178.0,197.0,235.0,239.0,249.0,256.0,262.0,291.0,316.0,329.0,335.0,349.0,363.0,378.0,392.0,394.0,449.0,501.0,622.0,627.0,717.0,720.0,745.0,763.0,820.0,841.0,852.0,854.0,854.0,866.0,970.0,987.0,1000.0,
9.0,56.0,113.0,130.0,253.0,274.0,277.0,290.0,297.0,335.0,340.0,346.0,382.0,435.0,477.0,549.0,642.0,689.0,748.0,859.0,870.0,968.0,
3.0,93.0,95.0,106.0,129.0,156.0,190.0,276.0,312.0,342.0,364.0,423.0,434.0,476.0,570.0,579.0,581.0,606.0,611.0,616.0,624.0,625.0,667.0,667.0,675.0,692.0,714.0,731.0,766.0,776.0,815.0,954.0,
5.0,10.0,19.0,26.0,30.0,47.0,70.0,97.0,150.0,182.0,193.0,212.0,220.0,250.0,259.0,271.0,292.0,306.0,319.0,365.0,378.0,386.0,411.0,433.0,466.0,467.0,472.0,474.0,518.0,546.0,567.0,592.0,599.0,605.0,677.0,697.0,716.0,733.0,743.0,745.0,756.0,800.0,801.0,829.0,883.0,889.0,966.0,983.0,987.0,
2.0,32.0,36.0,105.0,117.0,208.0,240.0,289.0,332.0,402.0,480.0,493.0,540.0,566.0,572.0,646.0,664.0,664.0,736.0,840.0,843.0,875.0,877.0,895.0,897.0,956.0,958.0,967.0,970.0,999.0,
30.0,33.0,35.0,61.0,89.0,102.0,108.0,154.0,167.0,231.0,235.0,237.0,242.0,262.0,326.0,381.0,425.0,435.0,437.0,456.0,461.0,595.0,686.0,692.0,735.0,814.0,869.0,889.0,899.0,909.0,949.0,955.0,
14.0,20.0,33.0,49.0,79.0,143.0,163.0,250.0,252.0,296.0,298.0,351.0,396.0,431.0,442.0,462.0,465.0,499.0,523.0,545.0,575.0,577.0,588.0,588.0,628.0,681.0,726.0,753.0,758.0,771.0,785.0,829.0,830.0,852.0,996.0,999.0,
49.0,55.0,62.0,63.0,154.0,157.0,159.0,177.0,204.0,241.0,252.0,344.0,366.0,373.0,435.0,527.0,527.0,544.0,552.0,561.0,565.0,599.0,619.0,630.0,642.0,695.0,750.0,791.0,792.0,851.0,890.0,899.0,902.0,913.0,940.0,946.0,947.0,956.0,
25.0,82.0,91.0,104.0,108.0,132.0,186.0,200.0,286.0,286.0,307.0,393.0,397.0,530.0,531.0,549.0,560.0,601.0,665.0,683.0,713.0,736.0,739.0,769.0,774.0,776.0,784.0,820.0,829.0,908.0,911.0,924.0,961.0,977.0,
44.0,140.0,153.0,157.0,175.0,202.0,223.0,263.0,313.0,328.0,329.0,372.0,407.0,434.0,473.0,491.0,494.0,543.0,564.0,603.0,621.0,666.0,705.0,784.0,814.0,817.0,824.0,828.0,847.0,921.0,959.0,
23.0,48.0,71.0,92.0,179.0,195.0,207.0,208.0,224.0,235.0,238.0,251.0,268.0,269.0,276.0,295.0,296.0,313.0,314.0,337.0,468.0,493.0,495.0,512.0,527.0,613.0,619.0,621.0,622.0,643.0,646.0,647.0,659.0,706.0,708.0,718.0,742.0,752.0,790.0,808.0,889.0,898.0,920.0,931.0,963.0,972.0,
12.0,27.0,49.0,65.0,96.0,141.0,192.0,196.0,201.0,234.0,241.0,247.0,257.0,261.0,275.0,413.0,447.0,450.0,505.0,526.0,530.0,532.0,539.0,596.0,616.0,625.0,650.0,662.0,699.0,767.0,865.0,902.0,930.0,938.0,999.0,
13.0,45.0,91.0,123.0,143.0,149.0,168.0,173.0,196.0,225.0,255.0,280.0,335.0,337.0,352.0,402.0,415.0,454.0,456.0,510.0,514.0,533.0,584.0,592.0,604.0,659.0,669.0,719.0,749.0,762.0,813.0,839.0,848.0,870.0,870.0,907.0,929.0,949.0,954.0,956.0,
31.0,40.0,59.0,74.0,119.0,146.0,170.0,183.0,216.0,263.0,373.0,378.0,403.0,405.0,463.0,488.0,548.0,597.0,613.0,657.0,659.0,679.0,787.0,809.0,859.0,930.0,951.0,980.0,
3.0,97.0,114.0,144.0,209.0,218.0,252.0,283.0,384.0,433.0,441.0,497.0,556.0,565.0,585.0,592.0,638.0,652.0,682.0,695.0,711.0,758.0,840.0,854.0,893.0,
96.0,99.0,134.0,147.0,198.0,224.0,245.0,274.0,290.0,301.0,302.0,324.0,382.0,428.0,484.0,487.0,489.0,493.0,524.0,530.0,534.0,571.0,610.0,620.0,656.0,677.0,681.0,686.0,698.0,722.0,727.0,816.0,880.0,895.0,
83.0,93.0,144.0,189.0,193.0,212.0,221.0,223.0,234.0,260.0,262.0,285.0,356.0,401.0,407.0,449.0,606.0,629.0,646.0,686.0,766.0,786.0,833.0,861.0,900.0,912.0,913.0,916.0,927.0,971.0,
3.0,19.0,89.0,95.0,97.0,117.0,126.0,164.0,177.0,178.0,234.0,313.0,321.0,428.0,443.0,454.0,509.0,517.0,596.0,616.0,630.0,650.0,651.0,691.0,740.0,812.0,814.0,822.0,833.0,862.0,867.0,868.0,884.0,909.0,923.0,953.0,954.0,
23.0,33.0,52.0,132.0,151.0,169.0,172.0,175.0,177.0,194.0,200.0,208.0,209.0,354.0,387.0,424.0,427.0,429.0,430.0,451.0,494.0,501.0,501.0,613.0,641.0,674.0,703.0,751.0,788.0,812.0,823.0,825.0,855.0,875.0,952.0,986.0,
3.0,29.0,37.0,63.0,64.0,115.0,130.0,167.0,171.0,182.0,185.0,193.0,211.0,239.0,263.0,331.0,368.0,373.0,387.0,419.0,424.0,465.0,467.0,478.0,513.0,522.0,547.0,560.0,627.0,698.0,772.0,818.0,822.0,836.0,910.0,927.0,962.0,963.0,
75.0,113.0,126.0,127.0,148.0,179.0,207.0,221.0,225.0,244.0,255.0,276.0,276.0,370.0,393.0,448.0,451.0,509.0,512.0,563.0,638.0,647.0,700.0,707.0,710.0,751.0,763.0,805.0,810.0,874.0,883.0,926.0,939.0,943.0,944.0,946.0,953.0,966.0,971.0,992.0,
10.0,18.0,37.0,37.0,45.0,49.0,99.0,105.0,106.0,165.0,198.0,227.0,228.0,295.0,353.0,364.0,399.0,448.0,512.0,563.0,582.0,653.0,685.0,721.0,787.0,793.0,832.0,867.0,886.0,942.0,961.0,970.0,982.0,
21.0,64.0,70.0,118.0,124.0,125.0,140.0,179.0,188.0,238.0,243.0,263.0,426.0,449.0,462.0,468.0,493.0,509.0,517.0,545.0,554.0,558.0,561.0,571.0,572.0,583.0,589.0,601.0,613.0,651.0,657.0,707.0,709.0,731.0,741.0,747.0,751.0,769.0,778.0,842.0,863.0,895.0,941.0,954.0,964.0,
15.0,25.0,29.0,75.0,147.0,151.0,173.0,239.0,243.0,249.0,275.0,311.0,340.0,355.0,367.0,401.0,407.0,420.0,451.0,459.0,460.0,463.0,468.0,479.0,494.0,511.0,518.0,519.0,520.0,533.0,538.0,558.0,562.0,567.0,573.0,576.0,577.0,582.0,582.0,598.0,614.0,620.0,620.0,629.0,635.0,641.0,641.0,655.0,660.0,676.0,680.0,686.0,687.0,718.0,734.0,744.0,744.0,779.0,815.0,828.0,829.0,861.0,864.0,879.0,917.0,923.0,944.0,950.0,956.0,959.0,996.0,
31.0,53.0,80.0,95.0,97.0,128.0,199.0,219.0,255.0,280.0,291.0,301.0,364.0,431.0,447.0,483.0,513.0,517.0,521.0,523.0,525.0,527.0,556.0,560.0,565.0,589.0,622.0,630.0,631.0,633.0,643.0,699.0,723.0,788.0,834.0,861.0,880.0,890.0,920.0,944.0,958.0,991.0,995.0,
118.0,128.0,135.0,139.0,178.0,200.0,220.0,317.0,318.0,353.0,371.0,377.0,408.0,436.0,454.0,459.0,511.0,539.0,587.0,619.0,628.0,670.0,738.0,746.0,791.0,823.0,833.0,854.0,917.0,945.0,950.0,
5.0,20.0,34.0,96.0,97.0,111.0,131.0,165.0,188.0,204.0,215.0,241.0,258.0,276.0,285.0,373.0,431.0,503.0,509.0,525.0,525.0,538.0,542.0,554.0,556.0,596.0,607.0,614.0,666.0,666.0,667.0,675.0,680.0,734.0,747.0,767.0,785.0,791.0,792.0,794.0,823.0,906.0,967.0,992.0,
6.0,11.0,27.0,55.0,60.0,101.0,148.0,149.0,160.0,175.0,208.0,212.0,232.0,235.0,241.0,248.0,259.0,287.0,291.0,314.0,331.0,334.0,335.0,353.0,354.0,377.0,382.0,386.0,421.0,466.0,467.0,523.0,532.0,570.0,621.0,670.0,688.0,724.0,734.0,752.0,789.0,792.0,802.0,825.0,838.0,860.0,886.0,951.0,955.0,
7.0,25.0,35.0,40.0,74.0,88.0,97.0,132.0,159.0,200.0,214.0,226.0,256.0,336.0,336.0,383.0,386.0,387.0,390.0,407.0,426.0,488.0,492.0,547.0,556.0,565.0,586.0,597.0,657.0,702.0,716.0,722.0,723.0,808.0,823.0,847.0,908.0,932.0,933.0,946.0,954.0,957.0,997.0,
12.0,46.0,59.0,67.0,98.0,134.0,149.0,194.0,219.0,221.0,294.0,321.0,364.0,365.0,386.0,396.0,400.0,421.0,519.0,541.0,573.0,593.0,660.0,665.0,690.0,706.0,772.0,791.0,798.0,799.0,819.0,821.0,856.0,859.0,898.0,911.0,928.0,936.0,940.0,969.0,
15.0,83.0,108.0,122.0,161.0,179.0,191.0,227.0,247.0,272.0,274.0,297.0,331.0,351.0,365.0,384.0,400.0,412.0,448.0,454.0,469.0,482.0,486.0,495.0,526.0,534.0,534.0,555.0,560.0,601.0,605.0,625.0,699.0,722.0,727.0,747.0,808.0,812.0,834.0,884.0,892.0,970.0,972.0,973.0,990.0,991.0,
102.0,104.0,127.0,195.0,202.0,300.0,360.0,364.0,409.0,410.0,410.0,444.0,490.0,510.0,596.0,659.0,681.0,695.0,700.0,725.0,727.0,768.0,845.0,862.0,902.0,923.0,
2.0,69.0,69.0,78.0,101.0,110.0,114.0,121.0,132.0,153.0,184.0,210.0,221.0,221.0,258.0,330.0,362.0,365.0,398.0,430.0,452.0,508.0,537.0,542.0,582.0,583.0,583.0,597.0,609.0,611.0,614.0,616.0,618.0,627.0,628.0,659.0,676.0,689.0,696.0,709.0,714.0,725.0,741.0,754.0,763.0,777.0,788.0,789.0,803.0,810.0,828.0,855.0,861.0,864.0,876.0,896.0,899.0,909.0,910.0,924.0,925.0,931.0,936.0,957.0,968.0,972.0,984.0,990.0,998.0,
44.0,53.0,54.0,76.0,83.0,89.0,99.0,113.0,154.0,189.0,211.0,239.0,280.0,282.0,376.0,400.0,424.0,457.0,467.0,519.0,528.0,545.0,547.0,558.0,564.0,571.0,573.0,579.0,583.0,586.0,599.0,603.0,606.0,607.0,621.0,633.0,648.0,652.0,659.0,662.0,667.0,676.0,683.0,684.0,684.0,685.0,691.0,699.0,702.0,705.0,707.0,710.0,720.0,723.0,741.0,749.0,786.0,814.0,820.0,823.0,828.0,842.0,844.0,847.0,884.0,885.0,885.0,886.0,915.0,917.0,937.0,945.0,961.0,969.0,979.0,986.0,987.0,988.0,995.0,998.0,
19.0,21.0,23.0,155.0,171.0,192.0,264.0,285.0,312.0,332.0,342.0,371.0,372.0,401.0,405.0,420.0,460.0,474.0,481.0,513.0,528.0,533.0,534.0,539.0,540.0,547.0,553.0,575.0,585.0,591.0,600.0,609.0,610.0,612.0,625.0,629.0,634.0,638.0,640.0,660.0,684.0,684.0,686.0,700.0,706.0,718.0,736.0,759.0,768.0,772.0,807.0,815.0,879.0,905.0,947.0,979.0,987.0,
54.0,110.0,128.0,180.0,200.0,228.0,253.0,254.0,254.0,421.0,483.0,493.0,560.0,581.0,619.0,643.0,750.0,876.0,888.0,
7.0,9.0,26.0,35.0,52.0,84.0,87.0,94.0,143.0,149.0,161.0,163.0,174.0,194.0,211.0,252.0,283.0,304.0,309.0,325.0,335.0,342.0,351.0,373.0,411.0,428.0,430.0,461.0,476.0,511.0,533.0,544.0,554.0,556.0,560.0,640.0,687.0,698.0,709.0,776.0,798.0,823.0,836.0,852.0,855.0,874.0,892.0,907.0,935.0,936.0,947.0,
42.0,63.0,94.0,95.0,99.0,142.0,209.0,222.0,227.0,234.0,237.0,260.0,289.0,319.0,346.0,362.0,364.0,468.0,483.0,540.0,627.0,669.0,670.0,720.0,730.0,736.0,820.0,821.0,833.0,840.0,877.0,929.0,934.0,945.0,983.0,
23.0,26.0,63.0,71.0,83.0,91.0,110.0,122.0,137.0,289.0,326.0,338.0,363.0,454.0,481.0,487.0,495.0,523.0,559.0,565.0,609.0,629.0,722.0,730.0,745.0,786.0,807.0,828.0,855.0,880.0,900.0,907.0,959.0,990.0,
31.0,46.0,76.0,160.0,214.0,229.0,233.0,263.0,287.0,316.0,324.0,339.0,343.0,345.0,352.0,490.0,503.0,587.0,593.0,628.0,640.0,653.0,713.0,715.0,736.0,748.0,804.0,839.0,862.0,995.0,
27.0,39.0,114.0,120.0,150.0,209.0,213.0,215.0,230.0,251.0,279.0,299.0,308.0,329.0,405.0,439.0,530.0,532.0,565.0,581.0,582.0,611.0,625.0,628.0,631.0,655.0,683.0,763.0,774.0,780.0,780.0,787.0,790.0,807.0,849.0,866.0,881.0,895.0,904.0,942.0,
20.0,35.0,56.0,60.0,113.0,147.0,310.0,315.0,324.0,333.0,337.0,338.0,363.0,368.0,383.0,414.0,429.0,519.0,579.0,616.0,638.0,667.0,703.0,726.0,734.0,746.0,751.0,759.0,830.0,850.0,870.0,931.0,936.0,963.0,993.0,
9.0,19.0,41.0,83.0,101.0,122.0,125.0,135.0,135.0,148.0,152.0,158.0,177.0,246.0,288.0,392.0,405.0,412.0,420.0,434.0,479.0,535.0,557.0,557.0,558.0,573.0,586.0,609.0,611.0,623.0,649.0,651.0,652.0,684.0,698.0,722.0,730.0,773.0,803.0,842.0,893.0,910.0,
4.0,59.0,79.0,111.0,135.0,139.0,174.0,258.0,264.0,335.0,363.0,367.0,373.0,435.0,436.0,519.0,538.0,542.0,546.0,547.0,555.0,555.0,568.0,593.0,604.0,612.0,624.0,630.0,634.0,635.0,640.0,645.0,646.0,649.0,657.0,657.0,673.0,737.0,739.0,744.0,752.0,753.0,770.0,790.0,791.0,805.0,807.0,809.0,809.0,823.0,838.0,859.0,880.0,912.0,934.0,934.0,961.0,964.0,978.0,991.0,
84.0,85.0,89.0,93.0,98.0,120.0,157.0,167.0,168.0,170.0,231.0,261.0,278.0,279.0,304.0,324.0,341.0,394.0,397.0,444.0,536.0,546.0,566.0,589.0,590.0,643.0,673.0,734.0,738.0,747.0,749.0,833.0,913.0,917.0,936.0,937.0,
51.0,54.0,60.0,99.0,104.0,132.0,147.0,246.0,260.0,268.0,287.0,346.0,357.0,364.0,374.0,410.0,421.0,425.0,501.0,509.0,529.0,638.0,748.0,759.0,780.0,851.0,867.0,909.0,945.0,954.0,977.0,991.0,
27.0,32.0,44.0,48.0,143.0,149.0,167.0,220.0,250.0,293.0,294.0,339.0,359.0,366.0,380.0,400.0,455.0,481.0,572.0,598.0,650.0,698.0,730.0,740.0,773.0,794.0,818.0,821.0,825.0,837.0,856.0,868.0,891.0,925.0,961.0,962.0,974.0,
74.0,85.0,95.0,135.0,143.0,188.0,203.0,206.0,207.0,253.0,282.0,290.0,294.0,311.0,316.0,339.0,401.0,418.0,426.0,464.0,538.0,538.0,611.0,617.0,622.0,631.0,652.0,719.0,771.0,802.0,827.0,856.0,861.0,868.0,875.0,890.0,907.0,910.0,930.0,983.0,
52.0,66.0,71.0,77.0,81.0,109.0,163.0,225.0,230.0,241.0,255.0,272.0,273.0,315.0,337.0,350.0,368.0,389.0,403.0,434.0,440.0,448.0,480.0,481.0,488.0,527.0,534.0,534.0,540.0,611.0,614.0,624.0,778.0,838.0,852.0,852.0,862.0,890.0,939.0,943.0,981.0,
30.0,50.0,117.0,139.0,143.0,214.0,225.0,233.0,242.0,386.0,401.0,420.0,449.0,464.0,485.0,489.0,522.0,538.0,551.0,553.0,555.0,591.0,603.0,647.0,696.0,720.0,780.0,783.0,825.0,825.0,923.0,956.0,980.0,981.0,
40.0,94.0,105.0,114.0,140.0,219.0,278.0,280.0,305.0,314.0,346.0,349.0,354.0,370.0,379.0,389.0,405.0,453.0,455.0,474.0,488.0,515.0,577.0,583.0,635.0,636.0,665.0,676.0,724.0,765.0,771.0,781.0,814.0,822.0,826.0,858.0,867.0,874.0,879.0,892.0,922.0,928.0,953.0,986.0,
17.0,25.0,112.0,139.0,156.0,166.0,234.0,235.0,272.0,282.0,289.0,290.0,311.0,315.0,317.0,318.0,326.0,337.0,344.0,347.0,366.0,387.0,388.0,429.0,460.0,493.0,505.0,513.0,523.0,581.0,596.0,608.0,640.0,650.0,668.0,671.0,719.0,777.0,793.0,802.0,863.0,882.0,913.0,978.0,979.0,
64.0,106.0,118.0,121.0,129.0,134.0,159.0,179.0,201.0,247.0,248.0,252.0,336.0,388.0,411.0,472.0,474.0,497.0,538.0,548.0,553.0,562.0,608.0,666.0,703.0,749.0,806.0,913.0,
46.0,58.0,116.0,151.0,196.0,218.0,313.0,326.0,343.0,388.0,395.0,486.0,518.0,522.0,525.0,594.0,611.0,611.0,772.0,811.0,826.0,879.0,963.0,
30.0,35.0,37.0,38.0,88.0,97.0,99.0,105.0,109.0,119.0,134.0,389.0,480.0,506.0,515.0,518.0,535.0,544.0,551.0,615.0,664.0,673.0,682.0,689.0,698.0,714.0,800.0,817.0,883.0,884.0,893.0,932.0,942.0,954.0,979.0,996.0,
30.0,126.0,181.0,209.0,216.0,263.0,302.0,350.0,424.0,436.0,473.0,482.0,507.0,509.0,539.0,583.0,584.0,588.0,620.0,627.0,647.0,654.0,664.0,668.0,707.0,711.0,741.0,744.0,810.0,868.0,910.0,926.0,973.0,992.0,
12.0,42.0,47.0,59.0,108.0,150.0,157.0,190.0,242.0,249.0,254.0,342.0,350.0,384.0,410.0,475.0,489.0,497.0,556.0,609.0,640.0,647.0,682.0,693.0,719.0,738.0,753.0,794.0,811.0,851.0,859.0,876.0,899.0,935.0,950.0,965.0,979.0,
17.0,36.0,97.0,156.0,192.0,240.0,254.0,257.0,281.0,303.0,315.0,319.0,332.0,390.0,398.0,406.0,486.0,503.0,523.0,543.0,555.0,586.0,587.0,589.0,590.0,647.0,654.0,675.0,707.0,892.0,923.0,957.0,978.0,983.0,
23.0,47.0,118.0,162.0,169.0,170.0,215.0,275.0,301.0,338.0,372.0,456.0,486.0,533.0,534.0,558.0,569.0,591.0,603.0,610.0,671.0,681.0,702.0,738.0,833.0,836.0,863.0,898.0,969.0,972.0,
31.0,87.0,121.0,141.0,184.0,226.0,240.0,276.0,285.0,310.0,324.0,330.0,359.0,360.0,363.0,371.0,398.0,402.0,522.0,531.0,552.0,559.0,567.0,571.0,576.0,593.0,608.0,643.0,649.0,662.0,692.0,694.0,717.0,742.0,751.0,768.0,776.0,790.0,840.0,861.0,930.0,970.0,992.0,1000.0,
16.0,61.0,69.0,94.0,118.0,191.0,216.0,259.0,293.0,321.0,354.0,357.0,362.0,364.0,402.0,406.0,411.0,421.0,472.0,477.0,489.0,491.0,529.0,540.0,545.0,558.0,572.0,612.0,616.0,621.0,629.0,656.0,682.0,689.0,692.0,715.0,721.0,725.0,788.0,807.0,824.0,878.0,889.0,893.0,947.0,956.0,
16.0,27.0,107.0,152.0,161.0,176.0,228.0,268.0,275.0,315.0,362.0,370.0,429.0,454.0,470.0,552.0,552.0,575.0,577.0,636.0,656.0,661.0,712.0,805.0,831.0,831.0,881.0,913.0,981.0,
24.0,78.0,127.0,133.0,138.0,142.0,153.0,158.0,163.0,166.0,174.0,213.0,248.0,250.0,257.0,263.0,310.0,315.0,329.0,378.0,384.0,413.0,431.0,463.0,488.0,508.0,527.0,586.0,594.0,607.0,620.0,620.0,626.0,630.0,652.0,662.0,671.0,679.0,685.0,689.0,714.0,724.0,736.0,777.0,809.0,813.0,861.0,945.0,964.0,
25.0,62.0,92.0,129.0,147.0,148.0,162.0,186.0,226.0,276.0,288.0,305.0,319.0,321.0,348.0,354.0,359.0,388.0,390.0,421.0,450.0,459.0,545.0,608.0,619.0,622.0,628.0,647.0,658.0,679.0,734.0,739.0,758.0,798.0,799.0,802.0,807.0,812.0,833.0,898.0,913.0,989.0,
170.0,183.0,184.0,189.0,192.0,193.0,223.0,240.0,265.0,284.0,301.0,306.0,330.0,343.0,402.0,420.0,450.0,482.0,491.0,502.0,538.0,552.0,619.0,682.0,724.0,778.0,786.0,840.0,876.0,926.0,926.0,990.0,992.0,
32.0,64.0,171.0,223.0,256.0,284.0,288.0,301.0,339.0,393.0,408.0,420.0,460.0,477.0,485.0,499.0,514.0,523.0,528.0,539.0,541.0,582.0,590.0,592.0,609.0,678.0,693.0,706.0,722.0,727.0,753.0,759.0,765.0,780.0,845.0,887.0,908.0,982.0,998.0,
41.0,48.0,98.0,115.0,243.0,251.0,348.0,363.0,372.0,404.0,446.0,456.0,472.0,482.0,571.0,581.0,633.0,656.0,673.0,678.0,680.0,682.0,682.0,683.0,702.0,715.0,719.0,734.0,780.0,796.0,803.0,877.0,883.0,898.0,
12.0,76.0,99.0,119.0,126.0,158.0,171.0,179.0,244.0,246.0,267.0,318.0,326.0,380.0,430.0,436.0,438.0,467.0,523.0,528.0,555.0,586.0,672.0,675.0,773.0,775.0,833.0,893.0,937.0,955.0,959.0,996.0,
5.0,9.0,16.0,128.0,141.0,147.0,156.0,209.0,209.0,238.0,246.0,253.0,256.0,257.0,302.0,310.0,345.0,354.0,363.0,377.0,404.0,415.0,447.0,518.0,565.0,566.0,655.0,657.0,667.0,668.0,699.0,708.0,715.0,758.0,799.0,809.0,820.0,893.0,898.0,907.0,908.0,955.0,955.0,
16.0,26.0,34.0,39.0,67.0,86.0,103.0,135.0,138.0,143.0,158.0,167.0,180.0,196.0,234.0,248.0,347.0,347.0,351.0,409.0,435.0,514.0,532.0,552.0,573.0,592.0,627.0,685.0,718.0,740.0,835.0,867.0,898.0,910.0,953.0,973.0,992.0,
16.0,18.0,81.0,105.0,118.0,131.0,137.0,141.0,161.0,212.0,238.0,241.0,289.0,290.0,304.0,351.0,444.0,483.0,491.0,492.0,503.0,509.0,512.0,525.0,640.0,673.0,698.0,702.0,723.0,759.0,763.0,802.0,842.0,844.0,939.0,968.0,
18.0,89.0,126.0,168.0,177.0,205.0,223.0,241.0,307.0,341.0,344.0,357.0,382.0,472.0,476.0,515.0,525.0,637.0,664.0,717.0,734.0,736.0,756.0,763.0,774.0,800.0,807.0,807.0,828.0,851.0,854.0,900.0,902.0,915.0,976.0,999.0,
28.0,38.0,46.0,143.0,156.0,278.0,334.0,337.0,341.0,389.0,389.0,395.0,401.0,402.0,448.0,615.0,631.0,646.0,650.0,717.0,733.0,742.0,763.0,788.0,820.0,825.0,847.0,853.0,889.0,
17.0,20.0,52.0,100.0,109.0,229.0,240.0,244.0,260.0,260.0,303.0,326.0,337.0,355.0,366.0,374.0,395.0,402.0,409.0,423.0,426.0,455.0,516.0,559.0,574.0,590.0,705.0,714.0,719.0,747.0,804.0,807.0,831.0,873.0,897.0,979.0,1000.0,
80.0,142.0,165.0,178.0,210.0,242.0,313.0,336.0,377.0,411.0,547.0,549.0,567.0,601.0,607.0,635.0,642.0,646.0,666.0,685.0,690.0,726.0,785.0,789.0,801.0,807.0,822.0,834.0,906.0,913.0,945.0,946.0,962.0,969.0,978.0,979.0,
19.0,33.0,43.0,53.0,90.0,99.0,108.0,168.0,181.0,209.0,225.0,246.0,314.0,317.0,337.0,411.0,412.0,415.0,438.0,463.0,508.0,525.0,531.0,628.0,663.0,691.0,693.0,785.0,791.0,817.0,818.0,847.0,864.0,893.0,909.0,943.0,949.0,979.0,998.0,
16.0,69.0,93.0,117.0,121.0,127.0,147.0,147.0,153.0,168.0,210.0,265.0,341.0,492.0,518.0,519.0,540.0,541.0,552.0,560.0,562.0,571.0,575.0,607.0,611.0,624.0,624.0,653.0,655.0,668.0,864.0,869.0,872.0,887.0,904.0,927.0,943.0,957.0,984.0,
22.0,24.0,36.0,104.0,163.0,169.0,226.0,297.0,315.0,334.0,345.0,369.0,404.0,405.0,502.0,555.0,561.0,602.0,604.0,622.0,706.0,715.0,746.0,799.0,800.0,818.0,824.0,836.0,845.0,876.0,920.0,945.0,
