40.0,44.0,48.0,91.0,110.0,112.0,112.0,115.0,142.0,197.0,205.0,217.0,264.0,320.0,323.0,324.0,373.0,386.0,387.0,409.0,426.0,432.0,433.0,478.0,550.0,602.0,620.0,633.0,645.0,650.0,662.0,824.0,850.0,856.0,928.0,987.0,
18.0,43.0,85.0,172.0,219.0,248.0,289.0,318.0,349.0,353.0,363.0,369.0,431.0,435.0,467.0,489.0,497.0,515.0,545.0,608.0,646.0,650.0,651.0,669.0,744.0,798.0,823.0,828.0,841.0,868.0,878.0,883.0,902.0,936.0,
17.0,87.0,92.0,108.0,172.0,222.0,236.0,241.0,246.0,282.0,303.0,316.0,323.0,370.0,394.0,412.0,466.0,584.0,619.0,665.0,665.0,674.0,685.0,704.0,768.0,768.0,814.0,834.0,847.0,857.0,860.0,889.0,923.0,938.0,965.0,968.0,993.0,
6.0,41.0,104.0,129.0,151.0,175.0,177.0,200.0,217.0,301.0,325.0,355.0,356.0,448.0,483.0,488.0,491.0,499.0,547.0,592.0,608.0,623.0,638.0,659.0,686.0,696.0,719.0,725.0,737.0,743.0,755.0,758.0,787.0,845.0,846.0,847.0,866.0,879.0,883.0,883.0,920.0,949.0,961.0,
71.0,75.0,79.0,82.0,87.0,132.0,132.0,348.0,382.0,387.0,424.0,435.0,461.0,599.0,661.0,670.0,698.0,754.0,781.0,786.0,791.0,798.0,808.0,818.0,823.0,933.0,968.0,990.0,990.0,993.0,
16.0,25.0,67.0,122.0,123.0,150.0,182.0,188.0,202.0,231.0,266.0,281.0,301.0,332.0,342.0,356.0,367.0,369.0,404.0,443.0,450.0,604.0,662.0,696.0,714.0,746.0,753.0,831.0,832.0,861.0,888.0,937.0,953.0,961.0,965.0,
73.0,95.0,167.0,169.0,196.0,207.0,225.0,257.0,297.0,392.0,458.0,594.0,598.0,619.0,644.0,659.0,709.0,757.0,771.0,776.0,802.0,824.0,841.0,857.0,860.0,867.0,893.0,941.0,968.0,976.0,983.0,1000.0,
40.0,49.0,50.0,159.0,175.0,188.0,225.0,233.0,241.0,281.0,300.0,301.0,325.0,342.0,360.0,427.0,449.0,455.0,487.0,499.0,505.0,556.0,575.0,585.0,589.0,611.0,645.0,652.0,674.0,702.0,720.0,733.0,754.0,757.0,773.0,780.0,784.0,816.0,836.0,853.0,854.0,865.0,908.0,934.0,965.0,966.0,970.0,994.0,998.0,1000.0,
9.0,12.0,13.0,22.0,71.0,73.0,102.0,107.0,112.0,112.0,141.0,182.0,195.0,215.0,245.0,268.0,282.0,308.0,345.0,352.0,437.0,467.0,511.0,521.0,551.0,557.0,566.0,603.0,609.0,634.0,639.0,644.0,693.0,696.0,709.0,736.0,753.0,807.0,821.0,838.0,854.0,863.0,885.0,938.0,
35.0,123.0,134.0,189.0,215.0,227.0,271.0,406.0,435.0,436.0,444.0,451.0,483.0,493.0,513.0,524.0,643.0,678.0,679.0,702.0,714.0,724.0,799.0,815.0,838.0,843.0,851.0,863.0,875.0,935.0,972.0,
32.0,41.0,47.0,49.0,67.0,96.0,99.0,102.0,121.0,134.0,144.0,144.0,239.0,356.0,388.0,408.0,423.0,468.0,583.0,608.0,610.0,612.0,725.0,733.0,792.0,793.0,810.0,817.0,929.0,978.0,
12.0,43.0,69.0,108.0,131.0,143.0,158.0,159.0,201.0,268.0,279.0,298.0,340.0,345.0,349.0,358.0,398.0,417.0,434.0,502.0,524.0,580.0,584.0,646.0,667.0,699.0,728.0,734.0,764.0,769.0,775.0,783.0,795.0,859.0,870.0,916.0,953.0,965.0,965.0,
14.0,90.0,110.0,119.0,129.0,211.0,235.0,236.0,303.0,345.0,359.0,385.0,473.0,485.0,693.0,720.0,769.0,774.0,776.0,820.0,828.0,841.0,872.0,873.0,924.0,954.0,997.0,
2.0,8.0,93.0,114.0,119.0,216.0,242.0,254.0,256.0,282.0,284.0,287.0,304.0,344.0,374.0,385.0,496.0,497.0,501.0,805.0,901.0,
38.0,91.0,94.0,101.0,121.0,139.0,147.0,149.0,164.0,168.0,213.0,216.0,269.0,281.0,318.0,340.0,358.0,371.0,375.0,386.0,428.0,
162.0,172.0,203.0,203.0,207.0,259.0,323.0,343.0,377.0,385.0,448.0,455.0,504.0,
7.0,97.0,101.0,112.0,183.0,184.0,187.0,188.0,205.0,225.0,317.0,359.0,398.0,442.0,444.0,478.0,486.0,504.0,
27.0,66.0,77.0,79.0,99.0,111.0,127.0,151.0,155.0,252.0,304.0,314.0,345.0,367.0,429.0,434.0,453.0,480.0,
26.0,83.0,97.0,141.0,166.0,167.0,180.0,191.0,200.0,215.0,254.0,258.0,331.0,340.0,359.0,363.0,407.0,606.0,678.0,680.0,734.0,758.0,759.0,770.0,791.0,810.0,815.0,824.0,832.0,835.0,837.0,858.0,859.0,864.0,920.0,928.0,963.0,973.0,986.0,999.0,
37.0,57.0,107.0,142.0,157.0,179.0,185.0,188.0,253.0,294.0,308.0,309.0,324.0,335.0,391.0,416.0,471.0,485.0,495.0,502.0,585.0,605.0,623.0,625.0,637.0,666.0,668.0,668.0,677.0,711.0,732.0,736.0,738.0,770.0,772.0,780.0,794.0,829.0,831.0,838.0,904.0,911.0,912.0,
28.0,62.0,92.0,156.0,186.0,204.0,220.0,234.0,265.0,332.0,379.0,408.0,435.0,445.0,457.0,483.0,505.0,512.0,517.0,525.0,534.0,602.0,605.0,619.0,620.0,626.0,676.0,692.0,713.0,723.0,736.0,743.0,829.0,830.0,838.0,851.0,864.0,882.0,944.0,948.0,981.0,983.0,
10.0,43.0,55.0,84.0,93.0,114.0,130.0,171.0,180.0,195.0,195.0,207.0,209.0,285.0,295.0,303.0,353.0,360.0,372.0,395.0,403.0,434.0,441.0,493.0,512.0,639.0,646.0,646.0,660.0,708.0,766.0,769.0,770.0,802.0,867.0,875.0,900.0,901.0,997.0,
14.0,32.0,33.0,71.0,192.0,195.0,200.0,201.0,231.0,240.0,276.0,282.0,292.0,295.0,308.0,343.0,434.0,453.0,503.0,504.0,
7.0,8.0,13.0,22.0,108.0,118.0,174.0,177.0,212.0,241.0,247.0,262.0,288.0,362.0,363.0,379.0,398.0,404.0,406.0,421.0,434.0,909.0,
59.0,61.0,162.0,190.0,210.0,229.0,240.0,373.0,421.0,433.0,484.0,840.0,853.0,950.0,976.0,
65.0,166.0,228.0,236.0,297.0,448.0,461.0,463.0,475.0,494.0,505.0,943.0,987.0,
5.0,22.0,33.0,42.0,58.0,85.0,124.0,132.0,136.0,146.0,199.0,207.0,252.0,256.0,299.0,312.0,325.0,341.0,358.0,360.0,361.0,381.0,396.0,400.0,464.0,745.0,976.0,
45.0,87.0,88.0,91.0,196.0,201.0,237.0,315.0,324.0,331.0,362.0,366.0,387.0,398.0,426.0,481.0,486.0,810.0,
15.0,70.0,96.0,152.0,179.0,196.0,197.0,198.0,248.0,253.0,301.0,376.0,381.0,382.0,394.0,453.0,466.0,476.0,
4.0,5.0,25.0,66.0,83.0,93.0,109.0,168.0,187.0,197.0,319.0,387.0,412.0,465.0,509.0,609.0,634.0,674.0,769.0,793.0,824.0,836.0,844.0,854.0,911.0,
21.0,21.0,24.0,51.0,93.0,96.0,112.0,124.0,181.0,194.0,210.0,239.0,307.0,325.0,338.0,356.0,361.0,405.0,491.0,543.0,562.0,662.0,757.0,758.0,775.0,822.0,823.0,899.0,926.0,962.0,963.0,972.0,976.0,982.0,
89.0,109.0,173.0,220.0,226.0,253.0,256.0,316.0,344.0,358.0,379.0,409.0,438.0,508.0,913.0,
26.0,50.0,74.0,105.0,152.0,169.0,169.0,212.0,246.0,291.0,291.0,305.0,318.0,341.0,381.0,384.0,406.0,459.0,463.0,898.0,990.0,
5.0,6.0,11.0,27.0,33.0,52.0,60.0,93.0,94.0,112.0,130.0,158.0,175.0,179.0,195.0,197.0,209.0,225.0,232.0,256.0,332.0,356.0,377.0,377.0,392.0,408.0,455.0,462.0,471.0,503.0,797.0,837.0,876.0,879.0,944.0,952.0,997.0,
16.0,60.0,68.0,76.0,99.0,158.0,221.0,222.0,223.0,245.0,248.0,256.0,282.0,315.0,319.0,325.0,338.0,358.0,403.0,427.0,506.0,732.0,748.0,759.0,817.0,900.0,902.0,
16.0,44.0,56.0,71.0,119.0,136.0,137.0,183.0,215.0,216.0,231.0,287.0,323.0,336.0,341.0,341.0,347.0,367.0,377.0,384.0,398.0,486.0,
61.0,84.0,98.0,112.0,157.0,184.0,219.0,268.0,307.0,320.0,379.0,382.0,390.0,433.0,441.0,462.0,762.0,795.0,854.0,881.0,914.0,932.0,
5.0,33.0,45.0,71.0,97.0,98.0,121.0,125.0,166.0,187.0,190.0,245.0,317.0,356.0,408.0,422.0,469.0,490.0,507.0,789.0,814.0,842.0,871.0,876.0,
40.0,70.0,79.0,85.0,85.0,130.0,133.0,138.0,143.0,178.0,183.0,198.0,200.0,309.0,359.0,379.0,422.0,469.0,479.0,
5.0,7.0,31.0,33.0,51.0,104.0,186.0,223.0,234.0,325.0,369.0,373.0,374.0,450.0,451.0,462.0,481.0,501.0,
8.0,19.0,52.0,156.0,223.0,242.0,282.0,319.0,325.0,344.0,345.0,348.0,383.0,448.0,463.0,468.0,469.0,471.0,510.0,511.0,647.0,707.0,709.0,730.0,738.0,753.0,755.0,762.0,798.0,817.0,878.0,881.0,908.0,950.0,991.0,
36.0,102.0,109.0,127.0,133.0,137.0,143.0,296.0,334.0,347.0,351.0,359.0,364.0,398.0,408.0,417.0,465.0,490.0,490.0,
9.0,22.0,103.0,144.0,182.0,184.0,186.0,207.0,232.0,249.0,261.0,264.0,289.0,308.0,310.0,317.0,332.0,342.0,350.0,374.0,393.0,410.0,429.0,435.0,449.0,474.0,499.0,502.0,773.0,902.0,
45.0,56.0,65.0,66.0,74.0,105.0,113.0,116.0,119.0,253.0,256.0,265.0,267.0,272.0,357.0,386.0,411.0,493.0,772.0,879.0,956.0,
16.0,22.0,30.0,36.0,67.0,69.0,140.0,193.0,254.0,259.0,266.0,368.0,381.0,396.0,418.0,443.0,445.0,452.0,462.0,464.0,496.0,874.0,881.0,905.0,958.0,996.0,
22.0,35.0,44.0,47.0,64.0,186.0,191.0,208.0,246.0,296.0,389.0,389.0,448.0,479.0,872.0,873.0,928.0,975.0,997.0,
7.0,77.0,80.0,81.0,158.0,211.0,224.0,271.0,271.0,271.0,299.0,357.0,363.0,384.0,419.0,419.0,498.0,795.0,824.0,828.0,
7.0,29.0,48.0,80.0,131.0,159.0,252.0,285.0,414.0,422.0,437.0,448.0,479.0,750.0,840.0,896.0,900.0,900.0,950.0,981.0,992.0,
55.0,75.0,101.0,104.0,138.0,146.0,177.0,214.0,252.0,279.0,290.0,322.0,360.0,384.0,
9.0,38.0,89.0,145.0,153.0,154.0,201.0,209.0,218.0,296.0,303.0,345.0,359.0,363.0,424.0,467.0,478.0,
15.0,28.0,32.0,66.0,130.0,175.0,201.0,275.0,284.0,357.0,365.0,438.0,470.0,478.0,601.0,615.0,631.0,662.0,707.0,709.0,785.0,794.0,847.0,860.0,899.0,903.0,946.0,
13.0,50.0,70.0,82.0,132.0,136.0,163.0,214.0,234.0,248.0,252.0,259.0,273.0,278.0,305.0,305.0,325.0,332.0,346.0,448.0,454.0,468.0,488.0,
14.0,27.0,70.0,107.0,119.0,122.0,225.0,255.0,257.0,270.0,275.0,282.0,282.0,287.0,323.0,356.0,360.0,389.0,426.0,437.0,454.0,457.0,464.0,733.0,885.0,956.0,978.0,979.0,
47.0,55.0,56.0,82.0,101.0,118.0,156.0,157.0,219.0,236.0,245.0,248.0,296.0,362.0,370.0,375.0,376.0,378.0,380.0,425.0,918.0,961.0,
119.0,143.0,152.0,223.0,232.0,246.0,266.0,274.0,300.0,313.0,334.0,363.0,373.0,433.0,454.0,486.0,489.0,812.0,866.0,872.0,897.0,953.0,964.0,
89.0,94.0,141.0,150.0,216.0,340.0,346.0,348.0,360.0,481.0,499.0,822.0,839.0,865.0,867.0,899.0,957.0,967.0,
12.0,102.0,142.0,191.0,196.0,212.0,222.0,225.0,232.0,243.0,302.0,358.0,369.0,369.0,377.0,498.0,745.0,763.0,793.0,796.0,978.0,
16.0,104.0,137.0,145.0,152.0,189.0,217.0,218.0,225.0,273.0,356.0,357.0,372.0,381.0,446.0,454.0,467.0,472.0,770.0,817.0,878.0,895.0,914.0,964.0,995.0,999.0,
14.0,27.0,33.0,34.0,38.0,43.0,58.0,85.0,95.0,137.0,176.0,182.0,186.0,205.0,271.0,304.0,339.0,350.0,355.0,363.0,384.0,398.0,434.0,471.0,491.0,740.0,816.0,827.0,875.0,878.0,905.0,
15.0,68.0,72.0,73.0,86.0,88.0,91.0,107.0,141.0,159.0,160.0,234.0,258.0,302.0,337.0,442.0,470.0,470.0,
13.0,71.0,117.0,131.0,199.0,245.0,250.0,266.0,284.0,321.0,339.0,401.0,417.0,459.0,464.0,466.0,474.0,478.0,586.0,614.0,659.0,666.0,673.0,699.0,708.0,763.0,774.0,794.0,818.0,850.0,858.0,866.0,877.0,906.0,930.0,932.0,971.0,971.0,
24.0,27.0,27.0,90.0,112.0,129.0,164.0,166.0,182.0,198.0,211.0,212.0,298.0,324.0,324.0,341.0,381.0,440.0,452.0,490.0,
15.0,46.0,66.0,71.0,72.0,82.0,91.0,178.0,204.0,208.0,298.0,299.0,306.0,306.0,350.0,366.0,371.0,388.0,402.0,405.0,411.0,439.0,441.0,473.0,901.0,903.0,916.0,938.0,966.0,
2.0,7.0,46.0,52.0,70.0,86.0,166.0,170.0,177.0,221.0,298.0,327.0,351.0,401.0,483.0,507.0,887.0,978.0,
51.0,55.0,59.0,110.0,116.0,200.0,223.0,236.0,278.0,321.0,321.0,373.0,423.0,429.0,445.0,451.0,787.0,790.0,929.0,934.0,967.0,
64.0,172.0,185.0,224.0,230.0,244.0,260.0,308.0,376.0,393.0,416.0,438.0,442.0,496.0,768.0,833.0,861.0,908.0,
86.0,99.0,104.0,158.0,161.0,205.0,230.0,278.0,290.0,376.0,418.0,450.0,452.0,465.0,877.0,883.0,891.0,946.0,958.0,964.0,
20.0,72.0,102.0,131.0,176.0,206.0,231.0,232.0,247.0,256.0,261.0,277.0,299.0,312.0,342.0,342.0,380.0,419.0,447.0,464.0,468.0,476.0,493.0,988.0,
21.0,25.0,55.0,68.0,82.0,107.0,120.0,121.0,128.0,138.0,165.0,170.0,195.0,344.0,352.0,380.0,383.0,398.0,412.0,423.0,439.0,974.0,
57.0,66.0,76.0,86.0,146.0,166.0,180.0,183.0,194.0,230.0,264.0,284.0,320.0,352.0,358.0,361.0,421.0,447.0,
34.0,54.0,55.0,165.0,202.0,216.0,254.0,271.0,306.0,317.0,391.0,429.0,432.0,433.0,448.0,468.0,529.0,533.0,581.0,583.0,717.0,733.0,747.0,764.0,765.0,780.0,795.0,818.0,826.0,830.0,841.0,934.0,945.0,963.0,
5.0,19.0,41.0,81.0,87.0,102.0,114.0,149.0,149.0,153.0,214.0,215.0,228.0,246.0,259.0,318.0,331.0,350.0,372.0,413.0,438.0,439.0,456.0,505.0,861.0,
9.0,14.0,82.0,87.0,94.0,134.0,217.0,225.0,233.0,235.0,249.0,279.0,344.0,370.0,376.0,382.0,448.0,452.0,478.0,493.0,
66.0,86.0,165.0,192.0,204.0,288.0,314.0,326.0,337.0,340.0,380.0,420.0,917.0,
13.0,21.0,44.0,47.0,73.0,78.0,111.0,126.0,129.0,142.0,151.0,186.0,192.0,247.0,288.0,324.0,341.0,360.0,383.0,407.0,427.0,474.0,836.0,868.0,903.0,983.0,
17.0,60.0,90.0,111.0,119.0,148.0,159.0,199.0,231.0,248.0,255.0,260.0,337.0,343.0,346.0,353.0,451.0,460.0,494.0,506.0,826.0,829.0,
13.0,41.0,63.0,68.0,113.0,125.0,265.0,273.0,309.0,321.0,392.0,421.0,423.0,480.0,493.0,499.0,
13.0,168.0,172.0,285.0,293.0,303.0,310.0,316.0,318.0,326.0,384.0,403.0,458.0,889.0,933.0,971.0,
94.0,100.0,104.0,122.0,135.0,139.0,139.0,164.0,188.0,197.0,299.0,371.0,397.0,418.0,433.0,454.0,472.0,485.0,499.0,
8.0,11.0,53.0,104.0,116.0,117.0,119.0,147.0,200.0,208.0,256.0,286.0,317.0,369.0,375.0,448.0,855.0,
2.0,13.0,49.0,99.0,128.0,165.0,187.0,207.0,246.0,247.0,279.0,286.0,297.0,310.0,358.0,362.0,386.0,400.0,408.0,419.0,431.0,435.0,442.0,453.0,465.0,472.0,538.0,545.0,622.0,628.0,637.0,714.0,719.0,726.0,732.0,799.0,822.0,868.0,875.0,888.0,906.0,925.0,935.0,940.0,958.0,962.0,979.0,980.0,
3.0,58.0,70.0,104.0,116.0,117.0,139.0,220.0,241.0,360.0,377.0,400.0,409.0,502.0,631.0,636.0,676.0,716.0,737.0,754.0,792.0,812.0,823.0,828.0,835.0,891.0,912.0,978.0,993.0,
60.0,74.0,95.0,125.0,127.0,153.0,159.0,204.0,210.0,335.0,340.0,353.0,375.0,389.0,435.0,435.0,443.0,447.0,472.0,477.0,
6.0,128.0,149.0,157.0,159.0,183.0,265.0,266.0,292.0,294.0,357.0,370.0,373.0,377.0,383.0,392.0,402.0,403.0,407.0,456.0,462.0,
22.0,42.0,111.0,151.0,156.0,167.0,231.0,247.0,255.0,275.0,276.0,285.0,315.0,340.0,345.0,401.0,407.0,481.0,811.0,
5.0,143.0,145.0,290.0,325.0,328.0,337.0,415.0,460.0,759.0,846.0,928.0,952.0,983.0,
22.0,32.0,110.0,225.0,244.0,311.0,327.0,344.0,375.0,439.0,447.0,465.0,470.0,480.0,486.0,812.0,938.0,952.0,
7.0,22.0,30.0,35.0,64.0,70.0,102.0,111.0,184.0,188.0,282.0,287.0,300.0,304.0,318.0,324.0,346.0,350.0,397.0,417.0,446.0,447.0,493.0,915.0,
31.0,36.0,66.0,70.0,74.0,81.0,86.0,105.0,118.0,124.0,124.0,195.0,253.0,262.0,285.0,288.0,336.0,337.0,376.0,436.0,448.0,473.0,476.0,498.0,501.0,506.0,506.0,
9.0,24.0,68.0,88.0,137.0,143.0,191.0,191.0,205.0,220.0,325.0,359.0,398.0,399.0,419.0,442.0,448.0,449.0,496.0,661.0,676.0,697.0,706.0,727.0,733.0,738.0,808.0,840.0,882.0,883.0,902.0,979.0,
5.0,32.0,63.0,116.0,171.0,205.0,229.0,293.0,297.0,318.0,371.0,396.0,407.0,433.0,461.0,480.0,515.0,657.0,662.0,689.0,706.0,719.0,799.0,929.0,960.0,962.0,979.0,987.0,989.0,995.0,
68.0,84.0,93.0,120.0,165.0,176.0,205.0,227.0,261.0,270.0,280.0,317.0,332.0,362.0,373.0,403.0,411.0,411.0,415.0,437.0,444.0,494.0,634.0,635.0,642.0,704.0,724.0,735.0,740.0,746.0,754.0,756.0,801.0,826.0,851.0,872.0,882.0,883.0,898.0,922.0,946.0,
58.0,91.0,133.0,149.0,188.0,221.0,251.0,366.0,435.0,477.0,482.0,623.0,679.0,729.0,893.0,908.0,946.0,966.0,967.0,988.0,
29.0,46.0,49.0,143.0,143.0,226.0,267.0,302.0,311.0,319.0,385.0,396.0,412.0,434.0,449.0,817.0,863.0,
16.0,43.0,56.0,95.0,159.0,251.0,271.0,331.0,357.0,382.0,402.0,468.0,475.0,499.0,499.0,
59.0,72.0,90.0,169.0,187.0,260.0,281.0,321.0,381.0,384.0,407.0,424.0,
122.0,160.0,240.0,241.0,261.0,280.0,309.0,320.0,333.0,363.0,367.0,381.0,390.0,400.0,415.0,421.0,462.0,496.0,
3.0,84.0,114.0,123.0,155.0,162.0,175.0,182.0,229.0,238.0,248.0,273.0,294.0,300.0,355.0,368.0,388.0,435.0,464.0,500.0,867.0,960.0,
10.0,39.0,39.0,50.0,123.0,134.0,138.0,157.0,160.0,213.0,224.0,265.0,290.0,322.0,403.0,418.0,451.0,459.0,470.0,472.0,683.0,701.0,714.0,774.0,808.0,815.0,835.0,880.0,883.0,907.0,911.0,912.0,936.0,966.0,974.0,974.0,978.0,991.0,
4.0,32.0,89.0,167.0,214.0,228.0,255.0,275.0,282.0,287.0,312.0,350.0,384.0,420.0,428.0,439.0,449.0,492.0,492.0,500.0,526.0,536.0,571.0,572.0,583.0,599.0,618.0,621.0,627.0,666.0,671.0,682.0,690.0,694.0,695.0,709.0,743.0,765.0,777.0,790.0,816.0,922.0,952.0,
