59.0,61.0,65.0,105.0,127.0,230.0,287.0,289.0,353.0,381.0,399.0,409.0,415.0,419.0,426.0,443.0,478.0,483.0,488.0,565.0,587.0,594.0,627.0,641.0,647.0,652.0,666.0,688.0,719.0,725.0,726.0,745.0,794.0,804.0,818.0,900.0,924.0,955.0,959.0,
85.0,93.0,97.0,145.0,152.0,172.0,172.0,200.0,202.0,211.0,213.0,217.0,221.0,224.0,255.0,266.0,266.0,323.0,365.0,369.0,552.0,558.0,561.0,634.0,637.0,730.0,788.0,805.0,859.0,861.0,873.0,886.0,944.0,966.0,976.0,977.0,978.0,
30.0,35.0,67.0,67.0,106.0,142.0,187.0,190.0,244.0,260.0,282.0,303.0,326.0,333.0,364.0,438.0,441.0,443.0,467.0,496.0,519.0,554.0,560.0,562.0,620.0,653.0,668.0,718.0,787.0,859.0,866.0,946.0,992.0,
4.0,40.0,66.0,122.0,174.0,201.0,247.0,285.0,285.0,407.0,407.0,429.0,479.0,562.0,602.0,670.0,823.0,832.0,841.0,861.0,862.0,911.0,938.0,955.0,964.0,977.0,983.0,
11.0,34.0,86.0,116.0,122.0,130.0,139.0,203.0,222.0,278.0,297.0,333.0,342.0,352.0,367.0,397.0,406.0,482.0,579.0,590.0,615.0,647.0,666.0,715.0,776.0,792.0,796.0,815.0,829.0,956.0,976.0,991.0,
9.0,42.0,97.0,118.0,127.0,146.0,154.0,203.0,237.0,269.0,271.0,337.0,351.0,378.0,408.0,448.0,482.0,485.0,537.0,555.0,558.0,586.0,589.0,614.0,713.0,715.0,752.0,758.0,764.0,784.0,810.0,814.0,956.0,962.0,981.0,
31.0,109.0,117.0,121.0,133.0,134.0,189.0,227.0,228.0,273.0,317.0,469.0,471.0,473.0,505.0,514.0,526.0,539.0,567.0,583.0,585.0,621.0,636.0,646.0,677.0,693.0,697.0,729.0,742.0,749.0,784.0,789.0,803.0,848.0,860.0,880.0,884.0,902.0,923.0,972.0,
6.0,13.0,19.0,53.0,87.0,102.0,111.0,134.0,146.0,149.0,174.0,220.0,357.0,366.0,401.0,497.0,497.0,528.0,539.0,573.0,607.0,657.0,670.0,712.0,774.0,810.0,816.0,824.0,825.0,917.0,948.0,997.0,
20.0,63.0,68.0,71.0,127.0,135.0,158.0,181.0,196.0,201.0,284.0,295.0,297.0,344.0,356.0,427.0,443.0,452.0,458.0,465.0,472.0,476.0,515.0,588.0,632.0,659.0,664.0,668.0,669.0,674.0,685.0,705.0,718.0,779.0,796.0,833.0,839.0,888.0,911.0,921.0,954.0,
51.0,87.0,92.0,127.0,127.0,130.0,249.0,253.0,254.0,282.0,321.0,335.0,348.0,365.0,377.0,414.0,461.0,465.0,483.0,550.0,563.0,587.0,630.0,647.0,659.0,662.0,673.0,679.0,687.0,730.0,786.0,865.0,886.0,894.0,928.0,954.0,991.0,
8.0,22.0,86.0,119.0,151.0,153.0,216.0,218.0,229.0,245.0,299.0,310.0,363.0,389.0,442.0,492.0,506.0,514.0,594.0,600.0,662.0,684.0,731.0,750.0,751.0,765.0,777.0,837.0,838.0,849.0,911.0,915.0,947.0,955.0,997.0,
37.0,83.0,90.0,162.0,212.0,277.0,323.0,356.0,410.0,477.0,483.0,485.0,512.0,515.0,529.0,549.0,563.0,572.0,574.0,640.0,667.0,702.0,706.0,740.0,774.0,783.0,828.0,846.0,859.0,875.0,894.0,944.0,948.0,955.0,996.0,
20.0,29.0,37.0,62.0,73.0,152.0,175.0,201.0,221.0,230.0,258.0,301.0,304.0,309.0,362.0,400.0,430.0,430.0,437.0,477.0,501.0,502.0,507.0,510.0,551.0,569.0,618.0,664.0,728.0,731.0,792.0,809.0,828.0,835.0,
36.0,92.0,130.0,146.0,151.0,156.0,170.0,191.0,209.0,236.0,254.0,313.0,314.0,342.0,409.0,424.0,479.0,538.0,614.0,621.0,632.0,637.0,662.0,715.0,721.0,732.0,814.0,932.0,950.0,985.0,996.0,996.0,
56.0,61.0,65.0,68.0,86.0,150.0,221.0,239.0,300.0,307.0,312.0,316.0,331.0,354.0,403.0,429.0,547.0,559.0,560.0,587.0,665.0,699.0,788.0,823.0,854.0,857.0,880.0,902.0,921.0,929.0,971.0,
4.0,24.0,26.0,39.0,54.0,115.0,134.0,139.0,143.0,145.0,156.0,160.0,163.0,181.0,204.0,298.0,316.0,318.0,331.0,352.0,367.0,369.0,411.0,472.0,481.0,520.0,528.0,651.0,726.0,761.0,767.0,776.0,792.0,800.0,835.0,853.0,860.0,880.0,925.0,975.0,976.0,
19.0,65.0,71.0,133.0,153.0,165.0,177.0,232.0,307.0,356.0,377.0,390.0,397.0,410.0,435.0,442.0,457.0,486.0,487.0,531.0,560.0,596.0,602.0,610.0,617.0,636.0,684.0,706.0,710.0,750.0,772.0,806.0,835.0,928.0,942.0,956.0,973.0,985.0,990.0,
5.0,50.0,56.0,113.0,135.0,180.0,214.0,271.0,272.0,321.0,367.0,385.0,386.0,396.0,398.0,401.0,462.0,463.0,486.0,489.0,500.0,516.0,533.0,558.0,599.0,680.0,709.0,757.0,833.0,834.0,837.0,860.0,886.0,897.0,918.0,927.0,936.0,941.0,953.0,
9.0,15.0,21.0,42.0,82.0,87.0,112.0,171.0,177.0,195.0,217.0,252.0,257.0,290.0,324.0,362.0,411.0,411.0,420.0,460.0,575.0,577.0,584.0,624.0,645.0,656.0,664.0,699.0,737.0,774.0,807.0,886.0,887.0,933.0,940.0,
31.0,40.0,58.0,108.0,126.0,131.0,132.0,156.0,163.0,204.0,298.0,300.0,314.0,326.0,333.0,402.0,413.0,442.0,455.0,487.0,513.0,519.0,583.0,630.0,665.0,666.0,697.0,702.0,704.0,706.0,712.0,726.0,795.0,859.0,874.0,889.0,892.0,931.0,956.0,979.0,
44.0,75.0,82.0,85.0,86.0,180.0,191.0,268.0,295.0,297.0,409.0,428.0,462.0,467.0,496.0,496.0,526.0,591.0,613.0,626.0,627.0,637.0,663.0,671.0,678.0,697.0,723.0,768.0,797.0,832.0,911.0,942.0,947.0,
9.0,20.0,21.0,24.0,63.0,69.0,78.0,109.0,198.0,205.0,207.0,207.0,278.0,291.0,367.0,391.0,446.0,471.0,487.0,509.0,534.0,572.0,576.0,589.0,592.0,594.0,594.0,623.0,640.0,643.0,677.0,692.0,724.0,725.0,726.0,761.0,761.0,764.0,782.0,943.0,991.0,993.0,
50.0,110.0,118.0,127.0,179.0,245.0,260.0,268.0,282.0,294.0,381.0,468.0,479.0,511.0,539.0,540.0,599.0,601.0,617.0,631.0,649.0,651.0,665.0,678.0,689.0,690.0,704.0,712.0,818.0,825.0,901.0,918.0,964.0,976.0,989.0,994.0,
56.0,115.0,142.0,157.0,222.0,283.0,346.0,396.0,479.0,484.0,486.0,504.0,598.0,660.0,669.0,747.0,755.0,793.0,801.0,852.0,926.0,930.0,
32.0,39.0,50.0,94.0,117.0,155.0,166.0,189.0,265.0,323.0,342.0,346.0,351.0,357.0,361.0,372.0,400.0,407.0,415.0,430.0,474.0,505.0,538.0,570.0,678.0,727.0,730.0,752.0,785.0,785.0,787.0,808.0,841.0,842.0,854.0,897.0,928.0,929.0,946.0,952.0,955.0,960.0,967.0,975.0,980.0,
55.0,75.0,88.0,113.0,114.0,128.0,130.0,130.0,162.0,173.0,173.0,208.0,222.0,235.0,249.0,270.0,286.0,304.0,313.0,319.0,320.0,366.0,410.0,447.0,451.0,575.0,591.0,594.0,594.0,616.0,632.0,684.0,693.0,796.0,843.0,850.0,871.0,894.0,925.0,961.0,968.0,979.0,
20.0,45.0,48.0,81.0,88.0,89.0,146.0,158.0,256.0,274.0,329.0,357.0,378.0,404.0,414.0,493.0,539.0,629.0,650.0,727.0,754.0,774.0,784.0,833.0,834.0,851.0,860.0,915.0,955.0,984.0,991.0,
4.0,9.0,11.0,57.0,65.0,73.0,104.0,116.0,135.0,136.0,142.0,205.0,263.0,267.0,301.0,344.0,345.0,354.0,363.0,378.0,394.0,395.0,405.0,414.0,436.0,439.0,443.0,484.0,510.0,525.0,527.0,537.0,541.0,545.0,612.0,637.0,651.0,702.0,715.0,735.0,764.0,828.0,832.0,857.0,905.0,907.0,923.0,958.0,
7.0,45.0,94.0,186.0,195.0,204.0,223.0,317.0,340.0,341.0,359.0,374.0,392.0,399.0,441.0,483.0,499.0,528.0,534.0,558.0,577.0,580.0,630.0,632.0,651.0,673.0,686.0,713.0,779.0,823.0,927.0,950.0,968.0,
34.0,39.0,64.0,232.0,353.0,369.0,374.0,382.0,454.0,512.0,579.0,627.0,645.0,685.0,802.0,836.0,888.0,908.0,908.0,931.0,948.0,953.0,979.0,
27.0,70.0,104.0,121.0,134.0,205.0,209.0,214.0,218.0,312.0,316.0,368.0,377.0,386.0,389.0,397.0,416.0,417.0,432.0,445.0,458.0,470.0,475.0,508.0,566.0,597.0,641.0,657.0,660.0,678.0,702.0,780.0,830.0,863.0,868.0,879.0,898.0,904.0,969.0,986.0,993.0,
6.0,11.0,18.0,42.0,51.0,86.0,127.0,131.0,141.0,143.0,153.0,180.0,195.0,213.0,232.0,255.0,293.0,301.0,303.0,305.0,318.0,393.0,405.0,417.0,496.0,497.0,533.0,538.0,541.0,582.0,654.0,688.0,730.0,732.0,750.0,765.0,779.0,803.0,810.0,845.0,847.0,865.0,881.0,882.0,914.0,926.0,974.0,983.0,996.0,
4.0,47.0,50.0,87.0,216.0,229.0,237.0,253.0,267.0,271.0,276.0,282.0,312.0,320.0,329.0,331.0,340.0,359.0,365.0,381.0,457.0,492.0,585.0,597.0,628.0,664.0,684.0,685.0,717.0,732.0,781.0,815.0,832.0,834.0,875.0,899.0,942.0,964.0,980.0,999.0,
5.0,48.0,48.0,80.0,102.0,144.0,183.0,185.0,196.0,206.0,268.0,299.0,310.0,345.0,355.0,363.0,377.0,383.0,394.0,434.0,448.0,454.0,455.0,460.0,497.0,510.0,610.0,654.0,683.0,706.0,792.0,811.0,825.0,839.0,884.0,
13.0,29.0,47.0,143.0,157.0,183.0,240.0,293.0,322.0,332.0,360.0,420.0,428.0,462.0,518.0,519.0,531.0,543.0,573.0,614.0,697.0,713.0,814.0,908.0,908.0,919.0,937.0,941.0,961.0,
30.0,38.0,53.0,117.0,146.0,164.0,171.0,185.0,271.0,271.0,401.0,411.0,423.0,455.0,470.0,488.0,504.0,505.0,542.0,551.0,551.0,557.0,561.0,579.0,607.0,619.0,628.0,647.0,725.0,737.0,819.0,827.0,847.0,877.0,983.0,
71.0,82.0,120.0,126.0,191.0,199.0,262.0,273.0,311.0,325.0,338.0,339.0,356.0,364.0,367.0,382.0,464.0,472.0,512.0,601.0,616.0,649.0,650.0,691.0,697.0,729.0,752.0,754.0,763.0,771.0,863.0,906.0,953.0,997.0,
112.0,175.0,185.0,220.0,225.0,227.0,230.0,255.0,262.0,263.0,268.0,302.0,331.0,339.0,377.0,380.0,399.0,434.0,456.0,501.0,529.0,538.0,555.0,564.0,646.0,709.0,717.0,752.0,759.0,822.0,849.0,896.0,911.0,912.0,928.0,949.0,
72.0,175.0,185.0,192.0,196.0,201.0,217.0,250.0,275.0,278.0,367.0,368.0,371.0,401.0,412.0,421.0,432.0,445.0,448.0,492.0,519.0,542.0,559.0,633.0,637.0,697.0,706.0,709.0,712.0,722.0,726.0,727.0,730.0,749.0,792.0,793.0,833.0,860.0,866.0,933.0,959.0,980.0,987.0,
17.0,19.0,85.0,130.0,145.0,209.0,212.0,227.0,264.0,299.0,353.0,353.0,378.0,451.0,480.0,482.0,497.0,498.0,512.0,519.0,537.0,545.0,553.0,566.0,737.0,745.0,779.0,782.0,856.0,866.0,879.0,900.0,935.0,936.0,966.0,979.0,998.0,
32.0,32.0,69.0,76.0,88.0,105.0,115.0,119.0,144.0,151.0,151.0,152.0,215.0,227.0,262.0,316.0,342.0,367.0,373.0,376.0,425.0,604.0,605.0,694.0,719.0,729.0,753.0,798.0,827.0,834.0,871.0,
24.0,53.0,55.0,88.0,89.0,102.0,160.0,254.0,269.0,333.0,355.0,362.0,373.0,413.0,453.0,485.0,528.0,541.0,542.0,584.0,607.0,614.0,651.0,657.0,665.0,666.0,673.0,680.0,711.0,716.0,752.0,803.0,810.0,844.0,864.0,905.0,917.0,920.0,921.0,958.0,
23.0,28.0,34.0,42.0,65.0,98.0,112.0,120.0,126.0,139.0,140.0,241.0,249.0,297.0,364.0,380.0,388.0,394.0,402.0,432.0,498.0,504.0,532.0,539.0,561.0,569.0,654.0,664.0,720.0,765.0,784.0,800.0,865.0,925.0,978.0,
20.0,57.0,101.0,102.0,150.0,168.0,202.0,207.0,246.0,248.0,289.0,298.0,305.0,329.0,370.0,376.0,424.0,433.0,436.0,443.0,445.0,472.0,525.0,529.0,558.0,579.0,621.0,676.0,677.0,688.0,730.0,766.0,781.0,818.0,821.0,826.0,839.0,845.0,876.0,896.0,927.0,974.0,997.0,
11.0,26.0,79.0,84.0,139.0,139.0,235.0,243.0,253.0,270.0,281.0,282.0,295.0,307.0,396.0,439.0,475.0,528.0,533.0,538.0,552.0,553.0,555.0,576.0,582.0,584.0,605.0,612.0,614.0,687.0,703.0,707.0,731.0,738.0,741.0,742.0,743.0,753.0,759.0,764.0,771.0,776.0,778.0,807.0,847.0,861.0,867.0,918.0,934.0,978.0,979.0,
3.0,94.0,96.0,143.0,184.0,200.0,221.0,227.0,238.0,243.0,288.0,300.0,307.0,331.0,347.0,362.0,375.0,396.0,410.0,459.0,462.0,489.0,501.0,524.0,526.0,539.0,541.0,543.0,553.0,578.0,591.0,604.0,606.0,608.0,610.0,616.0,626.0,630.0,634.0,635.0,636.0,643.0,649.0,656.0,683.0,710.0,717.0,724.0,727.0,744.0,757.0,762.0,774.0,789.0,797.0,798.0,804.0,823.0,851.0,861.0,874.0,896.0,902.0,940.0,959.0,973.0,
29.0,44.0,65.0,88.0,146.0,175.0,181.0,265.0,271.0,273.0,275.0,353.0,367.0,381.0,388.0,399.0,407.0,454.0,495.0,497.0,521.0,528.0,531.0,545.0,549.0,560.0,575.0,592.0,594.0,598.0,621.0,627.0,633.0,639.0,652.0,659.0,665.0,713.0,714.0,755.0,762.0,771.0,790.0,791.0,801.0,815.0,818.0,841.0,863.0,877.0,897.0,905.0,915.0,921.0,952.0,981.0,984.0,994.0,
121.0,131.0,150.0,156.0,170.0,180.0,188.0,197.0,226.0,239.0,292.0,295.0,333.0,348.0,406.0,416.0,438.0,458.0,494.0,519.0,524.0,539.0,545.0,547.0,551.0,627.0,641.0,650.0,683.0,692.0,784.0,787.0,796.0,836.0,846.0,846.0,852.0,867.0,957.0,971.0,
11.0,14.0,49.0,95.0,96.0,116.0,181.0,185.0,238.0,271.0,284.0,362.0,365.0,479.0,508.0,524.0,652.0,759.0,763.0,882.0,895.0,905.0,933.0,942.0,957.0,973.0,974.0,987.0,992.0,
54.0,81.0,94.0,139.0,171.0,206.0,271.0,280.0,344.0,356.0,374.0,378.0,381.0,393.0,403.0,404.0,443.0,461.0,471.0,516.0,542.0,646.0,657.0,672.0,673.0,826.0,834.0,838.0,913.0,958.0,975.0,996.0,
91.0,99.0,113.0,123.0,134.0,244.0,274.0,303.0,347.0,370.0,375.0,378.0,383.0,398.0,402.0,415.0,447.0,484.0,487.0,536.0,544.0,604.0,611.0,617.0,655.0,657.0,667.0,701.0,719.0,771.0,780.0,813.0,819.0,835.0,858.0,865.0,885.0,988.0,
22.0,23.0,32.0,36.0,57.0,75.0,172.0,188.0,271.0,286.0,287.0,287.0,295.0,314.0,329.0,417.0,436.0,480.0,528.0,530.0,537.0,552.0,558.0,634.0,672.0,677.0,710.0,719.0,722.0,725.0,772.0,799.0,816.0,837.0,908.0,923.0,943.0,981.0,987.0,
27.0,35.0,38.0,48.0,100.0,129.0,166.0,173.0,197.0,214.0,224.0,235.0,263.0,267.0,281.0,291.0,340.0,371.0,392.0,398.0,407.0,407.0,501.0,525.0,534.0,593.0,635.0,665.0,765.0,844.0,862.0,890.0,1000.0,
42.0,138.0,150.0,230.0,281.0,322.0,328.0,365.0,373.0,385.0,392.0,412.0,424.0,435.0,447.0,501.0,516.0,544.0,559.0,560.0,572.0,609.0,614.0,644.0,648.0,667.0,687.0,715.0,771.0,774.0,805.0,851.0,900.0,927.0,996.0,
13.0,43.0,79.0,91.0,105.0,127.0,161.0,199.0,215.0,238.0,253.0,255.0,288.0,330.0,335.0,335.0,359.0,361.0,384.0,405.0,437.0,452.0,508.0,514.0,527.0,527.0,530.0,532.0,533.0,535.0,540.0,543.0,547.0,550.0,555.0,559.0,565.0,569.0,573.0,573.0,579.0,579.0,619.0,623.0,626.0,626.0,627.0,629.0,638.0,655.0,655.0,656.0,662.0,667.0,677.0,684.0,694.0,695.0,708.0,726.0,744.0,784.0,785.0,813.0,820.0,828.0,866.0,880.0,902.0,916.0,919.0,928.0,934.0,938.0,956.0,956.0,957.0,959.0,963.0,972.0,973.0,983.0,
34.0,54.0,112.0,132.0,149.0,161.0,185.0,228.0,274.0,276.0,278.0,334.0,341.0,398.0,505.0,506.0,521.0,529.0,543.0,549.0,553.0,557.0,560.0,565.0,565.0,567.0,570.0,571.0,578.0,583.0,587.0,592.0,608.0,611.0,613.0,621.0,623.0,651.0,655.0,658.0,658.0,676.0,678.0,681.0,686.0,686.0,704.0,717.0,726.0,732.0,735.0,784.0,790.0,793.0,811.0,812.0,859.0,871.0,881.0,884.0,895.0,896.0,899.0,901.0,907.0,908.0,912.0,933.0,942.0,942.0,957.0,997.0,997.0,
29.0,45.0,77.0,86.0,122.0,204.0,231.0,293.0,305.0,343.0,368.0,384.0,394.0,399.0,405.0,483.0,520.0,524.0,527.0,531.0,534.0,535.0,535.0,551.0,557.0,563.0,566.0,579.0,584.0,589.0,595.0,612.0,623.0,623.0,628.0,636.0,638.0,639.0,653.0,671.0,671.0,673.0,677.0,705.0,716.0,719.0,723.0,725.0,740.0,753.0,757.0,765.0,766.0,774.0,799.0,801.0,807.0,825.0,829.0,835.0,867.0,876.0,879.0,879.0,904.0,905.0,920.0,937.0,944.0,949.0,969.0,972.0,974.0,978.0,989.0,991.0,995.0,
9.0,19.0,29.0,44.0,49.0,64.0,69.0,80.0,81.0,89.0,96.0,120.0,159.0,178.0,180.0,183.0,212.0,247.0,254.0,255.0,256.0,261.0,279.0,348.0,350.0,355.0,363.0,389.0,409.0,485.0,499.0,517.0,537.0,539.0,559.0,565.0,573.0,598.0,602.0,616.0,669.0,703.0,708.0,715.0,719.0,787.0,799.0,820.0,841.0,885.0,914.0,923.0,993.0,997.0,
24.0,30.0,33.0,178.0,218.0,277.0,289.0,368.0,374.0,464.0,545.0,565.0,623.0,678.0,693.0,715.0,723.0,731.0,765.0,787.0,821.0,838.0,864.0,916.0,
66.0,73.0,96.0,99.0,106.0,117.0,156.0,229.0,231.0,234.0,594.0,612.0,618.0,672.0,683.0,747.0,819.0,856.0,894.0,902.0,921.0,961.0,971.0,980.0,
17.0,23.0,25.0,35.0,45.0,66.0,77.0,110.0,120.0,123.0,152.0,169.0,224.0,229.0,252.0,312.0,315.0,398.0,425.0,470.0,557.0,557.0,578.0,614.0,640.0,648.0,654.0,691.0,718.0,719.0,731.0,744.0,750.0,867.0,925.0,934.0,940.0,986.0,
70.0,75.0,81.0,93.0,238.0,256.0,299.0,362.0,394.0,464.0,468.0,485.0,511.0,531.0,564.0,612.0,614.0,633.0,647.0,656.0,666.0,668.0,692.0,809.0,816.0,889.0,920.0,944.0,969.0,
29.0,55.0,78.0,84.0,89.0,112.0,138.0,168.0,175.0,195.0,205.0,228.0,231.0,313.0,314.0,325.0,379.0,425.0,468.0,530.0,547.0,553.0,554.0,623.0,672.0,675.0,683.0,704.0,717.0,776.0,803.0,832.0,832.0,860.0,864.0,864.0,910.0,915.0,925.0,940.0,971.0,972.0,
8.0,15.0,121.0,126.0,148.0,155.0,205.0,207.0,248.0,296.0,333.0,343.0,358.0,368.0,369.0,384.0,465.0,488.0,492.0,532.0,543.0,563.0,652.0,689.0,695.0,887.0,891.0,920.0,
13.0,20.0,27.0,33.0,49.0,110.0,118.0,120.0,145.0,189.0,202.0,265.0,269.0,286.0,319.0,341.0,357.0,372.0,381.0,403.0,411.0,448.0,475.0,485.0,501.0,530.0,531.0,533.0,537.0,538.0,541.0,547.0,548.0,553.0,554.0,557.0,573.0,574.0,587.0,589.0,608.0,609.0,610.0,619.0,627.0,637.0,651.0,689.0,695.0,705.0,721.0,725.0,728.0,741.0,747.0,767.0,769.0,798.0,811.0,817.0,822.0,891.0,897.0,902.0,904.0,910.0,920.0,937.0,965.0,973.0,985.0,
22.0,22.0,91.0,102.0,183.0,208.0,221.0,283.0,306.0,307.0,375.0,399.0,402.0,426.0,440.0,454.0,459.0,511.0,517.0,526.0,528.0,528.0,541.0,542.0,550.0,552.0,558.0,562.0,562.0,565.0,566.0,567.0,570.0,573.0,575.0,590.0,595.0,595.0,617.0,626.0,644.0,645.0,647.0,659.0,675.0,681.0,684.0,688.0,689.0,690.0,693.0,727.0,735.0,742.0,746.0,746.0,747.0,765.0,785.0,788.0,807.0,824.0,834.0,835.0,837.0,849.0,866.0,874.0,890.0,905.0,915.0,915.0,920.0,942.0,961.0,980.0,997.0,
6.0,17.0,21.0,42.0,62.0,154.0,168.0,196.0,204.0,213.0,235.0,238.0,242.0,259.0,312.0,323.0,333.0,355.0,398.0,441.0,453.0,501.0,512.0,524.0,529.0,538.0,541.0,550.0,560.0,560.0,563.0,577.0,582.0,590.0,598.0,598.0,601.0,604.0,606.0,614.0,641.0,648.0,652.0,652.0,670.0,698.0,717.0,717.0,725.0,778.0,787.0,841.0,911.0,911.0,923.0,965.0,969.0,973.0,975.0,982.0,
15.0,22.0,27.0,74.0,84.0,90.0,190.0,223.0,286.0,298.0,315.0,371.0,405.0,431.0,478.0,480.0,486.0,499.0,500.0,520.0,552.0,553.0,605.0,672.0,673.0,695.0,696.0,701.0,708.0,721.0,802.0,902.0,914.0,946.0,973.0,
18.0,20.0,58.0,71.0,75.0,116.0,153.0,166.0,273.0,336.0,354.0,385.0,400.0,454.0,456.0,497.0,593.0,602.0,627.0,643.0,658.0,665.0,701.0,704.0,756.0,777.0,814.0,853.0,897.0,939.0,940.0,965.0,971.0,974.0,993.0,
25.0,43.0,77.0,93.0,116.0,121.0,186.0,269.0,425.0,488.0,522.0,746.0,762.0,762.0,867.0,878.0,896.0,920.0,984.0,
4.0,8.0,23.0,30.0,80.0,99.0,108.0,147.0,247.0,261.0,265.0,324.0,344.0,364.0,395.0,450.0,509.0,518.0,530.0,551.0,581.0,584.0,612.0,664.0,676.0,693.0,700.0,705.0,774.0,790.0,795.0,809.0,834.0,869.0,972.0,986.0,
21.0,24.0,83.0,87.0,120.0,124.0,199.0,275.0,375.0,399.0,429.0,443.0,476.0,482.0,527.0,548.0,564.0,605.0,605.0,618.0,644.0,645.0,699.0,736.0,743.0,766.0,775.0,826.0,847.0,872.0,877.0,940.0,993.0,
42.0,85.0,203.0,209.0,253.0,260.0,292.0,330.0,350.0,376.0,386.0,513.0,547.0,581.0,598.0,607.0,630.0,673.0,717.0,725.0,737.0,752.0,757.0,763.0,764.0,766.0,782.0,801.0,884.0,938.0,979.0,994.0,
43.0,85.0,154.0,165.0,211.0,233.0,276.0,278.0,313.0,323.0,411.0,425.0,454.0,460.0,509.0,511.0,515.0,537.0,574.0,614.0,619.0,681.0,683.0,690.0,742.0,781.0,807.0,843.0,872.0,985.0,
97.0,114.0,161.0,186.0,213.0,225.0,287.0,290.0,308.0,316.0,339.0,341.0,352.0,378.0,423.0,447.0,482.0,498.0,511.0,533.0,533.0,537.0,541.0,547.0,581.0,592.0,636.0,658.0,684.0,689.0,718.0,725.0,782.0,811.0,837.0,963.0,
8.0,20.0,107.0,111.0,137.0,163.0,204.0,231.0,256.0,280.0,300.0,301.0,313.0,315.0,339.0,356.0,401.0,411.0,436.0,510.0,537.0,549.0,567.0,587.0,604.0,610.0,611.0,635.0,664.0,713.0,730.0,735.0,743.0,752.0,755.0,775.0,801.0,873.0,875.0,983.0,
76.0,107.0,139.0,194.0,255.0,283.0,289.0,317.0,343.0,345.0,376.0,482.0,499.0,501.0,511.0,541.0,569.0,576.0,640.0,658.0,681.0,798.0,813.0,903.0,954.0,998.0,
5.0,14.0,29.0,63.0,82.0,109.0,131.0,142.0,171.0,210.0,271.0,279.0,285.0,341.0,351.0,358.0,371.0,380.0,385.0,393.0,394.0,397.0,408.0,419.0,478.0,503.0,512.0,516.0,555.0,600.0,618.0,633.0,670.0,695.0,742.0,744.0,746.0,803.0,815.0,832.0,906.0,911.0,931.0,960.0,972.0,976.0,989.0,
34.0,61.0,85.0,147.0,179.0,211.0,216.0,219.0,248.0,288.0,382.0,385.0,389.0,393.0,420.0,461.0,467.0,501.0,510.0,547.0,601.0,604.0,612.0,618.0,668.0,711.0,731.0,734.0,765.0,787.0,860.0,862.0,900.0,947.0,955.0,978.0,982.0,
48.0,64.0,105.0,124.0,148.0,182.0,192.0,196.0,200.0,208.0,241.0,295.0,301.0,315.0,348.0,385.0,405.0,443.0,461.0,466.0,502.0,570.0,587.0,590.0,613.0,653.0,676.0,679.0,757.0,762.0,773.0,775.0,846.0,867.0,922.0,931.0,969.0,971.0,978.0,979.0,991.0,1000.0,
2.0,12.0,13.0,21.0,33.0,44.0,62.0,74.0,76.0,97.0,97.0,154.0,168.0,185.0,208.0,222.0,229.0,292.0,310.0,343.0,371.0,413.0,415.0,421.0,452.0,459.0,495.0,543.0,575.0,579.0,583.0,586.0,593.0,626.0,667.0,676.0,683.0,708.0,789.0,837.0,852.0,884.0,886.0,948.0,
56.0,57.0,68.0,135.0,151.0,168.0,212.0,216.0,218.0,235.0,259.0,303.0,350.0,382.0,387.0,415.0,416.0,432.0,456.0,469.0,471.0,479.0,527.0,534.0,564.0,566.0,579.0,627.0,670.0,721.0,748.0,770.0,781.0,783.0,802.0,950.0,958.0,969.0,
5.0,10.0,14.0,17.0,18.0,23.0,37.0,38.0,50.0,93.0,116.0,140.0,147.0,236.0,263.0,294.0,326.0,331.0,363.0,363.0,364.0,375.0,394.0,398.0,421.0,432.0,440.0,454.0,470.0,533.0,552.0,556.0,556.0,579.0,591.0,626.0,630.0,645.0,660.0,666.0,692.0,695.0,765.0,794.0,841.0,879.0,921.0,992.0,
15.0,31.0,78.0,83.0,94.0,113.0,122.0,140.0,177.0,193.0,259.0,289.0,301.0,304.0,307.0,334.0,365.0,402.0,415.0,416.0,422.0,434.0,439.0,470.0,472.0,485.0,503.0,524.0,653.0,675.0,717.0,725.0,737.0,738.0,830.0,892.0,919.0,928.0,981.0,
6.0,11.0,49.0,52.0,152.0,189.0,220.0,235.0,247.0,296.0,304.0,310.0,315.0,358.0,364.0,460.0,466.0,528.0,534.0,591.0,675.0,814.0,815.0,828.0,865.0,866.0,905.0,920.0,963.0,968.0,985.0,
11.0,13.0,45.0,93.0,95.0,96.0,116.0,123.0,140.0,152.0,226.0,312.0,375.0,391.0,393.0,395.0,528.0,612.0,622.0,622.0,649.0,680.0,690.0,745.0,747.0,791.0,806.0,814.0,831.0,864.0,899.0,945.0,960.0,
55.0,86.0,93.0,158.0,182.0,186.0,237.0,250.0,260.0,267.0,271.0,272.0,294.0,333.0,366.0,372.0,407.0,453.0,518.0,534.0,541.0,549.0,688.0,715.0,845.0,883.0,895.0,920.0,947.0,980.0,990.0,
9.0,43.0,48.0,98.0,115.0,125.0,183.0,201.0,231.0,248.0,263.0,269.0,327.0,332.0,337.0,378.0,381.0,428.0,467.0,469.0,473.0,487.0,533.0,558.0,587.0,631.0,665.0,706.0,720.0,732.0,741.0,752.0,757.0,805.0,830.0,851.0,859.0,860.0,864.0,871.0,898.0,968.0,988.0,
24.0,30.0,48.0,63.0,77.0,99.0,187.0,207.0,250.0,258.0,303.0,360.0,373.0,386.0,393.0,457.0,459.0,516.0,523.0,538.0,559.0,568.0,596.0,606.0,618.0,625.0,675.0,686.0,690.0,697.0,719.0,722.0,775.0,800.0,809.0,847.0,866.0,879.0,881.0,897.0,904.0,954.0,983.0,988.0,997.0,
3.0,15.0,19.0,27.0,43.0,47.0,63.0,94.0,181.0,233.0,246.0,268.0,277.0,279.0,282.0,303.0,304.0,323.0,374.0,395.0,427.0,492.0,593.0,607.0,641.0,679.0,684.0,695.0,733.0,753.0,767.0,815.0,830.0,831.0,858.0,924.0,949.0,
8.0,13.0,14.0,19.0,53.0,60.0,91.0,113.0,149.0,151.0,154.0,195.0,196.0,206.0,226.0,266.0,299.0,307.0,381.0,418.0,435.0,463.0,477.0,483.0,528.0,528.0,543.0,551.0,619.0,688.0,699.0,705.0,743.0,774.0,809.0,835.0,835.0,839.0,852.0,855.0,882.0,940.0,942.0,950.0,992.0,
12.0,12.0,24.0,24.0,70.0,72.0,96.0,125.0,160.0,191.0,239.0,262.0,270.0,272.0,317.0,329.0,358.0,409.0,443.0,535.0,544.0,551.0,582.0,610.0,633.0,635.0,647.0,663.0,673.0,713.0,734.0,768.0,837.0,858.0,890.0,906.0,907.0,990.0,
24.0,39.0,60.0,99.0,143.0,155.0,187.0,241.0,373.0,384.0,386.0,395.0,450.0,490.0,515.0,531.0,571.0,595.0,633.0,635.0,637.0,651.0,754.0,765.0,798.0,845.0,890.0,931.0,953.0,992.0,
6.0,8.0,32.0,94.0,173.0,190.0,282.0,282.0,302.0,348.0,355.0,379.0,382.0,406.0,423.0,490.0,568.0,571.0,579.0,582.0,617.0,648.0,851.0,857.0,903.0,907.0,931.0,993.0,
59.0,78.0,89.0,108.0,130.0,146.0,159.0,172.0,174.0,203.0,239.0,244.0,245.0,248.0,376.0,443.0,464.0,482.0,498.0,515.0,526.0,640.0,682.0,696.0,717.0,744.0,758.0,781.0,808.0,810.0,834.0,948.0,992.0,
10.0,11.0,32.0,42.0,96.0,119.0,122.0,153.0,184.0,243.0,254.0,307.0,313.0,315.0,323.0,387.0,459.0,471.0,477.0,481.0,547.0,574.0,596.0,601.0,618.0,630.0,698.0,767.0,811.0,821.0,850.0,857.0,963.0,982.0,982.0,
39.0,81.0,88.0,90.0,170.0,228.0,240.0,250.0,252.0,276.0,290.0,291.0,344.0,357.0,361.0,374.0,391.0,391.0,428.0,437.0,515.0,543.0,608.0,610.0,610.0,665.0,672.0,677.0,682.0,698.0,724.0,726.0,734.0,796.0,834.0,834.0,864.0,869.0,884.0,890.0,917.0,925.0,929.0,
21.0,35.0,54.0,66.0,72.0,74.0,81.0,94.0,115.0,125.0,130.0,143.0,206.0,220.0,259.0,266.0,271.0,273.0,356.0,360.0,413.0,484.0,534.0,539.0,541.0,597.0,609.0,624.0,674.0,688.0,768.0,815.0,846.0,911.0,937.0,952.0,957.0,983.0,
3.0,51.0,60.0,83.0,145.0,183.0,209.0,219.0,306.0,352.0,356.0,365.0,410.0,414.0,416.0,449.0,449.0,469.0,507.0,548.0,565.0,591.0,622.0,670.0,706.0,718.0,750.0,773.0,824.0,824.0,860.0,866.0,878.0,881.0,892.0,933.0,971.0,984.0,992.0,
16.0,49.0,50.0,51.0,51.0,133.0,156.0,159.0,287.0,292.0,343.0,378.0,381.0,424.0,429.0,458.0,509.0,519.0,590.0,613.0,617.0,625.0,643.0,678.0,745.0,792.0,825.0,837.0,848.0,856.0,858.0,872.0,
