30.0,39.0,99.0,122.0,129.0,134.0,135.0,151.0,212.0,337.0,348.0,363.0,383.0,408.0,502.0,512.0,631.0,672.0,710.0,711.0,722.0,771.0,774.0,855.0,863.0,884.0,902.0,923.0,942.0,948.0,980.0,984.0,991.0,
22.0,52.0,53.0,60.0,80.0,81.0,87.0,132.0,141.0,168.0,208.0,222.0,222.0,231.0,233.0,275.0,280.0,295.0,528.0,596.0,651.0,652.0,697.0,715.0,750.0,781.0,800.0,814.0,837.0,839.0,863.0,931.0,964.0,992.0,
6.0,7.0,44.0,52.0,52.0,99.0,163.0,165.0,187.0,217.0,225.0,241.0,274.0,282.0,289.0,384.0,396.0,402.0,408.0,416.0,433.0,458.0,463.0,512.0,514.0,551.0,558.0,637.0,659.0,671.0,710.0,734.0,844.0,885.0,947.0,964.0,
45.0,58.0,66.0,83.0,86.0,123.0,231.0,258.0,322.0,329.0,338.0,348.0,355.0,386.0,393.0,412.0,423.0,440.0,549.0,555.0,576.0,577.0,607.0,629.0,641.0,642.0,654.0,658.0,703.0,830.0,852.0,868.0,871.0,897.0,920.0,946.0,953.0,954.0,973.0,977.0,985.0,
19.0,43.0,44.0,131.0,134.0,156.0,159.0,222.0,271.0,306.0,351.0,374.0,375.0,388.0,415.0,424.0,455.0,459.0,473.0,557.0,563.0,580.0,606.0,625.0,663.0,673.0,710.0,719.0,761.0,845.0,853.0,909.0,932.0,981.0,984.0,
5.0,7.0,9.0,83.0,105.0,147.0,149.0,150.0,168.0,214.0,218.0,241.0,247.0,281.0,297.0,336.0,355.0,388.0,390.0,392.0,402.0,406.0,408.0,409.0,432.0,441.0,484.0,492.0,496.0,530.0,543.0,557.0,557.0,567.0,633.0,638.0,728.0,796.0,832.0,857.0,862.0,864.0,878.0,923.0,942.0,968.0,
24.0,63.0,93.0,101.0,117.0,120.0,122.0,127.0,131.0,132.0,194.0,198.0,244.0,341.0,352.0,374.0,472.0,479.0,526.0,576.0,614.0,625.0,633.0,718.0,751.0,757.0,802.0,860.0,972.0,974.0,993.0,
18.0,37.0,102.0,103.0,119.0,217.0,222.0,232.0,238.0,276.0,288.0,401.0,404.0,406.0,418.0,470.0,471.0,478.0,490.0,587.0,607.0,642.0,653.0,670.0,683.0,714.0,722.0,723.0,731.0,734.0,745.0,772.0,814.0,825.0,839.0,848.0,931.0,982.0,987.0,
27.0,44.0,53.0,91.0,123.0,143.0,149.0,169.0,198.0,204.0,223.0,231.0,273.0,295.0,335.0,338.0,374.0,393.0,409.0,446.0,456.0,469.0,486.0,529.0,547.0,565.0,570.0,595.0,600.0,614.0,655.0,686.0,702.0,702.0,732.0,739.0,744.0,776.0,819.0,827.0,883.0,893.0,930.0,931.0,951.0,963.0,972.0,981.0,
10.0,78.0,90.0,107.0,118.0,159.0,212.0,217.0,236.0,242.0,271.0,295.0,313.0,317.0,324.0,324.0,372.0,383.0,435.0,454.0,457.0,493.0,514.0,553.0,584.0,588.0,589.0,654.0,741.0,741.0,749.0,782.0,796.0,870.0,895.0,920.0,930.0,991.0,
17.0,94.0,122.0,133.0,181.0,252.0,308.0,316.0,387.0,421.0,444.0,460.0,462.0,522.0,528.0,531.0,543.0,577.0,616.0,643.0,666.0,689.0,705.0,706.0,724.0,736.0,801.0,846.0,865.0,891.0,914.0,940.0,975.0,996.0,
14.0,38.0,40.0,57.0,86.0,110.0,156.0,156.0,165.0,168.0,185.0,188.0,191.0,209.0,268.0,291.0,334.0,434.0,461.0,492.0,498.0,510.0,559.0,620.0,627.0,640.0,702.0,746.0,831.0,831.0,840.0,847.0,863.0,872.0,877.0,888.0,917.0,925.0,948.0,949.0,956.0,
14.0,29.0,30.0,81.0,208.0,221.0,239.0,305.0,311.0,318.0,353.0,358.0,378.0,383.0,384.0,411.0,436.0,441.0,446.0,447.0,459.0,473.0,484.0,500.0,554.0,569.0,576.0,599.0,631.0,634.0,642.0,644.0,731.0,750.0,821.0,854.0,868.0,882.0,886.0,899.0,917.0,930.0,999.0,
7.0,11.0,39.0,49.0,90.0,127.0,242.0,290.0,393.0,428.0,454.0,495.0,503.0,513.0,582.0,616.0,634.0,669.0,678.0,706.0,737.0,759.0,775.0,777.0,790.0,828.0,863.0,908.0,910.0,926.0,936.0,936.0,936.0,948.0,973.0,
106.0,243.0,258.0,286.0,307.0,331.0,428.0,485.0,512.0,572.0,601.0,604.0,626.0,627.0,660.0,699.0,722.0,763.0,766.0,847.0,910.0,932.0,
41.0,45.0,58.0,69.0,94.0,94.0,103.0,110.0,153.0,171.0,218.0,265.0,303.0,317.0,331.0,378.0,379.0,390.0,390.0,403.0,407.0,414.0,423.0,452.0,493.0,523.0,554.0,601.0,607.0,647.0,708.0,722.0,793.0,796.0,801.0,804.0,813.0,839.0,874.0,894.0,906.0,970.0,985.0,
25.0,53.0,112.0,209.0,276.0,282.0,284.0,295.0,433.0,438.0,468.0,482.0,485.0,546.0,552.0,558.0,583.0,600.0,604.0,607.0,625.0,625.0,654.0,666.0,689.0,700.0,715.0,756.0,761.0,769.0,775.0,796.0,838.0,855.0,865.0,869.0,883.0,912.0,942.0,949.0,
15.0,119.0,133.0,161.0,163.0,169.0,220.0,239.0,240.0,244.0,399.0,402.0,421.0,436.0,436.0,438.0,500.0,515.0,590.0,612.0,647.0,651.0,698.0,701.0,736.0,753.0,756.0,816.0,831.0,848.0,854.0,902.0,927.0,964.0,990.0,
12.0,31.0,60.0,62.0,74.0,93.0,153.0,168.0,210.0,221.0,258.0,262.0,328.0,332.0,359.0,385.0,408.0,462.0,463.0,485.0,524.0,583.0,689.0,708.0,722.0,816.0,827.0,836.0,868.0,921.0,996.0,
43.0,62.0,96.0,100.0,104.0,104.0,135.0,151.0,165.0,166.0,182.0,213.0,231.0,249.0,292.0,302.0,319.0,324.0,340.0,344.0,363.0,383.0,409.0,409.0,440.0,470.0,501.0,524.0,533.0,537.0,549.0,567.0,592.0,600.0,638.0,662.0,724.0,730.0,738.0,762.0,802.0,822.0,852.0,860.0,877.0,879.0,933.0,987.0,
9.0,9.0,47.0,100.0,132.0,135.0,156.0,161.0,197.0,232.0,287.0,298.0,343.0,358.0,419.0,444.0,456.0,472.0,494.0,562.0,613.0,619.0,651.0,710.0,726.0,746.0,753.0,785.0,801.0,805.0,840.0,910.0,946.0,972.0,991.0,
19.0,34.0,72.0,97.0,148.0,183.0,191.0,197.0,208.0,227.0,269.0,296.0,312.0,351.0,359.0,420.0,433.0,462.0,480.0,517.0,599.0,620.0,620.0,630.0,645.0,658.0,723.0,734.0,741.0,796.0,803.0,881.0,881.0,907.0,946.0,955.0,981.0,
13.0,122.0,175.0,177.0,205.0,217.0,219.0,231.0,249.0,251.0,282.0,323.0,352.0,356.0,373.0,380.0,406.0,526.0,532.0,650.0,689.0,738.0,787.0,796.0,848.0,937.0,973.0,990.0,
58.0,68.0,203.0,235.0,259.0,326.0,331.0,331.0,345.0,394.0,406.0,413.0,421.0,443.0,501.0,519.0,557.0,557.0,563.0,568.0,579.0,605.0,609.0,617.0,630.0,641.0,659.0,677.0,683.0,694.0,783.0,956.0,
48.0,73.0,75.0,141.0,158.0,160.0,164.0,172.0,174.0,180.0,196.0,235.0,268.0,283.0,289.0,352.0,377.0,462.0,481.0,491.0,493.0,505.0,511.0,524.0,533.0,551.0,555.0,577.0,598.0,640.0,669.0,671.0,725.0,782.0,864.0,889.0,891.0,898.0,
2.0,117.0,119.0,125.0,126.0,198.0,198.0,212.0,263.0,288.0,295.0,299.0,307.0,373.0,373.0,384.0,403.0,469.0,551.0,558.0,583.0,595.0,600.0,602.0,607.0,644.0,655.0,659.0,662.0,716.0,762.0,787.0,875.0,883.0,885.0,888.0,890.0,916.0,921.0,958.0,968.0,971.0,
19.0,31.0,53.0,59.0,116.0,128.0,135.0,192.0,230.0,239.0,275.0,277.0,339.0,363.0,373.0,374.0,398.0,415.0,438.0,505.0,509.0,518.0,555.0,628.0,662.0,685.0,686.0,743.0,762.0,821.0,868.0,921.0,929.0,949.0,
3.0,5.0,58.0,75.0,90.0,141.0,145.0,170.0,184.0,265.0,266.0,289.0,294.0,327.0,358.0,384.0,416.0,435.0,454.0,499.0,509.0,530.0,590.0,596.0,638.0,660.0,698.0,742.0,750.0,750.0,759.0,785.0,835.0,853.0,994.0,
9.0,89.0,153.0,193.0,212.0,241.0,255.0,266.0,269.0,285.0,286.0,308.0,319.0,324.0,325.0,325.0,329.0,385.0,409.0,452.0,453.0,478.0,507.0,557.0,571.0,671.0,692.0,692.0,721.0,731.0,802.0,820.0,841.0,848.0,914.0,949.0,
27.0,42.0,54.0,73.0,73.0,174.0,231.0,242.0,253.0,290.0,307.0,329.0,335.0,337.0,373.0,382.0,412.0,471.0,506.0,508.0,508.0,523.0,526.0,543.0,598.0,623.0,672.0,800.0,815.0,855.0,873.0,920.0,951.0,961.0,
17.0,54.0,91.0,97.0,117.0,151.0,157.0,167.0,209.0,235.0,240.0,248.0,279.0,299.0,304.0,327.0,337.0,355.0,365.0,378.0,392.0,419.0,421.0,441.0,450.0,513.0,545.0,697.0,752.0,779.0,816.0,852.0,890.0,912.0,918.0,935.0,976.0,987.0,
53.0,71.0,88.0,134.0,158.0,179.0,182.0,216.0,238.0,242.0,249.0,260.0,304.0,310.0,350.0,363.0,386.0,423.0,457.0,495.0,498.0,526.0,536.0,585.0,594.0,654.0,701.0,715.0,748.0,752.0,777.0,799.0,811.0,826.0,879.0,925.0,954.0,
40.0,40.0,73.0,74.0,93.0,169.0,232.0,242.0,271.0,279.0,290.0,311.0,320.0,344.0,360.0,405.0,409.0,441.0,529.0,652.0,660.0,662.0,709.0,732.0,792.0,798.0,811.0,812.0,815.0,878.0,922.0,933.0,955.0,969.0,982.0,
18.0,52.0,86.0,167.0,184.0,206.0,221.0,228.0,237.0,316.0,321.0,328.0,329.0,347.0,356.0,378.0,379.0,413.0,419.0,423.0,427.0,463.0,471.0,485.0,499.0,535.0,616.0,648.0,657.0,761.0,762.0,824.0,839.0,902.0,939.0,971.0,
52.0,73.0,78.0,87.0,97.0,125.0,186.0,192.0,241.0,287.0,295.0,325.0,332.0,341.0,370.0,437.0,521.0,561.0,575.0,584.0,585.0,592.0,607.0,631.0,648.0,709.0,778.0,812.0,903.0,941.0,991.0,
20.0,33.0,89.0,112.0,143.0,161.0,175.0,192.0,236.0,279.0,285.0,289.0,320.0,347.0,393.0,403.0,434.0,444.0,450.0,515.0,544.0,554.0,558.0,562.0,570.0,580.0,598.0,642.0,648.0,656.0,702.0,704.0,818.0,861.0,872.0,926.0,939.0,981.0,
164.0,191.0,196.0,214.0,223.0,236.0,275.0,285.0,317.0,336.0,397.0,401.0,424.0,455.0,456.0,485.0,495.0,544.0,551.0,579.0,616.0,634.0,635.0,653.0,754.0,808.0,814.0,822.0,849.0,876.0,
11.0,34.0,78.0,106.0,108.0,148.0,152.0,195.0,268.0,343.0,394.0,408.0,482.0,548.0,555.0,565.0,575.0,603.0,627.0,634.0,653.0,706.0,744.0,836.0,840.0,862.0,874.0,959.0,981.0,989.0,
5.0,43.0,75.0,83.0,96.0,106.0,124.0,133.0,145.0,148.0,164.0,317.0,336.0,349.0,352.0,354.0,361.0,420.0,426.0,507.0,570.0,592.0,627.0,633.0,636.0,675.0,694.0,726.0,736.0,750.0,772.0,810.0,889.0,897.0,932.0,947.0,974.0,981.0,
7.0,27.0,96.0,101.0,133.0,162.0,193.0,223.0,312.0,339.0,386.0,419.0,431.0,457.0,491.0,492.0,554.0,559.0,571.0,613.0,653.0,655.0,683.0,690.0,716.0,729.0,743.0,751.0,780.0,796.0,821.0,826.0,859.0,882.0,894.0,914.0,
87.0,89.0,101.0,111.0,123.0,146.0,173.0,197.0,211.0,215.0,225.0,236.0,275.0,306.0,326.0,341.0,380.0,383.0,443.0,444.0,456.0,583.0,589.0,596.0,646.0,663.0,678.0,687.0,745.0,768.0,835.0,840.0,843.0,855.0,894.0,901.0,907.0,1000.0,
7.0,13.0,18.0,22.0,48.0,71.0,101.0,130.0,199.0,228.0,234.0,282.0,298.0,374.0,379.0,390.0,424.0,439.0,453.0,486.0,489.0,493.0,499.0,500.0,527.0,547.0,579.0,651.0,666.0,686.0,697.0,704.0,735.0,739.0,775.0,793.0,860.0,861.0,866.0,875.0,894.0,973.0,977.0,980.0,985.0,993.0,
42.0,85.0,95.0,104.0,112.0,149.0,154.0,164.0,185.0,193.0,324.0,366.0,409.0,418.0,420.0,443.0,455.0,470.0,473.0,520.0,553.0,603.0,687.0,755.0,769.0,797.0,868.0,914.0,937.0,
70.0,89.0,102.0,139.0,186.0,219.0,221.0,351.0,364.0,391.0,410.0,535.0,544.0,560.0,582.0,617.0,671.0,673.0,699.0,775.0,837.0,841.0,937.0,955.0,983.0,
4.0,14.0,32.0,111.0,172.0,187.0,193.0,232.0,235.0,298.0,367.0,408.0,421.0,465.0,506.0,523.0,528.0,535.0,541.0,557.0,563.0,574.0,582.0,591.0,602.0,613.0,615.0,663.0,669.0,671.0,676.0,691.0,712.0,714.0,714.0,727.0,740.0,742.0,746.0,761.0,764.0,765.0,789.0,794.0,804.0,831.0,833.0,842.0,844.0,857.0,857.0,873.0,878.0,878.0,886.0,908.0,915.0,942.0,996.0,
6.0,19.0,40.0,49.0,74.0,86.0,118.0,136.0,139.0,141.0,185.0,202.0,248.0,266.0,275.0,292.0,323.0,326.0,330.0,344.0,382.0,391.0,432.0,432.0,437.0,441.0,458.0,489.0,531.0,531.0,543.0,544.0,549.0,550.0,558.0,558.0,561.0,565.0,567.0,570.0,577.0,580.0,581.0,583.0,588.0,588.0,591.0,593.0,597.0,601.0,602.0,602.0,604.0,604.0,613.0,615.0,615.0,617.0,631.0,637.0,640.0,661.0,670.0,673.0,681.0,685.0,687.0,689.0,693.0,723.0,740.0,758.0,769.0,773.0,779.0,780.0,810.0,830.0,853.0,866.0,874.0,878.0,897.0,903.0,907.0,916.0,928.0,930.0,935.0,946.0,961.0,986.0,
11.0,19.0,21.0,110.0,121.0,149.0,215.0,217.0,220.0,370.0,395.0,428.0,429.0,452.0,464.0,486.0,500.0,510.0,516.0,521.0,522.0,527.0,537.0,543.0,546.0,546.0,555.0,557.0,560.0,563.0,573.0,588.0,596.0,621.0,625.0,635.0,640.0,658.0,663.0,665.0,672.0,679.0,692.0,704.0,708.0,710.0,713.0,720.0,759.0,769.0,779.0,791.0,818.0,824.0,830.0,839.0,854.0,882.0,886.0,903.0,904.0,918.0,922.0,939.0,948.0,958.0,976.0,981.0,983.0,992.0,996.0,
57.0,93.0,120.0,162.0,200.0,256.0,262.0,324.0,331.0,332.0,350.0,396.0,397.0,408.0,408.0,481.0,491.0,498.0,524.0,530.0,574.0,605.0,653.0,697.0,737.0,826.0,916.0,999.0,
30.0,38.0,79.0,102.0,111.0,125.0,134.0,173.0,179.0,182.0,195.0,236.0,248.0,258.0,282.0,351.0,442.0,489.0,547.0,592.0,615.0,616.0,622.0,667.0,669.0,669.0,669.0,752.0,789.0,966.0,980.0,
14.0,69.0,84.0,126.0,140.0,150.0,159.0,160.0,195.0,203.0,212.0,251.0,253.0,271.0,283.0,301.0,314.0,344.0,377.0,392.0,406.0,415.0,455.0,482.0,489.0,550.0,555.0,561.0,670.0,724.0,746.0,861.0,876.0,884.0,891.0,946.0,950.0,960.0,991.0,
2.0,5.0,37.0,48.0,83.0,185.0,212.0,214.0,217.0,240.0,252.0,253.0,285.0,317.0,326.0,336.0,348.0,377.0,388.0,432.0,495.0,573.0,592.0,630.0,739.0,757.0,808.0,913.0,985.0,985.0,985.0,
59.0,63.0,147.0,197.0,201.0,217.0,249.0,267.0,270.0,273.0,286.0,293.0,307.0,320.0,324.0,350.0,356.0,373.0,420.0,454.0,460.0,500.0,513.0,555.0,574.0,606.0,653.0,674.0,697.0,737.0,748.0,757.0,771.0,773.0,812.0,813.0,834.0,853.0,887.0,906.0,927.0,927.0,956.0,970.0,997.0,
24.0,28.0,46.0,112.0,114.0,210.0,220.0,226.0,236.0,262.0,264.0,294.0,312.0,329.0,377.0,397.0,409.0,456.0,470.0,479.0,531.0,539.0,705.0,726.0,788.0,811.0,822.0,825.0,862.0,875.0,967.0,
3.0,79.0,105.0,130.0,147.0,154.0,167.0,200.0,225.0,232.0,286.0,313.0,322.0,346.0,381.0,401.0,505.0,538.0,564.0,582.0,717.0,725.0,733.0,749.0,776.0,898.0,952.0,
58.0,79.0,122.0,141.0,174.0,230.0,277.0,295.0,298.0,303.0,385.0,394.0,508.0,508.0,509.0,534.0,536.0,538.0,540.0,545.0,553.0,564.0,565.0,566.0,568.0,568.0,572.0,581.0,582.0,588.0,589.0,607.0,610.0,610.0,645.0,646.0,653.0,665.0,668.0,695.0,703.0,706.0,723.0,756.0,759.0,764.0,780.0,784.0,791.0,806.0,808.0,830.0,833.0,837.0,849.0,861.0,865.0,865.0,872.0,880.0,891.0,916.0,934.0,962.0,965.0,967.0,981.0,987.0,997.0,1000.0,
20.0,74.0,78.0,79.0,85.0,112.0,127.0,224.0,303.0,336.0,344.0,348.0,365.0,369.0,378.0,426.0,429.0,513.0,514.0,527.0,533.0,536.0,536.0,537.0,542.0,546.0,550.0,557.0,564.0,568.0,568.0,581.0,584.0,586.0,588.0,591.0,595.0,604.0,606.0,606.0,607.0,609.0,623.0,667.0,676.0,728.0,743.0,766.0,775.0,793.0,801.0,842.0,852.0,855.0,869.0,917.0,918.0,934.0,937.0,992.0,
33.0,81.0,114.0,132.0,140.0,183.0,196.0,234.0,283.0,313.0,314.0,335.0,355.0,407.0,425.0,457.0,467.0,484.0,501.0,528.0,535.0,536.0,539.0,541.0,542.0,544.0,547.0,547.0,559.0,566.0,568.0,574.0,580.0,583.0,597.0,611.0,618.0,618.0,619.0,641.0,644.0,648.0,683.0,690.0,708.0,718.0,726.0,726.0,738.0,741.0,743.0,747.0,763.0,780.0,787.0,788.0,788.0,813.0,838.0,842.0,842.0,844.0,860.0,862.0,889.0,902.0,926.0,936.0,957.0,961.0,963.0,967.0,968.0,969.0,976.0,986.0,994.0,994.0,
19.0,25.0,54.0,55.0,143.0,244.0,286.0,308.0,313.0,356.0,417.0,421.0,441.0,451.0,473.0,539.0,543.0,569.0,579.0,612.0,634.0,683.0,706.0,706.0,729.0,783.0,804.0,841.0,857.0,931.0,945.0,967.0,994.0,
29.0,53.0,69.0,70.0,79.0,89.0,99.0,113.0,125.0,133.0,157.0,188.0,210.0,226.0,266.0,340.0,372.0,382.0,386.0,417.0,422.0,501.0,512.0,528.0,535.0,576.0,684.0,687.0,809.0,840.0,948.0,952.0,954.0,984.0,
5.0,61.0,88.0,122.0,213.0,226.0,257.0,355.0,362.0,429.0,454.0,455.0,458.0,459.0,468.0,504.0,564.0,582.0,608.0,611.0,614.0,625.0,646.0,661.0,663.0,711.0,712.0,725.0,744.0,748.0,753.0,777.0,783.0,872.0,897.0,926.0,948.0,996.0,
3.0,8.0,37.0,38.0,118.0,158.0,170.0,170.0,179.0,206.0,211.0,239.0,247.0,248.0,271.0,292.0,308.0,309.0,312.0,336.0,347.0,352.0,361.0,363.0,442.0,474.0,480.0,494.0,528.0,581.0,673.0,704.0,711.0,770.0,784.0,800.0,803.0,830.0,848.0,912.0,
77.0,86.0,102.0,105.0,115.0,245.0,265.0,265.0,285.0,303.0,337.0,411.0,475.0,520.0,526.0,581.0,589.0,655.0,659.0,670.0,705.0,712.0,727.0,790.0,808.0,872.0,875.0,941.0,954.0,
16.0,51.0,51.0,87.0,181.0,183.0,198.0,228.0,292.0,382.0,394.0,430.0,461.0,474.0,584.0,662.0,664.0,672.0,791.0,859.0,889.0,919.0,978.0,
4.0,58.0,62.0,88.0,95.0,140.0,155.0,158.0,182.0,231.0,265.0,288.0,293.0,330.0,330.0,380.0,405.0,408.0,425.0,446.0,459.0,508.0,521.0,533.0,543.0,549.0,564.0,571.0,664.0,716.0,783.0,814.0,850.0,854.0,859.0,914.0,950.0,985.0,
9.0,22.0,23.0,43.0,75.0,125.0,150.0,216.0,249.0,274.0,299.0,315.0,316.0,323.0,345.0,352.0,441.0,482.0,499.0,519.0,542.0,545.0,551.0,563.0,565.0,578.0,583.0,585.0,599.0,602.0,604.0,610.0,617.0,623.0,639.0,690.0,710.0,722.0,731.0,733.0,741.0,747.0,751.0,764.0,772.0,780.0,783.0,807.0,841.0,848.0,848.0,886.0,934.0,937.0,941.0,955.0,970.0,977.0,988.0,989.0,997.0,
11.0,35.0,124.0,148.0,167.0,186.0,259.0,300.0,314.0,332.0,340.0,347.0,354.0,375.0,400.0,403.0,436.0,442.0,455.0,523.0,523.0,527.0,528.0,528.0,543.0,550.0,560.0,567.0,567.0,570.0,577.0,589.0,589.0,593.0,596.0,615.0,624.0,634.0,652.0,668.0,671.0,677.0,690.0,691.0,696.0,744.0,748.0,763.0,773.0,782.0,783.0,789.0,818.0,821.0,836.0,837.0,842.0,853.0,863.0,882.0,888.0,901.0,931.0,938.0,946.0,963.0,978.0,984.0,996.0,1000.0,
7.0,27.0,39.0,120.0,127.0,174.0,177.0,231.0,262.0,280.0,287.0,305.0,313.0,374.0,398.0,418.0,421.0,471.0,474.0,505.0,512.0,514.0,514.0,515.0,518.0,525.0,529.0,531.0,533.0,534.0,538.0,539.0,539.0,545.0,546.0,549.0,552.0,564.0,577.0,591.0,594.0,595.0,599.0,611.0,615.0,616.0,617.0,621.0,640.0,649.0,658.0,664.0,664.0,666.0,684.0,691.0,717.0,774.0,776.0,786.0,800.0,834.0,862.0,886.0,896.0,901.0,934.0,952.0,973.0,975.0,982.0,985.0,996.0,
44.0,65.0,116.0,117.0,158.0,193.0,212.0,218.0,257.0,275.0,299.0,303.0,328.0,377.0,397.0,436.0,482.0,487.0,517.0,522.0,529.0,529.0,554.0,575.0,595.0,618.0,621.0,625.0,640.0,646.0,659.0,686.0,709.0,763.0,806.0,811.0,851.0,917.0,932.0,952.0,962.0,994.0,
18.0,189.0,206.0,241.0,270.0,275.0,289.0,308.0,312.0,351.0,353.0,370.0,389.0,400.0,433.0,461.0,466.0,503.0,545.0,634.0,698.0,713.0,738.0,800.0,842.0,855.0,874.0,874.0,875.0,889.0,943.0,958.0,973.0,
11.0,29.0,65.0,73.0,80.0,144.0,241.0,347.0,367.0,376.0,402.0,417.0,421.0,427.0,492.0,509.0,594.0,603.0,673.0,755.0,813.0,815.0,829.0,854.0,860.0,911.0,917.0,918.0,920.0,928.0,932.0,947.0,948.0,968.0,977.0,
8.0,108.0,118.0,124.0,145.0,149.0,165.0,200.0,208.0,233.0,242.0,270.0,281.0,298.0,343.0,360.0,371.0,402.0,411.0,434.0,474.0,492.0,572.0,641.0,642.0,644.0,653.0,654.0,696.0,707.0,724.0,743.0,770.0,825.0,901.0,990.0,
24.0,26.0,35.0,37.0,39.0,63.0,70.0,94.0,124.0,173.0,210.0,218.0,219.0,272.0,279.0,282.0,300.0,300.0,350.0,448.0,453.0,492.0,508.0,513.0,570.0,571.0,596.0,601.0,630.0,633.0,639.0,659.0,662.0,680.0,686.0,687.0,692.0,697.0,725.0,735.0,762.0,774.0,816.0,835.0,853.0,877.0,893.0,917.0,927.0,932.0,951.0,974.0,974.0,
46.0,55.0,56.0,114.0,114.0,139.0,176.0,231.0,276.0,301.0,320.0,343.0,357.0,362.0,425.0,454.0,456.0,533.0,558.0,571.0,641.0,655.0,676.0,683.0,690.0,735.0,745.0,759.0,781.0,819.0,826.0,850.0,881.0,886.0,896.0,901.0,902.0,907.0,932.0,970.0,985.0,986.0,987.0,
36.0,80.0,179.0,224.0,236.0,307.0,348.0,363.0,366.0,379.0,383.0,386.0,395.0,487.0,529.0,543.0,544.0,560.0,599.0,744.0,752.0,757.0,794.0,846.0,857.0,934.0,965.0,988.0,
5.0,12.0,41.0,135.0,157.0,244.0,300.0,307.0,314.0,344.0,364.0,395.0,412.0,422.0,462.0,469.0,479.0,524.0,537.0,538.0,540.0,553.0,581.0,606.0,749.0,760.0,810.0,816.0,827.0,838.0,897.0,935.0,995.0,
15.0,19.0,45.0,54.0,85.0,96.0,120.0,166.0,187.0,187.0,239.0,279.0,306.0,361.0,395.0,430.0,437.0,498.0,519.0,520.0,559.0,573.0,592.0,592.0,608.0,626.0,635.0,647.0,647.0,693.0,775.0,820.0,897.0,909.0,910.0,961.0,
40.0,49.0,50.0,60.0,74.0,122.0,219.0,239.0,246.0,270.0,271.0,283.0,319.0,320.0,322.0,339.0,345.0,356.0,399.0,434.0,445.0,466.0,499.0,508.0,514.0,517.0,541.0,564.0,570.0,575.0,587.0,628.0,772.0,789.0,827.0,878.0,913.0,951.0,968.0,
53.0,77.0,90.0,93.0,101.0,114.0,115.0,192.0,199.0,222.0,276.0,299.0,388.0,409.0,424.0,428.0,450.0,472.0,481.0,504.0,551.0,678.0,719.0,773.0,786.0,833.0,948.0,950.0,952.0,
14.0,22.0,96.0,115.0,135.0,146.0,166.0,200.0,240.0,264.0,267.0,278.0,289.0,349.0,396.0,396.0,403.0,440.0,441.0,444.0,458.0,478.0,481.0,555.0,570.0,601.0,609.0,629.0,637.0,669.0,698.0,700.0,743.0,781.0,837.0,852.0,860.0,885.0,895.0,896.0,905.0,909.0,979.0,1000.0,
50.0,64.0,119.0,125.0,152.0,179.0,202.0,208.0,210.0,238.0,238.0,248.0,256.0,300.0,349.0,350.0,405.0,411.0,429.0,463.0,518.0,569.0,581.0,611.0,696.0,698.0,704.0,743.0,746.0,766.0,792.0,832.0,877.0,890.0,890.0,947.0,954.0,978.0,983.0,
3.0,4.0,14.0,85.0,114.0,151.0,162.0,179.0,195.0,207.0,209.0,212.0,217.0,240.0,268.0,282.0,290.0,307.0,338.0,343.0,376.0,388.0,417.0,417.0,448.0,472.0,475.0,507.0,540.0,551.0,572.0,592.0,605.0,621.0,669.0,674.0,740.0,766.0,781.0,812.0,816.0,824.0,840.0,887.0,899.0,914.0,919.0,933.0,954.0,970.0,
5.0,11.0,40.0,62.0,63.0,91.0,118.0,159.0,164.0,174.0,185.0,214.0,255.0,282.0,289.0,316.0,333.0,350.0,354.0,402.0,403.0,409.0,423.0,431.0,460.0,538.0,565.0,596.0,624.0,662.0,663.0,687.0,715.0,728.0,753.0,776.0,876.0,907.0,910.0,917.0,924.0,944.0,960.0,979.0,993.0,
11.0,94.0,103.0,132.0,169.0,196.0,200.0,216.0,242.0,247.0,249.0,321.0,328.0,355.0,378.0,422.0,441.0,463.0,470.0,473.0,506.0,506.0,565.0,579.0,580.0,643.0,658.0,663.0,827.0,846.0,860.0,863.0,923.0,945.0,989.0,
18.0,22.0,56.0,92.0,121.0,150.0,151.0,153.0,164.0,177.0,180.0,194.0,225.0,230.0,315.0,372.0,379.0,388.0,414.0,519.0,540.0,653.0,657.0,670.0,695.0,767.0,824.0,837.0,849.0,860.0,868.0,873.0,913.0,927.0,950.0,
2.0,77.0,109.0,201.0,214.0,246.0,268.0,285.0,312.0,336.0,356.0,415.0,420.0,475.0,504.0,583.0,593.0,622.0,624.0,659.0,664.0,683.0,691.0,709.0,735.0,783.0,791.0,897.0,898.0,937.0,964.0,969.0,970.0,976.0,977.0,
67.0,110.0,166.0,173.0,195.0,205.0,212.0,232.0,266.0,286.0,309.0,331.0,366.0,385.0,443.0,476.0,477.0,487.0,498.0,502.0,558.0,577.0,588.0,593.0,599.0,622.0,709.0,755.0,774.0,797.0,807.0,841.0,859.0,862.0,975.0,
47.0,135.0,188.0,201.0,215.0,236.0,243.0,293.0,293.0,307.0,322.0,351.0,375.0,380.0,399.0,425.0,463.0,516.0,548.0,554.0,583.0,617.0,660.0,671.0,674.0,686.0,718.0,774.0,783.0,784.0,785.0,857.0,861.0,894.0,898.0,944.0,961.0,
12.0,17.0,26.0,69.0,139.0,141.0,218.0,262.0,338.0,344.0,354.0,370.0,391.0,406.0,415.0,430.0,430.0,460.0,507.0,509.0,574.0,580.0,631.0,638.0,641.0,670.0,684.0,687.0,695.0,696.0,698.0,744.0,843.0,847.0,913.0,921.0,954.0,
49.0,117.0,133.0,138.0,180.0,187.0,246.0,248.0,258.0,259.0,306.0,331.0,377.0,384.0,384.0,447.0,456.0,466.0,467.0,480.0,487.0,544.0,587.0,592.0,604.0,609.0,627.0,645.0,664.0,679.0,918.0,934.0,937.0,966.0,
32.0,35.0,88.0,132.0,162.0,232.0,235.0,271.0,292.0,297.0,299.0,322.0,384.0,394.0,437.0,480.0,481.0,488.0,540.0,567.0,617.0,624.0,631.0,661.0,676.0,688.0,776.0,808.0,813.0,873.0,880.0,931.0,944.0,945.0,
48.0,56.0,59.0,157.0,197.0,227.0,239.0,240.0,256.0,301.0,314.0,323.0,326.0,373.0,382.0,455.0,545.0,598.0,657.0,669.0,701.0,734.0,738.0,880.0,882.0,932.0,954.0,975.0,
17.0,28.0,35.0,92.0,116.0,119.0,171.0,172.0,204.0,236.0,291.0,314.0,483.0,493.0,496.0,499.0,511.0,531.0,566.0,609.0,642.0,662.0,682.0,686.0,689.0,782.0,797.0,813.0,860.0,865.0,885.0,965.0,967.0,
56.0,58.0,62.0,67.0,78.0,92.0,132.0,142.0,167.0,302.0,307.0,378.0,549.0,564.0,564.0,565.0,574.0,592.0,597.0,626.0,630.0,674.0,689.0,707.0,738.0,748.0,751.0,779.0,783.0,837.0,847.0,872.0,930.0,950.0,965.0,970.0,983.0,997.0,
14.0,24.0,43.0,86.0,126.0,144.0,174.0,195.0,216.0,251.0,278.0,298.0,330.0,452.0,455.0,456.0,467.0,616.0,625.0,627.0,650.0,698.0,719.0,728.0,732.0,753.0,802.0,816.0,823.0,850.0,878.0,907.0,953.0,
4.0,53.0,87.0,106.0,107.0,108.0,110.0,232.0,244.0,246.0,258.0,260.0,261.0,273.0,280.0,302.0,353.0,370.0,409.0,421.0,471.0,521.0,526.0,571.0,644.0,657.0,676.0,731.0,743.0,748.0,848.0,849.0,859.0,879.0,899.0,906.0,906.0,912.0,916.0,965.0,968.0,984.0,997.0,
16.0,20.0,41.0,47.0,134.0,147.0,159.0,161.0,176.0,182.0,313.0,320.0,355.0,425.0,467.0,499.0,509.0,549.0,557.0,560.0,580.0,645.0,703.0,764.0,917.0,949.0,977.0,
38.0,79.0,116.0,147.0,156.0,208.0,214.0,234.0,250.0,325.0,395.0,420.0,431.0,454.0,484.0,502.0,508.0,509.0,539.0,564.0,600.0,654.0,670.0,681.0,738.0,745.0,759.0,781.0,820.0,826.0,851.0,889.0,969.0,976.0,978.0,
38.0,46.0,63.0,90.0,154.0,214.0,226.0,268.0,269.0,280.0,292.0,322.0,329.0,344.0,445.0,478.0,485.0,487.0,494.0,510.0,517.0,550.0,567.0,579.0,593.0,600.0,711.0,731.0,732.0,832.0,842.0,864.0,962.0,980.0,985.0,988.0,
31.0,78.0,91.0,91.0,105.0,110.0,148.0,166.0,169.0,213.0,258.0,270.0,289.0,298.0,300.0,345.0,357.0,378.0,387.0,405.0,410.0,456.0,520.0,552.0,583.0,619.0,643.0,711.0,730.0,739.0,758.0,791.0,800.0,814.0,816.0,826.0,847.0,849.0,882.0,933.0,995.0,
157.0,239.0,253.0,298.0,311.0,342.0,343.0,382.0,449.0,463.0,545.0,550.0,598.0,622.0,784.0,805.0,807.0,811.0,814.0,876.0,909.0,931.0,935.0,945.0,954.0,
