3.0,35.0,138.0,143.0,155.0,175.0,180.0,181.0,214.0,218.0,220.0,245.0,254.0,266.0,304.0,335.0,419.0,483.0,485.0,562.0,618.0,655.0,660.0,671.0,708.0,716.0,755.0,772.0,798.0,808.0,852.0,871.0,927.0,931.0,973.0,
18.0,20.0,69.0,73.0,102.0,114.0,142.0,150.0,177.0,222.0,233.0,249.0,308.0,318.0,320.0,326.0,328.0,330.0,340.0,418.0,444.0,463.0,466.0,539.0,545.0,549.0,580.0,627.0,633.0,720.0,731.0,754.0,802.0,822.0,889.0,892.0,900.0,944.0,951.0,969.0,985.0,
33.0,41.0,68.0,70.0,75.0,105.0,115.0,122.0,127.0,187.0,187.0,266.0,268.0,288.0,307.0,311.0,352.0,358.0,415.0,466.0,528.0,559.0,563.0,594.0,631.0,709.0,720.0,721.0,759.0,783.0,794.0,798.0,928.0,947.0,961.0,974.0,
17.0,32.0,51.0,59.0,111.0,160.0,178.0,185.0,233.0,289.0,290.0,325.0,336.0,372.0,386.0,394.0,443.0,468.0,481.0,493.0,504.0,524.0,556.0,592.0,619.0,641.0,652.0,703.0,709.0,727.0,728.0,800.0,809.0,815.0,819.0,827.0,874.0,901.0,904.0,937.0,976.0,980.0,
5.0,11.0,53.0,81.0,82.0,87.0,102.0,105.0,116.0,126.0,137.0,145.0,153.0,177.0,209.0,212.0,230.0,265.0,314.0,344.0,437.0,466.0,473.0,483.0,487.0,493.0,504.0,506.0,523.0,562.0,575.0,581.0,591.0,593.0,615.0,635.0,656.0,789.0,794.0,803.0,831.0,851.0,928.0,972.0,974.0,984.0,995.0,
133.0,195.0,206.0,264.0,266.0,339.0,365.0,415.0,416.0,424.0,435.0,435.0,517.0,543.0,590.0,595.0,655.0,685.0,696.0,708.0,715.0,720.0,754.0,779.0,780.0,819.0,823.0,883.0,917.0,953.0,980.0,1000.0,
14.0,35.0,54.0,84.0,86.0,98.0,136.0,168.0,175.0,213.0,265.0,282.0,344.0,356.0,449.0,450.0,450.0,499.0,554.0,560.0,579.0,589.0,630.0,638.0,707.0,740.0,759.0,834.0,880.0,882.0,887.0,901.0,917.0,939.0,977.0,982.0,
41.0,63.0,80.0,90.0,128.0,139.0,142.0,149.0,153.0,175.0,175.0,202.0,205.0,222.0,249.0,282.0,298.0,414.0,445.0,489.0,494.0,506.0,511.0,531.0,595.0,696.0,754.0,767.0,770.0,774.0,778.0,793.0,859.0,872.0,884.0,905.0,974.0,978.0,
11.0,37.0,45.0,47.0,78.0,132.0,159.0,344.0,401.0,433.0,451.0,452.0,463.0,475.0,486.0,494.0,585.0,594.0,594.0,635.0,637.0,668.0,681.0,708.0,723.0,744.0,759.0,780.0,789.0,834.0,869.0,905.0,950.0,982.0,993.0,
86.0,108.0,120.0,138.0,146.0,160.0,252.0,258.0,260.0,356.0,357.0,359.0,405.0,437.0,438.0,462.0,521.0,535.0,556.0,602.0,632.0,640.0,695.0,761.0,783.0,787.0,812.0,837.0,845.0,855.0,876.0,962.0,977.0,980.0,
18.0,42.0,67.0,77.0,87.0,91.0,104.0,149.0,151.0,206.0,226.0,230.0,250.0,280.0,304.0,305.0,325.0,398.0,461.0,462.0,519.0,536.0,541.0,599.0,616.0,639.0,641.0,687.0,752.0,790.0,826.0,830.0,858.0,883.0,899.0,904.0,938.0,995.0,
83.0,93.0,107.0,116.0,181.0,182.0,213.0,221.0,336.0,403.0,458.0,664.0,664.0,672.0,675.0,676.0,709.0,726.0,734.0,758.0,786.0,792.0,814.0,887.0,945.0,946.0,998.0,
32.0,35.0,52.0,75.0,85.0,122.0,125.0,177.0,182.0,228.0,236.0,245.0,308.0,308.0,347.0,351.0,357.0,363.0,369.0,374.0,386.0,402.0,415.0,503.0,504.0,533.0,539.0,615.0,634.0,648.0,664.0,753.0,791.0,793.0,797.0,805.0,828.0,861.0,864.0,877.0,945.0,986.0,990.0,999.0,
4.0,13.0,53.0,55.0,102.0,103.0,185.0,228.0,292.0,301.0,326.0,328.0,331.0,333.0,356.0,382.0,427.0,444.0,447.0,454.0,462.0,519.0,547.0,556.0,597.0,603.0,605.0,630.0,646.0,678.0,682.0,742.0,771.0,800.0,801.0,826.0,842.0,878.0,900.0,956.0,961.0,969.0,974.0,989.0,1000.0,
6.0,28.0,91.0,98.0,128.0,185.0,303.0,337.0,342.0,362.0,415.0,432.0,472.0,530.0,568.0,569.0,684.0,756.0,767.0,768.0,830.0,846.0,855.0,858.0,937.0,981.0,989.0,998.0,
18.0,119.0,127.0,141.0,195.0,216.0,266.0,287.0,302.0,319.0,381.0,381.0,393.0,407.0,415.0,417.0,498.0,504.0,511.0,523.0,553.0,565.0,610.0,624.0,634.0,642.0,680.0,686.0,734.0,761.0,825.0,871.0,871.0,901.0,923.0,980.0,
13.0,16.0,43.0,64.0,89.0,92.0,133.0,171.0,203.0,203.0,212.0,214.0,227.0,340.0,466.0,478.0,572.0,585.0,622.0,626.0,633.0,635.0,645.0,677.0,684.0,695.0,716.0,727.0,749.0,778.0,811.0,842.0,856.0,857.0,873.0,875.0,879.0,990.0,
32.0,35.0,65.0,98.0,107.0,124.0,127.0,167.0,230.0,263.0,272.0,274.0,295.0,318.0,321.0,369.0,383.0,397.0,397.0,411.0,429.0,454.0,483.0,502.0,577.0,594.0,608.0,619.0,630.0,665.0,695.0,718.0,734.0,736.0,836.0,842.0,875.0,886.0,895.0,942.0,963.0,966.0,976.0,
9.0,34.0,79.0,88.0,96.0,111.0,115.0,180.0,188.0,212.0,271.0,333.0,413.0,445.0,449.0,473.0,505.0,519.0,586.0,604.0,665.0,671.0,681.0,685.0,695.0,718.0,727.0,729.0,741.0,756.0,765.0,792.0,812.0,813.0,839.0,843.0,856.0,864.0,880.0,886.0,932.0,959.0,960.0,
78.0,80.0,107.0,189.0,191.0,215.0,251.0,256.0,268.0,273.0,301.0,371.0,376.0,415.0,470.0,516.0,537.0,560.0,644.0,657.0,701.0,777.0,802.0,840.0,900.0,922.0,935.0,952.0,959.0,
7.0,33.0,74.0,80.0,193.0,200.0,205.0,209.0,298.0,340.0,391.0,447.0,473.0,483.0,504.0,624.0,629.0,679.0,704.0,706.0,761.0,786.0,815.0,824.0,825.0,839.0,905.0,907.0,921.0,925.0,945.0,970.0,981.0,999.0,
38.0,45.0,67.0,77.0,132.0,144.0,148.0,156.0,173.0,191.0,198.0,223.0,228.0,248.0,282.0,297.0,305.0,309.0,318.0,351.0,359.0,412.0,452.0,459.0,461.0,494.0,518.0,572.0,572.0,599.0,616.0,626.0,643.0,657.0,741.0,743.0,777.0,798.0,829.0,830.0,831.0,866.0,870.0,904.0,946.0,976.0,986.0,
12.0,13.0,16.0,62.0,74.0,86.0,101.0,164.0,192.0,202.0,260.0,284.0,286.0,288.0,297.0,305.0,317.0,428.0,476.0,568.0,601.0,612.0,613.0,652.0,674.0,725.0,742.0,817.0,825.0,836.0,837.0,856.0,890.0,950.0,982.0,
10.0,25.0,49.0,58.0,74.0,113.0,117.0,156.0,164.0,196.0,244.0,300.0,306.0,314.0,315.0,319.0,336.0,393.0,395.0,434.0,455.0,487.0,523.0,566.0,610.0,619.0,668.0,726.0,896.0,897.0,916.0,941.0,952.0,957.0,973.0,997.0,
49.0,58.0,75.0,76.0,99.0,141.0,196.0,214.0,218.0,246.0,257.0,298.0,306.0,319.0,323.0,329.0,348.0,400.0,406.0,454.0,479.0,512.0,514.0,574.0,590.0,638.0,648.0,691.0,696.0,697.0,720.0,720.0,781.0,782.0,786.0,891.0,971.0,973.0,1000.0,
6.0,8.0,41.0,73.0,78.0,118.0,125.0,130.0,226.0,237.0,254.0,365.0,431.0,470.0,504.0,521.0,583.0,589.0,610.0,622.0,658.0,672.0,675.0,718.0,760.0,763.0,764.0,781.0,845.0,891.0,924.0,933.0,941.0,944.0,986.0,
128.0,137.0,146.0,151.0,168.0,191.0,206.0,242.0,251.0,259.0,282.0,313.0,325.0,332.0,350.0,358.0,359.0,385.0,389.0,432.0,433.0,485.0,526.0,591.0,600.0,625.0,743.0,755.0,807.0,847.0,854.0,885.0,953.0,976.0,
27.0,69.0,80.0,89.0,102.0,103.0,156.0,158.0,196.0,232.0,240.0,249.0,256.0,305.0,327.0,392.0,412.0,433.0,435.0,453.0,514.0,533.0,638.0,655.0,665.0,684.0,706.0,735.0,749.0,757.0,787.0,791.0,793.0,799.0,825.0,833.0,834.0,845.0,876.0,878.0,911.0,985.0,
26.0,57.0,126.0,133.0,246.0,263.0,291.0,322.0,330.0,361.0,386.0,395.0,438.0,443.0,573.0,746.0,789.0,804.0,819.0,839.0,881.0,909.0,917.0,922.0,940.0,
5.0,12.0,22.0,59.0,64.0,88.0,102.0,125.0,147.0,150.0,153.0,188.0,236.0,258.0,263.0,271.0,283.0,370.0,419.0,449.0,468.0,468.0,513.0,520.0,611.0,652.0,727.0,802.0,811.0,817.0,845.0,848.0,881.0,919.0,950.0,972.0,
51.0,75.0,84.0,100.0,103.0,128.0,210.0,306.0,338.0,350.0,361.0,376.0,389.0,395.0,436.0,439.0,445.0,502.0,516.0,555.0,572.0,600.0,606.0,663.0,690.0,708.0,709.0,714.0,758.0,772.0,799.0,808.0,904.0,928.0,939.0,941.0,1000.0,
48.0,65.0,78.0,83.0,107.0,141.0,143.0,169.0,214.0,225.0,240.0,319.0,325.0,327.0,367.0,368.0,461.0,476.0,497.0,518.0,536.0,571.0,576.0,627.0,646.0,681.0,703.0,740.0,759.0,761.0,803.0,870.0,883.0,923.0,925.0,933.0,974.0,974.0,981.0,985.0,
81.0,89.0,105.0,109.0,114.0,156.0,156.0,165.0,180.0,194.0,248.0,256.0,262.0,278.0,321.0,368.0,374.0,382.0,440.0,475.0,498.0,525.0,568.0,608.0,613.0,614.0,627.0,644.0,777.0,784.0,836.0,844.0,845.0,865.0,870.0,915.0,974.0,975.0,
8.0,10.0,31.0,44.0,51.0,62.0,137.0,149.0,152.0,155.0,157.0,200.0,208.0,262.0,309.0,329.0,354.0,359.0,377.0,417.0,479.0,530.0,561.0,664.0,688.0,700.0,711.0,768.0,802.0,847.0,872.0,880.0,904.0,976.0,978.0,
69.0,90.0,102.0,123.0,161.0,188.0,193.0,217.0,242.0,326.0,326.0,409.0,447.0,494.0,507.0,515.0,532.0,559.0,581.0,599.0,609.0,613.0,646.0,664.0,678.0,700.0,839.0,843.0,895.0,986.0,999.0,
2.0,48.0,113.0,115.0,121.0,131.0,143.0,163.0,171.0,194.0,199.0,201.0,223.0,300.0,300.0,320.0,330.0,334.0,343.0,395.0,440.0,461.0,491.0,499.0,565.0,615.0,652.0,654.0,666.0,716.0,743.0,820.0,869.0,902.0,933.0,959.0,992.0,1000.0,
29.0,36.0,75.0,96.0,104.0,112.0,134.0,135.0,136.0,163.0,252.0,272.0,328.0,338.0,338.0,342.0,385.0,394.0,396.0,399.0,417.0,430.0,454.0,458.0,547.0,552.0,562.0,575.0,589.0,604.0,608.0,610.0,628.0,636.0,699.0,880.0,883.0,914.0,961.0,1000.0,
94.0,146.0,198.0,217.0,234.0,281.0,324.0,347.0,369.0,444.0,460.0,475.0,476.0,506.0,507.0,520.0,536.0,552.0,596.0,599.0,671.0,683.0,698.0,741.0,827.0,842.0,959.0,968.0,
9.0,9.0,77.0,127.0,136.0,162.0,204.0,221.0,226.0,261.0,307.0,350.0,370.0,372.0,383.0,387.0,426.0,438.0,472.0,516.0,588.0,607.0,630.0,651.0,657.0,663.0,669.0,699.0,702.0,775.0,838.0,843.0,944.0,953.0,983.0,995.0,
67.0,127.0,167.0,181.0,205.0,243.0,245.0,271.0,428.0,439.0,455.0,497.0,508.0,508.0,524.0,526.0,567.0,581.0,596.0,614.0,686.0,695.0,716.0,718.0,722.0,734.0,773.0,780.0,788.0,790.0,830.0,850.0,869.0,923.0,947.0,950.0,981.0,
26.0,54.0,81.0,155.0,159.0,168.0,169.0,190.0,216.0,245.0,286.0,290.0,292.0,292.0,322.0,409.0,413.0,418.0,427.0,434.0,479.0,489.0,491.0,492.0,520.0,571.0,590.0,634.0,648.0,655.0,697.0,700.0,733.0,770.0,792.0,797.0,803.0,878.0,905.0,908.0,946.0,947.0,989.0,
8.0,11.0,35.0,109.0,161.0,179.0,240.0,252.0,258.0,272.0,274.0,276.0,306.0,310.0,522.0,575.0,592.0,605.0,634.0,653.0,658.0,658.0,683.0,685.0,694.0,730.0,736.0,740.0,770.0,789.0,792.0,820.0,829.0,841.0,848.0,861.0,872.0,873.0,884.0,914.0,948.0,
72.0,92.0,147.0,147.0,244.0,254.0,263.0,317.0,348.0,354.0,357.0,368.0,429.0,495.0,540.0,541.0,635.0,690.0,705.0,753.0,761.0,793.0,924.0,955.0,967.0,993.0,
125.0,147.0,184.0,238.0,260.0,310.0,317.0,334.0,340.0,389.0,423.0,426.0,430.0,452.0,455.0,476.0,485.0,550.0,563.0,581.0,585.0,630.0,658.0,662.0,693.0,775.0,797.0,802.0,809.0,821.0,857.0,870.0,914.0,960.0,967.0,
37.0,88.0,101.0,113.0,122.0,176.0,237.0,259.0,285.0,327.0,339.0,368.0,401.0,408.0,409.0,428.0,430.0,450.0,470.0,483.0,487.0,501.0,514.0,521.0,533.0,537.0,539.0,542.0,549.0,552.0,553.0,555.0,556.0,578.0,585.0,590.0,603.0,605.0,606.0,635.0,637.0,645.0,659.0,672.0,681.0,684.0,690.0,702.0,703.0,706.0,715.0,718.0,720.0,726.0,739.0,760.0,783.0,797.0,803.0,807.0,810.0,834.0,839.0,847.0,877.0,903.0,906.0,910.0,927.0,933.0,943.0,943.0,945.0,975.0,994.0,1000.0,
5.0,22.0,32.0,95.0,139.0,171.0,192.0,280.0,293.0,329.0,336.0,371.0,390.0,427.0,481.0,512.0,533.0,553.0,556.0,566.0,566.0,573.0,584.0,592.0,597.0,598.0,608.0,620.0,622.0,623.0,630.0,632.0,646.0,647.0,650.0,658.0,661.0,661.0,664.0,672.0,685.0,702.0,714.0,717.0,718.0,741.0,747.0,769.0,792.0,813.0,824.0,839.0,848.0,857.0,859.0,877.0,901.0,936.0,971.0,976.0,979.0,
25.0,31.0,63.0,93.0,129.0,233.0,250.0,264.0,273.0,285.0,395.0,427.0,511.0,519.0,521.0,522.0,527.0,535.0,541.0,549.0,563.0,563.0,563.0,575.0,582.0,583.0,590.0,590.0,590.0,594.0,606.0,619.0,621.0,631.0,638.0,642.0,647.0,656.0,657.0,658.0,660.0,660.0,686.0,689.0,693.0,695.0,715.0,723.0,775.0,836.0,844.0,850.0,851.0,856.0,856.0,857.0,863.0,866.0,888.0,890.0,897.0,904.0,916.0,938.0,947.0,947.0,956.0,999.0,
25.0,29.0,45.0,51.0,58.0,103.0,148.0,152.0,198.0,213.0,225.0,238.0,268.0,276.0,287.0,299.0,317.0,335.0,370.0,431.0,441.0,458.0,503.0,520.0,525.0,539.0,543.0,567.0,577.0,627.0,650.0,685.0,734.0,775.0,802.0,810.0,879.0,904.0,914.0,966.0,
61.0,84.0,98.0,184.0,203.0,244.0,255.0,282.0,298.0,301.0,349.0,427.0,494.0,502.0,551.0,579.0,661.0,666.0,733.0,766.0,766.0,981.0,
106.0,115.0,187.0,205.0,210.0,233.0,365.0,401.0,411.0,418.0,429.0,433.0,472.0,475.0,532.0,561.0,567.0,604.0,630.0,650.0,687.0,724.0,739.0,759.0,795.0,814.0,845.0,862.0,956.0,978.0,
31.0,56.0,73.0,74.0,79.0,90.0,95.0,132.0,153.0,167.0,196.0,310.0,409.0,418.0,461.0,483.0,515.0,548.0,569.0,574.0,585.0,585.0,618.0,638.0,651.0,705.0,734.0,816.0,828.0,899.0,939.0,969.0,975.0,998.0,
53.0,91.0,152.0,175.0,216.0,224.0,242.0,330.0,373.0,391.0,441.0,510.0,560.0,560.0,584.0,590.0,704.0,714.0,746.0,776.0,779.0,817.0,844.0,849.0,850.0,880.0,888.0,903.0,923.0,926.0,934.0,962.0,973.0,995.0,996.0,
39.0,41.0,67.0,81.0,83.0,163.0,183.0,187.0,191.0,200.0,251.0,278.0,295.0,326.0,363.0,449.0,463.0,498.0,501.0,518.0,529.0,556.0,566.0,581.0,594.0,601.0,647.0,648.0,702.0,761.0,810.0,826.0,885.0,886.0,933.0,
237.0,244.0,246.0,256.0,293.0,307.0,362.0,404.0,423.0,465.0,490.0,540.0,553.0,564.0,567.0,593.0,602.0,612.0,615.0,620.0,642.0,646.0,662.0,706.0,709.0,711.0,722.0,744.0,749.0,758.0,804.0,812.0,821.0,879.0,923.0,924.0,927.0,930.0,943.0,977.0,978.0,
2.0,44.0,48.0,64.0,75.0,96.0,156.0,169.0,171.0,219.0,222.0,225.0,244.0,271.0,284.0,383.0,439.0,476.0,479.0,523.0,524.0,528.0,530.0,530.0,531.0,532.0,550.0,550.0,552.0,554.0,554.0,560.0,575.0,576.0,578.0,578.0,579.0,581.0,590.0,594.0,597.0,598.0,599.0,599.0,600.0,601.0,603.0,604.0,632.0,632.0,642.0,655.0,682.0,687.0,692.0,694.0,696.0,714.0,727.0,738.0,738.0,755.0,762.0,771.0,785.0,786.0,799.0,804.0,805.0,815.0,822.0,840.0,896.0,912.0,924.0,929.0,940.0,948.0,953.0,961.0,981.0,982.0,995.0,997.0,
18.0,52.0,81.0,106.0,125.0,164.0,205.0,257.0,258.0,291.0,315.0,339.0,343.0,345.0,345.0,377.0,395.0,410.0,425.0,458.0,489.0,511.0,524.0,526.0,531.0,542.0,544.0,546.0,547.0,548.0,555.0,557.0,563.0,576.0,578.0,588.0,592.0,597.0,619.0,626.0,644.0,667.0,682.0,709.0,722.0,741.0,755.0,767.0,771.0,773.0,782.0,792.0,800.0,807.0,826.0,840.0,845.0,851.0,869.0,871.0,879.0,890.0,966.0,971.0,981.0,994.0,
14.0,20.0,36.0,113.0,184.0,185.0,192.0,195.0,203.0,242.0,259.0,318.0,323.0,364.0,395.0,404.0,475.0,524.0,529.0,535.0,536.0,546.0,548.0,549.0,553.0,554.0,554.0,555.0,555.0,569.0,569.0,570.0,571.0,573.0,576.0,578.0,579.0,584.0,603.0,624.0,629.0,663.0,664.0,665.0,674.0,680.0,731.0,737.0,780.0,804.0,825.0,840.0,851.0,856.0,869.0,871.0,889.0,921.0,932.0,935.0,970.0,975.0,979.0,979.0,983.0,995.0,996.0,999.0,
53.0,61.0,63.0,72.0,140.0,170.0,225.0,238.0,239.0,308.0,344.0,353.0,371.0,411.0,488.0,492.0,530.0,537.0,545.0,557.0,559.0,562.0,579.0,592.0,597.0,601.0,605.0,620.0,650.0,661.0,663.0,672.0,690.0,721.0,731.0,752.0,756.0,769.0,789.0,791.0,824.0,835.0,878.0,890.0,898.0,899.0,902.0,929.0,932.0,941.0,944.0,962.0,976.0,984.0,984.0,
75.0,77.0,78.0,102.0,106.0,156.0,160.0,170.0,205.0,210.0,217.0,296.0,318.0,425.0,429.0,506.0,510.0,581.0,605.0,614.0,639.0,645.0,664.0,724.0,760.0,771.0,775.0,786.0,827.0,828.0,878.0,932.0,955.0,994.0,
7.0,15.0,21.0,25.0,31.0,45.0,141.0,162.0,164.0,173.0,287.0,393.0,426.0,470.0,480.0,538.0,545.0,547.0,642.0,644.0,681.0,691.0,692.0,696.0,699.0,749.0,763.0,822.0,864.0,879.0,886.0,887.0,908.0,910.0,963.0,968.0,
19.0,61.0,63.0,76.0,89.0,103.0,114.0,138.0,166.0,170.0,205.0,209.0,219.0,220.0,237.0,273.0,306.0,381.0,415.0,417.0,428.0,470.0,483.0,491.0,511.0,536.0,566.0,575.0,602.0,652.0,678.0,691.0,693.0,697.0,720.0,745.0,753.0,774.0,775.0,843.0,870.0,870.0,889.0,972.0,982.0,
38.0,93.0,137.0,149.0,151.0,153.0,153.0,226.0,335.0,335.0,350.0,367.0,368.0,368.0,383.0,385.0,387.0,425.0,439.0,450.0,480.0,488.0,501.0,514.0,567.0,578.0,610.0,628.0,674.0,696.0,714.0,714.0,734.0,765.0,771.0,789.0,804.0,808.0,863.0,876.0,913.0,920.0,957.0,993.0,
6.0,19.0,61.0,94.0,99.0,172.0,199.0,240.0,286.0,291.0,334.0,372.0,385.0,398.0,409.0,443.0,466.0,476.0,521.0,688.0,771.0,878.0,879.0,891.0,902.0,
67.0,113.0,115.0,160.0,184.0,186.0,191.0,192.0,241.0,244.0,284.0,353.0,427.0,508.0,521.0,600.0,615.0,617.0,683.0,693.0,698.0,707.0,754.0,766.0,793.0,888.0,900.0,908.0,914.0,960.0,975.0,981.0,989.0,
17.0,36.0,47.0,48.0,97.0,164.0,178.0,213.0,218.0,279.0,284.0,297.0,312.0,322.0,328.0,334.0,334.0,345.0,354.0,354.0,365.0,381.0,402.0,411.0,440.0,448.0,458.0,522.0,526.0,535.0,535.0,536.0,544.0,544.0,545.0,546.0,552.0,560.0,581.0,583.0,586.0,594.0,607.0,637.0,647.0,676.0,687.0,694.0,700.0,720.0,735.0,737.0,742.0,746.0,752.0,777.0,787.0,790.0,792.0,804.0,810.0,835.0,839.0,865.0,876.0,877.0,897.0,899.0,912.0,
5.0,56.0,161.0,165.0,203.0,206.0,244.0,256.0,262.0,280.0,287.0,312.0,325.0,333.0,337.0,339.0,345.0,428.0,436.0,491.0,493.0,522.0,526.0,526.0,539.0,539.0,542.0,545.0,553.0,562.0,563.0,564.0,566.0,568.0,572.0,576.0,586.0,590.0,595.0,603.0,603.0,618.0,623.0,632.0,632.0,648.0,698.0,702.0,719.0,719.0,728.0,729.0,738.0,753.0,756.0,760.0,762.0,764.0,783.0,784.0,787.0,789.0,796.0,798.0,836.0,862.0,875.0,878.0,881.0,890.0,894.0,910.0,922.0,940.0,947.0,958.0,
8.0,11.0,51.0,114.0,135.0,195.0,199.0,199.0,207.0,234.0,263.0,280.0,344.0,437.0,450.0,480.0,480.0,494.0,502.0,506.0,516.0,519.0,522.0,531.0,538.0,541.0,549.0,552.0,554.0,555.0,558.0,562.0,563.0,568.0,568.0,571.0,580.0,582.0,584.0,585.0,586.0,587.0,607.0,607.0,624.0,644.0,650.0,664.0,671.0,678.0,681.0,682.0,690.0,708.0,714.0,721.0,724.0,730.0,748.0,753.0,759.0,773.0,774.0,784.0,831.0,845.0,848.0,850.0,878.0,887.0,892.0,911.0,919.0,955.0,957.0,957.0,968.0,972.0,974.0,984.0,
41.0,54.0,93.0,105.0,153.0,193.0,215.0,216.0,245.0,264.0,318.0,329.0,373.0,392.0,411.0,439.0,467.0,500.0,522.0,534.0,544.0,569.0,570.0,659.0,677.0,691.0,711.0,758.0,769.0,808.0,826.0,828.0,834.0,858.0,861.0,977.0,
38.0,75.0,92.0,99.0,159.0,161.0,200.0,216.0,238.0,275.0,289.0,314.0,321.0,333.0,395.0,446.0,477.0,515.0,536.0,538.0,598.0,641.0,697.0,716.0,726.0,752.0,773.0,792.0,829.0,887.0,894.0,983.0,
52.0,59.0,61.0,148.0,170.0,250.0,315.0,320.0,338.0,346.0,374.0,411.0,440.0,547.0,547.0,556.0,600.0,633.0,677.0,735.0,746.0,807.0,847.0,851.0,863.0,877.0,882.0,900.0,922.0,
48.0,82.0,89.0,103.0,115.0,119.0,157.0,159.0,163.0,180.0,183.0,208.0,212.0,220.0,253.0,269.0,283.0,286.0,308.0,341.0,344.0,345.0,393.0,438.0,473.0,509.0,540.0,549.0,615.0,652.0,667.0,694.0,711.0,724.0,727.0,783.0,783.0,825.0,843.0,887.0,892.0,907.0,912.0,
3.0,8.0,10.0,39.0,89.0,111.0,130.0,137.0,137.0,250.0,271.0,274.0,282.0,294.0,307.0,309.0,321.0,332.0,348.0,363.0,400.0,403.0,408.0,418.0,468.0,499.0,505.0,510.0,512.0,516.0,565.0,588.0,621.0,683.0,762.0,802.0,867.0,879.0,957.0,957.0,964.0,964.0,
37.0,150.0,171.0,178.0,179.0,196.0,250.0,275.0,276.0,292.0,324.0,342.0,349.0,376.0,441.0,494.0,516.0,526.0,527.0,531.0,536.0,537.0,573.0,586.0,652.0,669.0,716.0,797.0,828.0,835.0,839.0,846.0,847.0,854.0,900.0,956.0,976.0,977.0,
16.0,225.0,267.0,267.0,302.0,308.0,391.0,445.0,462.0,499.0,500.0,506.0,536.0,559.0,563.0,602.0,712.0,746.0,831.0,843.0,847.0,853.0,869.0,872.0,898.0,977.0,981.0,
8.0,31.0,114.0,137.0,147.0,172.0,200.0,224.0,255.0,263.0,278.0,299.0,309.0,313.0,342.0,343.0,382.0,547.0,588.0,621.0,652.0,713.0,758.0,780.0,836.0,891.0,912.0,916.0,957.0,980.0,987.0,992.0,
50.0,109.0,133.0,169.0,192.0,197.0,210.0,292.0,293.0,300.0,322.0,419.0,477.0,485.0,531.0,537.0,555.0,559.0,578.0,589.0,608.0,612.0,614.0,638.0,638.0,686.0,709.0,724.0,729.0,731.0,733.0,746.0,793.0,796.0,847.0,856.0,916.0,937.0,967.0,
110.0,155.0,156.0,174.0,236.0,305.0,312.0,344.0,356.0,473.0,479.0,489.0,494.0,548.0,584.0,733.0,737.0,742.0,748.0,753.0,783.0,785.0,791.0,815.0,865.0,962.0,974.0,975.0,
5.0,48.0,76.0,78.0,84.0,113.0,142.0,184.0,187.0,210.0,220.0,231.0,237.0,382.0,386.0,399.0,403.0,413.0,414.0,422.0,452.0,475.0,511.0,515.0,552.0,562.0,600.0,650.0,677.0,681.0,722.0,727.0,790.0,793.0,811.0,814.0,842.0,883.0,929.0,933.0,977.0,986.0,
31.0,40.0,72.0,93.0,94.0,137.0,171.0,193.0,199.0,210.0,267.0,268.0,286.0,302.0,341.0,345.0,352.0,368.0,372.0,376.0,409.0,415.0,425.0,528.0,536.0,632.0,656.0,667.0,677.0,699.0,700.0,706.0,738.0,757.0,790.0,804.0,904.0,927.0,
10.0,51.0,134.0,154.0,178.0,179.0,216.0,243.0,285.0,359.0,362.0,376.0,398.0,401.0,411.0,415.0,453.0,570.0,604.0,611.0,619.0,631.0,642.0,668.0,694.0,710.0,741.0,747.0,769.0,805.0,824.0,861.0,867.0,912.0,
65.0,126.0,156.0,193.0,209.0,297.0,391.0,474.0,492.0,560.0,569.0,620.0,630.0,642.0,646.0,786.0,838.0,844.0,849.0,860.0,875.0,991.0,
3.0,67.0,113.0,132.0,143.0,221.0,235.0,276.0,282.0,294.0,319.0,335.0,336.0,346.0,442.0,487.0,509.0,555.0,575.0,598.0,607.0,612.0,634.0,637.0,640.0,643.0,665.0,677.0,691.0,700.0,729.0,747.0,752.0,832.0,923.0,925.0,937.0,966.0,974.0,996.0,
6.0,28.0,49.0,55.0,105.0,135.0,145.0,203.0,207.0,216.0,237.0,271.0,280.0,310.0,325.0,336.0,390.0,479.0,480.0,495.0,543.0,548.0,586.0,605.0,626.0,633.0,641.0,702.0,770.0,816.0,832.0,841.0,905.0,
42.0,71.0,84.0,150.0,201.0,274.0,283.0,326.0,349.0,430.0,497.0,518.0,518.0,526.0,537.0,611.0,655.0,663.0,670.0,676.0,678.0,721.0,730.0,733.0,734.0,747.0,761.0,764.0,765.0,840.0,866.0,879.0,885.0,887.0,905.0,909.0,916.0,980.0,
24.0,66.0,95.0,111.0,116.0,156.0,211.0,261.0,272.0,278.0,311.0,312.0,317.0,352.0,354.0,401.0,407.0,426.0,433.0,485.0,501.0,520.0,521.0,539.0,589.0,620.0,648.0,654.0,668.0,675.0,691.0,701.0,728.0,776.0,779.0,813.0,820.0,874.0,952.0,970.0,991.0,
21.0,24.0,64.0,67.0,70.0,98.0,111.0,158.0,170.0,185.0,201.0,219.0,228.0,260.0,260.0,284.0,307.0,334.0,340.0,347.0,351.0,407.0,407.0,408.0,414.0,462.0,471.0,478.0,492.0,506.0,582.0,600.0,601.0,604.0,637.0,643.0,674.0,697.0,779.0,783.0,796.0,805.0,827.0,908.0,922.0,933.0,945.0,
3.0,145.0,200.0,215.0,244.0,307.0,336.0,350.0,368.0,410.0,461.0,461.0,462.0,520.0,606.0,633.0,634.0,696.0,701.0,741.0,745.0,748.0,752.0,756.0,781.0,826.0,849.0,867.0,873.0,943.0,969.0,998.0,999.0,
30.0,50.0,84.0,169.0,255.0,321.0,376.0,383.0,386.0,390.0,414.0,458.0,464.0,486.0,494.0,495.0,524.0,530.0,533.0,552.0,560.0,568.0,574.0,623.0,634.0,657.0,680.0,758.0,826.0,845.0,847.0,861.0,944.0,956.0,
8.0,18.0,35.0,135.0,192.0,216.0,238.0,264.0,294.0,304.0,322.0,348.0,355.0,369.0,390.0,484.0,568.0,583.0,658.0,672.0,686.0,697.0,721.0,730.0,748.0,822.0,847.0,852.0,855.0,869.0,895.0,899.0,989.0,991.0,
44.0,60.0,67.0,69.0,91.0,108.0,131.0,133.0,174.0,183.0,190.0,203.0,212.0,227.0,231.0,240.0,246.0,303.0,344.0,353.0,381.0,383.0,386.0,405.0,430.0,497.0,518.0,530.0,598.0,613.0,616.0,633.0,646.0,662.0,751.0,793.0,806.0,808.0,813.0,826.0,921.0,947.0,
2.0,33.0,40.0,47.0,53.0,89.0,134.0,185.0,188.0,192.0,196.0,200.0,214.0,225.0,228.0,240.0,300.0,345.0,346.0,350.0,355.0,361.0,382.0,385.0,410.0,434.0,450.0,478.0,533.0,569.0,667.0,685.0,704.0,716.0,724.0,738.0,783.0,830.0,833.0,878.0,886.0,888.0,889.0,901.0,913.0,929.0,939.0,957.0,975.0,
16.0,89.0,117.0,156.0,178.0,180.0,232.0,347.0,401.0,641.0,644.0,687.0,732.0,761.0,833.0,853.0,873.0,892.0,896.0,977.0,
11.0,16.0,42.0,51.0,99.0,123.0,125.0,127.0,178.0,349.0,382.0,387.0,387.0,413.0,436.0,480.0,493.0,495.0,505.0,506.0,535.0,538.0,611.0,635.0,695.0,724.0,731.0,761.0,802.0,806.0,815.0,829.0,831.0,878.0,885.0,891.0,931.0,
3.0,126.0,127.0,135.0,154.0,189.0,215.0,250.0,297.0,304.0,412.0,414.0,464.0,466.0,470.0,486.0,537.0,593.0,598.0,607.0,628.0,639.0,664.0,671.0,680.0,705.0,731.0,741.0,741.0,756.0,758.0,771.0,789.0,844.0,857.0,863.0,870.0,916.0,924.0,957.0,958.0,960.0,960.0,985.0,
12.0,76.0,90.0,119.0,133.0,161.0,178.0,179.0,192.0,217.0,238.0,271.0,329.0,356.0,392.0,407.0,480.0,538.0,577.0,585.0,587.0,591.0,592.0,595.0,624.0,657.0,658.0,666.0,707.0,814.0,830.0,831.0,847.0,881.0,919.0,973.0,976.0,
59.0,124.0,127.0,210.0,305.0,319.0,359.0,376.0,402.0,405.0,472.0,503.0,531.0,561.0,574.0,578.0,580.0,593.0,608.0,609.0,644.0,676.0,682.0,685.0,688.0,698.0,747.0,795.0,841.0,892.0,894.0,940.0,960.0,987.0,
4.0,4.0,16.0,33.0,45.0,58.0,97.0,132.0,170.0,203.0,227.0,254.0,282.0,342.0,374.0,375.0,401.0,462.0,497.0,546.0,622.0,623.0,641.0,647.0,659.0,659.0,674.0,754.0,808.0,814.0,856.0,928.0,937.0,960.0,975.0,
4.0,19.0,72.0,94.0,116.0,165.0,179.0,183.0,183.0,205.0,270.0,279.0,321.0,394.0,397.0,422.0,431.0,434.0,460.0,525.0,573.0,636.0,667.0,806.0,824.0,847.0,853.0,885.0,921.0,928.0,931.0,945.0,948.0,981.0,
12.0,37.0,63.0,75.0,84.0,106.0,107.0,134.0,135.0,137.0,139.0,144.0,149.0,171.0,227.0,324.0,326.0,415.0,423.0,434.0,450.0,460.0,509.0,554.0,582.0,643.0,684.0,763.0,767.0,811.0,814.0,850.0,858.0,869.0,974.0,982.0,984.0,
22.0,59.0,99.0,160.0,165.0,208.0,241.0,243.0,288.0,296.0,298.0,308.0,329.0,391.0,401.0,417.0,439.0,441.0,481.0,517.0,536.0,563.0,569.0,599.0,614.0,632.0,729.0,779.0,784.0,788.0,811.0,921.0,925.0,935.0,948.0,955.0,955.0,977.0,994.0,
