13.0,35.0,109.0,121.0,139.0,149.0,159.0,190.0,199.0,245.0,279.0,299.0,338.0,360.0,389.0,453.0,496.0,563.0,570.0,585.0,589.0,649.0,656.0,660.0,687.0,693.0,727.0,746.0,787.0,787.0,863.0,874.0,902.0,943.0,967.0,981.0,
17.0,55.0,110.0,113.0,127.0,157.0,177.0,212.0,227.0,291.0,341.0,373.0,416.0,430.0,455.0,465.0,468.0,479.0,497.0,535.0,542.0,555.0,584.0,591.0,598.0,644.0,661.0,673.0,691.0,705.0,715.0,749.0,779.0,783.0,825.0,875.0,955.0,992.0,
22.0,23.0,49.0,69.0,76.0,117.0,140.0,157.0,166.0,191.0,194.0,260.0,308.0,311.0,348.0,423.0,510.0,528.0,576.0,595.0,647.0,669.0,672.0,715.0,837.0,872.0,891.0,895.0,907.0,938.0,
107.0,146.0,244.0,248.0,260.0,279.0,334.0,361.0,368.0,404.0,434.0,434.0,456.0,461.0,464.0,498.0,625.0,638.0,649.0,677.0,701.0,743.0,792.0,837.0,848.0,886.0,902.0,923.0,951.0,
16.0,31.0,77.0,88.0,122.0,190.0,193.0,213.0,225.0,230.0,240.0,245.0,292.0,306.0,322.0,338.0,343.0,367.0,367.0,378.0,379.0,409.0,438.0,440.0,443.0,509.0,511.0,586.0,643.0,669.0,693.0,706.0,724.0,770.0,774.0,939.0,954.0,981.0,1000.0,
13.0,18.0,25.0,73.0,88.0,91.0,116.0,165.0,194.0,284.0,316.0,350.0,359.0,390.0,512.0,512.0,580.0,593.0,599.0,605.0,609.0,621.0,625.0,657.0,677.0,685.0,711.0,746.0,754.0,759.0,832.0,877.0,883.0,889.0,906.0,935.0,980.0,997.0,
6.0,13.0,20.0,59.0,61.0,126.0,140.0,228.0,236.0,264.0,393.0,394.0,433.0,495.0,496.0,577.0,586.0,615.0,630.0,646.0,673.0,795.0,812.0,833.0,863.0,868.0,880.0,904.0,910.0,939.0,957.0,
16.0,19.0,23.0,40.0,43.0,67.0,79.0,79.0,88.0,91.0,110.0,154.0,181.0,211.0,234.0,288.0,423.0,492.0,492.0,569.0,643.0,647.0,663.0,667.0,669.0,721.0,725.0,726.0,727.0,772.0,794.0,855.0,889.0,891.0,904.0,907.0,916.0,
31.0,54.0,95.0,106.0,158.0,169.0,217.0,255.0,301.0,314.0,334.0,359.0,400.0,447.0,458.0,476.0,502.0,532.0,569.0,573.0,575.0,600.0,637.0,640.0,675.0,732.0,741.0,767.0,801.0,843.0,851.0,876.0,879.0,917.0,953.0,956.0,960.0,965.0,982.0,
34.0,55.0,58.0,64.0,101.0,110.0,125.0,187.0,205.0,217.0,241.0,253.0,306.0,323.0,337.0,370.0,404.0,415.0,421.0,437.0,470.0,526.0,549.0,552.0,568.0,639.0,682.0,690.0,719.0,729.0,769.0,821.0,880.0,901.0,921.0,944.0,
8.0,9.0,27.0,28.0,28.0,31.0,39.0,55.0,65.0,72.0,83.0,113.0,152.0,163.0,178.0,197.0,237.0,266.0,273.0,302.0,396.0,417.0,420.0,466.0,470.0,501.0,513.0,515.0,517.0,545.0,645.0,653.0,686.0,694.0,741.0,761.0,772.0,781.0,813.0,851.0,856.0,989.0,
33.0,35.0,89.0,101.0,113.0,123.0,159.0,173.0,210.0,214.0,223.0,249.0,285.0,293.0,300.0,303.0,375.0,427.0,433.0,468.0,488.0,560.0,648.0,820.0,835.0,849.0,851.0,881.0,887.0,899.0,928.0,956.0,971.0,976.0,
48.0,67.0,68.0,127.0,192.0,199.0,213.0,224.0,241.0,244.0,271.0,271.0,320.0,326.0,355.0,367.0,371.0,391.0,456.0,457.0,541.0,589.0,597.0,610.0,662.0,666.0,671.0,683.0,723.0,723.0,744.0,864.0,915.0,925.0,936.0,957.0,957.0,
5.0,32.0,34.0,47.0,107.0,130.0,156.0,178.0,198.0,209.0,242.0,292.0,297.0,326.0,372.0,436.0,453.0,466.0,470.0,480.0,490.0,514.0,533.0,539.0,587.0,625.0,629.0,638.0,657.0,668.0,692.0,698.0,710.0,712.0,742.0,808.0,828.0,856.0,861.0,929.0,940.0,948.0,
36.0,89.0,109.0,115.0,119.0,132.0,159.0,172.0,188.0,232.0,271.0,283.0,306.0,330.0,352.0,357.0,465.0,499.0,513.0,537.0,539.0,622.0,640.0,669.0,677.0,684.0,725.0,736.0,748.0,776.0,787.0,815.0,920.0,932.0,962.0,988.0,
18.0,83.0,104.0,121.0,121.0,143.0,193.0,243.0,261.0,302.0,341.0,470.0,490.0,516.0,542.0,580.0,616.0,626.0,635.0,636.0,648.0,684.0,721.0,729.0,809.0,816.0,856.0,865.0,877.0,882.0,884.0,888.0,893.0,899.0,986.0,
14.0,19.0,27.0,27.0,82.0,128.0,146.0,156.0,165.0,195.0,251.0,276.0,303.0,312.0,344.0,395.0,434.0,434.0,512.0,523.0,568.0,578.0,601.0,659.0,663.0,684.0,738.0,748.0,789.0,822.0,826.0,831.0,967.0,990.0,
31.0,32.0,55.0,62.0,73.0,132.0,177.0,238.0,256.0,321.0,333.0,336.0,336.0,407.0,410.0,424.0,495.0,520.0,556.0,560.0,599.0,601.0,613.0,652.0,665.0,680.0,756.0,787.0,789.0,822.0,857.0,859.0,907.0,907.0,931.0,938.0,944.0,975.0,
8.0,26.0,30.0,37.0,38.0,44.0,62.0,78.0,81.0,96.0,110.0,113.0,194.0,212.0,227.0,231.0,291.0,299.0,319.0,394.0,413.0,422.0,434.0,460.0,488.0,493.0,532.0,534.0,536.0,577.0,615.0,681.0,683.0,693.0,713.0,726.0,745.0,823.0,828.0,829.0,887.0,909.0,960.0,978.0,
13.0,18.0,35.0,45.0,73.0,94.0,128.0,151.0,156.0,162.0,163.0,186.0,201.0,205.0,208.0,211.0,243.0,258.0,272.0,288.0,309.0,332.0,369.0,371.0,386.0,398.0,426.0,454.0,480.0,498.0,537.0,553.0,556.0,584.0,606.0,609.0,648.0,660.0,735.0,758.0,763.0,771.0,813.0,816.0,862.0,889.0,904.0,909.0,959.0,964.0,981.0,985.0,
5.0,47.0,59.0,83.0,97.0,148.0,163.0,163.0,168.0,193.0,228.0,254.0,288.0,313.0,329.0,345.0,356.0,360.0,369.0,381.0,423.0,443.0,475.0,572.0,593.0,613.0,666.0,667.0,687.0,727.0,761.0,815.0,816.0,901.0,992.0,
16.0,25.0,49.0,50.0,54.0,101.0,202.0,236.0,295.0,300.0,329.0,341.0,353.0,365.0,413.0,414.0,421.0,456.0,487.0,536.0,563.0,581.0,596.0,610.0,631.0,633.0,636.0,676.0,678.0,681.0,682.0,700.0,765.0,815.0,868.0,897.0,931.0,951.0,
15.0,31.0,68.0,107.0,124.0,130.0,157.0,190.0,222.0,249.0,251.0,365.0,384.0,387.0,419.0,440.0,440.0,455.0,459.0,486.0,514.0,595.0,598.0,639.0,647.0,715.0,715.0,719.0,784.0,836.0,903.0,
19.0,30.0,44.0,86.0,129.0,145.0,166.0,177.0,253.0,264.0,280.0,283.0,287.0,327.0,328.0,362.0,368.0,400.0,423.0,447.0,458.0,462.0,472.0,534.0,535.0,568.0,568.0,569.0,582.0,605.0,644.0,695.0,713.0,813.0,856.0,898.0,908.0,972.0,988.0,
18.0,37.0,72.0,129.0,168.0,174.0,177.0,181.0,201.0,213.0,284.0,327.0,381.0,389.0,504.0,541.0,606.0,614.0,619.0,647.0,677.0,715.0,724.0,727.0,729.0,739.0,763.0,773.0,789.0,854.0,868.0,889.0,894.0,896.0,903.0,942.0,996.0,
38.0,59.0,76.0,82.0,103.0,154.0,167.0,205.0,221.0,278.0,288.0,375.0,428.0,494.0,501.0,532.0,604.0,625.0,660.0,680.0,683.0,700.0,702.0,715.0,757.0,811.0,817.0,853.0,872.0,892.0,905.0,991.0,
5.0,50.0,55.0,64.0,109.0,120.0,172.0,177.0,191.0,209.0,238.0,249.0,252.0,253.0,306.0,312.0,336.0,341.0,372.0,372.0,399.0,429.0,476.0,530.0,530.0,548.0,562.0,594.0,643.0,660.0,674.0,699.0,705.0,754.0,783.0,849.0,859.0,870.0,897.0,913.0,920.0,957.0,959.0,978.0,995.0,
17.0,85.0,89.0,96.0,101.0,129.0,130.0,139.0,160.0,272.0,275.0,363.0,416.0,485.0,488.0,506.0,685.0,686.0,699.0,713.0,797.0,848.0,855.0,861.0,862.0,902.0,924.0,948.0,971.0,
10.0,26.0,40.0,43.0,106.0,177.0,212.0,230.0,257.0,285.0,298.0,355.0,379.0,433.0,493.0,521.0,563.0,597.0,600.0,601.0,603.0,639.0,648.0,660.0,661.0,671.0,704.0,716.0,799.0,857.0,860.0,882.0,895.0,912.0,942.0,960.0,
8.0,16.0,93.0,102.0,106.0,132.0,140.0,157.0,171.0,179.0,185.0,211.0,216.0,257.0,288.0,394.0,417.0,443.0,450.0,499.0,509.0,518.0,534.0,536.0,560.0,610.0,648.0,657.0,674.0,690.0,783.0,798.0,878.0,925.0,988.0,
5.0,29.0,38.0,45.0,60.0,64.0,76.0,121.0,144.0,188.0,189.0,214.0,247.0,248.0,364.0,388.0,395.0,401.0,425.0,429.0,488.0,595.0,605.0,652.0,653.0,660.0,671.0,697.0,751.0,753.0,755.0,785.0,894.0,898.0,914.0,998.0,
32.0,47.0,93.0,111.0,121.0,135.0,187.0,247.0,249.0,289.0,289.0,378.0,379.0,393.0,397.0,472.0,476.0,504.0,508.0,619.0,632.0,650.0,735.0,737.0,890.0,903.0,910.0,930.0,
10.0,21.0,98.0,112.0,162.0,181.0,182.0,261.0,269.0,277.0,283.0,298.0,357.0,393.0,449.0,456.0,477.0,607.0,652.0,654.0,661.0,704.0,705.0,711.0,768.0,831.0,834.0,836.0,838.0,842.0,881.0,888.0,907.0,939.0,950.0,981.0,
2.0,9.0,44.0,58.0,97.0,165.0,177.0,208.0,260.0,292.0,332.0,342.0,349.0,351.0,415.0,431.0,437.0,463.0,506.0,531.0,535.0,584.0,597.0,602.0,614.0,647.0,667.0,750.0,750.0,771.0,807.0,808.0,815.0,821.0,890.0,902.0,917.0,926.0,959.0,962.0,971.0,982.0,
8.0,22.0,71.0,80.0,144.0,179.0,185.0,206.0,242.0,317.0,340.0,365.0,393.0,399.0,407.0,422.0,430.0,476.0,521.0,522.0,528.0,535.0,541.0,606.0,612.0,621.0,631.0,640.0,653.0,654.0,685.0,709.0,719.0,764.0,767.0,768.0,773.0,794.0,811.0,848.0,851.0,861.0,931.0,931.0,953.0,980.0,
47.0,85.0,120.0,135.0,144.0,160.0,224.0,245.0,263.0,274.0,275.0,369.0,375.0,433.0,446.0,565.0,571.0,581.0,605.0,623.0,643.0,676.0,711.0,720.0,721.0,725.0,771.0,773.0,778.0,828.0,829.0,857.0,930.0,930.0,942.0,989.0,
17.0,30.0,36.0,79.0,84.0,110.0,163.0,203.0,228.0,252.0,268.0,281.0,330.0,361.0,369.0,432.0,456.0,460.0,462.0,518.0,561.0,634.0,671.0,719.0,732.0,741.0,743.0,749.0,755.0,812.0,848.0,858.0,859.0,879.0,906.0,930.0,941.0,944.0,964.0,994.0,
12.0,43.0,44.0,51.0,87.0,100.0,152.0,236.0,249.0,255.0,290.0,326.0,349.0,372.0,376.0,425.0,446.0,479.0,497.0,512.0,524.0,541.0,566.0,659.0,733.0,735.0,760.0,784.0,791.0,862.0,863.0,864.0,887.0,914.0,
37.0,62.0,117.0,210.0,231.0,237.0,266.0,286.0,347.0,352.0,380.0,407.0,420.0,474.0,479.0,484.0,511.0,554.0,575.0,579.0,613.0,613.0,633.0,659.0,659.0,675.0,682.0,687.0,769.0,789.0,789.0,823.0,835.0,871.0,890.0,897.0,921.0,929.0,997.0,
4.0,17.0,24.0,56.0,58.0,61.0,111.0,179.0,182.0,183.0,210.0,220.0,223.0,234.0,292.0,313.0,334.0,370.0,417.0,419.0,436.0,468.0,481.0,505.0,508.0,526.0,551.0,563.0,572.0,572.0,589.0,591.0,630.0,659.0,678.0,679.0,712.0,723.0,743.0,758.0,783.0,812.0,837.0,885.0,906.0,948.0,950.0,
9.0,47.0,59.0,65.0,67.0,69.0,79.0,107.0,176.0,178.0,182.0,201.0,214.0,226.0,237.0,242.0,275.0,297.0,324.0,326.0,339.0,453.0,478.0,505.0,561.0,562.0,570.0,630.0,658.0,659.0,703.0,766.0,774.0,783.0,793.0,798.0,818.0,827.0,856.0,931.0,957.0,
15.0,73.0,84.0,91.0,120.0,144.0,189.0,274.0,306.0,333.0,349.0,381.0,402.0,419.0,460.0,475.0,528.0,551.0,552.0,565.0,577.0,604.0,698.0,719.0,756.0,761.0,769.0,800.0,880.0,892.0,904.0,969.0,972.0,
5.0,38.0,53.0,58.0,58.0,99.0,123.0,146.0,177.0,238.0,251.0,255.0,302.0,310.0,341.0,348.0,375.0,389.0,399.0,444.0,463.0,501.0,537.0,565.0,581.0,597.0,611.0,678.0,722.0,728.0,823.0,835.0,836.0,886.0,901.0,910.0,956.0,979.0,982.0,988.0,
36.0,61.0,92.0,95.0,134.0,192.0,235.0,264.0,280.0,333.0,352.0,361.0,390.0,416.0,448.0,454.0,456.0,470.0,510.0,512.0,512.0,518.0,526.0,529.0,593.0,629.0,636.0,665.0,676.0,714.0,728.0,749.0,763.0,785.0,815.0,819.0,841.0,853.0,880.0,897.0,906.0,917.0,944.0,968.0,
40.0,64.0,64.0,111.0,140.0,151.0,162.0,212.0,239.0,259.0,296.0,325.0,330.0,382.0,397.0,418.0,419.0,444.0,467.0,471.0,482.0,496.0,671.0,705.0,719.0,747.0,758.0,773.0,820.0,851.0,867.0,899.0,900.0,924.0,
6.0,29.0,41.0,62.0,64.0,67.0,71.0,74.0,113.0,118.0,118.0,121.0,146.0,148.0,163.0,168.0,282.0,289.0,290.0,304.0,378.0,435.0,461.0,489.0,498.0,
13.0,53.0,118.0,238.0,267.0,291.0,312.0,319.0,377.0,400.0,404.0,408.0,492.0,510.0,646.0,685.0,822.0,941.0,954.0,957.0,966.0,
8.0,14.0,47.0,54.0,108.0,108.0,150.0,152.0,154.0,237.0,244.0,244.0,247.0,484.0,504.0,523.0,523.0,561.0,579.0,584.0,615.0,617.0,652.0,653.0,670.0,714.0,714.0,720.0,735.0,741.0,750.0,751.0,784.0,801.0,851.0,871.0,873.0,881.0,891.0,897.0,947.0,957.0,975.0,
8.0,26.0,63.0,69.0,112.0,140.0,160.0,195.0,198.0,202.0,220.0,226.0,231.0,237.0,327.0,333.0,338.0,342.0,351.0,369.0,381.0,390.0,411.0,462.0,477.0,489.0,494.0,536.0,573.0,586.0,620.0,628.0,728.0,731.0,789.0,817.0,821.0,836.0,887.0,899.0,901.0,943.0,
113.0,131.0,145.0,156.0,162.0,176.0,192.0,217.0,229.0,230.0,244.0,256.0,263.0,278.0,280.0,321.0,378.0,408.0,411.0,414.0,422.0,432.0,485.0,486.0,505.0,530.0,531.0,563.0,591.0,658.0,660.0,704.0,716.0,733.0,763.0,772.0,777.0,827.0,835.0,873.0,918.0,992.0,
25.0,136.0,138.0,161.0,168.0,174.0,181.0,240.0,287.0,301.0,304.0,307.0,331.0,440.0,441.0,608.0,705.0,753.0,797.0,825.0,834.0,835.0,916.0,927.0,940.0,
28.0,40.0,63.0,66.0,90.0,96.0,167.0,168.0,265.0,322.0,361.0,369.0,402.0,411.0,416.0,480.0,483.0,487.0,491.0,494.0,549.0,785.0,887.0,911.0,945.0,967.0,975.0,
3.0,26.0,26.0,35.0,90.0,95.0,166.0,169.0,173.0,214.0,235.0,268.0,332.0,358.0,396.0,398.0,407.0,498.0,503.0,514.0,520.0,553.0,620.0,669.0,704.0,730.0,744.0,745.0,966.0,990.0,
8.0,51.0,66.0,149.0,212.0,262.0,272.0,274.0,296.0,324.0,375.0,405.0,430.0,440.0,481.0,500.0,582.0,688.0,708.0,716.0,799.0,806.0,824.0,831.0,837.0,863.0,874.0,874.0,902.0,927.0,935.0,956.0,956.0,986.0,989.0,
5.0,7.0,37.0,51.0,93.0,140.0,146.0,187.0,225.0,285.0,291.0,349.0,431.0,445.0,467.0,468.0,510.0,
23.0,29.0,35.0,41.0,65.0,68.0,94.0,112.0,159.0,166.0,173.0,181.0,188.0,215.0,224.0,226.0,231.0,247.0,264.0,275.0,307.0,362.0,416.0,455.0,506.0,
12.0,19.0,76.0,78.0,124.0,176.0,177.0,203.0,216.0,283.0,343.0,366.0,404.0,463.0,489.0,
12.0,12.0,18.0,19.0,21.0,59.0,105.0,110.0,122.0,148.0,150.0,193.0,232.0,241.0,250.0,276.0,281.0,297.0,297.0,304.0,407.0,420.0,426.0,431.0,437.0,457.0,462.0,477.0,525.0,574.0,611.0,638.0,712.0,715.0,727.0,730.0,731.0,734.0,749.0,789.0,799.0,813.0,827.0,827.0,837.0,840.0,841.0,863.0,923.0,933.0,981.0,988.0,995.0,
11.0,93.0,100.0,103.0,110.0,136.0,162.0,174.0,192.0,208.0,214.0,249.0,255.0,273.0,288.0,299.0,307.0,452.0,501.0,536.0,573.0,589.0,607.0,648.0,674.0,705.0,730.0,753.0,777.0,785.0,869.0,877.0,907.0,994.0,997.0,
4.0,36.0,38.0,44.0,64.0,121.0,145.0,150.0,156.0,159.0,183.0,257.0,329.0,345.0,401.0,419.0,432.0,443.0,443.0,454.0,482.0,486.0,510.0,576.0,626.0,639.0,678.0,699.0,720.0,746.0,802.0,805.0,859.0,925.0,957.0,957.0,997.0,
6.0,65.0,111.0,141.0,148.0,157.0,178.0,207.0,267.0,283.0,332.0,368.0,373.0,391.0,430.0,431.0,487.0,494.0,508.0,511.0,536.0,576.0,582.0,621.0,630.0,647.0,674.0,766.0,771.0,771.0,788.0,837.0,843.0,862.0,974.0,
8.0,23.0,28.0,41.0,69.0,83.0,119.0,122.0,131.0,156.0,171.0,202.0,218.0,240.0,269.0,274.0,276.0,329.0,331.0,350.0,363.0,375.0,434.0,447.0,468.0,472.0,504.0,507.0,512.0,557.0,559.0,603.0,611.0,623.0,676.0,679.0,701.0,722.0,728.0,778.0,827.0,839.0,841.0,900.0,909.0,943.0,966.0,
15.0,36.0,42.0,55.0,94.0,119.0,138.0,167.0,197.0,226.0,254.0,285.0,372.0,385.0,410.0,427.0,432.0,462.0,463.0,484.0,486.0,538.0,558.0,573.0,628.0,636.0,646.0,724.0,733.0,764.0,775.0,788.0,792.0,811.0,812.0,821.0,837.0,841.0,860.0,875.0,
23.0,210.0,244.0,305.0,336.0,380.0,448.0,460.0,478.0,516.0,551.0,566.0,569.0,569.0,576.0,596.0,603.0,628.0,653.0,667.0,726.0,757.0,762.0,801.0,811.0,821.0,874.0,890.0,915.0,932.0,935.0,965.0,971.0,976.0,998.0,
33.0,70.0,98.0,140.0,171.0,178.0,183.0,209.0,231.0,243.0,277.0,277.0,380.0,387.0,458.0,501.0,645.0,693.0,700.0,721.0,743.0,836.0,966.0,989.0,
39.0,62.0,148.0,200.0,217.0,289.0,346.0,389.0,406.0,
2.0,8.0,55.0,65.0,79.0,79.0,128.0,144.0,148.0,173.0,175.0,188.0,232.0,232.0,236.0,268.0,276.0,302.0,309.0,324.0,339.0,360.0,374.0,510.0,676.0,691.0,737.0,745.0,761.0,764.0,799.0,834.0,892.0,959.0,969.0,974.0,
17.0,18.0,31.0,78.0,79.0,86.0,116.0,177.0,193.0,213.0,239.0,246.0,250.0,268.0,280.0,289.0,302.0,305.0,377.0,438.0,439.0,485.0,493.0,523.0,548.0,550.0,554.0,564.0,572.0,603.0,634.0,663.0,668.0,677.0,683.0,693.0,713.0,714.0,722.0,735.0,748.0,749.0,807.0,829.0,838.0,845.0,858.0,868.0,895.0,910.0,933.0,982.0,993.0,
25.0,32.0,39.0,66.0,70.0,97.0,99.0,107.0,115.0,181.0,302.0,330.0,334.0,382.0,391.0,412.0,479.0,489.0,516.0,521.0,538.0,599.0,626.0,629.0,712.0,754.0,759.0,775.0,776.0,777.0,787.0,852.0,853.0,884.0,886.0,922.0,991.0,
34.0,49.0,98.0,157.0,161.0,184.0,191.0,214.0,214.0,228.0,230.0,282.0,308.0,310.0,350.0,375.0,386.0,430.0,442.0,458.0,498.0,533.0,559.0,603.0,638.0,664.0,669.0,706.0,725.0,774.0,812.0,827.0,876.0,910.0,915.0,977.0,
31.0,65.0,94.0,110.0,136.0,155.0,190.0,191.0,194.0,232.0,262.0,286.0,289.0,350.0,367.0,402.0,441.0,445.0,447.0,504.0,517.0,542.0,547.0,550.0,586.0,624.0,660.0,672.0,674.0,694.0,695.0,697.0,754.0,767.0,780.0,781.0,796.0,803.0,806.0,813.0,984.0,
38.0,41.0,114.0,139.0,218.0,241.0,241.0,262.0,269.0,304.0,344.0,384.0,409.0,488.0,493.0,494.0,497.0,504.0,553.0,632.0,634.0,649.0,667.0,713.0,773.0,776.0,819.0,825.0,856.0,860.0,893.0,907.0,942.0,
3.0,4.0,8.0,56.0,66.0,86.0,121.0,126.0,131.0,150.0,152.0,172.0,198.0,204.0,217.0,225.0,252.0,277.0,284.0,308.0,317.0,351.0,449.0,478.0,533.0,539.0,622.0,684.0,708.0,734.0,775.0,827.0,835.0,886.0,895.0,903.0,944.0,
27.0,117.0,118.0,175.0,195.0,285.0,318.0,492.0,588.0,650.0,699.0,711.0,753.0,919.0,990.0,
45.0,54.0,81.0,95.0,123.0,163.0,191.0,247.0,282.0,292.0,336.0,347.0,371.0,382.0,387.0,404.0,417.0,540.0,571.0,612.0,622.0,635.0,638.0,640.0,644.0,674.0,688.0,691.0,718.0,727.0,740.0,749.0,778.0,787.0,788.0,821.0,828.0,831.0,831.0,899.0,915.0,916.0,947.0,953.0,958.0,971.0,995.0,996.0,999.0,
10.0,26.0,40.0,82.0,86.0,111.0,175.0,180.0,184.0,216.0,261.0,308.0,318.0,331.0,395.0,416.0,420.0,424.0,442.0,465.0,486.0,488.0,508.0,549.0,576.0,630.0,686.0,695.0,697.0,700.0,742.0,746.0,767.0,780.0,850.0,910.0,920.0,920.0,
5.0,18.0,34.0,44.0,93.0,130.0,149.0,167.0,235.0,240.0,254.0,281.0,302.0,307.0,318.0,365.0,370.0,418.0,424.0,436.0,451.0,461.0,470.0,489.0,511.0,526.0,535.0,538.0,540.0,548.0,561.0,573.0,594.0,631.0,631.0,674.0,675.0,686.0,699.0,717.0,736.0,784.0,796.0,809.0,815.0,823.0,840.0,850.0,874.0,878.0,892.0,897.0,909.0,912.0,951.0,976.0,989.0,
12.0,20.0,106.0,171.0,183.0,212.0,249.0,264.0,272.0,312.0,316.0,348.0,349.0,355.0,360.0,360.0,407.0,435.0,470.0,523.0,525.0,551.0,571.0,584.0,588.0,601.0,605.0,607.0,622.0,646.0,662.0,673.0,746.0,755.0,775.0,793.0,804.0,837.0,902.0,914.0,916.0,922.0,959.0,974.0,
30.0,49.0,78.0,89.0,99.0,116.0,135.0,229.0,232.0,237.0,250.0,258.0,268.0,287.0,329.0,344.0,375.0,508.0,602.0,646.0,682.0,685.0,703.0,708.0,709.0,746.0,746.0,754.0,756.0,773.0,804.0,813.0,841.0,842.0,844.0,855.0,884.0,903.0,958.0,994.0,998.0,
30.0,54.0,68.0,72.0,79.0,101.0,102.0,130.0,169.0,169.0,201.0,216.0,252.0,254.0,262.0,266.0,275.0,342.0,356.0,381.0,398.0,420.0,468.0,474.0,488.0,525.0,543.0,701.0,715.0,725.0,749.0,763.0,794.0,820.0,845.0,857.0,902.0,940.0,980.0,981.0,
27.0,42.0,73.0,82.0,93.0,98.0,106.0,117.0,143.0,186.0,317.0,354.0,368.0,380.0,454.0,476.0,488.0,514.0,519.0,561.0,594.0,631.0,655.0,658.0,670.0,710.0,731.0,737.0,741.0,742.0,751.0,782.0,795.0,809.0,830.0,843.0,856.0,862.0,871.0,877.0,880.0,925.0,
36.0,75.0,114.0,124.0,131.0,133.0,159.0,180.0,188.0,241.0,261.0,264.0,279.0,290.0,291.0,366.0,374.0,408.0,423.0,435.0,455.0,464.0,469.0,502.0,542.0,597.0,778.0,795.0,817.0,824.0,858.0,900.0,923.0,946.0,977.0,977.0,
25.0,27.0,61.0,100.0,104.0,142.0,142.0,143.0,174.0,175.0,226.0,231.0,275.0,306.0,315.0,344.0,364.0,367.0,396.0,436.0,440.0,469.0,487.0,506.0,514.0,520.0,534.0,548.0,563.0,563.0,591.0,647.0,671.0,711.0,758.0,780.0,829.0,864.0,869.0,879.0,887.0,903.0,966.0,
13.0,32.0,47.0,64.0,121.0,131.0,145.0,208.0,218.0,223.0,242.0,246.0,284.0,311.0,376.0,379.0,483.0,486.0,559.0,573.0,619.0,623.0,642.0,662.0,674.0,716.0,720.0,761.0,774.0,782.0,789.0,800.0,828.0,927.0,943.0,975.0,989.0,
33.0,45.0,53.0,60.0,128.0,137.0,156.0,160.0,163.0,205.0,220.0,236.0,251.0,284.0,310.0,337.0,374.0,414.0,503.0,524.0,547.0,548.0,554.0,559.0,583.0,591.0,603.0,613.0,619.0,629.0,664.0,699.0,703.0,714.0,719.0,748.0,807.0,813.0,814.0,863.0,865.0,886.0,892.0,897.0,898.0,925.0,937.0,938.0,947.0,976.0,
29.0,58.0,98.0,99.0,109.0,137.0,235.0,247.0,254.0,299.0,305.0,308.0,311.0,351.0,384.0,413.0,420.0,442.0,457.0,554.0,595.0,608.0,630.0,658.0,664.0,673.0,674.0,717.0,743.0,747.0,757.0,799.0,809.0,839.0,863.0,
69.0,104.0,117.0,148.0,359.0,371.0,378.0,403.0,440.0,481.0,492.0,534.0,557.0,559.0,566.0,589.0,605.0,664.0,682.0,811.0,813.0,834.0,895.0,918.0,921.0,954.0,962.0,
10.0,77.0,114.0,149.0,173.0,228.0,238.0,271.0,339.0,348.0,349.0,355.0,360.0,376.0,386.0,417.0,520.0,545.0,671.0,690.0,702.0,746.0,797.0,815.0,829.0,864.0,903.0,933.0,964.0,988.0,
2.0,2.0,4.0,11.0,16.0,31.0,52.0,74.0,175.0,200.0,219.0,287.0,299.0,329.0,346.0,398.0,414.0,417.0,451.0,485.0,491.0,550.0,615.0,628.0,662.0,717.0,802.0,803.0,868.0,911.0,929.0,967.0,989.0,995.0,
10.0,38.0,64.0,74.0,80.0,133.0,139.0,147.0,158.0,219.0,227.0,234.0,236.0,242.0,243.0,245.0,260.0,265.0,287.0,314.0,346.0,373.0,386.0,452.0,471.0,485.0,486.0,493.0,521.0,549.0,572.0,578.0,580.0,622.0,649.0,665.0,692.0,692.0,720.0,720.0,721.0,725.0,802.0,893.0,894.0,909.0,968.0,986.0,
28.0,68.0,118.0,199.0,211.0,214.0,236.0,240.0,246.0,252.0,288.0,306.0,308.0,420.0,431.0,504.0,531.0,550.0,582.0,597.0,667.0,717.0,726.0,727.0,729.0,743.0,767.0,793.0,809.0,828.0,877.0,900.0,
2.0,34.0,52.0,55.0,81.0,152.0,156.0,166.0,190.0,238.0,243.0,264.0,286.0,318.0,337.0,342.0,364.0,391.0,402.0,409.0,425.0,430.0,456.0,491.0,493.0,501.0,502.0,505.0,539.0,551.0,560.0,562.0,578.0,586.0,588.0,595.0,703.0,716.0,757.0,763.0,773.0,798.0,809.0,860.0,873.0,899.0,942.0,969.0,973.0,1000.0,
5.0,28.0,71.0,114.0,128.0,143.0,161.0,162.0,214.0,224.0,261.0,293.0,307.0,330.0,340.0,374.0,423.0,449.0,456.0,463.0,519.0,596.0,616.0,647.0,666.0,689.0,694.0,713.0,719.0,744.0,775.0,784.0,799.0,808.0,871.0,901.0,927.0,
11.0,35.0,61.0,66.0,82.0,89.0,132.0,204.0,380.0,439.0,453.0,473.0,515.0,557.0,564.0,596.0,616.0,639.0,665.0,713.0,737.0,799.0,802.0,828.0,864.0,902.0,903.0,968.0,983.0,997.0,
52.0,79.0,102.0,122.0,138.0,143.0,173.0,205.0,218.0,262.0,266.0,272.0,310.0,328.0,364.0,402.0,402.0,406.0,413.0,417.0,438.0,448.0,455.0,456.0,523.0,602.0,630.0,638.0,734.0,765.0,783.0,799.0,801.0,837.0,839.0,846.0,951.0,978.0,984.0,
3.0,31.0,69.0,98.0,192.0,217.0,233.0,346.0,371.0,407.0,417.0,476.0,548.0,566.0,590.0,592.0,601.0,651.0,656.0,686.0,694.0,711.0,772.0,775.0,786.0,801.0,803.0,821.0,829.0,865.0,874.0,877.0,890.0,914.0,928.0,932.0,
7.0,27.0,50.0,52.0,88.0,130.0,211.0,224.0,234.0,275.0,284.0,286.0,328.0,352.0,404.0,432.0,436.0,440.0,449.0,463.0,473.0,478.0,481.0,506.0,519.0,568.0,577.0,623.0,701.0,719.0,752.0,774.0,811.0,832.0,834.0,848.0,922.0,926.0,946.0,960.0,977.0,
26.0,76.0,89.0,102.0,138.0,204.0,210.0,220.0,267.0,278.0,285.0,305.0,317.0,412.0,436.0,441.0,448.0,485.0,501.0,516.0,580.0,601.0,614.0,651.0,705.0,726.0,733.0,744.0,748.0,756.0,795.0,797.0,809.0,910.0,922.0,952.0,984.0,994.0,
32.0,86.0,86.0,102.0,106.0,126.0,127.0,132.0,137.0,141.0,242.0,246.0,253.0,266.0,294.0,331.0,353.0,390.0,400.0,443.0,467.0,485.0,495.0,503.0,517.0,530.0,593.0,619.0,647.0,658.0,670.0,671.0,721.0,737.0,792.0,792.0,802.0,803.0,817.0,823.0,861.0,866.0,878.0,884.0,894.0,909.0,934.0,952.0,975.0,980.0,
34.0,39.0,91.0,107.0,128.0,207.0,281.0,286.0,360.0,367.0,385.0,385.0,399.0,442.0,470.0,484.0,527.0,551.0,560.0,561.0,606.0,621.0,637.0,675.0,686.0,694.0,715.0,733.0,764.0,767.0,777.0,794.0,873.0,897.0,902.0,904.0,955.0,973.0,982.0,998.0,
