36.0,57.0,92.0,100.0,110.0,161.0,171.0,227.0,322.0,325.0,352.0,371.0,376.0,439.0,443.0,480.0,494.0,494.0,561.0,601.0,603.0,608.0,634.0,697.0,711.0,730.0,740.0,753.0,784.0,785.0,788.0,900.0,903.0,920.0,929.0,983.0,
41.0,61.0,108.0,112.0,120.0,146.0,165.0,166.0,220.0,288.0,293.0,322.0,348.0,348.0,375.0,394.0,401.0,402.0,414.0,432.0,485.0,488.0,501.0,543.0,562.0,563.0,566.0,621.0,634.0,649.0,694.0,826.0,861.0,866.0,879.0,880.0,893.0,913.0,914.0,932.0,938.0,953.0,963.0,963.0,964.0,968.0,998.0,
8.0,48.0,58.0,67.0,104.0,180.0,181.0,190.0,207.0,221.0,262.0,275.0,304.0,341.0,400.0,434.0,450.0,458.0,483.0,495.0,497.0,504.0,530.0,581.0,591.0,605.0,683.0,745.0,831.0,841.0,895.0,911.0,939.0,941.0,954.0,955.0,
2.0,32.0,35.0,47.0,101.0,120.0,138.0,144.0,159.0,175.0,179.0,195.0,202.0,202.0,235.0,284.0,297.0,308.0,312.0,358.0,401.0,402.0,403.0,427.0,446.0,448.0,448.0,524.0,528.0,588.0,613.0,618.0,627.0,648.0,669.0,670.0,789.0,839.0,845.0,896.0,917.0,967.0,991.0,
38.0,38.0,76.0,114.0,115.0,123.0,171.0,223.0,234.0,246.0,249.0,255.0,297.0,319.0,319.0,366.0,487.0,525.0,561.0,584.0,606.0,628.0,725.0,770.0,783.0,789.0,798.0,846.0,850.0,861.0,864.0,890.0,948.0,974.0,
21.0,49.0,75.0,142.0,181.0,253.0,296.0,315.0,323.0,374.0,382.0,386.0,458.0,499.0,509.0,534.0,551.0,580.0,587.0,614.0,699.0,787.0,795.0,849.0,856.0,865.0,880.0,883.0,899.0,900.0,918.0,981.0,
6.0,9.0,16.0,21.0,27.0,50.0,57.0,58.0,65.0,95.0,148.0,197.0,233.0,279.0,300.0,426.0,481.0,539.0,551.0,571.0,600.0,637.0,642.0,721.0,780.0,787.0,820.0,826.0,834.0,871.0,892.0,895.0,940.0,956.0,965.0,987.0,989.0,
132.0,140.0,152.0,155.0,156.0,158.0,162.0,184.0,188.0,242.0,264.0,300.0,309.0,335.0,344.0,349.0,352.0,358.0,371.0,467.0,480.0,487.0,499.0,535.0,535.0,551.0,557.0,561.0,564.0,636.0,650.0,667.0,830.0,857.0,858.0,930.0,963.0,974.0,
5.0,37.0,45.0,48.0,140.0,167.0,180.0,181.0,188.0,218.0,227.0,329.0,357.0,384.0,387.0,398.0,410.0,417.0,464.0,471.0,516.0,550.0,570.0,581.0,665.0,717.0,735.0,754.0,772.0,783.0,800.0,801.0,827.0,872.0,875.0,962.0,985.0,991.0,
3.0,30.0,37.0,42.0,43.0,51.0,60.0,68.0,78.0,88.0,153.0,187.0,204.0,218.0,259.0,309.0,324.0,363.0,401.0,501.0,525.0,530.0,555.0,561.0,592.0,615.0,662.0,693.0,693.0,701.0,748.0,769.0,824.0,854.0,871.0,932.0,952.0,978.0,991.0,992.0,
6.0,37.0,64.0,85.0,90.0,96.0,125.0,154.0,283.0,296.0,357.0,411.0,419.0,420.0,437.0,461.0,494.0,499.0,518.0,520.0,546.0,548.0,556.0,598.0,654.0,662.0,693.0,709.0,717.0,725.0,740.0,785.0,840.0,927.0,982.0,998.0,
8.0,25.0,54.0,67.0,78.0,78.0,138.0,150.0,172.0,194.0,208.0,253.0,267.0,286.0,302.0,313.0,326.0,332.0,373.0,390.0,396.0,405.0,409.0,419.0,453.0,464.0,480.0,504.0,633.0,693.0,714.0,754.0,782.0,796.0,835.0,847.0,852.0,878.0,890.0,908.0,912.0,943.0,988.0,989.0,
12.0,18.0,38.0,101.0,104.0,140.0,140.0,169.0,172.0,200.0,200.0,259.0,260.0,316.0,319.0,330.0,351.0,421.0,430.0,431.0,460.0,460.0,508.0,543.0,566.0,629.0,638.0,727.0,757.0,776.0,797.0,802.0,806.0,873.0,927.0,934.0,945.0,969.0,974.0,
4.0,65.0,93.0,130.0,135.0,156.0,179.0,197.0,210.0,234.0,250.0,272.0,287.0,296.0,338.0,345.0,354.0,365.0,379.0,422.0,467.0,478.0,499.0,539.0,590.0,617.0,628.0,632.0,658.0,661.0,691.0,696.0,746.0,776.0,792.0,811.0,833.0,869.0,871.0,889.0,917.0,921.0,945.0,
47.0,84.0,114.0,115.0,122.0,137.0,169.0,202.0,221.0,243.0,245.0,287.0,305.0,396.0,401.0,412.0,486.0,502.0,528.0,557.0,564.0,586.0,603.0,650.0,676.0,727.0,728.0,747.0,886.0,899.0,937.0,946.0,974.0,980.0,990.0,991.0,
2.0,7.0,119.0,128.0,150.0,180.0,185.0,207.0,263.0,271.0,273.0,311.0,400.0,408.0,512.0,533.0,542.0,569.0,581.0,583.0,653.0,661.0,665.0,673.0,674.0,704.0,705.0,732.0,748.0,761.0,805.0,808.0,819.0,828.0,847.0,848.0,865.0,874.0,917.0,936.0,937.0,
32.0,37.0,93.0,138.0,161.0,171.0,207.0,245.0,266.0,268.0,295.0,307.0,352.0,368.0,379.0,430.0,535.0,540.0,552.0,559.0,579.0,587.0,588.0,662.0,689.0,704.0,708.0,713.0,821.0,851.0,865.0,902.0,941.0,942.0,
26.0,52.0,70.0,80.0,138.0,139.0,181.0,213.0,221.0,274.0,277.0,278.0,301.0,316.0,336.0,346.0,479.0,484.0,503.0,510.0,600.0,618.0,736.0,740.0,792.0,792.0,794.0,849.0,852.0,866.0,875.0,884.0,889.0,912.0,914.0,934.0,975.0,
8.0,13.0,27.0,42.0,89.0,122.0,176.0,192.0,203.0,289.0,300.0,303.0,338.0,370.0,462.0,485.0,508.0,556.0,574.0,603.0,624.0,632.0,651.0,665.0,681.0,694.0,701.0,730.0,746.0,748.0,763.0,832.0,873.0,880.0,975.0,979.0,982.0,994.0,
35.0,41.0,53.0,79.0,91.0,235.0,254.0,282.0,284.0,309.0,322.0,353.0,384.0,389.0,431.0,505.0,506.0,538.0,617.0,630.0,684.0,796.0,835.0,888.0,893.0,901.0,916.0,932.0,935.0,
58.0,98.0,147.0,165.0,188.0,200.0,207.0,227.0,230.0,335.0,362.0,364.0,379.0,389.0,426.0,465.0,469.0,478.0,481.0,500.0,525.0,534.0,544.0,577.0,577.0,599.0,609.0,615.0,718.0,749.0,753.0,778.0,781.0,820.0,852.0,867.0,955.0,958.0,996.0,
7.0,31.0,42.0,63.0,95.0,114.0,265.0,267.0,304.0,322.0,324.0,355.0,438.0,456.0,484.0,502.0,524.0,598.0,664.0,696.0,732.0,734.0,736.0,782.0,828.0,836.0,866.0,879.0,907.0,923.0,
17.0,85.0,132.0,170.0,173.0,190.0,198.0,213.0,216.0,267.0,284.0,292.0,315.0,330.0,355.0,446.0,477.0,479.0,536.0,568.0,591.0,602.0,603.0,609.0,660.0,719.0,719.0,752.0,843.0,845.0,933.0,936.0,958.0,959.0,973.0,999.0,
24.0,41.0,110.0,137.0,140.0,172.0,178.0,194.0,216.0,222.0,223.0,257.0,258.0,287.0,307.0,354.0,355.0,357.0,399.0,406.0,413.0,432.0,470.0,493.0,515.0,594.0,606.0,611.0,616.0,633.0,771.0,778.0,791.0,838.0,931.0,935.0,945.0,
43.0,44.0,89.0,90.0,99.0,130.0,143.0,152.0,166.0,182.0,220.0,222.0,251.0,285.0,290.0,293.0,332.0,337.0,338.0,378.0,381.0,383.0,421.0,428.0,456.0,471.0,491.0,502.0,518.0,554.0,574.0,578.0,602.0,643.0,658.0,659.0,665.0,676.0,703.0,729.0,836.0,940.0,946.0,953.0,
6.0,14.0,15.0,30.0,40.0,41.0,80.0,85.0,96.0,123.0,146.0,180.0,331.0,409.0,443.0,494.0,552.0,604.0,616.0,630.0,635.0,650.0,660.0,734.0,753.0,758.0,848.0,880.0,909.0,948.0,
18.0,44.0,72.0,76.0,113.0,161.0,168.0,261.0,265.0,302.0,318.0,364.0,370.0,397.0,398.0,405.0,411.0,453.0,454.0,456.0,462.0,476.0,506.0,520.0,522.0,523.0,600.0,615.0,723.0,802.0,822.0,845.0,887.0,897.0,900.0,903.0,907.0,921.0,922.0,965.0,990.0,
22.0,22.0,27.0,29.0,48.0,66.0,182.0,189.0,199.0,199.0,201.0,229.0,272.0,280.0,327.0,336.0,349.0,375.0,421.0,469.0,469.0,518.0,573.0,593.0,599.0,609.0,659.0,661.0,690.0,807.0,819.0,856.0,881.0,958.0,993.0,
6.0,12.0,82.0,98.0,149.0,153.0,172.0,228.0,232.0,266.0,288.0,366.0,372.0,379.0,398.0,400.0,413.0,416.0,432.0,449.0,470.0,488.0,518.0,520.0,540.0,586.0,629.0,651.0,680.0,694.0,707.0,712.0,724.0,750.0,755.0,769.0,931.0,996.0,
6.0,38.0,62.0,84.0,89.0,126.0,128.0,143.0,148.0,153.0,157.0,176.0,196.0,203.0,237.0,274.0,304.0,305.0,308.0,327.0,353.0,381.0,401.0,463.0,479.0,496.0,497.0,639.0,674.0,730.0,825.0,825.0,852.0,853.0,864.0,893.0,905.0,915.0,939.0,945.0,966.0,
2.0,72.0,101.0,108.0,150.0,158.0,193.0,214.0,250.0,265.0,285.0,289.0,293.0,327.0,367.0,433.0,442.0,468.0,486.0,521.0,533.0,534.0,542.0,606.0,617.0,633.0,741.0,753.0,755.0,761.0,771.0,795.0,796.0,835.0,855.0,872.0,880.0,904.0,933.0,949.0,958.0,967.0,979.0,
21.0,27.0,42.0,46.0,56.0,66.0,103.0,131.0,140.0,148.0,169.0,190.0,205.0,208.0,213.0,222.0,236.0,238.0,273.0,308.0,319.0,335.0,357.0,362.0,386.0,389.0,402.0,413.0,466.0,479.0,506.0,551.0,604.0,616.0,621.0,657.0,660.0,708.0,716.0,736.0,738.0,742.0,781.0,796.0,858.0,943.0,953.0,955.0,
14.0,43.0,49.0,129.0,150.0,172.0,179.0,201.0,212.0,235.0,242.0,245.0,320.0,333.0,343.0,362.0,372.0,400.0,450.0,463.0,480.0,541.0,568.0,587.0,595.0,601.0,622.0,635.0,648.0,652.0,661.0,697.0,702.0,792.0,797.0,797.0,804.0,856.0,895.0,914.0,923.0,938.0,952.0,953.0,958.0,975.0,978.0,991.0,
3.0,7.0,45.0,61.0,83.0,88.0,95.0,117.0,169.0,188.0,229.0,263.0,333.0,367.0,376.0,384.0,389.0,449.0,463.0,470.0,475.0,538.0,541.0,682.0,699.0,715.0,727.0,747.0,755.0,837.0,870.0,938.0,942.0,951.0,963.0,992.0,
4.0,26.0,43.0,53.0,72.0,137.0,168.0,272.0,274.0,279.0,285.0,315.0,324.0,341.0,356.0,371.0,377.0,403.0,429.0,479.0,488.0,511.0,523.0,544.0,602.0,606.0,638.0,646.0,696.0,698.0,716.0,739.0,763.0,788.0,822.0,827.0,845.0,846.0,868.0,875.0,936.0,984.0,998.0,
79.0,91.0,95.0,96.0,104.0,161.0,209.0,231.0,237.0,371.0,399.0,412.0,441.0,487.0,491.0,507.0,569.0,596.0,628.0,637.0,658.0,693.0,694.0,695.0,701.0,791.0,798.0,825.0,830.0,843.0,850.0,860.0,877.0,878.0,881.0,971.0,
5.0,82.0,104.0,132.0,153.0,163.0,211.0,261.0,307.0,314.0,317.0,347.0,493.0,549.0,585.0,602.0,648.0,652.0,689.0,704.0,712.0,784.0,788.0,789.0,816.0,864.0,876.0,889.0,966.0,992.0,
14.0,27.0,67.0,69.0,70.0,93.0,155.0,183.0,232.0,239.0,271.0,349.0,359.0,388.0,388.0,441.0,453.0,461.0,470.0,483.0,490.0,499.0,550.0,576.0,583.0,593.0,634.0,706.0,740.0,776.0,812.0,827.0,889.0,942.0,968.0,
37.0,42.0,50.0,110.0,206.0,221.0,249.0,317.0,334.0,355.0,362.0,380.0,422.0,451.0,451.0,472.0,487.0,584.0,594.0,767.0,791.0,796.0,813.0,814.0,834.0,881.0,903.0,955.0,
122.0,125.0,137.0,154.0,164.0,169.0,184.0,201.0,226.0,249.0,253.0,305.0,351.0,359.0,411.0,433.0,442.0,454.0,474.0,550.0,560.0,716.0,770.0,802.0,809.0,908.0,908.0,911.0,935.0,986.0,991.0,
6.0,19.0,28.0,108.0,108.0,147.0,173.0,179.0,223.0,226.0,292.0,296.0,296.0,366.0,396.0,421.0,442.0,444.0,451.0,464.0,469.0,522.0,559.0,614.0,718.0,728.0,773.0,775.0,797.0,837.0,856.0,857.0,861.0,915.0,969.0,
37.0,52.0,90.0,93.0,144.0,159.0,189.0,192.0,206.0,214.0,215.0,222.0,223.0,228.0,241.0,255.0,264.0,274.0,306.0,316.0,326.0,415.0,420.0,466.0,476.0,493.0,555.0,578.0,594.0,657.0,687.0,710.0,732.0,737.0,790.0,823.0,867.0,884.0,889.0,924.0,
20.0,25.0,25.0,57.0,59.0,75.0,86.0,103.0,144.0,146.0,162.0,194.0,205.0,213.0,231.0,234.0,239.0,291.0,306.0,348.0,372.0,440.0,462.0,511.0,612.0,614.0,659.0,665.0,717.0,761.0,782.0,783.0,818.0,819.0,886.0,898.0,927.0,942.0,967.0,975.0,
13.0,84.0,131.0,222.0,260.0,260.0,305.0,348.0,356.0,364.0,387.0,419.0,484.0,500.0,572.0,592.0,607.0,619.0,686.0,696.0,708.0,715.0,727.0,738.0,758.0,823.0,857.0,866.0,873.0,885.0,912.0,966.0,978.0,
32.0,50.0,83.0,96.0,108.0,142.0,145.0,164.0,220.0,237.0,247.0,283.0,289.0,291.0,301.0,316.0,327.0,367.0,399.0,400.0,411.0,442.0,448.0,455.0,479.0,517.0,680.0,687.0,705.0,729.0,730.0,812.0,820.0,876.0,948.0,952.0,978.0,982.0,
39.0,40.0,63.0,84.0,143.0,148.0,171.0,172.0,172.0,179.0,180.0,211.0,215.0,239.0,254.0,400.0,431.0,485.0,496.0,506.0,
235.0,242.0,253.0,299.0,328.0,344.0,370.0,375.0,412.0,463.0,500.0,658.0,681.0,706.0,773.0,930.0,937.0,959.0,
33.0,37.0,84.0,105.0,107.0,161.0,179.0,199.0,262.0,263.0,288.0,309.0,379.0,411.0,444.0,495.0,507.0,518.0,532.0,588.0,611.0,633.0,679.0,683.0,683.0,685.0,713.0,736.0,780.0,784.0,789.0,831.0,833.0,862.0,865.0,872.0,885.0,893.0,923.0,956.0,971.0,
21.0,69.0,90.0,95.0,114.0,134.0,135.0,151.0,170.0,187.0,277.0,279.0,304.0,306.0,393.0,403.0,412.0,466.0,526.0,539.0,559.0,571.0,613.0,653.0,654.0,716.0,754.0,759.0,789.0,814.0,817.0,833.0,855.0,881.0,888.0,901.0,906.0,981.0,
43.0,53.0,69.0,70.0,79.0,102.0,173.0,244.0,270.0,276.0,285.0,294.0,297.0,364.0,367.0,399.0,409.0,449.0,451.0,463.0,464.0,488.0,514.0,569.0,600.0,621.0,650.0,708.0,844.0,884.0,918.0,920.0,974.0,
13.0,34.0,75.0,91.0,147.0,211.0,230.0,270.0,281.0,400.0,446.0,484.0,485.0,519.0,609.0,624.0,743.0,764.0,771.0,787.0,806.0,919.0,939.0,959.0,970.0,979.0,
31.0,65.0,93.0,177.0,196.0,269.0,275.0,277.0,280.0,309.0,313.0,356.0,490.0,549.0,697.0,736.0,753.0,786.0,824.0,952.0,996.0,
15.0,52.0,76.0,84.0,151.0,200.0,218.0,234.0,238.0,274.0,290.0,324.0,352.0,356.0,398.0,417.0,433.0,455.0,536.0,552.0,554.0,578.0,581.0,645.0,647.0,656.0,675.0,679.0,740.0,781.0,860.0,918.0,929.0,948.0,962.0,989.0,
40.0,49.0,62.0,65.0,73.0,172.0,238.0,252.0,284.0,286.0,296.0,348.0,355.0,379.0,407.0,485.0,497.0,555.0,575.0,576.0,577.0,579.0,589.0,593.0,598.0,605.0,613.0,624.0,626.0,668.0,700.0,707.0,762.0,825.0,834.0,839.0,846.0,880.0,907.0,965.0,977.0,
42.0,63.0,109.0,120.0,130.0,144.0,187.0,192.0,217.0,254.0,293.0,310.0,408.0,438.0,440.0,446.0,
23.0,82.0,83.0,109.0,144.0,153.0,154.0,184.0,203.0,252.0,268.0,279.0,290.0,301.0,325.0,365.0,419.0,420.0,459.0,464.0,481.0,
5.0,48.0,59.0,64.0,135.0,159.0,268.0,355.0,398.0,403.0,441.0,
59.0,65.0,68.0,92.0,162.0,189.0,211.0,286.0,319.0,363.0,368.0,401.0,415.0,457.0,478.0,503.0,509.0,597.0,622.0,664.0,668.0,703.0,768.0,789.0,791.0,796.0,809.0,828.0,834.0,886.0,892.0,923.0,958.0,
24.0,28.0,49.0,53.0,107.0,118.0,131.0,197.0,231.0,288.0,300.0,315.0,350.0,378.0,396.0,397.0,399.0,411.0,413.0,472.0,483.0,553.0,556.0,640.0,671.0,698.0,737.0,763.0,784.0,797.0,826.0,841.0,855.0,877.0,891.0,925.0,927.0,981.0,
30.0,37.0,42.0,48.0,81.0,86.0,167.0,169.0,184.0,203.0,209.0,218.0,266.0,282.0,286.0,337.0,362.0,363.0,375.0,386.0,401.0,434.0,441.0,461.0,481.0,487.0,499.0,502.0,505.0,603.0,620.0,642.0,648.0,658.0,733.0,734.0,776.0,834.0,942.0,947.0,947.0,950.0,999.0,
29.0,49.0,56.0,176.0,191.0,192.0,240.0,269.0,278.0,318.0,338.0,384.0,415.0,424.0,437.0,484.0,497.0,544.0,583.0,635.0,635.0,673.0,681.0,685.0,695.0,753.0,762.0,796.0,913.0,943.0,
19.0,22.0,22.0,37.0,112.0,172.0,195.0,216.0,257.0,305.0,375.0,407.0,421.0,525.0,527.0,537.0,550.0,582.0,594.0,605.0,651.0,657.0,668.0,677.0,746.0,763.0,795.0,817.0,842.0,842.0,854.0,876.0,886.0,908.0,918.0,923.0,925.0,951.0,967.0,
8.0,60.0,133.0,174.0,211.0,233.0,254.0,262.0,279.0,285.0,287.0,288.0,373.0,388.0,465.0,508.0,518.0,552.0,608.0,625.0,643.0,646.0,669.0,677.0,684.0,769.0,773.0,794.0,878.0,923.0,949.0,961.0,981.0,990.0,
3.0,96.0,152.0,154.0,175.0,200.0,203.0,209.0,250.0,311.0,317.0,325.0,341.0,426.0,539.0,616.0,621.0,626.0,639.0,663.0,667.0,705.0,744.0,770.0,778.0,790.0,802.0,802.0,842.0,865.0,913.0,938.0,941.0,961.0,972.0,979.0,994.0,
116.0,121.0,174.0,220.0,235.0,248.0,265.0,276.0,301.0,310.0,312.0,330.0,336.0,336.0,359.0,446.0,504.0,694.0,717.0,743.0,764.0,768.0,804.0,820.0,823.0,861.0,944.0,956.0,
39.0,66.0,98.0,105.0,131.0,168.0,175.0,216.0,225.0,229.0,234.0,241.0,354.0,369.0,396.0,415.0,424.0,459.0,500.0,
6.0,10.0,29.0,38.0,107.0,108.0,168.0,171.0,219.0,230.0,244.0,248.0,258.0,266.0,285.0,287.0,349.0,356.0,387.0,391.0,391.0,408.0,446.0,490.0,495.0,722.0,727.0,731.0,758.0,772.0,919.0,925.0,965.0,
22.0,75.0,93.0,103.0,113.0,115.0,171.0,223.0,279.0,310.0,332.0,357.0,376.0,433.0,441.0,444.0,462.0,485.0,493.0,525.0,535.0,546.0,550.0,569.0,582.0,770.0,770.0,834.0,869.0,883.0,897.0,938.0,955.0,962.0,993.0,995.0,997.0,
35.0,70.0,115.0,133.0,149.0,172.0,195.0,205.0,219.0,224.0,250.0,319.0,356.0,359.0,379.0,379.0,473.0,494.0,497.0,524.0,524.0,577.0,601.0,684.0,689.0,709.0,726.0,759.0,786.0,790.0,819.0,885.0,888.0,936.0,937.0,942.0,975.0,
40.0,73.0,78.0,121.0,140.0,205.0,210.0,218.0,220.0,238.0,283.0,344.0,361.0,368.0,384.0,412.0,450.0,461.0,487.0,547.0,577.0,595.0,597.0,651.0,664.0,673.0,780.0,854.0,865.0,867.0,893.0,925.0,927.0,940.0,942.0,944.0,974.0,
18.0,33.0,50.0,93.0,115.0,117.0,126.0,195.0,202.0,203.0,252.0,333.0,401.0,416.0,479.0,491.0,506.0,542.0,591.0,701.0,714.0,725.0,800.0,815.0,837.0,863.0,943.0,946.0,952.0,969.0,
4.0,7.0,58.0,75.0,200.0,317.0,321.0,492.0,508.0,580.0,597.0,613.0,690.0,740.0,749.0,751.0,774.0,829.0,833.0,845.0,845.0,909.0,931.0,987.0,
6.0,10.0,63.0,66.0,70.0,106.0,114.0,124.0,148.0,152.0,167.0,197.0,216.0,220.0,256.0,260.0,279.0,303.0,306.0,324.0,354.0,388.0,507.0,565.0,581.0,593.0,607.0,628.0,646.0,662.0,670.0,690.0,712.0,732.0,736.0,743.0,776.0,806.0,825.0,838.0,894.0,931.0,943.0,946.0,961.0,962.0,988.0,
67.0,77.0,122.0,155.0,164.0,169.0,169.0,201.0,258.0,382.0,400.0,425.0,430.0,451.0,466.0,485.0,486.0,560.0,585.0,593.0,599.0,601.0,601.0,641.0,663.0,703.0,721.0,737.0,774.0,789.0,890.0,915.0,922.0,925.0,929.0,952.0,954.0,959.0,965.0,
12.0,48.0,73.0,84.0,121.0,121.0,191.0,229.0,233.0,254.0,259.0,344.0,354.0,389.0,464.0,476.0,509.0,522.0,538.0,543.0,557.0,578.0,590.0,618.0,624.0,634.0,643.0,644.0,687.0,689.0,696.0,709.0,721.0,759.0,779.0,811.0,826.0,826.0,837.0,857.0,901.0,903.0,922.0,940.0,982.0,
6.0,15.0,95.0,119.0,128.0,136.0,157.0,160.0,173.0,190.0,228.0,235.0,265.0,413.0,468.0,473.0,483.0,514.0,528.0,579.0,587.0,597.0,615.0,651.0,654.0,701.0,703.0,719.0,732.0,771.0,810.0,816.0,831.0,847.0,857.0,859.0,904.0,954.0,958.0,
7.0,8.0,29.0,49.0,115.0,138.0,160.0,186.0,273.0,291.0,306.0,308.0,366.0,380.0,387.0,406.0,448.0,460.0,474.0,491.0,540.0,613.0,635.0,657.0,685.0,693.0,698.0,736.0,780.0,853.0,870.0,902.0,923.0,937.0,980.0,998.0,
47.0,63.0,93.0,103.0,159.0,184.0,191.0,211.0,244.0,246.0,332.0,339.0,386.0,396.0,422.0,438.0,452.0,497.0,561.0,575.0,707.0,718.0,763.0,787.0,839.0,854.0,860.0,992.0,
12.0,39.0,127.0,140.0,161.0,211.0,225.0,238.0,245.0,394.0,394.0,413.0,440.0,468.0,498.0,525.0,552.0,584.0,586.0,652.0,704.0,717.0,800.0,826.0,830.0,840.0,873.0,948.0,984.0,
45.0,50.0,70.0,77.0,114.0,229.0,260.0,269.0,270.0,315.0,373.0,376.0,394.0,402.0,488.0,542.0,560.0,574.0,613.0,661.0,669.0,690.0,701.0,702.0,720.0,725.0,735.0,777.0,779.0,787.0,838.0,912.0,913.0,922.0,967.0,974.0,984.0,993.0,993.0,
60.0,75.0,140.0,209.0,312.0,334.0,377.0,391.0,412.0,414.0,423.0,431.0,457.0,465.0,472.0,515.0,525.0,612.0,659.0,668.0,676.0,685.0,690.0,703.0,703.0,716.0,721.0,761.0,774.0,802.0,808.0,841.0,919.0,966.0,982.0,987.0,993.0,
23.0,60.0,105.0,137.0,147.0,149.0,153.0,168.0,174.0,192.0,200.0,256.0,292.0,309.0,315.0,326.0,331.0,341.0,376.0,385.0,387.0,407.0,430.0,439.0,471.0,503.0,518.0,534.0,534.0,592.0,603.0,613.0,614.0,641.0,644.0,672.0,706.0,721.0,787.0,830.0,852.0,889.0,902.0,934.0,
13.0,58.0,80.0,234.0,252.0,262.0,297.0,324.0,336.0,340.0,359.0,446.0,473.0,531.0,570.0,667.0,691.0,695.0,707.0,757.0,780.0,822.0,836.0,898.0,903.0,933.0,
91.0,98.0,113.0,131.0,144.0,149.0,150.0,154.0,267.0,333.0,348.0,373.0,381.0,381.0,448.0,476.0,493.0,495.0,588.0,604.0,638.0,728.0,744.0,746.0,840.0,872.0,936.0,944.0,961.0,968.0,
20.0,49.0,57.0,72.0,78.0,127.0,167.0,183.0,188.0,229.0,249.0,281.0,288.0,294.0,295.0,302.0,350.0,373.0,403.0,409.0,425.0,431.0,450.0,488.0,496.0,528.0,547.0,558.0,603.0,611.0,682.0,697.0,710.0,713.0,722.0,733.0,798.0,816.0,827.0,898.0,924.0,
28.0,44.0,46.0,105.0,108.0,114.0,133.0,158.0,160.0,161.0,177.0,178.0,184.0,268.0,280.0,339.0,387.0,398.0,404.0,431.0,439.0,460.0,479.0,538.0,548.0,551.0,591.0,615.0,634.0,680.0,754.0,767.0,804.0,805.0,818.0,819.0,860.0,873.0,882.0,891.0,897.0,900.0,911.0,936.0,940.0,954.0,992.0,
6.0,83.0,86.0,89.0,142.0,147.0,193.0,213.0,245.0,281.0,293.0,299.0,324.0,371.0,418.0,420.0,422.0,422.0,470.0,522.0,525.0,526.0,534.0,542.0,547.0,553.0,620.0,688.0,708.0,713.0,724.0,803.0,819.0,826.0,843.0,882.0,884.0,927.0,967.0,974.0,993.0,
13.0,39.0,57.0,87.0,91.0,102.0,121.0,162.0,167.0,185.0,208.0,239.0,249.0,279.0,289.0,322.0,323.0,357.0,383.0,421.0,423.0,432.0,462.0,476.0,537.0,557.0,750.0,790.0,824.0,835.0,843.0,879.0,886.0,924.0,966.0,979.0,
14.0,15.0,22.0,43.0,57.0,150.0,177.0,192.0,222.0,300.0,315.0,359.0,372.0,376.0,414.0,416.0,454.0,595.0,599.0,650.0,650.0,714.0,727.0,740.0,742.0,754.0,781.0,799.0,873.0,878.0,931.0,936.0,937.0,950.0,965.0,983.0,
20.0,68.0,85.0,89.0,96.0,212.0,236.0,238.0,256.0,261.0,266.0,305.0,345.0,398.0,402.0,404.0,412.0,438.0,458.0,472.0,473.0,515.0,537.0,563.0,571.0,615.0,634.0,700.0,722.0,734.0,791.0,834.0,904.0,918.0,920.0,925.0,932.0,950.0,951.0,977.0,
20.0,33.0,36.0,130.0,143.0,144.0,152.0,179.0,215.0,312.0,342.0,350.0,395.0,408.0,427.0,427.0,469.0,495.0,577.0,578.0,588.0,599.0,610.0,634.0,634.0,638.0,653.0,665.0,685.0,707.0,718.0,765.0,770.0,788.0,805.0,807.0,808.0,813.0,841.0,853.0,873.0,905.0,920.0,922.0,923.0,951.0,959.0,974.0,983.0,986.0,1000.0,1000.0,
19.0,56.0,85.0,158.0,182.0,247.0,255.0,262.0,280.0,287.0,354.0,364.0,388.0,489.0,527.0,597.0,599.0,622.0,648.0,653.0,712.0,748.0,751.0,783.0,785.0,815.0,824.0,868.0,886.0,954.0,969.0,975.0,996.0,
52.0,62.0,64.0,71.0,77.0,188.0,240.0,340.0,371.0,378.0,486.0,540.0,540.0,578.0,612.0,653.0,675.0,677.0,720.0,759.0,819.0,856.0,980.0,
31.0,77.0,100.0,114.0,147.0,148.0,153.0,158.0,164.0,166.0,202.0,237.0,278.0,286.0,315.0,362.0,382.0,440.0,441.0,462.0,608.0,631.0,669.0,676.0,696.0,735.0,746.0,752.0,787.0,830.0,833.0,880.0,902.0,918.0,928.0,981.0,998.0,
16.0,39.0,53.0,105.0,108.0,121.0,152.0,196.0,229.0,252.0,275.0,317.0,367.0,410.0,510.0,511.0,513.0,520.0,530.0,530.0,531.0,564.0,569.0,701.0,720.0,756.0,770.0,775.0,791.0,908.0,913.0,951.0,959.0,996.0,
72.0,154.0,204.0,244.0,245.0,271.0,318.0,340.0,348.0,368.0,369.0,427.0,458.0,462.0,466.0,505.0,521.0,527.0,529.0,536.0,557.0,626.0,634.0,668.0,690.0,706.0,714.0,755.0,767.0,816.0,827.0,879.0,883.0,905.0,914.0,926.0,973.0,
17.0,18.0,132.0,148.0,163.0,166.0,171.0,199.0,205.0,222.0,293.0,327.0,371.0,597.0,602.0,710.0,748.0,757.0,766.0,766.0,771.0,798.0,806.0,831.0,843.0,945.0,961.0,971.0,973.0,
81.0,82.0,113.0,137.0,157.0,170.0,172.0,210.0,247.0,276.0,286.0,327.0,334.0,379.0,393.0,400.0,453.0,463.0,469.0,482.0,483.0,485.0,485.0,518.0,586.0,612.0,651.0,714.0,747.0,748.0,749.0,756.0,800.0,802.0,803.0,861.0,867.0,869.0,914.0,965.0,973.0,
36.0,38.0,108.0,127.0,160.0,177.0,181.0,190.0,191.0,214.0,297.0,356.0,435.0,455.0,459.0,484.0,510.0,517.0,537.0,547.0,594.0,601.0,669.0,680.0,720.0,858.0,930.0,977.0,986.0,
34.0,133.0,153.0,180.0,310.0,324.0,432.0,437.0,491.0,573.0,590.0,669.0,711.0,718.0,771.0,795.0,826.0,827.0,871.0,897.0,975.0,983.0,
