24.0,137.0,137.0,138.0,192.0,219.0,222.0,243.0,251.0,304.0,318.0,370.0,444.0,490.0,512.0,514.0,530.0,625.0,637.0,650.0,650.0,669.0,673.0,689.0,695.0,711.0,738.0,766.0,853.0,855.0,884.0,905.0,906.0,917.0,937.0,950.0,964.0,
39.0,60.0,65.0,77.0,104.0,154.0,172.0,184.0,205.0,218.0,242.0,252.0,374.0,429.0,449.0,450.0,503.0,512.0,599.0,606.0,670.0,800.0,821.0,831.0,865.0,885.0,939.0,964.0,
46.0,82.0,97.0,97.0,117.0,131.0,141.0,173.0,186.0,215.0,215.0,255.0,272.0,288.0,291.0,313.0,317.0,350.0,367.0,385.0,444.0,446.0,480.0,524.0,526.0,542.0,566.0,592.0,627.0,630.0,632.0,640.0,660.0,668.0,691.0,703.0,703.0,725.0,802.0,807.0,846.0,852.0,856.0,858.0,882.0,912.0,927.0,955.0,959.0,
29.0,78.0,84.0,85.0,124.0,181.0,209.0,236.0,257.0,352.0,528.0,553.0,586.0,587.0,592.0,593.0,597.0,647.0,740.0,756.0,806.0,935.0,992.0,
20.0,39.0,73.0,119.0,130.0,136.0,148.0,163.0,165.0,210.0,260.0,293.0,295.0,303.0,361.0,371.0,402.0,402.0,415.0,447.0,489.0,565.0,566.0,624.0,723.0,723.0,781.0,870.0,947.0,977.0,999.0,
25.0,29.0,30.0,45.0,47.0,73.0,134.0,177.0,181.0,208.0,217.0,235.0,237.0,243.0,351.0,362.0,413.0,441.0,497.0,555.0,559.0,591.0,611.0,652.0,720.0,822.0,824.0,829.0,850.0,859.0,898.0,915.0,962.0,994.0,
40.0,205.0,228.0,240.0,271.0,287.0,289.0,295.0,302.0,345.0,378.0,389.0,436.0,482.0,493.0,510.0,546.0,564.0,575.0,576.0,597.0,604.0,629.0,638.0,740.0,770.0,777.0,778.0,780.0,821.0,832.0,898.0,903.0,907.0,937.0,963.0,974.0,982.0,
7.0,78.0,83.0,167.0,226.0,291.0,347.0,391.0,443.0,547.0,565.0,599.0,631.0,705.0,717.0,723.0,753.0,755.0,906.0,907.0,913.0,990.0,
9.0,129.0,158.0,203.0,205.0,216.0,218.0,227.0,315.0,321.0,323.0,345.0,360.0,408.0,420.0,423.0,474.0,494.0,509.0,537.0,539.0,579.0,589.0,597.0,606.0,653.0,709.0,766.0,787.0,830.0,836.0,860.0,889.0,937.0,942.0,961.0,963.0,969.0,978.0,
27.0,28.0,59.0,76.0,130.0,174.0,185.0,239.0,247.0,260.0,301.0,319.0,413.0,438.0,449.0,471.0,480.0,481.0,675.0,688.0,693.0,694.0,730.0,765.0,779.0,785.0,837.0,846.0,867.0,872.0,929.0,969.0,985.0,
9.0,24.0,72.0,75.0,94.0,110.0,128.0,155.0,158.0,197.0,285.0,307.0,358.0,393.0,418.0,420.0,428.0,505.0,527.0,561.0,610.0,630.0,634.0,637.0,652.0,676.0,714.0,751.0,781.0,813.0,852.0,923.0,947.0,
12.0,34.0,35.0,62.0,70.0,112.0,189.0,216.0,267.0,310.0,348.0,354.0,364.0,371.0,395.0,410.0,453.0,453.0,529.0,546.0,564.0,596.0,609.0,641.0,683.0,689.0,709.0,711.0,751.0,783.0,807.0,846.0,847.0,862.0,941.0,950.0,959.0,976.0,978.0,986.0,
30.0,110.0,111.0,148.0,227.0,236.0,251.0,284.0,334.0,454.0,472.0,517.0,534.0,591.0,593.0,658.0,706.0,712.0,731.0,738.0,808.0,825.0,834.0,839.0,868.0,872.0,881.0,883.0,906.0,910.0,947.0,971.0,994.0,
37.0,53.0,97.0,130.0,163.0,170.0,229.0,242.0,293.0,297.0,342.0,347.0,365.0,419.0,448.0,450.0,453.0,473.0,513.0,563.0,578.0,580.0,581.0,593.0,622.0,633.0,650.0,700.0,719.0,744.0,769.0,771.0,811.0,829.0,864.0,867.0,916.0,928.0,
11.0,47.0,65.0,96.0,132.0,173.0,209.0,219.0,262.0,303.0,325.0,367.0,407.0,407.0,445.0,470.0,477.0,584.0,618.0,640.0,645.0,645.0,710.0,779.0,806.0,842.0,866.0,898.0,912.0,976.0,
24.0,27.0,29.0,83.0,95.0,150.0,158.0,175.0,271.0,272.0,276.0,291.0,324.0,354.0,364.0,475.0,476.0,509.0,547.0,589.0,604.0,641.0,652.0,653.0,662.0,676.0,747.0,796.0,825.0,830.0,856.0,878.0,901.0,1000.0,
5.0,27.0,68.0,82.0,98.0,102.0,120.0,137.0,140.0,231.0,238.0,241.0,268.0,278.0,292.0,330.0,342.0,379.0,380.0,392.0,406.0,496.0,515.0,522.0,534.0,542.0,544.0,582.0,649.0,675.0,695.0,748.0,768.0,781.0,785.0,838.0,853.0,857.0,885.0,903.0,949.0,
21.0,67.0,125.0,134.0,172.0,253.0,348.0,376.0,399.0,405.0,409.0,415.0,418.0,444.0,448.0,480.0,597.0,627.0,629.0,654.0,689.0,728.0,734.0,801.0,804.0,813.0,815.0,833.0,852.0,865.0,870.0,898.0,916.0,935.0,938.0,947.0,981.0,986.0,
16.0,18.0,68.0,125.0,134.0,148.0,174.0,193.0,217.0,220.0,280.0,284.0,366.0,381.0,393.0,395.0,403.0,453.0,455.0,476.0,480.0,502.0,540.0,553.0,603.0,613.0,614.0,688.0,704.0,754.0,794.0,800.0,833.0,834.0,870.0,940.0,998.0,
3.0,6.0,24.0,41.0,45.0,89.0,119.0,121.0,128.0,131.0,184.0,200.0,235.0,265.0,294.0,368.0,373.0,391.0,465.0,469.0,498.0,511.0,609.0,614.0,669.0,684.0,726.0,750.0,765.0,818.0,821.0,841.0,855.0,887.0,933.0,937.0,940.0,956.0,989.0,
12.0,34.0,154.0,162.0,164.0,172.0,182.0,219.0,220.0,227.0,240.0,275.0,282.0,287.0,294.0,331.0,355.0,381.0,466.0,478.0,492.0,502.0,526.0,550.0,551.0,592.0,663.0,687.0,743.0,771.0,777.0,786.0,833.0,866.0,875.0,878.0,916.0,951.0,
71.0,150.0,214.0,216.0,226.0,231.0,262.0,306.0,311.0,370.0,387.0,409.0,414.0,422.0,458.0,479.0,513.0,524.0,527.0,552.0,597.0,621.0,628.0,637.0,680.0,686.0,693.0,823.0,827.0,857.0,866.0,879.0,882.0,913.0,972.0,996.0,
6.0,9.0,39.0,90.0,96.0,155.0,240.0,249.0,286.0,314.0,326.0,328.0,329.0,366.0,382.0,412.0,436.0,444.0,448.0,456.0,462.0,472.0,488.0,508.0,555.0,566.0,586.0,590.0,615.0,637.0,649.0,649.0,652.0,666.0,667.0,716.0,717.0,742.0,743.0,761.0,763.0,783.0,809.0,832.0,866.0,916.0,939.0,951.0,969.0,
33.0,124.0,133.0,140.0,161.0,208.0,224.0,271.0,385.0,418.0,429.0,445.0,483.0,494.0,553.0,583.0,586.0,588.0,648.0,663.0,671.0,686.0,694.0,696.0,708.0,731.0,746.0,822.0,847.0,849.0,884.0,910.0,
15.0,50.0,138.0,143.0,181.0,183.0,206.0,261.0,263.0,271.0,282.0,287.0,292.0,294.0,294.0,317.0,325.0,363.0,372.0,422.0,426.0,431.0,432.0,556.0,569.0,569.0,569.0,580.0,582.0,625.0,627.0,669.0,678.0,797.0,799.0,817.0,819.0,832.0,891.0,894.0,937.0,937.0,971.0,
72.0,133.0,144.0,146.0,169.0,187.0,208.0,231.0,236.0,243.0,263.0,293.0,320.0,371.0,449.0,511.0,518.0,522.0,559.0,585.0,593.0,598.0,608.0,636.0,644.0,690.0,733.0,788.0,791.0,798.0,801.0,838.0,842.0,852.0,879.0,942.0,966.0,
3.0,37.0,56.0,68.0,74.0,77.0,135.0,209.0,266.0,305.0,335.0,340.0,345.0,364.0,366.0,369.0,376.0,398.0,437.0,529.0,530.0,649.0,670.0,672.0,863.0,897.0,932.0,932.0,948.0,954.0,
10.0,12.0,83.0,97.0,115.0,119.0,142.0,190.0,217.0,244.0,274.0,280.0,315.0,376.0,416.0,421.0,447.0,453.0,473.0,483.0,519.0,544.0,547.0,554.0,567.0,602.0,621.0,626.0,698.0,712.0,764.0,800.0,813.0,829.0,832.0,846.0,863.0,870.0,882.0,928.0,975.0,996.0,
23.0,27.0,165.0,180.0,212.0,225.0,275.0,293.0,305.0,312.0,316.0,322.0,330.0,332.0,411.0,485.0,485.0,518.0,531.0,551.0,562.0,564.0,571.0,585.0,591.0,600.0,609.0,680.0,681.0,780.0,796.0,848.0,871.0,915.0,932.0,995.0,
70.0,70.0,121.0,133.0,153.0,177.0,205.0,227.0,243.0,341.0,391.0,393.0,423.0,437.0,503.0,505.0,600.0,607.0,649.0,675.0,676.0,680.0,700.0,752.0,761.0,776.0,788.0,831.0,849.0,882.0,897.0,930.0,964.0,976.0,985.0,988.0,990.0,
17.0,21.0,87.0,95.0,132.0,136.0,200.0,254.0,282.0,345.0,354.0,377.0,378.0,443.0,467.0,469.0,512.0,549.0,553.0,555.0,602.0,645.0,648.0,678.0,757.0,805.0,814.0,835.0,853.0,967.0,982.0,994.0,
16.0,27.0,30.0,89.0,101.0,123.0,126.0,128.0,184.0,220.0,301.0,310.0,326.0,364.0,397.0,399.0,422.0,463.0,479.0,490.0,496.0,507.0,517.0,560.0,560.0,565.0,640.0,682.0,704.0,707.0,720.0,737.0,745.0,750.0,773.0,904.0,934.0,956.0,980.0,989.0,
55.0,60.0,133.0,184.0,190.0,251.0,252.0,328.0,334.0,357.0,387.0,412.0,427.0,439.0,442.0,450.0,462.0,476.0,517.0,593.0,600.0,686.0,709.0,722.0,777.0,809.0,997.0,
33.0,42.0,49.0,96.0,158.0,203.0,217.0,262.0,277.0,297.0,309.0,351.0,380.0,399.0,401.0,430.0,468.0,480.0,517.0,576.0,582.0,598.0,781.0,842.0,867.0,904.0,922.0,929.0,956.0,959.0,973.0,
10.0,44.0,68.0,79.0,121.0,140.0,140.0,174.0,214.0,235.0,279.0,283.0,285.0,383.0,408.0,460.0,480.0,498.0,511.0,543.0,548.0,558.0,568.0,602.0,612.0,632.0,672.0,757.0,760.0,814.0,822.0,844.0,853.0,863.0,879.0,898.0,905.0,929.0,968.0,988.0,
15.0,29.0,73.0,101.0,137.0,139.0,170.0,185.0,223.0,233.0,276.0,408.0,444.0,502.0,537.0,559.0,583.0,588.0,605.0,606.0,630.0,632.0,668.0,672.0,672.0,681.0,697.0,759.0,768.0,797.0,814.0,820.0,840.0,864.0,870.0,897.0,927.0,944.0,
12.0,22.0,58.0,63.0,104.0,140.0,148.0,158.0,171.0,202.0,217.0,256.0,265.0,275.0,298.0,307.0,311.0,336.0,344.0,345.0,350.0,417.0,464.0,466.0,495.0,497.0,503.0,511.0,526.0,604.0,617.0,642.0,656.0,664.0,664.0,681.0,728.0,734.0,760.0,768.0,768.0,769.0,797.0,837.0,873.0,903.0,923.0,924.0,
13.0,30.0,40.0,83.0,116.0,133.0,175.0,188.0,197.0,199.0,199.0,205.0,206.0,259.0,269.0,282.0,309.0,321.0,338.0,413.0,415.0,429.0,432.0,501.0,558.0,640.0,694.0,700.0,731.0,747.0,787.0,833.0,879.0,913.0,938.0,963.0,994.0,
16.0,34.0,107.0,134.0,135.0,148.0,171.0,173.0,181.0,282.0,354.0,370.0,440.0,458.0,466.0,520.0,524.0,533.0,543.0,595.0,600.0,607.0,623.0,643.0,658.0,681.0,718.0,776.0,840.0,861.0,899.0,900.0,910.0,912.0,922.0,949.0,966.0,972.0,974.0,975.0,996.0,
21.0,30.0,63.0,80.0,80.0,103.0,124.0,156.0,164.0,193.0,302.0,312.0,320.0,341.0,368.0,391.0,433.0,455.0,465.0,543.0,563.0,564.0,609.0,613.0,614.0,639.0,686.0,740.0,748.0,844.0,847.0,880.0,935.0,938.0,950.0,971.0,
2.0,46.0,46.0,57.0,70.0,83.0,93.0,99.0,118.0,121.0,183.0,202.0,207.0,233.0,236.0,244.0,306.0,327.0,379.0,380.0,381.0,382.0,394.0,423.0,424.0,471.0,482.0,495.0,532.0,535.0,539.0,547.0,569.0,610.0,628.0,637.0,715.0,744.0,755.0,760.0,762.0,803.0,829.0,836.0,862.0,933.0,937.0,972.0,
17.0,17.0,62.0,137.0,258.0,443.0,468.0,487.0,494.0,498.0,533.0,540.0,548.0,567.0,593.0,596.0,606.0,626.0,659.0,668.0,678.0,721.0,722.0,740.0,743.0,778.0,783.0,797.0,810.0,843.0,847.0,878.0,890.0,929.0,937.0,961.0,996.0,
17.0,82.0,132.0,152.0,164.0,168.0,186.0,219.0,237.0,277.0,292.0,309.0,323.0,334.0,356.0,382.0,399.0,438.0,446.0,496.0,496.0,536.0,545.0,564.0,584.0,586.0,625.0,627.0,661.0,684.0,740.0,750.0,771.0,813.0,815.0,854.0,894.0,906.0,914.0,927.0,956.0,958.0,973.0,
10.0,18.0,34.0,35.0,58.0,70.0,92.0,94.0,111.0,124.0,193.0,230.0,232.0,233.0,244.0,302.0,314.0,343.0,377.0,405.0,468.0,509.0,512.0,512.0,518.0,519.0,565.0,575.0,605.0,620.0,625.0,633.0,642.0,670.0,719.0,726.0,738.0,742.0,794.0,813.0,827.0,836.0,848.0,882.0,883.0,925.0,976.0,976.0,976.0,991.0,1000.0,
11.0,15.0,37.0,46.0,79.0,90.0,121.0,199.0,215.0,249.0,348.0,380.0,384.0,416.0,437.0,482.0,486.0,492.0,675.0,778.0,804.0,842.0,854.0,959.0,1000.0,
7.0,13.0,34.0,43.0,61.0,124.0,138.0,183.0,211.0,227.0,275.0,302.0,379.0,386.0,388.0,422.0,445.0,453.0,462.0,487.0,
14.0,36.0,38.0,50.0,75.0,163.0,177.0,239.0,240.0,280.0,325.0,353.0,422.0,425.0,478.0,486.0,647.0,761.0,777.0,795.0,803.0,839.0,921.0,923.0,966.0,996.0,
46.0,59.0,62.0,65.0,75.0,127.0,173.0,193.0,204.0,366.0,376.0,387.0,495.0,502.0,503.0,574.0,581.0,599.0,603.0,615.0,630.0,635.0,658.0,679.0,694.0,738.0,743.0,770.0,781.0,803.0,860.0,867.0,878.0,926.0,953.0,966.0,966.0,995.0,996.0,
8.0,14.0,196.0,197.0,212.0,216.0,260.0,270.0,285.0,294.0,320.0,385.0,417.0,435.0,461.0,549.0,630.0,639.0,716.0,745.0,748.0,809.0,834.0,864.0,880.0,920.0,932.0,933.0,964.0,
76.0,177.0,212.0,222.0,239.0,268.0,283.0,383.0,431.0,435.0,437.0,439.0,444.0,445.0,520.0,563.0,634.0,735.0,736.0,750.0,783.0,810.0,869.0,883.0,891.0,902.0,926.0,962.0,972.0,
11.0,54.0,77.0,93.0,163.0,168.0,323.0,354.0,385.0,438.0,491.0,496.0,586.0,641.0,647.0,653.0,665.0,672.0,710.0,734.0,737.0,743.0,747.0,756.0,770.0,772.0,782.0,816.0,881.0,976.0,
17.0,38.0,39.0,47.0,64.0,77.0,112.0,119.0,163.0,197.0,270.0,283.0,320.0,346.0,361.0,362.0,371.0,372.0,385.0,402.0,406.0,426.0,436.0,460.0,468.0,493.0,493.0,509.0,515.0,523.0,555.0,564.0,571.0,576.0,643.0,653.0,758.0,776.0,792.0,859.0,863.0,884.0,901.0,912.0,957.0,959.0,987.0,
30.0,76.0,101.0,105.0,153.0,190.0,210.0,221.0,232.0,254.0,258.0,289.0,329.0,353.0,427.0,434.0,470.0,503.0,522.0,600.0,617.0,624.0,640.0,677.0,841.0,844.0,850.0,892.0,896.0,900.0,942.0,955.0,
31.0,56.0,68.0,71.0,78.0,114.0,115.0,134.0,139.0,147.0,189.0,223.0,273.0,337.0,344.0,372.0,379.0,406.0,507.0,560.0,643.0,646.0,673.0,685.0,686.0,740.0,754.0,767.0,775.0,789.0,793.0,808.0,820.0,861.0,876.0,955.0,966.0,979.0,
15.0,20.0,38.0,63.0,101.0,132.0,144.0,192.0,221.0,232.0,234.0,278.0,348.0,477.0,481.0,507.0,
17.0,24.0,112.0,166.0,182.0,191.0,216.0,249.0,277.0,300.0,323.0,333.0,346.0,355.0,399.0,400.0,401.0,441.0,468.0,489.0,
53.0,102.0,130.0,132.0,143.0,239.0,284.0,302.0,311.0,321.0,346.0,352.0,374.0,489.0,
8.0,14.0,19.0,26.0,36.0,39.0,45.0,48.0,56.0,72.0,102.0,127.0,167.0,204.0,223.0,236.0,242.0,252.0,279.0,300.0,309.0,322.0,445.0,465.0,476.0,493.0,539.0,545.0,550.0,560.0,570.0,576.0,576.0,600.0,611.0,618.0,625.0,641.0,658.0,674.0,765.0,772.0,773.0,779.0,820.0,836.0,838.0,848.0,870.0,888.0,907.0,914.0,936.0,946.0,952.0,972.0,976.0,977.0,981.0,982.0,997.0,
14.0,75.0,145.0,185.0,204.0,204.0,246.0,261.0,301.0,334.0,379.0,380.0,403.0,431.0,609.0,615.0,647.0,653.0,673.0,732.0,775.0,776.0,808.0,832.0,842.0,848.0,867.0,994.0,
25.0,52.0,65.0,145.0,151.0,187.0,213.0,233.0,234.0,270.0,313.0,322.0,383.0,385.0,401.0,416.0,511.0,532.0,542.0,563.0,583.0,652.0,657.0,662.0,730.0,822.0,848.0,886.0,926.0,927.0,940.0,943.0,998.0,
40.0,41.0,54.0,148.0,158.0,178.0,211.0,221.0,238.0,292.0,327.0,386.0,418.0,431.0,440.0,480.0,485.0,497.0,525.0,583.0,590.0,594.0,601.0,632.0,640.0,691.0,776.0,805.0,838.0,899.0,936.0,947.0,972.0,
4.0,55.0,103.0,121.0,159.0,197.0,237.0,261.0,275.0,283.0,297.0,344.0,357.0,401.0,406.0,420.0,489.0,513.0,517.0,518.0,537.0,550.0,585.0,590.0,595.0,619.0,630.0,669.0,678.0,702.0,704.0,742.0,745.0,783.0,807.0,816.0,830.0,835.0,867.0,875.0,893.0,1000.0,
12.0,28.0,56.0,126.0,131.0,151.0,195.0,269.0,319.0,320.0,327.0,351.0,353.0,356.0,359.0,365.0,390.0,408.0,412.0,418.0,426.0,426.0,430.0,456.0,473.0,526.0,530.0,559.0,656.0,688.0,691.0,710.0,761.0,765.0,770.0,775.0,789.0,811.0,816.0,843.0,850.0,872.0,929.0,996.0,
72.0,131.0,162.0,231.0,264.0,290.0,373.0,401.0,412.0,488.0,535.0,575.0,603.0,612.0,619.0,671.0,675.0,688.0,732.0,748.0,787.0,800.0,809.0,810.0,828.0,870.0,885.0,901.0,918.0,924.0,953.0,956.0,963.0,994.0,1000.0,
13.0,78.0,79.0,116.0,151.0,176.0,182.0,202.0,243.0,324.0,336.0,384.0,427.0,441.0,496.0,517.0,650.0,666.0,736.0,755.0,831.0,878.0,887.0,994.0,
11.0,17.0,64.0,107.0,124.0,165.0,171.0,188.0,211.0,272.0,331.0,334.0,351.0,379.0,381.0,384.0,391.0,435.0,494.0,500.0,502.0,
10.0,24.0,34.0,55.0,59.0,87.0,117.0,130.0,150.0,187.0,209.0,228.0,266.0,275.0,284.0,315.0,318.0,351.0,355.0,394.0,433.0,631.0,730.0,731.0,779.0,784.0,795.0,811.0,817.0,829.0,908.0,929.0,937.0,961.0,976.0,
18.0,22.0,55.0,57.0,62.0,89.0,95.0,99.0,154.0,177.0,186.0,194.0,226.0,299.0,309.0,325.0,343.0,353.0,362.0,402.0,474.0,529.0,579.0,581.0,614.0,625.0,648.0,678.0,689.0,769.0,815.0,843.0,871.0,882.0,901.0,912.0,920.0,923.0,938.0,954.0,974.0,988.0,994.0,996.0,
69.0,96.0,110.0,127.0,131.0,144.0,168.0,178.0,217.0,247.0,256.0,266.0,270.0,304.0,308.0,328.0,333.0,359.0,364.0,375.0,382.0,385.0,388.0,417.0,445.0,449.0,451.0,481.0,556.0,586.0,590.0,619.0,627.0,629.0,630.0,651.0,699.0,753.0,785.0,900.0,901.0,964.0,973.0,979.0,
2.0,21.0,71.0,78.0,102.0,124.0,127.0,129.0,236.0,293.0,319.0,322.0,333.0,374.0,379.0,380.0,394.0,395.0,424.0,427.0,443.0,515.0,550.0,576.0,582.0,584.0,585.0,615.0,680.0,699.0,748.0,774.0,798.0,858.0,891.0,906.0,909.0,911.0,956.0,994.0,
19.0,21.0,42.0,67.0,79.0,101.0,136.0,176.0,180.0,217.0,228.0,240.0,243.0,348.0,378.0,402.0,411.0,422.0,430.0,433.0,495.0,564.0,568.0,569.0,596.0,598.0,622.0,629.0,641.0,703.0,767.0,785.0,796.0,809.0,848.0,874.0,891.0,913.0,970.0,983.0,985.0,
60.0,62.0,100.0,134.0,171.0,172.0,179.0,185.0,204.0,212.0,398.0,403.0,410.0,449.0,495.0,500.0,555.0,564.0,595.0,598.0,607.0,639.0,643.0,656.0,669.0,696.0,733.0,737.0,759.0,792.0,796.0,840.0,852.0,897.0,900.0,902.0,923.0,937.0,949.0,991.0,994.0,
39.0,56.0,64.0,68.0,73.0,73.0,73.0,84.0,118.0,119.0,135.0,174.0,330.0,371.0,387.0,409.0,410.0,423.0,468.0,497.0,499.0,552.0,557.0,621.0,623.0,689.0,692.0,701.0,713.0,727.0,728.0,766.0,858.0,859.0,871.0,871.0,872.0,916.0,945.0,997.0,
2.0,26.0,44.0,120.0,120.0,127.0,160.0,162.0,187.0,242.0,249.0,271.0,281.0,307.0,318.0,393.0,400.0,438.0,486.0,487.0,549.0,553.0,589.0,604.0,633.0,651.0,681.0,707.0,728.0,777.0,804.0,810.0,884.0,909.0,932.0,936.0,961.0,
60.0,67.0,73.0,127.0,218.0,230.0,238.0,252.0,275.0,299.0,330.0,347.0,367.0,402.0,432.0,438.0,457.0,506.0,510.0,552.0,604.0,605.0,616.0,623.0,645.0,646.0,686.0,719.0,799.0,807.0,810.0,822.0,871.0,880.0,886.0,910.0,915.0,
39.0,47.0,196.0,207.0,280.0,280.0,322.0,389.0,409.0,505.0,576.0,581.0,619.0,645.0,662.0,663.0,665.0,692.0,694.0,761.0,786.0,787.0,803.0,822.0,846.0,860.0,867.0,886.0,944.0,992.0,
32.0,110.0,119.0,189.0,204.0,221.0,225.0,239.0,286.0,300.0,320.0,347.0,380.0,462.0,477.0,479.0,599.0,608.0,616.0,620.0,654.0,679.0,694.0,709.0,711.0,757.0,764.0,794.0,846.0,865.0,923.0,927.0,946.0,949.0,949.0,962.0,963.0,
18.0,23.0,42.0,54.0,65.0,71.0,127.0,207.0,212.0,343.0,405.0,419.0,458.0,490.0,497.0,538.0,550.0,602.0,606.0,616.0,629.0,629.0,644.0,661.0,672.0,683.0,733.0,735.0,744.0,755.0,759.0,774.0,777.0,830.0,867.0,915.0,976.0,
24.0,81.0,109.0,137.0,141.0,240.0,263.0,296.0,329.0,336.0,402.0,405.0,476.0,481.0,484.0,533.0,603.0,604.0,614.0,622.0,645.0,651.0,668.0,671.0,671.0,680.0,718.0,722.0,723.0,751.0,754.0,975.0,
23.0,30.0,48.0,76.0,111.0,144.0,157.0,212.0,219.0,247.0,255.0,290.0,310.0,373.0,378.0,398.0,409.0,420.0,442.0,465.0,569.0,647.0,692.0,710.0,715.0,754.0,757.0,767.0,806.0,818.0,863.0,920.0,945.0,959.0,978.0,997.0,
11.0,49.0,82.0,82.0,83.0,122.0,194.0,255.0,273.0,293.0,304.0,372.0,379.0,432.0,444.0,447.0,451.0,460.0,464.0,480.0,482.0,540.0,547.0,563.0,577.0,604.0,631.0,645.0,679.0,684.0,729.0,749.0,839.0,873.0,876.0,887.0,887.0,896.0,905.0,932.0,952.0,952.0,997.0,
3.0,4.0,71.0,83.0,170.0,226.0,228.0,253.0,380.0,382.0,425.0,432.0,436.0,471.0,474.0,480.0,513.0,521.0,571.0,627.0,671.0,704.0,704.0,723.0,737.0,749.0,803.0,878.0,931.0,
13.0,43.0,84.0,86.0,93.0,103.0,211.0,211.0,219.0,224.0,255.0,263.0,294.0,316.0,334.0,344.0,378.0,430.0,460.0,477.0,498.0,521.0,523.0,545.0,557.0,565.0,651.0,659.0,660.0,700.0,776.0,786.0,812.0,820.0,855.0,861.0,868.0,938.0,947.0,
30.0,33.0,52.0,56.0,56.0,68.0,80.0,133.0,158.0,259.0,288.0,356.0,472.0,477.0,495.0,499.0,630.0,645.0,658.0,666.0,681.0,689.0,726.0,739.0,793.0,795.0,796.0,859.0,898.0,911.0,937.0,946.0,
9.0,42.0,43.0,48.0,96.0,109.0,138.0,155.0,200.0,227.0,303.0,345.0,346.0,398.0,406.0,412.0,413.0,433.0,466.0,499.0,546.0,577.0,580.0,584.0,588.0,681.0,702.0,752.0,764.0,764.0,779.0,806.0,811.0,822.0,839.0,902.0,919.0,937.0,939.0,
3.0,26.0,38.0,100.0,109.0,130.0,288.0,307.0,311.0,317.0,367.0,410.0,413.0,420.0,427.0,459.0,476.0,523.0,558.0,561.0,576.0,580.0,581.0,582.0,586.0,595.0,597.0,605.0,634.0,686.0,694.0,703.0,749.0,760.0,774.0,781.0,815.0,832.0,867.0,890.0,959.0,959.0,993.0,
8.0,109.0,137.0,149.0,151.0,160.0,170.0,175.0,190.0,202.0,234.0,239.0,252.0,290.0,312.0,326.0,350.0,352.0,376.0,421.0,421.0,448.0,483.0,523.0,553.0,592.0,592.0,623.0,638.0,663.0,664.0,739.0,753.0,796.0,796.0,813.0,828.0,833.0,866.0,878.0,928.0,997.0,
26.0,32.0,37.0,40.0,42.0,50.0,77.0,83.0,108.0,116.0,181.0,198.0,215.0,228.0,247.0,288.0,295.0,317.0,329.0,390.0,393.0,404.0,417.0,429.0,443.0,474.0,482.0,497.0,597.0,676.0,691.0,694.0,694.0,696.0,732.0,743.0,759.0,888.0,891.0,899.0,902.0,909.0,912.0,922.0,959.0,972.0,974.0,
9.0,21.0,24.0,35.0,44.0,72.0,94.0,104.0,200.0,214.0,347.0,364.0,391.0,406.0,427.0,443.0,450.0,472.0,479.0,519.0,533.0,554.0,566.0,575.0,581.0,616.0,623.0,625.0,645.0,649.0,658.0,693.0,730.0,772.0,790.0,847.0,891.0,952.0,953.0,967.0,969.0,984.0,
3.0,19.0,28.0,82.0,82.0,84.0,101.0,106.0,107.0,132.0,162.0,199.0,225.0,242.0,274.0,283.0,307.0,397.0,403.0,425.0,480.0,507.0,508.0,512.0,556.0,572.0,596.0,619.0,771.0,802.0,855.0,863.0,878.0,888.0,905.0,911.0,948.0,950.0,961.0,978.0,990.0,
43.0,60.0,64.0,71.0,88.0,136.0,211.0,252.0,265.0,306.0,411.0,478.0,548.0,587.0,595.0,622.0,671.0,684.0,697.0,701.0,716.0,741.0,745.0,794.0,802.0,888.0,895.0,904.0,938.0,948.0,
37.0,95.0,180.0,186.0,187.0,187.0,190.0,219.0,230.0,252.0,298.0,310.0,318.0,396.0,400.0,404.0,406.0,417.0,435.0,473.0,492.0,519.0,534.0,547.0,563.0,782.0,839.0,858.0,863.0,874.0,938.0,947.0,948.0,954.0,
28.0,48.0,56.0,99.0,125.0,148.0,162.0,206.0,244.0,281.0,295.0,302.0,338.0,343.0,457.0,473.0,493.0,532.0,561.0,562.0,599.0,600.0,623.0,672.0,719.0,847.0,877.0,908.0,966.0,994.0,
8.0,36.0,40.0,49.0,92.0,118.0,165.0,178.0,187.0,200.0,216.0,273.0,300.0,347.0,407.0,486.0,521.0,538.0,539.0,554.0,565.0,577.0,619.0,776.0,795.0,800.0,810.0,829.0,861.0,987.0,996.0,
45.0,57.0,115.0,127.0,141.0,188.0,215.0,273.0,295.0,343.0,349.0,354.0,366.0,372.0,428.0,503.0,507.0,521.0,636.0,662.0,672.0,684.0,704.0,709.0,792.0,829.0,848.0,858.0,957.0,
14.0,15.0,22.0,45.0,95.0,108.0,131.0,136.0,148.0,154.0,159.0,223.0,233.0,256.0,313.0,317.0,330.0,418.0,425.0,551.0,555.0,583.0,605.0,660.0,676.0,714.0,778.0,805.0,853.0,854.0,876.0,935.0,981.0,994.0,
10.0,57.0,70.0,128.0,132.0,142.0,153.0,189.0,205.0,228.0,247.0,260.0,302.0,369.0,400.0,412.0,413.0,424.0,428.0,441.0,451.0,453.0,469.0,509.0,511.0,523.0,615.0,630.0,661.0,696.0,705.0,705.0,711.0,764.0,777.0,814.0,824.0,826.0,829.0,865.0,884.0,886.0,895.0,949.0,964.0,986.0,998.0,
15.0,38.0,89.0,101.0,106.0,114.0,129.0,134.0,167.0,167.0,214.0,218.0,219.0,251.0,272.0,299.0,358.0,373.0,412.0,428.0,432.0,477.0,484.0,500.0,503.0,506.0,520.0,539.0,556.0,561.0,567.0,588.0,591.0,596.0,604.0,605.0,629.0,731.0,805.0,818.0,842.0,849.0,853.0,906.0,
24.0,74.0,144.0,182.0,229.0,254.0,270.0,277.0,342.0,351.0,394.0,484.0,500.0,523.0,536.0,544.0,559.0,587.0,621.0,655.0,675.0,686.0,707.0,740.0,745.0,756.0,793.0,803.0,819.0,829.0,903.0,913.0,913.0,934.0,
2.0,30.0,96.0,128.0,129.0,135.0,150.0,162.0,231.0,246.0,250.0,276.0,285.0,288.0,293.0,295.0,330.0,346.0,361.0,376.0,418.0,434.0,471.0,531.0,537.0,574.0,617.0,627.0,641.0,668.0,669.0,715.0,745.0,779.0,810.0,841.0,860.0,880.0,884.0,960.0,982.0,982.0,
