33.0,42.0,47.0,49.0,51.0,117.0,118.0,119.0,149.0,173.0,203.0,206.0,224.0,230.0,239.0,262.0,286.0,303.0,310.0,354.0,404.0,406.0,479.0,481.0,485.0,514.0,525.0,590.0,596.0,604.0,617.0,620.0,623.0,625.0,626.0,659.0,676.0,687.0,705.0,724.0,729.0,755.0,789.0,798.0,841.0,844.0,868.0,887.0,905.0,908.0,
36.0,53.0,98.0,114.0,116.0,126.0,184.0,206.0,221.0,247.0,248.0,262.0,276.0,306.0,336.0,377.0,396.0,401.0,402.0,417.0,447.0,460.0,505.0,540.0,596.0,607.0,663.0,670.0,704.0,753.0,770.0,776.0,782.0,799.0,806.0,849.0,857.0,908.0,916.0,916.0,968.0,981.0,997.0,
63.0,94.0,106.0,106.0,134.0,140.0,146.0,205.0,253.0,267.0,284.0,306.0,310.0,315.0,317.0,328.0,416.0,460.0,491.0,492.0,522.0,535.0,535.0,549.0,554.0,631.0,679.0,681.0,683.0,790.0,792.0,834.0,843.0,871.0,883.0,888.0,921.0,958.0,964.0,
21.0,75.0,105.0,108.0,112.0,113.0,160.0,170.0,228.0,252.0,259.0,412.0,418.0,439.0,463.0,497.0,520.0,547.0,564.0,601.0,618.0,621.0,651.0,691.0,707.0,708.0,726.0,734.0,756.0,757.0,804.0,824.0,830.0,894.0,929.0,959.0,983.0,999.0,
26.0,68.0,83.0,96.0,127.0,161.0,174.0,178.0,195.0,200.0,247.0,278.0,334.0,361.0,433.0,433.0,490.0,510.0,594.0,597.0,621.0,624.0,633.0,635.0,684.0,692.0,716.0,733.0,753.0,815.0,824.0,840.0,856.0,876.0,931.0,966.0,
38.0,117.0,176.0,227.0,277.0,341.0,400.0,424.0,502.0,514.0,515.0,523.0,526.0,653.0,659.0,682.0,719.0,793.0,816.0,891.0,900.0,916.0,932.0,946.0,947.0,971.0,
3.0,23.0,54.0,88.0,106.0,131.0,179.0,182.0,328.0,448.0,453.0,480.0,514.0,525.0,550.0,557.0,608.0,628.0,637.0,654.0,678.0,685.0,726.0,753.0,756.0,758.0,790.0,801.0,807.0,831.0,844.0,924.0,936.0,975.0,
3.0,22.0,27.0,59.0,70.0,97.0,105.0,140.0,151.0,158.0,168.0,199.0,204.0,225.0,237.0,239.0,301.0,321.0,401.0,408.0,443.0,476.0,521.0,545.0,564.0,566.0,577.0,594.0,626.0,680.0,681.0,696.0,705.0,775.0,781.0,790.0,809.0,835.0,846.0,858.0,858.0,873.0,896.0,936.0,955.0,992.0,
54.0,86.0,115.0,169.0,174.0,231.0,235.0,243.0,271.0,360.0,365.0,384.0,411.0,473.0,492.0,531.0,565.0,566.0,604.0,608.0,623.0,712.0,747.0,755.0,774.0,777.0,791.0,798.0,803.0,836.0,839.0,840.0,871.0,895.0,897.0,899.0,922.0,929.0,953.0,967.0,974.0,982.0,997.0,
2.0,63.0,85.0,123.0,126.0,131.0,135.0,160.0,177.0,212.0,222.0,237.0,239.0,252.0,282.0,300.0,305.0,314.0,375.0,394.0,405.0,432.0,434.0,434.0,499.0,514.0,519.0,524.0,531.0,593.0,620.0,642.0,646.0,681.0,765.0,792.0,849.0,871.0,881.0,884.0,885.0,941.0,943.0,973.0,974.0,993.0,
4.0,10.0,33.0,72.0,190.0,197.0,205.0,229.0,245.0,254.0,339.0,356.0,367.0,389.0,392.0,430.0,434.0,494.0,523.0,609.0,679.0,768.0,787.0,795.0,830.0,830.0,845.0,941.0,943.0,952.0,958.0,994.0,
3.0,10.0,116.0,123.0,123.0,183.0,208.0,243.0,326.0,380.0,387.0,430.0,473.0,492.0,505.0,557.0,567.0,605.0,616.0,618.0,645.0,648.0,655.0,707.0,795.0,805.0,846.0,848.0,869.0,886.0,896.0,931.0,958.0,977.0,
40.0,47.0,53.0,86.0,91.0,103.0,121.0,132.0,178.0,184.0,271.0,273.0,297.0,300.0,353.0,400.0,417.0,444.0,478.0,577.0,580.0,586.0,599.0,623.0,639.0,691.0,697.0,739.0,744.0,827.0,912.0,
5.0,26.0,28.0,46.0,46.0,47.0,75.0,80.0,221.0,226.0,247.0,247.0,279.0,323.0,325.0,328.0,362.0,374.0,389.0,435.0,447.0,448.0,449.0,457.0,480.0,502.0,512.0,519.0,602.0,739.0,771.0,799.0,800.0,832.0,834.0,850.0,869.0,885.0,951.0,985.0,
29.0,91.0,99.0,145.0,168.0,196.0,239.0,242.0,248.0,309.0,363.0,417.0,426.0,460.0,461.0,484.0,490.0,496.0,508.0,520.0,522.0,523.0,548.0,558.0,562.0,564.0,591.0,696.0,764.0,781.0,833.0,871.0,882.0,891.0,940.0,949.0,954.0,960.0,968.0,
8.0,29.0,47.0,96.0,153.0,169.0,169.0,176.0,189.0,190.0,205.0,207.0,262.0,264.0,297.0,326.0,327.0,338.0,352.0,440.0,493.0,506.0,561.0,595.0,600.0,601.0,641.0,652.0,704.0,742.0,760.0,798.0,811.0,886.0,919.0,937.0,937.0,975.0,
8.0,22.0,34.0,78.0,142.0,175.0,178.0,201.0,211.0,222.0,240.0,262.0,278.0,295.0,308.0,310.0,318.0,324.0,371.0,418.0,446.0,462.0,520.0,525.0,541.0,554.0,556.0,558.0,570.0,643.0,668.0,673.0,687.0,689.0,751.0,752.0,752.0,799.0,821.0,898.0,905.0,910.0,928.0,950.0,988.0,
12.0,13.0,36.0,60.0,71.0,82.0,104.0,168.0,175.0,283.0,307.0,315.0,317.0,357.0,369.0,380.0,381.0,398.0,430.0,439.0,449.0,450.0,502.0,529.0,560.0,560.0,571.0,625.0,626.0,717.0,771.0,774.0,774.0,817.0,847.0,891.0,899.0,944.0,955.0,971.0,972.0,
40.0,69.0,85.0,135.0,142.0,154.0,162.0,190.0,203.0,212.0,245.0,284.0,299.0,311.0,348.0,415.0,420.0,443.0,486.0,488.0,495.0,513.0,517.0,537.0,544.0,560.0,636.0,642.0,654.0,665.0,711.0,777.0,819.0,822.0,927.0,931.0,973.0,984.0,
20.0,23.0,97.0,98.0,166.0,168.0,171.0,202.0,203.0,233.0,274.0,337.0,372.0,489.0,509.0,572.0,594.0,645.0,679.0,685.0,697.0,712.0,716.0,733.0,743.0,747.0,784.0,830.0,843.0,855.0,880.0,892.0,927.0,
21.0,90.0,94.0,98.0,116.0,120.0,121.0,190.0,231.0,264.0,268.0,285.0,302.0,313.0,318.0,335.0,364.0,369.0,388.0,421.0,456.0,471.0,520.0,533.0,560.0,564.0,615.0,657.0,695.0,765.0,805.0,813.0,813.0,813.0,839.0,875.0,889.0,973.0,976.0,986.0,997.0,
41.0,66.0,216.0,223.0,276.0,305.0,316.0,331.0,367.0,378.0,494.0,497.0,535.0,566.0,589.0,711.0,753.0,788.0,792.0,792.0,801.0,813.0,851.0,890.0,892.0,904.0,915.0,933.0,939.0,984.0,
3.0,49.0,78.0,122.0,126.0,140.0,143.0,156.0,179.0,236.0,281.0,291.0,327.0,333.0,338.0,486.0,541.0,542.0,552.0,554.0,564.0,688.0,700.0,703.0,825.0,827.0,881.0,895.0,917.0,970.0,987.0,993.0,995.0,999.0,
47.0,102.0,221.0,267.0,281.0,349.0,446.0,468.0,474.0,477.0,673.0,719.0,741.0,753.0,755.0,777.0,781.0,810.0,822.0,833.0,874.0,891.0,908.0,943.0,947.0,956.0,
11.0,46.0,96.0,109.0,131.0,132.0,181.0,183.0,190.0,239.0,307.0,327.0,425.0,477.0,487.0,536.0,558.0,578.0,603.0,605.0,630.0,641.0,644.0,664.0,670.0,764.0,836.0,840.0,862.0,864.0,895.0,936.0,947.0,981.0,996.0,
73.0,79.0,108.0,149.0,177.0,178.0,198.0,216.0,241.0,245.0,252.0,322.0,440.0,469.0,473.0,554.0,582.0,617.0,623.0,624.0,635.0,653.0,660.0,660.0,660.0,682.0,693.0,733.0,742.0,743.0,749.0,751.0,773.0,807.0,874.0,919.0,954.0,
21.0,29.0,74.0,92.0,183.0,241.0,282.0,285.0,364.0,392.0,395.0,423.0,472.0,488.0,488.0,581.0,598.0,601.0,606.0,611.0,618.0,628.0,629.0,635.0,636.0,698.0,780.0,780.0,832.0,848.0,853.0,861.0,874.0,943.0,947.0,967.0,983.0,
27.0,35.0,75.0,111.0,139.0,151.0,162.0,167.0,184.0,191.0,193.0,233.0,298.0,310.0,311.0,339.0,367.0,368.0,401.0,408.0,424.0,469.0,506.0,510.0,541.0,543.0,547.0,555.0,571.0,593.0,639.0,659.0,758.0,767.0,800.0,859.0,873.0,903.0,960.0,961.0,
2.0,29.0,52.0,59.0,63.0,69.0,148.0,196.0,201.0,279.0,346.0,374.0,403.0,425.0,462.0,517.0,526.0,528.0,558.0,573.0,608.0,608.0,629.0,649.0,650.0,684.0,761.0,821.0,825.0,842.0,879.0,957.0,988.0,
43.0,101.0,194.0,212.0,249.0,286.0,304.0,391.0,391.0,403.0,446.0,480.0,483.0,488.0,491.0,492.0,508.0,509.0,563.0,584.0,597.0,626.0,629.0,633.0,700.0,719.0,807.0,818.0,819.0,864.0,876.0,879.0,915.0,958.0,975.0,
44.0,84.0,85.0,104.0,128.0,136.0,167.0,167.0,172.0,188.0,199.0,256.0,295.0,316.0,342.0,360.0,428.0,431.0,457.0,490.0,518.0,555.0,569.0,684.0,694.0,730.0,754.0,775.0,807.0,839.0,847.0,862.0,879.0,939.0,941.0,950.0,954.0,
8.0,30.0,34.0,43.0,57.0,79.0,100.0,130.0,152.0,158.0,301.0,322.0,354.0,356.0,416.0,424.0,425.0,425.0,452.0,469.0,488.0,507.0,544.0,558.0,566.0,580.0,591.0,641.0,663.0,710.0,724.0,730.0,757.0,768.0,811.0,854.0,871.0,932.0,960.0,967.0,982.0,992.0,
14.0,18.0,30.0,62.0,69.0,72.0,142.0,217.0,219.0,234.0,268.0,269.0,356.0,375.0,396.0,417.0,419.0,550.0,563.0,576.0,580.0,587.0,640.0,648.0,693.0,723.0,728.0,729.0,822.0,822.0,892.0,939.0,991.0,
30.0,31.0,40.0,58.0,71.0,80.0,159.0,173.0,188.0,190.0,371.0,376.0,393.0,408.0,494.0,498.0,511.0,567.0,573.0,576.0,583.0,604.0,629.0,649.0,665.0,683.0,719.0,726.0,730.0,785.0,801.0,808.0,817.0,827.0,871.0,877.0,884.0,886.0,910.0,918.0,941.0,942.0,942.0,942.0,976.0,989.0,989.0,998.0,
39.0,78.0,108.0,109.0,135.0,139.0,171.0,175.0,203.0,230.0,233.0,260.0,264.0,288.0,357.0,366.0,367.0,380.0,411.0,471.0,511.0,523.0,529.0,536.0,539.0,611.0,630.0,659.0,680.0,708.0,719.0,741.0,769.0,785.0,792.0,827.0,838.0,845.0,848.0,878.0,903.0,904.0,952.0,958.0,966.0,969.0,972.0,996.0,
18.0,29.0,44.0,46.0,66.0,131.0,139.0,236.0,259.0,259.0,276.0,323.0,390.0,405.0,445.0,454.0,472.0,507.0,592.0,594.0,604.0,606.0,619.0,623.0,625.0,645.0,671.0,675.0,679.0,702.0,707.0,806.0,809.0,821.0,826.0,899.0,914.0,935.0,954.0,
52.0,100.0,135.0,154.0,162.0,248.0,257.0,264.0,289.0,323.0,327.0,335.0,344.0,355.0,386.0,393.0,610.0,612.0,639.0,639.0,643.0,685.0,692.0,698.0,699.0,708.0,724.0,737.0,739.0,748.0,770.0,808.0,816.0,821.0,822.0,870.0,878.0,996.0,
15.0,67.0,133.0,140.0,153.0,176.0,192.0,272.0,305.0,361.0,419.0,425.0,493.0,533.0,568.0,573.0,630.0,700.0,803.0,807.0,819.0,885.0,923.0,924.0,965.0,
185.0,278.0,350.0,368.0,423.0,446.0,454.0,510.0,511.0,542.0,549.0,567.0,570.0,576.0,654.0,665.0,682.0,768.0,774.0,780.0,847.0,885.0,895.0,912.0,956.0,971.0,
16.0,22.0,99.0,99.0,146.0,154.0,262.0,272.0,312.0,385.0,401.0,433.0,438.0,474.0,480.0,511.0,535.0,553.0,567.0,597.0,621.0,667.0,673.0,681.0,766.0,778.0,788.0,828.0,855.0,856.0,857.0,917.0,999.0,
16.0,29.0,37.0,73.0,93.0,94.0,105.0,132.0,134.0,202.0,210.0,222.0,244.0,441.0,455.0,470.0,475.0,480.0,530.0,533.0,541.0,555.0,593.0,615.0,621.0,635.0,668.0,719.0,782.0,859.0,925.0,946.0,959.0,978.0,984.0,
13.0,17.0,56.0,65.0,91.0,121.0,149.0,214.0,250.0,256.0,436.0,478.0,595.0,608.0,619.0,623.0,653.0,680.0,686.0,704.0,739.0,790.0,790.0,792.0,807.0,811.0,937.0,960.0,
8.0,24.0,54.0,65.0,112.0,143.0,180.0,218.0,231.0,232.0,245.0,262.0,328.0,361.0,366.0,406.0,414.0,459.0,499.0,503.0,509.0,528.0,558.0,560.0,641.0,648.0,728.0,810.0,812.0,828.0,889.0,890.0,891.0,953.0,981.0,985.0,988.0,995.0,
14.0,71.0,79.0,109.0,115.0,118.0,146.0,156.0,233.0,234.0,239.0,256.0,259.0,322.0,328.0,367.0,400.0,421.0,462.0,476.0,496.0,513.0,516.0,523.0,582.0,596.0,624.0,653.0,658.0,677.0,683.0,686.0,727.0,744.0,752.0,767.0,831.0,839.0,843.0,880.0,908.0,911.0,926.0,928.0,933.0,940.0,945.0,947.0,972.0,990.0,
24.0,28.0,84.0,98.0,104.0,141.0,144.0,191.0,214.0,237.0,269.0,279.0,304.0,305.0,393.0,421.0,466.0,499.0,937.0,
4.0,30.0,36.0,118.0,132.0,163.0,196.0,201.0,229.0,237.0,355.0,407.0,409.0,431.0,439.0,440.0,453.0,459.0,486.0,
114.0,119.0,126.0,127.0,148.0,162.0,206.0,220.0,237.0,256.0,359.0,361.0,386.0,442.0,443.0,448.0,483.0,501.0,985.0,
21.0,93.0,93.0,96.0,122.0,127.0,132.0,155.0,161.0,175.0,186.0,193.0,205.0,226.0,238.0,238.0,281.0,370.0,456.0,469.0,470.0,476.0,495.0,497.0,512.0,619.0,626.0,635.0,649.0,673.0,677.0,678.0,687.0,692.0,700.0,703.0,750.0,784.0,890.0,915.0,935.0,936.0,952.0,990.0,
82.0,100.0,112.0,124.0,126.0,157.0,217.0,229.0,251.0,273.0,282.0,287.0,358.0,359.0,367.0,368.0,388.0,401.0,455.0,487.0,514.0,565.0,595.0,601.0,678.0,687.0,756.0,804.0,805.0,853.0,903.0,905.0,918.0,927.0,930.0,938.0,967.0,978.0,990.0,
10.0,33.0,53.0,68.0,86.0,101.0,114.0,132.0,136.0,157.0,157.0,171.0,199.0,245.0,246.0,273.0,278.0,294.0,328.0,366.0,391.0,410.0,463.0,497.0,506.0,526.0,542.0,572.0,583.0,588.0,611.0,611.0,624.0,683.0,686.0,717.0,721.0,731.0,786.0,813.0,845.0,883.0,901.0,902.0,913.0,926.0,934.0,966.0,973.0,976.0,988.0,
39.0,55.0,70.0,74.0,99.0,117.0,124.0,151.0,160.0,163.0,171.0,181.0,234.0,235.0,256.0,263.0,329.0,385.0,426.0,434.0,440.0,444.0,448.0,451.0,460.0,482.0,487.0,577.0,584.0,593.0,627.0,639.0,640.0,718.0,733.0,757.0,840.0,860.0,866.0,954.0,966.0,
93.0,160.0,185.0,214.0,226.0,247.0,250.0,255.0,278.0,311.0,318.0,338.0,492.0,502.0,505.0,530.0,587.0,592.0,601.0,615.0,619.0,633.0,691.0,739.0,742.0,763.0,779.0,817.0,871.0,899.0,905.0,910.0,938.0,999.0,
12.0,99.0,148.0,235.0,272.0,310.0,353.0,361.0,363.0,441.0,444.0,512.0,530.0,554.0,581.0,597.0,600.0,602.0,609.0,632.0,710.0,744.0,780.0,804.0,805.0,806.0,843.0,856.0,890.0,934.0,940.0,971.0,984.0,986.0,
21.0,48.0,77.0,102.0,111.0,129.0,141.0,244.0,274.0,282.0,295.0,313.0,340.0,351.0,374.0,407.0,420.0,432.0,433.0,473.0,475.0,637.0,641.0,671.0,675.0,676.0,686.0,777.0,820.0,863.0,867.0,872.0,880.0,887.0,899.0,910.0,928.0,936.0,966.0,998.0,998.0,
21.0,22.0,46.0,74.0,184.0,191.0,193.0,195.0,207.0,251.0,266.0,285.0,286.0,299.0,384.0,389.0,449.0,473.0,488.0,507.0,
49.0,79.0,94.0,114.0,126.0,135.0,141.0,157.0,188.0,192.0,231.0,303.0,322.0,360.0,366.0,463.0,499.0,
52.0,61.0,91.0,121.0,237.0,247.0,250.0,281.0,370.0,372.0,399.0,403.0,417.0,436.0,449.0,453.0,498.0,508.0,
29.0,35.0,102.0,172.0,175.0,183.0,235.0,237.0,240.0,248.0,276.0,284.0,327.0,332.0,374.0,393.0,431.0,473.0,473.0,517.0,543.0,565.0,593.0,614.0,615.0,667.0,683.0,735.0,735.0,742.0,746.0,752.0,765.0,778.0,801.0,802.0,805.0,810.0,833.0,845.0,853.0,854.0,878.0,901.0,948.0,
15.0,44.0,85.0,118.0,120.0,150.0,151.0,170.0,186.0,190.0,253.0,266.0,285.0,296.0,299.0,306.0,312.0,313.0,319.0,324.0,325.0,332.0,334.0,342.0,364.0,378.0,394.0,448.0,457.0,463.0,468.0,494.0,532.0,539.0,548.0,555.0,560.0,578.0,582.0,591.0,596.0,614.0,617.0,624.0,649.0,675.0,684.0,780.0,780.0,791.0,820.0,821.0,845.0,869.0,888.0,908.0,914.0,917.0,926.0,937.0,951.0,987.0,
82.0,88.0,95.0,102.0,162.0,198.0,228.0,238.0,298.0,313.0,325.0,346.0,347.0,422.0,506.0,510.0,537.0,566.0,581.0,590.0,606.0,626.0,631.0,687.0,717.0,726.0,738.0,770.0,783.0,946.0,960.0,995.0,
9.0,22.0,178.0,182.0,189.0,212.0,221.0,258.0,266.0,338.0,340.0,342.0,346.0,346.0,391.0,405.0,440.0,482.0,505.0,512.0,583.0,588.0,663.0,667.0,678.0,701.0,714.0,723.0,735.0,742.0,757.0,836.0,852.0,951.0,965.0,973.0,
6.0,20.0,119.0,161.0,240.0,264.0,271.0,309.0,352.0,423.0,454.0,484.0,484.0,515.0,532.0,568.0,596.0,732.0,764.0,782.0,823.0,862.0,872.0,891.0,918.0,972.0,986.0,
28.0,39.0,45.0,48.0,63.0,71.0,89.0,99.0,100.0,143.0,161.0,174.0,188.0,218.0,223.0,231.0,262.0,389.0,392.0,427.0,479.0,497.0,571.0,637.0,671.0,738.0,768.0,770.0,854.0,855.0,862.0,871.0,876.0,934.0,949.0,999.0,
5.0,43.0,75.0,128.0,142.0,186.0,245.0,248.0,282.0,321.0,366.0,398.0,412.0,429.0,441.0,447.0,471.0,484.0,544.0,556.0,576.0,593.0,648.0,649.0,651.0,662.0,683.0,692.0,756.0,790.0,793.0,795.0,819.0,843.0,858.0,919.0,957.0,972.0,980.0,983.0,995.0,
20.0,78.0,87.0,90.0,91.0,108.0,131.0,152.0,163.0,191.0,210.0,225.0,243.0,270.0,311.0,357.0,372.0,411.0,471.0,478.0,483.0,795.0,879.0,
46.0,53.0,73.0,87.0,94.0,106.0,136.0,152.0,186.0,197.0,215.0,217.0,268.0,272.0,286.0,312.0,314.0,330.0,341.0,345.0,393.0,394.0,421.0,423.0,455.0,463.0,466.0,481.0,
33.0,45.0,100.0,137.0,195.0,214.0,216.0,258.0,288.0,294.0,320.0,335.0,438.0,475.0,830.0,864.0,894.0,947.0,
25.0,28.0,78.0,122.0,135.0,144.0,170.0,196.0,228.0,238.0,243.0,296.0,322.0,359.0,384.0,484.0,484.0,486.0,574.0,583.0,593.0,656.0,660.0,666.0,667.0,760.0,773.0,778.0,800.0,801.0,853.0,877.0,887.0,889.0,890.0,899.0,912.0,958.0,961.0,984.0,986.0,
36.0,98.0,102.0,111.0,129.0,134.0,224.0,275.0,286.0,305.0,316.0,374.0,386.0,389.0,402.0,419.0,441.0,463.0,502.0,573.0,639.0,649.0,767.0,778.0,782.0,789.0,849.0,862.0,901.0,973.0,
24.0,83.0,105.0,119.0,135.0,147.0,198.0,223.0,258.0,284.0,286.0,319.0,332.0,421.0,425.0,431.0,448.0,527.0,565.0,640.0,738.0,758.0,790.0,792.0,833.0,880.0,883.0,892.0,906.0,990.0,997.0,
144.0,152.0,294.0,296.0,384.0,389.0,436.0,436.0,442.0,449.0,461.0,501.0,526.0,566.0,588.0,602.0,634.0,640.0,650.0,656.0,681.0,684.0,687.0,689.0,820.0,826.0,840.0,853.0,890.0,911.0,922.0,998.0,999.0,
13.0,18.0,23.0,35.0,76.0,87.0,150.0,164.0,223.0,250.0,260.0,266.0,296.0,297.0,298.0,312.0,355.0,399.0,415.0,424.0,485.0,522.0,549.0,555.0,589.0,603.0,688.0,689.0,728.0,729.0,733.0,780.0,823.0,835.0,838.0,849.0,849.0,861.0,877.0,
38.0,132.0,152.0,157.0,200.0,218.0,246.0,288.0,299.0,321.0,334.0,357.0,368.0,369.0,402.0,423.0,429.0,457.0,462.0,579.0,583.0,604.0,613.0,640.0,709.0,711.0,718.0,741.0,793.0,843.0,862.0,889.0,903.0,974.0,979.0,
57.0,62.0,70.0,101.0,105.0,117.0,133.0,155.0,211.0,215.0,216.0,244.0,276.0,305.0,350.0,376.0,410.0,470.0,480.0,524.0,558.0,586.0,625.0,633.0,643.0,739.0,741.0,761.0,810.0,830.0,846.0,846.0,882.0,958.0,984.0,989.0,
21.0,38.0,60.0,60.0,61.0,78.0,132.0,163.0,322.0,350.0,397.0,402.0,423.0,450.0,491.0,573.0,648.0,670.0,677.0,714.0,734.0,740.0,749.0,755.0,787.0,787.0,807.0,811.0,817.0,845.0,846.0,847.0,847.0,901.0,913.0,950.0,950.0,978.0,999.0,
36.0,55.0,72.0,89.0,104.0,184.0,191.0,274.0,312.0,323.0,418.0,467.0,492.0,537.0,619.0,624.0,640.0,698.0,769.0,789.0,811.0,858.0,882.0,938.0,959.0,978.0,
17.0,28.0,72.0,73.0,95.0,137.0,157.0,196.0,200.0,214.0,234.0,245.0,248.0,274.0,284.0,311.0,380.0,389.0,396.0,419.0,420.0,425.0,444.0,536.0,553.0,563.0,621.0,637.0,671.0,674.0,688.0,699.0,705.0,714.0,729.0,733.0,738.0,761.0,765.0,768.0,771.0,776.0,800.0,878.0,893.0,895.0,920.0,928.0,956.0,978.0,
4.0,43.0,99.0,146.0,151.0,156.0,157.0,229.0,285.0,296.0,333.0,344.0,346.0,360.0,373.0,394.0,417.0,471.0,471.0,527.0,559.0,566.0,604.0,610.0,639.0,646.0,649.0,654.0,666.0,669.0,675.0,686.0,694.0,743.0,759.0,784.0,795.0,796.0,815.0,849.0,875.0,885.0,904.0,964.0,
2.0,32.0,69.0,79.0,105.0,121.0,149.0,167.0,180.0,226.0,237.0,357.0,444.0,533.0,626.0,680.0,686.0,695.0,712.0,736.0,748.0,775.0,833.0,838.0,860.0,894.0,909.0,928.0,981.0,
13.0,21.0,21.0,25.0,29.0,51.0,97.0,105.0,128.0,170.0,176.0,216.0,216.0,241.0,248.0,257.0,326.0,328.0,353.0,396.0,422.0,432.0,435.0,444.0,515.0,526.0,562.0,593.0,595.0,596.0,602.0,636.0,661.0,715.0,798.0,855.0,875.0,889.0,964.0,969.0,
16.0,52.0,85.0,117.0,207.0,210.0,254.0,257.0,290.0,292.0,312.0,364.0,397.0,419.0,470.0,512.0,531.0,566.0,584.0,620.0,654.0,686.0,690.0,736.0,745.0,763.0,767.0,777.0,797.0,805.0,821.0,948.0,965.0,
30.0,34.0,77.0,111.0,213.0,241.0,264.0,272.0,273.0,285.0,298.0,353.0,360.0,393.0,397.0,401.0,407.0,414.0,418.0,480.0,509.0,573.0,590.0,592.0,605.0,613.0,635.0,642.0,644.0,693.0,761.0,762.0,805.0,834.0,878.0,994.0,
7.0,20.0,23.0,66.0,98.0,100.0,117.0,147.0,168.0,175.0,212.0,219.0,225.0,228.0,276.0,296.0,320.0,346.0,395.0,403.0,415.0,424.0,464.0,483.0,505.0,511.0,517.0,529.0,557.0,564.0,591.0,608.0,610.0,687.0,725.0,739.0,766.0,768.0,824.0,824.0,831.0,848.0,901.0,
13.0,22.0,56.0,96.0,124.0,128.0,155.0,187.0,198.0,227.0,248.0,257.0,258.0,267.0,278.0,290.0,298.0,320.0,322.0,345.0,364.0,376.0,376.0,390.0,401.0,437.0,488.0,516.0,553.0,560.0,562.0,620.0,637.0,664.0,718.0,737.0,794.0,847.0,865.0,871.0,927.0,986.0,
19.0,23.0,37.0,131.0,134.0,146.0,178.0,207.0,235.0,284.0,301.0,330.0,338.0,374.0,375.0,382.0,390.0,396.0,438.0,457.0,467.0,473.0,480.0,499.0,508.0,516.0,518.0,546.0,596.0,619.0,664.0,680.0,692.0,696.0,708.0,729.0,765.0,811.0,817.0,835.0,972.0,973.0,996.0,999.0,
7.0,41.0,51.0,53.0,86.0,90.0,170.0,187.0,197.0,243.0,277.0,320.0,336.0,385.0,432.0,451.0,487.0,537.0,576.0,624.0,681.0,688.0,704.0,803.0,834.0,835.0,866.0,912.0,982.0,
45.0,84.0,85.0,104.0,157.0,175.0,196.0,242.0,248.0,296.0,316.0,321.0,334.0,349.0,435.0,442.0,446.0,476.0,480.0,519.0,565.0,605.0,625.0,656.0,701.0,743.0,759.0,770.0,785.0,797.0,823.0,846.0,884.0,931.0,938.0,943.0,958.0,959.0,965.0,981.0,
56.0,71.0,80.0,82.0,125.0,254.0,300.0,341.0,357.0,372.0,392.0,398.0,431.0,451.0,582.0,582.0,689.0,736.0,751.0,796.0,800.0,823.0,828.0,979.0,984.0,992.0,
49.0,61.0,62.0,63.0,93.0,116.0,120.0,134.0,184.0,184.0,191.0,242.0,242.0,247.0,268.0,286.0,287.0,306.0,330.0,335.0,346.0,368.0,376.0,387.0,407.0,489.0,519.0,529.0,566.0,577.0,605.0,618.0,627.0,640.0,655.0,666.0,682.0,692.0,716.0,777.0,796.0,836.0,836.0,845.0,871.0,941.0,942.0,948.0,982.0,993.0,
39.0,54.0,57.0,69.0,110.0,110.0,113.0,123.0,181.0,185.0,219.0,225.0,235.0,251.0,283.0,310.0,328.0,358.0,384.0,399.0,514.0,532.0,566.0,598.0,600.0,609.0,654.0,664.0,685.0,749.0,769.0,789.0,827.0,832.0,848.0,871.0,876.0,905.0,908.0,912.0,934.0,969.0,972.0,973.0,1000.0,
16.0,34.0,38.0,66.0,84.0,88.0,95.0,106.0,134.0,162.0,168.0,265.0,277.0,314.0,325.0,336.0,340.0,372.0,384.0,398.0,437.0,526.0,526.0,554.0,612.0,740.0,757.0,794.0,855.0,922.0,959.0,
29.0,33.0,53.0,99.0,125.0,130.0,164.0,190.0,233.0,254.0,272.0,273.0,305.0,312.0,337.0,375.0,381.0,382.0,399.0,426.0,440.0,442.0,475.0,479.0,480.0,488.0,492.0,503.0,504.0,506.0,526.0,548.0,553.0,575.0,634.0,681.0,728.0,736.0,781.0,809.0,835.0,843.0,851.0,856.0,858.0,868.0,879.0,898.0,935.0,
101.0,152.0,230.0,330.0,365.0,399.0,423.0,432.0,472.0,507.0,549.0,594.0,612.0,627.0,633.0,677.0,708.0,729.0,732.0,770.0,785.0,834.0,861.0,874.0,909.0,927.0,948.0,952.0,958.0,991.0,
80.0,93.0,183.0,207.0,232.0,243.0,247.0,304.0,326.0,349.0,395.0,443.0,460.0,466.0,572.0,597.0,612.0,627.0,641.0,645.0,647.0,648.0,671.0,692.0,729.0,737.0,759.0,799.0,809.0,814.0,820.0,826.0,838.0,843.0,957.0,971.0,
13.0,37.0,44.0,85.0,99.0,112.0,292.0,319.0,350.0,399.0,413.0,415.0,466.0,498.0,499.0,517.0,564.0,583.0,590.0,645.0,674.0,680.0,717.0,732.0,821.0,826.0,835.0,838.0,839.0,929.0,966.0,
12.0,55.0,72.0,91.0,110.0,165.0,193.0,212.0,212.0,246.0,247.0,261.0,306.0,321.0,331.0,333.0,347.0,380.0,478.0,536.0,545.0,548.0,568.0,588.0,609.0,637.0,639.0,675.0,692.0,728.0,771.0,860.0,909.0,937.0,983.0,
28.0,90.0,96.0,117.0,140.0,181.0,182.0,321.0,349.0,359.0,411.0,441.0,482.0,501.0,509.0,531.0,611.0,616.0,622.0,623.0,646.0,663.0,676.0,678.0,682.0,684.0,759.0,759.0,761.0,767.0,771.0,792.0,850.0,879.0,899.0,900.0,939.0,940.0,947.0,973.0,975.0,
4.0,66.0,103.0,120.0,128.0,154.0,190.0,245.0,256.0,291.0,297.0,299.0,304.0,346.0,440.0,461.0,534.0,549.0,641.0,646.0,699.0,717.0,730.0,751.0,777.0,817.0,837.0,854.0,893.0,908.0,923.0,950.0,965.0,972.0,
35.0,84.0,117.0,124.0,129.0,173.0,189.0,261.0,288.0,328.0,333.0,334.0,353.0,360.0,405.0,488.0,544.0,552.0,583.0,762.0,768.0,775.0,788.0,830.0,852.0,898.0,962.0,967.0,
7.0,18.0,24.0,65.0,72.0,88.0,122.0,236.0,241.0,258.0,264.0,342.0,353.0,356.0,391.0,405.0,438.0,440.0,482.0,504.0,527.0,589.0,683.0,695.0,699.0,721.0,789.0,853.0,904.0,906.0,946.0,948.0,956.0,979.0,
