13.0,59.0,79.0,107.0,153.0,158.0,205.0,220.0,265.0,298.0,316.0,323.0,331.0,406.0,411.0,422.0,437.0,447.0,459.0,479.0,495.0,513.0,544.0,546.0,554.0,564.0,565.0,574.0,586.0,650.0,692.0,721.0,744.0,781.0,821.0,858.0,874.0,875.0,885.0,995.0,998.0,1000.0,
18.0,48.0,64.0,74.0,96.0,205.0,221.0,272.0,295.0,365.0,381.0,546.0,557.0,586.0,596.0,615.0,695.0,716.0,751.0,781.0,783.0,792.0,816.0,821.0,850.0,862.0,943.0,982.0,
6.0,9.0,121.0,132.0,194.0,195.0,211.0,248.0,249.0,283.0,299.0,379.0,387.0,459.0,477.0,477.0,546.0,568.0,591.0,596.0,630.0,689.0,697.0,707.0,712.0,715.0,724.0,728.0,793.0,820.0,870.0,887.0,898.0,900.0,933.0,940.0,942.0,951.0,974.0,
7.0,12.0,14.0,50.0,58.0,96.0,189.0,198.0,209.0,214.0,258.0,261.0,269.0,272.0,396.0,424.0,437.0,498.0,503.0,503.0,543.0,566.0,583.0,625.0,637.0,679.0,721.0,742.0,750.0,758.0,762.0,787.0,810.0,851.0,860.0,882.0,946.0,966.0,967.0,
4.0,4.0,56.0,118.0,142.0,170.0,185.0,188.0,195.0,221.0,259.0,279.0,300.0,346.0,349.0,377.0,391.0,412.0,472.0,502.0,543.0,629.0,710.0,710.0,717.0,734.0,766.0,770.0,781.0,795.0,832.0,838.0,843.0,858.0,941.0,976.0,
12.0,20.0,25.0,60.0,68.0,101.0,149.0,158.0,176.0,198.0,212.0,228.0,263.0,264.0,300.0,323.0,325.0,335.0,344.0,345.0,368.0,373.0,381.0,389.0,400.0,401.0,401.0,431.0,437.0,463.0,468.0,490.0,591.0,604.0,610.0,627.0,693.0,755.0,775.0,812.0,847.0,890.0,945.0,946.0,
4.0,31.0,38.0,45.0,51.0,52.0,97.0,105.0,115.0,129.0,130.0,172.0,198.0,237.0,334.0,337.0,363.0,367.0,393.0,398.0,409.0,413.0,434.0,463.0,513.0,549.0,554.0,620.0,636.0,678.0,700.0,745.0,747.0,808.0,814.0,826.0,837.0,866.0,869.0,914.0,917.0,925.0,940.0,946.0,985.0,1000.0,
86.0,164.0,168.0,195.0,248.0,251.0,286.0,298.0,332.0,429.0,468.0,470.0,522.0,534.0,547.0,571.0,605.0,666.0,731.0,738.0,759.0,761.0,798.0,830.0,839.0,845.0,861.0,896.0,950.0,998.0,
31.0,33.0,86.0,91.0,95.0,130.0,133.0,147.0,158.0,206.0,210.0,227.0,289.0,310.0,311.0,336.0,413.0,430.0,516.0,518.0,529.0,534.0,553.0,577.0,619.0,621.0,643.0,658.0,694.0,699.0,726.0,759.0,787.0,849.0,863.0,894.0,910.0,932.0,959.0,
24.0,68.0,93.0,116.0,130.0,174.0,175.0,239.0,267.0,291.0,417.0,419.0,445.0,461.0,470.0,474.0,481.0,551.0,557.0,617.0,670.0,731.0,785.0,790.0,820.0,823.0,836.0,895.0,919.0,920.0,939.0,959.0,974.0,978.0,994.0,
29.0,63.0,68.0,75.0,94.0,165.0,188.0,222.0,230.0,234.0,265.0,269.0,299.0,312.0,323.0,330.0,415.0,434.0,471.0,474.0,479.0,488.0,527.0,557.0,579.0,599.0,631.0,646.0,648.0,654.0,674.0,709.0,721.0,796.0,807.0,816.0,842.0,856.0,872.0,896.0,909.0,984.0,993.0,
20.0,31.0,36.0,97.0,121.0,130.0,188.0,264.0,265.0,286.0,303.0,345.0,356.0,380.0,433.0,460.0,491.0,517.0,517.0,532.0,552.0,633.0,636.0,645.0,652.0,702.0,721.0,727.0,738.0,746.0,770.0,795.0,800.0,804.0,823.0,844.0,897.0,909.0,954.0,955.0,979.0,987.0,994.0,996.0,996.0,
21.0,36.0,41.0,53.0,87.0,94.0,102.0,114.0,123.0,184.0,277.0,316.0,337.0,343.0,348.0,367.0,369.0,401.0,411.0,442.0,473.0,493.0,518.0,527.0,567.0,580.0,587.0,626.0,638.0,682.0,750.0,754.0,780.0,841.0,886.0,891.0,896.0,898.0,928.0,937.0,973.0,986.0,990.0,
19.0,26.0,42.0,43.0,61.0,68.0,74.0,116.0,160.0,182.0,251.0,258.0,281.0,299.0,308.0,321.0,329.0,385.0,486.0,501.0,506.0,534.0,544.0,554.0,565.0,622.0,627.0,657.0,761.0,786.0,815.0,822.0,920.0,931.0,951.0,997.0,
10.0,70.0,123.0,140.0,175.0,180.0,183.0,183.0,191.0,233.0,282.0,313.0,331.0,343.0,371.0,397.0,436.0,447.0,449.0,483.0,494.0,532.0,560.0,635.0,643.0,665.0,665.0,676.0,680.0,683.0,688.0,710.0,733.0,745.0,830.0,871.0,873.0,903.0,940.0,
13.0,66.0,79.0,115.0,169.0,180.0,183.0,278.0,325.0,331.0,338.0,385.0,441.0,445.0,455.0,498.0,538.0,546.0,574.0,592.0,596.0,645.0,650.0,721.0,729.0,733.0,755.0,765.0,782.0,793.0,816.0,866.0,901.0,957.0,979.0,984.0,
54.0,54.0,79.0,80.0,113.0,113.0,134.0,180.0,214.0,278.0,378.0,389.0,391.0,396.0,396.0,409.0,439.0,444.0,455.0,478.0,479.0,498.0,559.0,560.0,565.0,565.0,589.0,619.0,660.0,663.0,748.0,780.0,787.0,815.0,823.0,835.0,907.0,911.0,930.0,941.0,943.0,969.0,
8.0,9.0,17.0,46.0,57.0,65.0,71.0,78.0,94.0,131.0,170.0,181.0,184.0,186.0,260.0,312.0,370.0,383.0,390.0,477.0,510.0,525.0,556.0,559.0,608.0,629.0,647.0,655.0,675.0,694.0,711.0,735.0,745.0,745.0,756.0,779.0,792.0,831.0,878.0,894.0,952.0,954.0,973.0,980.0,982.0,
6.0,18.0,23.0,41.0,68.0,112.0,114.0,187.0,197.0,223.0,281.0,297.0,301.0,318.0,325.0,336.0,373.0,400.0,414.0,418.0,438.0,467.0,482.0,490.0,581.0,650.0,664.0,669.0,696.0,698.0,726.0,767.0,781.0,819.0,847.0,876.0,949.0,979.0,
20.0,147.0,163.0,174.0,180.0,213.0,262.0,269.0,305.0,310.0,330.0,355.0,370.0,387.0,433.0,482.0,494.0,523.0,539.0,545.0,559.0,571.0,579.0,591.0,621.0,639.0,648.0,651.0,655.0,658.0,667.0,708.0,709.0,724.0,797.0,805.0,814.0,823.0,852.0,857.0,874.0,926.0,928.0,953.0,968.0,973.0,981.0,
12.0,17.0,21.0,31.0,33.0,105.0,122.0,141.0,165.0,195.0,223.0,304.0,319.0,325.0,361.0,365.0,373.0,375.0,396.0,423.0,428.0,439.0,492.0,499.0,550.0,555.0,564.0,591.0,599.0,603.0,657.0,674.0,695.0,746.0,799.0,807.0,822.0,848.0,881.0,913.0,922.0,925.0,940.0,947.0,977.0,
12.0,29.0,37.0,58.0,80.0,86.0,106.0,119.0,229.0,236.0,239.0,241.0,248.0,273.0,306.0,326.0,347.0,367.0,383.0,404.0,420.0,426.0,439.0,474.0,480.0,488.0,496.0,544.0,553.0,585.0,626.0,627.0,729.0,790.0,854.0,862.0,864.0,881.0,918.0,984.0,
15.0,18.0,29.0,135.0,152.0,161.0,173.0,197.0,204.0,238.0,287.0,298.0,299.0,309.0,316.0,322.0,327.0,332.0,347.0,353.0,363.0,399.0,402.0,411.0,414.0,443.0,450.0,490.0,521.0,531.0,558.0,561.0,655.0,657.0,673.0,732.0,754.0,775.0,786.0,793.0,803.0,813.0,851.0,854.0,868.0,901.0,908.0,914.0,954.0,993.0,
6.0,19.0,26.0,136.0,140.0,172.0,207.0,221.0,261.0,294.0,340.0,351.0,394.0,407.0,415.0,489.0,503.0,530.0,547.0,611.0,623.0,627.0,640.0,657.0,661.0,674.0,750.0,751.0,761.0,799.0,858.0,868.0,882.0,894.0,929.0,944.0,
35.0,97.0,97.0,102.0,118.0,158.0,172.0,176.0,193.0,238.0,252.0,312.0,390.0,395.0,406.0,407.0,411.0,418.0,439.0,473.0,513.0,520.0,524.0,598.0,601.0,603.0,626.0,647.0,650.0,654.0,661.0,716.0,742.0,755.0,768.0,799.0,818.0,858.0,948.0,951.0,972.0,988.0,
45.0,123.0,139.0,174.0,181.0,219.0,235.0,312.0,321.0,348.0,351.0,396.0,400.0,403.0,432.0,500.0,555.0,603.0,610.0,622.0,624.0,639.0,678.0,711.0,723.0,737.0,768.0,809.0,830.0,858.0,936.0,958.0,961.0,974.0,
23.0,60.0,74.0,82.0,103.0,106.0,117.0,132.0,157.0,199.0,208.0,242.0,315.0,347.0,354.0,380.0,406.0,428.0,433.0,439.0,455.0,470.0,514.0,534.0,559.0,592.0,593.0,612.0,636.0,638.0,684.0,686.0,705.0,730.0,733.0,745.0,758.0,763.0,764.0,768.0,790.0,808.0,811.0,868.0,930.0,955.0,
27.0,82.0,152.0,165.0,251.0,254.0,256.0,313.0,339.0,340.0,353.0,363.0,368.0,370.0,389.0,395.0,463.0,508.0,521.0,525.0,535.0,599.0,605.0,617.0,670.0,747.0,790.0,806.0,820.0,840.0,866.0,868.0,938.0,947.0,968.0,968.0,986.0,990.0,
4.0,4.0,25.0,39.0,44.0,100.0,101.0,117.0,127.0,131.0,138.0,192.0,198.0,203.0,220.0,230.0,232.0,248.0,257.0,285.0,338.0,349.0,383.0,390.0,421.0,431.0,479.0,481.0,493.0,501.0,537.0,545.0,578.0,587.0,619.0,653.0,708.0,717.0,736.0,762.0,769.0,777.0,791.0,807.0,872.0,882.0,896.0,898.0,904.0,920.0,929.0,941.0,986.0,
6.0,18.0,58.0,80.0,84.0,93.0,95.0,100.0,146.0,178.0,209.0,210.0,217.0,246.0,284.0,308.0,318.0,330.0,399.0,459.0,475.0,478.0,517.0,518.0,519.0,530.0,531.0,598.0,604.0,613.0,637.0,667.0,677.0,751.0,768.0,804.0,805.0,805.0,814.0,842.0,851.0,867.0,881.0,886.0,903.0,904.0,905.0,930.0,951.0,982.0,986.0,
21.0,42.0,76.0,96.0,123.0,134.0,134.0,170.0,234.0,239.0,299.0,324.0,373.0,386.0,409.0,482.0,516.0,549.0,567.0,570.0,584.0,594.0,623.0,626.0,687.0,772.0,778.0,802.0,818.0,820.0,828.0,881.0,891.0,900.0,904.0,926.0,933.0,933.0,938.0,941.0,942.0,
15.0,26.0,36.0,55.0,131.0,164.0,171.0,175.0,177.0,179.0,211.0,216.0,245.0,272.0,354.0,364.0,401.0,426.0,453.0,478.0,502.0,528.0,542.0,562.0,585.0,598.0,615.0,621.0,640.0,647.0,705.0,732.0,751.0,775.0,781.0,808.0,844.0,
21.0,33.0,48.0,76.0,119.0,200.0,234.0,263.0,282.0,294.0,353.0,368.0,412.0,426.0,430.0,480.0,496.0,506.0,513.0,541.0,562.0,657.0,658.0,692.0,768.0,776.0,785.0,793.0,842.0,873.0,873.0,941.0,949.0,964.0,988.0,
40.0,47.0,62.0,68.0,153.0,169.0,189.0,213.0,239.0,239.0,251.0,261.0,272.0,280.0,308.0,368.0,373.0,373.0,395.0,429.0,489.0,550.0,558.0,602.0,620.0,678.0,716.0,739.0,815.0,854.0,864.0,881.0,900.0,909.0,931.0,933.0,989.0,1000.0,
41.0,53.0,59.0,129.0,193.0,215.0,229.0,253.0,259.0,293.0,306.0,336.0,345.0,358.0,360.0,403.0,404.0,436.0,445.0,455.0,465.0,536.0,556.0,598.0,603.0,605.0,684.0,694.0,700.0,704.0,719.0,756.0,759.0,773.0,778.0,794.0,797.0,816.0,824.0,872.0,887.0,941.0,972.0,986.0,995.0,996.0,1000.0,
18.0,20.0,37.0,41.0,72.0,90.0,104.0,117.0,121.0,128.0,149.0,163.0,185.0,207.0,257.0,261.0,268.0,271.0,293.0,293.0,318.0,320.0,337.0,343.0,359.0,366.0,395.0,445.0,487.0,522.0,566.0,580.0,622.0,664.0,827.0,838.0,842.0,866.0,872.0,876.0,885.0,920.0,923.0,
20.0,97.0,144.0,167.0,191.0,234.0,242.0,301.0,314.0,347.0,367.0,383.0,388.0,410.0,434.0,438.0,445.0,472.0,478.0,506.0,523.0,539.0,562.0,578.0,603.0,613.0,624.0,631.0,697.0,717.0,756.0,788.0,801.0,826.0,838.0,882.0,899.0,925.0,926.0,
17.0,51.0,104.0,107.0,123.0,124.0,176.0,176.0,195.0,216.0,235.0,292.0,310.0,383.0,445.0,464.0,552.0,552.0,576.0,623.0,625.0,639.0,692.0,692.0,713.0,713.0,776.0,783.0,806.0,815.0,861.0,884.0,912.0,940.0,941.0,964.0,968.0,969.0,
37.0,42.0,69.0,84.0,95.0,117.0,153.0,171.0,194.0,217.0,234.0,257.0,267.0,278.0,281.0,285.0,294.0,309.0,324.0,335.0,344.0,349.0,352.0,402.0,485.0,492.0,532.0,544.0,564.0,564.0,616.0,618.0,634.0,660.0,660.0,687.0,689.0,706.0,708.0,762.0,772.0,783.0,798.0,847.0,860.0,861.0,864.0,882.0,952.0,
95.0,118.0,131.0,207.0,221.0,258.0,279.0,297.0,319.0,345.0,356.0,361.0,373.0,378.0,423.0,438.0,454.0,471.0,491.0,535.0,540.0,551.0,704.0,713.0,729.0,738.0,741.0,751.0,812.0,835.0,854.0,867.0,878.0,904.0,948.0,958.0,985.0,
36.0,139.0,150.0,163.0,165.0,204.0,218.0,254.0,257.0,280.0,302.0,336.0,379.0,406.0,423.0,500.0,502.0,519.0,594.0,624.0,628.0,659.0,697.0,796.0,804.0,835.0,854.0,874.0,885.0,914.0,928.0,930.0,948.0,954.0,976.0,
6.0,18.0,33.0,45.0,126.0,201.0,205.0,219.0,280.0,348.0,368.0,409.0,419.0,425.0,430.0,440.0,541.0,542.0,579.0,637.0,648.0,675.0,682.0,723.0,743.0,747.0,759.0,789.0,812.0,813.0,925.0,929.0,937.0,957.0,990.0,
9.0,27.0,30.0,72.0,74.0,96.0,125.0,165.0,192.0,200.0,224.0,226.0,316.0,316.0,325.0,378.0,402.0,444.0,499.0,508.0,524.0,557.0,586.0,593.0,595.0,603.0,626.0,666.0,736.0,739.0,753.0,756.0,944.0,951.0,
5.0,43.0,91.0,115.0,151.0,155.0,197.0,203.0,220.0,251.0,262.0,264.0,276.0,292.0,299.0,325.0,353.0,427.0,431.0,431.0,453.0,461.0,508.0,508.0,516.0,578.0,589.0,592.0,594.0,616.0,652.0,653.0,667.0,688.0,715.0,716.0,720.0,724.0,725.0,737.0,753.0,794.0,816.0,845.0,856.0,872.0,878.0,880.0,933.0,939.0,975.0,1000.0,
29.0,92.0,118.0,126.0,137.0,139.0,161.0,180.0,210.0,225.0,314.0,398.0,472.0,478.0,478.0,491.0,809.0,820.0,
49.0,93.0,118.0,129.0,129.0,161.0,190.0,193.0,214.0,229.0,243.0,244.0,305.0,329.0,349.0,395.0,413.0,443.0,452.0,506.0,
12.0,29.0,64.0,87.0,221.0,231.0,240.0,283.0,305.0,305.0,309.0,313.0,337.0,346.0,359.0,394.0,441.0,467.0,501.0,953.0,958.0,
20.0,155.0,195.0,195.0,237.0,306.0,331.0,339.0,361.0,361.0,380.0,398.0,404.0,490.0,501.0,512.0,515.0,528.0,534.0,548.0,598.0,629.0,658.0,687.0,694.0,708.0,713.0,718.0,739.0,766.0,775.0,779.0,782.0,829.0,850.0,861.0,872.0,873.0,877.0,885.0,901.0,917.0,919.0,923.0,935.0,944.0,949.0,953.0,998.0,
13.0,74.0,96.0,124.0,178.0,182.0,198.0,215.0,226.0,236.0,254.0,274.0,274.0,282.0,302.0,345.0,362.0,388.0,391.0,490.0,498.0,505.0,533.0,601.0,754.0,764.0,790.0,797.0,804.0,826.0,826.0,900.0,913.0,921.0,949.0,994.0,
44.0,78.0,85.0,88.0,92.0,148.0,177.0,180.0,188.0,228.0,280.0,282.0,416.0,427.0,444.0,468.0,498.0,498.0,685.0,689.0,691.0,748.0,783.0,812.0,817.0,833.0,841.0,874.0,927.0,942.0,989.0,992.0,997.0,997.0,
4.0,39.0,46.0,108.0,180.0,215.0,235.0,253.0,261.0,271.0,290.0,336.0,361.0,396.0,435.0,437.0,451.0,459.0,468.0,497.0,505.0,510.0,555.0,641.0,657.0,668.0,674.0,698.0,799.0,805.0,808.0,859.0,891.0,905.0,968.0,974.0,977.0,
64.0,107.0,108.0,242.0,263.0,302.0,311.0,312.0,389.0,401.0,504.0,523.0,538.0,567.0,586.0,616.0,619.0,634.0,640.0,684.0,688.0,692.0,721.0,729.0,743.0,768.0,773.0,788.0,856.0,915.0,953.0,
23.0,56.0,83.0,90.0,92.0,114.0,146.0,169.0,218.0,221.0,232.0,264.0,267.0,312.0,338.0,404.0,417.0,443.0,447.0,452.0,503.0,503.0,509.0,526.0,527.0,568.0,573.0,765.0,822.0,831.0,844.0,854.0,869.0,886.0,896.0,910.0,986.0,
36.0,46.0,66.0,89.0,97.0,157.0,164.0,180.0,188.0,278.0,299.0,365.0,380.0,383.0,395.0,445.0,454.0,475.0,480.0,497.0,535.0,602.0,615.0,651.0,655.0,687.0,716.0,728.0,752.0,772.0,786.0,792.0,796.0,800.0,820.0,825.0,840.0,881.0,919.0,925.0,929.0,949.0,992.0,
28.0,37.0,38.0,45.0,47.0,81.0,112.0,121.0,141.0,223.0,236.0,238.0,252.0,277.0,299.0,327.0,370.0,404.0,447.0,481.0,
66.0,92.0,95.0,174.0,277.0,300.0,301.0,305.0,325.0,358.0,359.0,386.0,421.0,446.0,457.0,464.0,493.0,
31.0,39.0,58.0,60.0,70.0,129.0,132.0,133.0,138.0,138.0,173.0,194.0,216.0,220.0,236.0,257.0,268.0,273.0,457.0,461.0,473.0,481.0,
10.0,69.0,79.0,82.0,151.0,181.0,263.0,316.0,376.0,395.0,481.0,501.0,588.0,597.0,618.0,628.0,656.0,681.0,698.0,714.0,732.0,760.0,785.0,804.0,841.0,844.0,896.0,903.0,923.0,931.0,
71.0,95.0,168.0,170.0,203.0,211.0,259.0,261.0,283.0,308.0,319.0,408.0,413.0,414.0,468.0,474.0,491.0,499.0,517.0,548.0,560.0,568.0,647.0,673.0,787.0,793.0,804.0,812.0,845.0,850.0,859.0,877.0,883.0,892.0,905.0,913.0,933.0,946.0,975.0,992.0,993.0,1000.0,
7.0,12.0,60.0,101.0,112.0,227.0,240.0,245.0,323.0,329.0,339.0,450.0,452.0,518.0,588.0,628.0,639.0,660.0,674.0,678.0,691.0,692.0,709.0,722.0,787.0,850.0,860.0,907.0,914.0,922.0,940.0,941.0,
20.0,72.0,123.0,124.0,170.0,189.0,310.0,355.0,363.0,460.0,492.0,496.0,504.0,537.0,540.0,547.0,615.0,626.0,668.0,683.0,722.0,748.0,795.0,803.0,833.0,873.0,888.0,896.0,906.0,948.0,949.0,980.0,
9.0,9.0,16.0,72.0,96.0,145.0,152.0,201.0,217.0,230.0,249.0,280.0,305.0,334.0,344.0,363.0,384.0,451.0,473.0,480.0,521.0,574.0,605.0,610.0,642.0,651.0,665.0,670.0,705.0,899.0,925.0,949.0,
7.0,50.0,86.0,127.0,138.0,142.0,177.0,186.0,239.0,247.0,286.0,343.0,362.0,374.0,383.0,399.0,431.0,445.0,489.0,519.0,539.0,555.0,569.0,590.0,637.0,647.0,713.0,718.0,720.0,742.0,752.0,769.0,781.0,793.0,808.0,864.0,865.0,867.0,867.0,924.0,937.0,959.0,960.0,969.0,972.0,978.0,999.0,
33.0,41.0,58.0,161.0,166.0,217.0,247.0,273.0,280.0,288.0,328.0,362.0,363.0,365.0,399.0,437.0,439.0,477.0,480.0,496.0,535.0,592.0,622.0,639.0,678.0,702.0,710.0,725.0,742.0,752.0,753.0,761.0,769.0,773.0,793.0,796.0,810.0,865.0,890.0,923.0,955.0,971.0,
27.0,29.0,61.0,84.0,87.0,104.0,122.0,125.0,125.0,175.0,175.0,182.0,236.0,237.0,289.0,431.0,463.0,495.0,502.0,503.0,770.0,822.0,
20.0,31.0,163.0,201.0,211.0,310.0,373.0,416.0,417.0,433.0,449.0,450.0,480.0,484.0,493.0,
36.0,118.0,152.0,162.0,202.0,245.0,278.0,289.0,326.0,326.0,354.0,354.0,387.0,389.0,426.0,460.0,478.0,479.0,500.0,505.0,859.0,978.0,
43.0,63.0,85.0,99.0,318.0,320.0,337.0,342.0,394.0,466.0,474.0,478.0,536.0,586.0,608.0,613.0,614.0,646.0,676.0,684.0,705.0,707.0,714.0,722.0,736.0,792.0,803.0,809.0,826.0,827.0,853.0,891.0,894.0,939.0,957.0,963.0,966.0,
9.0,15.0,42.0,87.0,115.0,117.0,120.0,125.0,143.0,154.0,190.0,204.0,212.0,265.0,269.0,281.0,285.0,335.0,366.0,372.0,404.0,421.0,422.0,438.0,494.0,512.0,561.0,597.0,603.0,657.0,669.0,690.0,706.0,732.0,752.0,758.0,767.0,807.0,824.0,841.0,879.0,913.0,978.0,
80.0,86.0,98.0,98.0,103.0,108.0,138.0,214.0,218.0,237.0,295.0,304.0,330.0,342.0,349.0,351.0,355.0,385.0,424.0,439.0,462.0,471.0,504.0,513.0,608.0,619.0,624.0,651.0,660.0,675.0,706.0,727.0,823.0,871.0,903.0,913.0,933.0,939.0,947.0,950.0,982.0,
64.0,75.0,156.0,157.0,179.0,198.0,212.0,218.0,254.0,268.0,284.0,328.0,341.0,351.0,391.0,458.0,517.0,522.0,614.0,638.0,643.0,655.0,657.0,677.0,699.0,699.0,720.0,778.0,788.0,810.0,837.0,870.0,871.0,929.0,938.0,959.0,959.0,993.0,
34.0,91.0,103.0,162.0,163.0,179.0,191.0,214.0,231.0,237.0,257.0,277.0,286.0,341.0,353.0,382.0,393.0,394.0,399.0,431.0,480.0,484.0,493.0,499.0,542.0,569.0,631.0,644.0,645.0,653.0,756.0,771.0,890.0,904.0,976.0,
27.0,42.0,63.0,90.0,113.0,121.0,201.0,207.0,325.0,361.0,365.0,370.0,371.0,392.0,443.0,452.0,475.0,501.0,515.0,545.0,550.0,587.0,627.0,635.0,653.0,688.0,701.0,721.0,759.0,780.0,795.0,809.0,856.0,877.0,894.0,926.0,965.0,966.0,
25.0,88.0,90.0,99.0,117.0,131.0,167.0,190.0,288.0,291.0,296.0,354.0,365.0,427.0,430.0,434.0,441.0,453.0,462.0,502.0,553.0,568.0,603.0,618.0,622.0,630.0,631.0,703.0,711.0,747.0,747.0,761.0,813.0,821.0,875.0,884.0,904.0,905.0,918.0,940.0,966.0,982.0,
15.0,49.0,60.0,146.0,153.0,160.0,164.0,182.0,200.0,243.0,264.0,287.0,299.0,316.0,321.0,327.0,344.0,347.0,368.0,376.0,379.0,387.0,457.0,461.0,466.0,469.0,526.0,534.0,558.0,559.0,604.0,669.0,669.0,673.0,699.0,728.0,729.0,759.0,777.0,777.0,816.0,849.0,853.0,867.0,893.0,894.0,902.0,914.0,941.0,972.0,985.0,997.0,
83.0,146.0,196.0,223.0,294.0,302.0,310.0,311.0,396.0,404.0,432.0,451.0,483.0,550.0,575.0,578.0,701.0,704.0,799.0,813.0,837.0,872.0,890.0,898.0,899.0,916.0,971.0,
12.0,19.0,19.0,22.0,50.0,63.0,67.0,106.0,123.0,161.0,197.0,251.0,267.0,309.0,309.0,321.0,322.0,514.0,557.0,558.0,605.0,611.0,638.0,666.0,686.0,689.0,689.0,692.0,772.0,851.0,861.0,876.0,912.0,915.0,940.0,947.0,952.0,962.0,966.0,969.0,974.0,981.0,
39.0,39.0,48.0,71.0,78.0,94.0,114.0,119.0,248.0,297.0,319.0,329.0,332.0,355.0,377.0,383.0,391.0,392.0,413.0,452.0,489.0,526.0,539.0,562.0,603.0,627.0,679.0,705.0,711.0,729.0,755.0,858.0,893.0,894.0,897.0,952.0,957.0,965.0,968.0,
17.0,80.0,99.0,108.0,120.0,125.0,148.0,149.0,152.0,311.0,352.0,395.0,414.0,436.0,474.0,483.0,551.0,566.0,583.0,601.0,626.0,692.0,750.0,752.0,760.0,874.0,898.0,918.0,926.0,931.0,938.0,951.0,961.0,969.0,973.0,976.0,
28.0,120.0,195.0,228.0,243.0,249.0,446.0,538.0,555.0,564.0,575.0,581.0,586.0,624.0,625.0,666.0,668.0,677.0,709.0,715.0,727.0,738.0,738.0,761.0,768.0,822.0,836.0,862.0,891.0,896.0,936.0,936.0,939.0,
4.0,15.0,25.0,76.0,96.0,176.0,184.0,211.0,212.0,228.0,232.0,298.0,373.0,396.0,411.0,413.0,415.0,480.0,480.0,514.0,540.0,576.0,597.0,626.0,696.0,760.0,828.0,831.0,858.0,867.0,957.0,985.0,987.0,
22.0,27.0,43.0,44.0,49.0,103.0,190.0,201.0,256.0,266.0,332.0,373.0,376.0,399.0,409.0,454.0,463.0,473.0,518.0,529.0,581.0,618.0,620.0,655.0,701.0,721.0,741.0,750.0,782.0,782.0,782.0,789.0,810.0,844.0,880.0,902.0,908.0,958.0,963.0,
91.0,105.0,111.0,134.0,211.0,213.0,224.0,240.0,241.0,247.0,301.0,307.0,326.0,335.0,337.0,357.0,424.0,434.0,456.0,472.0,501.0,627.0,637.0,702.0,765.0,767.0,796.0,860.0,888.0,903.0,995.0,
3.0,74.0,86.0,147.0,176.0,181.0,206.0,234.0,286.0,303.0,362.0,411.0,437.0,452.0,473.0,482.0,497.0,513.0,608.0,656.0,700.0,720.0,720.0,749.0,756.0,765.0,795.0,802.0,806.0,928.0,937.0,973.0,976.0,985.0,992.0,
34.0,43.0,64.0,76.0,80.0,93.0,113.0,146.0,161.0,170.0,204.0,346.0,354.0,365.0,379.0,387.0,397.0,482.0,515.0,533.0,560.0,561.0,583.0,602.0,609.0,616.0,635.0,660.0,691.0,696.0,699.0,707.0,710.0,742.0,761.0,773.0,776.0,795.0,854.0,863.0,863.0,881.0,942.0,955.0,
7.0,12.0,35.0,126.0,190.0,231.0,234.0,297.0,309.0,339.0,352.0,355.0,378.0,415.0,428.0,488.0,496.0,520.0,640.0,699.0,748.0,754.0,761.0,784.0,805.0,868.0,902.0,981.0,
53.0,127.0,176.0,198.0,211.0,237.0,243.0,261.0,276.0,352.0,379.0,382.0,398.0,420.0,443.0,505.0,563.0,573.0,579.0,666.0,672.0,673.0,682.0,688.0,732.0,735.0,743.0,761.0,768.0,803.0,811.0,817.0,871.0,890.0,897.0,932.0,936.0,994.0,
18.0,48.0,51.0,56.0,198.0,200.0,219.0,220.0,248.0,288.0,297.0,371.0,390.0,405.0,407.0,412.0,427.0,427.0,447.0,451.0,453.0,480.0,490.0,512.0,515.0,594.0,603.0,605.0,732.0,753.0,790.0,811.0,820.0,854.0,863.0,875.0,878.0,894.0,897.0,943.0,959.0,964.0,
14.0,16.0,34.0,110.0,139.0,179.0,202.0,235.0,260.0,265.0,286.0,307.0,346.0,394.0,431.0,440.0,440.0,454.0,465.0,474.0,477.0,489.0,571.0,584.0,585.0,618.0,696.0,763.0,773.0,775.0,797.0,891.0,911.0,928.0,929.0,954.0,
5.0,14.0,60.0,71.0,109.0,165.0,234.0,236.0,264.0,271.0,282.0,283.0,286.0,311.0,312.0,326.0,354.0,401.0,416.0,437.0,447.0,501.0,513.0,534.0,549.0,557.0,569.0,587.0,597.0,601.0,613.0,664.0,716.0,730.0,734.0,741.0,772.0,780.0,782.0,852.0,888.0,932.0,979.0,981.0,
58.0,66.0,67.0,134.0,188.0,206.0,225.0,226.0,237.0,249.0,252.0,255.0,365.0,402.0,582.0,632.0,643.0,661.0,686.0,725.0,741.0,761.0,763.0,772.0,782.0,786.0,804.0,833.0,862.0,882.0,969.0,
27.0,41.0,67.0,84.0,151.0,217.0,256.0,279.0,321.0,325.0,338.0,396.0,412.0,448.0,491.0,505.0,521.0,527.0,533.0,554.0,582.0,606.0,608.0,610.0,635.0,638.0,680.0,695.0,805.0,854.0,898.0,929.0,935.0,953.0,962.0,963.0,989.0,989.0,993.0,
106.0,145.0,208.0,272.0,288.0,289.0,314.0,333.0,345.0,359.0,432.0,448.0,482.0,520.0,524.0,581.0,591.0,623.0,631.0,663.0,665.0,693.0,736.0,745.0,745.0,771.0,816.0,886.0,899.0,918.0,928.0,955.0,
30.0,52.0,104.0,132.0,146.0,208.0,235.0,252.0,259.0,349.0,423.0,433.0,435.0,459.0,465.0,469.0,482.0,485.0,504.0,525.0,526.0,528.0,532.0,620.0,624.0,640.0,689.0,751.0,782.0,819.0,835.0,887.0,888.0,939.0,991.0,
27.0,60.0,93.0,107.0,116.0,129.0,142.0,153.0,232.0,250.0,251.0,273.0,289.0,329.0,331.0,340.0,342.0,353.0,378.0,392.0,402.0,415.0,506.0,534.0,542.0,548.0,583.0,602.0,667.0,676.0,739.0,750.0,753.0,794.0,805.0,836.0,837.0,869.0,870.0,895.0,914.0,942.0,969.0,983.0,
20.0,80.0,98.0,110.0,134.0,210.0,225.0,233.0,261.0,290.0,314.0,421.0,573.0,613.0,617.0,663.0,664.0,692.0,780.0,804.0,824.0,837.0,840.0,906.0,918.0,922.0,930.0,987.0,
8.0,39.0,60.0,61.0,106.0,123.0,169.0,186.0,231.0,233.0,287.0,325.0,338.0,342.0,376.0,397.0,408.0,414.0,416.0,443.0,457.0,476.0,478.0,488.0,586.0,594.0,604.0,656.0,661.0,662.0,756.0,773.0,796.0,805.0,831.0,859.0,870.0,873.0,919.0,933.0,936.0,938.0,957.0,970.0,975.0,979.0,
47.0,72.0,93.0,101.0,144.0,157.0,170.0,220.0,223.0,229.0,236.0,239.0,286.0,306.0,327.0,400.0,411.0,511.0,545.0,552.0,558.0,596.0,612.0,653.0,666.0,673.0,679.0,696.0,710.0,714.0,739.0,771.0,779.0,793.0,829.0,849.0,889.0,916.0,932.0,952.0,
13.0,19.0,30.0,39.0,114.0,134.0,151.0,186.0,234.0,257.0,259.0,291.0,327.0,336.0,364.0,398.0,434.0,437.0,509.0,523.0,539.0,560.0,595.0,596.0,602.0,687.0,690.0,700.0,811.0,821.0,837.0,839.0,848.0,873.0,902.0,907.0,928.0,948.0,994.0,
3.0,40.0,89.0,111.0,123.0,129.0,132.0,134.0,168.0,173.0,256.0,286.0,387.0,456.0,462.0,482.0,496.0,508.0,588.0,636.0,668.0,693.0,725.0,727.0,785.0,792.0,841.0,878.0,908.0,952.0,954.0,954.0,973.0,979.0,
