104.0,121.0,126.0,139.0,179.0,318.0,319.0,355.0,374.0,391.0,404.0,459.0,516.0,521.0,532.0,539.0,559.0,567.0,572.0,588.0,597.0,617.0,618.0,659.0,693.0,719.0,730.0,751.0,798.0,810.0,842.0,860.0,867.0,912.0,948.0,981.0,
6.0,41.0,42.0,52.0,125.0,156.0,172.0,191.0,205.0,243.0,254.0,266.0,286.0,288.0,343.0,391.0,450.0,480.0,511.0,520.0,538.0,555.0,631.0,633.0,635.0,656.0,661.0,723.0,751.0,774.0,777.0,779.0,784.0,802.0,826.0,844.0,904.0,921.0,950.0,952.0,972.0,976.0,
73.0,135.0,137.0,182.0,201.0,255.0,293.0,306.0,320.0,330.0,357.0,362.0,371.0,415.0,423.0,530.0,556.0,565.0,592.0,689.0,703.0,752.0,754.0,759.0,764.0,815.0,833.0,835.0,839.0,862.0,933.0,935.0,
46.0,77.0,88.0,89.0,102.0,102.0,125.0,150.0,194.0,259.0,262.0,346.0,358.0,368.0,372.0,442.0,467.0,545.0,611.0,657.0,658.0,681.0,730.0,732.0,734.0,737.0,793.0,822.0,843.0,849.0,851.0,880.0,904.0,906.0,944.0,971.0,978.0,
13.0,29.0,44.0,54.0,60.0,68.0,87.0,116.0,202.0,203.0,252.0,259.0,271.0,289.0,304.0,323.0,332.0,435.0,467.0,469.0,497.0,530.0,588.0,609.0,635.0,642.0,752.0,773.0,780.0,792.0,802.0,804.0,836.0,841.0,868.0,957.0,964.0,976.0,
5.0,31.0,80.0,112.0,117.0,169.0,170.0,179.0,183.0,187.0,189.0,193.0,208.0,214.0,261.0,261.0,299.0,301.0,302.0,363.0,368.0,396.0,402.0,518.0,535.0,546.0,582.0,610.0,637.0,657.0,657.0,658.0,674.0,726.0,729.0,826.0,830.0,854.0,872.0,
49.0,78.0,119.0,160.0,175.0,220.0,268.0,317.0,369.0,389.0,500.0,518.0,529.0,531.0,569.0,601.0,606.0,627.0,634.0,636.0,641.0,659.0,708.0,724.0,747.0,762.0,773.0,817.0,898.0,912.0,937.0,
13.0,18.0,54.0,88.0,116.0,160.0,160.0,209.0,225.0,256.0,294.0,302.0,314.0,322.0,405.0,429.0,429.0,445.0,467.0,474.0,522.0,544.0,571.0,607.0,609.0,612.0,667.0,698.0,718.0,758.0,798.0,862.0,872.0,884.0,884.0,986.0,
3.0,13.0,32.0,42.0,107.0,185.0,206.0,247.0,329.0,334.0,388.0,395.0,408.0,437.0,496.0,504.0,523.0,530.0,595.0,603.0,618.0,640.0,684.0,711.0,760.0,762.0,769.0,771.0,780.0,803.0,819.0,847.0,852.0,869.0,889.0,932.0,987.0,
15.0,148.0,169.0,172.0,255.0,258.0,270.0,296.0,328.0,347.0,370.0,390.0,390.0,408.0,409.0,454.0,505.0,519.0,535.0,584.0,601.0,641.0,645.0,676.0,704.0,777.0,785.0,826.0,847.0,861.0,922.0,990.0,996.0,
57.0,63.0,99.0,156.0,244.0,253.0,267.0,370.0,370.0,392.0,488.0,491.0,536.0,551.0,582.0,596.0,642.0,664.0,696.0,763.0,764.0,783.0,838.0,940.0,987.0,
43.0,51.0,103.0,106.0,157.0,242.0,295.0,300.0,427.0,429.0,438.0,442.0,456.0,465.0,495.0,504.0,524.0,526.0,530.0,545.0,571.0,578.0,587.0,588.0,596.0,631.0,683.0,704.0,713.0,749.0,764.0,804.0,827.0,834.0,873.0,979.0,984.0,
53.0,54.0,67.0,86.0,87.0,144.0,184.0,192.0,209.0,333.0,347.0,400.0,405.0,418.0,491.0,527.0,528.0,573.0,599.0,658.0,662.0,664.0,697.0,709.0,753.0,821.0,822.0,849.0,883.0,888.0,913.0,974.0,984.0,991.0,
2.0,7.0,11.0,32.0,104.0,138.0,151.0,161.0,209.0,213.0,213.0,228.0,243.0,267.0,277.0,298.0,309.0,340.0,384.0,396.0,413.0,460.0,559.0,561.0,562.0,607.0,632.0,647.0,657.0,662.0,680.0,728.0,731.0,741.0,759.0,779.0,809.0,836.0,848.0,853.0,881.0,898.0,909.0,931.0,934.0,936.0,963.0,969.0,971.0,
13.0,30.0,36.0,58.0,71.0,82.0,130.0,131.0,175.0,184.0,189.0,216.0,322.0,336.0,351.0,379.0,396.0,416.0,433.0,441.0,451.0,496.0,516.0,518.0,519.0,522.0,535.0,561.0,572.0,590.0,606.0,612.0,645.0,649.0,655.0,674.0,722.0,784.0,789.0,791.0,847.0,858.0,859.0,862.0,872.0,884.0,892.0,905.0,907.0,938.0,946.0,998.0,
88.0,140.0,170.0,200.0,214.0,250.0,264.0,300.0,320.0,339.0,346.0,352.0,364.0,370.0,392.0,423.0,500.0,508.0,519.0,530.0,533.0,566.0,579.0,596.0,634.0,636.0,643.0,663.0,679.0,685.0,696.0,723.0,737.0,755.0,755.0,769.0,781.0,803.0,817.0,857.0,870.0,884.0,886.0,891.0,931.0,966.0,973.0,977.0,981.0,
24.0,70.0,74.0,88.0,97.0,103.0,112.0,118.0,137.0,155.0,249.0,257.0,265.0,283.0,287.0,300.0,317.0,371.0,378.0,382.0,470.0,475.0,513.0,518.0,545.0,642.0,644.0,671.0,682.0,705.0,735.0,790.0,803.0,827.0,885.0,920.0,928.0,950.0,
6.0,8.0,9.0,10.0,71.0,80.0,102.0,106.0,112.0,114.0,152.0,154.0,192.0,215.0,226.0,234.0,245.0,278.0,308.0,321.0,363.0,378.0,407.0,425.0,455.0,505.0,531.0,545.0,588.0,598.0,681.0,685.0,706.0,759.0,774.0,786.0,809.0,816.0,849.0,851.0,914.0,959.0,
17.0,117.0,138.0,171.0,184.0,198.0,225.0,251.0,254.0,307.0,338.0,338.0,377.0,395.0,476.0,480.0,520.0,572.0,634.0,685.0,713.0,734.0,737.0,754.0,755.0,785.0,803.0,826.0,850.0,889.0,985.0,995.0,
28.0,60.0,69.0,115.0,124.0,148.0,177.0,241.0,280.0,296.0,318.0,460.0,601.0,611.0,620.0,626.0,726.0,734.0,819.0,839.0,859.0,909.0,947.0,
2.0,45.0,46.0,54.0,60.0,79.0,94.0,180.0,203.0,245.0,302.0,319.0,325.0,335.0,343.0,412.0,428.0,460.0,474.0,496.0,602.0,628.0,633.0,638.0,691.0,696.0,747.0,765.0,782.0,801.0,808.0,811.0,813.0,822.0,844.0,860.0,872.0,878.0,921.0,936.0,941.0,946.0,978.0,995.0,
19.0,85.0,98.0,99.0,121.0,127.0,157.0,167.0,188.0,230.0,256.0,277.0,340.0,367.0,380.0,391.0,402.0,564.0,576.0,611.0,667.0,674.0,686.0,709.0,766.0,769.0,769.0,800.0,815.0,834.0,838.0,902.0,906.0,930.0,950.0,
176.0,191.0,197.0,212.0,220.0,240.0,273.0,307.0,341.0,366.0,377.0,401.0,453.0,461.0,462.0,491.0,572.0,574.0,617.0,794.0,801.0,826.0,850.0,857.0,865.0,884.0,887.0,891.0,915.0,921.0,948.0,966.0,
39.0,71.0,152.0,203.0,213.0,273.0,274.0,288.0,302.0,327.0,342.0,361.0,439.0,444.0,448.0,458.0,484.0,537.0,546.0,568.0,652.0,672.0,673.0,679.0,706.0,706.0,721.0,738.0,780.0,782.0,800.0,818.0,848.0,849.0,859.0,877.0,905.0,952.0,999.0,1000.0,
4.0,13.0,29.0,47.0,53.0,71.0,151.0,166.0,187.0,225.0,250.0,373.0,379.0,380.0,419.0,460.0,483.0,507.0,563.0,587.0,608.0,646.0,652.0,674.0,744.0,747.0,754.0,804.0,828.0,931.0,945.0,967.0,967.0,993.0,
138.0,160.0,168.0,183.0,233.0,243.0,251.0,271.0,311.0,331.0,363.0,421.0,425.0,495.0,550.0,580.0,624.0,624.0,656.0,689.0,749.0,752.0,756.0,758.0,777.0,781.0,857.0,866.0,882.0,889.0,901.0,955.0,976.0,986.0,998.0,1000.0,
19.0,29.0,47.0,47.0,107.0,110.0,112.0,156.0,156.0,163.0,180.0,194.0,201.0,231.0,252.0,260.0,279.0,307.0,326.0,378.0,381.0,382.0,384.0,385.0,417.0,500.0,513.0,516.0,518.0,531.0,566.0,590.0,602.0,614.0,624.0,636.0,638.0,645.0,658.0,660.0,729.0,732.0,734.0,739.0,809.0,826.0,831.0,835.0,842.0,858.0,900.0,943.0,952.0,954.0,
41.0,64.0,71.0,142.0,179.0,225.0,239.0,239.0,266.0,307.0,323.0,358.0,387.0,389.0,460.0,466.0,472.0,509.0,510.0,550.0,579.0,611.0,643.0,644.0,658.0,691.0,717.0,718.0,725.0,742.0,790.0,809.0,825.0,828.0,841.0,851.0,853.0,864.0,935.0,984.0,987.0,997.0,
31.0,80.0,121.0,132.0,175.0,198.0,204.0,222.0,235.0,285.0,298.0,372.0,372.0,390.0,426.0,449.0,541.0,610.0,662.0,677.0,746.0,773.0,780.0,790.0,796.0,797.0,828.0,831.0,839.0,844.0,849.0,879.0,887.0,916.0,938.0,956.0,997.0,
14.0,70.0,73.0,109.0,152.0,176.0,182.0,201.0,201.0,305.0,331.0,336.0,365.0,380.0,400.0,408.0,433.0,438.0,457.0,468.0,508.0,563.0,590.0,600.0,607.0,629.0,629.0,659.0,673.0,689.0,690.0,693.0,699.0,714.0,728.0,759.0,788.0,864.0,967.0,976.0,
2.0,32.0,43.0,47.0,48.0,58.0,80.0,113.0,130.0,136.0,180.0,211.0,221.0,221.0,232.0,254.0,278.0,338.0,355.0,373.0,405.0,436.0,482.0,483.0,498.0,542.0,584.0,662.0,677.0,742.0,748.0,780.0,836.0,839.0,886.0,893.0,894.0,970.0,977.0,
10.0,47.0,68.0,77.0,92.0,93.0,123.0,176.0,201.0,203.0,219.0,309.0,328.0,344.0,344.0,345.0,349.0,458.0,483.0,491.0,523.0,535.0,546.0,572.0,583.0,626.0,655.0,716.0,784.0,807.0,832.0,840.0,904.0,910.0,953.0,966.0,968.0,973.0,
13.0,49.0,70.0,84.0,97.0,97.0,124.0,194.0,278.0,284.0,299.0,398.0,399.0,423.0,442.0,452.0,479.0,486.0,491.0,558.0,567.0,586.0,639.0,642.0,697.0,736.0,747.0,754.0,769.0,824.0,838.0,852.0,881.0,887.0,920.0,925.0,925.0,943.0,957.0,972.0,994.0,
16.0,75.0,131.0,192.0,240.0,304.0,305.0,324.0,340.0,340.0,377.0,394.0,430.0,442.0,506.0,527.0,528.0,553.0,571.0,582.0,595.0,652.0,668.0,675.0,675.0,683.0,703.0,711.0,734.0,768.0,793.0,828.0,844.0,863.0,902.0,913.0,971.0,998.0,
68.0,74.0,75.0,86.0,126.0,289.0,328.0,350.0,372.0,385.0,402.0,430.0,437.0,469.0,484.0,493.0,560.0,571.0,590.0,611.0,646.0,657.0,658.0,688.0,732.0,784.0,793.0,802.0,806.0,808.0,823.0,841.0,857.0,860.0,865.0,889.0,964.0,978.0,
51.0,57.0,86.0,110.0,120.0,125.0,159.0,182.0,183.0,196.0,212.0,289.0,326.0,350.0,376.0,380.0,460.0,497.0,600.0,605.0,606.0,664.0,707.0,764.0,779.0,789.0,794.0,795.0,812.0,864.0,864.0,875.0,884.0,903.0,918.0,964.0,989.0,
59.0,74.0,81.0,87.0,92.0,97.0,127.0,195.0,382.0,384.0,475.0,492.0,515.0,591.0,611.0,619.0,631.0,675.0,688.0,707.0,742.0,819.0,834.0,844.0,860.0,868.0,908.0,929.0,935.0,970.0,987.0,
21.0,91.0,143.0,172.0,186.0,216.0,221.0,231.0,327.0,393.0,418.0,427.0,464.0,490.0,587.0,602.0,666.0,696.0,757.0,782.0,793.0,824.0,828.0,868.0,886.0,914.0,947.0,967.0,1000.0,
81.0,112.0,130.0,176.0,183.0,187.0,198.0,216.0,243.0,244.0,279.0,330.0,331.0,364.0,419.0,476.0,515.0,531.0,585.0,606.0,610.0,611.0,613.0,624.0,729.0,751.0,775.0,864.0,878.0,917.0,918.0,970.0,990.0,
36.0,55.0,147.0,149.0,151.0,169.0,173.0,178.0,191.0,218.0,226.0,232.0,237.0,266.0,312.0,327.0,330.0,333.0,385.0,424.0,436.0,439.0,446.0,449.0,449.0,451.0,507.0,536.0,536.0,551.0,554.0,589.0,610.0,620.0,695.0,753.0,777.0,802.0,817.0,859.0,877.0,909.0,919.0,920.0,987.0,
10.0,20.0,73.0,76.0,138.0,294.0,307.0,325.0,328.0,350.0,386.0,398.0,405.0,439.0,482.0,491.0,516.0,526.0,529.0,540.0,576.0,581.0,584.0,603.0,616.0,686.0,709.0,761.0,786.0,792.0,799.0,923.0,
10.0,21.0,62.0,63.0,113.0,119.0,145.0,182.0,187.0,188.0,227.0,236.0,257.0,264.0,288.0,335.0,356.0,363.0,371.0,406.0,410.0,423.0,430.0,465.0,471.0,529.0,532.0,542.0,596.0,612.0,647.0,649.0,672.0,718.0,726.0,742.0,756.0,765.0,800.0,823.0,872.0,899.0,921.0,927.0,945.0,948.0,948.0,955.0,977.0,990.0,1000.0,
30.0,58.0,71.0,94.0,200.0,235.0,290.0,297.0,348.0,354.0,406.0,409.0,417.0,434.0,436.0,484.0,504.0,508.0,528.0,618.0,627.0,635.0,665.0,666.0,666.0,685.0,714.0,782.0,849.0,870.0,973.0,
9.0,30.0,86.0,89.0,90.0,105.0,137.0,139.0,146.0,170.0,218.0,219.0,238.0,401.0,408.0,413.0,457.0,459.0,466.0,487.0,493.0,554.0,561.0,583.0,607.0,613.0,614.0,629.0,663.0,670.0,690.0,706.0,773.0,793.0,798.0,813.0,816.0,855.0,869.0,903.0,921.0,922.0,926.0,984.0,
95.0,118.0,125.0,127.0,215.0,247.0,268.0,284.0,304.0,365.0,417.0,445.0,457.0,473.0,475.0,509.0,
81.0,85.0,129.0,177.0,187.0,203.0,270.0,274.0,291.0,328.0,359.0,417.0,442.0,456.0,496.0,
7.0,16.0,29.0,59.0,86.0,121.0,198.0,218.0,233.0,249.0,259.0,264.0,304.0,368.0,407.0,419.0,444.0,456.0,459.0,507.0,510.0,510.0,922.0,924.0,
31.0,47.0,105.0,140.0,251.0,321.0,329.0,333.0,476.0,517.0,554.0,566.0,593.0,599.0,706.0,720.0,729.0,733.0,757.0,785.0,786.0,787.0,796.0,798.0,831.0,842.0,913.0,917.0,938.0,941.0,
61.0,103.0,132.0,152.0,227.0,227.0,229.0,243.0,246.0,251.0,251.0,262.0,269.0,439.0,444.0,463.0,490.0,509.0,524.0,601.0,647.0,656.0,729.0,773.0,803.0,820.0,833.0,836.0,857.0,866.0,874.0,878.0,898.0,955.0,966.0,986.0,986.0,999.0,
10.0,19.0,25.0,25.0,108.0,131.0,163.0,164.0,219.0,261.0,269.0,292.0,308.0,344.0,351.0,380.0,420.0,445.0,460.0,463.0,472.0,508.0,516.0,526.0,567.0,587.0,600.0,638.0,645.0,677.0,689.0,716.0,785.0,836.0,847.0,874.0,880.0,937.0,943.0,988.0,
6.0,53.0,62.0,72.0,86.0,97.0,117.0,171.0,207.0,262.0,299.0,307.0,309.0,336.0,370.0,396.0,482.0,501.0,509.0,601.0,627.0,668.0,671.0,744.0,757.0,786.0,859.0,866.0,898.0,909.0,922.0,936.0,939.0,944.0,980.0,980.0,988.0,995.0,
12.0,56.0,68.0,93.0,140.0,161.0,169.0,251.0,286.0,297.0,356.0,364.0,395.0,418.0,439.0,481.0,492.0,505.0,563.0,599.0,620.0,628.0,704.0,724.0,746.0,770.0,776.0,808.0,838.0,848.0,893.0,
36.0,39.0,44.0,58.0,78.0,92.0,101.0,136.0,216.0,219.0,220.0,221.0,226.0,234.0,237.0,346.0,464.0,484.0,485.0,502.0,513.0,561.0,605.0,660.0,664.0,689.0,757.0,770.0,771.0,797.0,800.0,829.0,841.0,858.0,868.0,897.0,926.0,926.0,935.0,973.0,978.0,996.0,
24.0,44.0,54.0,98.0,145.0,156.0,247.0,255.0,276.0,281.0,289.0,319.0,322.0,333.0,334.0,348.0,413.0,435.0,441.0,463.0,567.0,586.0,592.0,620.0,657.0,691.0,763.0,770.0,798.0,808.0,836.0,856.0,910.0,942.0,
12.0,64.0,89.0,148.0,183.0,187.0,245.0,279.0,387.0,394.0,410.0,449.0,469.0,486.0,495.0,
35.0,49.0,71.0,103.0,111.0,132.0,139.0,148.0,155.0,241.0,309.0,315.0,317.0,325.0,351.0,373.0,383.0,474.0,485.0,505.0,
19.0,56.0,61.0,76.0,115.0,141.0,214.0,226.0,238.0,241.0,241.0,246.0,303.0,308.0,339.0,397.0,440.0,
29.0,88.0,218.0,237.0,237.0,263.0,281.0,304.0,376.0,389.0,399.0,447.0,458.0,463.0,470.0,505.0,525.0,560.0,563.0,591.0,600.0,633.0,642.0,673.0,673.0,711.0,730.0,750.0,754.0,781.0,796.0,800.0,801.0,802.0,828.0,839.0,855.0,860.0,911.0,955.0,970.0,
37.0,121.0,273.0,294.0,329.0,357.0,358.0,431.0,476.0,489.0,522.0,545.0,583.0,611.0,617.0,635.0,649.0,662.0,668.0,702.0,704.0,747.0,757.0,760.0,765.0,796.0,798.0,816.0,832.0,860.0,864.0,864.0,918.0,920.0,931.0,941.0,961.0,978.0,994.0,
5.0,21.0,84.0,111.0,112.0,114.0,125.0,194.0,241.0,294.0,303.0,430.0,472.0,477.0,492.0,497.0,499.0,563.0,602.0,618.0,704.0,722.0,784.0,809.0,818.0,840.0,881.0,884.0,892.0,898.0,903.0,925.0,958.0,968.0,
47.0,53.0,89.0,171.0,191.0,320.0,338.0,412.0,425.0,452.0,456.0,471.0,526.0,548.0,552.0,565.0,576.0,597.0,644.0,659.0,750.0,824.0,825.0,840.0,880.0,946.0,947.0,976.0,
9.0,14.0,15.0,30.0,32.0,54.0,79.0,94.0,170.0,193.0,205.0,242.0,307.0,323.0,332.0,371.0,383.0,387.0,404.0,459.0,466.0,508.0,509.0,528.0,543.0,579.0,595.0,602.0,627.0,662.0,675.0,677.0,692.0,694.0,710.0,744.0,777.0,805.0,832.0,848.0,851.0,890.0,913.0,956.0,971.0,987.0,987.0,987.0,
24.0,66.0,123.0,142.0,198.0,199.0,259.0,296.0,310.0,350.0,402.0,403.0,412.0,436.0,492.0,505.0,524.0,538.0,556.0,582.0,583.0,586.0,610.0,615.0,667.0,703.0,763.0,773.0,823.0,832.0,862.0,885.0,899.0,922.0,984.0,
21.0,101.0,161.0,161.0,164.0,179.0,204.0,217.0,249.0,283.0,327.0,362.0,405.0,411.0,412.0,454.0,480.0,480.0,544.0,568.0,603.0,621.0,624.0,652.0,703.0,706.0,706.0,720.0,774.0,801.0,810.0,832.0,860.0,866.0,919.0,924.0,942.0,972.0,986.0,
29.0,55.0,95.0,97.0,113.0,129.0,158.0,165.0,197.0,212.0,217.0,221.0,223.0,258.0,276.0,342.0,361.0,439.0,446.0,449.0,495.0,505.0,509.0,930.0,
128.0,262.0,278.0,288.0,289.0,318.0,329.0,355.0,392.0,392.0,393.0,407.0,454.0,468.0,474.0,480.0,
26.0,37.0,127.0,155.0,189.0,241.0,258.0,285.0,330.0,379.0,382.0,389.0,470.0,494.0,992.0,
41.0,69.0,92.0,121.0,132.0,162.0,176.0,186.0,258.0,297.0,307.0,372.0,410.0,410.0,426.0,448.0,463.0,474.0,594.0,656.0,712.0,729.0,741.0,754.0,765.0,770.0,786.0,790.0,819.0,822.0,842.0,872.0,906.0,919.0,953.0,981.0,
16.0,22.0,203.0,207.0,314.0,359.0,360.0,376.0,391.0,392.0,426.0,461.0,469.0,497.0,527.0,545.0,570.0,595.0,619.0,620.0,674.0,683.0,711.0,726.0,738.0,798.0,819.0,865.0,889.0,940.0,957.0,
10.0,38.0,42.0,91.0,106.0,114.0,155.0,181.0,185.0,186.0,188.0,213.0,227.0,236.0,304.0,362.0,386.0,398.0,408.0,416.0,434.0,440.0,466.0,500.0,531.0,587.0,603.0,634.0,634.0,692.0,832.0,846.0,849.0,933.0,934.0,
12.0,13.0,59.0,84.0,97.0,118.0,128.0,156.0,241.0,244.0,259.0,280.0,303.0,313.0,342.0,349.0,368.0,370.0,452.0,499.0,529.0,559.0,576.0,640.0,738.0,746.0,749.0,756.0,760.0,760.0,844.0,851.0,907.0,959.0,967.0,991.0,
31.0,35.0,35.0,49.0,67.0,86.0,112.0,144.0,148.0,152.0,159.0,162.0,169.0,203.0,206.0,225.0,226.0,228.0,239.0,285.0,298.0,300.0,314.0,357.0,361.0,380.0,387.0,392.0,399.0,437.0,443.0,444.0,507.0,552.0,577.0,580.0,593.0,606.0,640.0,641.0,647.0,664.0,697.0,699.0,703.0,768.0,779.0,831.0,868.0,871.0,873.0,925.0,939.0,987.0,
21.0,81.0,85.0,92.0,107.0,125.0,178.0,180.0,191.0,192.0,405.0,446.0,453.0,462.0,484.0,537.0,539.0,546.0,555.0,557.0,580.0,624.0,637.0,682.0,683.0,752.0,770.0,830.0,843.0,903.0,934.0,988.0,
7.0,19.0,83.0,148.0,170.0,172.0,173.0,180.0,300.0,305.0,308.0,373.0,377.0,387.0,449.0,450.0,480.0,503.0,547.0,573.0,585.0,617.0,646.0,648.0,648.0,669.0,701.0,722.0,781.0,804.0,819.0,871.0,897.0,936.0,956.0,958.0,961.0,967.0,979.0,
25.0,74.0,108.0,116.0,117.0,118.0,149.0,154.0,214.0,291.0,333.0,353.0,380.0,446.0,453.0,470.0,485.0,502.0,570.0,583.0,587.0,592.0,622.0,660.0,671.0,675.0,691.0,711.0,721.0,755.0,768.0,859.0,865.0,942.0,957.0,963.0,978.0,986.0,
33.0,136.0,175.0,245.0,275.0,304.0,326.0,346.0,413.0,415.0,439.0,445.0,505.0,506.0,531.0,574.0,615.0,645.0,647.0,655.0,669.0,723.0,729.0,735.0,775.0,809.0,834.0,840.0,895.0,979.0,
8.0,10.0,15.0,21.0,27.0,30.0,44.0,109.0,135.0,256.0,265.0,391.0,412.0,446.0,464.0,480.0,529.0,546.0,561.0,562.0,570.0,701.0,746.0,771.0,774.0,836.0,844.0,865.0,867.0,875.0,913.0,935.0,948.0,953.0,957.0,959.0,962.0,980.0,
76.0,80.0,118.0,170.0,208.0,212.0,276.0,318.0,361.0,361.0,394.0,427.0,427.0,467.0,573.0,600.0,608.0,609.0,638.0,645.0,682.0,684.0,686.0,699.0,722.0,726.0,730.0,758.0,759.0,813.0,813.0,817.0,863.0,871.0,895.0,938.0,988.0,991.0,
15.0,70.0,90.0,92.0,149.0,162.0,166.0,185.0,289.0,298.0,304.0,361.0,506.0,525.0,547.0,606.0,673.0,740.0,803.0,806.0,917.0,963.0,989.0,
15.0,21.0,28.0,66.0,72.0,94.0,121.0,134.0,180.0,296.0,326.0,343.0,412.0,431.0,454.0,501.0,502.0,513.0,548.0,605.0,662.0,674.0,738.0,770.0,795.0,809.0,845.0,881.0,897.0,950.0,998.0,1000.0,
3.0,39.0,76.0,82.0,86.0,144.0,153.0,173.0,198.0,208.0,222.0,235.0,305.0,331.0,332.0,343.0,369.0,394.0,395.0,438.0,447.0,452.0,526.0,548.0,554.0,559.0,572.0,584.0,619.0,630.0,643.0,656.0,659.0,663.0,686.0,691.0,694.0,697.0,704.0,722.0,733.0,742.0,821.0,829.0,847.0,896.0,902.0,907.0,956.0,970.0,
46.0,76.0,87.0,103.0,107.0,109.0,120.0,130.0,169.0,182.0,206.0,220.0,226.0,240.0,282.0,288.0,375.0,454.0,507.0,522.0,696.0,701.0,707.0,744.0,784.0,795.0,861.0,880.0,927.0,935.0,951.0,959.0,995.0,998.0,
28.0,144.0,211.0,249.0,276.0,307.0,349.0,389.0,407.0,415.0,422.0,446.0,468.0,506.0,527.0,549.0,564.0,572.0,595.0,613.0,661.0,664.0,734.0,780.0,797.0,840.0,849.0,920.0,
13.0,22.0,24.0,47.0,53.0,98.0,119.0,130.0,144.0,171.0,196.0,201.0,212.0,218.0,234.0,298.0,412.0,424.0,461.0,476.0,480.0,547.0,644.0,726.0,760.0,815.0,828.0,832.0,841.0,843.0,884.0,948.0,998.0,999.0,
9.0,30.0,62.0,65.0,99.0,99.0,163.0,202.0,230.0,262.0,289.0,320.0,367.0,375.0,545.0,550.0,552.0,570.0,636.0,654.0,675.0,682.0,700.0,724.0,729.0,740.0,742.0,754.0,808.0,814.0,820.0,846.0,879.0,940.0,957.0,977.0,
26.0,74.0,80.0,85.0,113.0,116.0,149.0,187.0,191.0,308.0,348.0,348.0,369.0,375.0,382.0,398.0,406.0,444.0,461.0,467.0,541.0,563.0,633.0,658.0,685.0,695.0,707.0,732.0,787.0,837.0,861.0,881.0,914.0,938.0,940.0,945.0,947.0,966.0,971.0,
60.0,97.0,129.0,183.0,190.0,210.0,241.0,248.0,261.0,271.0,384.0,397.0,410.0,437.0,490.0,495.0,566.0,594.0,600.0,603.0,619.0,624.0,627.0,634.0,635.0,655.0,656.0,694.0,713.0,799.0,802.0,816.0,826.0,845.0,847.0,856.0,860.0,880.0,890.0,898.0,900.0,925.0,929.0,958.0,
23.0,32.0,38.0,85.0,86.0,139.0,192.0,194.0,198.0,297.0,331.0,336.0,340.0,367.0,462.0,479.0,483.0,503.0,510.0,526.0,534.0,575.0,591.0,595.0,607.0,637.0,656.0,668.0,706.0,712.0,739.0,756.0,775.0,826.0,832.0,841.0,872.0,901.0,973.0,
69.0,74.0,93.0,100.0,112.0,151.0,157.0,250.0,251.0,336.0,338.0,348.0,365.0,389.0,402.0,486.0,487.0,527.0,531.0,550.0,575.0,584.0,603.0,626.0,691.0,744.0,756.0,762.0,854.0,876.0,876.0,888.0,890.0,902.0,933.0,975.0,
13.0,137.0,149.0,165.0,180.0,269.0,296.0,307.0,355.0,376.0,378.0,408.0,411.0,511.0,519.0,529.0,555.0,584.0,624.0,643.0,673.0,693.0,721.0,749.0,782.0,784.0,823.0,838.0,854.0,869.0,902.0,954.0,954.0,
10.0,29.0,47.0,64.0,65.0,70.0,100.0,104.0,106.0,108.0,157.0,174.0,178.0,196.0,235.0,271.0,293.0,303.0,338.0,377.0,455.0,480.0,520.0,563.0,594.0,659.0,663.0,668.0,683.0,704.0,707.0,787.0,827.0,842.0,894.0,898.0,917.0,997.0,
25.0,34.0,61.0,110.0,127.0,144.0,163.0,166.0,241.0,317.0,319.0,322.0,329.0,353.0,376.0,385.0,394.0,406.0,452.0,469.0,555.0,564.0,568.0,572.0,645.0,704.0,730.0,788.0,809.0,821.0,829.0,916.0,930.0,938.0,939.0,949.0,980.0,
22.0,25.0,35.0,43.0,59.0,60.0,89.0,104.0,106.0,176.0,178.0,218.0,218.0,220.0,375.0,379.0,391.0,417.0,425.0,472.0,554.0,574.0,596.0,631.0,652.0,655.0,702.0,711.0,745.0,758.0,782.0,837.0,865.0,872.0,877.0,940.0,948.0,963.0,
13.0,26.0,65.0,99.0,103.0,114.0,257.0,259.0,267.0,272.0,290.0,337.0,348.0,361.0,381.0,383.0,402.0,406.0,449.0,463.0,515.0,573.0,630.0,670.0,694.0,733.0,765.0,781.0,783.0,784.0,789.0,807.0,810.0,838.0,915.0,932.0,
12.0,24.0,31.0,61.0,61.0,130.0,138.0,138.0,190.0,202.0,230.0,239.0,254.0,367.0,378.0,393.0,484.0,522.0,543.0,572.0,599.0,633.0,648.0,659.0,675.0,708.0,724.0,729.0,740.0,825.0,
30.0,45.0,107.0,114.0,124.0,135.0,201.0,270.0,284.0,290.0,374.0,391.0,454.0,455.0,458.0,481.0,506.0,576.0,581.0,687.0,726.0,734.0,825.0,840.0,841.0,847.0,847.0,922.0,923.0,
3.0,91.0,112.0,140.0,141.0,178.0,185.0,210.0,225.0,238.0,306.0,387.0,389.0,390.0,395.0,433.0,475.0,490.0,495.0,498.0,539.0,590.0,596.0,596.0,635.0,675.0,682.0,738.0,761.0,881.0,905.0,956.0,992.0,
5.0,17.0,67.0,79.0,88.0,98.0,179.0,215.0,229.0,285.0,302.0,334.0,353.0,376.0,383.0,418.0,419.0,450.0,483.0,488.0,505.0,517.0,554.0,571.0,612.0,623.0,654.0,663.0,687.0,765.0,780.0,785.0,828.0,855.0,896.0,907.0,912.0,990.0,992.0,
25.0,44.0,89.0,94.0,98.0,134.0,152.0,197.0,230.0,256.0,335.0,336.0,340.0,344.0,349.0,354.0,376.0,379.0,425.0,467.0,468.0,480.0,483.0,490.0,511.0,512.0,525.0,535.0,570.0,594.0,604.0,676.0,682.0,685.0,690.0,774.0,778.0,797.0,803.0,815.0,871.0,881.0,938.0,941.0,976.0,992.0,
19.0,24.0,24.0,81.0,86.0,142.0,168.0,184.0,234.0,242.0,251.0,293.0,305.0,318.0,330.0,401.0,412.0,421.0,430.0,442.0,458.0,484.0,493.0,497.0,498.0,498.0,573.0,589.0,643.0,718.0,738.0,751.0,778.0,816.0,827.0,848.0,860.0,862.0,877.0,881.0,895.0,902.0,937.0,947.0,950.0,997.0,
