32.0,32.0,36.0,39.0,54.0,79.0,87.0,93.0,138.0,194.0,204.0,295.0,374.0,503.0,527.0,534.0,566.0,618.0,623.0,647.0,670.0,705.0,715.0,735.0,746.0,842.0,865.0,872.0,901.0,914.0,927.0,934.0,948.0,960.0,990.0,
28.0,40.0,126.0,144.0,159.0,184.0,202.0,239.0,250.0,289.0,303.0,305.0,371.0,376.0,407.0,420.0,497.0,551.0,603.0,673.0,698.0,712.0,735.0,777.0,859.0,868.0,872.0,900.0,954.0,958.0,976.0,1000.0,
55.0,85.0,86.0,149.0,150.0,257.0,294.0,367.0,467.0,490.0,496.0,507.0,515.0,519.0,529.0,535.0,570.0,610.0,621.0,653.0,673.0,675.0,741.0,785.0,844.0,844.0,847.0,855.0,898.0,964.0,976.0,
15.0,21.0,29.0,51.0,54.0,84.0,87.0,98.0,116.0,137.0,146.0,229.0,235.0,272.0,278.0,285.0,286.0,298.0,301.0,323.0,326.0,327.0,401.0,416.0,419.0,429.0,450.0,462.0,472.0,493.0,527.0,535.0,545.0,590.0,592.0,605.0,632.0,647.0,671.0,674.0,689.0,699.0,705.0,713.0,730.0,756.0,819.0,830.0,892.0,920.0,932.0,947.0,950.0,975.0,
32.0,66.0,74.0,111.0,121.0,212.0,263.0,347.0,396.0,407.0,515.0,526.0,530.0,620.0,622.0,640.0,655.0,720.0,751.0,751.0,787.0,816.0,831.0,833.0,910.0,915.0,951.0,956.0,996.0,
14.0,16.0,37.0,40.0,40.0,64.0,93.0,123.0,166.0,175.0,176.0,197.0,230.0,284.0,319.0,345.0,360.0,411.0,412.0,420.0,482.0,484.0,551.0,615.0,615.0,636.0,653.0,665.0,678.0,691.0,728.0,730.0,731.0,782.0,790.0,808.0,877.0,883.0,937.0,978.0,
38.0,64.0,103.0,104.0,155.0,156.0,162.0,178.0,193.0,197.0,204.0,220.0,222.0,245.0,246.0,274.0,288.0,314.0,328.0,417.0,433.0,437.0,456.0,469.0,471.0,515.0,516.0,518.0,588.0,615.0,634.0,650.0,664.0,671.0,712.0,758.0,769.0,819.0,841.0,855.0,881.0,
35.0,58.0,95.0,116.0,144.0,149.0,152.0,155.0,172.0,184.0,221.0,229.0,249.0,280.0,283.0,312.0,315.0,432.0,506.0,615.0,628.0,638.0,768.0,780.0,804.0,831.0,846.0,863.0,863.0,925.0,932.0,945.0,962.0,987.0,998.0,
93.0,152.0,157.0,162.0,196.0,260.0,283.0,287.0,299.0,299.0,319.0,364.0,398.0,435.0,445.0,447.0,450.0,472.0,494.0,523.0,523.0,558.0,559.0,592.0,600.0,617.0,643.0,683.0,744.0,762.0,784.0,789.0,826.0,834.0,911.0,921.0,931.0,977.0,
94.0,210.0,227.0,229.0,251.0,340.0,346.0,405.0,415.0,442.0,454.0,480.0,518.0,520.0,563.0,593.0,594.0,657.0,657.0,658.0,675.0,807.0,813.0,816.0,817.0,858.0,866.0,876.0,952.0,965.0,
7.0,55.0,56.0,65.0,71.0,78.0,80.0,138.0,192.0,246.0,284.0,300.0,307.0,331.0,416.0,442.0,473.0,495.0,504.0,511.0,535.0,553.0,589.0,590.0,630.0,651.0,678.0,680.0,717.0,754.0,754.0,775.0,829.0,863.0,874.0,883.0,892.0,972.0,986.0,
47.0,63.0,100.0,207.0,215.0,350.0,350.0,464.0,469.0,470.0,533.0,544.0,551.0,618.0,624.0,638.0,649.0,715.0,717.0,791.0,814.0,824.0,830.0,854.0,950.0,958.0,961.0,982.0,999.0,
100.0,130.0,169.0,180.0,208.0,219.0,296.0,346.0,361.0,370.0,382.0,386.0,443.0,453.0,459.0,459.0,505.0,518.0,519.0,523.0,572.0,581.0,626.0,631.0,642.0,644.0,673.0,690.0,692.0,714.0,715.0,715.0,724.0,731.0,742.0,816.0,817.0,822.0,838.0,854.0,867.0,916.0,940.0,977.0,
175.0,184.0,186.0,197.0,235.0,235.0,237.0,238.0,254.0,255.0,265.0,276.0,303.0,326.0,344.0,361.0,391.0,433.0,443.0,455.0,465.0,481.0,483.0,503.0,509.0,576.0,581.0,602.0,614.0,688.0,697.0,825.0,840.0,850.0,876.0,892.0,911.0,923.0,946.0,954.0,964.0,991.0,
82.0,127.0,141.0,161.0,200.0,201.0,220.0,234.0,249.0,257.0,333.0,345.0,361.0,372.0,375.0,405.0,457.0,472.0,488.0,526.0,545.0,547.0,600.0,681.0,718.0,763.0,785.0,859.0,886.0,889.0,930.0,973.0,
21.0,21.0,53.0,72.0,84.0,91.0,107.0,155.0,231.0,235.0,242.0,309.0,310.0,339.0,350.0,361.0,379.0,385.0,403.0,430.0,484.0,542.0,546.0,577.0,622.0,735.0,753.0,873.0,899.0,934.0,946.0,989.0,995.0,996.0,
25.0,52.0,78.0,84.0,100.0,129.0,138.0,177.0,200.0,207.0,269.0,284.0,363.0,376.0,403.0,428.0,468.0,582.0,596.0,620.0,651.0,662.0,699.0,714.0,725.0,746.0,787.0,795.0,872.0,893.0,952.0,958.0,
13.0,36.0,51.0,111.0,116.0,142.0,147.0,191.0,203.0,204.0,208.0,225.0,236.0,241.0,251.0,276.0,277.0,308.0,332.0,350.0,352.0,357.0,395.0,440.0,448.0,474.0,481.0,494.0,503.0,518.0,543.0,563.0,565.0,603.0,641.0,674.0,733.0,741.0,749.0,754.0,762.0,776.0,789.0,811.0,813.0,824.0,842.0,853.0,872.0,895.0,925.0,979.0,
9.0,16.0,66.0,81.0,127.0,145.0,169.0,180.0,248.0,261.0,335.0,340.0,347.0,348.0,357.0,373.0,378.0,391.0,427.0,449.0,453.0,461.0,511.0,563.0,581.0,594.0,597.0,602.0,627.0,649.0,650.0,743.0,752.0,775.0,796.0,834.0,892.0,902.0,933.0,961.0,962.0,966.0,982.0,
60.0,63.0,89.0,105.0,204.0,211.0,295.0,299.0,306.0,314.0,320.0,326.0,335.0,369.0,372.0,400.0,429.0,455.0,483.0,488.0,519.0,536.0,542.0,557.0,614.0,616.0,627.0,640.0,644.0,648.0,683.0,717.0,721.0,723.0,759.0,771.0,802.0,815.0,818.0,821.0,828.0,866.0,907.0,920.0,965.0,974.0,
58.0,87.0,124.0,136.0,141.0,164.0,171.0,188.0,204.0,214.0,221.0,286.0,303.0,372.0,374.0,392.0,446.0,454.0,463.0,484.0,496.0,558.0,602.0,634.0,638.0,645.0,674.0,739.0,767.0,804.0,821.0,839.0,861.0,875.0,887.0,934.0,993.0,
139.0,164.0,187.0,243.0,294.0,332.0,349.0,373.0,438.0,438.0,453.0,501.0,510.0,556.0,576.0,585.0,601.0,639.0,654.0,676.0,689.0,716.0,811.0,817.0,826.0,904.0,
55.0,65.0,136.0,183.0,184.0,194.0,208.0,235.0,320.0,343.0,388.0,402.0,412.0,413.0,416.0,487.0,508.0,649.0,656.0,708.0,717.0,778.0,799.0,824.0,866.0,874.0,876.0,907.0,946.0,967.0,
2.0,23.0,26.0,44.0,45.0,67.0,92.0,148.0,168.0,195.0,235.0,315.0,317.0,324.0,346.0,363.0,376.0,387.0,488.0,489.0,524.0,593.0,612.0,630.0,647.0,703.0,729.0,736.0,808.0,840.0,
76.0,117.0,236.0,243.0,247.0,286.0,346.0,379.0,481.0,486.0,519.0,539.0,549.0,589.0,603.0,612.0,734.0,813.0,828.0,866.0,868.0,888.0,951.0,991.0,
8.0,9.0,54.0,64.0,69.0,99.0,118.0,152.0,169.0,191.0,216.0,254.0,257.0,276.0,278.0,285.0,305.0,324.0,326.0,356.0,367.0,393.0,408.0,409.0,413.0,447.0,492.0,513.0,567.0,601.0,623.0,635.0,739.0,846.0,875.0,889.0,898.0,900.0,906.0,950.0,966.0,
90.0,118.0,125.0,125.0,134.0,216.0,217.0,235.0,284.0,302.0,312.0,322.0,338.0,348.0,375.0,408.0,415.0,421.0,443.0,505.0,527.0,538.0,565.0,568.0,637.0,673.0,677.0,744.0,847.0,890.0,923.0,941.0,991.0,
32.0,41.0,43.0,67.0,73.0,171.0,227.0,248.0,259.0,264.0,283.0,293.0,299.0,332.0,335.0,373.0,377.0,395.0,417.0,418.0,509.0,531.0,581.0,617.0,664.0,678.0,704.0,720.0,720.0,742.0,785.0,798.0,814.0,983.0,985.0,
22.0,60.0,62.0,72.0,112.0,126.0,195.0,199.0,201.0,215.0,232.0,240.0,251.0,253.0,271.0,306.0,306.0,312.0,329.0,329.0,354.0,367.0,398.0,401.0,444.0,471.0,489.0,513.0,549.0,550.0,551.0,551.0,571.0,576.0,653.0,733.0,758.0,776.0,781.0,807.0,809.0,899.0,907.0,918.0,924.0,934.0,966.0,986.0,
32.0,76.0,98.0,171.0,190.0,191.0,223.0,315.0,334.0,353.0,354.0,408.0,412.0,429.0,439.0,462.0,486.0,510.0,558.0,563.0,566.0,571.0,574.0,601.0,612.0,625.0,625.0,643.0,688.0,709.0,715.0,778.0,826.0,829.0,846.0,858.0,861.0,909.0,919.0,922.0,942.0,974.0,
52.0,74.0,88.0,122.0,238.0,402.0,444.0,486.0,524.0,563.0,580.0,641.0,658.0,681.0,684.0,684.0,694.0,703.0,708.0,711.0,715.0,720.0,774.0,779.0,847.0,855.0,856.0,863.0,870.0,873.0,889.0,956.0,993.0,
7.0,44.0,68.0,105.0,134.0,160.0,161.0,227.0,254.0,319.0,321.0,356.0,360.0,364.0,380.0,394.0,395.0,439.0,451.0,460.0,461.0,462.0,464.0,535.0,538.0,568.0,571.0,573.0,579.0,599.0,621.0,628.0,658.0,735.0,782.0,811.0,825.0,829.0,838.0,840.0,961.0,964.0,
57.0,57.0,60.0,62.0,99.0,108.0,158.0,158.0,205.0,234.0,284.0,425.0,432.0,479.0,482.0,485.0,505.0,511.0,570.0,590.0,643.0,648.0,680.0,692.0,729.0,753.0,779.0,781.0,842.0,863.0,872.0,934.0,974.0,
40.0,62.0,82.0,93.0,111.0,135.0,204.0,216.0,225.0,245.0,268.0,294.0,295.0,356.0,386.0,450.0,457.0,492.0,497.0,523.0,525.0,547.0,555.0,595.0,612.0,613.0,663.0,675.0,678.0,714.0,832.0,847.0,976.0,
46.0,102.0,117.0,120.0,124.0,132.0,168.0,188.0,239.0,243.0,263.0,276.0,334.0,340.0,351.0,430.0,488.0,488.0,490.0,504.0,521.0,527.0,535.0,577.0,584.0,589.0,592.0,594.0,594.0,597.0,598.0,613.0,636.0,638.0,644.0,646.0,650.0,651.0,654.0,654.0,654.0,675.0,703.0,720.0,741.0,774.0,779.0,816.0,851.0,871.0,922.0,934.0,937.0,940.0,949.0,985.0,
26.0,82.0,157.0,158.0,171.0,174.0,204.0,231.0,249.0,285.0,319.0,325.0,365.0,422.0,422.0,446.0,496.0,499.0,508.0,518.0,523.0,526.0,538.0,538.0,541.0,544.0,544.0,544.0,547.0,549.0,554.0,583.0,584.0,596.0,597.0,598.0,600.0,611.0,612.0,615.0,619.0,623.0,664.0,680.0,689.0,706.0,710.0,714.0,717.0,727.0,753.0,758.0,777.0,780.0,786.0,795.0,812.0,843.0,872.0,898.0,905.0,921.0,937.0,952.0,959.0,973.0,974.0,979.0,
12.0,42.0,61.0,67.0,158.0,167.0,172.0,233.0,237.0,270.0,279.0,311.0,352.0,386.0,388.0,409.0,456.0,462.0,489.0,507.0,528.0,538.0,571.0,574.0,579.0,583.0,589.0,594.0,607.0,609.0,613.0,643.0,657.0,679.0,706.0,706.0,710.0,710.0,723.0,726.0,765.0,769.0,774.0,799.0,844.0,852.0,868.0,878.0,901.0,921.0,948.0,961.0,971.0,997.0,
16.0,20.0,20.0,32.0,56.0,64.0,83.0,96.0,171.0,198.0,310.0,386.0,391.0,411.0,429.0,438.0,487.0,501.0,519.0,562.0,609.0,617.0,697.0,707.0,711.0,724.0,771.0,802.0,886.0,989.0,
11.0,34.0,105.0,107.0,143.0,183.0,234.0,280.0,293.0,294.0,299.0,300.0,306.0,310.0,321.0,356.0,362.0,379.0,387.0,414.0,418.0,445.0,471.0,494.0,504.0,517.0,604.0,679.0,769.0,794.0,796.0,853.0,854.0,879.0,914.0,935.0,976.0,
83.0,104.0,120.0,125.0,144.0,154.0,155.0,179.0,232.0,241.0,241.0,276.0,290.0,314.0,314.0,314.0,316.0,378.0,449.0,478.0,497.0,534.0,535.0,560.0,636.0,648.0,693.0,702.0,735.0,747.0,796.0,808.0,857.0,888.0,940.0,
41.0,84.0,113.0,138.0,148.0,194.0,205.0,220.0,226.0,316.0,354.0,394.0,396.0,443.0,468.0,468.0,493.0,569.0,596.0,633.0,644.0,697.0,705.0,707.0,735.0,775.0,831.0,853.0,860.0,903.0,910.0,
14.0,115.0,119.0,144.0,157.0,177.0,207.0,223.0,232.0,232.0,249.0,252.0,259.0,259.0,260.0,312.0,315.0,436.0,446.0,516.0,528.0,535.0,543.0,564.0,567.0,668.0,793.0,798.0,830.0,890.0,898.0,903.0,929.0,
6.0,29.0,61.0,112.0,134.0,156.0,161.0,187.0,250.0,266.0,266.0,267.0,273.0,350.0,354.0,392.0,409.0,462.0,499.0,507.0,552.0,665.0,714.0,738.0,828.0,834.0,845.0,856.0,915.0,926.0,
3.0,9.0,67.0,128.0,142.0,181.0,207.0,231.0,236.0,263.0,312.0,323.0,330.0,339.0,346.0,358.0,368.0,430.0,476.0,512.0,529.0,546.0,554.0,559.0,570.0,609.0,619.0,637.0,647.0,698.0,713.0,736.0,737.0,742.0,764.0,773.0,807.0,824.0,830.0,920.0,922.0,948.0,952.0,967.0,996.0,999.0,
3.0,75.0,105.0,131.0,133.0,141.0,179.0,186.0,197.0,232.0,235.0,262.0,292.0,301.0,315.0,346.0,351.0,352.0,366.0,379.0,396.0,402.0,409.0,493.0,504.0,513.0,519.0,525.0,532.0,547.0,550.0,556.0,559.0,570.0,572.0,573.0,576.0,592.0,596.0,597.0,618.0,625.0,633.0,645.0,664.0,676.0,684.0,689.0,696.0,701.0,723.0,742.0,742.0,753.0,767.0,780.0,783.0,792.0,795.0,802.0,814.0,838.0,852.0,856.0,861.0,876.0,878.0,917.0,918.0,923.0,933.0,937.0,966.0,
18.0,57.0,72.0,97.0,120.0,123.0,125.0,182.0,213.0,220.0,262.0,306.0,312.0,363.0,375.0,377.0,396.0,445.0,534.0,537.0,538.0,544.0,547.0,552.0,553.0,554.0,560.0,561.0,562.0,564.0,567.0,567.0,582.0,583.0,602.0,605.0,606.0,607.0,616.0,618.0,620.0,626.0,629.0,630.0,631.0,643.0,656.0,670.0,740.0,743.0,771.0,789.0,817.0,825.0,842.0,859.0,872.0,909.0,910.0,916.0,923.0,926.0,933.0,947.0,952.0,987.0,
8.0,28.0,46.0,48.0,173.0,187.0,187.0,239.0,261.0,276.0,301.0,426.0,435.0,458.0,479.0,482.0,520.0,522.0,528.0,535.0,536.0,553.0,559.0,566.0,576.0,584.0,586.0,596.0,601.0,601.0,622.0,626.0,629.0,630.0,639.0,644.0,647.0,651.0,655.0,658.0,661.0,661.0,665.0,688.0,713.0,732.0,734.0,755.0,758.0,766.0,789.0,792.0,793.0,794.0,802.0,816.0,840.0,844.0,857.0,859.0,907.0,921.0,924.0,927.0,936.0,938.0,949.0,971.0,984.0,988.0,
21.0,77.0,78.0,80.0,109.0,130.0,237.0,239.0,386.0,392.0,393.0,399.0,433.0,464.0,499.0,501.0,510.0,514.0,515.0,520.0,523.0,531.0,532.0,537.0,541.0,545.0,547.0,567.0,584.0,608.0,613.0,621.0,643.0,651.0,691.0,729.0,732.0,738.0,741.0,741.0,767.0,773.0,790.0,800.0,820.0,824.0,826.0,831.0,842.0,870.0,883.0,896.0,910.0,926.0,939.0,949.0,950.0,954.0,955.0,974.0,976.0,991.0,998.0,
10.0,27.0,49.0,189.0,206.0,246.0,264.0,291.0,292.0,297.0,299.0,299.0,311.0,354.0,476.0,530.0,534.0,547.0,569.0,601.0,624.0,628.0,639.0,671.0,772.0,847.0,877.0,920.0,950.0,960.0,982.0,
18.0,22.0,28.0,40.0,53.0,86.0,90.0,132.0,135.0,182.0,193.0,195.0,219.0,278.0,282.0,311.0,316.0,353.0,382.0,445.0,454.0,463.0,478.0,478.0,485.0,494.0,548.0,602.0,607.0,611.0,657.0,691.0,743.0,762.0,866.0,872.0,874.0,876.0,968.0,
52.0,79.0,98.0,102.0,188.0,207.0,218.0,245.0,257.0,274.0,332.0,353.0,403.0,431.0,455.0,483.0,491.0,512.0,558.0,616.0,619.0,634.0,641.0,656.0,718.0,843.0,844.0,867.0,888.0,914.0,928.0,936.0,968.0,
40.0,73.0,185.0,231.0,237.0,248.0,264.0,273.0,273.0,320.0,366.0,381.0,462.0,486.0,527.0,558.0,565.0,603.0,718.0,735.0,740.0,746.0,775.0,784.0,838.0,853.0,854.0,876.0,878.0,889.0,936.0,
30.0,92.0,96.0,99.0,210.0,224.0,227.0,291.0,291.0,298.0,325.0,465.0,501.0,533.0,542.0,554.0,554.0,741.0,748.0,850.0,880.0,892.0,929.0,
11.0,86.0,104.0,120.0,152.0,171.0,192.0,209.0,239.0,241.0,242.0,255.0,350.0,372.0,418.0,442.0,457.0,460.0,491.0,516.0,519.0,526.0,529.0,533.0,537.0,537.0,542.0,543.0,546.0,549.0,552.0,591.0,599.0,607.0,613.0,621.0,647.0,659.0,659.0,674.0,675.0,686.0,687.0,707.0,720.0,730.0,756.0,768.0,788.0,837.0,854.0,889.0,895.0,905.0,915.0,926.0,940.0,944.0,971.0,974.0,994.0,
41.0,138.0,154.0,198.0,222.0,266.0,281.0,282.0,313.0,314.0,356.0,376.0,427.0,463.0,495.0,530.0,530.0,532.0,536.0,536.0,540.0,541.0,545.0,545.0,550.0,552.0,553.0,565.0,583.0,594.0,601.0,603.0,634.0,663.0,672.0,698.0,710.0,748.0,766.0,798.0,805.0,810.0,823.0,832.0,840.0,841.0,844.0,858.0,858.0,894.0,912.0,934.0,988.0,
5.0,6.0,27.0,55.0,66.0,72.0,77.0,131.0,142.0,143.0,163.0,192.0,291.0,293.0,329.0,338.0,362.0,369.0,381.0,381.0,383.0,387.0,415.0,421.0,437.0,458.0,470.0,486.0,525.0,528.0,531.0,533.0,535.0,538.0,541.0,542.0,544.0,547.0,548.0,555.0,562.0,563.0,575.0,577.0,577.0,577.0,582.0,582.0,584.0,599.0,611.0,615.0,617.0,618.0,621.0,622.0,627.0,628.0,636.0,648.0,659.0,672.0,679.0,680.0,696.0,697.0,703.0,710.0,713.0,731.0,768.0,774.0,787.0,795.0,795.0,829.0,880.0,882.0,916.0,916.0,959.0,964.0,981.0,984.0,
75.0,86.0,99.0,118.0,122.0,265.0,290.0,290.0,294.0,299.0,384.0,466.0,480.0,498.0,513.0,514.0,517.0,529.0,540.0,550.0,554.0,561.0,577.0,579.0,581.0,584.0,589.0,596.0,605.0,618.0,622.0,622.0,627.0,636.0,641.0,655.0,668.0,675.0,681.0,710.0,711.0,731.0,747.0,750.0,750.0,753.0,758.0,762.0,770.0,771.0,814.0,844.0,848.0,860.0,861.0,869.0,890.0,907.0,921.0,923.0,976.0,987.0,990.0,992.0,
3.0,27.0,39.0,80.0,96.0,97.0,158.0,163.0,211.0,261.0,307.0,323.0,371.0,382.0,391.0,424.0,457.0,498.0,515.0,519.0,524.0,526.0,527.0,534.0,540.0,548.0,553.0,555.0,563.0,572.0,577.0,580.0,588.0,597.0,600.0,601.0,609.0,612.0,621.0,634.0,639.0,639.0,657.0,689.0,694.0,720.0,721.0,726.0,767.0,771.0,780.0,784.0,791.0,850.0,855.0,867.0,879.0,880.0,884.0,896.0,909.0,931.0,957.0,958.0,975.0,998.0,
30.0,31.0,34.0,148.0,151.0,155.0,231.0,237.0,242.0,269.0,402.0,458.0,491.0,495.0,498.0,505.0,583.0,683.0,705.0,710.0,802.0,804.0,813.0,821.0,
5.0,27.0,49.0,144.0,206.0,224.0,309.0,319.0,357.0,387.0,416.0,429.0,434.0,446.0,545.0,550.0,558.0,568.0,590.0,622.0,628.0,662.0,666.0,669.0,681.0,695.0,723.0,750.0,769.0,770.0,781.0,807.0,839.0,840.0,924.0,944.0,958.0,985.0,990.0,
16.0,20.0,54.0,65.0,70.0,122.0,134.0,173.0,180.0,182.0,290.0,291.0,306.0,315.0,344.0,347.0,373.0,384.0,488.0,502.0,522.0,541.0,564.0,592.0,596.0,608.0,679.0,689.0,699.0,718.0,726.0,729.0,744.0,766.0,774.0,784.0,785.0,797.0,799.0,813.0,829.0,869.0,935.0,980.0,994.0,
85.0,104.0,111.0,116.0,119.0,146.0,156.0,161.0,163.0,214.0,235.0,245.0,250.0,253.0,273.0,290.0,295.0,306.0,329.0,375.0,401.0,408.0,411.0,415.0,432.0,439.0,444.0,510.0,542.0,549.0,553.0,602.0,610.0,619.0,735.0,796.0,806.0,807.0,
10.0,16.0,25.0,44.0,57.0,95.0,155.0,160.0,198.0,235.0,276.0,292.0,307.0,307.0,316.0,396.0,429.0,430.0,474.0,478.0,704.0,706.0,717.0,804.0,806.0,842.0,851.0,875.0,927.0,953.0,980.0,
28.0,31.0,61.0,137.0,153.0,157.0,160.0,171.0,180.0,216.0,294.0,331.0,369.0,378.0,383.0,386.0,395.0,420.0,440.0,516.0,521.0,525.0,537.0,538.0,541.0,543.0,544.0,555.0,558.0,565.0,567.0,568.0,570.0,578.0,580.0,582.0,583.0,597.0,626.0,627.0,628.0,630.0,644.0,659.0,663.0,667.0,668.0,683.0,709.0,725.0,737.0,744.0,804.0,819.0,840.0,865.0,868.0,892.0,903.0,909.0,934.0,939.0,980.0,986.0,994.0,
60.0,98.0,113.0,173.0,202.0,212.0,250.0,294.0,328.0,349.0,394.0,415.0,425.0,495.0,515.0,517.0,517.0,531.0,539.0,541.0,542.0,545.0,545.0,547.0,548.0,552.0,553.0,554.0,556.0,557.0,561.0,565.0,570.0,571.0,588.0,588.0,590.0,590.0,592.0,602.0,605.0,617.0,617.0,620.0,623.0,627.0,664.0,667.0,667.0,670.0,677.0,684.0,690.0,699.0,710.0,758.0,771.0,834.0,879.0,915.0,920.0,923.0,924.0,925.0,925.0,930.0,933.0,933.0,937.0,959.0,960.0,964.0,964.0,977.0,985.0,
45.0,53.0,71.0,83.0,107.0,134.0,139.0,141.0,154.0,172.0,198.0,229.0,355.0,382.0,383.0,409.0,423.0,444.0,447.0,466.0,496.0,502.0,518.0,521.0,525.0,532.0,533.0,535.0,541.0,542.0,546.0,551.0,553.0,554.0,556.0,566.0,568.0,574.0,577.0,577.0,579.0,581.0,581.0,583.0,588.0,589.0,591.0,596.0,598.0,602.0,605.0,606.0,609.0,619.0,638.0,641.0,646.0,670.0,672.0,676.0,680.0,698.0,699.0,710.0,715.0,733.0,789.0,790.0,792.0,803.0,817.0,832.0,836.0,868.0,874.0,890.0,907.0,932.0,955.0,980.0,995.0,
67.0,86.0,121.0,188.0,191.0,203.0,290.0,382.0,387.0,466.0,513.0,516.0,521.0,526.0,536.0,537.0,538.0,545.0,545.0,547.0,548.0,557.0,561.0,573.0,582.0,597.0,607.0,610.0,616.0,634.0,644.0,646.0,661.0,665.0,670.0,685.0,690.0,691.0,705.0,706.0,708.0,716.0,717.0,719.0,726.0,766.0,770.0,776.0,777.0,780.0,781.0,786.0,806.0,820.0,835.0,863.0,863.0,881.0,896.0,905.0,910.0,916.0,930.0,955.0,955.0,957.0,981.0,
19.0,72.0,118.0,129.0,136.0,254.0,285.0,289.0,313.0,335.0,353.0,404.0,416.0,426.0,435.0,451.0,515.0,520.0,538.0,539.0,542.0,559.0,575.0,577.0,582.0,585.0,588.0,604.0,631.0,652.0,653.0,667.0,680.0,683.0,703.0,724.0,726.0,752.0,763.0,766.0,827.0,835.0,836.0,850.0,902.0,917.0,953.0,994.0,
16.0,41.0,59.0,67.0,89.0,174.0,243.0,260.0,348.0,354.0,382.0,382.0,409.0,415.0,491.0,564.0,790.0,864.0,903.0,939.0,940.0,990.0,
114.0,149.0,153.0,159.0,159.0,173.0,208.0,258.0,266.0,279.0,311.0,340.0,362.0,364.0,398.0,403.0,412.0,421.0,441.0,463.0,465.0,466.0,509.0,539.0,604.0,608.0,610.0,671.0,740.0,743.0,843.0,863.0,884.0,908.0,913.0,929.0,964.0,991.0,
20.0,63.0,64.0,67.0,70.0,73.0,87.0,101.0,116.0,149.0,195.0,195.0,225.0,293.0,332.0,355.0,370.0,404.0,415.0,482.0,490.0,494.0,536.0,541.0,543.0,583.0,627.0,645.0,657.0,676.0,699.0,728.0,729.0,732.0,744.0,756.0,790.0,837.0,848.0,888.0,890.0,896.0,905.0,914.0,952.0,997.0,
8.0,23.0,26.0,37.0,119.0,134.0,140.0,174.0,198.0,199.0,201.0,241.0,375.0,400.0,403.0,435.0,503.0,515.0,523.0,528.0,566.0,579.0,588.0,594.0,594.0,605.0,620.0,657.0,731.0,731.0,747.0,776.0,822.0,867.0,912.0,
22.0,83.0,93.0,99.0,121.0,132.0,248.0,252.0,259.0,262.0,275.0,296.0,396.0,416.0,419.0,433.0,450.0,486.0,522.0,530.0,546.0,560.0,563.0,580.0,617.0,655.0,675.0,681.0,684.0,697.0,712.0,741.0,752.0,818.0,872.0,
20.0,32.0,51.0,79.0,97.0,136.0,140.0,177.0,197.0,209.0,216.0,222.0,229.0,229.0,333.0,333.0,361.0,408.0,424.0,433.0,435.0,476.0,478.0,512.0,517.0,528.0,549.0,556.0,600.0,625.0,664.0,719.0,732.0,968.0,988.0,1000.0,
15.0,81.0,103.0,148.0,185.0,228.0,242.0,249.0,262.0,336.0,339.0,361.0,364.0,408.0,439.0,458.0,482.0,504.0,521.0,521.0,524.0,531.0,538.0,539.0,543.0,551.0,568.0,579.0,591.0,596.0,598.0,603.0,611.0,619.0,624.0,631.0,681.0,687.0,729.0,743.0,752.0,760.0,761.0,806.0,812.0,827.0,845.0,862.0,916.0,931.0,931.0,936.0,942.0,954.0,977.0,992.0,
123.0,157.0,191.0,208.0,222.0,303.0,307.0,316.0,326.0,336.0,354.0,400.0,402.0,449.0,470.0,481.0,498.0,526.0,531.0,532.0,539.0,546.0,550.0,550.0,571.0,604.0,624.0,634.0,636.0,657.0,664.0,672.0,679.0,683.0,685.0,694.0,698.0,715.0,720.0,721.0,722.0,726.0,730.0,745.0,777.0,792.0,793.0,794.0,809.0,811.0,834.0,838.0,865.0,881.0,894.0,902.0,927.0,928.0,951.0,954.0,954.0,994.0,
5.0,72.0,200.0,227.0,258.0,283.0,349.0,377.0,415.0,429.0,451.0,451.0,465.0,492.0,497.0,533.0,539.0,561.0,572.0,582.0,593.0,595.0,609.0,615.0,615.0,616.0,617.0,627.0,642.0,663.0,666.0,704.0,731.0,738.0,741.0,741.0,792.0,806.0,840.0,854.0,862.0,866.0,883.0,893.0,911.0,918.0,918.0,923.0,927.0,943.0,944.0,956.0,995.0,
19.0,29.0,35.0,70.0,95.0,108.0,115.0,129.0,241.0,256.0,277.0,280.0,310.0,328.0,366.0,366.0,386.0,387.0,396.0,400.0,413.0,425.0,446.0,468.0,478.0,490.0,497.0,516.0,550.0,550.0,573.0,645.0,767.0,834.0,840.0,906.0,937.0,940.0,943.0,1000.0,
10.0,91.0,92.0,140.0,157.0,185.0,300.0,325.0,347.0,366.0,407.0,412.0,579.0,624.0,631.0,708.0,780.0,816.0,855.0,875.0,937.0,
17.0,52.0,77.0,88.0,159.0,161.0,191.0,247.0,261.0,282.0,288.0,301.0,342.0,345.0,364.0,366.0,381.0,508.0,546.0,586.0,622.0,624.0,632.0,660.0,682.0,690.0,691.0,699.0,710.0,818.0,860.0,884.0,924.0,942.0,957.0,970.0,981.0,
19.0,29.0,39.0,41.0,85.0,192.0,210.0,243.0,252.0,267.0,292.0,316.0,319.0,351.0,360.0,386.0,397.0,426.0,438.0,501.0,503.0,505.0,509.0,593.0,603.0,624.0,641.0,649.0,737.0,741.0,744.0,744.0,830.0,855.0,895.0,899.0,911.0,946.0,973.0,981.0,992.0,
17.0,20.0,33.0,107.0,135.0,196.0,224.0,239.0,262.0,321.0,336.0,422.0,462.0,467.0,482.0,508.0,515.0,520.0,596.0,660.0,668.0,669.0,684.0,697.0,705.0,763.0,854.0,869.0,877.0,888.0,920.0,940.0,965.0,980.0,981.0,995.0,
5.0,21.0,37.0,55.0,56.0,61.0,67.0,92.0,101.0,115.0,135.0,143.0,157.0,170.0,185.0,240.0,254.0,270.0,275.0,289.0,335.0,383.0,402.0,411.0,435.0,476.0,477.0,509.0,514.0,533.0,539.0,550.0,699.0,728.0,758.0,862.0,863.0,864.0,899.0,910.0,940.0,955.0,964.0,969.0,972.0,
86.0,89.0,159.0,159.0,168.0,185.0,193.0,216.0,252.0,267.0,272.0,284.0,309.0,320.0,351.0,353.0,358.0,378.0,422.0,428.0,442.0,450.0,456.0,500.0,584.0,595.0,623.0,636.0,638.0,662.0,668.0,696.0,704.0,714.0,724.0,745.0,776.0,792.0,849.0,902.0,904.0,934.0,956.0,957.0,966.0,
25.0,45.0,67.0,100.0,114.0,135.0,136.0,150.0,157.0,174.0,177.0,183.0,200.0,204.0,270.0,281.0,293.0,320.0,397.0,408.0,416.0,447.0,469.0,552.0,645.0,679.0,774.0,804.0,840.0,846.0,903.0,988.0,
73.0,175.0,187.0,197.0,359.0,394.0,443.0,445.0,447.0,497.0,523.0,525.0,529.0,535.0,556.0,575.0,619.0,645.0,647.0,698.0,740.0,753.0,780.0,796.0,915.0,932.0,
7.0,48.0,61.0,79.0,82.0,96.0,125.0,200.0,213.0,225.0,240.0,290.0,338.0,428.0,473.0,480.0,491.0,547.0,550.0,680.0,719.0,726.0,735.0,754.0,864.0,885.0,892.0,964.0,969.0,
19.0,60.0,62.0,137.0,145.0,219.0,244.0,245.0,250.0,272.0,272.0,309.0,316.0,372.0,379.0,394.0,409.0,423.0,575.0,634.0,646.0,662.0,689.0,711.0,726.0,738.0,746.0,763.0,789.0,803.0,834.0,883.0,940.0,956.0,961.0,979.0,
54.0,69.0,84.0,165.0,184.0,234.0,259.0,269.0,298.0,307.0,309.0,364.0,372.0,383.0,404.0,410.0,424.0,448.0,454.0,457.0,526.0,531.0,538.0,575.0,610.0,627.0,634.0,648.0,653.0,685.0,698.0,701.0,748.0,762.0,789.0,831.0,836.0,865.0,874.0,874.0,979.0,982.0,
11.0,31.0,32.0,51.0,55.0,84.0,112.0,122.0,139.0,141.0,208.0,233.0,258.0,262.0,313.0,382.0,385.0,414.0,436.0,446.0,491.0,493.0,502.0,555.0,557.0,608.0,610.0,629.0,721.0,722.0,737.0,798.0,887.0,933.0,950.0,983.0,
8.0,70.0,96.0,113.0,133.0,151.0,221.0,267.0,268.0,271.0,275.0,285.0,308.0,317.0,319.0,326.0,370.0,384.0,387.0,436.0,442.0,443.0,455.0,522.0,532.0,547.0,554.0,570.0,583.0,605.0,615.0,669.0,741.0,749.0,788.0,805.0,829.0,841.0,930.0,938.0,
4.0,45.0,63.0,65.0,106.0,109.0,140.0,178.0,199.0,226.0,288.0,367.0,400.0,419.0,422.0,423.0,448.0,458.0,459.0,529.0,534.0,537.0,564.0,585.0,596.0,616.0,633.0,655.0,672.0,673.0,700.0,712.0,741.0,800.0,855.0,863.0,897.0,903.0,
18.0,41.0,53.0,65.0,107.0,112.0,132.0,138.0,148.0,227.0,237.0,271.0,275.0,313.0,332.0,345.0,359.0,362.0,369.0,406.0,435.0,439.0,455.0,483.0,484.0,510.0,585.0,599.0,620.0,623.0,692.0,736.0,756.0,757.0,764.0,773.0,793.0,858.0,877.0,879.0,900.0,917.0,
26.0,61.0,194.0,235.0,261.0,290.0,295.0,343.0,382.0,398.0,407.0,450.0,458.0,496.0,500.0,515.0,546.0,581.0,607.0,653.0,672.0,693.0,761.0,777.0,796.0,814.0,826.0,846.0,853.0,888.0,901.0,903.0,932.0,968.0,982.0,982.0,
29.0,46.0,60.0,88.0,105.0,123.0,145.0,214.0,224.0,225.0,271.0,272.0,273.0,292.0,378.0,383.0,404.0,415.0,458.0,462.0,463.0,480.0,495.0,497.0,531.0,589.0,605.0,645.0,683.0,714.0,725.0,793.0,796.0,816.0,835.0,847.0,847.0,860.0,889.0,915.0,938.0,960.0,962.0,975.0,984.0,991.0,998.0,
62.0,63.0,68.0,90.0,103.0,137.0,157.0,217.0,312.0,319.0,320.0,327.0,382.0,390.0,399.0,442.0,445.0,495.0,525.0,562.0,589.0,599.0,603.0,604.0,634.0,644.0,657.0,734.0,810.0,818.0,888.0,892.0,959.0,
24.0,28.0,29.0,35.0,79.0,85.0,97.0,145.0,164.0,176.0,204.0,240.0,240.0,257.0,314.0,329.0,342.0,356.0,358.0,411.0,445.0,483.0,485.0,510.0,546.0,617.0,639.0,645.0,646.0,697.0,762.0,805.0,924.0,978.0,984.0,985.0,994.0,
56.0,76.0,191.0,214.0,231.0,310.0,330.0,384.0,433.0,433.0,452.0,473.0,518.0,526.0,532.0,535.0,569.0,633.0,655.0,708.0,746.0,747.0,769.0,783.0,784.0,808.0,828.0,828.0,835.0,843.0,859.0,865.0,902.0,
8.0,10.0,40.0,86.0,143.0,159.0,174.0,214.0,261.0,337.0,367.0,415.0,468.0,569.0,582.0,601.0,614.0,636.0,740.0,741.0,742.0,802.0,877.0,886.0,888.0,915.0,955.0,
2.0,30.0,38.0,63.0,74.0,107.0,108.0,137.0,185.0,221.0,279.0,301.0,320.0,328.0,336.0,386.0,439.0,490.0,534.0,550.0,585.0,608.0,612.0,647.0,655.0,656.0,700.0,709.0,731.0,756.0,797.0,809.0,822.0,822.0,896.0,912.0,915.0,915.0,925.0,955.0,978.0,981.0,988.0,
