28.0,32.0,97.0,98.0,168.0,189.0,206.0,212.0,243.0,284.0,314.0,330.0,372.0,382.0,401.0,417.0,466.0,475.0,516.0,518.0,519.0,537.0,642.0,651.0,767.0,797.0,909.0,926.0,944.0,951.0,954.0,
12.0,21.0,114.0,122.0,151.0,194.0,206.0,224.0,227.0,290.0,292.0,308.0,311.0,325.0,381.0,383.0,385.0,435.0,443.0,457.0,463.0,527.0,555.0,577.0,592.0,655.0,662.0,708.0,709.0,713.0,754.0,755.0,760.0,762.0,818.0,878.0,887.0,907.0,913.0,937.0,963.0,986.0,
10.0,23.0,102.0,128.0,135.0,190.0,218.0,220.0,265.0,270.0,271.0,289.0,290.0,291.0,352.0,383.0,383.0,389.0,408.0,427.0,429.0,454.0,504.0,528.0,542.0,543.0,545.0,574.0,575.0,719.0,734.0,748.0,767.0,829.0,861.0,874.0,881.0,905.0,908.0,951.0,956.0,
112.0,114.0,172.0,218.0,270.0,284.0,296.0,303.0,343.0,345.0,438.0,438.0,473.0,483.0,492.0,531.0,560.0,568.0,572.0,639.0,665.0,734.0,748.0,768.0,806.0,825.0,826.0,840.0,871.0,878.0,894.0,894.0,964.0,977.0,
8.0,26.0,31.0,116.0,129.0,178.0,201.0,230.0,344.0,347.0,360.0,405.0,472.0,486.0,495.0,510.0,540.0,546.0,556.0,597.0,608.0,723.0,761.0,761.0,771.0,786.0,794.0,816.0,893.0,909.0,929.0,942.0,963.0,977.0,988.0,
14.0,47.0,71.0,146.0,191.0,213.0,222.0,240.0,248.0,266.0,297.0,305.0,323.0,338.0,413.0,447.0,463.0,500.0,533.0,541.0,585.0,605.0,629.0,781.0,783.0,802.0,814.0,823.0,842.0,844.0,892.0,911.0,951.0,964.0,977.0,
16.0,87.0,103.0,147.0,203.0,251.0,258.0,262.0,279.0,293.0,320.0,351.0,353.0,359.0,361.0,390.0,426.0,503.0,624.0,625.0,651.0,674.0,676.0,681.0,712.0,718.0,735.0,737.0,744.0,752.0,896.0,898.0,922.0,948.0,952.0,985.0,
77.0,81.0,102.0,114.0,257.0,375.0,412.0,424.0,462.0,529.0,549.0,587.0,632.0,644.0,660.0,664.0,670.0,671.0,688.0,695.0,736.0,752.0,846.0,872.0,923.0,946.0,981.0,994.0,999.0,
46.0,93.0,188.0,193.0,214.0,223.0,262.0,267.0,267.0,282.0,289.0,290.0,299.0,344.0,348.0,348.0,373.0,380.0,429.0,455.0,455.0,505.0,523.0,546.0,556.0,567.0,581.0,585.0,608.0,629.0,653.0,695.0,727.0,740.0,743.0,758.0,761.0,762.0,769.0,788.0,793.0,824.0,834.0,857.0,864.0,887.0,895.0,898.0,909.0,927.0,929.0,964.0,979.0,988.0,
17.0,27.0,39.0,59.0,70.0,78.0,89.0,122.0,153.0,155.0,174.0,199.0,260.0,279.0,290.0,299.0,338.0,367.0,417.0,480.0,496.0,503.0,546.0,587.0,602.0,653.0,668.0,674.0,677.0,692.0,698.0,763.0,775.0,832.0,865.0,886.0,896.0,897.0,930.0,942.0,959.0,
68.0,83.0,140.0,272.0,278.0,319.0,332.0,350.0,359.0,402.0,460.0,487.0,487.0,530.0,567.0,615.0,639.0,668.0,677.0,707.0,723.0,746.0,766.0,809.0,851.0,860.0,863.0,867.0,917.0,931.0,952.0,952.0,
5.0,11.0,17.0,23.0,108.0,253.0,279.0,307.0,329.0,388.0,414.0,447.0,449.0,497.0,540.0,556.0,567.0,573.0,582.0,658.0,662.0,682.0,736.0,744.0,785.0,811.0,824.0,869.0,889.0,950.0,953.0,980.0,
37.0,80.0,136.0,157.0,161.0,171.0,230.0,243.0,266.0,286.0,322.0,398.0,403.0,436.0,485.0,496.0,588.0,604.0,606.0,623.0,642.0,678.0,744.0,760.0,797.0,816.0,874.0,975.0,977.0,
22.0,27.0,31.0,33.0,50.0,114.0,174.0,181.0,239.0,246.0,269.0,275.0,318.0,373.0,464.0,529.0,564.0,574.0,696.0,704.0,709.0,737.0,784.0,851.0,890.0,895.0,919.0,960.0,985.0,994.0,
22.0,61.0,69.0,73.0,76.0,95.0,151.0,225.0,352.0,375.0,410.0,425.0,465.0,535.0,543.0,570.0,622.0,708.0,718.0,737.0,746.0,748.0,759.0,822.0,843.0,853.0,865.0,911.0,914.0,967.0,970.0,976.0,
4.0,8.0,21.0,27.0,44.0,112.0,126.0,131.0,266.0,314.0,317.0,322.0,349.0,381.0,396.0,461.0,464.0,473.0,474.0,481.0,540.0,583.0,692.0,713.0,716.0,736.0,756.0,822.0,829.0,904.0,911.0,935.0,
26.0,43.0,103.0,130.0,144.0,148.0,206.0,252.0,338.0,364.0,406.0,427.0,440.0,441.0,457.0,460.0,483.0,483.0,544.0,561.0,575.0,604.0,607.0,620.0,651.0,677.0,678.0,699.0,731.0,761.0,811.0,828.0,840.0,845.0,856.0,931.0,960.0,
37.0,43.0,84.0,174.0,190.0,208.0,235.0,255.0,300.0,371.0,415.0,445.0,487.0,496.0,505.0,511.0,516.0,524.0,544.0,551.0,567.0,583.0,607.0,749.0,821.0,837.0,838.0,879.0,883.0,894.0,904.0,971.0,
30.0,61.0,74.0,113.0,176.0,187.0,200.0,240.0,256.0,303.0,317.0,322.0,325.0,380.0,454.0,466.0,478.0,545.0,546.0,546.0,589.0,597.0,612.0,631.0,633.0,641.0,657.0,657.0,709.0,737.0,765.0,769.0,842.0,848.0,852.0,857.0,877.0,905.0,914.0,928.0,996.0,
32.0,48.0,111.0,129.0,135.0,171.0,228.0,268.0,271.0,275.0,287.0,303.0,321.0,334.0,379.0,379.0,385.0,447.0,449.0,465.0,495.0,502.0,516.0,530.0,563.0,591.0,593.0,606.0,636.0,671.0,695.0,712.0,717.0,774.0,811.0,839.0,874.0,896.0,916.0,944.0,983.0,995.0,
29.0,38.0,54.0,66.0,76.0,86.0,178.0,214.0,249.0,335.0,336.0,338.0,350.0,358.0,366.0,382.0,449.0,504.0,514.0,521.0,614.0,664.0,694.0,724.0,757.0,805.0,813.0,844.0,852.0,915.0,921.0,985.0,
16.0,47.0,97.0,107.0,124.0,153.0,175.0,231.0,253.0,259.0,270.0,298.0,311.0,347.0,377.0,388.0,408.0,416.0,431.0,479.0,498.0,503.0,514.0,579.0,604.0,639.0,640.0,641.0,654.0,712.0,755.0,786.0,786.0,846.0,884.0,920.0,928.0,951.0,
16.0,47.0,67.0,75.0,76.0,89.0,112.0,116.0,241.0,275.0,286.0,299.0,301.0,317.0,437.0,488.0,499.0,526.0,562.0,598.0,700.0,723.0,734.0,762.0,766.0,794.0,807.0,813.0,829.0,867.0,867.0,871.0,932.0,947.0,974.0,
33.0,35.0,42.0,45.0,56.0,68.0,69.0,82.0,94.0,97.0,102.0,108.0,118.0,134.0,150.0,187.0,228.0,230.0,232.0,232.0,248.0,266.0,376.0,394.0,449.0,462.0,487.0,502.0,514.0,535.0,546.0,632.0,731.0,739.0,761.0,796.0,857.0,897.0,919.0,
28.0,47.0,85.0,89.0,110.0,142.0,150.0,185.0,203.0,203.0,223.0,300.0,302.0,337.0,338.0,349.0,354.0,439.0,458.0,458.0,467.0,506.0,521.0,534.0,567.0,612.0,671.0,682.0,699.0,766.0,792.0,814.0,859.0,995.0,
39.0,105.0,167.0,178.0,181.0,197.0,287.0,354.0,363.0,365.0,369.0,373.0,386.0,417.0,513.0,526.0,564.0,574.0,610.0,667.0,711.0,747.0,780.0,797.0,815.0,893.0,904.0,948.0,954.0,985.0,
8.0,16.0,38.0,41.0,96.0,110.0,127.0,138.0,224.0,265.0,271.0,273.0,298.0,306.0,313.0,319.0,365.0,387.0,430.0,448.0,456.0,456.0,530.0,595.0,635.0,662.0,683.0,788.0,794.0,799.0,914.0,941.0,
43.0,44.0,55.0,77.0,83.0,94.0,101.0,104.0,171.0,173.0,257.0,268.0,326.0,335.0,362.0,386.0,413.0,427.0,487.0,527.0,544.0,549.0,557.0,568.0,623.0,658.0,659.0,736.0,748.0,761.0,767.0,771.0,830.0,895.0,952.0,958.0,962.0,
8.0,24.0,61.0,90.0,118.0,125.0,165.0,200.0,224.0,243.0,281.0,283.0,362.0,396.0,407.0,412.0,463.0,485.0,486.0,509.0,542.0,549.0,571.0,579.0,640.0,647.0,680.0,689.0,712.0,744.0,759.0,766.0,876.0,876.0,910.0,912.0,939.0,955.0,959.0,985.0,
76.0,90.0,139.0,156.0,224.0,295.0,304.0,306.0,344.0,407.0,418.0,472.0,474.0,520.0,553.0,561.0,595.0,601.0,604.0,609.0,625.0,641.0,665.0,688.0,742.0,775.0,781.0,811.0,845.0,848.0,855.0,893.0,894.0,921.0,979.0,
34.0,53.0,66.0,71.0,86.0,97.0,107.0,110.0,136.0,137.0,148.0,238.0,351.0,404.0,411.0,422.0,443.0,566.0,604.0,661.0,682.0,687.0,695.0,712.0,764.0,779.0,779.0,827.0,918.0,934.0,938.0,947.0,962.0,987.0,
15.0,19.0,91.0,99.0,139.0,167.0,253.0,302.0,304.0,308.0,315.0,315.0,334.0,339.0,342.0,352.0,356.0,421.0,456.0,491.0,496.0,517.0,530.0,553.0,583.0,592.0,603.0,646.0,651.0,655.0,655.0,733.0,804.0,823.0,870.0,936.0,956.0,963.0,
44.0,48.0,59.0,121.0,132.0,138.0,167.0,171.0,208.0,229.0,239.0,253.0,297.0,313.0,321.0,344.0,402.0,416.0,449.0,462.0,542.0,555.0,580.0,600.0,645.0,706.0,713.0,747.0,819.0,820.0,906.0,944.0,
19.0,44.0,51.0,106.0,145.0,164.0,167.0,181.0,243.0,259.0,271.0,307.0,332.0,338.0,388.0,393.0,460.0,463.0,526.0,528.0,569.0,589.0,596.0,602.0,624.0,663.0,692.0,772.0,786.0,867.0,942.0,
58.0,66.0,107.0,118.0,141.0,191.0,198.0,203.0,224.0,242.0,252.0,270.0,375.0,393.0,399.0,409.0,423.0,427.0,445.0,491.0,492.0,522.0,538.0,538.0,547.0,550.0,558.0,573.0,607.0,616.0,630.0,634.0,642.0,669.0,689.0,761.0,775.0,777.0,792.0,815.0,817.0,841.0,848.0,864.0,879.0,889.0,909.0,913.0,919.0,947.0,954.0,961.0,996.0,
37.0,54.0,133.0,139.0,154.0,167.0,214.0,222.0,237.0,303.0,338.0,349.0,414.0,487.0,542.0,547.0,553.0,554.0,565.0,568.0,573.0,597.0,599.0,604.0,622.0,626.0,629.0,630.0,654.0,657.0,659.0,661.0,670.0,675.0,677.0,679.0,683.0,685.0,711.0,717.0,718.0,724.0,741.0,750.0,751.0,764.0,798.0,802.0,821.0,826.0,836.0,851.0,863.0,877.0,881.0,894.0,903.0,908.0,918.0,925.0,926.0,983.0,
53.0,65.0,160.0,170.0,172.0,352.0,364.0,371.0,372.0,417.0,469.0,477.0,518.0,519.0,552.0,555.0,557.0,567.0,582.0,594.0,598.0,598.0,605.0,610.0,616.0,627.0,629.0,636.0,637.0,638.0,641.0,646.0,656.0,658.0,680.0,682.0,685.0,724.0,730.0,752.0,772.0,794.0,794.0,799.0,816.0,822.0,829.0,834.0,847.0,859.0,859.0,864.0,871.0,938.0,945.0,958.0,960.0,997.0,
16.0,26.0,48.0,87.0,108.0,119.0,151.0,151.0,152.0,172.0,172.0,199.0,201.0,205.0,273.0,300.0,322.0,339.0,359.0,369.0,430.0,510.0,525.0,528.0,546.0,554.0,560.0,561.0,577.0,630.0,715.0,721.0,838.0,889.0,894.0,903.0,905.0,
46.0,150.0,151.0,157.0,223.0,235.0,249.0,299.0,426.0,437.0,447.0,455.0,458.0,484.0,491.0,556.0,560.0,570.0,660.0,741.0,835.0,851.0,930.0,937.0,992.0,
8.0,14.0,25.0,29.0,42.0,54.0,78.0,93.0,139.0,146.0,155.0,170.0,178.0,182.0,225.0,249.0,271.0,305.0,314.0,360.0,388.0,457.0,461.0,487.0,491.0,507.0,515.0,529.0,533.0,533.0,569.0,575.0,580.0,619.0,645.0,653.0,660.0,710.0,738.0,747.0,777.0,778.0,810.0,817.0,828.0,830.0,889.0,932.0,953.0,980.0,
11.0,56.0,95.0,97.0,129.0,140.0,192.0,219.0,224.0,246.0,258.0,279.0,319.0,349.0,376.0,387.0,436.0,456.0,467.0,471.0,508.0,563.0,708.0,718.0,794.0,821.0,824.0,827.0,934.0,936.0,961.0,991.0,
6.0,21.0,35.0,59.0,64.0,105.0,146.0,171.0,179.0,187.0,312.0,329.0,353.0,356.0,363.0,363.0,430.0,507.0,520.0,533.0,597.0,645.0,664.0,687.0,724.0,751.0,782.0,792.0,807.0,845.0,866.0,876.0,884.0,894.0,1000.0,
93.0,112.0,148.0,180.0,281.0,299.0,307.0,328.0,366.0,378.0,384.0,407.0,432.0,463.0,464.0,504.0,569.0,591.0,689.0,715.0,763.0,783.0,817.0,927.0,
3.0,9.0,10.0,11.0,16.0,17.0,44.0,71.0,126.0,143.0,161.0,172.0,213.0,215.0,260.0,438.0,526.0,531.0,532.0,553.0,554.0,556.0,564.0,565.0,579.0,586.0,589.0,610.0,624.0,642.0,645.0,646.0,656.0,656.0,661.0,717.0,726.0,771.0,807.0,816.0,846.0,878.0,885.0,926.0,947.0,991.0,992.0,
14.0,28.0,57.0,91.0,107.0,164.0,232.0,254.0,326.0,338.0,358.0,403.0,436.0,440.0,491.0,533.0,534.0,537.0,547.0,548.0,557.0,567.0,581.0,582.0,594.0,598.0,624.0,629.0,645.0,647.0,654.0,656.0,657.0,662.0,673.0,675.0,684.0,685.0,708.0,712.0,722.0,743.0,747.0,787.0,799.0,828.0,840.0,845.0,854.0,857.0,874.0,876.0,882.0,896.0,899.0,903.0,918.0,921.0,967.0,973.0,978.0,991.0,
5.0,9.0,46.0,53.0,68.0,103.0,154.0,156.0,159.0,160.0,182.0,182.0,186.0,238.0,275.0,285.0,310.0,326.0,369.0,400.0,472.0,509.0,521.0,527.0,536.0,542.0,550.0,553.0,563.0,568.0,577.0,590.0,595.0,596.0,609.0,610.0,620.0,621.0,641.0,642.0,644.0,686.0,687.0,701.0,747.0,749.0,750.0,754.0,764.0,784.0,810.0,845.0,849.0,856.0,872.0,877.0,924.0,927.0,935.0,970.0,985.0,
20.0,30.0,71.0,109.0,151.0,169.0,184.0,279.0,285.0,294.0,324.0,338.0,346.0,386.0,434.0,443.0,456.0,504.0,518.0,525.0,533.0,533.0,536.0,539.0,540.0,541.0,543.0,545.0,550.0,552.0,559.0,569.0,571.0,571.0,571.0,574.0,580.0,590.0,610.0,613.0,621.0,630.0,636.0,649.0,658.0,662.0,664.0,677.0,689.0,707.0,712.0,722.0,726.0,741.0,754.0,767.0,779.0,794.0,795.0,819.0,831.0,831.0,833.0,846.0,847.0,858.0,864.0,877.0,889.0,918.0,923.0,934.0,954.0,
88.0,89.0,184.0,198.0,239.0,244.0,366.0,368.0,368.0,384.0,390.0,488.0,490.0,509.0,540.0,540.0,554.0,555.0,565.0,587.0,598.0,599.0,605.0,610.0,618.0,640.0,643.0,643.0,686.0,692.0,692.0,697.0,744.0,757.0,776.0,777.0,795.0,816.0,830.0,843.0,856.0,874.0,877.0,893.0,893.0,894.0,910.0,925.0,942.0,950.0,973.0,979.0,
2.0,30.0,31.0,69.0,104.0,142.0,171.0,196.0,268.0,270.0,280.0,303.0,320.0,326.0,338.0,349.0,368.0,403.0,485.0,549.0,558.0,651.0,655.0,697.0,717.0,783.0,809.0,810.0,813.0,864.0,869.0,891.0,
13.0,53.0,64.0,111.0,146.0,180.0,192.0,253.0,257.0,265.0,271.0,292.0,309.0,345.0,349.0,379.0,456.0,457.0,525.0,564.0,606.0,631.0,671.0,677.0,689.0,710.0,778.0,814.0,822.0,830.0,886.0,910.0,915.0,932.0,996.0,
2.0,13.0,63.0,80.0,97.0,105.0,136.0,199.0,210.0,219.0,231.0,340.0,343.0,349.0,364.0,495.0,540.0,546.0,602.0,604.0,641.0,662.0,678.0,702.0,741.0,746.0,786.0,800.0,817.0,836.0,909.0,970.0,989.0,
35.0,43.0,54.0,75.0,76.0,140.0,149.0,187.0,239.0,281.0,301.0,302.0,349.0,351.0,377.0,399.0,412.0,422.0,436.0,446.0,449.0,536.0,563.0,573.0,602.0,610.0,716.0,794.0,806.0,810.0,
10.0,17.0,83.0,101.0,119.0,173.0,220.0,222.0,256.0,264.0,343.0,368.0,415.0,431.0,466.0,481.0,530.0,555.0,559.0,563.0,722.0,729.0,853.0,853.0,870.0,972.0,
19.0,69.0,71.0,118.0,142.0,191.0,210.0,259.0,260.0,300.0,302.0,313.0,314.0,370.0,391.0,525.0,535.0,536.0,537.0,540.0,545.0,550.0,555.0,571.0,572.0,572.0,577.0,582.0,582.0,592.0,593.0,610.0,623.0,625.0,625.0,628.0,633.0,646.0,651.0,673.0,708.0,710.0,711.0,718.0,729.0,732.0,746.0,748.0,804.0,811.0,826.0,826.0,839.0,845.0,846.0,851.0,881.0,901.0,906.0,929.0,929.0,938.0,964.0,965.0,966.0,
81.0,83.0,105.0,114.0,120.0,142.0,149.0,154.0,182.0,218.0,261.0,261.0,269.0,285.0,342.0,410.0,428.0,512.0,518.0,532.0,543.0,546.0,548.0,552.0,559.0,566.0,576.0,591.0,594.0,594.0,601.0,607.0,625.0,635.0,655.0,671.0,686.0,687.0,692.0,694.0,709.0,712.0,713.0,772.0,776.0,782.0,807.0,818.0,832.0,840.0,847.0,868.0,895.0,896.0,928.0,930.0,936.0,940.0,975.0,990.0,
100.0,104.0,164.0,172.0,185.0,240.0,245.0,254.0,261.0,264.0,289.0,307.0,349.0,369.0,371.0,387.0,398.0,446.0,480.0,503.0,517.0,520.0,534.0,536.0,547.0,557.0,562.0,563.0,567.0,577.0,578.0,578.0,584.0,586.0,589.0,606.0,613.0,628.0,636.0,657.0,661.0,662.0,665.0,665.0,675.0,687.0,707.0,731.0,740.0,743.0,747.0,750.0,757.0,773.0,773.0,776.0,778.0,800.0,858.0,891.0,903.0,999.0,
3.0,4.0,18.0,53.0,54.0,68.0,76.0,112.0,157.0,201.0,212.0,278.0,315.0,319.0,331.0,345.0,371.0,402.0,423.0,436.0,462.0,497.0,516.0,517.0,528.0,531.0,533.0,542.0,546.0,550.0,551.0,564.0,565.0,566.0,585.0,589.0,591.0,594.0,594.0,596.0,614.0,619.0,659.0,685.0,696.0,707.0,756.0,778.0,784.0,789.0,791.0,818.0,822.0,827.0,830.0,854.0,876.0,893.0,906.0,908.0,912.0,916.0,929.0,949.0,975.0,976.0,
7.0,24.0,33.0,41.0,99.0,165.0,180.0,195.0,222.0,231.0,235.0,238.0,247.0,251.0,345.0,393.0,411.0,436.0,451.0,499.0,505.0,507.0,515.0,521.0,522.0,528.0,530.0,531.0,532.0,546.0,551.0,557.0,558.0,562.0,566.0,567.0,572.0,575.0,576.0,590.0,620.0,636.0,638.0,639.0,660.0,681.0,698.0,720.0,725.0,738.0,742.0,764.0,776.0,783.0,790.0,800.0,811.0,845.0,887.0,895.0,899.0,903.0,925.0,928.0,954.0,958.0,966.0,
8.0,11.0,17.0,48.0,88.0,148.0,155.0,196.0,197.0,241.0,244.0,262.0,350.0,371.0,384.0,407.0,444.0,506.0,527.0,553.0,635.0,635.0,684.0,717.0,812.0,819.0,830.0,995.0,
6.0,13.0,17.0,23.0,24.0,97.0,158.0,174.0,239.0,269.0,304.0,373.0,378.0,388.0,403.0,406.0,463.0,471.0,525.0,546.0,553.0,561.0,600.0,615.0,652.0,701.0,710.0,747.0,762.0,763.0,773.0,858.0,918.0,
14.0,20.0,23.0,31.0,37.0,65.0,131.0,150.0,156.0,162.0,176.0,200.0,204.0,206.0,214.0,217.0,295.0,304.0,321.0,354.0,370.0,396.0,434.0,451.0,584.0,593.0,634.0,666.0,744.0,756.0,769.0,777.0,781.0,817.0,835.0,855.0,866.0,879.0,924.0,955.0,
28.0,68.0,167.0,194.0,197.0,212.0,221.0,311.0,361.0,371.0,467.0,473.0,556.0,570.0,572.0,611.0,629.0,646.0,669.0,690.0,749.0,749.0,759.0,766.0,847.0,899.0,907.0,925.0,947.0,991.0,
2.0,5.0,26.0,141.0,154.0,167.0,174.0,182.0,204.0,214.0,269.0,290.0,376.0,425.0,464.0,482.0,488.0,519.0,575.0,588.0,644.0,772.0,782.0,793.0,989.0,
59.0,85.0,89.0,109.0,122.0,138.0,174.0,202.0,208.0,226.0,343.0,352.0,357.0,378.0,383.0,383.0,460.0,461.0,473.0,526.0,527.0,531.0,534.0,535.0,544.0,544.0,556.0,562.0,563.0,567.0,575.0,576.0,586.0,587.0,594.0,601.0,608.0,621.0,622.0,624.0,628.0,647.0,692.0,727.0,734.0,741.0,749.0,782.0,786.0,790.0,800.0,803.0,830.0,861.0,862.0,875.0,877.0,915.0,927.0,943.0,959.0,960.0,961.0,968.0,970.0,972.0,975.0,981.0,992.0,
35.0,53.0,68.0,81.0,82.0,99.0,105.0,190.0,218.0,220.0,224.0,254.0,272.0,330.0,346.0,377.0,427.0,457.0,458.0,518.0,520.0,527.0,529.0,532.0,539.0,545.0,550.0,562.0,567.0,572.0,572.0,572.0,573.0,575.0,584.0,590.0,603.0,621.0,631.0,637.0,643.0,646.0,650.0,655.0,659.0,680.0,686.0,688.0,691.0,692.0,697.0,710.0,728.0,750.0,762.0,834.0,844.0,877.0,878.0,906.0,932.0,934.0,935.0,965.0,972.0,987.0,988.0,999.0,999.0,
6.0,13.0,50.0,73.0,86.0,102.0,106.0,153.0,173.0,183.0,232.0,233.0,258.0,264.0,285.0,304.0,313.0,327.0,353.0,367.0,385.0,386.0,435.0,474.0,512.0,522.0,523.0,525.0,540.0,544.0,546.0,563.0,566.0,574.0,580.0,581.0,583.0,596.0,597.0,621.0,621.0,622.0,624.0,640.0,641.0,655.0,678.0,683.0,709.0,714.0,717.0,743.0,745.0,755.0,766.0,817.0,821.0,846.0,864.0,866.0,872.0,873.0,923.0,926.0,944.0,961.0,962.0,998.0,
53.0,139.0,198.0,212.0,219.0,241.0,252.0,280.0,284.0,289.0,367.0,374.0,380.0,450.0,477.0,481.0,489.0,514.0,525.0,530.0,538.0,544.0,545.0,545.0,548.0,554.0,571.0,573.0,582.0,583.0,592.0,595.0,603.0,603.0,604.0,606.0,608.0,610.0,619.0,631.0,643.0,650.0,651.0,657.0,678.0,699.0,716.0,723.0,723.0,725.0,732.0,732.0,734.0,735.0,737.0,755.0,764.0,774.0,806.0,810.0,817.0,853.0,858.0,888.0,907.0,939.0,949.0,957.0,963.0,965.0,967.0,973.0,979.0,984.0,992.0,
6.0,7.0,75.0,101.0,121.0,169.0,172.0,174.0,184.0,184.0,230.0,242.0,270.0,280.0,287.0,314.0,349.0,367.0,372.0,376.0,417.0,431.0,450.0,526.0,528.0,529.0,537.0,537.0,538.0,548.0,555.0,556.0,564.0,569.0,571.0,579.0,584.0,585.0,599.0,609.0,611.0,618.0,620.0,620.0,621.0,641.0,642.0,645.0,649.0,663.0,704.0,707.0,732.0,739.0,745.0,751.0,753.0,754.0,770.0,803.0,807.0,842.0,846.0,868.0,871.0,878.0,907.0,911.0,922.0,926.0,948.0,948.0,949.0,983.0,
25.0,47.0,85.0,110.0,129.0,145.0,175.0,175.0,198.0,215.0,276.0,278.0,301.0,335.0,345.0,361.0,397.0,400.0,479.0,480.0,482.0,490.0,554.0,562.0,564.0,584.0,590.0,605.0,611.0,618.0,680.0,717.0,718.0,740.0,866.0,906.0,907.0,984.0,
49.0,69.0,95.0,171.0,220.0,268.0,355.0,379.0,436.0,442.0,489.0,501.0,515.0,520.0,549.0,567.0,593.0,617.0,625.0,642.0,642.0,657.0,673.0,676.0,696.0,718.0,768.0,809.0,877.0,894.0,976.0,991.0,
6.0,30.0,44.0,68.0,76.0,92.0,111.0,150.0,160.0,165.0,178.0,207.0,276.0,280.0,282.0,297.0,352.0,352.0,356.0,376.0,412.0,425.0,426.0,505.0,570.0,588.0,592.0,602.0,646.0,707.0,718.0,760.0,790.0,812.0,859.0,903.0,913.0,928.0,929.0,951.0,997.0,
9.0,25.0,64.0,65.0,102.0,107.0,127.0,129.0,176.0,218.0,291.0,375.0,388.0,397.0,414.0,416.0,451.0,489.0,518.0,526.0,535.0,598.0,600.0,656.0,684.0,699.0,822.0,826.0,862.0,894.0,895.0,939.0,975.0,
60.0,86.0,92.0,96.0,139.0,199.0,237.0,237.0,277.0,289.0,395.0,436.0,449.0,459.0,522.0,526.0,534.0,572.0,619.0,632.0,635.0,662.0,689.0,692.0,693.0,724.0,735.0,756.0,849.0,915.0,950.0,978.0,996.0,
67.0,82.0,90.0,101.0,111.0,156.0,168.0,191.0,221.0,223.0,249.0,278.0,327.0,334.0,335.0,342.0,399.0,420.0,458.0,464.0,528.0,567.0,614.0,640.0,666.0,667.0,769.0,849.0,853.0,869.0,967.0,
3.0,6.0,8.0,17.0,45.0,50.0,77.0,91.0,187.0,193.0,206.0,229.0,258.0,283.0,290.0,347.0,347.0,359.0,413.0,422.0,463.0,465.0,507.0,523.0,531.0,532.0,534.0,536.0,555.0,566.0,578.0,580.0,593.0,606.0,606.0,610.0,632.0,639.0,661.0,664.0,664.0,667.0,683.0,687.0,688.0,701.0,711.0,731.0,732.0,744.0,747.0,807.0,833.0,863.0,873.0,883.0,892.0,903.0,906.0,915.0,932.0,938.0,965.0,973.0,980.0,999.0,
39.0,56.0,124.0,136.0,149.0,224.0,225.0,287.0,317.0,319.0,327.0,393.0,408.0,435.0,443.0,455.0,510.0,518.0,536.0,548.0,551.0,552.0,557.0,560.0,565.0,568.0,575.0,579.0,583.0,586.0,591.0,598.0,603.0,606.0,625.0,627.0,629.0,632.0,636.0,637.0,644.0,648.0,655.0,675.0,697.0,704.0,705.0,709.0,711.0,720.0,721.0,722.0,733.0,746.0,753.0,753.0,756.0,813.0,825.0,828.0,858.0,869.0,871.0,876.0,880.0,896.0,900.0,901.0,902.0,922.0,926.0,946.0,983.0,990.0,
21.0,22.0,60.0,118.0,130.0,134.0,184.0,195.0,213.0,223.0,234.0,307.0,334.0,346.0,354.0,379.0,380.0,418.0,432.0,434.0,442.0,444.0,449.0,463.0,481.0,514.0,535.0,536.0,537.0,539.0,541.0,563.0,564.0,565.0,577.0,586.0,590.0,591.0,597.0,598.0,608.0,625.0,628.0,637.0,641.0,653.0,676.0,697.0,771.0,812.0,849.0,898.0,914.0,953.0,979.0,
12.0,17.0,63.0,69.0,117.0,131.0,133.0,135.0,199.0,227.0,268.0,286.0,330.0,357.0,359.0,409.0,448.0,461.0,464.0,491.0,511.0,517.0,530.0,555.0,564.0,566.0,568.0,571.0,578.0,613.0,620.0,623.0,644.0,649.0,697.0,706.0,786.0,787.0,797.0,813.0,934.0,942.0,942.0,
34.0,44.0,84.0,132.0,133.0,155.0,164.0,168.0,190.0,217.0,279.0,292.0,362.0,392.0,396.0,432.0,442.0,490.0,493.0,519.0,562.0,583.0,585.0,586.0,654.0,691.0,692.0,766.0,882.0,891.0,909.0,918.0,950.0,960.0,960.0,976.0,
24.0,47.0,69.0,104.0,113.0,128.0,155.0,159.0,181.0,188.0,188.0,194.0,221.0,261.0,261.0,265.0,284.0,307.0,363.0,443.0,459.0,467.0,500.0,518.0,553.0,567.0,658.0,665.0,671.0,677.0,706.0,782.0,783.0,808.0,811.0,817.0,822.0,839.0,860.0,861.0,865.0,
90.0,96.0,112.0,153.0,154.0,163.0,201.0,207.0,214.0,220.0,298.0,481.0,489.0,557.0,596.0,651.0,688.0,701.0,743.0,759.0,811.0,813.0,830.0,871.0,871.0,895.0,897.0,898.0,906.0,916.0,
6.0,15.0,58.0,71.0,73.0,87.0,121.0,211.0,219.0,251.0,293.0,377.0,379.0,389.0,393.0,401.0,401.0,407.0,450.0,485.0,498.0,505.0,517.0,543.0,565.0,652.0,663.0,689.0,699.0,704.0,713.0,713.0,718.0,756.0,762.0,815.0,840.0,915.0,922.0,936.0,
11.0,23.0,29.0,35.0,58.0,67.0,160.0,211.0,246.0,287.0,303.0,307.0,308.0,381.0,411.0,437.0,474.0,492.0,550.0,566.0,575.0,584.0,615.0,651.0,674.0,680.0,688.0,721.0,745.0,764.0,792.0,802.0,815.0,822.0,837.0,877.0,879.0,948.0,987.0,
79.0,112.0,131.0,161.0,176.0,200.0,210.0,213.0,247.0,255.0,281.0,291.0,326.0,328.0,350.0,411.0,424.0,455.0,460.0,491.0,551.0,563.0,605.0,632.0,652.0,699.0,733.0,784.0,792.0,807.0,838.0,840.0,916.0,979.0,
21.0,34.0,68.0,88.0,96.0,113.0,145.0,151.0,171.0,272.0,304.0,307.0,384.0,390.0,400.0,411.0,421.0,429.0,445.0,459.0,461.0,466.0,467.0,488.0,511.0,521.0,527.0,599.0,609.0,625.0,730.0,742.0,849.0,868.0,997.0,
8.0,39.0,102.0,106.0,111.0,158.0,159.0,181.0,205.0,230.0,231.0,249.0,273.0,294.0,362.0,378.0,405.0,422.0,475.0,488.0,516.0,523.0,562.0,583.0,608.0,622.0,625.0,661.0,675.0,787.0,795.0,807.0,815.0,859.0,862.0,927.0,940.0,953.0,969.0,981.0,984.0,985.0,
16.0,20.0,45.0,72.0,80.0,83.0,104.0,124.0,129.0,139.0,141.0,151.0,177.0,191.0,252.0,286.0,291.0,339.0,341.0,349.0,364.0,368.0,388.0,416.0,421.0,422.0,478.0,522.0,547.0,571.0,582.0,628.0,654.0,752.0,777.0,878.0,947.0,981.0,
64.0,65.0,71.0,77.0,96.0,143.0,144.0,153.0,162.0,208.0,276.0,288.0,336.0,361.0,363.0,368.0,392.0,402.0,411.0,427.0,448.0,470.0,523.0,584.0,620.0,652.0,703.0,704.0,783.0,836.0,867.0,879.0,
15.0,18.0,26.0,37.0,59.0,67.0,78.0,93.0,141.0,191.0,230.0,255.0,367.0,403.0,423.0,442.0,458.0,496.0,514.0,590.0,619.0,627.0,639.0,650.0,652.0,657.0,783.0,788.0,791.0,853.0,861.0,889.0,915.0,957.0,978.0,
57.0,90.0,103.0,215.0,224.0,237.0,280.0,299.0,361.0,361.0,378.0,379.0,380.0,412.0,416.0,444.0,445.0,455.0,502.0,533.0,543.0,596.0,622.0,643.0,656.0,787.0,807.0,831.0,837.0,853.0,874.0,879.0,897.0,910.0,930.0,987.0,992.0,994.0,
14.0,20.0,46.0,59.0,66.0,80.0,93.0,104.0,194.0,229.0,269.0,273.0,312.0,325.0,406.0,411.0,416.0,450.0,479.0,516.0,526.0,545.0,560.0,565.0,582.0,602.0,609.0,617.0,625.0,633.0,675.0,698.0,740.0,756.0,757.0,808.0,859.0,868.0,876.0,908.0,972.0,
16.0,17.0,26.0,37.0,75.0,100.0,115.0,135.0,161.0,215.0,249.0,261.0,271.0,327.0,327.0,327.0,453.0,481.0,510.0,516.0,517.0,556.0,559.0,592.0,613.0,631.0,636.0,673.0,683.0,687.0,770.0,816.0,824.0,828.0,831.0,845.0,888.0,892.0,918.0,965.0,986.0,
32.0,63.0,64.0,100.0,152.0,226.0,227.0,241.0,323.0,331.0,348.0,354.0,359.0,386.0,434.0,508.0,513.0,515.0,526.0,567.0,599.0,633.0,637.0,652.0,652.0,668.0,735.0,735.0,745.0,800.0,809.0,839.0,903.0,931.0,970.0,991.0,994.0,
7.0,21.0,56.0,79.0,81.0,87.0,91.0,98.0,110.0,116.0,122.0,126.0,183.0,246.0,256.0,284.0,328.0,330.0,337.0,400.0,424.0,429.0,448.0,484.0,524.0,526.0,575.0,587.0,602.0,607.0,617.0,705.0,728.0,746.0,763.0,811.0,832.0,850.0,870.0,885.0,979.0,
48.0,63.0,79.0,110.0,137.0,149.0,181.0,182.0,195.0,207.0,231.0,266.0,270.0,296.0,305.0,317.0,346.0,351.0,354.0,360.0,369.0,389.0,399.0,399.0,425.0,446.0,496.0,533.0,535.0,553.0,557.0,579.0,583.0,595.0,597.0,636.0,650.0,695.0,718.0,722.0,734.0,776.0,821.0,829.0,832.0,858.0,936.0,945.0,
26.0,94.0,106.0,123.0,135.0,169.0,210.0,271.0,275.0,323.0,330.0,331.0,371.0,377.0,437.0,486.0,500.0,511.0,581.0,627.0,646.0,694.0,721.0,732.0,772.0,797.0,852.0,910.0,920.0,951.0,981.0,988.0,
26.0,29.0,77.0,89.0,101.0,171.0,199.0,242.0,274.0,290.0,296.0,298.0,355.0,372.0,386.0,397.0,408.0,412.0,415.0,478.0,513.0,530.0,554.0,563.0,623.0,736.0,747.0,756.0,772.0,792.0,796.0,965.0,994.0,
7.0,65.0,73.0,171.0,252.0,254.0,267.0,311.0,368.0,375.0,412.0,417.0,470.0,494.0,500.0,535.0,538.0,582.0,590.0,610.0,668.0,711.0,722.0,731.0,761.0,796.0,817.0,823.0,824.0,828.0,829.0,830.0,926.0,930.0,930.0,949.0,951.0,985.0,
16.0,27.0,114.0,153.0,159.0,165.0,170.0,201.0,206.0,219.0,266.0,310.0,317.0,317.0,324.0,370.0,403.0,430.0,445.0,502.0,536.0,549.0,597.0,610.0,672.0,735.0,749.0,749.0,754.0,788.0,790.0,797.0,846.0,876.0,911.0,922.0,965.0,973.0,
2.0,44.0,64.0,77.0,180.0,191.0,197.0,252.0,253.0,309.0,361.0,367.0,382.0,395.0,419.0,450.0,491.0,507.0,513.0,516.0,529.0,571.0,572.0,578.0,603.0,612.0,649.0,650.0,696.0,727.0,734.0,751.0,754.0,769.0,773.0,785.0,792.0,908.0,974.0,981.0,993.0,
