21.0,36.0,131.0,155.0,209.0,249.0,278.0,291.0,321.0,333.0,368.0,383.0,442.0,453.0,471.0,533.0,541.0,574.0,576.0,626.0,664.0,701.0,706.0,738.0,756.0,791.0,794.0,795.0,805.0,823.0,855.0,882.0,893.0,896.0,954.0,955.0,986.0,988.0,
20.0,23.0,47.0,73.0,90.0,237.0,259.0,331.0,380.0,397.0,400.0,442.0,489.0,495.0,496.0,502.0,513.0,519.0,520.0,589.0,658.0,664.0,665.0,667.0,687.0,723.0,780.0,804.0,808.0,878.0,917.0,931.0,946.0,963.0,
5.0,116.0,147.0,147.0,148.0,149.0,215.0,283.0,353.0,375.0,377.0,408.0,428.0,504.0,548.0,559.0,560.0,582.0,613.0,616.0,626.0,628.0,640.0,645.0,648.0,742.0,791.0,800.0,854.0,909.0,941.0,948.0,957.0,965.0,970.0,
5.0,31.0,62.0,70.0,85.0,93.0,99.0,106.0,109.0,189.0,244.0,266.0,267.0,298.0,299.0,329.0,339.0,375.0,419.0,538.0,557.0,598.0,598.0,709.0,780.0,829.0,834.0,875.0,890.0,892.0,914.0,917.0,931.0,940.0,946.0,971.0,
47.0,164.0,226.0,240.0,248.0,347.0,351.0,412.0,417.0,463.0,466.0,509.0,512.0,519.0,522.0,569.0,656.0,659.0,677.0,722.0,727.0,827.0,924.0,955.0,962.0,966.0,969.0,980.0,990.0,
7.0,40.0,59.0,59.0,78.0,117.0,135.0,148.0,165.0,175.0,196.0,241.0,246.0,302.0,305.0,380.0,399.0,459.0,477.0,510.0,540.0,617.0,650.0,675.0,696.0,719.0,729.0,740.0,742.0,781.0,782.0,836.0,862.0,896.0,923.0,
37.0,46.0,59.0,194.0,213.0,229.0,255.0,276.0,277.0,300.0,315.0,317.0,427.0,518.0,535.0,567.0,572.0,577.0,605.0,632.0,640.0,674.0,732.0,755.0,757.0,775.0,821.0,849.0,883.0,892.0,903.0,904.0,920.0,977.0,
8.0,15.0,35.0,106.0,120.0,184.0,280.0,309.0,330.0,364.0,365.0,454.0,501.0,510.0,517.0,618.0,657.0,746.0,754.0,826.0,831.0,832.0,867.0,869.0,883.0,889.0,947.0,
3.0,32.0,72.0,92.0,93.0,98.0,103.0,118.0,119.0,124.0,142.0,158.0,166.0,216.0,260.0,284.0,360.0,385.0,399.0,409.0,422.0,437.0,451.0,502.0,512.0,528.0,542.0,566.0,604.0,622.0,650.0,665.0,741.0,780.0,781.0,783.0,788.0,861.0,895.0,901.0,940.0,952.0,963.0,972.0,
3.0,24.0,43.0,80.0,101.0,126.0,150.0,151.0,194.0,230.0,232.0,266.0,304.0,331.0,365.0,374.0,380.0,380.0,459.0,472.0,484.0,487.0,489.0,533.0,545.0,578.0,579.0,616.0,623.0,644.0,675.0,685.0,687.0,689.0,692.0,783.0,788.0,794.0,808.0,839.0,851.0,894.0,902.0,
15.0,33.0,39.0,71.0,88.0,91.0,169.0,173.0,181.0,202.0,219.0,227.0,232.0,245.0,294.0,295.0,325.0,379.0,395.0,460.0,506.0,533.0,625.0,625.0,630.0,667.0,671.0,679.0,685.0,841.0,844.0,884.0,905.0,942.0,957.0,998.0,
11.0,12.0,30.0,66.0,135.0,159.0,185.0,189.0,205.0,231.0,231.0,259.0,286.0,301.0,397.0,438.0,440.0,466.0,471.0,527.0,534.0,565.0,647.0,653.0,658.0,692.0,717.0,760.0,761.0,780.0,797.0,839.0,850.0,906.0,925.0,936.0,941.0,941.0,
41.0,72.0,73.0,84.0,97.0,115.0,158.0,159.0,168.0,174.0,177.0,187.0,193.0,205.0,213.0,213.0,219.0,229.0,280.0,293.0,300.0,318.0,328.0,330.0,342.0,454.0,562.0,582.0,590.0,673.0,686.0,744.0,759.0,818.0,866.0,867.0,904.0,905.0,914.0,929.0,992.0,995.0,998.0,
28.0,46.0,55.0,108.0,116.0,126.0,127.0,193.0,231.0,236.0,300.0,309.0,338.0,395.0,405.0,418.0,420.0,439.0,452.0,462.0,466.0,493.0,530.0,544.0,567.0,598.0,602.0,631.0,660.0,662.0,684.0,705.0,719.0,821.0,877.0,894.0,936.0,972.0,986.0,
29.0,32.0,72.0,93.0,98.0,105.0,136.0,150.0,292.0,330.0,337.0,349.0,369.0,402.0,409.0,475.0,508.0,526.0,530.0,535.0,598.0,601.0,633.0,708.0,710.0,745.0,767.0,789.0,822.0,833.0,869.0,913.0,951.0,959.0,
27.0,40.0,41.0,86.0,135.0,152.0,154.0,162.0,278.0,326.0,336.0,354.0,367.0,387.0,392.0,476.0,490.0,576.0,634.0,657.0,698.0,702.0,707.0,713.0,717.0,735.0,739.0,761.0,839.0,843.0,861.0,873.0,890.0,965.0,994.0,
36.0,50.0,52.0,87.0,100.0,154.0,221.0,229.0,272.0,280.0,308.0,324.0,400.0,428.0,458.0,468.0,469.0,477.0,568.0,572.0,628.0,640.0,642.0,666.0,695.0,699.0,707.0,766.0,809.0,830.0,932.0,944.0,
28.0,114.0,232.0,249.0,262.0,265.0,379.0,398.0,424.0,435.0,443.0,514.0,515.0,530.0,589.0,597.0,683.0,702.0,724.0,812.0,829.0,872.0,884.0,897.0,979.0,986.0,988.0,989.0,
38.0,92.0,101.0,139.0,149.0,160.0,169.0,192.0,228.0,257.0,268.0,297.0,352.0,368.0,375.0,411.0,430.0,439.0,451.0,531.0,533.0,535.0,578.0,622.0,676.0,685.0,700.0,732.0,791.0,947.0,981.0,
41.0,66.0,157.0,201.0,213.0,235.0,243.0,293.0,316.0,328.0,339.0,359.0,361.0,366.0,384.0,410.0,431.0,451.0,452.0,463.0,497.0,512.0,537.0,586.0,606.0,620.0,649.0,654.0,663.0,711.0,786.0,806.0,831.0,836.0,851.0,868.0,889.0,905.0,920.0,948.0,953.0,994.0,
44.0,61.0,71.0,92.0,102.0,174.0,227.0,244.0,263.0,264.0,291.0,310.0,318.0,331.0,349.0,349.0,412.0,499.0,506.0,514.0,552.0,560.0,573.0,591.0,595.0,607.0,610.0,619.0,675.0,691.0,699.0,804.0,805.0,832.0,964.0,980.0,1000.0,
40.0,57.0,85.0,113.0,115.0,118.0,146.0,220.0,275.0,283.0,289.0,367.0,381.0,464.0,495.0,508.0,570.0,572.0,585.0,589.0,591.0,595.0,603.0,603.0,639.0,645.0,661.0,687.0,726.0,733.0,750.0,764.0,794.0,811.0,817.0,861.0,950.0,962.0,
16.0,59.0,83.0,157.0,194.0,275.0,343.0,345.0,442.0,453.0,457.0,511.0,516.0,527.0,563.0,606.0,640.0,667.0,684.0,694.0,710.0,755.0,755.0,793.0,802.0,837.0,849.0,860.0,882.0,896.0,903.0,905.0,967.0,990.0,
93.0,110.0,112.0,150.0,158.0,176.0,292.0,292.0,360.0,394.0,407.0,437.0,451.0,501.0,510.0,517.0,585.0,592.0,616.0,651.0,733.0,746.0,771.0,778.0,838.0,980.0,
106.0,145.0,218.0,223.0,260.0,298.0,303.0,350.0,357.0,434.0,454.0,486.0,533.0,540.0,568.0,588.0,602.0,651.0,662.0,666.0,796.0,828.0,909.0,961.0,990.0,
41.0,45.0,139.0,154.0,163.0,174.0,181.0,187.0,200.0,204.0,224.0,257.0,263.0,291.0,312.0,360.0,361.0,366.0,400.0,505.0,517.0,539.0,575.0,611.0,665.0,687.0,715.0,724.0,733.0,768.0,796.0,858.0,918.0,934.0,980.0,
3.0,19.0,37.0,70.0,84.0,98.0,100.0,101.0,119.0,171.0,193.0,202.0,211.0,252.0,263.0,304.0,315.0,316.0,321.0,358.0,364.0,374.0,378.0,411.0,412.0,501.0,612.0,621.0,622.0,650.0,687.0,701.0,704.0,710.0,750.0,761.0,770.0,900.0,987.0,
79.0,122.0,127.0,163.0,166.0,194.0,208.0,317.0,360.0,383.0,406.0,415.0,484.0,501.0,546.0,559.0,597.0,731.0,798.0,868.0,931.0,
44.0,52.0,73.0,80.0,84.0,102.0,155.0,161.0,206.0,213.0,225.0,227.0,240.0,248.0,275.0,311.0,347.0,377.0,390.0,397.0,417.0,433.0,436.0,493.0,500.0,505.0,531.0,531.0,558.0,583.0,598.0,677.0,680.0,690.0,791.0,808.0,825.0,945.0,953.0,973.0,999.0,
4.0,9.0,38.0,38.0,153.0,178.0,211.0,228.0,255.0,268.0,281.0,308.0,345.0,400.0,402.0,502.0,511.0,531.0,573.0,580.0,584.0,632.0,638.0,649.0,667.0,687.0,790.0,807.0,826.0,851.0,855.0,917.0,921.0,924.0,967.0,
22.0,34.0,48.0,65.0,227.0,244.0,289.0,324.0,369.0,401.0,423.0,491.0,532.0,559.0,625.0,657.0,697.0,701.0,770.0,806.0,861.0,907.0,953.0,
28.0,47.0,61.0,72.0,73.0,98.0,101.0,115.0,184.0,187.0,231.0,236.0,281.0,290.0,335.0,347.0,428.0,431.0,457.0,462.0,488.0,503.0,517.0,519.0,575.0,614.0,622.0,633.0,693.0,700.0,719.0,723.0,749.0,752.0,768.0,802.0,838.0,864.0,873.0,875.0,877.0,877.0,929.0,962.0,994.0,1000.0,
44.0,65.0,85.0,87.0,126.0,139.0,161.0,223.0,233.0,293.0,294.0,296.0,305.0,321.0,401.0,533.0,537.0,546.0,594.0,627.0,665.0,716.0,777.0,832.0,848.0,859.0,866.0,905.0,
18.0,30.0,35.0,71.0,93.0,116.0,172.0,187.0,233.0,245.0,298.0,317.0,322.0,342.0,365.0,374.0,376.0,396.0,419.0,508.0,508.0,510.0,533.0,533.0,536.0,538.0,541.0,543.0,544.0,584.0,619.0,630.0,645.0,655.0,680.0,721.0,723.0,794.0,809.0,833.0,867.0,877.0,979.0,990.0,
15.0,49.0,66.0,115.0,194.0,198.0,221.0,233.0,246.0,259.0,277.0,292.0,307.0,344.0,396.0,414.0,424.0,426.0,530.0,533.0,535.0,541.0,545.0,549.0,551.0,555.0,562.0,566.0,573.0,574.0,577.0,577.0,583.0,585.0,587.0,589.0,589.0,590.0,597.0,600.0,603.0,603.0,610.0,618.0,626.0,636.0,638.0,646.0,683.0,719.0,739.0,762.0,770.0,786.0,799.0,813.0,820.0,835.0,853.0,856.0,875.0,882.0,885.0,903.0,927.0,949.0,961.0,967.0,970.0,975.0,993.0,993.0,
4.0,16.0,20.0,21.0,65.0,76.0,81.0,95.0,190.0,218.0,263.0,273.0,319.0,328.0,345.0,393.0,440.0,475.0,481.0,516.0,520.0,531.0,539.0,545.0,571.0,575.0,593.0,594.0,596.0,609.0,611.0,614.0,617.0,645.0,670.0,671.0,673.0,684.0,688.0,689.0,708.0,714.0,718.0,728.0,760.0,766.0,769.0,775.0,780.0,799.0,831.0,835.0,837.0,857.0,860.0,876.0,888.0,900.0,903.0,921.0,937.0,945.0,960.0,961.0,983.0,983.0,993.0,994.0,
21.0,66.0,83.0,91.0,93.0,98.0,129.0,139.0,162.0,171.0,178.0,213.0,277.0,278.0,284.0,302.0,304.0,307.0,341.0,342.0,389.0,395.0,416.0,421.0,428.0,497.0,529.0,532.0,535.0,545.0,546.0,547.0,549.0,559.0,561.0,564.0,571.0,577.0,580.0,602.0,611.0,619.0,627.0,635.0,646.0,650.0,661.0,680.0,681.0,701.0,721.0,744.0,745.0,749.0,793.0,795.0,892.0,924.0,958.0,960.0,978.0,991.0,
15.0,19.0,57.0,116.0,179.0,191.0,213.0,268.0,343.0,402.0,442.0,480.0,497.0,499.0,508.0,551.0,564.0,598.0,742.0,768.0,776.0,928.0,958.0,964.0,979.0,1000.0,
49.0,49.0,60.0,62.0,70.0,92.0,132.0,135.0,149.0,157.0,180.0,220.0,246.0,262.0,269.0,285.0,287.0,302.0,315.0,332.0,340.0,519.0,571.0,575.0,648.0,654.0,655.0,680.0,693.0,694.0,747.0,752.0,755.0,768.0,768.0,790.0,821.0,870.0,
9.0,10.0,25.0,33.0,74.0,121.0,125.0,154.0,183.0,228.0,231.0,239.0,297.0,303.0,318.0,381.0,443.0,489.0,490.0,539.0,622.0,640.0,640.0,642.0,742.0,770.0,779.0,805.0,829.0,868.0,870.0,872.0,907.0,932.0,
6.0,21.0,25.0,39.0,44.0,52.0,117.0,127.0,142.0,204.0,231.0,285.0,291.0,294.0,358.0,371.0,386.0,410.0,482.0,487.0,509.0,515.0,518.0,534.0,569.0,616.0,619.0,660.0,709.0,713.0,732.0,761.0,816.0,845.0,855.0,861.0,873.0,923.0,932.0,934.0,952.0,992.0,
13.0,39.0,43.0,119.0,127.0,149.0,182.0,188.0,205.0,299.0,316.0,348.0,352.0,395.0,420.0,425.0,445.0,463.0,476.0,486.0,503.0,551.0,558.0,651.0,763.0,775.0,800.0,817.0,853.0,882.0,888.0,952.0,953.0,998.0,1000.0,
4.0,5.0,78.0,103.0,109.0,112.0,157.0,176.0,224.0,294.0,304.0,349.0,396.0,429.0,431.0,463.0,464.0,466.0,499.0,510.0,523.0,535.0,550.0,551.0,580.0,589.0,589.0,597.0,658.0,725.0,774.0,800.0,839.0,862.0,885.0,893.0,896.0,899.0,
16.0,24.0,30.0,62.0,72.0,81.0,93.0,103.0,105.0,164.0,188.0,213.0,222.0,223.0,230.0,260.0,271.0,312.0,390.0,405.0,458.0,491.0,494.0,519.0,524.0,524.0,528.0,529.0,534.0,534.0,543.0,562.0,565.0,574.0,583.0,595.0,609.0,610.0,616.0,631.0,637.0,638.0,640.0,714.0,722.0,730.0,732.0,733.0,754.0,759.0,771.0,779.0,809.0,821.0,831.0,848.0,861.0,958.0,972.0,980.0,998.0,999.0,
40.0,62.0,72.0,81.0,98.0,110.0,142.0,157.0,204.0,240.0,305.0,339.0,354.0,429.0,443.0,443.0,504.0,519.0,519.0,532.0,552.0,558.0,560.0,564.0,571.0,577.0,578.0,585.0,587.0,588.0,589.0,592.0,592.0,600.0,602.0,619.0,621.0,625.0,627.0,636.0,654.0,661.0,675.0,676.0,682.0,682.0,690.0,691.0,715.0,716.0,735.0,749.0,753.0,766.0,774.0,783.0,784.0,791.0,816.0,819.0,871.0,912.0,920.0,931.0,935.0,936.0,943.0,992.0,
14.0,78.0,115.0,116.0,137.0,185.0,201.0,215.0,237.0,323.0,332.0,340.0,341.0,384.0,399.0,423.0,469.0,469.0,475.0,517.0,522.0,538.0,538.0,541.0,544.0,549.0,552.0,554.0,569.0,571.0,572.0,573.0,576.0,580.0,585.0,593.0,602.0,609.0,610.0,618.0,625.0,629.0,630.0,634.0,700.0,710.0,730.0,741.0,746.0,777.0,778.0,779.0,811.0,817.0,828.0,830.0,862.0,868.0,918.0,922.0,940.0,944.0,974.0,980.0,989.0,991.0,
39.0,50.0,52.0,57.0,117.0,125.0,217.0,267.0,308.0,316.0,319.0,375.0,390.0,399.0,419.0,428.0,454.0,521.0,526.0,535.0,537.0,537.0,544.0,547.0,549.0,552.0,554.0,574.0,576.0,580.0,582.0,584.0,589.0,650.0,656.0,665.0,665.0,668.0,670.0,678.0,680.0,684.0,694.0,711.0,716.0,718.0,720.0,728.0,752.0,760.0,875.0,912.0,936.0,967.0,975.0,985.0,990.0,992.0,997.0,1000.0,
13.0,27.0,46.0,69.0,70.0,99.0,121.0,136.0,147.0,202.0,234.0,238.0,250.0,284.0,354.0,358.0,384.0,402.0,424.0,478.0,478.0,485.0,539.0,561.0,573.0,574.0,578.0,582.0,593.0,602.0,613.0,625.0,625.0,640.0,670.0,674.0,693.0,711.0,721.0,757.0,764.0,775.0,820.0,821.0,822.0,826.0,835.0,835.0,845.0,876.0,893.0,896.0,918.0,924.0,935.0,959.0,961.0,972.0,985.0,
47.0,158.0,191.0,258.0,307.0,429.0,477.0,494.0,496.0,535.0,553.0,554.0,568.0,651.0,657.0,663.0,779.0,838.0,886.0,
35.0,48.0,54.0,72.0,134.0,135.0,158.0,171.0,198.0,233.0,300.0,310.0,354.0,412.0,466.0,495.0,558.0,708.0,716.0,722.0,732.0,743.0,759.0,793.0,795.0,837.0,840.0,875.0,883.0,936.0,944.0,959.0,999.0,
6.0,19.0,36.0,74.0,80.0,89.0,92.0,110.0,128.0,179.0,192.0,250.0,320.0,334.0,344.0,359.0,374.0,393.0,398.0,445.0,448.0,476.0,492.0,578.0,589.0,607.0,640.0,652.0,655.0,724.0,752.0,754.0,819.0,819.0,843.0,866.0,953.0,
9.0,67.0,79.0,95.0,102.0,106.0,170.0,182.0,198.0,201.0,249.0,254.0,269.0,277.0,285.0,286.0,354.0,360.0,411.0,435.0,439.0,483.0,486.0,519.0,529.0,546.0,561.0,591.0,656.0,694.0,694.0,740.0,746.0,756.0,796.0,811.0,812.0,813.0,919.0,928.0,929.0,979.0,986.0,
8.0,18.0,74.0,109.0,119.0,120.0,132.0,171.0,175.0,192.0,192.0,202.0,260.0,339.0,370.0,399.0,400.0,405.0,420.0,483.0,499.0,514.0,529.0,572.0,702.0,750.0,758.0,759.0,854.0,
75.0,77.0,109.0,124.0,128.0,140.0,141.0,145.0,162.0,226.0,228.0,230.0,236.0,241.0,263.0,288.0,407.0,430.0,431.0,432.0,468.0,511.0,521.0,532.0,539.0,549.0,549.0,553.0,558.0,576.0,582.0,588.0,593.0,610.0,614.0,623.0,625.0,643.0,648.0,660.0,679.0,685.0,695.0,737.0,749.0,784.0,787.0,806.0,822.0,829.0,849.0,855.0,866.0,868.0,908.0,914.0,919.0,923.0,924.0,935.0,941.0,956.0,963.0,971.0,982.0,
8.0,28.0,29.0,47.0,50.0,58.0,84.0,91.0,99.0,141.0,154.0,167.0,180.0,201.0,205.0,206.0,240.0,291.0,338.0,360.0,375.0,378.0,422.0,426.0,477.0,493.0,505.0,516.0,519.0,524.0,527.0,528.0,531.0,531.0,534.0,536.0,541.0,542.0,545.0,552.0,558.0,564.0,565.0,565.0,566.0,573.0,580.0,585.0,591.0,610.0,610.0,654.0,659.0,666.0,673.0,677.0,682.0,688.0,692.0,717.0,724.0,729.0,745.0,749.0,765.0,766.0,769.0,779.0,791.0,812.0,833.0,851.0,865.0,871.0,907.0,924.0,943.0,956.0,956.0,960.0,963.0,973.0,
9.0,10.0,28.0,45.0,82.0,96.0,101.0,129.0,157.0,217.0,261.0,331.0,399.0,457.0,463.0,504.0,519.0,527.0,528.0,528.0,534.0,535.0,538.0,542.0,542.0,543.0,545.0,545.0,546.0,547.0,549.0,554.0,555.0,558.0,566.0,571.0,573.0,574.0,576.0,583.0,586.0,596.0,598.0,605.0,608.0,637.0,653.0,659.0,684.0,688.0,704.0,718.0,726.0,733.0,734.0,748.0,773.0,783.0,787.0,804.0,833.0,848.0,859.0,869.0,879.0,921.0,928.0,940.0,952.0,955.0,977.0,
22.0,64.0,82.0,98.0,121.0,128.0,140.0,161.0,164.0,202.0,228.0,248.0,290.0,298.0,300.0,328.0,370.0,416.0,488.0,497.0,533.0,538.0,538.0,542.0,554.0,559.0,562.0,571.0,574.0,579.0,587.0,592.0,603.0,606.0,606.0,609.0,610.0,619.0,634.0,647.0,663.0,669.0,711.0,726.0,743.0,752.0,762.0,806.0,821.0,823.0,827.0,835.0,844.0,853.0,857.0,877.0,921.0,936.0,964.0,980.0,982.0,
6.0,21.0,22.0,86.0,108.0,179.0,206.0,210.0,260.0,288.0,298.0,314.0,331.0,345.0,352.0,369.0,383.0,401.0,453.0,464.0,470.0,472.0,491.0,507.0,516.0,519.0,530.0,531.0,536.0,537.0,538.0,539.0,539.0,541.0,542.0,546.0,570.0,595.0,621.0,626.0,632.0,644.0,647.0,660.0,667.0,671.0,676.0,678.0,680.0,685.0,698.0,704.0,707.0,711.0,749.0,752.0,756.0,762.0,764.0,773.0,789.0,805.0,817.0,827.0,829.0,835.0,842.0,856.0,860.0,872.0,872.0,881.0,884.0,886.0,892.0,900.0,922.0,941.0,951.0,
26.0,67.0,125.0,170.0,221.0,259.0,271.0,285.0,311.0,316.0,323.0,339.0,368.0,384.0,417.0,505.0,532.0,566.0,673.0,682.0,749.0,881.0,951.0,990.0,
2.0,19.0,23.0,39.0,60.0,61.0,73.0,84.0,95.0,101.0,146.0,157.0,163.0,172.0,200.0,203.0,238.0,304.0,350.0,357.0,382.0,388.0,412.0,416.0,502.0,505.0,565.0,585.0,639.0,786.0,795.0,869.0,878.0,907.0,932.0,932.0,957.0,990.0,
51.0,68.0,73.0,86.0,110.0,128.0,148.0,223.0,275.0,312.0,356.0,360.0,376.0,379.0,402.0,417.0,444.0,476.0,495.0,497.0,533.0,539.0,546.0,576.0,583.0,600.0,601.0,702.0,718.0,798.0,800.0,804.0,841.0,866.0,926.0,955.0,973.0,992.0,
19.0,58.0,61.0,76.0,101.0,138.0,145.0,151.0,152.0,313.0,393.0,402.0,438.0,443.0,447.0,487.0,491.0,523.0,527.0,555.0,561.0,567.0,651.0,679.0,683.0,688.0,689.0,724.0,729.0,737.0,742.0,780.0,788.0,843.0,861.0,883.0,893.0,922.0,967.0,968.0,
15.0,65.0,65.0,74.0,156.0,188.0,197.0,222.0,251.0,288.0,290.0,292.0,295.0,330.0,332.0,367.0,368.0,390.0,429.0,491.0,522.0,552.0,580.0,590.0,594.0,599.0,603.0,607.0,608.0,639.0,657.0,768.0,800.0,912.0,
3.0,27.0,30.0,37.0,54.0,75.0,99.0,115.0,150.0,177.0,184.0,187.0,206.0,254.0,254.0,285.0,323.0,330.0,342.0,343.0,364.0,367.0,371.0,420.0,448.0,450.0,519.0,525.0,529.0,529.0,530.0,540.0,542.0,544.0,545.0,549.0,555.0,559.0,577.0,577.0,579.0,594.0,603.0,604.0,623.0,644.0,656.0,696.0,728.0,747.0,748.0,762.0,803.0,827.0,831.0,832.0,832.0,850.0,875.0,901.0,911.0,912.0,917.0,962.0,987.0,
59.0,82.0,101.0,115.0,125.0,125.0,131.0,141.0,146.0,170.0,261.0,275.0,304.0,304.0,318.0,336.0,362.0,408.0,434.0,447.0,457.0,495.0,508.0,513.0,521.0,532.0,532.0,532.0,534.0,535.0,537.0,545.0,551.0,553.0,556.0,558.0,559.0,562.0,566.0,571.0,574.0,577.0,588.0,597.0,604.0,625.0,643.0,643.0,647.0,648.0,664.0,671.0,676.0,684.0,699.0,720.0,725.0,731.0,753.0,759.0,785.0,792.0,805.0,811.0,834.0,836.0,836.0,856.0,867.0,883.0,894.0,895.0,898.0,909.0,994.0,999.0,
7.0,24.0,24.0,32.0,100.0,110.0,149.0,159.0,163.0,184.0,189.0,260.0,303.0,318.0,325.0,339.0,340.0,340.0,351.0,351.0,357.0,414.0,421.0,429.0,432.0,442.0,503.0,513.0,531.0,538.0,540.0,542.0,551.0,562.0,564.0,569.0,569.0,570.0,579.0,580.0,580.0,584.0,585.0,586.0,587.0,600.0,608.0,613.0,615.0,629.0,632.0,638.0,639.0,648.0,648.0,656.0,662.0,666.0,667.0,670.0,672.0,680.0,680.0,696.0,700.0,703.0,728.0,733.0,733.0,748.0,757.0,768.0,788.0,805.0,819.0,836.0,907.0,916.0,924.0,962.0,971.0,
52.0,58.0,61.0,79.0,120.0,128.0,171.0,183.0,193.0,229.0,246.0,246.0,266.0,309.0,311.0,320.0,364.0,365.0,372.0,372.0,392.0,436.0,502.0,513.0,520.0,525.0,530.0,534.0,536.0,539.0,546.0,547.0,552.0,556.0,557.0,559.0,572.0,583.0,587.0,588.0,597.0,604.0,615.0,631.0,644.0,652.0,652.0,672.0,676.0,688.0,693.0,698.0,709.0,718.0,728.0,745.0,759.0,768.0,778.0,781.0,786.0,813.0,814.0,827.0,829.0,833.0,837.0,845.0,888.0,952.0,953.0,974.0,975.0,977.0,
15.0,54.0,73.0,82.0,92.0,133.0,163.0,182.0,190.0,192.0,195.0,220.0,260.0,342.0,360.0,361.0,373.0,412.0,437.0,465.0,498.0,512.0,512.0,519.0,521.0,525.0,528.0,532.0,535.0,538.0,540.0,564.0,567.0,574.0,574.0,576.0,581.0,582.0,593.0,598.0,599.0,604.0,620.0,620.0,627.0,640.0,646.0,659.0,670.0,710.0,718.0,737.0,739.0,759.0,761.0,767.0,774.0,776.0,777.0,780.0,780.0,786.0,814.0,817.0,819.0,823.0,835.0,940.0,946.0,954.0,968.0,970.0,971.0,988.0,
15.0,61.0,72.0,72.0,116.0,118.0,153.0,155.0,170.0,196.0,356.0,407.0,487.0,501.0,523.0,546.0,665.0,668.0,689.0,713.0,819.0,890.0,897.0,900.0,917.0,964.0,995.0,
3.0,48.0,127.0,180.0,208.0,211.0,227.0,301.0,372.0,376.0,400.0,401.0,428.0,462.0,495.0,552.0,552.0,568.0,570.0,572.0,573.0,589.0,621.0,683.0,722.0,733.0,774.0,792.0,816.0,873.0,878.0,891.0,894.0,911.0,934.0,971.0,980.0,997.0,
13.0,23.0,35.0,48.0,59.0,92.0,147.0,169.0,252.0,371.0,389.0,399.0,413.0,427.0,440.0,463.0,463.0,490.0,556.0,561.0,573.0,622.0,630.0,631.0,641.0,728.0,730.0,769.0,775.0,845.0,858.0,905.0,913.0,927.0,937.0,941.0,953.0,971.0,985.0,
4.0,80.0,103.0,108.0,114.0,209.0,217.0,232.0,250.0,283.0,315.0,317.0,319.0,329.0,369.0,370.0,397.0,427.0,447.0,529.0,543.0,546.0,548.0,561.0,564.0,605.0,632.0,645.0,690.0,742.0,748.0,816.0,821.0,842.0,861.0,879.0,882.0,888.0,901.0,913.0,930.0,973.0,
8.0,39.0,52.0,123.0,194.0,194.0,220.0,357.0,424.0,454.0,465.0,467.0,519.0,553.0,657.0,701.0,717.0,757.0,766.0,834.0,839.0,875.0,886.0,912.0,943.0,990.0,
15.0,20.0,31.0,37.0,46.0,53.0,59.0,106.0,130.0,166.0,179.0,194.0,203.0,206.0,247.0,268.0,278.0,319.0,331.0,356.0,360.0,373.0,436.0,485.0,545.0,569.0,575.0,594.0,611.0,615.0,644.0,653.0,686.0,693.0,757.0,804.0,854.0,889.0,965.0,974.0,975.0,
21.0,45.0,75.0,93.0,103.0,136.0,160.0,168.0,174.0,204.0,288.0,301.0,301.0,337.0,370.0,376.0,379.0,392.0,414.0,420.0,440.0,529.0,534.0,543.0,549.0,605.0,606.0,606.0,622.0,627.0,632.0,639.0,645.0,654.0,655.0,666.0,672.0,682.0,686.0,690.0,691.0,692.0,710.0,712.0,720.0,728.0,760.0,769.0,783.0,785.0,786.0,797.0,807.0,824.0,824.0,834.0,846.0,875.0,878.0,899.0,931.0,970.0,986.0,988.0,994.0,
26.0,90.0,94.0,114.0,142.0,161.0,191.0,220.0,221.0,237.0,280.0,343.0,358.0,361.0,379.0,424.0,473.0,497.0,511.0,526.0,541.0,553.0,579.0,588.0,591.0,592.0,604.0,611.0,623.0,641.0,653.0,657.0,668.0,704.0,711.0,750.0,768.0,781.0,793.0,803.0,811.0,813.0,830.0,844.0,852.0,856.0,860.0,876.0,889.0,908.0,925.0,927.0,933.0,936.0,
25.0,36.0,62.0,133.0,139.0,204.0,215.0,218.0,240.0,313.0,320.0,342.0,355.0,362.0,431.0,455.0,537.0,548.0,553.0,557.0,566.0,580.0,589.0,592.0,593.0,598.0,612.0,621.0,632.0,670.0,674.0,675.0,686.0,687.0,697.0,722.0,756.0,796.0,801.0,819.0,835.0,847.0,849.0,850.0,873.0,874.0,919.0,925.0,951.0,985.0,999.0,
17.0,24.0,37.0,68.0,91.0,109.0,122.0,145.0,158.0,164.0,164.0,171.0,178.0,220.0,245.0,271.0,287.0,356.0,363.0,364.0,390.0,425.0,432.0,448.0,479.0,489.0,516.0,520.0,536.0,538.0,586.0,636.0,724.0,794.0,797.0,902.0,933.0,998.0,1000.0,
44.0,46.0,75.0,77.0,89.0,94.0,119.0,151.0,187.0,342.0,347.0,354.0,379.0,385.0,446.0,461.0,468.0,479.0,485.0,532.0,585.0,600.0,616.0,635.0,644.0,664.0,689.0,734.0,740.0,751.0,757.0,758.0,775.0,793.0,794.0,849.0,866.0,888.0,891.0,980.0,
117.0,136.0,165.0,180.0,184.0,185.0,194.0,223.0,319.0,330.0,362.0,370.0,379.0,391.0,419.0,433.0,456.0,467.0,501.0,526.0,527.0,613.0,632.0,637.0,708.0,760.0,791.0,791.0,803.0,812.0,829.0,909.0,923.0,927.0,965.0,967.0,995.0,
42.0,72.0,80.0,83.0,140.0,156.0,221.0,256.0,283.0,346.0,411.0,452.0,457.0,476.0,485.0,515.0,522.0,609.0,617.0,639.0,663.0,708.0,764.0,810.0,859.0,861.0,866.0,890.0,
6.0,115.0,126.0,135.0,164.0,232.0,238.0,286.0,298.0,300.0,311.0,358.0,362.0,370.0,558.0,572.0,607.0,738.0,769.0,774.0,876.0,894.0,935.0,936.0,
21.0,33.0,56.0,168.0,307.0,375.0,403.0,440.0,443.0,515.0,639.0,655.0,699.0,734.0,745.0,746.0,817.0,844.0,901.0,905.0,920.0,987.0,988.0,
15.0,102.0,106.0,110.0,185.0,201.0,277.0,289.0,337.0,364.0,485.0,497.0,503.0,587.0,613.0,615.0,616.0,629.0,929.0,941.0,986.0,994.0,
33.0,67.0,98.0,104.0,119.0,153.0,175.0,244.0,368.0,374.0,407.0,432.0,457.0,482.0,508.0,508.0,518.0,521.0,527.0,527.0,632.0,787.0,828.0,850.0,887.0,894.0,905.0,950.0,979.0,981.0,989.0,
2.0,54.0,71.0,84.0,85.0,124.0,144.0,216.0,220.0,274.0,277.0,278.0,286.0,322.0,344.0,366.0,390.0,395.0,399.0,412.0,431.0,467.0,482.0,485.0,486.0,520.0,522.0,578.0,583.0,671.0,677.0,679.0,696.0,827.0,917.0,958.0,
15.0,20.0,78.0,115.0,126.0,218.0,297.0,341.0,360.0,390.0,398.0,411.0,414.0,421.0,522.0,523.0,534.0,576.0,603.0,607.0,650.0,698.0,716.0,811.0,814.0,817.0,906.0,947.0,981.0,
4.0,17.0,24.0,31.0,57.0,88.0,145.0,147.0,172.0,235.0,301.0,308.0,319.0,384.0,426.0,437.0,459.0,492.0,524.0,556.0,608.0,679.0,702.0,708.0,810.0,819.0,852.0,853.0,854.0,855.0,882.0,906.0,928.0,995.0,
114.0,133.0,230.0,240.0,243.0,249.0,250.0,292.0,330.0,349.0,396.0,459.0,481.0,504.0,538.0,545.0,561.0,643.0,742.0,776.0,913.0,921.0,927.0,927.0,938.0,994.0,
53.0,57.0,65.0,76.0,78.0,128.0,135.0,181.0,235.0,278.0,302.0,338.0,374.0,398.0,410.0,412.0,433.0,435.0,489.0,505.0,514.0,522.0,543.0,551.0,585.0,666.0,755.0,766.0,777.0,812.0,843.0,918.0,924.0,970.0,989.0,
7.0,14.0,31.0,47.0,114.0,114.0,129.0,174.0,199.0,199.0,268.0,268.0,280.0,336.0,362.0,374.0,399.0,411.0,419.0,435.0,503.0,530.0,531.0,644.0,693.0,707.0,753.0,786.0,801.0,817.0,855.0,892.0,897.0,900.0,936.0,955.0,984.0,989.0,
16.0,35.0,71.0,73.0,102.0,106.0,120.0,176.0,285.0,285.0,290.0,292.0,294.0,304.0,306.0,341.0,366.0,389.0,427.0,473.0,502.0,532.0,544.0,571.0,681.0,718.0,740.0,753.0,760.0,779.0,800.0,874.0,954.0,956.0,997.0,
22.0,36.0,84.0,116.0,127.0,188.0,194.0,208.0,248.0,257.0,267.0,328.0,329.0,339.0,370.0,405.0,432.0,453.0,507.0,510.0,524.0,535.0,539.0,548.0,560.0,595.0,608.0,632.0,638.0,649.0,658.0,732.0,755.0,789.0,800.0,819.0,842.0,880.0,887.0,899.0,930.0,
54.0,74.0,137.0,149.0,185.0,225.0,228.0,327.0,330.0,335.0,367.0,388.0,511.0,554.0,640.0,651.0,653.0,727.0,730.0,788.0,793.0,810.0,819.0,891.0,899.0,913.0,916.0,940.0,966.0,966.0,
7.0,13.0,55.0,104.0,105.0,118.0,140.0,142.0,166.0,197.0,205.0,242.0,268.0,279.0,326.0,362.0,371.0,372.0,435.0,439.0,463.0,501.0,507.0,529.0,539.0,578.0,627.0,637.0,674.0,680.0,711.0,719.0,722.0,769.0,811.0,819.0,826.0,849.0,861.0,891.0,895.0,921.0,922.0,939.0,
34.0,65.0,66.0,79.0,87.0,108.0,193.0,196.0,199.0,219.0,224.0,253.0,298.0,356.0,374.0,433.0,478.0,484.0,491.0,575.0,598.0,640.0,642.0,648.0,734.0,765.0,898.0,919.0,939.0,963.0,
26.0,46.0,106.0,130.0,164.0,173.0,173.0,181.0,207.0,234.0,289.0,298.0,323.0,371.0,378.0,423.0,461.0,467.0,483.0,504.0,543.0,547.0,581.0,614.0,622.0,678.0,680.0,732.0,765.0,791.0,794.0,807.0,821.0,844.0,853.0,899.0,915.0,947.0,987.0,
63.0,64.0,76.0,103.0,138.0,141.0,160.0,170.0,225.0,246.0,267.0,287.0,307.0,366.0,385.0,433.0,459.0,467.0,469.0,472.0,517.0,537.0,582.0,584.0,625.0,628.0,752.0,871.0,918.0,935.0,985.0,989.0,998.0,
65.0,124.0,140.0,147.0,151.0,154.0,164.0,166.0,175.0,203.0,205.0,215.0,264.0,271.0,289.0,317.0,348.0,348.0,441.0,469.0,487.0,525.0,544.0,552.0,584.0,614.0,622.0,658.0,706.0,725.0,728.0,729.0,752.0,773.0,787.0,802.0,812.0,825.0,838.0,848.0,882.0,908.0,
16.0,75.0,86.0,89.0,149.0,154.0,206.0,234.0,235.0,283.0,295.0,316.0,361.0,362.0,412.0,418.0,448.0,463.0,465.0,541.0,604.0,610.0,649.0,675.0,689.0,714.0,729.0,734.0,742.0,746.0,754.0,773.0,812.0,856.0,884.0,899.0,924.0,927.0,931.0,961.0,966.0,994.0,995.0,
