34.0,47.0,90.0,133.0,138.0,195.0,202.0,207.0,227.0,237.0,295.0,378.0,433.0,502.0,513.0,514.0,515.0,561.0,562.0,635.0,642.0,661.0,686.0,724.0,762.0,786.0,790.0,847.0,870.0,957.0,
37.0,46.0,66.0,71.0,130.0,175.0,182.0,195.0,210.0,272.0,313.0,418.0,436.0,436.0,438.0,466.0,483.0,513.0,574.0,656.0,665.0,749.0,758.0,799.0,910.0,925.0,942.0,947.0,973.0,990.0,
41.0,48.0,75.0,131.0,139.0,168.0,178.0,212.0,225.0,231.0,311.0,314.0,349.0,365.0,440.0,452.0,464.0,503.0,535.0,565.0,583.0,604.0,620.0,622.0,638.0,649.0,663.0,663.0,763.0,775.0,795.0,804.0,829.0,834.0,888.0,902.0,993.0,
46.0,111.0,120.0,189.0,196.0,269.0,278.0,292.0,350.0,438.0,445.0,478.0,520.0,523.0,565.0,572.0,575.0,579.0,579.0,597.0,620.0,622.0,627.0,637.0,639.0,673.0,701.0,712.0,748.0,756.0,790.0,797.0,813.0,819.0,833.0,850.0,868.0,871.0,872.0,947.0,977.0,987.0,
10.0,17.0,44.0,51.0,52.0,53.0,68.0,79.0,122.0,122.0,145.0,146.0,174.0,204.0,222.0,240.0,241.0,242.0,270.0,321.0,407.0,478.0,518.0,562.0,563.0,566.0,572.0,578.0,612.0,622.0,872.0,878.0,888.0,939.0,947.0,965.0,993.0,
2.0,11.0,15.0,91.0,126.0,187.0,225.0,260.0,294.0,309.0,364.0,367.0,377.0,506.0,514.0,526.0,529.0,536.0,541.0,546.0,555.0,631.0,641.0,672.0,685.0,688.0,699.0,783.0,802.0,837.0,
9.0,121.0,123.0,132.0,134.0,136.0,164.0,181.0,190.0,221.0,224.0,229.0,263.0,301.0,334.0,341.0,345.0,400.0,415.0,426.0,490.0,500.0,580.0,611.0,616.0,634.0,649.0,713.0,716.0,737.0,771.0,775.0,818.0,869.0,
11.0,21.0,85.0,145.0,177.0,192.0,284.0,292.0,335.0,344.0,354.0,356.0,373.0,380.0,387.0,436.0,441.0,445.0,451.0,579.0,645.0,667.0,715.0,728.0,757.0,769.0,775.0,812.0,892.0,893.0,930.0,934.0,956.0,999.0,
3.0,15.0,19.0,41.0,56.0,120.0,169.0,169.0,187.0,213.0,217.0,222.0,303.0,335.0,337.0,398.0,414.0,420.0,460.0,489.0,507.0,539.0,563.0,591.0,629.0,654.0,655.0,663.0,707.0,736.0,777.0,798.0,817.0,858.0,896.0,950.0,975.0,977.0,
20.0,25.0,34.0,37.0,65.0,117.0,135.0,139.0,139.0,151.0,151.0,158.0,161.0,173.0,187.0,202.0,221.0,221.0,243.0,253.0,283.0,324.0,335.0,374.0,416.0,424.0,515.0,532.0,614.0,664.0,715.0,749.0,765.0,770.0,792.0,807.0,828.0,843.0,859.0,860.0,871.0,885.0,922.0,938.0,
6.0,31.0,79.0,86.0,124.0,149.0,167.0,168.0,184.0,191.0,200.0,209.0,209.0,221.0,282.0,333.0,401.0,519.0,552.0,558.0,559.0,570.0,630.0,643.0,649.0,653.0,658.0,664.0,712.0,762.0,793.0,932.0,950.0,964.0,990.0,1000.0,
9.0,17.0,28.0,68.0,80.0,126.0,140.0,191.0,192.0,323.0,403.0,444.0,464.0,472.0,489.0,519.0,528.0,577.0,626.0,699.0,725.0,738.0,749.0,782.0,811.0,836.0,865.0,882.0,883.0,898.0,965.0,991.0,
2.0,8.0,43.0,63.0,69.0,167.0,185.0,200.0,201.0,204.0,208.0,216.0,227.0,252.0,282.0,285.0,312.0,322.0,337.0,408.0,423.0,435.0,471.0,511.0,526.0,535.0,536.0,555.0,567.0,568.0,577.0,592.0,601.0,659.0,665.0,683.0,706.0,731.0,785.0,810.0,842.0,855.0,861.0,871.0,885.0,896.0,961.0,997.0,
17.0,25.0,46.0,55.0,72.0,79.0,81.0,144.0,147.0,214.0,232.0,284.0,327.0,340.0,351.0,354.0,385.0,400.0,401.0,406.0,494.0,536.0,597.0,602.0,634.0,644.0,672.0,690.0,694.0,723.0,733.0,739.0,743.0,770.0,828.0,850.0,933.0,936.0,979.0,993.0,995.0,
10.0,27.0,33.0,69.0,95.0,146.0,148.0,149.0,158.0,192.0,231.0,240.0,296.0,304.0,318.0,318.0,323.0,325.0,389.0,399.0,443.0,444.0,525.0,529.0,534.0,552.0,555.0,565.0,577.0,583.0,621.0,657.0,707.0,719.0,727.0,752.0,768.0,814.0,837.0,841.0,851.0,959.0,994.0,996.0,
27.0,28.0,36.0,38.0,54.0,66.0,93.0,101.0,123.0,171.0,196.0,255.0,277.0,341.0,380.0,408.0,449.0,460.0,464.0,488.0,490.0,502.0,666.0,697.0,775.0,877.0,880.0,904.0,904.0,927.0,933.0,941.0,941.0,952.0,957.0,961.0,985.0,994.0,
43.0,51.0,95.0,115.0,250.0,257.0,258.0,262.0,293.0,360.0,426.0,430.0,454.0,467.0,488.0,522.0,548.0,611.0,634.0,660.0,681.0,713.0,755.0,759.0,805.0,845.0,849.0,852.0,921.0,924.0,925.0,972.0,977.0,982.0,
30.0,45.0,67.0,117.0,164.0,180.0,191.0,206.0,235.0,246.0,246.0,292.0,334.0,341.0,342.0,347.0,440.0,494.0,526.0,543.0,547.0,549.0,552.0,564.0,577.0,594.0,603.0,607.0,673.0,678.0,679.0,691.0,730.0,739.0,781.0,802.0,866.0,888.0,
39.0,153.0,197.0,247.0,281.0,333.0,346.0,349.0,352.0,353.0,421.0,444.0,581.0,591.0,632.0,642.0,682.0,692.0,753.0,763.0,780.0,815.0,824.0,832.0,910.0,952.0,964.0,987.0,1000.0,
6.0,20.0,48.0,197.0,203.0,203.0,222.0,235.0,286.0,320.0,334.0,357.0,404.0,424.0,428.0,451.0,474.0,489.0,603.0,658.0,679.0,681.0,727.0,848.0,865.0,876.0,893.0,901.0,902.0,910.0,962.0,
61.0,137.0,146.0,149.0,164.0,164.0,172.0,254.0,281.0,305.0,317.0,328.0,337.0,425.0,451.0,495.0,514.0,532.0,541.0,543.0,561.0,643.0,644.0,657.0,665.0,671.0,690.0,739.0,752.0,807.0,809.0,815.0,845.0,849.0,853.0,870.0,899.0,913.0,921.0,930.0,
20.0,33.0,109.0,168.0,206.0,230.0,260.0,376.0,386.0,401.0,414.0,457.0,467.0,509.0,551.0,579.0,583.0,588.0,635.0,675.0,678.0,694.0,713.0,762.0,830.0,840.0,843.0,904.0,927.0,951.0,1000.0,
89.0,106.0,151.0,178.0,200.0,223.0,225.0,257.0,316.0,344.0,376.0,383.0,415.0,415.0,442.0,448.0,464.0,475.0,476.0,485.0,559.0,588.0,628.0,642.0,644.0,686.0,704.0,714.0,766.0,768.0,830.0,840.0,872.0,916.0,938.0,950.0,
15.0,18.0,22.0,50.0,81.0,145.0,173.0,190.0,245.0,301.0,331.0,346.0,362.0,427.0,429.0,435.0,437.0,481.0,483.0,493.0,494.0,508.0,535.0,546.0,548.0,563.0,578.0,593.0,617.0,619.0,656.0,660.0,667.0,668.0,680.0,761.0,791.0,830.0,872.0,922.0,955.0,965.0,966.0,
18.0,28.0,52.0,94.0,131.0,222.0,225.0,232.0,263.0,271.0,276.0,295.0,302.0,325.0,392.0,422.0,472.0,514.0,517.0,524.0,571.0,573.0,637.0,690.0,722.0,813.0,902.0,949.0,980.0,987.0,
81.0,100.0,152.0,153.0,188.0,211.0,220.0,286.0,292.0,294.0,315.0,317.0,334.0,339.0,360.0,432.0,439.0,472.0,478.0,520.0,522.0,544.0,635.0,676.0,683.0,687.0,800.0,824.0,868.0,941.0,943.0,945.0,
9.0,14.0,55.0,77.0,121.0,126.0,155.0,159.0,164.0,211.0,222.0,225.0,228.0,288.0,360.0,422.0,446.0,469.0,490.0,518.0,526.0,561.0,614.0,644.0,754.0,759.0,773.0,867.0,
9.0,111.0,157.0,167.0,247.0,258.0,283.0,288.0,382.0,389.0,419.0,431.0,471.0,472.0,482.0,512.0,528.0,564.0,575.0,589.0,645.0,697.0,700.0,726.0,772.0,807.0,809.0,825.0,833.0,872.0,976.0,
5.0,13.0,64.0,70.0,82.0,148.0,235.0,252.0,279.0,340.0,359.0,426.0,433.0,437.0,471.0,527.0,530.0,537.0,538.0,607.0,643.0,670.0,691.0,738.0,780.0,852.0,938.0,954.0,965.0,967.0,
10.0,11.0,22.0,28.0,33.0,72.0,94.0,144.0,151.0,155.0,186.0,211.0,219.0,238.0,244.0,248.0,309.0,319.0,331.0,338.0,372.0,423.0,465.0,519.0,563.0,573.0,590.0,601.0,638.0,665.0,677.0,682.0,750.0,756.0,779.0,781.0,796.0,818.0,823.0,827.0,835.0,836.0,855.0,959.0,974.0,993.0,
4.0,5.0,51.0,71.0,91.0,102.0,112.0,126.0,149.0,168.0,224.0,257.0,262.0,407.0,424.0,430.0,445.0,452.0,454.0,460.0,495.0,548.0,567.0,579.0,653.0,660.0,686.0,695.0,719.0,770.0,774.0,777.0,813.0,815.0,829.0,924.0,930.0,940.0,943.0,991.0,
16.0,28.0,45.0,105.0,133.0,165.0,197.0,221.0,293.0,330.0,375.0,407.0,407.0,410.0,424.0,482.0,521.0,524.0,531.0,567.0,574.0,582.0,590.0,601.0,606.0,651.0,672.0,692.0,766.0,767.0,777.0,786.0,790.0,790.0,810.0,826.0,850.0,861.0,941.0,943.0,956.0,959.0,
52.0,52.0,67.0,115.0,197.0,274.0,316.0,347.0,366.0,375.0,428.0,432.0,492.0,540.0,543.0,563.0,599.0,660.0,682.0,702.0,705.0,711.0,713.0,758.0,768.0,773.0,911.0,914.0,930.0,967.0,
105.0,136.0,169.0,203.0,272.0,289.0,291.0,303.0,310.0,361.0,409.0,453.0,468.0,487.0,491.0,527.0,529.0,555.0,579.0,671.0,735.0,904.0,921.0,956.0,985.0,990.0,
76.0,103.0,208.0,241.0,314.0,317.0,323.0,342.0,374.0,416.0,426.0,448.0,457.0,526.0,529.0,530.0,536.0,537.0,539.0,549.0,550.0,564.0,572.0,579.0,610.0,626.0,628.0,642.0,683.0,687.0,700.0,705.0,717.0,735.0,736.0,749.0,750.0,753.0,783.0,784.0,786.0,792.0,805.0,806.0,876.0,892.0,937.0,947.0,949.0,954.0,984.0,996.0,999.0,
4.0,27.0,88.0,143.0,145.0,154.0,172.0,194.0,205.0,205.0,214.0,215.0,253.0,315.0,415.0,420.0,467.0,501.0,525.0,527.0,535.0,540.0,544.0,549.0,552.0,561.0,566.0,586.0,588.0,596.0,606.0,610.0,612.0,633.0,635.0,679.0,683.0,690.0,701.0,702.0,703.0,716.0,734.0,736.0,749.0,752.0,767.0,769.0,771.0,787.0,789.0,792.0,849.0,866.0,892.0,895.0,908.0,939.0,946.0,968.0,978.0,987.0,997.0,
9.0,9.0,10.0,13.0,26.0,33.0,42.0,75.0,79.0,88.0,138.0,153.0,271.0,284.0,295.0,301.0,324.0,331.0,335.0,425.0,437.0,499.0,516.0,520.0,526.0,541.0,548.0,549.0,549.0,553.0,557.0,562.0,594.0,596.0,600.0,602.0,607.0,648.0,661.0,663.0,679.0,687.0,778.0,781.0,830.0,841.0,894.0,919.0,927.0,927.0,980.0,982.0,982.0,986.0,986.0,
12.0,16.0,117.0,203.0,229.0,236.0,244.0,260.0,273.0,305.0,330.0,361.0,367.0,371.0,385.0,408.0,435.0,440.0,468.0,473.0,475.0,525.0,544.0,823.0,875.0,900.0,938.0,983.0,988.0,
5.0,13.0,19.0,25.0,57.0,77.0,89.0,100.0,118.0,119.0,138.0,142.0,209.0,245.0,251.0,292.0,315.0,334.0,389.0,397.0,398.0,406.0,411.0,428.0,447.0,453.0,501.0,519.0,528.0,528.0,544.0,579.0,580.0,599.0,610.0,613.0,733.0,743.0,760.0,818.0,819.0,867.0,872.0,913.0,915.0,919.0,922.0,925.0,
26.0,42.0,80.0,107.0,111.0,128.0,133.0,153.0,227.0,231.0,240.0,255.0,265.0,268.0,275.0,284.0,347.0,420.0,435.0,452.0,479.0,691.0,714.0,790.0,814.0,846.0,903.0,
96.0,134.0,278.0,307.0,337.0,339.0,372.0,395.0,405.0,428.0,440.0,491.0,508.0,537.0,561.0,626.0,630.0,670.0,761.0,779.0,786.0,852.0,870.0,874.0,887.0,891.0,913.0,979.0,981.0,
47.0,59.0,61.0,89.0,91.0,95.0,95.0,98.0,135.0,165.0,187.0,288.0,300.0,349.0,356.0,362.0,420.0,441.0,458.0,551.0,559.0,595.0,601.0,660.0,727.0,730.0,777.0,785.0,790.0,861.0,871.0,877.0,885.0,982.0,
12.0,26.0,27.0,43.0,139.0,161.0,234.0,246.0,283.0,296.0,319.0,337.0,341.0,365.0,367.0,378.0,405.0,408.0,440.0,442.0,518.0,523.0,533.0,543.0,566.0,576.0,613.0,725.0,741.0,862.0,868.0,878.0,895.0,896.0,926.0,937.0,
131.0,183.0,230.0,231.0,306.0,336.0,372.0,410.0,427.0,459.0,462.0,490.0,505.0,528.0,529.0,553.0,554.0,554.0,562.0,563.0,566.0,573.0,574.0,593.0,600.0,601.0,609.0,612.0,612.0,614.0,619.0,629.0,630.0,637.0,641.0,644.0,646.0,663.0,672.0,676.0,676.0,678.0,681.0,700.0,707.0,708.0,716.0,717.0,725.0,729.0,746.0,765.0,771.0,803.0,814.0,846.0,857.0,858.0,870.0,909.0,918.0,925.0,930.0,941.0,950.0,968.0,974.0,980.0,
41.0,46.0,73.0,94.0,96.0,103.0,123.0,165.0,213.0,239.0,250.0,271.0,295.0,307.0,317.0,323.0,334.0,341.0,347.0,349.0,365.0,370.0,372.0,439.0,502.0,511.0,519.0,524.0,527.0,549.0,550.0,551.0,554.0,557.0,560.0,576.0,585.0,590.0,595.0,604.0,604.0,608.0,609.0,612.0,620.0,621.0,638.0,641.0,649.0,654.0,665.0,667.0,683.0,688.0,698.0,716.0,717.0,735.0,749.0,755.0,772.0,785.0,823.0,845.0,863.0,870.0,882.0,889.0,892.0,898.0,900.0,900.0,916.0,926.0,947.0,954.0,958.0,959.0,972.0,1000.0,
33.0,38.0,125.0,133.0,188.0,189.0,248.0,268.0,284.0,315.0,317.0,362.0,423.0,457.0,468.0,518.0,521.0,527.0,536.0,537.0,537.0,553.0,556.0,564.0,571.0,574.0,580.0,587.0,594.0,601.0,609.0,635.0,646.0,656.0,690.0,695.0,695.0,709.0,726.0,728.0,763.0,781.0,785.0,813.0,820.0,846.0,861.0,911.0,923.0,939.0,944.0,958.0,964.0,967.0,979.0,984.0,994.0,
11.0,66.0,71.0,159.0,192.0,212.0,301.0,348.0,394.0,394.0,456.0,462.0,509.0,510.0,539.0,540.0,543.0,544.0,552.0,559.0,559.0,559.0,564.0,595.0,598.0,606.0,607.0,615.0,619.0,620.0,621.0,636.0,638.0,656.0,665.0,666.0,674.0,679.0,695.0,708.0,715.0,718.0,737.0,738.0,742.0,753.0,773.0,774.0,799.0,806.0,809.0,854.0,864.0,877.0,927.0,930.0,931.0,940.0,956.0,964.0,970.0,975.0,977.0,980.0,
17.0,39.0,65.0,109.0,141.0,148.0,167.0,180.0,218.0,222.0,257.0,332.0,334.0,368.0,423.0,439.0,468.0,472.0,513.0,529.0,536.0,537.0,547.0,565.0,600.0,601.0,605.0,618.0,622.0,632.0,634.0,637.0,639.0,661.0,665.0,681.0,682.0,693.0,694.0,695.0,704.0,709.0,718.0,726.0,744.0,769.0,771.0,776.0,779.0,779.0,812.0,817.0,830.0,835.0,877.0,883.0,898.0,930.0,946.0,980.0,
9.0,18.0,47.0,102.0,135.0,143.0,165.0,178.0,179.0,205.0,260.0,266.0,267.0,341.0,342.0,353.0,360.0,428.0,465.0,486.0,533.0,534.0,546.0,668.0,698.0,747.0,766.0,865.0,917.0,941.0,992.0,
3.0,47.0,53.0,128.0,138.0,209.0,269.0,287.0,312.0,313.0,315.0,316.0,325.0,393.0,398.0,416.0,461.0,462.0,466.0,488.0,494.0,538.0,553.0,554.0,601.0,602.0,627.0,638.0,717.0,788.0,789.0,805.0,903.0,
4.0,15.0,55.0,87.0,171.0,196.0,228.0,270.0,287.0,294.0,338.0,445.0,458.0,472.0,482.0,486.0,491.0,569.0,588.0,609.0,631.0,638.0,695.0,729.0,731.0,768.0,783.0,793.0,832.0,840.0,881.0,910.0,
53.0,53.0,100.0,122.0,163.0,176.0,191.0,219.0,223.0,243.0,281.0,283.0,474.0,546.0,579.0,593.0,613.0,666.0,710.0,727.0,746.0,758.0,770.0,815.0,829.0,840.0,859.0,931.0,932.0,983.0,
74.0,91.0,102.0,165.0,172.0,203.0,213.0,231.0,255.0,296.0,324.0,389.0,396.0,411.0,411.0,470.0,508.0,521.0,523.0,528.0,548.0,561.0,632.0,633.0,662.0,672.0,695.0,710.0,738.0,865.0,889.0,970.0,
33.0,36.0,80.0,86.0,108.0,166.0,177.0,252.0,269.0,292.0,349.0,358.0,360.0,404.0,486.0,488.0,524.0,525.0,536.0,537.0,548.0,551.0,557.0,558.0,558.0,578.0,580.0,583.0,584.0,598.0,607.0,617.0,619.0,625.0,628.0,637.0,651.0,657.0,663.0,664.0,689.0,709.0,723.0,730.0,739.0,742.0,745.0,750.0,753.0,757.0,777.0,782.0,812.0,822.0,826.0,827.0,849.0,849.0,851.0,860.0,868.0,881.0,882.0,929.0,968.0,968.0,983.0,
8.0,18.0,45.0,55.0,79.0,80.0,95.0,137.0,158.0,202.0,212.0,222.0,247.0,275.0,280.0,304.0,308.0,334.0,341.0,358.0,365.0,384.0,404.0,429.0,457.0,530.0,531.0,538.0,541.0,545.0,552.0,554.0,559.0,560.0,564.0,569.0,569.0,573.0,573.0,574.0,582.0,582.0,582.0,587.0,590.0,592.0,595.0,603.0,606.0,620.0,626.0,628.0,636.0,645.0,655.0,660.0,669.0,673.0,684.0,685.0,693.0,694.0,708.0,721.0,723.0,747.0,749.0,752.0,763.0,765.0,771.0,773.0,778.0,780.0,805.0,826.0,905.0,919.0,942.0,949.0,958.0,960.0,979.0,
15.0,16.0,75.0,107.0,121.0,123.0,182.0,373.0,384.0,384.0,429.0,440.0,515.0,516.0,524.0,524.0,526.0,526.0,529.0,541.0,542.0,546.0,561.0,562.0,565.0,567.0,580.0,590.0,592.0,593.0,600.0,607.0,608.0,612.0,616.0,619.0,626.0,628.0,631.0,633.0,651.0,677.0,715.0,742.0,752.0,762.0,768.0,807.0,808.0,816.0,819.0,868.0,871.0,895.0,900.0,910.0,914.0,939.0,958.0,966.0,968.0,
26.0,63.0,66.0,86.0,88.0,94.0,95.0,109.0,122.0,143.0,151.0,191.0,192.0,222.0,247.0,295.0,310.0,312.0,318.0,402.0,475.0,504.0,522.0,537.0,538.0,572.0,579.0,585.0,591.0,592.0,601.0,607.0,626.0,629.0,630.0,634.0,647.0,649.0,674.0,681.0,694.0,704.0,705.0,723.0,734.0,745.0,751.0,766.0,780.0,827.0,846.0,865.0,894.0,910.0,927.0,929.0,933.0,941.0,950.0,953.0,968.0,985.0,996.0,998.0,
40.0,42.0,52.0,77.0,92.0,131.0,137.0,142.0,195.0,231.0,315.0,323.0,359.0,380.0,408.0,426.0,437.0,476.0,504.0,511.0,522.0,525.0,535.0,540.0,547.0,553.0,565.0,576.0,595.0,597.0,614.0,616.0,644.0,645.0,670.0,681.0,685.0,692.0,707.0,711.0,721.0,733.0,736.0,741.0,750.0,767.0,771.0,774.0,783.0,786.0,789.0,795.0,799.0,829.0,849.0,879.0,880.0,911.0,941.0,944.0,968.0,976.0,
17.0,68.0,109.0,123.0,175.0,188.0,195.0,203.0,208.0,215.0,231.0,259.0,282.0,300.0,317.0,405.0,406.0,430.0,443.0,477.0,478.0,524.0,560.0,562.0,563.0,589.0,609.0,618.0,626.0,643.0,685.0,778.0,792.0,792.0,884.0,993.0,
33.0,33.0,94.0,125.0,132.0,180.0,219.0,230.0,249.0,252.0,256.0,281.0,307.0,322.0,378.0,380.0,413.0,459.0,475.0,478.0,481.0,503.0,515.0,516.0,524.0,541.0,546.0,575.0,594.0,626.0,654.0,656.0,680.0,683.0,685.0,719.0,728.0,743.0,743.0,829.0,842.0,936.0,
21.0,49.0,97.0,229.0,233.0,302.0,345.0,348.0,353.0,361.0,367.0,368.0,383.0,398.0,398.0,399.0,424.0,507.0,516.0,562.0,604.0,612.0,649.0,670.0,673.0,674.0,683.0,760.0,811.0,909.0,914.0,917.0,929.0,931.0,948.0,972.0,976.0,984.0,991.0,
22.0,43.0,65.0,67.0,73.0,114.0,132.0,236.0,243.0,255.0,302.0,325.0,332.0,332.0,365.0,386.0,387.0,391.0,406.0,412.0,414.0,501.0,506.0,534.0,540.0,550.0,585.0,660.0,662.0,709.0,764.0,775.0,808.0,815.0,886.0,903.0,905.0,915.0,
53.0,70.0,98.0,131.0,141.0,188.0,239.0,251.0,271.0,309.0,349.0,369.0,391.0,407.0,414.0,419.0,420.0,510.0,571.0,577.0,604.0,607.0,616.0,629.0,630.0,674.0,750.0,754.0,774.0,781.0,852.0,912.0,949.0,
15.0,88.0,97.0,99.0,105.0,120.0,144.0,191.0,225.0,263.0,266.0,296.0,298.0,356.0,377.0,433.0,436.0,453.0,500.0,517.0,524.0,528.0,534.0,534.0,536.0,538.0,549.0,550.0,554.0,559.0,561.0,563.0,564.0,565.0,581.0,581.0,587.0,610.0,648.0,653.0,673.0,679.0,718.0,719.0,726.0,732.0,770.0,775.0,781.0,816.0,817.0,836.0,838.0,855.0,861.0,873.0,925.0,933.0,933.0,933.0,940.0,958.0,963.0,
22.0,53.0,56.0,57.0,83.0,102.0,124.0,197.0,198.0,202.0,215.0,236.0,239.0,242.0,281.0,284.0,300.0,317.0,324.0,360.0,382.0,393.0,450.0,457.0,479.0,507.0,527.0,536.0,536.0,542.0,546.0,549.0,550.0,556.0,558.0,578.0,581.0,586.0,589.0,590.0,594.0,598.0,609.0,615.0,633.0,657.0,667.0,670.0,674.0,706.0,726.0,741.0,742.0,748.0,776.0,786.0,797.0,807.0,835.0,843.0,844.0,848.0,849.0,863.0,869.0,878.0,886.0,900.0,904.0,906.0,908.0,914.0,937.0,944.0,945.0,960.0,961.0,962.0,985.0,
29.0,101.0,142.0,157.0,161.0,213.0,274.0,315.0,360.0,394.0,418.0,463.0,473.0,475.0,484.0,519.0,521.0,526.0,526.0,527.0,527.0,529.0,536.0,544.0,551.0,561.0,565.0,568.0,573.0,584.0,585.0,585.0,585.0,586.0,603.0,614.0,618.0,639.0,642.0,646.0,652.0,662.0,672.0,682.0,689.0,690.0,703.0,706.0,720.0,724.0,757.0,765.0,767.0,781.0,798.0,815.0,824.0,875.0,939.0,
16.0,36.0,78.0,134.0,174.0,178.0,246.0,265.0,296.0,340.0,429.0,481.0,487.0,504.0,511.0,517.0,532.0,532.0,534.0,545.0,546.0,549.0,553.0,554.0,555.0,557.0,557.0,561.0,564.0,577.0,581.0,583.0,583.0,585.0,586.0,596.0,614.0,623.0,628.0,628.0,633.0,633.0,634.0,641.0,645.0,651.0,661.0,663.0,667.0,679.0,682.0,691.0,698.0,702.0,713.0,717.0,740.0,745.0,767.0,769.0,779.0,789.0,808.0,830.0,839.0,863.0,894.0,897.0,898.0,920.0,923.0,938.0,952.0,955.0,968.0,970.0,983.0,989.0,996.0,
28.0,33.0,36.0,44.0,103.0,105.0,118.0,161.0,266.0,299.0,338.0,394.0,412.0,441.0,486.0,489.0,496.0,502.0,513.0,531.0,539.0,539.0,542.0,548.0,552.0,554.0,566.0,573.0,574.0,576.0,580.0,594.0,602.0,607.0,608.0,613.0,616.0,640.0,642.0,644.0,656.0,658.0,669.0,710.0,737.0,754.0,762.0,778.0,782.0,791.0,795.0,797.0,808.0,822.0,861.0,886.0,887.0,918.0,919.0,972.0,987.0,995.0,
20.0,40.0,43.0,46.0,79.0,85.0,88.0,115.0,147.0,153.0,168.0,180.0,181.0,187.0,218.0,231.0,251.0,296.0,348.0,411.0,434.0,471.0,496.0,519.0,521.0,591.0,597.0,627.0,694.0,774.0,792.0,801.0,809.0,819.0,833.0,839.0,885.0,957.0,969.0,983.0,985.0,1000.0,
7.0,23.0,52.0,84.0,109.0,153.0,178.0,185.0,218.0,219.0,252.0,272.0,273.0,299.0,312.0,329.0,332.0,370.0,392.0,472.0,494.0,495.0,547.0,549.0,568.0,593.0,677.0,716.0,740.0,741.0,758.0,836.0,836.0,858.0,895.0,912.0,949.0,993.0,
21.0,109.0,154.0,231.0,275.0,296.0,343.0,352.0,376.0,377.0,416.0,417.0,477.0,508.0,516.0,531.0,543.0,546.0,547.0,608.0,608.0,631.0,634.0,640.0,648.0,651.0,697.0,741.0,765.0,775.0,854.0,888.0,894.0,897.0,899.0,930.0,969.0,
8.0,30.0,35.0,38.0,52.0,105.0,124.0,150.0,174.0,174.0,219.0,222.0,236.0,236.0,263.0,312.0,316.0,316.0,370.0,371.0,386.0,412.0,571.0,577.0,592.0,651.0,655.0,664.0,712.0,761.0,792.0,806.0,899.0,902.0,915.0,924.0,927.0,958.0,969.0,983.0,996.0,
22.0,31.0,81.0,126.0,169.0,175.0,179.0,241.0,251.0,255.0,256.0,308.0,310.0,371.0,509.0,514.0,514.0,525.0,536.0,597.0,626.0,699.0,727.0,765.0,810.0,826.0,876.0,913.0,929.0,
31.0,69.0,88.0,116.0,149.0,175.0,199.0,295.0,296.0,307.0,351.0,354.0,363.0,391.0,394.0,408.0,419.0,454.0,456.0,458.0,479.0,479.0,488.0,528.0,542.0,545.0,586.0,593.0,594.0,601.0,726.0,744.0,757.0,762.0,768.0,771.0,773.0,813.0,886.0,921.0,950.0,987.0,
7.0,14.0,65.0,66.0,75.0,112.0,259.0,359.0,428.0,432.0,451.0,474.0,484.0,523.0,526.0,537.0,539.0,544.0,546.0,562.0,572.0,578.0,584.0,586.0,593.0,602.0,604.0,634.0,641.0,683.0,702.0,705.0,710.0,711.0,722.0,776.0,783.0,807.0,811.0,827.0,828.0,860.0,861.0,864.0,866.0,873.0,921.0,923.0,934.0,935.0,942.0,945.0,
11.0,103.0,131.0,191.0,201.0,226.0,250.0,289.0,296.0,327.0,338.0,343.0,394.0,406.0,408.0,492.0,509.0,512.0,521.0,532.0,532.0,533.0,535.0,541.0,552.0,556.0,558.0,559.0,562.0,569.0,594.0,613.0,641.0,649.0,667.0,673.0,685.0,685.0,696.0,702.0,710.0,717.0,729.0,733.0,734.0,736.0,747.0,757.0,781.0,792.0,807.0,815.0,859.0,870.0,909.0,913.0,922.0,929.0,932.0,933.0,933.0,937.0,945.0,971.0,
5.0,52.0,63.0,94.0,113.0,123.0,164.0,190.0,219.0,223.0,243.0,247.0,261.0,262.0,330.0,370.0,394.0,402.0,412.0,472.0,529.0,542.0,544.0,548.0,549.0,557.0,557.0,560.0,617.0,621.0,628.0,631.0,633.0,635.0,635.0,656.0,682.0,740.0,748.0,768.0,787.0,843.0,845.0,856.0,902.0,949.0,974.0,
18.0,42.0,79.0,105.0,156.0,157.0,210.0,227.0,228.0,298.0,304.0,306.0,352.0,361.0,395.0,417.0,440.0,483.0,496.0,518.0,533.0,537.0,539.0,550.0,557.0,558.0,574.0,585.0,592.0,621.0,633.0,660.0,666.0,713.0,812.0,882.0,888.0,962.0,
17.0,70.0,84.0,126.0,138.0,162.0,202.0,228.0,273.0,278.0,278.0,286.0,374.0,405.0,437.0,439.0,460.0,461.0,472.0,540.0,543.0,550.0,607.0,609.0,619.0,635.0,643.0,677.0,683.0,696.0,713.0,774.0,777.0,822.0,833.0,843.0,878.0,937.0,
8.0,42.0,88.0,139.0,142.0,150.0,174.0,229.0,249.0,252.0,307.0,314.0,316.0,514.0,515.0,524.0,540.0,568.0,571.0,591.0,652.0,685.0,735.0,745.0,756.0,760.0,774.0,781.0,791.0,876.0,899.0,920.0,939.0,958.0,978.0,992.0,
69.0,86.0,94.0,95.0,114.0,116.0,116.0,153.0,215.0,265.0,300.0,350.0,372.0,393.0,395.0,398.0,453.0,468.0,514.0,520.0,533.0,564.0,620.0,637.0,667.0,720.0,722.0,752.0,763.0,794.0,798.0,800.0,822.0,923.0,961.0,998.0,
13.0,64.0,84.0,117.0,117.0,133.0,171.0,214.0,249.0,264.0,266.0,280.0,294.0,355.0,359.0,426.0,464.0,498.0,527.0,544.0,560.0,567.0,580.0,587.0,607.0,703.0,725.0,750.0,768.0,804.0,833.0,865.0,878.0,880.0,886.0,911.0,912.0,923.0,973.0,979.0,1000.0,
41.0,49.0,79.0,79.0,113.0,147.0,156.0,250.0,267.0,271.0,288.0,289.0,303.0,322.0,390.0,408.0,415.0,474.0,479.0,485.0,486.0,515.0,547.0,572.0,583.0,591.0,643.0,670.0,672.0,711.0,753.0,854.0,920.0,926.0,982.0,
2.0,133.0,147.0,160.0,166.0,167.0,194.0,243.0,268.0,270.0,307.0,323.0,368.0,398.0,456.0,471.0,559.0,598.0,653.0,681.0,740.0,806.0,852.0,861.0,922.0,980.0,998.0,
43.0,116.0,133.0,161.0,196.0,204.0,214.0,224.0,234.0,251.0,254.0,255.0,267.0,268.0,289.0,306.0,339.0,368.0,391.0,429.0,451.0,470.0,499.0,561.0,618.0,623.0,679.0,750.0,853.0,870.0,907.0,920.0,974.0,
2.0,21.0,50.0,67.0,76.0,81.0,95.0,101.0,107.0,109.0,109.0,120.0,128.0,160.0,190.0,216.0,218.0,218.0,235.0,248.0,271.0,276.0,288.0,309.0,361.0,379.0,380.0,418.0,429.0,435.0,439.0,447.0,461.0,488.0,489.0,530.0,531.0,541.0,545.0,545.0,549.0,559.0,699.0,724.0,781.0,846.0,879.0,881.0,909.0,936.0,
23.0,104.0,150.0,187.0,269.0,272.0,331.0,440.0,461.0,472.0,511.0,536.0,579.0,580.0,581.0,583.0,591.0,641.0,658.0,693.0,785.0,824.0,860.0,866.0,884.0,886.0,898.0,909.0,913.0,
18.0,46.0,47.0,72.0,79.0,81.0,129.0,143.0,155.0,162.0,191.0,205.0,227.0,288.0,327.0,332.0,380.0,425.0,448.0,457.0,518.0,605.0,654.0,685.0,719.0,724.0,789.0,814.0,846.0,888.0,949.0,
56.0,128.0,142.0,186.0,198.0,238.0,273.0,274.0,295.0,355.0,355.0,360.0,399.0,401.0,552.0,580.0,607.0,660.0,769.0,855.0,856.0,878.0,907.0,934.0,935.0,957.0,959.0,996.0,
72.0,79.0,132.0,172.0,205.0,213.0,234.0,343.0,405.0,410.0,417.0,459.0,470.0,489.0,576.0,590.0,593.0,611.0,629.0,660.0,668.0,700.0,761.0,770.0,776.0,798.0,826.0,874.0,876.0,951.0,
4.0,14.0,50.0,63.0,123.0,176.0,222.0,232.0,271.0,278.0,289.0,290.0,303.0,309.0,312.0,405.0,473.0,516.0,558.0,560.0,570.0,584.0,668.0,670.0,705.0,739.0,759.0,780.0,827.0,996.0,
27.0,62.0,71.0,78.0,89.0,105.0,149.0,153.0,210.0,310.0,374.0,400.0,482.0,515.0,537.0,560.0,575.0,587.0,592.0,604.0,633.0,640.0,706.0,738.0,780.0,786.0,790.0,822.0,855.0,862.0,897.0,897.0,948.0,951.0,955.0,991.0,992.0,
14.0,22.0,27.0,51.0,60.0,161.0,165.0,183.0,214.0,214.0,225.0,246.0,300.0,328.0,342.0,420.0,456.0,519.0,531.0,531.0,541.0,566.0,589.0,638.0,639.0,702.0,721.0,785.0,792.0,792.0,793.0,795.0,808.0,817.0,875.0,942.0,955.0,
12.0,18.0,29.0,93.0,121.0,141.0,222.0,234.0,275.0,312.0,361.0,361.0,369.0,450.0,502.0,504.0,519.0,525.0,533.0,544.0,551.0,586.0,590.0,636.0,650.0,661.0,663.0,673.0,706.0,750.0,766.0,789.0,821.0,828.0,880.0,929.0,941.0,959.0,974.0,
25.0,41.0,62.0,115.0,183.0,189.0,218.0,228.0,307.0,314.0,317.0,327.0,335.0,356.0,384.0,427.0,432.0,545.0,559.0,563.0,601.0,627.0,645.0,650.0,673.0,688.0,744.0,807.0,821.0,832.0,889.0,894.0,932.0,989.0,
8.0,11.0,52.0,72.0,83.0,121.0,146.0,150.0,248.0,250.0,262.0,298.0,302.0,305.0,314.0,337.0,338.0,348.0,403.0,410.0,418.0,420.0,491.0,514.0,525.0,530.0,571.0,589.0,602.0,625.0,714.0,737.0,771.0,789.0,808.0,841.0,873.0,925.0,961.0,961.0,
16.0,29.0,56.0,67.0,93.0,120.0,122.0,172.0,182.0,239.0,329.0,347.0,365.0,425.0,487.0,556.0,560.0,615.0,619.0,646.0,696.0,752.0,832.0,873.0,892.0,930.0,947.0,958.0,991.0,999.0,
10.0,19.0,32.0,48.0,86.0,86.0,87.0,102.0,124.0,130.0,193.0,201.0,237.0,284.0,317.0,323.0,384.0,403.0,429.0,545.0,552.0,622.0,726.0,737.0,739.0,782.0,787.0,802.0,827.0,832.0,837.0,848.0,855.0,878.0,890.0,937.0,978.0,979.0,
2.0,59.0,99.0,105.0,144.0,147.0,185.0,198.0,214.0,235.0,248.0,273.0,274.0,359.0,362.0,386.0,438.0,448.0,518.0,543.0,580.0,607.0,611.0,642.0,737.0,738.0,763.0,791.0,810.0,815.0,877.0,929.0,933.0,991.0,992.0,
113.0,127.0,146.0,161.0,164.0,168.0,181.0,196.0,219.0,276.0,347.0,375.0,385.0,471.0,493.0,537.0,602.0,632.0,650.0,707.0,729.0,777.0,785.0,797.0,799.0,843.0,849.0,861.0,869.0,872.0,898.0,929.0,964.0,
