11.0,30.0,74.0,91.0,121.0,166.0,186.0,203.0,206.0,215.0,229.0,232.0,238.0,242.0,248.0,254.0,300.0,316.0,319.0,346.0,357.0,398.0,400.0,431.0,437.0,462.0,560.0,562.0,571.0,575.0,580.0,645.0,699.0,712.0,773.0,856.0,901.0,908.0,923.0,924.0,943.0,954.0,996.0,
40.0,45.0,52.0,104.0,151.0,234.0,234.0,240.0,245.0,257.0,270.0,305.0,313.0,351.0,374.0,375.0,426.0,490.0,496.0,519.0,570.0,585.0,598.0,612.0,614.0,615.0,617.0,618.0,633.0,674.0,707.0,720.0,723.0,739.0,761.0,818.0,867.0,893.0,912.0,925.0,927.0,953.0,955.0,
74.0,111.0,115.0,175.0,205.0,212.0,223.0,234.0,238.0,260.0,277.0,283.0,288.0,309.0,330.0,383.0,420.0,423.0,429.0,437.0,447.0,455.0,480.0,505.0,577.0,596.0,598.0,611.0,617.0,636.0,692.0,715.0,724.0,770.0,799.0,803.0,836.0,843.0,881.0,990.0,
86.0,172.0,179.0,210.0,245.0,277.0,288.0,289.0,355.0,383.0,386.0,395.0,412.0,421.0,421.0,436.0,456.0,461.0,515.0,576.0,617.0,626.0,627.0,645.0,671.0,672.0,677.0,684.0,708.0,782.0,787.0,800.0,835.0,872.0,884.0,950.0,958.0,972.0,993.0,
18.0,89.0,126.0,173.0,185.0,187.0,219.0,231.0,258.0,387.0,400.0,414.0,435.0,486.0,496.0,532.0,670.0,703.0,787.0,788.0,809.0,821.0,846.0,872.0,898.0,948.0,971.0,
24.0,36.0,39.0,133.0,160.0,175.0,177.0,257.0,274.0,287.0,322.0,365.0,404.0,418.0,523.0,594.0,793.0,871.0,888.0,918.0,
65.0,88.0,151.0,156.0,207.0,297.0,330.0,331.0,389.0,403.0,418.0,432.0,460.0,461.0,521.0,577.0,670.0,685.0,709.0,730.0,744.0,749.0,756.0,794.0,884.0,886.0,886.0,896.0,902.0,929.0,951.0,961.0,978.0,984.0,992.0,
35.0,37.0,53.0,102.0,133.0,171.0,193.0,203.0,205.0,216.0,229.0,243.0,249.0,275.0,300.0,334.0,341.0,355.0,407.0,447.0,455.0,499.0,507.0,511.0,523.0,529.0,561.0,593.0,680.0,713.0,743.0,743.0,755.0,778.0,779.0,795.0,797.0,805.0,816.0,835.0,855.0,862.0,893.0,969.0,984.0,
14.0,18.0,19.0,35.0,35.0,94.0,152.0,155.0,207.0,224.0,261.0,272.0,285.0,286.0,381.0,442.0,451.0,480.0,545.0,610.0,662.0,667.0,675.0,689.0,709.0,788.0,810.0,833.0,900.0,900.0,909.0,921.0,967.0,993.0,999.0,
47.0,51.0,57.0,67.0,82.0,106.0,125.0,139.0,141.0,147.0,193.0,203.0,227.0,236.0,252.0,260.0,276.0,294.0,300.0,305.0,330.0,354.0,382.0,454.0,465.0,484.0,565.0,616.0,623.0,643.0,696.0,710.0,717.0,742.0,775.0,784.0,875.0,934.0,
19.0,132.0,139.0,152.0,170.0,207.0,210.0,225.0,277.0,306.0,352.0,431.0,449.0,452.0,610.0,636.0,648.0,696.0,726.0,744.0,750.0,750.0,751.0,774.0,790.0,802.0,843.0,864.0,877.0,905.0,909.0,947.0,968.0,993.0,
16.0,78.0,92.0,102.0,324.0,348.0,396.0,559.0,561.0,640.0,644.0,676.0,712.0,769.0,786.0,792.0,881.0,883.0,899.0,900.0,928.0,942.0,958.0,979.0,
32.0,61.0,140.0,163.0,200.0,216.0,291.0,293.0,299.0,306.0,324.0,356.0,387.0,431.0,441.0,459.0,485.0,488.0,491.0,505.0,518.0,524.0,538.0,561.0,573.0,603.0,767.0,768.0,777.0,787.0,828.0,830.0,849.0,865.0,874.0,980.0,
38.0,45.0,107.0,115.0,121.0,149.0,170.0,175.0,216.0,224.0,236.0,254.0,258.0,259.0,262.0,284.0,286.0,288.0,307.0,309.0,320.0,354.0,363.0,366.0,406.0,455.0,529.0,643.0,660.0,663.0,687.0,714.0,752.0,756.0,803.0,825.0,882.0,898.0,
17.0,24.0,78.0,110.0,131.0,133.0,167.0,214.0,260.0,327.0,369.0,427.0,470.0,538.0,582.0,589.0,595.0,619.0,628.0,629.0,683.0,719.0,719.0,785.0,798.0,997.0,
17.0,22.0,57.0,64.0,76.0,82.0,86.0,136.0,169.0,182.0,207.0,210.0,236.0,237.0,326.0,338.0,349.0,383.0,428.0,445.0,462.0,477.0,551.0,626.0,640.0,667.0,710.0,783.0,789.0,829.0,852.0,868.0,890.0,900.0,917.0,948.0,983.0,
85.0,91.0,103.0,117.0,129.0,147.0,163.0,169.0,199.0,209.0,286.0,290.0,360.0,362.0,444.0,450.0,471.0,533.0,552.0,593.0,612.0,630.0,662.0,678.0,794.0,836.0,880.0,916.0,938.0,968.0,
15.0,28.0,33.0,45.0,71.0,104.0,107.0,111.0,111.0,135.0,191.0,243.0,281.0,307.0,308.0,313.0,332.0,360.0,383.0,406.0,447.0,496.0,534.0,557.0,608.0,669.0,676.0,695.0,738.0,855.0,859.0,926.0,945.0,
36.0,103.0,108.0,119.0,127.0,152.0,171.0,259.0,272.0,278.0,282.0,320.0,364.0,408.0,436.0,459.0,468.0,549.0,550.0,728.0,738.0,745.0,762.0,764.0,811.0,858.0,957.0,960.0,962.0,966.0,981.0,991.0,
13.0,18.0,38.0,51.0,54.0,57.0,61.0,71.0,99.0,117.0,170.0,176.0,194.0,216.0,229.0,249.0,257.0,281.0,334.0,346.0,349.0,350.0,392.0,394.0,395.0,434.0,466.0,472.0,480.0,498.0,517.0,539.0,548.0,557.0,592.0,608.0,679.0,742.0,792.0,817.0,881.0,943.0,
27.0,33.0,47.0,59.0,76.0,131.0,135.0,141.0,158.0,162.0,215.0,220.0,223.0,249.0,269.0,294.0,314.0,314.0,324.0,324.0,331.0,334.0,348.0,351.0,387.0,392.0,404.0,420.0,443.0,443.0,480.0,527.0,581.0,612.0,666.0,674.0,700.0,710.0,748.0,758.0,761.0,778.0,780.0,792.0,815.0,829.0,842.0,963.0,971.0,971.0,986.0,
8.0,51.0,55.0,70.0,74.0,97.0,126.0,129.0,130.0,137.0,193.0,208.0,218.0,220.0,227.0,262.0,267.0,269.0,293.0,321.0,357.0,359.0,497.0,535.0,536.0,618.0,628.0,687.0,696.0,727.0,784.0,812.0,833.0,836.0,875.0,913.0,977.0,978.0,998.0,
7.0,7.0,7.0,40.0,79.0,85.0,110.0,131.0,148.0,159.0,185.0,226.0,284.0,302.0,314.0,335.0,399.0,472.0,481.0,523.0,524.0,538.0,555.0,566.0,604.0,667.0,759.0,798.0,848.0,859.0,883.0,947.0,955.0,
67.0,94.0,152.0,200.0,331.0,338.0,374.0,390.0,409.0,453.0,454.0,482.0,506.0,508.0,549.0,551.0,564.0,574.0,631.0,711.0,721.0,724.0,772.0,822.0,846.0,848.0,853.0,857.0,864.0,965.0,971.0,995.0,997.0,999.0,
72.0,81.0,87.0,98.0,146.0,154.0,169.0,206.0,226.0,229.0,240.0,258.0,264.0,346.0,391.0,422.0,461.0,477.0,480.0,482.0,540.0,545.0,548.0,559.0,564.0,572.0,582.0,611.0,625.0,630.0,631.0,634.0,636.0,660.0,676.0,682.0,717.0,724.0,740.0,752.0,773.0,775.0,785.0,789.0,810.0,818.0,849.0,873.0,915.0,960.0,965.0,968.0,969.0,973.0,981.0,
20.0,43.0,53.0,100.0,136.0,181.0,181.0,196.0,230.0,291.0,294.0,304.0,341.0,356.0,374.0,419.0,420.0,447.0,516.0,529.0,544.0,552.0,565.0,569.0,569.0,579.0,584.0,588.0,598.0,599.0,613.0,645.0,645.0,648.0,655.0,657.0,672.0,676.0,691.0,716.0,717.0,741.0,751.0,798.0,823.0,848.0,904.0,917.0,918.0,930.0,944.0,953.0,960.0,967.0,978.0,978.0,989.0,996.0,
4.0,22.0,45.0,66.0,76.0,83.0,105.0,192.0,244.0,257.0,285.0,294.0,364.0,373.0,394.0,431.0,456.0,523.0,525.0,527.0,531.0,543.0,548.0,560.0,561.0,567.0,572.0,575.0,578.0,579.0,580.0,581.0,591.0,595.0,600.0,623.0,625.0,626.0,640.0,664.0,665.0,665.0,666.0,688.0,691.0,695.0,707.0,711.0,716.0,725.0,727.0,734.0,738.0,749.0,778.0,785.0,791.0,792.0,836.0,848.0,928.0,943.0,945.0,948.0,956.0,976.0,
25.0,35.0,63.0,73.0,78.0,85.0,134.0,136.0,141.0,148.0,172.0,185.0,211.0,225.0,230.0,292.0,319.0,324.0,337.0,402.0,413.0,458.0,472.0,523.0,528.0,529.0,534.0,547.0,573.0,576.0,624.0,630.0,634.0,654.0,680.0,684.0,729.0,792.0,797.0,857.0,862.0,864.0,867.0,876.0,934.0,942.0,997.0,997.0,
25.0,103.0,112.0,140.0,152.0,153.0,161.0,195.0,198.0,267.0,291.0,298.0,327.0,337.0,363.0,388.0,394.0,411.0,446.0,501.0,501.0,505.0,520.0,531.0,532.0,545.0,567.0,578.0,602.0,650.0,656.0,669.0,699.0,715.0,722.0,819.0,821.0,855.0,889.0,958.0,
12.0,44.0,70.0,133.0,186.0,205.0,215.0,222.0,241.0,243.0,324.0,361.0,414.0,415.0,434.0,480.0,490.0,495.0,519.0,522.0,558.0,643.0,646.0,700.0,719.0,719.0,784.0,832.0,878.0,888.0,939.0,998.0,
11.0,18.0,81.0,85.0,86.0,88.0,89.0,141.0,148.0,165.0,178.0,213.0,323.0,404.0,453.0,472.0,472.0,485.0,487.0,555.0,593.0,596.0,602.0,607.0,629.0,719.0,755.0,768.0,779.0,817.0,844.0,848.0,870.0,899.0,908.0,950.0,
39.0,62.0,150.0,153.0,166.0,173.0,179.0,193.0,205.0,235.0,248.0,250.0,280.0,289.0,362.0,441.0,451.0,462.0,524.0,543.0,577.0,637.0,719.0,814.0,830.0,867.0,901.0,956.0,962.0,969.0,994.0,
17.0,36.0,109.0,112.0,113.0,136.0,146.0,177.0,195.0,227.0,244.0,263.0,282.0,352.0,421.0,466.0,477.0,533.0,560.0,566.0,571.0,579.0,612.0,657.0,661.0,689.0,690.0,707.0,757.0,768.0,814.0,909.0,954.0,
120.0,153.0,154.0,156.0,180.0,195.0,201.0,255.0,259.0,311.0,340.0,358.0,365.0,410.0,451.0,477.0,485.0,497.0,519.0,523.0,524.0,525.0,533.0,536.0,540.0,542.0,557.0,586.0,593.0,605.0,615.0,624.0,624.0,638.0,642.0,647.0,650.0,657.0,658.0,676.0,684.0,685.0,687.0,688.0,713.0,718.0,721.0,726.0,742.0,749.0,753.0,760.0,770.0,772.0,784.0,787.0,792.0,831.0,867.0,879.0,889.0,908.0,926.0,942.0,943.0,952.0,972.0,975.0,985.0,
49.0,62.0,69.0,69.0,71.0,86.0,105.0,154.0,183.0,201.0,246.0,282.0,283.0,285.0,364.0,396.0,406.0,431.0,457.0,484.0,513.0,520.0,526.0,527.0,528.0,532.0,533.0,536.0,545.0,546.0,555.0,557.0,558.0,566.0,574.0,575.0,578.0,579.0,582.0,599.0,601.0,604.0,608.0,609.0,615.0,622.0,623.0,626.0,628.0,645.0,647.0,650.0,653.0,672.0,687.0,692.0,698.0,714.0,730.0,762.0,814.0,830.0,832.0,844.0,861.0,864.0,873.0,886.0,886.0,888.0,890.0,904.0,932.0,973.0,974.0,984.0,987.0,
8.0,21.0,22.0,48.0,52.0,57.0,78.0,172.0,173.0,205.0,216.0,219.0,230.0,290.0,291.0,324.0,369.0,449.0,453.0,458.0,475.0,532.0,547.0,549.0,557.0,559.0,560.0,563.0,567.0,568.0,591.0,595.0,600.0,603.0,608.0,609.0,613.0,627.0,636.0,650.0,654.0,655.0,673.0,675.0,685.0,705.0,730.0,742.0,754.0,761.0,781.0,784.0,799.0,802.0,813.0,816.0,830.0,845.0,877.0,890.0,907.0,911.0,914.0,916.0,919.0,924.0,926.0,932.0,953.0,954.0,955.0,975.0,986.0,
13.0,46.0,76.0,88.0,169.0,171.0,238.0,268.0,271.0,287.0,306.0,354.0,396.0,436.0,459.0,463.0,502.0,518.0,528.0,529.0,530.0,531.0,533.0,534.0,535.0,546.0,552.0,555.0,558.0,568.0,583.0,596.0,605.0,606.0,607.0,613.0,632.0,647.0,652.0,661.0,665.0,668.0,691.0,696.0,697.0,704.0,714.0,723.0,749.0,757.0,765.0,779.0,788.0,794.0,806.0,808.0,826.0,846.0,864.0,864.0,874.0,876.0,881.0,882.0,897.0,919.0,928.0,936.0,949.0,949.0,950.0,966.0,968.0,974.0,980.0,994.0,994.0,
53.0,95.0,96.0,104.0,107.0,132.0,208.0,246.0,256.0,314.0,371.0,373.0,391.0,454.0,457.0,469.0,502.0,509.0,519.0,520.0,524.0,527.0,527.0,538.0,550.0,557.0,564.0,567.0,569.0,570.0,576.0,610.0,619.0,622.0,640.0,648.0,654.0,704.0,720.0,734.0,734.0,737.0,763.0,782.0,783.0,790.0,810.0,871.0,901.0,924.0,931.0,932.0,974.0,986.0,990.0,
14.0,25.0,89.0,105.0,125.0,154.0,171.0,184.0,193.0,237.0,264.0,309.0,356.0,362.0,421.0,446.0,452.0,467.0,472.0,481.0,498.0,537.0,554.0,557.0,557.0,559.0,565.0,626.0,663.0,700.0,754.0,755.0,793.0,822.0,888.0,900.0,905.0,933.0,995.0,
26.0,98.0,141.0,157.0,255.0,261.0,263.0,266.0,268.0,438.0,448.0,456.0,495.0,526.0,547.0,553.0,637.0,663.0,734.0,739.0,772.0,812.0,829.0,901.0,913.0,941.0,
79.0,88.0,125.0,141.0,153.0,199.0,233.0,245.0,253.0,319.0,326.0,370.0,372.0,374.0,379.0,388.0,394.0,432.0,713.0,731.0,746.0,758.0,769.0,785.0,802.0,859.0,919.0,970.0,
28.0,40.0,48.0,69.0,90.0,99.0,111.0,132.0,175.0,183.0,187.0,241.0,250.0,262.0,283.0,284.0,366.0,400.0,413.0,440.0,484.0,552.0,589.0,635.0,701.0,719.0,816.0,891.0,906.0,939.0,998.0,
3.0,5.0,23.0,73.0,86.0,89.0,100.0,135.0,135.0,145.0,147.0,167.0,187.0,189.0,198.0,243.0,251.0,286.0,316.0,339.0,342.0,348.0,351.0,369.0,416.0,484.0,505.0,519.0,527.0,529.0,530.0,531.0,538.0,542.0,556.0,585.0,597.0,603.0,611.0,628.0,660.0,685.0,686.0,708.0,729.0,745.0,752.0,762.0,779.0,802.0,820.0,826.0,840.0,846.0,854.0,863.0,872.0,874.0,885.0,897.0,904.0,921.0,929.0,938.0,980.0,982.0,
5.0,16.0,60.0,73.0,147.0,171.0,185.0,186.0,191.0,192.0,226.0,303.0,340.0,358.0,444.0,459.0,476.0,488.0,532.0,535.0,536.0,537.0,538.0,542.0,543.0,547.0,550.0,551.0,555.0,563.0,578.0,578.0,580.0,583.0,596.0,612.0,621.0,624.0,641.0,642.0,645.0,713.0,714.0,716.0,724.0,742.0,755.0,755.0,761.0,766.0,794.0,794.0,804.0,812.0,848.0,850.0,859.0,864.0,885.0,895.0,909.0,916.0,936.0,945.0,964.0,977.0,992.0,
81.0,85.0,93.0,148.0,216.0,242.0,246.0,249.0,255.0,286.0,293.0,304.0,308.0,363.0,401.0,401.0,411.0,427.0,487.0,512.0,538.0,546.0,547.0,549.0,557.0,558.0,562.0,562.0,566.0,567.0,570.0,576.0,583.0,583.0,595.0,600.0,603.0,612.0,621.0,632.0,634.0,639.0,647.0,654.0,656.0,656.0,661.0,674.0,689.0,692.0,703.0,717.0,722.0,768.0,778.0,790.0,811.0,832.0,833.0,837.0,899.0,901.0,902.0,908.0,920.0,935.0,956.0,956.0,977.0,997.0,
7.0,46.0,59.0,189.0,235.0,237.0,306.0,341.0,388.0,402.0,435.0,474.0,491.0,521.0,525.0,526.0,535.0,539.0,540.0,540.0,549.0,551.0,553.0,558.0,562.0,571.0,575.0,580.0,582.0,587.0,588.0,592.0,592.0,596.0,601.0,619.0,636.0,641.0,658.0,659.0,660.0,667.0,672.0,675.0,679.0,686.0,762.0,780.0,789.0,792.0,814.0,825.0,841.0,844.0,845.0,859.0,869.0,943.0,949.0,962.0,966.0,
4.0,27.0,112.0,131.0,151.0,151.0,160.0,183.0,305.0,324.0,342.0,344.0,345.0,442.0,461.0,471.0,519.0,528.0,531.0,536.0,537.0,539.0,540.0,543.0,547.0,547.0,549.0,554.0,555.0,559.0,564.0,565.0,571.0,580.0,581.0,587.0,604.0,610.0,616.0,618.0,621.0,625.0,627.0,630.0,656.0,660.0,662.0,663.0,722.0,745.0,749.0,757.0,768.0,787.0,796.0,816.0,841.0,847.0,849.0,860.0,862.0,869.0,872.0,892.0,893.0,898.0,908.0,914.0,923.0,942.0,
56.0,63.0,81.0,134.0,145.0,170.0,207.0,224.0,228.0,282.0,290.0,307.0,311.0,337.0,362.0,381.0,390.0,412.0,426.0,439.0,463.0,509.0,514.0,514.0,515.0,516.0,518.0,519.0,539.0,541.0,547.0,550.0,555.0,558.0,558.0,559.0,559.0,569.0,570.0,574.0,577.0,577.0,579.0,585.0,587.0,588.0,593.0,596.0,598.0,609.0,616.0,623.0,643.0,645.0,649.0,655.0,681.0,687.0,689.0,700.0,701.0,702.0,707.0,707.0,713.0,714.0,764.0,779.0,798.0,805.0,813.0,815.0,826.0,850.0,856.0,857.0,863.0,872.0,948.0,966.0,971.0,999.0,
30.0,41.0,41.0,91.0,96.0,151.0,154.0,165.0,191.0,203.0,209.0,212.0,212.0,250.0,265.0,268.0,272.0,276.0,287.0,291.0,322.0,327.0,337.0,352.0,362.0,390.0,463.0,482.0,494.0,507.0,515.0,517.0,524.0,531.0,531.0,536.0,536.0,542.0,546.0,580.0,581.0,593.0,596.0,609.0,610.0,635.0,644.0,664.0,670.0,680.0,681.0,713.0,722.0,732.0,734.0,741.0,750.0,754.0,767.0,787.0,817.0,823.0,855.0,861.0,889.0,948.0,954.0,962.0,991.0,
30.0,77.0,156.0,170.0,173.0,240.0,249.0,264.0,272.0,300.0,317.0,342.0,351.0,351.0,396.0,413.0,420.0,420.0,429.0,445.0,556.0,565.0,688.0,738.0,774.0,899.0,968.0,
3.0,50.0,158.0,203.0,241.0,258.0,279.0,286.0,305.0,318.0,337.0,345.0,353.0,399.0,406.0,408.0,410.0,456.0,489.0,492.0,502.0,528.0,555.0,556.0,605.0,639.0,678.0,683.0,684.0,723.0,752.0,762.0,816.0,848.0,875.0,885.0,888.0,933.0,961.0,968.0,992.0,
3.0,9.0,10.0,21.0,21.0,42.0,91.0,94.0,125.0,158.0,219.0,236.0,247.0,277.0,283.0,287.0,366.0,382.0,394.0,443.0,468.0,469.0,484.0,501.0,517.0,541.0,545.0,556.0,560.0,570.0,580.0,599.0,646.0,652.0,678.0,718.0,725.0,781.0,851.0,866.0,872.0,
15.0,75.0,157.0,194.0,208.0,243.0,250.0,263.0,265.0,297.0,324.0,354.0,413.0,428.0,461.0,506.0,516.0,521.0,528.0,533.0,533.0,535.0,542.0,543.0,543.0,546.0,546.0,551.0,552.0,564.0,567.0,574.0,578.0,582.0,590.0,596.0,631.0,648.0,650.0,657.0,665.0,672.0,683.0,684.0,693.0,700.0,706.0,707.0,712.0,722.0,723.0,754.0,755.0,777.0,787.0,792.0,799.0,808.0,810.0,820.0,824.0,834.0,839.0,864.0,872.0,890.0,896.0,916.0,926.0,932.0,960.0,968.0,975.0,981.0,
5.0,18.0,46.0,59.0,103.0,170.0,178.0,219.0,229.0,230.0,250.0,271.0,290.0,291.0,339.0,362.0,392.0,450.0,493.0,497.0,510.0,517.0,530.0,536.0,536.0,541.0,543.0,545.0,550.0,553.0,554.0,554.0,565.0,570.0,571.0,576.0,576.0,576.0,585.0,586.0,596.0,603.0,611.0,622.0,624.0,631.0,633.0,639.0,648.0,654.0,659.0,675.0,681.0,711.0,734.0,743.0,778.0,785.0,800.0,811.0,819.0,834.0,845.0,851.0,861.0,889.0,890.0,898.0,899.0,901.0,906.0,908.0,938.0,961.0,967.0,969.0,982.0,
35.0,45.0,46.0,66.0,86.0,86.0,98.0,119.0,132.0,190.0,233.0,243.0,272.0,273.0,293.0,308.0,309.0,346.0,352.0,358.0,387.0,401.0,436.0,469.0,511.0,524.0,536.0,538.0,538.0,545.0,545.0,547.0,547.0,549.0,550.0,551.0,551.0,553.0,554.0,555.0,556.0,557.0,562.0,562.0,564.0,579.0,582.0,583.0,593.0,616.0,635.0,639.0,666.0,666.0,676.0,677.0,696.0,697.0,699.0,700.0,712.0,775.0,793.0,807.0,812.0,831.0,845.0,846.0,865.0,888.0,904.0,905.0,909.0,926.0,928.0,958.0,967.0,
146.0,155.0,156.0,171.0,175.0,196.0,286.0,290.0,311.0,317.0,338.0,381.0,384.0,395.0,494.0,515.0,521.0,524.0,526.0,526.0,537.0,539.0,540.0,543.0,548.0,556.0,558.0,562.0,581.0,587.0,588.0,589.0,589.0,595.0,596.0,614.0,618.0,621.0,622.0,629.0,639.0,639.0,661.0,673.0,676.0,679.0,688.0,727.0,736.0,789.0,810.0,811.0,813.0,833.0,837.0,846.0,863.0,865.0,870.0,883.0,885.0,906.0,908.0,916.0,936.0,941.0,990.0,
51.0,58.0,81.0,125.0,134.0,140.0,181.0,186.0,196.0,196.0,208.0,250.0,295.0,302.0,323.0,363.0,377.0,396.0,451.0,464.0,494.0,508.0,518.0,518.0,521.0,524.0,529.0,531.0,534.0,542.0,542.0,544.0,545.0,559.0,561.0,562.0,563.0,570.0,576.0,579.0,583.0,595.0,610.0,618.0,619.0,622.0,650.0,653.0,694.0,697.0,714.0,717.0,793.0,816.0,823.0,825.0,833.0,845.0,873.0,883.0,934.0,975.0,978.0,
10.0,12.0,44.0,60.0,84.0,94.0,137.0,170.0,194.0,301.0,310.0,451.0,515.0,517.0,522.0,522.0,524.0,525.0,529.0,540.0,541.0,544.0,545.0,546.0,548.0,552.0,553.0,556.0,556.0,570.0,573.0,587.0,587.0,588.0,597.0,612.0,621.0,624.0,628.0,653.0,657.0,669.0,674.0,692.0,702.0,718.0,728.0,729.0,732.0,741.0,779.0,800.0,802.0,824.0,844.0,874.0,885.0,891.0,914.0,922.0,925.0,927.0,933.0,
30.0,36.0,38.0,67.0,88.0,106.0,160.0,169.0,172.0,217.0,221.0,250.0,305.0,370.0,394.0,399.0,410.0,449.0,479.0,523.0,531.0,545.0,545.0,547.0,548.0,551.0,555.0,574.0,577.0,582.0,591.0,591.0,592.0,626.0,627.0,630.0,630.0,662.0,665.0,677.0,693.0,705.0,707.0,721.0,739.0,813.0,828.0,865.0,872.0,885.0,898.0,899.0,901.0,902.0,902.0,911.0,917.0,919.0,925.0,928.0,937.0,937.0,939.0,940.0,942.0,961.0,964.0,993.0,
71.0,84.0,116.0,155.0,158.0,162.0,191.0,196.0,240.0,266.0,310.0,333.0,344.0,352.0,448.0,461.0,464.0,515.0,515.0,543.0,562.0,615.0,634.0,636.0,735.0,810.0,825.0,839.0,876.0,908.0,966.0,993.0,
11.0,19.0,21.0,42.0,113.0,155.0,173.0,175.0,214.0,252.0,275.0,285.0,310.0,339.0,356.0,364.0,365.0,380.0,386.0,465.0,520.0,552.0,603.0,652.0,665.0,667.0,667.0,673.0,687.0,712.0,763.0,839.0,864.0,888.0,890.0,890.0,892.0,904.0,915.0,919.0,937.0,950.0,981.0,
2.0,22.0,34.0,52.0,93.0,103.0,109.0,176.0,198.0,224.0,245.0,252.0,270.0,277.0,303.0,309.0,312.0,329.0,417.0,422.0,426.0,440.0,452.0,461.0,532.0,544.0,712.0,725.0,786.0,811.0,813.0,823.0,977.0,
3.0,13.0,81.0,93.0,154.0,165.0,225.0,226.0,272.0,373.0,383.0,419.0,419.0,427.0,430.0,448.0,472.0,512.0,528.0,536.0,540.0,563.0,564.0,586.0,611.0,614.0,626.0,629.0,675.0,691.0,705.0,761.0,769.0,772.0,821.0,823.0,824.0,882.0,883.0,889.0,925.0,942.0,963.0,969.0,
3.0,57.0,88.0,122.0,157.0,205.0,237.0,299.0,318.0,354.0,440.0,509.0,509.0,513.0,520.0,526.0,529.0,531.0,533.0,535.0,537.0,540.0,543.0,543.0,546.0,548.0,555.0,556.0,568.0,571.0,573.0,576.0,581.0,584.0,614.0,628.0,641.0,642.0,646.0,650.0,655.0,661.0,666.0,670.0,682.0,693.0,695.0,708.0,710.0,736.0,751.0,796.0,805.0,821.0,826.0,830.0,848.0,861.0,865.0,868.0,885.0,892.0,920.0,927.0,936.0,947.0,954.0,975.0,983.0,983.0,995.0,
2.0,39.0,80.0,99.0,173.0,180.0,190.0,194.0,271.0,275.0,279.0,292.0,292.0,308.0,337.0,357.0,366.0,369.0,385.0,388.0,394.0,394.0,420.0,449.0,470.0,473.0,482.0,492.0,530.0,535.0,537.0,547.0,548.0,553.0,561.0,561.0,563.0,564.0,569.0,570.0,572.0,578.0,591.0,591.0,597.0,607.0,611.0,623.0,630.0,645.0,658.0,666.0,670.0,690.0,706.0,713.0,720.0,724.0,735.0,737.0,758.0,804.0,823.0,825.0,828.0,845.0,847.0,851.0,878.0,916.0,934.0,954.0,
34.0,56.0,67.0,72.0,78.0,91.0,92.0,134.0,138.0,172.0,226.0,312.0,352.0,354.0,389.0,389.0,429.0,516.0,519.0,525.0,528.0,528.0,529.0,532.0,537.0,542.0,545.0,546.0,547.0,549.0,550.0,551.0,554.0,564.0,565.0,573.0,574.0,575.0,578.0,580.0,584.0,584.0,590.0,595.0,595.0,600.0,602.0,607.0,626.0,629.0,637.0,654.0,658.0,664.0,692.0,707.0,726.0,850.0,896.0,918.0,936.0,970.0,
6.0,17.0,65.0,107.0,113.0,162.0,219.0,228.0,251.0,258.0,290.0,309.0,317.0,320.0,324.0,374.0,400.0,445.0,523.0,526.0,531.0,535.0,535.0,547.0,548.0,548.0,555.0,559.0,562.0,565.0,565.0,569.0,575.0,577.0,579.0,594.0,599.0,600.0,602.0,614.0,617.0,622.0,625.0,630.0,643.0,671.0,671.0,677.0,684.0,732.0,740.0,741.0,762.0,766.0,827.0,831.0,860.0,876.0,919.0,928.0,
9.0,21.0,52.0,64.0,67.0,80.0,84.0,93.0,95.0,172.0,180.0,181.0,185.0,190.0,233.0,251.0,273.0,283.0,302.0,306.0,319.0,327.0,328.0,394.0,441.0,503.0,518.0,520.0,521.0,528.0,528.0,532.0,540.0,546.0,547.0,551.0,554.0,555.0,560.0,564.0,565.0,568.0,569.0,569.0,571.0,572.0,573.0,579.0,600.0,608.0,609.0,609.0,615.0,623.0,623.0,624.0,650.0,653.0,657.0,657.0,661.0,664.0,668.0,686.0,699.0,774.0,774.0,809.0,811.0,823.0,831.0,856.0,905.0,907.0,925.0,961.0,995.0,
33.0,139.0,176.0,211.0,234.0,264.0,318.0,347.0,368.0,379.0,380.0,386.0,417.0,434.0,437.0,493.0,500.0,522.0,523.0,525.0,525.0,532.0,543.0,547.0,549.0,556.0,563.0,572.0,594.0,597.0,605.0,606.0,612.0,626.0,631.0,641.0,659.0,667.0,674.0,680.0,693.0,736.0,768.0,785.0,828.0,828.0,829.0,833.0,844.0,883.0,940.0,948.0,956.0,991.0,998.0,998.0,
14.0,46.0,46.0,63.0,73.0,113.0,214.0,218.0,266.0,272.0,301.0,332.0,342.0,344.0,346.0,366.0,426.0,472.0,520.0,522.0,539.0,548.0,552.0,560.0,565.0,593.0,676.0,740.0,744.0,853.0,866.0,958.0,
4.0,10.0,10.0,29.0,79.0,125.0,225.0,368.0,425.0,466.0,550.0,579.0,588.0,601.0,613.0,667.0,690.0,693.0,694.0,751.0,759.0,771.0,781.0,788.0,796.0,804.0,804.0,840.0,848.0,852.0,853.0,880.0,880.0,912.0,944.0,956.0,983.0,992.0,
30.0,47.0,51.0,62.0,68.0,73.0,95.0,96.0,138.0,163.0,181.0,202.0,225.0,236.0,275.0,278.0,291.0,350.0,381.0,420.0,436.0,478.0,496.0,532.0,550.0,569.0,627.0,655.0,685.0,700.0,715.0,758.0,772.0,817.0,906.0,939.0,959.0,
43.0,59.0,60.0,79.0,98.0,157.0,172.0,178.0,272.0,309.0,333.0,336.0,339.0,347.0,352.0,408.0,514.0,515.0,533.0,534.0,543.0,544.0,575.0,585.0,605.0,615.0,624.0,628.0,634.0,642.0,671.0,681.0,695.0,708.0,716.0,731.0,749.0,791.0,812.0,934.0,944.0,985.0,990.0,991.0,
29.0,34.0,51.0,67.0,72.0,89.0,103.0,128.0,141.0,169.0,188.0,305.0,314.0,357.0,359.0,394.0,420.0,442.0,449.0,523.0,531.0,532.0,533.0,533.0,539.0,543.0,547.0,553.0,560.0,562.0,576.0,576.0,584.0,585.0,587.0,587.0,590.0,595.0,596.0,608.0,611.0,624.0,629.0,637.0,657.0,671.0,688.0,700.0,703.0,737.0,748.0,760.0,765.0,785.0,786.0,807.0,826.0,829.0,833.0,833.0,857.0,861.0,880.0,889.0,892.0,898.0,908.0,942.0,942.0,944.0,
22.0,81.0,116.0,122.0,167.0,230.0,276.0,290.0,293.0,365.0,395.0,399.0,403.0,408.0,411.0,447.0,456.0,474.0,475.0,502.0,517.0,518.0,524.0,526.0,528.0,532.0,540.0,544.0,549.0,554.0,556.0,570.0,571.0,575.0,579.0,589.0,618.0,623.0,634.0,637.0,641.0,662.0,677.0,682.0,685.0,691.0,718.0,729.0,729.0,734.0,735.0,744.0,747.0,756.0,765.0,779.0,787.0,833.0,840.0,855.0,880.0,885.0,914.0,914.0,916.0,924.0,927.0,937.0,950.0,969.0,972.0,999.0,
12.0,32.0,35.0,44.0,83.0,146.0,147.0,188.0,205.0,222.0,244.0,259.0,341.0,358.0,375.0,461.0,514.0,526.0,526.0,528.0,531.0,534.0,537.0,543.0,555.0,565.0,567.0,567.0,572.0,578.0,584.0,591.0,596.0,598.0,599.0,599.0,600.0,606.0,614.0,620.0,623.0,633.0,633.0,639.0,641.0,646.0,649.0,650.0,653.0,680.0,680.0,699.0,700.0,721.0,722.0,722.0,738.0,772.0,772.0,787.0,789.0,798.0,810.0,824.0,831.0,832.0,850.0,854.0,859.0,890.0,909.0,921.0,928.0,936.0,945.0,950.0,957.0,992.0,
12.0,26.0,48.0,74.0,78.0,80.0,143.0,154.0,184.0,189.0,194.0,220.0,237.0,251.0,322.0,356.0,359.0,366.0,376.0,428.0,438.0,449.0,456.0,478.0,479.0,483.0,498.0,526.0,528.0,529.0,535.0,542.0,555.0,555.0,561.0,567.0,582.0,584.0,595.0,596.0,606.0,608.0,623.0,624.0,625.0,626.0,627.0,632.0,636.0,652.0,668.0,671.0,678.0,711.0,715.0,726.0,738.0,753.0,777.0,803.0,804.0,805.0,845.0,873.0,886.0,920.0,921.0,928.0,931.0,941.0,954.0,969.0,1000.0,1000.0,
28.0,40.0,46.0,57.0,73.0,78.0,85.0,111.0,118.0,195.0,211.0,227.0,239.0,240.0,269.0,273.0,288.0,299.0,328.0,358.0,467.0,467.0,502.0,514.0,520.0,521.0,535.0,545.0,548.0,548.0,549.0,554.0,557.0,560.0,581.0,582.0,587.0,591.0,591.0,597.0,601.0,604.0,605.0,613.0,624.0,636.0,640.0,653.0,654.0,667.0,673.0,675.0,681.0,684.0,703.0,710.0,713.0,716.0,767.0,774.0,777.0,781.0,813.0,820.0,828.0,833.0,845.0,865.0,866.0,871.0,893.0,893.0,895.0,920.0,964.0,975.0,981.0,
24.0,34.0,41.0,42.0,49.0,58.0,88.0,162.0,194.0,202.0,231.0,255.0,274.0,307.0,315.0,323.0,331.0,336.0,348.0,357.0,408.0,410.0,411.0,428.0,430.0,436.0,451.0,516.0,584.0,595.0,615.0,637.0,641.0,659.0,664.0,699.0,712.0,732.0,755.0,762.0,769.0,770.0,795.0,802.0,821.0,843.0,887.0,939.0,975.0,975.0,
62.0,68.0,99.0,106.0,119.0,178.0,186.0,215.0,228.0,232.0,270.0,283.0,311.0,353.0,357.0,358.0,370.0,377.0,380.0,392.0,416.0,428.0,440.0,441.0,459.0,473.0,474.0,475.0,476.0,486.0,490.0,583.0,609.0,640.0,671.0,676.0,677.0,772.0,815.0,830.0,860.0,899.0,908.0,934.0,971.0,975.0,992.0,
6.0,20.0,49.0,104.0,128.0,155.0,262.0,270.0,276.0,340.0,377.0,424.0,441.0,447.0,465.0,508.0,532.0,536.0,551.0,608.0,682.0,712.0,731.0,735.0,748.0,752.0,755.0,788.0,835.0,873.0,891.0,966.0,993.0,
15.0,16.0,60.0,68.0,79.0,102.0,108.0,129.0,138.0,176.0,190.0,194.0,197.0,202.0,226.0,238.0,260.0,291.0,293.0,337.0,351.0,362.0,388.0,401.0,447.0,535.0,587.0,616.0,658.0,680.0,712.0,732.0,745.0,758.0,808.0,850.0,870.0,903.0,909.0,914.0,926.0,941.0,953.0,985.0,990.0,
38.0,193.0,244.0,255.0,302.0,305.0,336.0,349.0,357.0,394.0,396.0,493.0,505.0,506.0,612.0,619.0,626.0,672.0,689.0,702.0,702.0,712.0,736.0,760.0,769.0,805.0,852.0,884.0,907.0,931.0,937.0,
41.0,86.0,99.0,124.0,138.0,152.0,253.0,305.0,320.0,387.0,405.0,430.0,467.0,470.0,480.0,530.0,531.0,539.0,546.0,551.0,559.0,575.0,580.0,585.0,589.0,591.0,593.0,614.0,692.0,705.0,712.0,718.0,776.0,816.0,873.0,
2.0,4.0,94.0,106.0,110.0,128.0,130.0,153.0,277.0,317.0,418.0,419.0,489.0,507.0,508.0,512.0,517.0,543.0,545.0,547.0,552.0,568.0,570.0,578.0,586.0,595.0,620.0,644.0,649.0,658.0,659.0,673.0,710.0,717.0,722.0,734.0,739.0,740.0,759.0,793.0,798.0,802.0,822.0,847.0,945.0,
13.0,36.0,58.0,102.0,113.0,151.0,203.0,233.0,244.0,295.0,299.0,312.0,322.0,323.0,343.0,344.0,357.0,383.0,457.0,458.0,468.0,497.0,511.0,513.0,522.0,529.0,530.0,531.0,532.0,534.0,543.0,547.0,552.0,557.0,566.0,589.0,594.0,604.0,609.0,623.0,631.0,639.0,652.0,662.0,679.0,684.0,690.0,697.0,710.0,732.0,736.0,747.0,757.0,787.0,789.0,809.0,834.0,841.0,884.0,905.0,915.0,934.0,936.0,948.0,950.0,953.0,958.0,960.0,981.0,993.0,
21.0,31.0,32.0,84.0,87.0,92.0,117.0,127.0,159.0,194.0,195.0,310.0,322.0,331.0,374.0,468.0,505.0,523.0,531.0,531.0,537.0,559.0,560.0,560.0,561.0,570.0,571.0,575.0,585.0,595.0,595.0,601.0,622.0,628.0,629.0,642.0,648.0,653.0,659.0,667.0,679.0,695.0,697.0,770.0,789.0,804.0,827.0,845.0,866.0,868.0,886.0,888.0,896.0,923.0,924.0,926.0,933.0,948.0,989.0,996.0,
16.0,24.0,41.0,59.0,65.0,83.0,84.0,104.0,142.0,152.0,162.0,166.0,167.0,177.0,189.0,268.0,268.0,287.0,311.0,321.0,353.0,376.0,392.0,393.0,400.0,408.0,501.0,505.0,506.0,533.0,534.0,536.0,541.0,579.0,598.0,623.0,636.0,637.0,639.0,741.0,814.0,823.0,828.0,932.0,946.0,996.0,
18.0,73.0,75.0,108.0,128.0,208.0,215.0,256.0,259.0,278.0,361.0,388.0,428.0,517.0,526.0,531.0,534.0,545.0,573.0,636.0,680.0,699.0,699.0,733.0,755.0,758.0,775.0,823.0,862.0,870.0,888.0,957.0,987.0,
14.0,31.0,47.0,111.0,256.0,290.0,320.0,422.0,436.0,478.0,486.0,489.0,504.0,519.0,625.0,665.0,679.0,703.0,770.0,774.0,796.0,813.0,872.0,936.0,969.0,
29.0,78.0,155.0,218.0,263.0,271.0,289.0,323.0,349.0,377.0,384.0,385.0,421.0,457.0,493.0,515.0,576.0,632.0,686.0,735.0,745.0,776.0,828.0,875.0,945.0,951.0,954.0,966.0,980.0,
21.0,35.0,54.0,91.0,120.0,141.0,166.0,178.0,209.0,238.0,257.0,295.0,296.0,310.0,324.0,369.0,379.0,434.0,470.0,478.0,481.0,502.0,582.0,615.0,679.0,708.0,740.0,763.0,791.0,807.0,827.0,830.0,877.0,885.0,907.0,
48.0,83.0,85.0,184.0,189.0,192.0,216.0,232.0,277.0,321.0,393.0,397.0,402.0,473.0,476.0,487.0,491.0,494.0,495.0,502.0,508.0,515.0,533.0,540.0,544.0,570.0,577.0,589.0,598.0,620.0,837.0,860.0,912.0,938.0,
24.0,77.0,83.0,93.0,145.0,216.0,228.0,241.0,251.0,305.0,369.0,430.0,442.0,456.0,462.0,476.0,512.0,516.0,519.0,521.0,539.0,539.0,580.0,586.0,609.0,614.0,616.0,623.0,640.0,662.0,721.0,812.0,863.0,889.0,899.0,918.0,950.0,986.0,
5.0,11.0,28.0,35.0,121.0,133.0,212.0,341.0,346.0,371.0,379.0,432.0,472.0,503.0,548.0,564.0,569.0,599.0,660.0,667.0,670.0,751.0,755.0,796.0,850.0,884.0,894.0,903.0,925.0,934.0,938.0,957.0,985.0,
8.0,27.0,38.0,41.0,112.0,131.0,136.0,144.0,192.0,274.0,276.0,343.0,414.0,430.0,438.0,440.0,482.0,482.0,486.0,491.0,503.0,625.0,628.0,635.0,656.0,857.0,873.0,919.0,943.0,952.0,
4.0,57.0,61.0,65.0,133.0,142.0,154.0,198.0,205.0,212.0,212.0,213.0,289.0,301.0,319.0,320.0,325.0,366.0,391.0,420.0,432.0,437.0,466.0,469.0,489.0,490.0,520.0,532.0,587.0,658.0,669.0,677.0,706.0,923.0,939.0,965.0,
26.0,102.0,117.0,229.0,250.0,265.0,297.0,359.0,416.0,417.0,435.0,445.0,455.0,539.0,570.0,570.0,570.0,575.0,615.0,631.0,673.0,674.0,702.0,793.0,798.0,876.0,876.0,880.0,902.0,904.0,930.0,946.0,983.0,
2.0,8.0,9.0,24.0,24.0,28.0,84.0,96.0,122.0,138.0,143.0,144.0,162.0,187.0,206.0,254.0,262.0,292.0,306.0,358.0,376.0,399.0,401.0,438.0,447.0,512.0,521.0,530.0,561.0,591.0,620.0,633.0,663.0,679.0,735.0,773.0,854.0,899.0,953.0,965.0,986.0,
33.0,110.0,115.0,122.0,142.0,150.0,168.0,283.0,301.0,318.0,330.0,334.0,381.0,449.0,452.0,470.0,472.0,507.0,512.0,519.0,533.0,655.0,723.0,728.0,775.0,776.0,782.0,792.0,878.0,914.0,928.0,941.0,946.0,971.0,
