41.0,97.0,137.0,167.0,215.0,292.0,350.0,358.0,363.0,372.0,375.0,403.0,405.0,451.0,451.0,453.0,474.0,491.0,545.0,566.0,602.0,617.0,638.0,692.0,734.0,741.0,745.0,827.0,829.0,860.0,864.0,938.0,945.0,991.0,
67.0,116.0,118.0,118.0,121.0,131.0,200.0,227.0,253.0,260.0,389.0,391.0,409.0,434.0,448.0,484.0,498.0,536.0,545.0,563.0,566.0,605.0,615.0,617.0,649.0,666.0,679.0,745.0,752.0,782.0,803.0,816.0,862.0,909.0,966.0,
73.0,83.0,92.0,93.0,120.0,171.0,217.0,275.0,329.0,374.0,383.0,426.0,435.0,475.0,477.0,483.0,488.0,490.0,518.0,561.0,565.0,643.0,666.0,669.0,682.0,728.0,816.0,821.0,825.0,859.0,869.0,877.0,971.0,
14.0,20.0,33.0,41.0,47.0,143.0,153.0,160.0,184.0,195.0,198.0,225.0,245.0,248.0,296.0,362.0,407.0,412.0,413.0,416.0,420.0,458.0,528.0,562.0,775.0,792.0,800.0,827.0,936.0,961.0,
27.0,32.0,40.0,76.0,78.0,83.0,115.0,188.0,216.0,221.0,230.0,274.0,332.0,359.0,366.0,385.0,427.0,440.0,534.0,543.0,602.0,607.0,665.0,665.0,748.0,754.0,786.0,806.0,815.0,840.0,862.0,865.0,875.0,910.0,930.0,962.0,975.0,
27.0,75.0,91.0,101.0,104.0,119.0,137.0,143.0,148.0,173.0,177.0,181.0,184.0,279.0,356.0,438.0,440.0,445.0,465.0,466.0,516.0,568.0,568.0,568.0,570.0,681.0,688.0,689.0,692.0,694.0,705.0,711.0,748.0,766.0,824.0,825.0,848.0,865.0,904.0,945.0,997.0,
4.0,60.0,181.0,203.0,211.0,218.0,245.0,325.0,415.0,529.0,530.0,560.0,569.0,646.0,723.0,724.0,760.0,767.0,778.0,780.0,838.0,842.0,844.0,845.0,883.0,901.0,909.0,932.0,
12.0,16.0,36.0,39.0,99.0,149.0,158.0,173.0,175.0,185.0,187.0,275.0,285.0,330.0,339.0,343.0,368.0,402.0,443.0,496.0,589.0,596.0,627.0,636.0,647.0,678.0,694.0,704.0,712.0,742.0,792.0,797.0,801.0,814.0,965.0,
12.0,33.0,48.0,115.0,133.0,170.0,177.0,189.0,220.0,224.0,229.0,237.0,284.0,306.0,332.0,369.0,382.0,389.0,400.0,438.0,441.0,470.0,504.0,517.0,518.0,526.0,546.0,561.0,571.0,609.0,641.0,678.0,690.0,705.0,705.0,709.0,727.0,745.0,750.0,776.0,797.0,822.0,906.0,912.0,951.0,955.0,
85.0,87.0,99.0,102.0,109.0,114.0,123.0,238.0,268.0,281.0,325.0,335.0,345.0,371.0,414.0,438.0,440.0,453.0,466.0,472.0,479.0,488.0,492.0,496.0,505.0,506.0,508.0,525.0,547.0,628.0,675.0,683.0,695.0,712.0,725.0,727.0,758.0,814.0,820.0,824.0,887.0,926.0,952.0,982.0,982.0,
7.0,29.0,39.0,56.0,74.0,93.0,201.0,203.0,231.0,287.0,350.0,355.0,356.0,392.0,394.0,406.0,434.0,445.0,493.0,501.0,512.0,521.0,526.0,561.0,578.0,594.0,621.0,629.0,636.0,671.0,691.0,694.0,783.0,799.0,800.0,847.0,864.0,879.0,893.0,926.0,940.0,958.0,
22.0,26.0,45.0,50.0,138.0,158.0,159.0,183.0,192.0,228.0,258.0,263.0,272.0,299.0,353.0,372.0,392.0,402.0,426.0,448.0,548.0,558.0,596.0,601.0,604.0,632.0,636.0,670.0,680.0,704.0,716.0,749.0,758.0,810.0,811.0,849.0,853.0,879.0,890.0,901.0,949.0,
25.0,27.0,76.0,83.0,133.0,152.0,175.0,182.0,196.0,200.0,225.0,238.0,346.0,423.0,465.0,547.0,599.0,609.0,614.0,640.0,710.0,791.0,797.0,827.0,832.0,867.0,873.0,890.0,930.0,
14.0,59.0,206.0,227.0,274.0,278.0,292.0,307.0,331.0,333.0,335.0,338.0,350.0,416.0,450.0,451.0,625.0,630.0,707.0,712.0,713.0,718.0,732.0,751.0,819.0,819.0,856.0,870.0,906.0,944.0,962.0,965.0,978.0,993.0,
186.0,190.0,203.0,250.0,282.0,303.0,336.0,343.0,381.0,396.0,523.0,525.0,590.0,600.0,679.0,681.0,693.0,762.0,777.0,828.0,897.0,906.0,930.0,956.0,959.0,989.0,996.0,
44.0,72.0,122.0,167.0,191.0,212.0,228.0,245.0,248.0,299.0,323.0,326.0,330.0,401.0,446.0,454.0,543.0,547.0,547.0,577.0,607.0,629.0,630.0,652.0,689.0,696.0,715.0,738.0,739.0,748.0,762.0,783.0,786.0,807.0,848.0,896.0,911.0,916.0,924.0,926.0,931.0,1000.0,
47.0,92.0,94.0,107.0,255.0,265.0,282.0,327.0,332.0,335.0,340.0,349.0,370.0,394.0,447.0,542.0,589.0,606.0,668.0,685.0,706.0,754.0,845.0,845.0,848.0,849.0,886.0,889.0,891.0,892.0,941.0,944.0,958.0,964.0,995.0,
43.0,60.0,105.0,106.0,111.0,147.0,154.0,195.0,230.0,269.0,291.0,317.0,389.0,400.0,422.0,438.0,535.0,588.0,628.0,639.0,698.0,715.0,785.0,802.0,838.0,847.0,865.0,867.0,931.0,935.0,
29.0,42.0,61.0,77.0,87.0,96.0,109.0,131.0,147.0,168.0,187.0,220.0,226.0,227.0,251.0,257.0,276.0,299.0,320.0,338.0,349.0,381.0,450.0,458.0,480.0,482.0,497.0,565.0,585.0,622.0,647.0,655.0,670.0,701.0,703.0,720.0,737.0,754.0,785.0,795.0,836.0,836.0,855.0,901.0,958.0,994.0,995.0,
15.0,61.0,87.0,121.0,162.0,170.0,184.0,228.0,256.0,297.0,298.0,319.0,337.0,362.0,396.0,428.0,446.0,454.0,476.0,563.0,576.0,590.0,672.0,716.0,754.0,763.0,766.0,814.0,830.0,864.0,864.0,871.0,882.0,897.0,898.0,947.0,948.0,971.0,
6.0,15.0,27.0,75.0,103.0,120.0,154.0,163.0,170.0,191.0,243.0,273.0,303.0,314.0,317.0,341.0,342.0,400.0,410.0,428.0,439.0,440.0,503.0,511.0,527.0,532.0,604.0,640.0,704.0,733.0,760.0,765.0,884.0,893.0,
22.0,179.0,180.0,199.0,215.0,218.0,235.0,248.0,270.0,281.0,320.0,407.0,418.0,431.0,521.0,531.0,585.0,594.0,630.0,662.0,704.0,764.0,779.0,804.0,831.0,845.0,847.0,855.0,894.0,900.0,925.0,946.0,
88.0,166.0,180.0,281.0,333.0,343.0,345.0,359.0,370.0,418.0,452.0,469.0,478.0,561.0,614.0,664.0,699.0,759.0,829.0,832.0,889.0,920.0,947.0,
2.0,95.0,104.0,110.0,123.0,138.0,159.0,160.0,200.0,237.0,303.0,319.0,326.0,342.0,348.0,355.0,389.0,425.0,429.0,429.0,437.0,475.0,560.0,580.0,614.0,690.0,813.0,842.0,861.0,901.0,904.0,916.0,934.0,941.0,999.0,
8.0,73.0,179.0,190.0,202.0,215.0,215.0,260.0,271.0,375.0,422.0,425.0,446.0,471.0,494.0,496.0,535.0,574.0,581.0,591.0,617.0,629.0,653.0,688.0,711.0,747.0,774.0,791.0,818.0,867.0,868.0,872.0,875.0,963.0,974.0,
32.0,84.0,121.0,166.0,186.0,208.0,215.0,232.0,237.0,249.0,283.0,288.0,309.0,348.0,400.0,403.0,442.0,490.0,495.0,515.0,559.0,582.0,589.0,606.0,627.0,627.0,670.0,696.0,717.0,805.0,879.0,886.0,925.0,943.0,957.0,980.0,981.0,
15.0,16.0,28.0,77.0,129.0,135.0,156.0,191.0,212.0,224.0,240.0,253.0,283.0,320.0,326.0,327.0,358.0,393.0,401.0,422.0,475.0,518.0,539.0,554.0,558.0,563.0,602.0,602.0,621.0,638.0,655.0,699.0,763.0,792.0,849.0,852.0,867.0,872.0,965.0,
44.0,100.0,122.0,123.0,145.0,164.0,185.0,202.0,226.0,256.0,261.0,279.0,281.0,283.0,297.0,383.0,384.0,384.0,486.0,501.0,529.0,591.0,591.0,596.0,627.0,777.0,787.0,832.0,877.0,
22.0,51.0,54.0,82.0,90.0,100.0,101.0,125.0,154.0,184.0,211.0,299.0,371.0,389.0,403.0,408.0,473.0,509.0,550.0,582.0,621.0,625.0,657.0,658.0,679.0,683.0,694.0,747.0,752.0,781.0,825.0,859.0,876.0,892.0,911.0,915.0,917.0,962.0,971.0,973.0,992.0,
31.0,35.0,44.0,83.0,124.0,130.0,202.0,257.0,289.0,297.0,321.0,370.0,399.0,461.0,485.0,520.0,596.0,748.0,777.0,858.0,914.0,917.0,933.0,994.0,
14.0,37.0,108.0,114.0,142.0,150.0,185.0,237.0,246.0,280.0,385.0,436.0,443.0,473.0,500.0,532.0,542.0,559.0,573.0,609.0,659.0,727.0,752.0,785.0,830.0,869.0,873.0,903.0,917.0,920.0,939.0,950.0,964.0,970.0,
25.0,51.0,81.0,93.0,110.0,119.0,135.0,150.0,150.0,197.0,253.0,293.0,337.0,348.0,370.0,374.0,408.0,423.0,431.0,454.0,497.0,521.0,527.0,544.0,560.0,561.0,597.0,630.0,636.0,672.0,673.0,711.0,720.0,726.0,747.0,772.0,775.0,804.0,806.0,809.0,838.0,842.0,842.0,875.0,876.0,884.0,922.0,967.0,
29.0,31.0,75.0,80.0,87.0,91.0,115.0,187.0,200.0,206.0,230.0,262.0,270.0,292.0,296.0,307.0,308.0,340.0,396.0,488.0,558.0,632.0,643.0,643.0,648.0,716.0,759.0,774.0,781.0,793.0,807.0,833.0,855.0,857.0,860.0,866.0,867.0,871.0,956.0,996.0,
47.0,70.0,76.0,123.0,145.0,164.0,186.0,194.0,245.0,258.0,278.0,351.0,365.0,398.0,401.0,413.0,451.0,455.0,518.0,533.0,543.0,559.0,581.0,596.0,687.0,688.0,722.0,751.0,769.0,776.0,803.0,806.0,875.0,909.0,936.0,966.0,966.0,
120.0,193.0,218.0,241.0,262.0,279.0,279.0,336.0,345.0,372.0,374.0,425.0,452.0,492.0,502.0,506.0,545.0,562.0,579.0,596.0,678.0,692.0,701.0,764.0,839.0,925.0,938.0,947.0,960.0,964.0,
14.0,19.0,24.0,128.0,157.0,159.0,172.0,206.0,271.0,296.0,331.0,349.0,424.0,430.0,437.0,460.0,461.0,482.0,600.0,621.0,622.0,679.0,680.0,687.0,688.0,726.0,768.0,815.0,816.0,914.0,983.0,991.0,
17.0,22.0,23.0,47.0,126.0,129.0,130.0,245.0,276.0,296.0,297.0,318.0,362.0,369.0,404.0,410.0,413.0,437.0,440.0,493.0,545.0,592.0,760.0,797.0,811.0,846.0,852.0,987.0,
56.0,59.0,188.0,207.0,245.0,274.0,356.0,366.0,388.0,413.0,414.0,435.0,493.0,585.0,670.0,704.0,718.0,721.0,745.0,751.0,780.0,830.0,854.0,909.0,914.0,918.0,935.0,979.0,982.0,
23.0,90.0,97.0,118.0,157.0,158.0,159.0,159.0,193.0,216.0,243.0,374.0,383.0,405.0,406.0,446.0,465.0,501.0,501.0,522.0,576.0,612.0,645.0,676.0,700.0,712.0,716.0,812.0,823.0,825.0,884.0,896.0,904.0,910.0,914.0,922.0,972.0,977.0,983.0,993.0,
13.0,31.0,35.0,190.0,203.0,223.0,251.0,272.0,314.0,386.0,395.0,402.0,415.0,452.0,472.0,557.0,564.0,583.0,620.0,624.0,638.0,693.0,706.0,733.0,737.0,755.0,756.0,790.0,811.0,821.0,825.0,840.0,913.0,913.0,916.0,927.0,930.0,940.0,943.0,
16.0,51.0,58.0,60.0,110.0,182.0,185.0,215.0,222.0,251.0,284.0,347.0,358.0,374.0,454.0,458.0,482.0,498.0,499.0,525.0,529.0,534.0,542.0,547.0,548.0,600.0,637.0,675.0,675.0,709.0,712.0,717.0,763.0,784.0,793.0,799.0,823.0,842.0,935.0,936.0,953.0,
42.0,66.0,148.0,154.0,180.0,193.0,281.0,288.0,289.0,363.0,370.0,426.0,482.0,486.0,497.0,526.0,562.0,613.0,613.0,618.0,633.0,646.0,688.0,716.0,811.0,860.0,883.0,884.0,911.0,943.0,947.0,958.0,971.0,974.0,986.0,
20.0,35.0,112.0,119.0,137.0,199.0,288.0,305.0,309.0,337.0,371.0,400.0,414.0,475.0,485.0,495.0,551.0,555.0,559.0,609.0,622.0,648.0,701.0,723.0,749.0,817.0,842.0,863.0,882.0,
9.0,16.0,24.0,77.0,105.0,109.0,174.0,190.0,231.0,275.0,285.0,350.0,374.0,408.0,415.0,436.0,450.0,483.0,499.0,520.0,545.0,556.0,558.0,575.0,576.0,579.0,612.0,641.0,647.0,731.0,770.0,881.0,939.0,939.0,
133.0,151.0,268.0,283.0,288.0,314.0,324.0,343.0,397.0,436.0,450.0,457.0,478.0,488.0,522.0,532.0,536.0,537.0,553.0,566.0,579.0,595.0,618.0,629.0,633.0,662.0,709.0,714.0,746.0,756.0,809.0,833.0,847.0,858.0,865.0,877.0,925.0,928.0,974.0,980.0,
7.0,38.0,64.0,86.0,117.0,148.0,168.0,185.0,195.0,210.0,211.0,253.0,277.0,293.0,295.0,337.0,338.0,351.0,353.0,379.0,399.0,468.0,493.0,502.0,502.0,520.0,529.0,532.0,535.0,541.0,545.0,551.0,551.0,554.0,556.0,558.0,569.0,570.0,572.0,576.0,576.0,588.0,590.0,590.0,606.0,632.0,634.0,647.0,648.0,649.0,653.0,678.0,683.0,716.0,716.0,721.0,729.0,731.0,737.0,745.0,750.0,756.0,774.0,777.0,784.0,797.0,813.0,814.0,836.0,847.0,854.0,864.0,871.0,882.0,887.0,899.0,905.0,907.0,945.0,957.0,998.0,
4.0,65.0,111.0,135.0,162.0,182.0,192.0,198.0,264.0,295.0,313.0,364.0,378.0,406.0,421.0,450.0,458.0,462.0,463.0,471.0,512.0,519.0,531.0,531.0,540.0,599.0,609.0,612.0,618.0,630.0,640.0,650.0,665.0,673.0,680.0,686.0,702.0,734.0,762.0,786.0,786.0,817.0,817.0,832.0,834.0,865.0,880.0,898.0,902.0,921.0,922.0,957.0,
22.0,83.0,137.0,147.0,212.0,225.0,243.0,353.0,408.0,438.0,444.0,451.0,455.0,490.0,553.0,579.0,580.0,615.0,645.0,656.0,713.0,723.0,885.0,930.0,
14.0,20.0,35.0,44.0,51.0,55.0,97.0,111.0,123.0,172.0,191.0,204.0,216.0,241.0,252.0,345.0,358.0,383.0,441.0,450.0,458.0,492.0,527.0,529.0,583.0,620.0,620.0,640.0,642.0,657.0,702.0,706.0,732.0,738.0,739.0,742.0,784.0,813.0,842.0,850.0,863.0,886.0,891.0,
61.0,92.0,153.0,174.0,232.0,281.0,303.0,318.0,323.0,328.0,343.0,347.0,350.0,383.0,390.0,397.0,465.0,468.0,498.0,528.0,628.0,679.0,708.0,709.0,751.0,769.0,776.0,800.0,823.0,832.0,862.0,876.0,922.0,937.0,971.0,997.0,
4.0,14.0,25.0,83.0,86.0,144.0,169.0,172.0,223.0,233.0,239.0,287.0,290.0,291.0,303.0,308.0,319.0,336.0,348.0,405.0,409.0,411.0,417.0,429.0,429.0,430.0,483.0,510.0,528.0,559.0,605.0,617.0,704.0,728.0,734.0,759.0,837.0,
29.0,56.0,95.0,105.0,209.0,248.0,310.0,314.0,326.0,377.0,456.0,458.0,470.0,473.0,594.0,597.0,599.0,622.0,637.0,676.0,711.0,735.0,781.0,814.0,858.0,886.0,898.0,935.0,945.0,967.0,985.0,
11.0,34.0,137.0,145.0,150.0,201.0,230.0,281.0,286.0,356.0,361.0,384.0,448.0,485.0,513.0,523.0,536.0,552.0,576.0,629.0,646.0,656.0,662.0,708.0,772.0,830.0,892.0,899.0,910.0,927.0,939.0,974.0,990.0,
18.0,33.0,56.0,62.0,84.0,131.0,142.0,149.0,161.0,189.0,195.0,197.0,257.0,261.0,362.0,413.0,443.0,451.0,502.0,509.0,534.0,543.0,548.0,558.0,563.0,592.0,635.0,671.0,694.0,743.0,745.0,789.0,813.0,813.0,829.0,836.0,838.0,864.0,877.0,931.0,950.0,955.0,998.0,
4.0,6.0,7.0,44.0,80.0,102.0,107.0,175.0,200.0,276.0,329.0,400.0,435.0,457.0,476.0,494.0,512.0,515.0,518.0,530.0,538.0,546.0,546.0,551.0,552.0,553.0,553.0,559.0,564.0,572.0,578.0,580.0,586.0,589.0,589.0,590.0,595.0,600.0,605.0,606.0,609.0,610.0,614.0,633.0,641.0,644.0,650.0,651.0,675.0,676.0,679.0,682.0,685.0,698.0,713.0,725.0,781.0,782.0,785.0,786.0,797.0,804.0,828.0,829.0,855.0,872.0,895.0,895.0,901.0,902.0,909.0,942.0,948.0,960.0,973.0,
41.0,49.0,85.0,111.0,128.0,187.0,196.0,196.0,220.0,233.0,286.0,398.0,461.0,483.0,503.0,508.0,518.0,529.0,529.0,530.0,531.0,536.0,542.0,555.0,556.0,561.0,565.0,566.0,569.0,570.0,572.0,572.0,576.0,576.0,578.0,581.0,581.0,583.0,593.0,594.0,601.0,601.0,613.0,614.0,617.0,623.0,626.0,626.0,650.0,662.0,664.0,699.0,711.0,714.0,718.0,726.0,734.0,758.0,791.0,798.0,808.0,817.0,822.0,826.0,854.0,931.0,936.0,937.0,944.0,971.0,973.0,
6.0,60.0,63.0,114.0,128.0,153.0,159.0,211.0,218.0,223.0,230.0,247.0,263.0,325.0,347.0,435.0,439.0,452.0,468.0,493.0,519.0,525.0,549.0,553.0,564.0,567.0,589.0,594.0,596.0,607.0,611.0,620.0,620.0,622.0,625.0,628.0,631.0,657.0,657.0,672.0,676.0,711.0,728.0,746.0,751.0,754.0,766.0,770.0,826.0,865.0,880.0,888.0,897.0,899.0,904.0,912.0,913.0,924.0,924.0,937.0,940.0,966.0,967.0,969.0,977.0,979.0,995.0,998.0,
11.0,21.0,26.0,106.0,122.0,137.0,181.0,186.0,235.0,250.0,299.0,347.0,347.0,426.0,469.0,476.0,494.0,506.0,572.0,573.0,662.0,763.0,772.0,776.0,784.0,800.0,837.0,843.0,844.0,869.0,900.0,957.0,960.0,965.0,
9.0,52.0,55.0,63.0,66.0,125.0,154.0,161.0,189.0,219.0,231.0,238.0,298.0,348.0,406.0,425.0,426.0,454.0,462.0,538.0,712.0,746.0,783.0,811.0,853.0,941.0,968.0,
8.0,24.0,62.0,88.0,103.0,204.0,206.0,236.0,242.0,254.0,279.0,286.0,347.0,365.0,379.0,397.0,423.0,426.0,443.0,471.0,477.0,486.0,541.0,556.0,556.0,565.0,581.0,589.0,594.0,650.0,655.0,655.0,667.0,706.0,735.0,784.0,836.0,848.0,848.0,977.0,
25.0,35.0,36.0,62.0,76.0,96.0,116.0,206.0,209.0,307.0,336.0,377.0,404.0,439.0,452.0,486.0,499.0,567.0,585.0,614.0,675.0,781.0,787.0,814.0,866.0,878.0,889.0,900.0,905.0,911.0,915.0,924.0,929.0,952.0,984.0,998.0,
34.0,86.0,100.0,103.0,188.0,190.0,208.0,254.0,256.0,262.0,298.0,312.0,312.0,327.0,331.0,350.0,353.0,386.0,425.0,427.0,457.0,486.0,515.0,529.0,579.0,585.0,600.0,621.0,622.0,626.0,652.0,663.0,699.0,706.0,723.0,750.0,795.0,809.0,850.0,852.0,874.0,875.0,912.0,988.0,
9.0,57.0,66.0,86.0,131.0,183.0,186.0,214.0,233.0,236.0,249.0,250.0,253.0,264.0,293.0,324.0,325.0,339.0,344.0,385.0,391.0,392.0,419.0,438.0,493.0,551.0,553.0,559.0,579.0,601.0,612.0,616.0,624.0,657.0,729.0,740.0,777.0,790.0,839.0,848.0,854.0,859.0,964.0,985.0,992.0,
31.0,67.0,68.0,150.0,166.0,216.0,220.0,329.0,352.0,377.0,392.0,395.0,405.0,409.0,483.0,601.0,633.0,634.0,639.0,683.0,704.0,750.0,784.0,793.0,809.0,810.0,882.0,929.0,978.0,
26.0,93.0,132.0,144.0,154.0,175.0,188.0,219.0,227.0,240.0,246.0,275.0,286.0,341.0,358.0,383.0,396.0,400.0,422.0,427.0,526.0,528.0,535.0,539.0,540.0,550.0,551.0,552.0,565.0,568.0,579.0,589.0,595.0,596.0,630.0,634.0,644.0,645.0,675.0,737.0,739.0,763.0,784.0,825.0,832.0,844.0,881.0,885.0,886.0,906.0,927.0,931.0,953.0,955.0,957.0,972.0,978.0,985.0,987.0,
115.0,120.0,129.0,150.0,152.0,156.0,240.0,294.0,303.0,306.0,328.0,337.0,344.0,352.0,354.0,363.0,375.0,400.0,411.0,419.0,477.0,486.0,492.0,514.0,517.0,522.0,533.0,533.0,534.0,534.0,538.0,540.0,543.0,548.0,551.0,567.0,569.0,569.0,603.0,614.0,620.0,628.0,630.0,635.0,642.0,643.0,664.0,680.0,709.0,714.0,724.0,732.0,751.0,782.0,795.0,802.0,812.0,817.0,823.0,844.0,862.0,896.0,953.0,954.0,962.0,972.0,976.0,997.0,
80.0,121.0,122.0,152.0,179.0,188.0,201.0,206.0,214.0,299.0,338.0,377.0,389.0,428.0,436.0,504.0,529.0,531.0,535.0,540.0,543.0,543.0,543.0,553.0,574.0,597.0,599.0,601.0,612.0,614.0,622.0,625.0,631.0,639.0,681.0,683.0,686.0,689.0,700.0,701.0,738.0,764.0,798.0,804.0,823.0,828.0,838.0,852.0,871.0,904.0,944.0,945.0,949.0,993.0,
35.0,61.0,119.0,173.0,248.0,254.0,261.0,263.0,274.0,323.0,351.0,392.0,404.0,408.0,488.0,534.0,573.0,618.0,659.0,676.0,750.0,832.0,840.0,856.0,857.0,863.0,866.0,888.0,911.0,912.0,917.0,
14.0,65.0,112.0,118.0,125.0,196.0,346.0,364.0,372.0,387.0,405.0,418.0,459.0,494.0,523.0,565.0,626.0,627.0,665.0,667.0,718.0,781.0,785.0,820.0,874.0,890.0,914.0,965.0,
66.0,89.0,175.0,242.0,242.0,285.0,293.0,313.0,320.0,363.0,418.0,434.0,436.0,451.0,520.0,522.0,538.0,543.0,553.0,596.0,628.0,704.0,732.0,737.0,791.0,793.0,811.0,827.0,829.0,847.0,850.0,902.0,923.0,934.0,948.0,992.0,
34.0,51.0,59.0,76.0,111.0,120.0,147.0,161.0,219.0,354.0,355.0,368.0,373.0,441.0,449.0,524.0,602.0,614.0,642.0,672.0,697.0,701.0,706.0,777.0,815.0,825.0,835.0,927.0,959.0,
21.0,55.0,82.0,158.0,180.0,187.0,226.0,287.0,305.0,337.0,342.0,349.0,354.0,392.0,409.0,417.0,571.0,587.0,660.0,672.0,727.0,753.0,803.0,824.0,839.0,870.0,894.0,897.0,907.0,922.0,947.0,955.0,964.0,
48.0,67.0,74.0,180.0,185.0,187.0,240.0,267.0,288.0,294.0,298.0,326.0,336.0,339.0,363.0,412.0,445.0,464.0,478.0,498.0,526.0,583.0,631.0,657.0,710.0,735.0,739.0,741.0,765.0,767.0,805.0,827.0,894.0,897.0,913.0,926.0,949.0,967.0,971.0,976.0,976.0,
11.0,78.0,107.0,109.0,141.0,212.0,226.0,285.0,308.0,373.0,382.0,390.0,418.0,425.0,470.0,595.0,738.0,795.0,822.0,862.0,867.0,874.0,875.0,899.0,927.0,
15.0,23.0,32.0,43.0,134.0,141.0,160.0,177.0,213.0,284.0,350.0,375.0,399.0,418.0,439.0,466.0,508.0,546.0,579.0,736.0,739.0,740.0,766.0,771.0,788.0,845.0,902.0,953.0,963.0,
11.0,28.0,139.0,164.0,183.0,224.0,240.0,244.0,261.0,267.0,273.0,273.0,298.0,304.0,331.0,437.0,445.0,447.0,535.0,535.0,540.0,583.0,616.0,756.0,757.0,778.0,787.0,792.0,806.0,810.0,814.0,816.0,850.0,854.0,965.0,992.0,997.0,
30.0,30.0,32.0,34.0,38.0,42.0,114.0,123.0,138.0,240.0,248.0,249.0,272.0,295.0,322.0,354.0,393.0,394.0,414.0,463.0,498.0,533.0,545.0,551.0,565.0,576.0,606.0,624.0,631.0,682.0,704.0,723.0,811.0,847.0,853.0,932.0,
17.0,44.0,50.0,56.0,72.0,83.0,109.0,113.0,139.0,148.0,188.0,231.0,232.0,269.0,343.0,345.0,346.0,386.0,420.0,425.0,428.0,448.0,514.0,536.0,590.0,636.0,737.0,756.0,764.0,800.0,848.0,857.0,926.0,933.0,965.0,990.0,
34.0,46.0,75.0,77.0,78.0,125.0,154.0,169.0,183.0,188.0,234.0,310.0,340.0,351.0,381.0,438.0,445.0,447.0,513.0,516.0,547.0,579.0,585.0,598.0,612.0,626.0,626.0,679.0,692.0,710.0,725.0,736.0,749.0,788.0,796.0,852.0,894.0,919.0,931.0,942.0,959.0,975.0,980.0,997.0,
30.0,54.0,54.0,155.0,195.0,214.0,224.0,235.0,248.0,251.0,260.0,274.0,295.0,309.0,327.0,328.0,332.0,350.0,412.0,518.0,550.0,563.0,585.0,663.0,685.0,692.0,710.0,768.0,810.0,816.0,825.0,836.0,867.0,889.0,938.0,961.0,964.0,983.0,992.0,
35.0,122.0,155.0,217.0,273.0,326.0,332.0,336.0,370.0,423.0,438.0,439.0,472.0,479.0,483.0,486.0,508.0,532.0,534.0,543.0,564.0,571.0,588.0,677.0,681.0,752.0,791.0,827.0,889.0,899.0,925.0,954.0,961.0,979.0,996.0,
26.0,36.0,66.0,73.0,101.0,220.0,221.0,287.0,301.0,323.0,330.0,362.0,389.0,406.0,410.0,445.0,479.0,534.0,557.0,585.0,613.0,654.0,677.0,677.0,702.0,724.0,732.0,762.0,808.0,844.0,854.0,936.0,937.0,947.0,950.0,1000.0,
60.0,122.0,124.0,129.0,178.0,180.0,194.0,211.0,248.0,256.0,261.0,290.0,414.0,470.0,483.0,497.0,608.0,610.0,639.0,650.0,651.0,657.0,672.0,689.0,690.0,723.0,786.0,794.0,795.0,807.0,836.0,843.0,865.0,887.0,925.0,932.0,959.0,
29.0,76.0,107.0,194.0,240.0,308.0,309.0,320.0,333.0,368.0,375.0,379.0,397.0,408.0,471.0,506.0,528.0,588.0,593.0,604.0,611.0,629.0,648.0,660.0,676.0,685.0,793.0,814.0,826.0,857.0,873.0,885.0,925.0,929.0,955.0,966.0,973.0,
58.0,67.0,119.0,121.0,169.0,246.0,247.0,277.0,317.0,319.0,368.0,392.0,439.0,457.0,470.0,523.0,554.0,567.0,570.0,583.0,691.0,705.0,792.0,818.0,825.0,828.0,892.0,910.0,918.0,931.0,959.0,963.0,970.0,988.0,
3.0,75.0,77.0,124.0,137.0,146.0,163.0,168.0,180.0,301.0,338.0,363.0,366.0,397.0,421.0,473.0,564.0,591.0,608.0,612.0,670.0,733.0,743.0,751.0,781.0,806.0,823.0,849.0,852.0,926.0,943.0,
9.0,30.0,60.0,61.0,62.0,87.0,87.0,126.0,150.0,169.0,190.0,206.0,209.0,212.0,246.0,360.0,378.0,380.0,431.0,446.0,454.0,464.0,491.0,508.0,539.0,568.0,587.0,619.0,629.0,638.0,703.0,707.0,714.0,735.0,765.0,771.0,777.0,780.0,784.0,803.0,820.0,824.0,895.0,953.0,965.0,989.0,
26.0,51.0,58.0,68.0,74.0,117.0,133.0,186.0,209.0,217.0,225.0,320.0,382.0,390.0,394.0,417.0,452.0,471.0,592.0,619.0,620.0,641.0,642.0,643.0,713.0,746.0,760.0,778.0,788.0,811.0,821.0,839.0,854.0,864.0,869.0,882.0,894.0,894.0,917.0,961.0,995.0,
13.0,92.0,124.0,201.0,202.0,204.0,244.0,255.0,323.0,344.0,390.0,459.0,462.0,495.0,538.0,558.0,569.0,612.0,619.0,628.0,641.0,665.0,675.0,688.0,731.0,785.0,800.0,807.0,821.0,839.0,857.0,884.0,909.0,922.0,948.0,
6.0,27.0,46.0,106.0,120.0,121.0,140.0,148.0,167.0,172.0,218.0,248.0,256.0,317.0,317.0,330.0,343.0,372.0,393.0,425.0,481.0,485.0,511.0,565.0,609.0,645.0,681.0,687.0,736.0,764.0,764.0,825.0,839.0,886.0,888.0,969.0,984.0,
9.0,34.0,78.0,112.0,154.0,154.0,205.0,214.0,254.0,309.0,322.0,340.0,340.0,352.0,379.0,418.0,432.0,442.0,484.0,491.0,512.0,521.0,558.0,572.0,577.0,611.0,660.0,701.0,706.0,847.0,849.0,854.0,873.0,875.0,903.0,910.0,920.0,925.0,935.0,954.0,
4.0,11.0,41.0,46.0,55.0,138.0,161.0,197.0,198.0,211.0,234.0,237.0,254.0,314.0,341.0,370.0,370.0,419.0,441.0,460.0,518.0,599.0,663.0,683.0,699.0,756.0,757.0,765.0,811.0,849.0,895.0,898.0,904.0,920.0,950.0,983.0,
12.0,30.0,41.0,92.0,108.0,111.0,113.0,129.0,148.0,185.0,214.0,318.0,323.0,342.0,358.0,382.0,455.0,485.0,521.0,590.0,637.0,648.0,652.0,661.0,676.0,695.0,766.0,808.0,824.0,869.0,881.0,950.0,976.0,990.0,994.0,
18.0,45.0,55.0,130.0,147.0,208.0,209.0,214.0,265.0,310.0,381.0,440.0,458.0,485.0,489.0,512.0,612.0,638.0,665.0,672.0,676.0,686.0,689.0,716.0,723.0,736.0,781.0,789.0,825.0,840.0,841.0,849.0,909.0,1000.0,
34.0,66.0,157.0,171.0,185.0,238.0,265.0,316.0,334.0,353.0,363.0,439.0,445.0,451.0,474.0,518.0,522.0,529.0,555.0,631.0,633.0,732.0,742.0,770.0,851.0,856.0,878.0,878.0,979.0,
22.0,22.0,51.0,65.0,83.0,87.0,150.0,194.0,199.0,206.0,229.0,273.0,283.0,348.0,387.0,400.0,407.0,413.0,426.0,476.0,496.0,503.0,565.0,570.0,574.0,591.0,629.0,649.0,685.0,710.0,766.0,766.0,797.0,811.0,842.0,894.0,915.0,
2.0,4.0,76.0,79.0,91.0,101.0,122.0,157.0,217.0,228.0,234.0,264.0,297.0,301.0,312.0,480.0,519.0,539.0,560.0,602.0,604.0,611.0,623.0,676.0,676.0,683.0,690.0,776.0,807.0,821.0,830.0,848.0,882.0,923.0,953.0,953.0,958.0,
48.0,76.0,82.0,108.0,114.0,114.0,129.0,155.0,173.0,253.0,264.0,294.0,316.0,357.0,368.0,419.0,434.0,485.0,490.0,498.0,502.0,518.0,554.0,584.0,606.0,613.0,622.0,622.0,635.0,646.0,656.0,658.0,670.0,681.0,730.0,794.0,822.0,827.0,870.0,874.0,874.0,920.0,996.0,
2.0,11.0,21.0,29.0,29.0,74.0,79.0,113.0,127.0,131.0,136.0,142.0,190.0,194.0,255.0,291.0,383.0,400.0,433.0,440.0,444.0,451.0,522.0,532.0,543.0,545.0,559.0,594.0,598.0,600.0,606.0,642.0,710.0,718.0,753.0,774.0,780.0,820.0,828.0,835.0,852.0,891.0,950.0,970.0,970.0,978.0,1000.0,
73.0,167.0,175.0,184.0,208.0,225.0,256.0,269.0,288.0,363.0,459.0,464.0,504.0,580.0,600.0,608.0,613.0,614.0,627.0,659.0,677.0,710.0,740.0,770.0,803.0,825.0,910.0,930.0,936.0,949.0,958.0,959.0,999.0,
