60.0,61.0,90.0,134.0,191.0,195.0,201.0,204.0,234.0,242.0,244.0,282.0,291.0,309.0,333.0,354.0,365.0,371.0,444.0,484.0,511.0,567.0,575.0,594.0,633.0,634.0,636.0,646.0,651.0,659.0,670.0,685.0,706.0,738.0,738.0,778.0,792.0,793.0,815.0,820.0,857.0,881.0,884.0,896.0,950.0,990.0,990.0,997.0,
12.0,46.0,113.0,148.0,173.0,179.0,192.0,204.0,228.0,252.0,254.0,267.0,312.0,317.0,324.0,432.0,466.0,468.0,474.0,516.0,522.0,560.0,612.0,702.0,731.0,756.0,770.0,790.0,798.0,841.0,892.0,933.0,933.0,943.0,949.0,969.0,986.0,
43.0,43.0,92.0,119.0,147.0,165.0,177.0,203.0,224.0,232.0,245.0,288.0,290.0,403.0,451.0,462.0,476.0,514.0,519.0,525.0,536.0,550.0,552.0,554.0,599.0,636.0,650.0,655.0,681.0,695.0,697.0,745.0,776.0,779.0,848.0,892.0,931.0,943.0,
17.0,94.0,104.0,186.0,190.0,213.0,229.0,284.0,297.0,335.0,354.0,361.0,362.0,365.0,380.0,396.0,403.0,445.0,447.0,447.0,448.0,459.0,519.0,572.0,579.0,580.0,583.0,587.0,594.0,667.0,675.0,698.0,700.0,801.0,810.0,826.0,845.0,884.0,925.0,931.0,992.0,
39.0,65.0,96.0,188.0,250.0,311.0,313.0,325.0,336.0,355.0,358.0,432.0,445.0,465.0,481.0,504.0,507.0,515.0,550.0,565.0,679.0,708.0,733.0,755.0,778.0,780.0,782.0,805.0,813.0,821.0,841.0,850.0,898.0,908.0,958.0,958.0,961.0,997.0,
22.0,45.0,87.0,97.0,115.0,118.0,127.0,131.0,142.0,164.0,177.0,292.0,293.0,338.0,388.0,397.0,439.0,476.0,486.0,547.0,550.0,587.0,598.0,618.0,701.0,739.0,806.0,812.0,873.0,903.0,940.0,998.0,
7.0,19.0,28.0,115.0,120.0,153.0,160.0,184.0,207.0,216.0,223.0,370.0,422.0,440.0,474.0,475.0,490.0,499.0,509.0,518.0,528.0,558.0,662.0,697.0,733.0,790.0,818.0,827.0,853.0,919.0,940.0,965.0,979.0,
106.0,249.0,326.0,345.0,367.0,398.0,451.0,511.0,552.0,553.0,562.0,605.0,615.0,619.0,624.0,672.0,717.0,773.0,786.0,798.0,825.0,825.0,831.0,852.0,878.0,915.0,916.0,971.0,980.0,989.0,990.0,
13.0,14.0,97.0,141.0,179.0,198.0,198.0,210.0,225.0,253.0,253.0,272.0,294.0,312.0,366.0,403.0,411.0,416.0,424.0,449.0,452.0,481.0,602.0,672.0,731.0,735.0,785.0,795.0,813.0,839.0,852.0,902.0,960.0,969.0,994.0,
6.0,29.0,40.0,57.0,73.0,133.0,138.0,160.0,196.0,221.0,240.0,283.0,318.0,319.0,345.0,358.0,359.0,364.0,372.0,418.0,442.0,448.0,454.0,482.0,518.0,562.0,562.0,596.0,651.0,666.0,694.0,719.0,726.0,727.0,748.0,762.0,763.0,856.0,888.0,893.0,898.0,908.0,933.0,933.0,971.0,976.0,
21.0,90.0,109.0,179.0,186.0,188.0,280.0,283.0,322.0,329.0,348.0,366.0,366.0,399.0,458.0,500.0,532.0,555.0,582.0,583.0,591.0,595.0,612.0,617.0,622.0,706.0,719.0,758.0,761.0,767.0,794.0,826.0,853.0,873.0,880.0,916.0,934.0,935.0,956.0,962.0,
36.0,36.0,122.0,124.0,135.0,183.0,190.0,190.0,197.0,275.0,292.0,307.0,317.0,330.0,346.0,408.0,424.0,467.0,473.0,603.0,637.0,643.0,675.0,685.0,691.0,696.0,701.0,710.0,754.0,777.0,782.0,815.0,823.0,867.0,867.0,883.0,959.0,
13.0,25.0,40.0,119.0,125.0,127.0,206.0,213.0,240.0,244.0,314.0,325.0,357.0,359.0,368.0,394.0,410.0,418.0,549.0,688.0,729.0,732.0,819.0,828.0,838.0,869.0,877.0,946.0,949.0,999.0,
49.0,60.0,75.0,77.0,89.0,89.0,96.0,178.0,217.0,246.0,259.0,262.0,287.0,334.0,338.0,341.0,345.0,386.0,387.0,405.0,406.0,427.0,476.0,489.0,500.0,540.0,550.0,563.0,583.0,654.0,669.0,679.0,731.0,741.0,786.0,792.0,794.0,800.0,834.0,855.0,892.0,924.0,934.0,951.0,992.0,
30.0,33.0,70.0,76.0,86.0,121.0,156.0,205.0,217.0,276.0,278.0,302.0,426.0,448.0,469.0,470.0,481.0,503.0,579.0,609.0,631.0,681.0,692.0,704.0,710.0,731.0,743.0,755.0,764.0,775.0,780.0,800.0,828.0,829.0,852.0,855.0,857.0,918.0,966.0,
87.0,169.0,193.0,200.0,216.0,220.0,229.0,241.0,289.0,304.0,345.0,380.0,428.0,435.0,443.0,478.0,501.0,505.0,516.0,547.0,584.0,639.0,645.0,650.0,667.0,698.0,756.0,802.0,847.0,849.0,878.0,940.0,949.0,
2.0,3.0,33.0,83.0,171.0,188.0,221.0,258.0,268.0,294.0,315.0,315.0,346.0,387.0,390.0,395.0,454.0,465.0,485.0,490.0,491.0,513.0,522.0,537.0,649.0,650.0,683.0,731.0,762.0,780.0,805.0,839.0,883.0,
18.0,40.0,45.0,88.0,118.0,141.0,143.0,153.0,165.0,168.0,174.0,190.0,191.0,203.0,241.0,297.0,303.0,303.0,324.0,327.0,342.0,354.0,379.0,402.0,405.0,449.0,481.0,481.0,512.0,574.0,672.0,682.0,758.0,777.0,798.0,845.0,847.0,887.0,896.0,956.0,
30.0,49.0,109.0,171.0,209.0,252.0,271.0,279.0,285.0,289.0,296.0,302.0,332.0,353.0,380.0,415.0,419.0,434.0,475.0,489.0,519.0,528.0,572.0,616.0,637.0,637.0,671.0,674.0,675.0,694.0,714.0,779.0,787.0,797.0,836.0,849.0,901.0,908.0,912.0,
7.0,9.0,14.0,29.0,39.0,117.0,149.0,210.0,242.0,245.0,267.0,479.0,528.0,564.0,608.0,608.0,617.0,655.0,760.0,770.0,782.0,810.0,812.0,821.0,844.0,860.0,869.0,891.0,921.0,953.0,955.0,988.0,
13.0,23.0,37.0,74.0,80.0,91.0,163.0,180.0,213.0,240.0,291.0,359.0,359.0,367.0,395.0,485.0,486.0,520.0,526.0,529.0,585.0,594.0,657.0,673.0,690.0,692.0,726.0,730.0,748.0,771.0,773.0,791.0,800.0,830.0,844.0,892.0,920.0,954.0,979.0,983.0,
47.0,89.0,115.0,163.0,165.0,201.0,211.0,212.0,213.0,230.0,308.0,321.0,325.0,327.0,341.0,362.0,402.0,409.0,432.0,490.0,553.0,565.0,581.0,633.0,658.0,679.0,721.0,745.0,784.0,790.0,844.0,854.0,858.0,862.0,873.0,890.0,945.0,951.0,957.0,959.0,967.0,
9.0,68.0,95.0,125.0,134.0,193.0,233.0,263.0,263.0,280.0,340.0,401.0,423.0,436.0,444.0,467.0,487.0,496.0,498.0,539.0,611.0,634.0,664.0,675.0,682.0,683.0,686.0,691.0,706.0,793.0,813.0,862.0,883.0,918.0,953.0,963.0,969.0,
91.0,102.0,160.0,187.0,292.0,348.0,356.0,364.0,376.0,387.0,436.0,438.0,466.0,471.0,482.0,514.0,522.0,547.0,601.0,601.0,642.0,649.0,709.0,726.0,780.0,783.0,796.0,800.0,831.0,873.0,913.0,913.0,973.0,975.0,988.0,
20.0,21.0,23.0,100.0,159.0,251.0,261.0,267.0,291.0,303.0,356.0,367.0,401.0,526.0,539.0,571.0,578.0,579.0,584.0,591.0,613.0,618.0,643.0,683.0,716.0,722.0,737.0,762.0,783.0,791.0,796.0,798.0,816.0,875.0,886.0,905.0,926.0,934.0,971.0,988.0,995.0,
9.0,21.0,25.0,73.0,75.0,76.0,101.0,116.0,149.0,216.0,218.0,230.0,235.0,278.0,318.0,363.0,364.0,371.0,419.0,446.0,481.0,506.0,509.0,522.0,587.0,610.0,646.0,664.0,681.0,744.0,756.0,759.0,767.0,785.0,810.0,827.0,831.0,899.0,904.0,924.0,956.0,985.0,
29.0,33.0,49.0,88.0,96.0,122.0,133.0,170.0,171.0,189.0,198.0,216.0,247.0,257.0,267.0,272.0,299.0,313.0,320.0,334.0,340.0,401.0,429.0,449.0,528.0,611.0,620.0,702.0,705.0,723.0,751.0,823.0,832.0,879.0,939.0,980.0,
15.0,38.0,59.0,123.0,140.0,259.0,297.0,363.0,488.0,570.0,594.0,617.0,623.0,644.0,665.0,665.0,731.0,750.0,752.0,773.0,792.0,833.0,837.0,850.0,860.0,892.0,901.0,918.0,953.0,963.0,995.0,
18.0,26.0,29.0,48.0,66.0,74.0,116.0,125.0,129.0,184.0,223.0,224.0,226.0,265.0,286.0,298.0,315.0,463.0,473.0,482.0,490.0,614.0,625.0,659.0,759.0,770.0,811.0,814.0,925.0,967.0,998.0,
13.0,26.0,37.0,74.0,79.0,122.0,123.0,135.0,140.0,146.0,159.0,178.0,199.0,245.0,257.0,272.0,308.0,346.0,372.0,422.0,438.0,452.0,498.0,522.0,526.0,532.0,537.0,545.0,549.0,578.0,719.0,740.0,832.0,838.0,863.0,867.0,919.0,929.0,956.0,961.0,962.0,976.0,981.0,984.0,996.0,
5.0,37.0,61.0,97.0,107.0,115.0,132.0,152.0,177.0,234.0,235.0,269.0,277.0,278.0,287.0,400.0,403.0,425.0,444.0,457.0,457.0,460.0,481.0,487.0,504.0,524.0,573.0,594.0,646.0,690.0,696.0,716.0,743.0,911.0,917.0,930.0,949.0,960.0,975.0,
33.0,43.0,76.0,76.0,108.0,126.0,134.0,142.0,164.0,193.0,201.0,204.0,277.0,278.0,301.0,335.0,366.0,428.0,452.0,481.0,488.0,489.0,495.0,565.0,570.0,580.0,604.0,638.0,646.0,654.0,765.0,775.0,830.0,840.0,842.0,872.0,940.0,
19.0,30.0,49.0,56.0,75.0,198.0,200.0,212.0,227.0,321.0,343.0,361.0,363.0,391.0,412.0,440.0,471.0,474.0,488.0,499.0,516.0,534.0,536.0,558.0,575.0,577.0,580.0,664.0,675.0,693.0,726.0,768.0,799.0,867.0,881.0,970.0,977.0,
32.0,65.0,70.0,86.0,129.0,166.0,215.0,235.0,302.0,421.0,427.0,509.0,523.0,540.0,592.0,627.0,642.0,689.0,715.0,733.0,775.0,789.0,846.0,879.0,918.0,924.0,939.0,962.0,
55.0,62.0,110.0,147.0,161.0,197.0,286.0,291.0,293.0,298.0,349.0,425.0,459.0,462.0,478.0,496.0,554.0,578.0,591.0,615.0,638.0,644.0,646.0,681.0,761.0,829.0,836.0,846.0,860.0,861.0,882.0,922.0,946.0,959.0,970.0,978.0,
27.0,52.0,62.0,129.0,142.0,199.0,202.0,254.0,294.0,304.0,310.0,326.0,329.0,354.0,375.0,425.0,441.0,446.0,632.0,657.0,679.0,731.0,852.0,892.0,927.0,973.0,975.0,989.0,
8.0,18.0,63.0,123.0,163.0,182.0,249.0,252.0,268.0,294.0,337.0,338.0,342.0,403.0,404.0,405.0,497.0,562.0,575.0,627.0,637.0,643.0,654.0,693.0,701.0,712.0,734.0,755.0,831.0,831.0,836.0,857.0,858.0,871.0,
9.0,24.0,41.0,92.0,117.0,147.0,184.0,241.0,259.0,275.0,279.0,306.0,332.0,347.0,409.0,412.0,482.0,482.0,496.0,581.0,622.0,630.0,640.0,645.0,707.0,783.0,785.0,818.0,823.0,834.0,878.0,904.0,915.0,920.0,929.0,932.0,960.0,972.0,976.0,981.0,992.0,
16.0,64.0,78.0,120.0,128.0,133.0,233.0,239.0,356.0,358.0,385.0,385.0,401.0,501.0,503.0,548.0,588.0,624.0,627.0,628.0,638.0,640.0,687.0,689.0,717.0,727.0,741.0,755.0,758.0,760.0,788.0,789.0,809.0,822.0,828.0,830.0,831.0,837.0,851.0,868.0,868.0,878.0,887.0,907.0,949.0,956.0,964.0,973.0,999.0,
19.0,91.0,107.0,111.0,125.0,127.0,130.0,133.0,139.0,148.0,166.0,186.0,195.0,201.0,214.0,263.0,268.0,339.0,353.0,395.0,402.0,402.0,428.0,455.0,464.0,520.0,547.0,606.0,716.0,791.0,808.0,820.0,833.0,836.0,866.0,980.0,991.0,
54.0,60.0,104.0,108.0,121.0,131.0,149.0,159.0,178.0,225.0,265.0,318.0,339.0,368.0,386.0,389.0,406.0,422.0,451.0,453.0,473.0,512.0,515.0,649.0,674.0,725.0,732.0,807.0,842.0,959.0,989.0,996.0,
34.0,46.0,75.0,125.0,159.0,177.0,204.0,251.0,265.0,323.0,339.0,344.0,348.0,352.0,386.0,399.0,443.0,451.0,460.0,491.0,544.0,547.0,553.0,564.0,566.0,606.0,651.0,747.0,750.0,751.0,752.0,758.0,765.0,817.0,861.0,942.0,
71.0,76.0,77.0,193.0,212.0,246.0,246.0,265.0,288.0,331.0,340.0,357.0,369.0,373.0,402.0,413.0,440.0,459.0,469.0,472.0,482.0,563.0,595.0,595.0,599.0,607.0,633.0,654.0,654.0,659.0,664.0,758.0,771.0,772.0,778.0,797.0,812.0,880.0,888.0,899.0,945.0,
10.0,70.0,84.0,88.0,140.0,163.0,209.0,284.0,307.0,384.0,400.0,430.0,441.0,497.0,556.0,583.0,605.0,617.0,633.0,643.0,719.0,776.0,801.0,802.0,978.0,982.0,995.0,
2.0,13.0,16.0,75.0,126.0,171.0,203.0,215.0,227.0,233.0,252.0,266.0,277.0,279.0,282.0,332.0,405.0,452.0,455.0,473.0,479.0,
2.0,5.0,45.0,105.0,117.0,166.0,179.0,183.0,184.0,235.0,285.0,311.0,348.0,410.0,441.0,455.0,
24.0,62.0,89.0,120.0,122.0,179.0,228.0,229.0,319.0,320.0,327.0,361.0,370.0,377.0,389.0,406.0,420.0,420.0,427.0,431.0,441.0,464.0,478.0,482.0,487.0,488.0,
9.0,50.0,82.0,116.0,119.0,143.0,150.0,205.0,256.0,262.0,278.0,339.0,341.0,401.0,412.0,416.0,434.0,440.0,483.0,483.0,489.0,491.0,646.0,706.0,727.0,735.0,785.0,793.0,824.0,832.0,842.0,848.0,929.0,955.0,970.0,987.0,
28.0,33.0,64.0,75.0,123.0,142.0,164.0,178.0,180.0,269.0,281.0,287.0,292.0,324.0,339.0,362.0,397.0,483.0,487.0,509.0,532.0,552.0,568.0,579.0,648.0,699.0,756.0,838.0,849.0,899.0,
20.0,82.0,85.0,100.0,130.0,160.0,170.0,193.0,204.0,221.0,229.0,268.0,286.0,426.0,445.0,465.0,481.0,508.0,511.0,529.0,552.0,553.0,571.0,583.0,592.0,599.0,627.0,649.0,659.0,672.0,672.0,701.0,715.0,728.0,758.0,764.0,782.0,785.0,789.0,812.0,849.0,939.0,
13.0,72.0,79.0,110.0,164.0,190.0,248.0,270.0,302.0,312.0,313.0,334.0,362.0,384.0,417.0,446.0,474.0,479.0,496.0,501.0,521.0,574.0,576.0,581.0,589.0,606.0,645.0,670.0,673.0,751.0,785.0,819.0,897.0,918.0,942.0,945.0,988.0,
2.0,35.0,52.0,55.0,60.0,69.0,140.0,147.0,155.0,160.0,174.0,185.0,191.0,224.0,254.0,267.0,267.0,286.0,302.0,337.0,430.0,489.0,505.0,508.0,513.0,515.0,524.0,533.0,552.0,589.0,603.0,611.0,639.0,663.0,679.0,704.0,788.0,799.0,805.0,825.0,843.0,865.0,872.0,875.0,888.0,903.0,918.0,928.0,943.0,944.0,959.0,964.0,980.0,998.0,
26.0,40.0,96.0,97.0,100.0,136.0,167.0,182.0,194.0,200.0,207.0,222.0,250.0,292.0,360.0,449.0,466.0,468.0,516.0,518.0,536.0,540.0,589.0,614.0,673.0,691.0,728.0,749.0,759.0,760.0,775.0,816.0,829.0,835.0,864.0,874.0,886.0,897.0,954.0,978.0,
3.0,39.0,40.0,54.0,96.0,98.0,132.0,134.0,151.0,172.0,219.0,223.0,310.0,312.0,336.0,376.0,466.0,466.0,470.0,503.0,684.0,699.0,703.0,708.0,713.0,753.0,819.0,825.0,854.0,883.0,912.0,939.0,
20.0,89.0,123.0,137.0,174.0,224.0,238.0,243.0,252.0,255.0,264.0,272.0,294.0,300.0,310.0,404.0,442.0,463.0,500.0,
6.0,31.0,34.0,61.0,119.0,183.0,187.0,197.0,280.0,280.0,341.0,341.0,388.0,459.0,829.0,
93.0,101.0,108.0,108.0,145.0,161.0,282.0,329.0,333.0,409.0,486.0,504.0,
18.0,43.0,175.0,190.0,277.0,284.0,293.0,439.0,450.0,679.0,841.0,935.0,949.0,961.0,965.0,968.0,
7.0,21.0,53.0,60.0,63.0,69.0,82.0,147.0,178.0,219.0,227.0,301.0,306.0,335.0,377.0,417.0,437.0,486.0,549.0,558.0,579.0,600.0,608.0,669.0,669.0,689.0,704.0,718.0,719.0,747.0,758.0,791.0,843.0,853.0,859.0,860.0,864.0,884.0,911.0,948.0,959.0,966.0,979.0,983.0,
12.0,31.0,36.0,51.0,52.0,78.0,85.0,89.0,93.0,96.0,100.0,106.0,188.0,202.0,216.0,249.0,293.0,327.0,345.0,359.0,402.0,412.0,543.0,601.0,627.0,645.0,653.0,663.0,803.0,822.0,855.0,881.0,890.0,
3.0,9.0,71.0,122.0,134.0,156.0,208.0,233.0,245.0,263.0,266.0,307.0,320.0,353.0,363.0,376.0,419.0,436.0,456.0,527.0,574.0,611.0,636.0,646.0,650.0,677.0,695.0,725.0,731.0,734.0,800.0,803.0,808.0,865.0,923.0,923.0,927.0,931.0,940.0,979.0,
45.0,56.0,91.0,109.0,176.0,183.0,206.0,217.0,234.0,242.0,286.0,299.0,386.0,394.0,417.0,439.0,477.0,506.0,526.0,530.0,541.0,550.0,556.0,557.0,614.0,621.0,649.0,655.0,677.0,686.0,700.0,744.0,785.0,810.0,933.0,
37.0,105.0,111.0,162.0,179.0,212.0,229.0,280.0,292.0,366.0,386.0,392.0,396.0,417.0,439.0,446.0,451.0,501.0,504.0,550.0,606.0,606.0,609.0,648.0,704.0,713.0,751.0,759.0,776.0,782.0,798.0,799.0,804.0,806.0,809.0,830.0,836.0,848.0,863.0,874.0,923.0,962.0,967.0,988.0,
4.0,36.0,58.0,63.0,141.0,147.0,161.0,167.0,222.0,239.0,265.0,284.0,288.0,309.0,339.0,420.0,422.0,440.0,487.0,487.0,577.0,627.0,691.0,723.0,757.0,843.0,849.0,854.0,876.0,893.0,958.0,
37.0,54.0,57.0,66.0,108.0,123.0,128.0,137.0,162.0,165.0,194.0,206.0,212.0,224.0,280.0,296.0,313.0,324.0,357.0,380.0,417.0,
8.0,36.0,41.0,51.0,52.0,104.0,111.0,143.0,161.0,166.0,178.0,253.0,255.0,326.0,328.0,328.0,330.0,354.0,374.0,410.0,452.0,463.0,
12.0,26.0,34.0,82.0,159.0,228.0,270.0,273.0,285.0,292.0,322.0,333.0,356.0,372.0,387.0,389.0,403.0,431.0,432.0,434.0,443.0,479.0,496.0,503.0,
77.0,99.0,121.0,172.0,193.0,249.0,253.0,271.0,332.0,358.0,358.0,367.0,389.0,442.0,461.0,487.0,491.0,497.0,627.0,640.0,665.0,733.0,775.0,800.0,898.0,952.0,967.0,985.0,
30.0,41.0,45.0,119.0,127.0,135.0,149.0,173.0,177.0,203.0,248.0,256.0,311.0,329.0,394.0,428.0,434.0,437.0,442.0,477.0,510.0,517.0,518.0,532.0,534.0,581.0,606.0,611.0,613.0,617.0,686.0,706.0,764.0,771.0,776.0,797.0,842.0,870.0,872.0,883.0,931.0,945.0,951.0,982.0,984.0,992.0,
4.0,71.0,100.0,141.0,152.0,168.0,168.0,169.0,171.0,179.0,190.0,237.0,276.0,337.0,348.0,368.0,431.0,432.0,439.0,450.0,477.0,496.0,534.0,570.0,577.0,621.0,628.0,688.0,716.0,734.0,763.0,807.0,813.0,821.0,835.0,870.0,922.0,923.0,996.0,
22.0,49.0,57.0,77.0,161.0,181.0,188.0,191.0,220.0,223.0,245.0,288.0,306.0,313.0,363.0,367.0,420.0,442.0,447.0,479.0,516.0,528.0,533.0,552.0,556.0,567.0,643.0,670.0,683.0,720.0,749.0,791.0,804.0,814.0,828.0,837.0,874.0,892.0,898.0,914.0,925.0,928.0,969.0,993.0,994.0,998.0,
7.0,74.0,81.0,100.0,114.0,140.0,151.0,213.0,243.0,258.0,310.0,348.0,372.0,377.0,486.0,508.0,587.0,588.0,613.0,628.0,633.0,637.0,657.0,662.0,668.0,671.0,706.0,707.0,719.0,792.0,808.0,835.0,850.0,913.0,914.0,947.0,
15.0,29.0,32.0,57.0,66.0,73.0,126.0,126.0,155.0,172.0,238.0,285.0,308.0,312.0,324.0,364.0,428.0,434.0,434.0,466.0,472.0,484.0,530.0,591.0,613.0,629.0,633.0,656.0,711.0,778.0,779.0,779.0,788.0,835.0,871.0,932.0,973.0,975.0,
78.0,99.0,105.0,177.0,185.0,212.0,217.0,230.0,240.0,266.0,295.0,356.0,376.0,426.0,447.0,479.0,558.0,560.0,562.0,669.0,677.0,710.0,712.0,738.0,746.0,788.0,794.0,796.0,798.0,801.0,807.0,808.0,821.0,830.0,860.0,884.0,885.0,915.0,940.0,966.0,982.0,
3.0,16.0,48.0,49.0,115.0,121.0,137.0,155.0,163.0,198.0,213.0,222.0,235.0,304.0,337.0,338.0,340.0,358.0,385.0,391.0,411.0,422.0,447.0,497.0,532.0,636.0,637.0,655.0,689.0,702.0,714.0,754.0,761.0,762.0,782.0,800.0,804.0,835.0,852.0,868.0,911.0,920.0,923.0,961.0,
38.0,83.0,94.0,117.0,123.0,165.0,169.0,174.0,184.0,264.0,293.0,302.0,352.0,452.0,459.0,466.0,471.0,488.0,639.0,666.0,718.0,733.0,752.0,814.0,865.0,916.0,941.0,
16.0,28.0,75.0,102.0,135.0,170.0,194.0,229.0,274.0,338.0,373.0,403.0,447.0,456.0,470.0,487.0,513.0,652.0,654.0,659.0,698.0,703.0,757.0,760.0,766.0,776.0,784.0,785.0,787.0,787.0,788.0,828.0,861.0,901.0,927.0,960.0,960.0,985.0,993.0,993.0,994.0,996.0,
11.0,11.0,37.0,79.0,89.0,108.0,123.0,126.0,227.0,236.0,260.0,269.0,269.0,303.0,390.0,408.0,424.0,491.0,495.0,561.0,561.0,594.0,594.0,600.0,610.0,621.0,656.0,660.0,691.0,696.0,703.0,724.0,728.0,741.0,743.0,760.0,807.0,824.0,824.0,855.0,873.0,883.0,892.0,898.0,898.0,902.0,912.0,926.0,936.0,945.0,950.0,961.0,970.0,974.0,
3.0,4.0,41.0,47.0,49.0,95.0,97.0,141.0,155.0,166.0,219.0,228.0,259.0,263.0,311.0,320.0,341.0,360.0,361.0,389.0,391.0,399.0,432.0,465.0,529.0,547.0,558.0,572.0,590.0,598.0,618.0,620.0,644.0,743.0,747.0,755.0,811.0,817.0,817.0,821.0,844.0,888.0,890.0,901.0,
20.0,24.0,32.0,52.0,144.0,145.0,150.0,174.0,200.0,212.0,291.0,324.0,367.0,370.0,407.0,453.0,484.0,486.0,499.0,514.0,537.0,568.0,581.0,618.0,625.0,646.0,651.0,677.0,687.0,688.0,693.0,702.0,722.0,726.0,735.0,754.0,767.0,808.0,848.0,908.0,917.0,935.0,937.0,
3.0,34.0,62.0,64.0,74.0,74.0,87.0,104.0,121.0,125.0,141.0,155.0,157.0,203.0,207.0,211.0,220.0,221.0,284.0,285.0,293.0,299.0,324.0,371.0,372.0,382.0,388.0,398.0,442.0,454.0,502.0,522.0,523.0,557.0,560.0,618.0,662.0,695.0,711.0,721.0,747.0,754.0,765.0,777.0,780.0,813.0,821.0,831.0,835.0,873.0,935.0,956.0,
22.0,117.0,133.0,151.0,208.0,250.0,279.0,308.0,347.0,364.0,374.0,385.0,397.0,426.0,432.0,445.0,450.0,461.0,517.0,526.0,544.0,555.0,608.0,614.0,679.0,690.0,705.0,736.0,748.0,779.0,828.0,883.0,892.0,925.0,986.0,987.0,993.0,
28.0,34.0,106.0,117.0,126.0,131.0,196.0,197.0,221.0,233.0,262.0,285.0,286.0,286.0,288.0,289.0,320.0,322.0,325.0,334.0,438.0,454.0,474.0,495.0,544.0,555.0,633.0,674.0,706.0,742.0,843.0,897.0,911.0,933.0,973.0,979.0,
33.0,39.0,43.0,50.0,61.0,122.0,136.0,145.0,147.0,153.0,163.0,319.0,356.0,385.0,397.0,408.0,410.0,454.0,458.0,529.0,537.0,541.0,578.0,585.0,625.0,669.0,676.0,687.0,694.0,701.0,706.0,740.0,760.0,770.0,776.0,783.0,783.0,795.0,802.0,827.0,831.0,927.0,937.0,947.0,947.0,955.0,980.0,
26.0,76.0,88.0,137.0,146.0,182.0,270.0,282.0,287.0,338.0,363.0,397.0,406.0,420.0,484.0,490.0,497.0,510.0,513.0,576.0,580.0,630.0,646.0,646.0,650.0,654.0,672.0,672.0,679.0,694.0,713.0,733.0,805.0,830.0,865.0,875.0,879.0,879.0,883.0,943.0,962.0,
2.0,15.0,23.0,33.0,70.0,98.0,98.0,120.0,248.0,305.0,319.0,387.0,513.0,573.0,576.0,582.0,608.0,639.0,662.0,666.0,683.0,693.0,725.0,751.0,769.0,790.0,830.0,837.0,915.0,923.0,930.0,963.0,
23.0,65.0,85.0,94.0,159.0,214.0,296.0,305.0,340.0,341.0,366.0,376.0,403.0,416.0,451.0,507.0,547.0,579.0,591.0,618.0,687.0,741.0,830.0,835.0,847.0,866.0,873.0,879.0,885.0,896.0,907.0,931.0,
5.0,59.0,119.0,193.0,230.0,241.0,249.0,306.0,339.0,352.0,381.0,407.0,437.0,440.0,452.0,470.0,532.0,586.0,591.0,624.0,641.0,663.0,665.0,685.0,686.0,737.0,768.0,824.0,829.0,849.0,910.0,917.0,939.0,970.0,984.0,
85.0,86.0,88.0,95.0,105.0,157.0,167.0,189.0,192.0,275.0,426.0,433.0,440.0,461.0,538.0,575.0,576.0,603.0,606.0,613.0,616.0,625.0,652.0,652.0,694.0,700.0,710.0,722.0,726.0,748.0,750.0,758.0,804.0,833.0,842.0,846.0,928.0,971.0,
39.0,140.0,198.0,231.0,279.0,280.0,294.0,298.0,299.0,300.0,307.0,312.0,326.0,410.0,496.0,499.0,536.0,539.0,555.0,569.0,575.0,620.0,661.0,739.0,744.0,748.0,761.0,850.0,880.0,890.0,893.0,926.0,993.0,
10.0,37.0,58.0,80.0,97.0,105.0,115.0,122.0,131.0,132.0,177.0,199.0,204.0,215.0,234.0,273.0,285.0,313.0,317.0,348.0,366.0,367.0,387.0,423.0,434.0,471.0,528.0,635.0,635.0,669.0,681.0,708.0,722.0,780.0,781.0,784.0,800.0,801.0,805.0,819.0,822.0,862.0,864.0,910.0,976.0,
9.0,20.0,30.0,87.0,104.0,120.0,130.0,149.0,193.0,201.0,252.0,280.0,343.0,393.0,420.0,425.0,436.0,439.0,487.0,503.0,511.0,513.0,533.0,552.0,576.0,620.0,644.0,728.0,751.0,805.0,808.0,894.0,896.0,912.0,938.0,974.0,
31.0,40.0,45.0,77.0,104.0,123.0,163.0,176.0,201.0,205.0,250.0,283.0,322.0,329.0,405.0,450.0,482.0,543.0,604.0,645.0,669.0,680.0,685.0,686.0,686.0,695.0,725.0,741.0,766.0,771.0,796.0,846.0,856.0,900.0,910.0,924.0,927.0,940.0,977.0,984.0,
13.0,34.0,74.0,76.0,88.0,93.0,95.0,105.0,113.0,121.0,125.0,217.0,272.0,284.0,347.0,353.0,360.0,375.0,388.0,441.0,491.0,526.0,538.0,578.0,578.0,593.0,640.0,647.0,649.0,657.0,680.0,685.0,788.0,790.0,809.0,830.0,837.0,855.0,866.0,913.0,956.0,959.0,978.0,979.0,993.0,
39.0,46.0,56.0,128.0,168.0,189.0,233.0,334.0,341.0,389.0,392.0,442.0,455.0,487.0,523.0,528.0,610.0,632.0,649.0,675.0,682.0,711.0,720.0,799.0,801.0,861.0,867.0,922.0,928.0,952.0,993.0,999.0,
28.0,52.0,56.0,71.0,71.0,104.0,120.0,144.0,155.0,156.0,166.0,182.0,187.0,201.0,234.0,238.0,261.0,285.0,290.0,297.0,333.0,354.0,481.0,488.0,501.0,580.0,612.0,621.0,622.0,652.0,674.0,700.0,770.0,811.0,823.0,848.0,855.0,891.0,941.0,
54.0,62.0,67.0,124.0,126.0,241.0,268.0,288.0,289.0,321.0,331.0,368.0,380.0,404.0,418.0,427.0,443.0,457.0,459.0,466.0,471.0,490.0,498.0,536.0,549.0,564.0,582.0,629.0,635.0,657.0,664.0,728.0,742.0,752.0,797.0,866.0,898.0,911.0,948.0,990.0,
10.0,37.0,59.0,63.0,115.0,174.0,219.0,233.0,245.0,286.0,398.0,404.0,459.0,476.0,492.0,504.0,546.0,548.0,649.0,709.0,716.0,743.0,786.0,858.0,876.0,903.0,946.0,978.0,981.0,
20.0,21.0,39.0,43.0,140.0,155.0,207.0,211.0,218.0,219.0,247.0,257.0,311.0,331.0,355.0,359.0,368.0,420.0,426.0,426.0,450.0,454.0,467.0,474.0,478.0,479.0,588.0,590.0,593.0,603.0,640.0,664.0,667.0,796.0,798.0,820.0,835.0,837.0,840.0,868.0,902.0,934.0,946.0,983.0,
10.0,50.0,54.0,56.0,63.0,66.0,74.0,84.0,168.0,176.0,178.0,190.0,237.0,247.0,250.0,250.0,296.0,317.0,348.0,353.0,387.0,388.0,457.0,525.0,591.0,622.0,708.0,714.0,717.0,755.0,764.0,779.0,780.0,809.0,825.0,867.0,903.0,905.0,914.0,946.0,
