29.0,37.0,68.0,79.0,95.0,100.0,128.0,216.0,370.0,394.0,443.0,461.0,471.0,477.0,529.0,530.0,535.0,549.0,550.0,661.0,709.0,736.0,765.0,801.0,832.0,840.0,852.0,857.0,884.0,932.0,938.0,945.0,978.0,
67.0,76.0,87.0,205.0,226.0,287.0,302.0,315.0,343.0,346.0,378.0,404.0,406.0,413.0,428.0,433.0,437.0,437.0,444.0,446.0,462.0,472.0,483.0,532.0,542.0,547.0,588.0,664.0,667.0,672.0,700.0,723.0,729.0,773.0,797.0,815.0,828.0,844.0,
10.0,53.0,90.0,122.0,134.0,142.0,152.0,274.0,285.0,326.0,330.0,400.0,408.0,501.0,505.0,557.0,564.0,576.0,599.0,600.0,603.0,604.0,617.0,656.0,706.0,708.0,763.0,774.0,784.0,840.0,892.0,896.0,904.0,920.0,928.0,983.0,
64.0,65.0,107.0,144.0,193.0,202.0,220.0,253.0,284.0,294.0,296.0,344.0,350.0,390.0,448.0,481.0,518.0,568.0,579.0,591.0,619.0,677.0,684.0,690.0,690.0,698.0,745.0,749.0,802.0,874.0,875.0,919.0,927.0,938.0,981.0,
7.0,39.0,48.0,81.0,108.0,115.0,149.0,152.0,177.0,235.0,292.0,294.0,312.0,328.0,349.0,401.0,407.0,423.0,491.0,500.0,505.0,513.0,560.0,588.0,617.0,622.0,631.0,632.0,688.0,715.0,723.0,790.0,796.0,826.0,855.0,863.0,868.0,876.0,909.0,928.0,982.0,994.0,
66.0,76.0,102.0,196.0,200.0,244.0,257.0,307.0,408.0,416.0,438.0,514.0,524.0,544.0,563.0,582.0,624.0,636.0,638.0,665.0,666.0,727.0,745.0,803.0,816.0,844.0,892.0,892.0,896.0,920.0,931.0,951.0,988.0,995.0,
8.0,34.0,40.0,60.0,113.0,126.0,134.0,152.0,178.0,218.0,295.0,299.0,306.0,309.0,352.0,366.0,433.0,438.0,440.0,444.0,455.0,468.0,470.0,487.0,514.0,601.0,633.0,661.0,783.0,805.0,808.0,939.0,949.0,965.0,966.0,992.0,
7.0,29.0,46.0,51.0,71.0,79.0,115.0,119.0,136.0,144.0,161.0,178.0,193.0,303.0,312.0,371.0,410.0,444.0,453.0,466.0,467.0,475.0,484.0,492.0,547.0,564.0,681.0,724.0,785.0,822.0,994.0,
5.0,24.0,26.0,39.0,74.0,87.0,94.0,100.0,109.0,139.0,176.0,181.0,248.0,270.0,280.0,326.0,352.0,358.0,367.0,492.0,548.0,602.0,605.0,639.0,644.0,645.0,659.0,666.0,666.0,698.0,705.0,715.0,734.0,738.0,747.0,819.0,823.0,835.0,845.0,847.0,879.0,882.0,940.0,973.0,985.0,
3.0,8.0,13.0,26.0,27.0,38.0,75.0,80.0,232.0,279.0,281.0,300.0,408.0,433.0,484.0,494.0,554.0,568.0,570.0,643.0,646.0,668.0,675.0,736.0,745.0,805.0,868.0,893.0,898.0,921.0,952.0,988.0,
21.0,36.0,66.0,111.0,131.0,167.0,202.0,239.0,245.0,289.0,315.0,339.0,357.0,401.0,411.0,427.0,432.0,446.0,479.0,509.0,527.0,545.0,578.0,598.0,608.0,665.0,665.0,696.0,739.0,741.0,770.0,849.0,858.0,885.0,938.0,945.0,982.0,
25.0,35.0,57.0,79.0,181.0,302.0,321.0,383.0,393.0,406.0,424.0,431.0,454.0,473.0,485.0,530.0,533.0,540.0,541.0,545.0,551.0,570.0,578.0,630.0,659.0,699.0,761.0,775.0,781.0,786.0,799.0,866.0,870.0,924.0,937.0,
6.0,32.0,111.0,111.0,127.0,129.0,161.0,167.0,168.0,186.0,213.0,252.0,260.0,309.0,330.0,377.0,430.0,462.0,478.0,483.0,484.0,541.0,556.0,655.0,729.0,735.0,775.0,794.0,836.0,840.0,883.0,887.0,920.0,921.0,947.0,951.0,991.0,
62.0,63.0,85.0,117.0,155.0,160.0,167.0,189.0,198.0,297.0,305.0,318.0,352.0,473.0,484.0,510.0,569.0,570.0,588.0,599.0,648.0,650.0,653.0,694.0,703.0,711.0,722.0,738.0,748.0,772.0,772.0,822.0,823.0,823.0,831.0,842.0,847.0,848.0,858.0,880.0,975.0,
43.0,49.0,57.0,74.0,143.0,166.0,233.0,235.0,236.0,258.0,266.0,318.0,333.0,344.0,357.0,358.0,410.0,430.0,497.0,526.0,529.0,549.0,550.0,580.0,604.0,677.0,700.0,705.0,723.0,752.0,785.0,807.0,820.0,830.0,890.0,913.0,942.0,955.0,962.0,974.0,986.0,
27.0,77.0,85.0,144.0,203.0,207.0,228.0,237.0,307.0,315.0,318.0,349.0,460.0,464.0,524.0,542.0,556.0,566.0,585.0,590.0,652.0,799.0,807.0,807.0,838.0,862.0,894.0,900.0,974.0,
4.0,6.0,18.0,53.0,81.0,110.0,117.0,145.0,171.0,206.0,247.0,269.0,303.0,372.0,446.0,482.0,517.0,691.0,693.0,778.0,805.0,847.0,923.0,928.0,943.0,945.0,950.0,967.0,980.0,
76.0,97.0,105.0,119.0,129.0,155.0,158.0,171.0,242.0,256.0,262.0,299.0,320.0,340.0,410.0,423.0,594.0,600.0,620.0,647.0,649.0,667.0,689.0,711.0,713.0,737.0,779.0,824.0,839.0,857.0,944.0,946.0,961.0,985.0,
9.0,21.0,55.0,73.0,74.0,76.0,107.0,129.0,191.0,221.0,302.0,320.0,324.0,363.0,382.0,402.0,408.0,423.0,423.0,463.0,476.0,520.0,545.0,575.0,584.0,595.0,618.0,628.0,662.0,706.0,745.0,875.0,920.0,926.0,936.0,959.0,961.0,
5.0,35.0,162.0,189.0,194.0,227.0,231.0,242.0,246.0,293.0,347.0,361.0,386.0,416.0,432.0,484.0,492.0,506.0,528.0,540.0,553.0,561.0,562.0,696.0,734.0,742.0,744.0,744.0,786.0,818.0,826.0,853.0,877.0,902.0,908.0,
53.0,135.0,143.0,180.0,200.0,219.0,219.0,230.0,236.0,264.0,266.0,266.0,286.0,329.0,341.0,355.0,387.0,442.0,448.0,463.0,504.0,529.0,546.0,551.0,566.0,577.0,580.0,595.0,621.0,637.0,688.0,750.0,763.0,766.0,813.0,821.0,889.0,891.0,893.0,992.0,
71.0,79.0,95.0,96.0,97.0,166.0,187.0,190.0,236.0,244.0,265.0,290.0,340.0,345.0,371.0,395.0,440.0,448.0,478.0,495.0,512.0,545.0,572.0,604.0,608.0,619.0,649.0,690.0,703.0,727.0,803.0,820.0,862.0,869.0,886.0,891.0,892.0,896.0,961.0,975.0,990.0,993.0,
24.0,29.0,98.0,137.0,170.0,198.0,234.0,240.0,255.0,273.0,293.0,309.0,327.0,341.0,342.0,350.0,378.0,405.0,439.0,454.0,462.0,508.0,518.0,538.0,568.0,605.0,609.0,649.0,655.0,673.0,682.0,717.0,817.0,831.0,862.0,900.0,907.0,924.0,942.0,956.0,973.0,976.0,991.0,995.0,
11.0,18.0,62.0,88.0,112.0,193.0,200.0,205.0,206.0,301.0,302.0,308.0,317.0,334.0,348.0,366.0,395.0,399.0,420.0,509.0,649.0,663.0,675.0,683.0,703.0,758.0,758.0,779.0,787.0,807.0,838.0,842.0,860.0,922.0,930.0,985.0,
7.0,29.0,41.0,92.0,110.0,119.0,150.0,187.0,196.0,202.0,285.0,334.0,344.0,346.0,362.0,371.0,453.0,476.0,478.0,483.0,506.0,515.0,550.0,594.0,606.0,649.0,704.0,738.0,738.0,742.0,873.0,
12.0,18.0,69.0,75.0,92.0,175.0,195.0,226.0,281.0,319.0,343.0,441.0,495.0,496.0,510.0,524.0,533.0,535.0,565.0,576.0,577.0,581.0,604.0,632.0,642.0,661.0,674.0,750.0,792.0,794.0,814.0,831.0,857.0,863.0,913.0,923.0,930.0,992.0,
45.0,48.0,95.0,153.0,154.0,181.0,193.0,213.0,242.0,243.0,337.0,343.0,344.0,368.0,401.0,422.0,467.0,479.0,505.0,523.0,561.0,578.0,675.0,681.0,712.0,733.0,737.0,761.0,773.0,810.0,900.0,902.0,907.0,914.0,916.0,923.0,943.0,954.0,961.0,
15.0,22.0,59.0,65.0,69.0,91.0,109.0,116.0,130.0,133.0,151.0,184.0,184.0,198.0,205.0,225.0,285.0,306.0,325.0,342.0,360.0,395.0,447.0,459.0,472.0,478.0,486.0,488.0,493.0,520.0,540.0,561.0,606.0,669.0,674.0,752.0,834.0,857.0,884.0,901.0,918.0,
69.0,84.0,150.0,151.0,158.0,165.0,213.0,234.0,236.0,287.0,288.0,288.0,322.0,338.0,349.0,368.0,386.0,406.0,417.0,478.0,579.0,586.0,619.0,646.0,670.0,698.0,777.0,898.0,916.0,931.0,950.0,953.0,961.0,962.0,988.0,
69.0,85.0,119.0,123.0,154.0,179.0,184.0,191.0,243.0,243.0,256.0,258.0,292.0,335.0,338.0,370.0,371.0,384.0,400.0,428.0,499.0,556.0,580.0,594.0,633.0,676.0,683.0,684.0,685.0,686.0,708.0,726.0,735.0,776.0,789.0,799.0,807.0,814.0,830.0,836.0,864.0,884.0,886.0,907.0,924.0,926.0,969.0,982.0,
18.0,28.0,43.0,60.0,67.0,116.0,150.0,193.0,216.0,287.0,297.0,336.0,391.0,402.0,429.0,508.0,561.0,567.0,569.0,578.0,590.0,619.0,622.0,645.0,686.0,836.0,934.0,951.0,951.0,960.0,
11.0,19.0,50.0,150.0,194.0,213.0,231.0,257.0,284.0,312.0,329.0,451.0,454.0,460.0,489.0,510.0,597.0,605.0,606.0,626.0,653.0,674.0,773.0,783.0,791.0,846.0,847.0,856.0,876.0,896.0,911.0,962.0,972.0,988.0,988.0,
6.0,42.0,58.0,125.0,129.0,146.0,200.0,212.0,239.0,270.0,286.0,290.0,333.0,335.0,370.0,385.0,421.0,457.0,457.0,520.0,581.0,589.0,625.0,793.0,794.0,796.0,808.0,813.0,819.0,826.0,840.0,883.0,885.0,906.0,955.0,
11.0,24.0,88.0,102.0,144.0,208.0,246.0,297.0,335.0,357.0,363.0,366.0,409.0,462.0,534.0,552.0,558.0,570.0,643.0,664.0,693.0,695.0,721.0,722.0,723.0,739.0,754.0,799.0,817.0,852.0,899.0,930.0,930.0,945.0,979.0,
5.0,7.0,15.0,34.0,49.0,63.0,179.0,192.0,214.0,215.0,229.0,270.0,324.0,336.0,364.0,436.0,462.0,465.0,538.0,545.0,585.0,595.0,599.0,616.0,645.0,650.0,658.0,718.0,746.0,746.0,748.0,749.0,749.0,763.0,780.0,801.0,806.0,902.0,951.0,964.0,970.0,
85.0,117.0,209.0,249.0,255.0,407.0,418.0,428.0,445.0,459.0,513.0,518.0,563.0,582.0,604.0,618.0,624.0,648.0,779.0,779.0,798.0,803.0,804.0,812.0,846.0,850.0,855.0,874.0,875.0,913.0,986.0,
58.0,76.0,140.0,174.0,178.0,215.0,225.0,231.0,244.0,254.0,290.0,311.0,346.0,365.0,425.0,430.0,437.0,451.0,452.0,454.0,478.0,486.0,498.0,519.0,528.0,537.0,662.0,667.0,679.0,700.0,744.0,767.0,770.0,793.0,825.0,827.0,840.0,862.0,879.0,898.0,920.0,947.0,965.0,
14.0,134.0,155.0,203.0,210.0,232.0,270.0,291.0,377.0,446.0,505.0,546.0,568.0,570.0,571.0,572.0,616.0,646.0,648.0,649.0,661.0,666.0,683.0,683.0,751.0,800.0,803.0,815.0,830.0,846.0,853.0,866.0,882.0,887.0,959.0,977.0,981.0,991.0,
5.0,26.0,73.0,93.0,96.0,156.0,183.0,246.0,253.0,256.0,266.0,314.0,337.0,350.0,358.0,514.0,548.0,570.0,588.0,696.0,711.0,783.0,798.0,808.0,813.0,823.0,864.0,866.0,870.0,916.0,938.0,
40.0,47.0,79.0,133.0,147.0,174.0,213.0,225.0,247.0,256.0,294.0,395.0,401.0,500.0,511.0,536.0,554.0,558.0,564.0,637.0,644.0,698.0,731.0,735.0,844.0,874.0,937.0,968.0,972.0,
22.0,34.0,35.0,72.0,105.0,160.0,170.0,211.0,212.0,245.0,288.0,291.0,354.0,457.0,584.0,587.0,595.0,597.0,654.0,665.0,668.0,682.0,688.0,715.0,736.0,790.0,840.0,851.0,857.0,864.0,903.0,958.0,964.0,991.0,
5.0,8.0,42.0,56.0,90.0,162.0,206.0,213.0,230.0,258.0,288.0,292.0,295.0,349.0,350.0,388.0,434.0,500.0,505.0,537.0,541.0,551.0,598.0,599.0,613.0,627.0,656.0,670.0,720.0,733.0,789.0,792.0,826.0,869.0,899.0,900.0,958.0,961.0,962.0,992.0,
149.0,157.0,181.0,217.0,235.0,245.0,288.0,299.0,348.0,366.0,393.0,409.0,413.0,430.0,505.0,551.0,564.0,576.0,578.0,583.0,602.0,605.0,619.0,642.0,651.0,658.0,674.0,715.0,738.0,739.0,764.0,796.0,801.0,840.0,880.0,882.0,915.0,919.0,991.0,
61.0,66.0,68.0,87.0,130.0,137.0,146.0,170.0,180.0,248.0,268.0,303.0,316.0,340.0,408.0,455.0,538.0,552.0,636.0,676.0,722.0,801.0,807.0,812.0,831.0,878.0,881.0,956.0,989.0,
22.0,63.0,95.0,103.0,140.0,229.0,260.0,320.0,327.0,333.0,333.0,374.0,387.0,425.0,430.0,498.0,511.0,523.0,562.0,566.0,581.0,605.0,628.0,636.0,638.0,641.0,666.0,682.0,697.0,701.0,726.0,745.0,782.0,793.0,832.0,868.0,874.0,914.0,951.0,975.0,977.0,
35.0,50.0,68.0,121.0,133.0,137.0,176.0,194.0,218.0,239.0,293.0,308.0,344.0,362.0,397.0,401.0,421.0,457.0,474.0,508.0,515.0,577.0,586.0,599.0,704.0,769.0,770.0,779.0,790.0,832.0,883.0,931.0,959.0,
3.0,78.0,91.0,92.0,129.0,153.0,154.0,201.0,203.0,215.0,234.0,289.0,318.0,358.0,389.0,406.0,410.0,412.0,467.0,506.0,535.0,662.0,697.0,759.0,763.0,782.0,815.0,821.0,832.0,859.0,872.0,874.0,960.0,989.0,
14.0,32.0,39.0,58.0,60.0,63.0,69.0,97.0,125.0,147.0,176.0,200.0,221.0,246.0,289.0,291.0,383.0,452.0,455.0,461.0,558.0,570.0,586.0,604.0,618.0,704.0,764.0,771.0,880.0,887.0,912.0,919.0,924.0,934.0,954.0,967.0,973.0,984.0,999.0,
18.0,24.0,31.0,120.0,141.0,143.0,166.0,188.0,192.0,207.0,234.0,261.0,265.0,266.0,341.0,380.0,391.0,400.0,466.0,475.0,476.0,494.0,498.0,524.0,530.0,544.0,602.0,625.0,640.0,654.0,668.0,692.0,695.0,710.0,713.0,737.0,755.0,770.0,785.0,796.0,800.0,817.0,835.0,874.0,978.0,
13.0,58.0,164.0,172.0,176.0,188.0,203.0,251.0,274.0,276.0,277.0,321.0,331.0,332.0,361.0,361.0,408.0,409.0,411.0,423.0,451.0,466.0,477.0,502.0,509.0,589.0,709.0,754.0,758.0,767.0,772.0,808.0,819.0,863.0,867.0,930.0,931.0,941.0,969.0,974.0,974.0,
22.0,53.0,63.0,86.0,90.0,152.0,162.0,179.0,195.0,222.0,253.0,254.0,343.0,365.0,380.0,428.0,516.0,553.0,585.0,592.0,597.0,679.0,751.0,762.0,785.0,852.0,919.0,
18.0,28.0,32.0,45.0,71.0,192.0,211.0,219.0,237.0,289.0,301.0,316.0,365.0,382.0,457.0,536.0,574.0,627.0,651.0,673.0,713.0,863.0,890.0,950.0,973.0,979.0,984.0,
12.0,59.0,93.0,116.0,155.0,203.0,209.0,276.0,310.0,423.0,495.0,501.0,528.0,532.0,587.0,592.0,593.0,625.0,660.0,732.0,757.0,758.0,775.0,881.0,943.0,961.0,
13.0,32.0,59.0,60.0,64.0,79.0,81.0,85.0,94.0,119.0,142.0,150.0,195.0,202.0,214.0,316.0,321.0,436.0,450.0,456.0,482.0,516.0,562.0,565.0,611.0,611.0,619.0,643.0,679.0,693.0,724.0,740.0,784.0,790.0,798.0,818.0,912.0,948.0,997.0,
63.0,109.0,110.0,111.0,133.0,151.0,328.0,330.0,332.0,423.0,445.0,471.0,504.0,518.0,551.0,607.0,630.0,645.0,647.0,654.0,702.0,710.0,711.0,751.0,758.0,764.0,768.0,781.0,785.0,852.0,853.0,862.0,882.0,923.0,925.0,985.0,988.0,
18.0,65.0,98.0,101.0,134.0,205.0,215.0,302.0,306.0,327.0,351.0,357.0,391.0,404.0,411.0,436.0,446.0,462.0,480.0,483.0,744.0,745.0,755.0,789.0,808.0,904.0,906.0,969.0,
14.0,37.0,127.0,192.0,213.0,219.0,232.0,241.0,247.0,263.0,273.0,301.0,328.0,354.0,386.0,398.0,554.0,609.0,705.0,735.0,747.0,774.0,777.0,778.0,839.0,867.0,892.0,999.0,
72.0,84.0,138.0,148.0,178.0,313.0,331.0,418.0,423.0,447.0,454.0,478.0,486.0,582.0,593.0,622.0,644.0,655.0,670.0,690.0,750.0,778.0,779.0,783.0,800.0,815.0,828.0,841.0,865.0,866.0,926.0,937.0,965.0,980.0,
120.0,145.0,149.0,216.0,274.0,319.0,339.0,380.0,412.0,422.0,455.0,477.0,490.0,529.0,549.0,670.0,708.0,744.0,808.0,815.0,822.0,878.0,884.0,938.0,990.0,
113.0,157.0,227.0,246.0,269.0,325.0,374.0,386.0,408.0,412.0,435.0,436.0,455.0,460.0,554.0,596.0,645.0,646.0,684.0,691.0,707.0,772.0,788.0,795.0,851.0,851.0,891.0,901.0,905.0,924.0,951.0,955.0,958.0,
9.0,28.0,45.0,50.0,56.0,66.0,74.0,104.0,122.0,143.0,169.0,173.0,250.0,307.0,340.0,353.0,358.0,373.0,378.0,399.0,443.0,447.0,450.0,457.0,498.0,574.0,600.0,653.0,661.0,669.0,675.0,687.0,695.0,722.0,771.0,786.0,790.0,814.0,822.0,862.0,890.0,931.0,961.0,
12.0,26.0,76.0,126.0,131.0,161.0,168.0,204.0,213.0,219.0,240.0,274.0,313.0,345.0,378.0,405.0,406.0,430.0,438.0,480.0,482.0,546.0,561.0,564.0,566.0,627.0,644.0,672.0,731.0,771.0,823.0,827.0,828.0,859.0,863.0,878.0,933.0,938.0,
37.0,37.0,46.0,60.0,93.0,146.0,151.0,182.0,244.0,293.0,310.0,355.0,366.0,409.0,462.0,526.0,527.0,537.0,600.0,629.0,656.0,671.0,682.0,684.0,690.0,735.0,742.0,751.0,775.0,810.0,822.0,877.0,897.0,927.0,938.0,946.0,958.0,
20.0,26.0,29.0,34.0,66.0,236.0,264.0,291.0,299.0,373.0,382.0,422.0,485.0,494.0,604.0,610.0,611.0,612.0,622.0,624.0,639.0,667.0,668.0,705.0,754.0,759.0,782.0,795.0,802.0,807.0,812.0,827.0,874.0,910.0,973.0,983.0,
31.0,33.0,53.0,54.0,88.0,101.0,106.0,127.0,131.0,157.0,160.0,165.0,171.0,181.0,182.0,185.0,218.0,257.0,282.0,284.0,301.0,381.0,429.0,441.0,454.0,467.0,545.0,573.0,604.0,622.0,637.0,648.0,650.0,697.0,720.0,720.0,753.0,757.0,787.0,843.0,871.0,899.0,907.0,973.0,975.0,
3.0,27.0,68.0,109.0,127.0,153.0,164.0,166.0,202.0,211.0,275.0,276.0,288.0,337.0,369.0,378.0,414.0,414.0,423.0,477.0,480.0,485.0,487.0,495.0,507.0,550.0,564.0,576.0,588.0,641.0,679.0,713.0,743.0,800.0,815.0,877.0,885.0,907.0,
13.0,46.0,61.0,101.0,102.0,132.0,141.0,149.0,271.0,274.0,285.0,296.0,341.0,431.0,431.0,444.0,471.0,479.0,505.0,517.0,519.0,525.0,577.0,634.0,639.0,680.0,686.0,705.0,782.0,802.0,808.0,820.0,833.0,895.0,935.0,940.0,
15.0,18.0,20.0,31.0,116.0,120.0,142.0,150.0,153.0,187.0,191.0,198.0,204.0,291.0,299.0,301.0,316.0,335.0,431.0,443.0,510.0,517.0,561.0,607.0,643.0,649.0,666.0,753.0,780.0,808.0,808.0,822.0,872.0,916.0,919.0,920.0,942.0,957.0,986.0,
4.0,46.0,131.0,140.0,185.0,207.0,257.0,282.0,294.0,298.0,332.0,340.0,382.0,415.0,428.0,471.0,488.0,534.0,543.0,573.0,601.0,663.0,721.0,743.0,760.0,777.0,796.0,836.0,878.0,885.0,952.0,980.0,
9.0,16.0,21.0,75.0,96.0,99.0,104.0,106.0,122.0,315.0,330.0,337.0,363.0,367.0,379.0,390.0,393.0,415.0,539.0,581.0,604.0,663.0,669.0,692.0,744.0,792.0,796.0,826.0,841.0,901.0,912.0,935.0,986.0,990.0,
29.0,38.0,56.0,140.0,153.0,164.0,186.0,200.0,233.0,255.0,287.0,313.0,358.0,364.0,368.0,389.0,430.0,435.0,488.0,504.0,538.0,554.0,555.0,601.0,637.0,666.0,683.0,723.0,735.0,738.0,778.0,806.0,823.0,825.0,868.0,871.0,872.0,884.0,886.0,918.0,922.0,927.0,928.0,938.0,970.0,1000.0,
12.0,23.0,33.0,42.0,51.0,89.0,97.0,129.0,130.0,211.0,263.0,273.0,278.0,289.0,298.0,380.0,409.0,473.0,474.0,477.0,486.0,488.0,603.0,619.0,645.0,677.0,682.0,696.0,713.0,797.0,803.0,840.0,871.0,899.0,905.0,942.0,964.0,991.0,
33.0,38.0,88.0,118.0,119.0,127.0,192.0,197.0,202.0,203.0,214.0,225.0,263.0,271.0,327.0,366.0,375.0,410.0,411.0,418.0,483.0,559.0,579.0,612.0,637.0,681.0,691.0,716.0,757.0,765.0,771.0,778.0,786.0,793.0,875.0,927.0,983.0,
33.0,50.0,51.0,91.0,107.0,120.0,213.0,228.0,235.0,346.0,372.0,386.0,397.0,421.0,446.0,460.0,470.0,511.0,517.0,534.0,619.0,623.0,663.0,707.0,735.0,738.0,743.0,804.0,817.0,893.0,920.0,940.0,981.0,
38.0,83.0,89.0,96.0,192.0,211.0,227.0,326.0,330.0,343.0,365.0,383.0,413.0,413.0,424.0,448.0,456.0,471.0,512.0,557.0,559.0,565.0,575.0,581.0,626.0,628.0,644.0,681.0,691.0,703.0,728.0,738.0,746.0,777.0,789.0,843.0,879.0,956.0,975.0,979.0,986.0,991.0,991.0,
22.0,32.0,34.0,94.0,131.0,147.0,194.0,231.0,257.0,302.0,313.0,368.0,397.0,475.0,522.0,548.0,550.0,597.0,604.0,635.0,731.0,746.0,792.0,798.0,832.0,872.0,921.0,934.0,
10.0,40.0,41.0,51.0,63.0,146.0,179.0,218.0,228.0,285.0,315.0,340.0,361.0,415.0,426.0,437.0,439.0,441.0,498.0,511.0,535.0,548.0,628.0,628.0,666.0,670.0,777.0,830.0,913.0,949.0,962.0,977.0,
3.0,6.0,56.0,65.0,133.0,194.0,201.0,208.0,221.0,255.0,257.0,274.0,302.0,311.0,311.0,312.0,320.0,334.0,345.0,383.0,390.0,391.0,403.0,417.0,431.0,448.0,456.0,535.0,569.0,583.0,625.0,707.0,716.0,722.0,762.0,782.0,782.0,814.0,817.0,825.0,833.0,834.0,921.0,966.0,
13.0,35.0,75.0,104.0,105.0,106.0,120.0,143.0,160.0,211.0,213.0,238.0,265.0,293.0,308.0,314.0,322.0,356.0,376.0,412.0,432.0,448.0,454.0,458.0,500.0,505.0,528.0,566.0,627.0,631.0,674.0,699.0,737.0,745.0,774.0,817.0,825.0,845.0,863.0,879.0,893.0,910.0,940.0,962.0,979.0,
26.0,33.0,82.0,106.0,120.0,125.0,127.0,144.0,144.0,247.0,257.0,286.0,291.0,300.0,307.0,422.0,428.0,461.0,465.0,475.0,511.0,573.0,616.0,634.0,674.0,685.0,692.0,737.0,751.0,763.0,774.0,802.0,821.0,828.0,832.0,933.0,936.0,948.0,975.0,997.0,
15.0,55.0,72.0,77.0,120.0,159.0,203.0,205.0,250.0,261.0,306.0,344.0,371.0,401.0,403.0,449.0,495.0,504.0,511.0,536.0,542.0,542.0,555.0,561.0,576.0,589.0,630.0,640.0,699.0,732.0,754.0,784.0,787.0,852.0,866.0,902.0,924.0,928.0,933.0,942.0,955.0,965.0,
4.0,7.0,109.0,119.0,173.0,213.0,276.0,287.0,297.0,339.0,364.0,377.0,403.0,439.0,452.0,469.0,544.0,545.0,558.0,660.0,667.0,728.0,798.0,828.0,855.0,878.0,899.0,977.0,998.0,
21.0,66.0,68.0,132.0,199.0,215.0,222.0,268.0,273.0,287.0,303.0,312.0,322.0,323.0,404.0,474.0,479.0,487.0,501.0,523.0,544.0,546.0,547.0,586.0,596.0,684.0,751.0,778.0,827.0,841.0,875.0,902.0,903.0,938.0,948.0,971.0,
18.0,24.0,40.0,84.0,106.0,180.0,198.0,399.0,434.0,485.0,487.0,491.0,500.0,526.0,529.0,548.0,606.0,687.0,692.0,721.0,747.0,750.0,755.0,801.0,866.0,880.0,881.0,910.0,913.0,999.0,
2.0,8.0,37.0,39.0,69.0,87.0,88.0,89.0,97.0,116.0,181.0,195.0,206.0,223.0,259.0,259.0,261.0,307.0,367.0,417.0,432.0,437.0,480.0,524.0,529.0,578.0,616.0,648.0,650.0,654.0,670.0,685.0,720.0,754.0,806.0,898.0,951.0,957.0,973.0,
8.0,23.0,50.0,68.0,133.0,195.0,227.0,230.0,234.0,241.0,248.0,258.0,309.0,388.0,428.0,438.0,478.0,488.0,498.0,499.0,512.0,524.0,543.0,572.0,590.0,600.0,638.0,693.0,715.0,730.0,749.0,758.0,879.0,913.0,967.0,
97.0,117.0,125.0,138.0,186.0,196.0,198.0,264.0,271.0,289.0,295.0,296.0,337.0,368.0,391.0,406.0,406.0,411.0,422.0,428.0,456.0,482.0,495.0,495.0,533.0,626.0,631.0,685.0,694.0,710.0,721.0,807.0,819.0,905.0,930.0,935.0,977.0,978.0,
40.0,52.0,58.0,80.0,84.0,91.0,102.0,116.0,141.0,165.0,209.0,233.0,269.0,287.0,310.0,315.0,317.0,323.0,341.0,341.0,356.0,363.0,367.0,430.0,463.0,466.0,477.0,498.0,559.0,584.0,677.0,677.0,684.0,702.0,731.0,733.0,745.0,750.0,760.0,817.0,854.0,869.0,888.0,896.0,914.0,936.0,949.0,969.0,
10.0,91.0,122.0,149.0,155.0,164.0,210.0,272.0,275.0,287.0,292.0,293.0,299.0,329.0,356.0,406.0,427.0,442.0,450.0,481.0,500.0,512.0,541.0,550.0,552.0,602.0,620.0,629.0,680.0,687.0,695.0,704.0,713.0,716.0,734.0,764.0,806.0,807.0,850.0,880.0,885.0,924.0,940.0,956.0,
6.0,75.0,75.0,153.0,155.0,173.0,194.0,215.0,244.0,252.0,286.0,315.0,317.0,321.0,334.0,413.0,428.0,452.0,481.0,530.0,553.0,570.0,585.0,606.0,633.0,659.0,666.0,675.0,745.0,747.0,766.0,785.0,788.0,814.0,828.0,865.0,993.0,
7.0,7.0,89.0,102.0,113.0,195.0,213.0,229.0,237.0,288.0,326.0,329.0,353.0,358.0,408.0,440.0,454.0,488.0,504.0,505.0,513.0,514.0,581.0,584.0,598.0,607.0,652.0,653.0,654.0,807.0,807.0,823.0,852.0,890.0,895.0,979.0,
69.0,83.0,91.0,92.0,104.0,133.0,157.0,174.0,206.0,217.0,218.0,234.0,242.0,292.0,293.0,302.0,320.0,338.0,358.0,428.0,478.0,540.0,545.0,633.0,642.0,644.0,674.0,736.0,779.0,781.0,810.0,855.0,877.0,930.0,960.0,961.0,964.0,993.0,
35.0,36.0,105.0,176.0,201.0,230.0,231.0,233.0,255.0,263.0,292.0,319.0,320.0,346.0,358.0,369.0,372.0,373.0,388.0,404.0,407.0,491.0,501.0,512.0,536.0,537.0,545.0,554.0,563.0,641.0,646.0,659.0,676.0,698.0,704.0,712.0,719.0,727.0,737.0,793.0,800.0,813.0,843.0,867.0,896.0,
50.0,81.0,86.0,119.0,136.0,150.0,182.0,215.0,226.0,248.0,251.0,364.0,383.0,451.0,483.0,484.0,508.0,523.0,526.0,543.0,545.0,598.0,602.0,676.0,714.0,724.0,734.0,743.0,755.0,828.0,870.0,874.0,877.0,880.0,883.0,896.0,898.0,944.0,954.0,964.0,975.0,980.0,
48.0,51.0,102.0,133.0,241.0,241.0,316.0,331.0,520.0,610.0,644.0,673.0,697.0,769.0,795.0,801.0,857.0,867.0,915.0,955.0,959.0,962.0,997.0,
65.0,86.0,107.0,128.0,150.0,181.0,232.0,247.0,296.0,317.0,332.0,363.0,443.0,493.0,509.0,525.0,546.0,559.0,574.0,596.0,599.0,654.0,666.0,667.0,697.0,709.0,715.0,743.0,744.0,796.0,829.0,868.0,875.0,917.0,921.0,974.0,977.0,981.0,
2.0,41.0,41.0,44.0,199.0,224.0,238.0,266.0,302.0,310.0,337.0,372.0,389.0,397.0,442.0,445.0,456.0,528.0,605.0,610.0,623.0,625.0,628.0,671.0,682.0,802.0,878.0,879.0,887.0,897.0,901.0,982.0,
3.0,8.0,28.0,40.0,54.0,93.0,112.0,117.0,132.0,224.0,228.0,258.0,259.0,287.0,300.0,315.0,356.0,362.0,364.0,370.0,383.0,397.0,411.0,435.0,440.0,444.0,478.0,515.0,537.0,589.0,627.0,702.0,719.0,737.0,752.0,760.0,785.0,807.0,810.0,819.0,840.0,848.0,865.0,890.0,899.0,900.0,987.0,989.0,
39.0,44.0,55.0,66.0,85.0,113.0,117.0,142.0,203.0,214.0,249.0,276.0,277.0,281.0,328.0,422.0,425.0,475.0,486.0,502.0,502.0,554.0,572.0,573.0,593.0,597.0,617.0,632.0,641.0,714.0,714.0,761.0,771.0,786.0,808.0,838.0,839.0,852.0,861.0,884.0,887.0,896.0,929.0,966.0,
13.0,15.0,31.0,100.0,150.0,167.0,183.0,207.0,217.0,301.0,314.0,398.0,413.0,417.0,427.0,432.0,436.0,486.0,499.0,534.0,535.0,572.0,610.0,619.0,654.0,708.0,735.0,796.0,821.0,845.0,912.0,916.0,975.0,980.0,997.0,
