4.0,10.0,17.0,81.0,83.0,102.0,107.0,115.0,118.0,137.0,145.0,178.0,192.0,224.0,241.0,258.0,261.0,262.0,272.0,326.0,389.0,441.0,480.0,487.0,503.0,542.0,587.0,597.0,607.0,639.0,642.0,693.0,744.0,760.0,774.0,787.0,827.0,829.0,852.0,854.0,895.0,988.0,992.0,
19.0,25.0,55.0,66.0,112.0,132.0,331.0,351.0,351.0,368.0,372.0,378.0,395.0,416.0,496.0,545.0,623.0,657.0,658.0,719.0,722.0,796.0,836.0,967.0,973.0,
14.0,15.0,48.0,102.0,157.0,164.0,173.0,178.0,193.0,228.0,233.0,241.0,258.0,262.0,284.0,355.0,386.0,410.0,441.0,483.0,502.0,534.0,565.0,573.0,603.0,606.0,608.0,631.0,705.0,728.0,733.0,762.0,788.0,791.0,830.0,847.0,848.0,853.0,861.0,867.0,878.0,896.0,933.0,955.0,967.0,
20.0,37.0,88.0,120.0,127.0,150.0,159.0,174.0,209.0,222.0,230.0,236.0,256.0,275.0,280.0,292.0,334.0,378.0,386.0,456.0,473.0,474.0,476.0,481.0,497.0,521.0,521.0,551.0,565.0,566.0,573.0,601.0,628.0,641.0,745.0,771.0,778.0,789.0,810.0,827.0,849.0,875.0,888.0,980.0,996.0,
11.0,24.0,41.0,69.0,96.0,101.0,113.0,137.0,139.0,172.0,190.0,195.0,196.0,238.0,241.0,286.0,294.0,343.0,431.0,545.0,570.0,586.0,624.0,640.0,646.0,661.0,678.0,680.0,681.0,692.0,694.0,768.0,833.0,853.0,920.0,946.0,972.0,976.0,983.0,995.0,
44.0,50.0,97.0,107.0,108.0,197.0,212.0,220.0,237.0,245.0,249.0,286.0,287.0,325.0,326.0,338.0,378.0,384.0,385.0,386.0,404.0,405.0,465.0,478.0,518.0,520.0,531.0,539.0,568.0,579.0,584.0,626.0,663.0,671.0,686.0,718.0,806.0,876.0,879.0,901.0,940.0,965.0,966.0,
3.0,55.0,116.0,136.0,143.0,196.0,208.0,280.0,281.0,287.0,290.0,338.0,341.0,341.0,360.0,382.0,452.0,500.0,504.0,511.0,560.0,573.0,647.0,656.0,658.0,804.0,841.0,851.0,859.0,870.0,879.0,901.0,913.0,915.0,933.0,960.0,976.0,989.0,991.0,
14.0,20.0,32.0,78.0,114.0,114.0,123.0,145.0,259.0,295.0,309.0,319.0,354.0,374.0,387.0,393.0,412.0,450.0,457.0,528.0,557.0,613.0,614.0,619.0,634.0,678.0,724.0,778.0,783.0,784.0,792.0,793.0,854.0,895.0,927.0,967.0,
23.0,48.0,59.0,63.0,115.0,115.0,123.0,125.0,141.0,143.0,146.0,189.0,200.0,203.0,214.0,290.0,304.0,310.0,312.0,358.0,399.0,425.0,454.0,512.0,538.0,549.0,556.0,577.0,591.0,627.0,652.0,654.0,676.0,735.0,770.0,778.0,810.0,813.0,822.0,834.0,877.0,886.0,886.0,897.0,919.0,966.0,982.0,
4.0,20.0,84.0,85.0,91.0,111.0,195.0,221.0,264.0,359.0,387.0,395.0,401.0,461.0,506.0,513.0,517.0,526.0,526.0,628.0,640.0,648.0,658.0,761.0,774.0,803.0,828.0,846.0,846.0,874.0,882.0,913.0,913.0,926.0,
6.0,37.0,63.0,72.0,143.0,147.0,156.0,161.0,211.0,222.0,263.0,265.0,310.0,323.0,339.0,372.0,375.0,403.0,416.0,455.0,472.0,516.0,533.0,602.0,619.0,620.0,622.0,627.0,664.0,683.0,683.0,685.0,703.0,719.0,742.0,796.0,841.0,876.0,966.0,967.0,
21.0,38.0,65.0,72.0,109.0,161.0,178.0,214.0,217.0,234.0,267.0,268.0,392.0,442.0,456.0,488.0,488.0,541.0,677.0,679.0,701.0,728.0,731.0,745.0,765.0,774.0,787.0,826.0,913.0,959.0,985.0,985.0,
11.0,29.0,91.0,107.0,177.0,185.0,200.0,211.0,277.0,349.0,364.0,376.0,432.0,487.0,545.0,559.0,569.0,597.0,648.0,713.0,761.0,769.0,796.0,810.0,811.0,870.0,875.0,895.0,908.0,
30.0,70.0,88.0,137.0,165.0,242.0,255.0,298.0,329.0,351.0,358.0,375.0,405.0,426.0,519.0,541.0,550.0,575.0,590.0,631.0,646.0,648.0,674.0,688.0,700.0,703.0,705.0,721.0,752.0,759.0,816.0,901.0,910.0,938.0,989.0,
43.0,46.0,85.0,132.0,134.0,154.0,175.0,184.0,188.0,216.0,234.0,325.0,358.0,362.0,396.0,404.0,435.0,496.0,497.0,502.0,506.0,517.0,531.0,560.0,561.0,565.0,567.0,571.0,573.0,581.0,607.0,627.0,649.0,650.0,665.0,678.0,679.0,707.0,717.0,742.0,742.0,754.0,759.0,760.0,863.0,888.0,987.0,
24.0,25.0,36.0,103.0,129.0,164.0,164.0,168.0,190.0,193.0,194.0,213.0,227.0,267.0,281.0,313.0,353.0,369.0,431.0,438.0,457.0,457.0,491.0,518.0,534.0,537.0,641.0,660.0,726.0,730.0,785.0,817.0,828.0,873.0,886.0,891.0,909.0,938.0,946.0,949.0,966.0,966.0,
12.0,103.0,156.0,171.0,219.0,223.0,290.0,297.0,309.0,343.0,345.0,443.0,501.0,514.0,558.0,589.0,597.0,612.0,652.0,702.0,754.0,761.0,768.0,777.0,784.0,817.0,817.0,877.0,945.0,946.0,987.0,
7.0,81.0,134.0,166.0,176.0,211.0,212.0,227.0,364.0,378.0,399.0,447.0,473.0,521.0,525.0,535.0,543.0,567.0,585.0,585.0,589.0,616.0,641.0,644.0,646.0,691.0,694.0,701.0,828.0,903.0,954.0,966.0,982.0,990.0,
13.0,98.0,107.0,137.0,144.0,148.0,181.0,243.0,257.0,259.0,270.0,273.0,273.0,301.0,314.0,316.0,332.0,336.0,368.0,369.0,372.0,386.0,416.0,479.0,497.0,503.0,517.0,533.0,582.0,619.0,640.0,790.0,850.0,875.0,885.0,902.0,908.0,914.0,965.0,991.0,
78.0,109.0,115.0,135.0,151.0,165.0,207.0,294.0,356.0,395.0,481.0,504.0,533.0,538.0,568.0,625.0,652.0,684.0,727.0,727.0,824.0,837.0,850.0,878.0,894.0,920.0,923.0,
18.0,40.0,165.0,167.0,203.0,234.0,242.0,266.0,267.0,272.0,293.0,309.0,321.0,369.0,372.0,383.0,552.0,563.0,566.0,581.0,639.0,653.0,668.0,683.0,690.0,735.0,767.0,770.0,800.0,811.0,831.0,854.0,856.0,874.0,886.0,903.0,951.0,
63.0,106.0,139.0,169.0,303.0,331.0,372.0,455.0,459.0,504.0,526.0,635.0,667.0,670.0,675.0,733.0,800.0,858.0,867.0,877.0,892.0,893.0,924.0,926.0,935.0,942.0,956.0,967.0,
6.0,48.0,49.0,106.0,122.0,138.0,189.0,206.0,211.0,225.0,262.0,267.0,283.0,307.0,378.0,404.0,406.0,410.0,425.0,430.0,438.0,439.0,455.0,491.0,558.0,610.0,656.0,695.0,800.0,801.0,811.0,815.0,829.0,841.0,864.0,873.0,886.0,912.0,955.0,983.0,994.0,
23.0,91.0,174.0,192.0,272.0,390.0,460.0,466.0,493.0,509.0,515.0,571.0,639.0,689.0,695.0,724.0,763.0,767.0,805.0,823.0,894.0,910.0,965.0,
31.0,40.0,66.0,147.0,204.0,206.0,227.0,297.0,345.0,372.0,376.0,414.0,439.0,452.0,481.0,511.0,593.0,612.0,627.0,652.0,668.0,677.0,726.0,756.0,768.0,816.0,836.0,865.0,946.0,992.0,
34.0,54.0,72.0,87.0,238.0,268.0,307.0,310.0,314.0,321.0,382.0,414.0,537.0,555.0,570.0,745.0,758.0,864.0,944.0,999.0,
25.0,36.0,46.0,63.0,98.0,110.0,112.0,121.0,174.0,187.0,192.0,228.0,236.0,245.0,255.0,281.0,286.0,332.0,341.0,360.0,369.0,387.0,402.0,433.0,440.0,478.0,501.0,531.0,557.0,590.0,615.0,622.0,630.0,643.0,656.0,737.0,753.0,843.0,859.0,868.0,980.0,991.0,
4.0,12.0,14.0,147.0,165.0,215.0,244.0,248.0,325.0,393.0,437.0,445.0,454.0,458.0,494.0,532.0,543.0,560.0,568.0,585.0,623.0,688.0,691.0,702.0,783.0,784.0,798.0,806.0,841.0,866.0,878.0,900.0,927.0,952.0,
59.0,131.0,141.0,156.0,168.0,173.0,184.0,185.0,198.0,215.0,223.0,253.0,266.0,289.0,309.0,368.0,380.0,410.0,422.0,432.0,459.0,462.0,473.0,533.0,555.0,561.0,569.0,588.0,588.0,638.0,648.0,652.0,666.0,692.0,724.0,770.0,788.0,806.0,844.0,867.0,871.0,935.0,952.0,955.0,971.0,975.0,996.0,
33.0,39.0,51.0,61.0,102.0,149.0,157.0,179.0,243.0,272.0,324.0,340.0,400.0,451.0,468.0,469.0,529.0,595.0,654.0,657.0,674.0,675.0,757.0,785.0,810.0,814.0,816.0,906.0,940.0,952.0,991.0,
55.0,55.0,111.0,231.0,285.0,291.0,298.0,304.0,335.0,345.0,422.0,457.0,461.0,470.0,497.0,502.0,569.0,602.0,607.0,661.0,668.0,706.0,710.0,714.0,807.0,813.0,870.0,874.0,907.0,912.0,915.0,926.0,
6.0,50.0,54.0,80.0,81.0,109.0,119.0,151.0,161.0,223.0,276.0,299.0,310.0,375.0,409.0,435.0,453.0,463.0,525.0,573.0,585.0,608.0,618.0,627.0,628.0,661.0,678.0,705.0,764.0,764.0,777.0,807.0,902.0,931.0,979.0,990.0,
58.0,110.0,120.0,131.0,143.0,144.0,145.0,160.0,169.0,183.0,232.0,250.0,252.0,268.0,293.0,293.0,354.0,354.0,360.0,404.0,412.0,538.0,541.0,619.0,641.0,649.0,674.0,723.0,726.0,728.0,784.0,793.0,880.0,914.0,965.0,986.0,997.0,999.0,
10.0,97.0,139.0,163.0,193.0,248.0,280.0,298.0,304.0,330.0,332.0,341.0,397.0,402.0,439.0,463.0,520.0,527.0,579.0,583.0,655.0,683.0,704.0,705.0,727.0,798.0,816.0,872.0,942.0,974.0,975.0,
3.0,165.0,182.0,185.0,197.0,226.0,244.0,263.0,283.0,312.0,318.0,363.0,376.0,441.0,464.0,527.0,580.0,589.0,619.0,703.0,716.0,751.0,763.0,774.0,831.0,900.0,936.0,946.0,
41.0,58.0,125.0,133.0,135.0,156.0,185.0,243.0,254.0,271.0,280.0,337.0,337.0,491.0,502.0,516.0,523.0,529.0,531.0,537.0,541.0,541.0,562.0,563.0,582.0,584.0,606.0,626.0,636.0,674.0,684.0,696.0,697.0,731.0,733.0,739.0,785.0,790.0,798.0,808.0,821.0,853.0,879.0,881.0,900.0,920.0,942.0,950.0,964.0,992.0,
11.0,61.0,92.0,99.0,114.0,123.0,166.0,192.0,214.0,234.0,242.0,245.0,266.0,272.0,320.0,367.0,451.0,545.0,554.0,567.0,569.0,569.0,598.0,617.0,651.0,664.0,697.0,704.0,717.0,755.0,758.0,783.0,806.0,855.0,869.0,929.0,938.0,959.0,972.0,995.0,
4.0,48.0,102.0,115.0,120.0,133.0,173.0,193.0,248.0,289.0,372.0,390.0,392.0,407.0,431.0,528.0,539.0,566.0,651.0,670.0,719.0,765.0,809.0,862.0,891.0,938.0,
54.0,82.0,101.0,112.0,120.0,127.0,239.0,333.0,352.0,393.0,472.0,494.0,525.0,648.0,667.0,706.0,713.0,757.0,786.0,820.0,
20.0,72.0,93.0,95.0,146.0,156.0,189.0,210.0,275.0,290.0,452.0,531.0,561.0,605.0,632.0,672.0,676.0,725.0,749.0,886.0,892.0,911.0,935.0,944.0,956.0,990.0,
16.0,31.0,35.0,53.0,70.0,113.0,124.0,280.0,306.0,311.0,324.0,334.0,359.0,379.0,389.0,515.0,553.0,608.0,611.0,673.0,698.0,707.0,710.0,723.0,784.0,810.0,847.0,877.0,880.0,916.0,917.0,938.0,938.0,982.0,
20.0,28.0,74.0,75.0,123.0,138.0,148.0,153.0,165.0,173.0,178.0,183.0,211.0,223.0,296.0,304.0,327.0,350.0,371.0,405.0,457.0,517.0,532.0,548.0,622.0,642.0,698.0,720.0,726.0,735.0,746.0,747.0,803.0,809.0,854.0,897.0,910.0,923.0,997.0,997.0,
7.0,26.0,35.0,59.0,85.0,115.0,116.0,143.0,156.0,161.0,162.0,170.0,189.0,222.0,259.0,277.0,318.0,343.0,360.0,370.0,375.0,383.0,416.0,468.0,470.0,513.0,543.0,567.0,570.0,604.0,638.0,681.0,720.0,725.0,765.0,837.0,841.0,896.0,900.0,911.0,999.0,
44.0,93.0,122.0,170.0,204.0,216.0,216.0,241.0,285.0,329.0,411.0,434.0,492.0,593.0,600.0,610.0,629.0,649.0,653.0,694.0,707.0,721.0,723.0,732.0,735.0,769.0,777.0,812.0,814.0,846.0,890.0,893.0,898.0,950.0,961.0,962.0,968.0,979.0,
19.0,20.0,23.0,34.0,37.0,41.0,64.0,238.0,264.0,278.0,287.0,318.0,352.0,364.0,474.0,483.0,497.0,518.0,520.0,522.0,537.0,542.0,545.0,553.0,556.0,565.0,569.0,572.0,579.0,581.0,587.0,593.0,594.0,597.0,607.0,610.0,611.0,630.0,647.0,647.0,665.0,718.0,744.0,748.0,792.0,802.0,817.0,817.0,818.0,829.0,839.0,849.0,860.0,881.0,881.0,889.0,892.0,894.0,924.0,924.0,939.0,947.0,951.0,964.0,978.0,995.0,
26.0,57.0,87.0,100.0,106.0,152.0,161.0,164.0,248.0,260.0,310.0,344.0,351.0,406.0,410.0,417.0,419.0,464.0,488.0,498.0,519.0,522.0,526.0,542.0,549.0,561.0,561.0,565.0,569.0,570.0,571.0,590.0,597.0,601.0,611.0,623.0,625.0,630.0,634.0,635.0,645.0,647.0,676.0,678.0,685.0,734.0,737.0,747.0,782.0,788.0,799.0,803.0,836.0,843.0,852.0,858.0,872.0,876.0,886.0,889.0,895.0,932.0,977.0,982.0,995.0,
33.0,64.0,65.0,85.0,93.0,104.0,127.0,132.0,209.0,299.0,326.0,333.0,343.0,354.0,359.0,365.0,382.0,446.0,448.0,525.0,528.0,530.0,538.0,547.0,548.0,551.0,555.0,561.0,564.0,572.0,573.0,579.0,588.0,588.0,601.0,604.0,617.0,633.0,638.0,653.0,662.0,669.0,675.0,680.0,684.0,702.0,706.0,710.0,714.0,719.0,746.0,751.0,755.0,761.0,763.0,769.0,778.0,791.0,796.0,808.0,826.0,829.0,852.0,852.0,860.0,872.0,874.0,879.0,893.0,894.0,906.0,910.0,912.0,919.0,925.0,925.0,936.0,944.0,944.0,951.0,953.0,970.0,973.0,974.0,974.0,975.0,
38.0,83.0,86.0,92.0,120.0,154.0,180.0,195.0,208.0,319.0,326.0,353.0,378.0,421.0,442.0,493.0,545.0,591.0,594.0,605.0,653.0,671.0,692.0,757.0,769.0,784.0,946.0,946.0,964.0,
21.0,34.0,37.0,62.0,71.0,83.0,98.0,115.0,119.0,155.0,156.0,176.0,197.0,230.0,273.0,310.0,337.0,353.0,375.0,384.0,395.0,405.0,445.0,479.0,501.0,556.0,681.0,748.0,756.0,803.0,826.0,839.0,845.0,902.0,910.0,938.0,951.0,966.0,
37.0,82.0,84.0,129.0,202.0,227.0,254.0,261.0,267.0,269.0,298.0,312.0,348.0,355.0,389.0,459.0,473.0,494.0,504.0,629.0,642.0,695.0,774.0,802.0,822.0,823.0,830.0,836.0,864.0,941.0,944.0,975.0,
18.0,23.0,25.0,25.0,33.0,42.0,61.0,76.0,113.0,179.0,225.0,247.0,257.0,270.0,285.0,320.0,356.0,424.0,442.0,468.0,495.0,511.0,559.0,596.0,597.0,617.0,644.0,691.0,777.0,794.0,810.0,846.0,849.0,871.0,889.0,895.0,912.0,934.0,938.0,996.0,998.0,
25.0,77.0,95.0,112.0,138.0,167.0,180.0,241.0,264.0,274.0,306.0,321.0,342.0,426.0,438.0,491.0,530.0,539.0,607.0,662.0,665.0,691.0,710.0,755.0,779.0,795.0,820.0,851.0,860.0,900.0,928.0,942.0,996.0,997.0,
5.0,34.0,128.0,140.0,189.0,224.0,246.0,277.0,277.0,312.0,349.0,362.0,380.0,381.0,409.0,447.0,514.0,533.0,546.0,594.0,622.0,672.0,685.0,736.0,768.0,824.0,830.0,866.0,884.0,898.0,913.0,949.0,976.0,997.0,
27.0,31.0,82.0,89.0,89.0,113.0,129.0,152.0,153.0,185.0,195.0,214.0,229.0,231.0,455.0,456.0,459.0,465.0,470.0,470.0,534.0,543.0,579.0,638.0,645.0,668.0,677.0,706.0,725.0,738.0,739.0,756.0,775.0,788.0,795.0,808.0,825.0,834.0,855.0,855.0,908.0,950.0,990.0,
24.0,76.0,120.0,334.0,358.0,403.0,403.0,439.0,463.0,470.0,523.0,531.0,532.0,534.0,550.0,555.0,561.0,564.0,575.0,579.0,590.0,597.0,599.0,606.0,617.0,620.0,627.0,639.0,646.0,656.0,659.0,669.0,670.0,687.0,693.0,702.0,712.0,735.0,739.0,744.0,753.0,768.0,784.0,806.0,809.0,815.0,818.0,827.0,829.0,836.0,840.0,844.0,846.0,908.0,915.0,920.0,953.0,
6.0,15.0,47.0,106.0,154.0,170.0,192.0,219.0,275.0,288.0,292.0,359.0,380.0,399.0,403.0,423.0,484.0,494.0,515.0,517.0,519.0,524.0,533.0,536.0,542.0,552.0,564.0,567.0,576.0,580.0,580.0,580.0,591.0,598.0,603.0,611.0,618.0,624.0,627.0,630.0,648.0,649.0,650.0,655.0,657.0,659.0,660.0,662.0,686.0,705.0,711.0,726.0,730.0,761.0,768.0,772.0,792.0,813.0,817.0,821.0,824.0,827.0,860.0,863.0,870.0,871.0,875.0,889.0,892.0,901.0,905.0,907.0,943.0,954.0,969.0,970.0,976.0,997.0,
29.0,48.0,84.0,128.0,144.0,181.0,235.0,254.0,264.0,264.0,307.0,310.0,397.0,420.0,487.0,517.0,529.0,529.0,530.0,530.0,545.0,545.0,545.0,546.0,547.0,548.0,568.0,571.0,572.0,574.0,575.0,575.0,577.0,579.0,581.0,582.0,590.0,595.0,603.0,607.0,615.0,627.0,627.0,644.0,650.0,651.0,657.0,657.0,659.0,661.0,663.0,673.0,681.0,708.0,717.0,725.0,754.0,759.0,774.0,810.0,821.0,833.0,846.0,852.0,856.0,866.0,875.0,883.0,894.0,895.0,912.0,916.0,928.0,929.0,939.0,944.0,950.0,969.0,978.0,985.0,993.0,
6.0,32.0,42.0,65.0,93.0,158.0,168.0,210.0,229.0,250.0,298.0,319.0,342.0,344.0,367.0,454.0,516.0,522.0,538.0,542.0,546.0,565.0,566.0,624.0,632.0,633.0,679.0,697.0,698.0,723.0,732.0,767.0,774.0,813.0,833.0,835.0,866.0,875.0,925.0,953.0,968.0,
59.0,73.0,74.0,121.0,121.0,126.0,130.0,147.0,162.0,188.0,215.0,222.0,225.0,235.0,256.0,274.0,297.0,298.0,300.0,363.0,369.0,404.0,428.0,434.0,436.0,444.0,525.0,538.0,564.0,566.0,572.0,579.0,581.0,594.0,645.0,778.0,792.0,852.0,895.0,975.0,
15.0,98.0,119.0,124.0,162.0,216.0,222.0,226.0,246.0,252.0,270.0,301.0,317.0,337.0,350.0,363.0,365.0,383.0,383.0,404.0,439.0,440.0,477.0,496.0,515.0,569.0,635.0,689.0,706.0,752.0,776.0,779.0,821.0,834.0,857.0,863.0,884.0,919.0,
69.0,76.0,88.0,143.0,159.0,163.0,164.0,181.0,200.0,209.0,254.0,264.0,287.0,321.0,326.0,348.0,353.0,364.0,390.0,464.0,481.0,511.0,526.0,559.0,567.0,624.0,645.0,647.0,728.0,731.0,738.0,808.0,816.0,822.0,829.0,881.0,924.0,950.0,
18.0,23.0,38.0,108.0,112.0,118.0,130.0,168.0,170.0,173.0,175.0,207.0,223.0,243.0,244.0,299.0,304.0,316.0,391.0,429.0,441.0,488.0,500.0,502.0,584.0,593.0,665.0,762.0,774.0,808.0,825.0,859.0,912.0,913.0,988.0,
8.0,48.0,112.0,136.0,149.0,151.0,167.0,171.0,174.0,195.0,200.0,226.0,229.0,230.0,232.0,266.0,284.0,299.0,299.0,311.0,343.0,349.0,380.0,392.0,412.0,416.0,430.0,446.0,476.0,481.0,579.0,592.0,595.0,604.0,613.0,625.0,631.0,670.0,734.0,827.0,866.0,914.0,927.0,939.0,
32.0,35.0,84.0,110.0,132.0,134.0,163.0,233.0,263.0,281.0,296.0,335.0,370.0,395.0,412.0,413.0,431.0,448.0,461.0,477.0,501.0,502.0,520.0,557.0,559.0,570.0,577.0,587.0,602.0,617.0,631.0,673.0,723.0,748.0,763.0,777.0,832.0,838.0,849.0,886.0,947.0,960.0,962.0,963.0,
18.0,38.0,42.0,61.0,87.0,91.0,129.0,130.0,144.0,147.0,153.0,185.0,196.0,212.0,252.0,359.0,362.0,439.0,445.0,447.0,456.0,466.0,497.0,521.0,525.0,527.0,528.0,528.0,529.0,536.0,543.0,547.0,550.0,551.0,553.0,556.0,556.0,564.0,565.0,566.0,572.0,574.0,586.0,624.0,627.0,628.0,630.0,638.0,660.0,663.0,663.0,693.0,721.0,727.0,730.0,738.0,748.0,765.0,775.0,776.0,787.0,797.0,813.0,819.0,843.0,850.0,877.0,895.0,916.0,940.0,950.0,956.0,
5.0,23.0,39.0,53.0,67.0,72.0,76.0,207.0,252.0,255.0,260.0,305.0,314.0,397.0,400.0,433.0,466.0,475.0,518.0,530.0,531.0,535.0,538.0,540.0,542.0,543.0,553.0,559.0,559.0,560.0,563.0,564.0,567.0,567.0,571.0,571.0,574.0,575.0,575.0,581.0,589.0,593.0,595.0,613.0,614.0,615.0,618.0,620.0,621.0,629.0,638.0,646.0,668.0,695.0,699.0,706.0,732.0,739.0,767.0,771.0,779.0,780.0,793.0,797.0,816.0,817.0,828.0,846.0,856.0,867.0,895.0,898.0,902.0,908.0,928.0,988.0,
15.0,43.0,69.0,97.0,100.0,103.0,111.0,122.0,131.0,135.0,159.0,196.0,240.0,256.0,341.0,349.0,357.0,362.0,373.0,387.0,435.0,440.0,450.0,513.0,529.0,529.0,534.0,536.0,540.0,543.0,556.0,557.0,559.0,566.0,591.0,596.0,606.0,610.0,611.0,616.0,616.0,634.0,642.0,649.0,662.0,664.0,674.0,675.0,679.0,684.0,697.0,700.0,705.0,726.0,729.0,734.0,738.0,745.0,772.0,801.0,805.0,811.0,815.0,824.0,884.0,888.0,903.0,930.0,945.0,951.0,960.0,980.0,
45.0,82.0,134.0,136.0,166.0,175.0,208.0,213.0,226.0,311.0,341.0,360.0,373.0,376.0,405.0,482.0,526.0,534.0,546.0,563.0,580.0,583.0,592.0,613.0,613.0,646.0,673.0,695.0,699.0,703.0,714.0,721.0,751.0,790.0,888.0,903.0,925.0,969.0,993.0,
59.0,62.0,67.0,83.0,125.0,129.0,176.0,188.0,200.0,213.0,225.0,229.0,242.0,252.0,288.0,360.0,370.0,380.0,407.0,458.0,479.0,521.0,551.0,553.0,559.0,573.0,574.0,632.0,652.0,653.0,688.0,697.0,736.0,738.0,752.0,839.0,887.0,924.0,
20.0,70.0,114.0,117.0,134.0,211.0,219.0,219.0,238.0,287.0,297.0,311.0,418.0,425.0,442.0,479.0,485.0,487.0,491.0,524.0,556.0,557.0,635.0,637.0,749.0,823.0,860.0,927.0,941.0,945.0,949.0,
5.0,42.0,50.0,55.0,77.0,91.0,211.0,219.0,295.0,440.0,466.0,490.0,502.0,514.0,523.0,525.0,571.0,572.0,593.0,604.0,629.0,678.0,681.0,722.0,759.0,791.0,801.0,818.0,864.0,874.0,899.0,908.0,939.0,951.0,956.0,957.0,981.0,
75.0,96.0,100.0,119.0,141.0,166.0,209.0,281.0,341.0,394.0,419.0,430.0,478.0,482.0,549.0,579.0,641.0,645.0,672.0,686.0,704.0,788.0,793.0,793.0,801.0,808.0,816.0,838.0,852.0,877.0,893.0,904.0,942.0,967.0,992.0,
23.0,53.0,62.0,111.0,120.0,198.0,199.0,199.0,200.0,215.0,311.0,327.0,355.0,380.0,390.0,401.0,425.0,521.0,550.0,585.0,586.0,678.0,725.0,745.0,756.0,782.0,787.0,788.0,805.0,838.0,887.0,924.0,933.0,941.0,978.0,986.0,
43.0,59.0,86.0,186.0,213.0,271.0,285.0,350.0,362.0,481.0,525.0,536.0,547.0,575.0,619.0,699.0,770.0,813.0,851.0,856.0,895.0,901.0,948.0,
27.0,56.0,105.0,105.0,146.0,199.0,201.0,205.0,225.0,241.0,276.0,318.0,334.0,359.0,364.0,405.0,412.0,433.0,442.0,460.0,471.0,473.0,481.0,498.0,517.0,557.0,569.0,579.0,589.0,620.0,630.0,676.0,688.0,720.0,729.0,734.0,797.0,826.0,847.0,857.0,928.0,930.0,934.0,947.0,951.0,961.0,970.0,982.0,997.0,
24.0,51.0,122.0,123.0,135.0,246.0,251.0,251.0,259.0,300.0,305.0,321.0,333.0,353.0,355.0,377.0,416.0,425.0,430.0,444.0,448.0,471.0,485.0,492.0,513.0,521.0,530.0,540.0,583.0,586.0,587.0,601.0,648.0,654.0,712.0,726.0,750.0,753.0,780.0,791.0,797.0,832.0,876.0,938.0,979.0,984.0,
42.0,68.0,88.0,98.0,102.0,105.0,130.0,131.0,166.0,230.0,298.0,319.0,321.0,373.0,386.0,425.0,439.0,469.0,557.0,580.0,582.0,722.0,733.0,749.0,815.0,820.0,844.0,853.0,868.0,964.0,966.0,
52.0,72.0,176.0,185.0,198.0,287.0,311.0,331.0,338.0,354.0,380.0,402.0,439.0,530.0,537.0,544.0,578.0,602.0,603.0,606.0,631.0,698.0,719.0,733.0,783.0,824.0,894.0,927.0,953.0,972.0,
49.0,54.0,69.0,77.0,127.0,135.0,140.0,160.0,251.0,303.0,313.0,329.0,333.0,364.0,392.0,426.0,464.0,478.0,495.0,522.0,542.0,564.0,565.0,848.0,897.0,958.0,980.0,991.0,
41.0,49.0,52.0,89.0,100.0,139.0,152.0,200.0,201.0,248.0,278.0,301.0,322.0,344.0,428.0,466.0,492.0,499.0,534.0,539.0,583.0,597.0,615.0,640.0,641.0,642.0,667.0,684.0,697.0,711.0,729.0,756.0,786.0,813.0,840.0,846.0,852.0,917.0,934.0,955.0,972.0,980.0,997.0,
19.0,20.0,53.0,78.0,84.0,149.0,169.0,211.0,262.0,328.0,337.0,345.0,393.0,439.0,455.0,457.0,476.0,492.0,499.0,515.0,521.0,581.0,596.0,599.0,611.0,621.0,623.0,658.0,664.0,688.0,773.0,820.0,854.0,881.0,890.0,912.0,914.0,999.0,
79.0,126.0,145.0,178.0,178.0,249.0,250.0,265.0,281.0,285.0,290.0,308.0,316.0,323.0,354.0,386.0,414.0,485.0,555.0,563.0,568.0,571.0,579.0,598.0,600.0,619.0,661.0,705.0,734.0,748.0,751.0,766.0,831.0,883.0,896.0,898.0,900.0,910.0,920.0,982.0,
4.0,12.0,36.0,63.0,93.0,98.0,114.0,133.0,140.0,141.0,141.0,153.0,159.0,210.0,214.0,223.0,260.0,314.0,317.0,318.0,322.0,341.0,366.0,403.0,444.0,458.0,510.0,512.0,530.0,539.0,541.0,546.0,569.0,599.0,601.0,611.0,629.0,671.0,699.0,713.0,724.0,770.0,787.0,802.0,817.0,857.0,859.0,879.0,901.0,902.0,909.0,
48.0,51.0,165.0,170.0,183.0,220.0,227.0,240.0,256.0,264.0,274.0,275.0,287.0,310.0,314.0,327.0,345.0,374.0,392.0,437.0,448.0,464.0,479.0,489.0,541.0,551.0,614.0,672.0,690.0,705.0,784.0,824.0,854.0,870.0,939.0,964.0,965.0,987.0,999.0,
47.0,65.0,68.0,124.0,131.0,136.0,148.0,211.0,223.0,224.0,226.0,229.0,303.0,349.0,420.0,454.0,468.0,527.0,561.0,572.0,630.0,675.0,708.0,733.0,734.0,772.0,805.0,838.0,858.0,861.0,861.0,862.0,863.0,884.0,896.0,941.0,985.0,987.0,987.0,
7.0,43.0,46.0,53.0,77.0,96.0,115.0,120.0,189.0,199.0,295.0,305.0,324.0,342.0,412.0,421.0,460.0,493.0,509.0,532.0,574.0,629.0,678.0,749.0,764.0,856.0,940.0,
114.0,175.0,232.0,256.0,292.0,313.0,341.0,395.0,411.0,486.0,509.0,577.0,596.0,598.0,618.0,705.0,804.0,839.0,842.0,862.0,870.0,903.0,
20.0,22.0,75.0,102.0,152.0,152.0,184.0,201.0,246.0,252.0,282.0,321.0,335.0,381.0,426.0,436.0,453.0,496.0,531.0,531.0,549.0,557.0,597.0,639.0,656.0,658.0,663.0,670.0,672.0,677.0,701.0,749.0,753.0,773.0,799.0,830.0,863.0,867.0,941.0,961.0,966.0,988.0,1000.0,
58.0,100.0,103.0,140.0,175.0,190.0,201.0,238.0,349.0,439.0,444.0,468.0,483.0,538.0,542.0,582.0,599.0,633.0,662.0,681.0,747.0,756.0,776.0,841.0,847.0,863.0,949.0,983.0,
7.0,18.0,23.0,34.0,63.0,84.0,249.0,260.0,278.0,302.0,333.0,343.0,376.0,385.0,399.0,440.0,457.0,496.0,498.0,524.0,615.0,616.0,630.0,633.0,763.0,773.0,775.0,786.0,810.0,828.0,909.0,948.0,990.0,
13.0,49.0,93.0,113.0,153.0,165.0,290.0,363.0,395.0,402.0,426.0,428.0,439.0,441.0,457.0,473.0,532.0,541.0,563.0,596.0,598.0,641.0,644.0,682.0,688.0,692.0,701.0,799.0,820.0,828.0,834.0,865.0,878.0,891.0,901.0,903.0,
36.0,43.0,54.0,59.0,88.0,94.0,104.0,157.0,179.0,211.0,258.0,259.0,327.0,351.0,532.0,592.0,594.0,604.0,681.0,689.0,690.0,701.0,703.0,732.0,777.0,808.0,826.0,906.0,954.0,954.0,959.0,965.0,995.0,
29.0,32.0,100.0,101.0,105.0,107.0,110.0,126.0,145.0,180.0,192.0,246.0,259.0,265.0,289.0,295.0,319.0,322.0,324.0,334.0,336.0,362.0,397.0,399.0,406.0,429.0,459.0,485.0,509.0,564.0,612.0,644.0,645.0,675.0,759.0,780.0,823.0,842.0,922.0,935.0,975.0,
4.0,13.0,14.0,56.0,125.0,125.0,129.0,154.0,262.0,326.0,346.0,354.0,403.0,409.0,470.0,531.0,532.0,536.0,596.0,792.0,865.0,903.0,968.0,977.0,
8.0,22.0,68.0,112.0,112.0,113.0,154.0,161.0,176.0,179.0,252.0,261.0,294.0,378.0,452.0,465.0,518.0,535.0,596.0,601.0,643.0,682.0,685.0,701.0,711.0,733.0,734.0,745.0,764.0,765.0,801.0,805.0,818.0,848.0,856.0,914.0,924.0,949.0,978.0,982.0,
28.0,48.0,51.0,56.0,62.0,65.0,126.0,171.0,198.0,211.0,219.0,228.0,251.0,265.0,296.0,338.0,363.0,416.0,425.0,437.0,448.0,474.0,511.0,527.0,545.0,571.0,576.0,612.0,668.0,689.0,690.0,694.0,697.0,701.0,713.0,722.0,766.0,900.0,905.0,905.0,941.0,974.0,976.0,981.0,982.0,992.0,997.0,
20.0,28.0,69.0,84.0,142.0,167.0,200.0,247.0,249.0,266.0,272.0,273.0,284.0,316.0,320.0,339.0,357.0,358.0,393.0,411.0,463.0,466.0,466.0,478.0,538.0,541.0,554.0,580.0,587.0,605.0,619.0,620.0,627.0,633.0,640.0,697.0,734.0,798.0,807.0,835.0,863.0,872.0,875.0,884.0,926.0,931.0,941.0,953.0,964.0,968.0,
4.0,85.0,92.0,93.0,98.0,118.0,130.0,135.0,153.0,203.0,227.0,255.0,260.0,292.0,330.0,411.0,424.0,431.0,437.0,482.0,484.0,494.0,608.0,624.0,683.0,716.0,725.0,726.0,729.0,737.0,815.0,834.0,844.0,860.0,886.0,934.0,940.0,971.0,
41.0,54.0,66.0,93.0,107.0,170.0,185.0,211.0,263.0,265.0,302.0,474.0,484.0,593.0,604.0,609.0,610.0,612.0,614.0,635.0,662.0,691.0,710.0,726.0,750.0,751.0,775.0,780.0,873.0,879.0,900.0,908.0,928.0,937.0,
125.0,156.0,183.0,201.0,245.0,255.0,271.0,281.0,403.0,410.0,415.0,421.0,456.0,465.0,472.0,486.0,486.0,591.0,606.0,608.0,620.0,660.0,805.0,811.0,820.0,831.0,838.0,844.0,856.0,
