10.0,44.0,88.0,106.0,124.0,173.0,192.0,229.0,235.0,243.0,245.0,292.0,366.0,368.0,379.0,379.0,398.0,416.0,481.0,488.0,489.0,528.0,552.0,560.0,568.0,587.0,605.0,628.0,673.0,676.0,723.0,741.0,773.0,780.0,834.0,854.0,870.0,906.0,911.0,948.0,
25.0,48.0,55.0,101.0,115.0,129.0,171.0,211.0,250.0,271.0,342.0,396.0,408.0,422.0,460.0,506.0,531.0,576.0,583.0,630.0,634.0,661.0,661.0,672.0,680.0,748.0,771.0,798.0,844.0,860.0,860.0,862.0,872.0,886.0,908.0,917.0,919.0,922.0,994.0,995.0,
37.0,85.0,110.0,180.0,182.0,282.0,294.0,297.0,318.0,371.0,465.0,500.0,587.0,588.0,633.0,648.0,653.0,675.0,680.0,682.0,695.0,695.0,726.0,749.0,768.0,801.0,807.0,820.0,861.0,869.0,922.0,940.0,988.0,
27.0,99.0,109.0,161.0,167.0,200.0,223.0,271.0,273.0,292.0,300.0,360.0,362.0,365.0,390.0,432.0,488.0,491.0,508.0,547.0,561.0,587.0,596.0,621.0,627.0,635.0,660.0,707.0,713.0,738.0,747.0,756.0,771.0,772.0,840.0,842.0,938.0,983.0,
68.0,74.0,163.0,168.0,225.0,246.0,262.0,269.0,322.0,360.0,367.0,369.0,419.0,442.0,462.0,478.0,566.0,594.0,602.0,609.0,624.0,665.0,677.0,685.0,696.0,699.0,763.0,765.0,861.0,865.0,891.0,900.0,950.0,999.0,
36.0,37.0,77.0,195.0,240.0,266.0,323.0,346.0,359.0,395.0,395.0,470.0,597.0,652.0,663.0,701.0,804.0,843.0,858.0,862.0,881.0,884.0,889.0,918.0,931.0,959.0,972.0,973.0,989.0,994.0,
20.0,47.0,49.0,59.0,72.0,111.0,116.0,126.0,159.0,188.0,201.0,224.0,232.0,272.0,321.0,323.0,399.0,494.0,518.0,530.0,556.0,586.0,591.0,596.0,682.0,699.0,747.0,766.0,770.0,823.0,843.0,851.0,879.0,888.0,891.0,895.0,896.0,982.0,989.0,
42.0,46.0,71.0,98.0,112.0,169.0,177.0,194.0,199.0,222.0,225.0,227.0,241.0,265.0,285.0,292.0,334.0,345.0,402.0,422.0,424.0,433.0,435.0,573.0,579.0,633.0,706.0,748.0,780.0,787.0,817.0,837.0,844.0,858.0,867.0,873.0,877.0,885.0,933.0,934.0,957.0,982.0,
4.0,46.0,52.0,56.0,58.0,65.0,90.0,90.0,150.0,155.0,245.0,297.0,318.0,335.0,339.0,408.0,418.0,440.0,519.0,548.0,634.0,639.0,661.0,704.0,724.0,724.0,740.0,742.0,752.0,762.0,764.0,792.0,794.0,812.0,816.0,819.0,845.0,847.0,869.0,882.0,915.0,918.0,949.0,961.0,962.0,982.0,
10.0,22.0,35.0,74.0,127.0,136.0,148.0,180.0,197.0,208.0,314.0,334.0,395.0,490.0,512.0,525.0,586.0,623.0,625.0,635.0,642.0,657.0,710.0,756.0,771.0,778.0,782.0,784.0,829.0,884.0,899.0,919.0,928.0,933.0,946.0,
10.0,22.0,28.0,83.0,111.0,128.0,140.0,149.0,152.0,169.0,198.0,204.0,291.0,296.0,306.0,345.0,346.0,355.0,367.0,405.0,409.0,439.0,473.0,554.0,554.0,572.0,603.0,618.0,661.0,684.0,695.0,696.0,718.0,731.0,751.0,763.0,899.0,939.0,960.0,972.0,
4.0,61.0,111.0,174.0,177.0,188.0,216.0,297.0,305.0,356.0,365.0,369.0,419.0,504.0,519.0,580.0,614.0,628.0,635.0,644.0,701.0,714.0,751.0,808.0,902.0,922.0,928.0,928.0,929.0,939.0,955.0,970.0,975.0,986.0,
62.0,66.0,112.0,113.0,140.0,157.0,157.0,179.0,201.0,213.0,227.0,245.0,297.0,319.0,328.0,333.0,356.0,417.0,440.0,495.0,515.0,583.0,701.0,705.0,711.0,718.0,731.0,743.0,743.0,795.0,802.0,923.0,934.0,947.0,964.0,979.0,986.0,999.0,
20.0,25.0,26.0,27.0,33.0,101.0,112.0,196.0,286.0,295.0,332.0,342.0,372.0,395.0,402.0,409.0,476.0,504.0,513.0,825.0,892.0,
45.0,64.0,77.0,115.0,131.0,168.0,174.0,212.0,220.0,248.0,284.0,288.0,290.0,294.0,307.0,344.0,381.0,393.0,427.0,459.0,492.0,506.0,
17.0,77.0,80.0,93.0,94.0,98.0,143.0,154.0,195.0,197.0,222.0,228.0,247.0,254.0,349.0,353.0,409.0,494.0,
29.0,72.0,95.0,154.0,184.0,207.0,215.0,223.0,238.0,251.0,290.0,298.0,326.0,365.0,385.0,488.0,
14.0,17.0,42.0,42.0,74.0,85.0,108.0,116.0,134.0,148.0,156.0,176.0,185.0,287.0,295.0,318.0,327.0,353.0,476.0,480.0,491.0,845.0,866.0,907.0,944.0,954.0,
94.0,171.0,210.0,218.0,256.0,297.0,301.0,306.0,321.0,324.0,354.0,414.0,440.0,445.0,448.0,463.0,467.0,477.0,600.0,630.0,681.0,708.0,709.0,754.0,767.0,773.0,792.0,797.0,813.0,816.0,829.0,842.0,842.0,853.0,853.0,945.0,962.0,968.0,
11.0,31.0,73.0,84.0,118.0,160.0,180.0,192.0,214.0,219.0,380.0,470.0,481.0,527.0,528.0,601.0,617.0,634.0,671.0,679.0,699.0,813.0,861.0,869.0,904.0,951.0,961.0,968.0,970.0,
14.0,76.0,127.0,132.0,262.0,331.0,390.0,390.0,424.0,462.0,510.0,536.0,553.0,567.0,594.0,611.0,625.0,664.0,672.0,710.0,734.0,755.0,771.0,796.0,810.0,811.0,830.0,846.0,882.0,950.0,976.0,990.0,
47.0,54.0,90.0,159.0,167.0,168.0,199.0,237.0,272.0,278.0,298.0,320.0,337.0,378.0,395.0,403.0,413.0,431.0,505.0,509.0,565.0,662.0,679.0,720.0,726.0,737.0,755.0,821.0,841.0,843.0,843.0,910.0,961.0,976.0,995.0,
38.0,52.0,56.0,86.0,86.0,88.0,96.0,140.0,167.0,179.0,203.0,213.0,280.0,307.0,311.0,315.0,317.0,355.0,363.0,374.0,394.0,394.0,395.0,395.0,442.0,485.0,504.0,
2.0,8.0,25.0,111.0,124.0,125.0,228.0,255.0,260.0,273.0,419.0,419.0,421.0,424.0,430.0,434.0,466.0,
36.0,136.0,181.0,183.0,200.0,216.0,238.0,238.0,330.0,338.0,370.0,376.0,407.0,933.0,941.0,946.0,
11.0,34.0,38.0,39.0,55.0,107.0,121.0,132.0,148.0,181.0,193.0,211.0,213.0,237.0,258.0,267.0,378.0,394.0,395.0,469.0,470.0,787.0,799.0,977.0,
81.0,123.0,192.0,217.0,249.0,260.0,270.0,272.0,311.0,354.0,370.0,373.0,374.0,378.0,386.0,424.0,438.0,468.0,473.0,493.0,800.0,832.0,917.0,
41.0,47.0,103.0,119.0,120.0,153.0,154.0,159.0,176.0,181.0,183.0,219.0,226.0,235.0,259.0,275.0,299.0,315.0,348.0,365.0,388.0,390.0,407.0,437.0,454.0,455.0,479.0,480.0,503.0,
28.0,42.0,61.0,76.0,141.0,161.0,164.0,229.0,256.0,282.0,295.0,405.0,417.0,432.0,452.0,463.0,479.0,506.0,
55.0,59.0,69.0,72.0,80.0,85.0,132.0,132.0,139.0,152.0,154.0,155.0,219.0,255.0,341.0,360.0,366.0,377.0,422.0,439.0,476.0,493.0,579.0,612.0,625.0,687.0,698.0,738.0,746.0,751.0,806.0,819.0,826.0,844.0,852.0,866.0,870.0,876.0,924.0,929.0,934.0,951.0,952.0,1000.0,
18.0,49.0,71.0,146.0,171.0,192.0,203.0,209.0,217.0,401.0,404.0,407.0,426.0,434.0,453.0,487.0,606.0,611.0,635.0,647.0,652.0,675.0,695.0,737.0,757.0,771.0,789.0,804.0,894.0,917.0,961.0,987.0,988.0,
33.0,72.0,79.0,129.0,131.0,165.0,188.0,213.0,242.0,301.0,306.0,386.0,387.0,428.0,436.0,861.0,865.0,
41.0,66.0,85.0,182.0,194.0,195.0,224.0,259.0,305.0,378.0,398.0,424.0,435.0,436.0,451.0,464.0,464.0,899.0,
39.0,52.0,56.0,67.0,160.0,221.0,267.0,289.0,301.0,307.0,318.0,392.0,430.0,432.0,442.0,452.0,482.0,746.0,827.0,920.0,921.0,959.0,968.0,
17.0,99.0,264.0,277.0,306.0,324.0,353.0,431.0,441.0,459.0,827.0,
85.0,94.0,129.0,166.0,206.0,213.0,230.0,276.0,301.0,325.0,327.0,327.0,329.0,357.0,357.0,360.0,441.0,488.0,494.0,497.0,729.0,794.0,803.0,812.0,815.0,877.0,893.0,901.0,922.0,943.0,996.0,
20.0,24.0,78.0,103.0,163.0,174.0,178.0,207.0,212.0,227.0,228.0,237.0,261.0,271.0,301.0,349.0,388.0,408.0,416.0,439.0,896.0,911.0,934.0,947.0,950.0,960.0,976.0,
22.0,63.0,77.0,144.0,164.0,172.0,211.0,229.0,249.0,253.0,253.0,305.0,408.0,414.0,433.0,855.0,858.0,877.0,
10.0,13.0,71.0,87.0,101.0,173.0,298.0,301.0,303.0,307.0,378.0,390.0,436.0,502.0,
37.0,66.0,68.0,69.0,97.0,99.0,206.0,213.0,228.0,240.0,295.0,299.0,319.0,330.0,427.0,462.0,469.0,476.0,483.0,493.0,839.0,
32.0,66.0,91.0,137.0,220.0,224.0,310.0,325.0,384.0,385.0,392.0,406.0,436.0,460.0,488.0,500.0,531.0,555.0,613.0,687.0,694.0,700.0,822.0,851.0,879.0,912.0,944.0,945.0,957.0,965.0,
62.0,70.0,76.0,77.0,77.0,79.0,91.0,128.0,172.0,174.0,222.0,261.0,279.0,301.0,325.0,327.0,426.0,452.0,461.0,468.0,491.0,
14.0,105.0,137.0,139.0,213.0,250.0,280.0,283.0,289.0,321.0,371.0,406.0,410.0,419.0,422.0,504.0,783.0,889.0,
13.0,107.0,146.0,152.0,198.0,306.0,342.0,345.0,363.0,368.0,404.0,420.0,433.0,458.0,463.0,468.0,489.0,785.0,835.0,871.0,960.0,
9.0,36.0,161.0,180.0,226.0,245.0,256.0,371.0,433.0,459.0,492.0,808.0,
4.0,43.0,57.0,66.0,102.0,119.0,163.0,170.0,190.0,206.0,207.0,220.0,233.0,240.0,277.0,376.0,397.0,406.0,412.0,447.0,468.0,484.0,492.0,756.0,869.0,883.0,960.0,
16.0,68.0,88.0,100.0,138.0,148.0,190.0,200.0,211.0,211.0,239.0,319.0,388.0,391.0,392.0,394.0,395.0,397.0,402.0,421.0,447.0,470.0,474.0,496.0,498.0,843.0,990.0,
18.0,23.0,70.0,89.0,99.0,180.0,186.0,225.0,258.0,268.0,269.0,286.0,300.0,338.0,395.0,444.0,447.0,477.0,744.0,955.0,973.0,995.0,
31.0,40.0,50.0,69.0,70.0,79.0,100.0,102.0,114.0,118.0,141.0,171.0,223.0,270.0,302.0,371.0,450.0,496.0,926.0,
12.0,28.0,35.0,83.0,105.0,114.0,125.0,133.0,155.0,160.0,177.0,187.0,190.0,193.0,210.0,223.0,226.0,272.0,284.0,310.0,315.0,361.0,386.0,450.0,464.0,511.0,
20.0,23.0,58.0,73.0,114.0,146.0,168.0,212.0,225.0,246.0,266.0,278.0,328.0,346.0,347.0,439.0,440.0,470.0,477.0,509.0,514.0,613.0,635.0,679.0,685.0,727.0,731.0,739.0,755.0,762.0,765.0,768.0,769.0,775.0,781.0,795.0,806.0,819.0,864.0,887.0,923.0,929.0,966.0,
5.0,22.0,97.0,112.0,120.0,121.0,137.0,206.0,234.0,239.0,278.0,291.0,321.0,333.0,375.0,390.0,402.0,419.0,436.0,497.0,
27.0,29.0,31.0,61.0,69.0,79.0,85.0,98.0,101.0,127.0,189.0,278.0,312.0,374.0,433.0,436.0,475.0,796.0,859.0,860.0,911.0,960.0,991.0,
5.0,14.0,78.0,84.0,95.0,100.0,119.0,237.0,245.0,303.0,352.0,352.0,431.0,433.0,453.0,455.0,500.0,769.0,949.0,
13.0,19.0,32.0,40.0,59.0,88.0,127.0,161.0,166.0,176.0,203.0,238.0,274.0,327.0,328.0,329.0,355.0,487.0,778.0,794.0,846.0,853.0,860.0,902.0,
6.0,50.0,82.0,97.0,145.0,160.0,166.0,169.0,204.0,234.0,239.0,261.0,262.0,296.0,297.0,313.0,370.0,376.0,379.0,409.0,418.0,451.0,493.0,789.0,855.0,887.0,922.0,975.0,985.0,996.0,
163.0,165.0,183.0,189.0,200.0,217.0,283.0,308.0,315.0,363.0,393.0,409.0,461.0,474.0,501.0,830.0,982.0,
7.0,25.0,83.0,212.0,281.0,330.0,345.0,376.0,424.0,467.0,470.0,474.0,501.0,804.0,824.0,862.0,936.0,
11.0,18.0,24.0,96.0,109.0,128.0,138.0,153.0,179.0,181.0,203.0,203.0,219.0,307.0,317.0,329.0,413.0,414.0,459.0,474.0,482.0,755.0,849.0,924.0,972.0,
16.0,39.0,140.0,165.0,177.0,188.0,218.0,218.0,220.0,230.0,238.0,241.0,255.0,256.0,294.0,300.0,324.0,327.0,373.0,463.0,486.0,506.0,
23.0,41.0,53.0,83.0,133.0,187.0,195.0,228.0,230.0,237.0,288.0,294.0,303.0,361.0,371.0,379.0,446.0,463.0,467.0,469.0,485.0,629.0,643.0,645.0,666.0,686.0,733.0,766.0,803.0,841.0,843.0,847.0,854.0,870.0,926.0,931.0,952.0,961.0,984.0,984.0,990.0,
10.0,11.0,15.0,46.0,64.0,70.0,74.0,94.0,114.0,159.0,163.0,197.0,240.0,252.0,368.0,395.0,406.0,439.0,441.0,503.0,
22.0,53.0,56.0,118.0,131.0,169.0,200.0,270.0,274.0,274.0,274.0,321.0,506.0,898.0,986.0,
42.0,43.0,75.0,117.0,124.0,146.0,180.0,212.0,289.0,289.0,341.0,349.0,358.0,378.0,412.0,425.0,448.0,463.0,810.0,875.0,901.0,
47.0,52.0,64.0,77.0,87.0,99.0,136.0,167.0,168.0,177.0,204.0,231.0,306.0,320.0,343.0,393.0,417.0,479.0,834.0,941.0,981.0,982.0,
37.0,54.0,90.0,94.0,119.0,122.0,139.0,152.0,215.0,266.0,283.0,307.0,313.0,315.0,323.0,336.0,359.0,375.0,406.0,453.0,470.0,491.0,507.0,805.0,859.0,866.0,964.0,
27.0,37.0,91.0,133.0,141.0,174.0,185.0,188.0,198.0,199.0,217.0,228.0,242.0,254.0,294.0,305.0,321.0,329.0,336.0,348.0,358.0,399.0,402.0,407.0,435.0,447.0,482.0,483.0,488.0,792.0,796.0,824.0,843.0,855.0,870.0,879.0,902.0,
15.0,30.0,65.0,85.0,86.0,117.0,127.0,135.0,166.0,198.0,221.0,246.0,270.0,428.0,464.0,476.0,896.0,
40.0,76.0,104.0,110.0,124.0,165.0,175.0,184.0,188.0,198.0,232.0,266.0,276.0,306.0,327.0,400.0,470.0,478.0,479.0,504.0,944.0,945.0,
31.0,52.0,63.0,110.0,111.0,174.0,214.0,249.0,273.0,351.0,371.0,377.0,388.0,416.0,421.0,
36.0,58.0,93.0,118.0,153.0,227.0,251.0,272.0,338.0,374.0,394.0,419.0,447.0,503.0,533.0,554.0,569.0,575.0,595.0,639.0,645.0,650.0,654.0,695.0,700.0,761.0,786.0,807.0,835.0,899.0,920.0,974.0,996.0,
16.0,87.0,200.0,207.0,270.0,279.0,315.0,341.0,344.0,381.0,386.0,439.0,480.0,483.0,486.0,510.0,736.0,844.0,
11.0,24.0,36.0,54.0,100.0,141.0,147.0,240.0,246.0,286.0,349.0,392.0,434.0,440.0,461.0,499.0,506.0,
42.0,76.0,99.0,146.0,148.0,180.0,306.0,318.0,344.0,360.0,381.0,401.0,403.0,409.0,450.0,779.0,989.0,
33.0,119.0,161.0,183.0,207.0,210.0,275.0,289.0,325.0,362.0,442.0,445.0,451.0,454.0,494.0,753.0,772.0,916.0,955.0,
7.0,18.0,41.0,205.0,209.0,236.0,240.0,240.0,246.0,276.0,277.0,300.0,309.0,340.0,350.0,376.0,383.0,408.0,422.0,462.0,865.0,867.0,903.0,976.0,
59.0,97.0,128.0,130.0,174.0,189.0,231.0,252.0,253.0,307.0,380.0,382.0,785.0,882.0,906.0,915.0,923.0,
35.0,36.0,39.0,63.0,66.0,138.0,147.0,155.0,161.0,207.0,217.0,229.0,283.0,318.0,333.0,333.0,341.0,346.0,348.0,434.0,499.0,753.0,874.0,879.0,
18.0,45.0,62.0,72.0,143.0,159.0,200.0,206.0,208.0,216.0,228.0,286.0,318.0,341.0,344.0,351.0,362.0,432.0,439.0,450.0,495.0,505.0,924.0,
16.0,47.0,62.0,87.0,93.0,119.0,225.0,252.0,262.0,272.0,305.0,320.0,346.0,368.0,370.0,388.0,394.0,508.0,509.0,852.0,885.0,968.0,
48.0,121.0,187.0,223.0,227.0,313.0,390.0,488.0,510.0,513.0,534.0,558.0,572.0,596.0,597.0,614.0,689.0,708.0,788.0,791.0,821.0,842.0,852.0,866.0,875.0,878.0,910.0,935.0,943.0,953.0,974.0,
19.0,25.0,52.0,60.0,73.0,99.0,103.0,137.0,185.0,198.0,216.0,257.0,262.0,301.0,302.0,360.0,462.0,469.0,470.0,471.0,611.0,611.0,714.0,721.0,744.0,773.0,774.0,789.0,813.0,867.0,899.0,933.0,962.0,973.0,
34.0,51.0,64.0,68.0,100.0,117.0,139.0,141.0,144.0,241.0,263.0,278.0,321.0,341.0,343.0,355.0,402.0,428.0,502.0,503.0,
4.0,4.0,14.0,18.0,53.0,68.0,78.0,87.0,169.0,206.0,211.0,217.0,231.0,297.0,309.0,328.0,369.0,409.0,452.0,
3.0,31.0,33.0,46.0,65.0,77.0,136.0,143.0,198.0,272.0,299.0,319.0,327.0,329.0,353.0,364.0,387.0,442.0,801.0,848.0,911.0,
16.0,22.0,27.0,41.0,88.0,90.0,130.0,134.0,178.0,187.0,192.0,219.0,225.0,234.0,272.0,277.0,281.0,326.0,347.0,357.0,358.0,370.0,378.0,409.0,410.0,418.0,426.0,452.0,456.0,458.0,460.0,464.0,810.0,
26.0,30.0,53.0,60.0,71.0,73.0,108.0,178.0,208.0,221.0,284.0,328.0,332.0,342.0,343.0,344.0,362.0,373.0,373.0,390.0,418.0,455.0,468.0,497.0,809.0,813.0,890.0,923.0,949.0,
26.0,49.0,95.0,115.0,186.0,240.0,255.0,263.0,284.0,300.0,351.0,384.0,386.0,387.0,400.0,401.0,405.0,411.0,422.0,497.0,499.0,500.0,
53.0,54.0,64.0,95.0,156.0,189.0,196.0,217.0,219.0,230.0,275.0,286.0,303.0,324.0,328.0,345.0,384.0,388.0,410.0,443.0,460.0,495.0,
47.0,53.0,97.0,99.0,118.0,144.0,179.0,204.0,274.0,364.0,398.0,400.0,430.0,440.0,471.0,482.0,515.0,586.0,633.0,649.0,651.0,687.0,770.0,813.0,820.0,856.0,876.0,896.0,947.0,
6.0,23.0,37.0,75.0,112.0,177.0,224.0,244.0,327.0,444.0,451.0,500.0,513.0,517.0,584.0,615.0,634.0,675.0,679.0,798.0,822.0,824.0,826.0,826.0,836.0,861.0,956.0,963.0,
36.0,37.0,53.0,91.0,96.0,101.0,125.0,157.0,166.0,179.0,192.0,212.0,243.0,278.0,282.0,308.0,338.0,375.0,401.0,412.0,418.0,426.0,451.0,501.0,510.0,523.0,529.0,601.0,641.0,669.0,696.0,725.0,754.0,771.0,822.0,838.0,852.0,889.0,890.0,907.0,908.0,964.0,969.0,
20.0,51.0,52.0,86.0,112.0,125.0,145.0,146.0,160.0,169.0,185.0,257.0,330.0,341.0,350.0,396.0,406.0,466.0,508.0,664.0,675.0,747.0,771.0,811.0,830.0,894.0,926.0,971.0,
6.0,25.0,62.0,88.0,100.0,118.0,169.0,199.0,242.0,244.0,251.0,300.0,304.0,334.0,343.0,345.0,357.0,376.0,391.0,402.0,414.0,433.0,803.0,809.0,872.0,
16.0,69.0,73.0,98.0,108.0,128.0,128.0,165.0,170.0,201.0,237.0,252.0,272.0,297.0,299.0,311.0,314.0,333.0,349.0,357.0,376.0,401.0,415.0,435.0,
31.0,73.0,180.0,286.0,342.0,356.0,364.0,375.0,376.0,403.0,459.0,463.0,472.0,485.0,
9.0,76.0,88.0,109.0,123.0,131.0,166.0,190.0,250.0,257.0,291.0,294.0,317.0,335.0,380.0,416.0,421.0,431.0,442.0,460.0,
44.0,58.0,60.0,82.0,89.0,92.0,98.0,101.0,124.0,127.0,139.0,209.0,236.0,320.0,338.0,364.0,376.0,378.0,419.0,464.0,823.0,869.0,981.0,
84.0,95.0,158.0,169.0,173.0,197.0,251.0,262.0,304.0,319.0,400.0,411.0,444.0,470.0,480.0,593.0,660.0,682.0,698.0,702.0,708.0,817.0,838.0,849.0,944.0,955.0,
2.0,14.0,43.0,53.0,53.0,61.0,89.0,105.0,129.0,191.0,200.0,203.0,208.0,246.0,249.0,252.0,280.0,296.0,296.0,327.0,357.0,410.0,454.0,477.0,520.0,526.0,567.0,609.0,619.0,659.0,704.0,733.0,764.0,816.0,821.0,823.0,835.0,841.0,842.0,851.0,890.0,926.0,940.0,956.0,963.0,
