102.0,108.0,139.0,181.0,228.0,249.0,260.0,266.0,269.0,298.0,338.0,343.0,370.0,396.0,434.0,440.0,541.0,568.0,597.0,615.0,664.0,680.0,714.0,741.0,755.0,772.0,816.0,873.0,873.0,901.0,915.0,994.0,
25.0,29.0,36.0,39.0,47.0,54.0,68.0,80.0,113.0,134.0,145.0,152.0,155.0,169.0,184.0,189.0,248.0,277.0,279.0,364.0,368.0,428.0,450.0,478.0,483.0,488.0,497.0,498.0,500.0,508.0,547.0,604.0,610.0,612.0,673.0,677.0,685.0,695.0,717.0,741.0,752.0,754.0,792.0,822.0,853.0,857.0,869.0,901.0,942.0,951.0,965.0,965.0,972.0,975.0,
53.0,53.0,88.0,94.0,140.0,175.0,183.0,188.0,202.0,213.0,217.0,227.0,236.0,237.0,245.0,275.0,320.0,347.0,437.0,448.0,452.0,525.0,562.0,580.0,588.0,593.0,621.0,655.0,695.0,704.0,715.0,731.0,753.0,757.0,768.0,778.0,802.0,804.0,814.0,837.0,858.0,861.0,876.0,879.0,884.0,899.0,920.0,922.0,934.0,934.0,
15.0,26.0,29.0,45.0,48.0,70.0,125.0,158.0,175.0,180.0,204.0,234.0,252.0,286.0,293.0,330.0,361.0,398.0,412.0,421.0,435.0,437.0,480.0,484.0,491.0,497.0,548.0,553.0,642.0,655.0,665.0,668.0,704.0,715.0,726.0,730.0,745.0,753.0,828.0,844.0,874.0,882.0,893.0,903.0,907.0,932.0,944.0,950.0,955.0,968.0,978.0,983.0,
61.0,137.0,168.0,182.0,183.0,231.0,264.0,281.0,419.0,437.0,451.0,460.0,468.0,478.0,488.0,491.0,607.0,662.0,743.0,776.0,786.0,805.0,871.0,873.0,882.0,904.0,988.0,
20.0,118.0,121.0,123.0,134.0,140.0,160.0,179.0,180.0,246.0,349.0,427.0,462.0,463.0,463.0,503.0,508.0,566.0,576.0,610.0,618.0,618.0,757.0,769.0,771.0,806.0,840.0,847.0,852.0,885.0,905.0,915.0,937.0,961.0,980.0,982.0,
37.0,43.0,45.0,54.0,78.0,111.0,149.0,150.0,198.0,240.0,303.0,306.0,307.0,368.0,457.0,485.0,607.0,656.0,665.0,666.0,667.0,689.0,697.0,700.0,743.0,854.0,882.0,890.0,893.0,913.0,940.0,
24.0,24.0,46.0,57.0,74.0,74.0,86.0,148.0,165.0,171.0,242.0,345.0,353.0,375.0,377.0,387.0,405.0,419.0,441.0,483.0,500.0,591.0,626.0,638.0,669.0,693.0,711.0,735.0,738.0,759.0,789.0,799.0,806.0,828.0,917.0,997.0,
13.0,27.0,44.0,53.0,117.0,140.0,152.0,186.0,188.0,191.0,223.0,305.0,328.0,350.0,353.0,362.0,373.0,427.0,429.0,458.0,544.0,548.0,562.0,592.0,597.0,642.0,654.0,669.0,677.0,701.0,708.0,712.0,721.0,723.0,727.0,742.0,760.0,765.0,788.0,835.0,840.0,842.0,844.0,846.0,876.0,881.0,916.0,919.0,947.0,977.0,987.0,991.0,991.0,992.0,
15.0,18.0,33.0,36.0,53.0,56.0,130.0,145.0,158.0,171.0,186.0,201.0,209.0,280.0,293.0,326.0,364.0,398.0,413.0,464.0,496.0,558.0,565.0,582.0,659.0,713.0,728.0,730.0,733.0,742.0,758.0,792.0,808.0,833.0,837.0,842.0,857.0,899.0,920.0,922.0,925.0,965.0,
39.0,42.0,62.0,128.0,152.0,167.0,225.0,325.0,365.0,369.0,387.0,434.0,447.0,487.0,504.0,516.0,535.0,555.0,575.0,596.0,599.0,649.0,726.0,773.0,777.0,789.0,789.0,871.0,889.0,891.0,917.0,924.0,956.0,975.0,977.0,996.0,
15.0,18.0,107.0,115.0,131.0,140.0,218.0,242.0,306.0,330.0,331.0,360.0,375.0,403.0,448.0,448.0,464.0,490.0,498.0,589.0,591.0,604.0,626.0,638.0,639.0,641.0,645.0,650.0,650.0,662.0,679.0,696.0,700.0,717.0,720.0,725.0,743.0,746.0,769.0,772.0,775.0,785.0,870.0,922.0,923.0,931.0,982.0,
9.0,104.0,179.0,219.0,245.0,273.0,293.0,306.0,360.0,409.0,466.0,469.0,516.0,620.0,640.0,671.0,703.0,744.0,747.0,769.0,772.0,780.0,811.0,847.0,878.0,879.0,880.0,883.0,889.0,890.0,937.0,966.0,
38.0,46.0,84.0,117.0,117.0,118.0,165.0,179.0,196.0,214.0,253.0,258.0,264.0,282.0,283.0,349.0,365.0,383.0,408.0,769.0,778.0,814.0,856.0,
24.0,99.0,164.0,172.0,213.0,230.0,330.0,342.0,346.0,353.0,395.0,416.0,427.0,431.0,439.0,
12.0,29.0,50.0,53.0,58.0,80.0,201.0,202.0,387.0,410.0,429.0,453.0,457.0,474.0,
7.0,20.0,24.0,27.0,86.0,117.0,137.0,237.0,240.0,263.0,341.0,346.0,356.0,359.0,369.0,376.0,393.0,436.0,438.0,463.0,493.0,
104.0,126.0,166.0,180.0,209.0,245.0,252.0,270.0,318.0,366.0,373.0,382.0,413.0,420.0,450.0,460.0,473.0,
3.0,4.0,13.0,30.0,80.0,160.0,254.0,269.0,277.0,279.0,282.0,301.0,302.0,349.0,408.0,416.0,433.0,465.0,504.0,596.0,618.0,635.0,704.0,739.0,744.0,947.0,957.0,968.0,
7.0,16.0,43.0,50.0,53.0,56.0,59.0,68.0,72.0,190.0,212.0,220.0,223.0,281.0,290.0,299.0,333.0,355.0,390.0,421.0,422.0,423.0,454.0,466.0,571.0,591.0,655.0,667.0,679.0,682.0,714.0,740.0,746.0,770.0,837.0,847.0,855.0,865.0,870.0,886.0,895.0,900.0,901.0,935.0,939.0,969.0,
50.0,91.0,161.0,183.0,209.0,218.0,226.0,244.0,314.0,332.0,375.0,430.0,442.0,482.0,488.0,501.0,573.0,585.0,644.0,725.0,736.0,765.0,769.0,853.0,857.0,873.0,892.0,913.0,922.0,932.0,956.0,960.0,983.0,
6.0,38.0,40.0,112.0,117.0,130.0,146.0,186.0,187.0,258.0,274.0,287.0,315.0,373.0,377.0,387.0,446.0,450.0,588.0,643.0,646.0,666.0,680.0,681.0,688.0,718.0,728.0,760.0,768.0,834.0,841.0,918.0,929.0,957.0,
42.0,94.0,124.0,165.0,179.0,182.0,194.0,253.0,307.0,310.0,310.0,323.0,326.0,454.0,463.0,468.0,473.0,487.0,
65.0,77.0,86.0,106.0,129.0,177.0,197.0,215.0,259.0,286.0,335.0,344.0,363.0,366.0,415.0,428.0,430.0,460.0,481.0,483.0,894.0,
18.0,19.0,33.0,54.0,57.0,118.0,152.0,183.0,196.0,222.0,252.0,310.0,323.0,324.0,337.0,371.0,400.0,410.0,440.0,441.0,489.0,498.0,874.0,979.0,
36.0,39.0,81.0,143.0,176.0,195.0,254.0,275.0,285.0,402.0,448.0,477.0,484.0,509.0,919.0,950.0,
7.0,16.0,45.0,129.0,157.0,173.0,239.0,241.0,269.0,273.0,322.0,323.0,329.0,346.0,400.0,407.0,430.0,442.0,808.0,847.0,955.0,965.0,974.0,
40.0,49.0,73.0,80.0,84.0,110.0,112.0,116.0,119.0,120.0,122.0,169.0,225.0,235.0,263.0,269.0,276.0,322.0,336.0,370.0,400.0,420.0,436.0,442.0,452.0,473.0,931.0,994.0,
32.0,76.0,104.0,170.0,179.0,206.0,332.0,372.0,374.0,433.0,451.0,456.0,492.0,
118.0,138.0,139.0,147.0,156.0,188.0,267.0,269.0,282.0,286.0,314.0,337.0,372.0,392.0,410.0,489.0,505.0,508.0,626.0,644.0,655.0,673.0,677.0,678.0,685.0,694.0,722.0,746.0,748.0,759.0,767.0,778.0,809.0,810.0,818.0,895.0,895.0,899.0,922.0,927.0,947.0,950.0,995.0,
35.0,54.0,68.0,195.0,203.0,208.0,228.0,319.0,356.0,364.0,387.0,426.0,489.0,535.0,557.0,574.0,596.0,622.0,647.0,707.0,730.0,736.0,737.0,738.0,747.0,747.0,750.0,808.0,825.0,844.0,852.0,926.0,933.0,941.0,953.0,963.0,988.0,
24.0,26.0,39.0,45.0,76.0,101.0,104.0,105.0,109.0,207.0,211.0,215.0,219.0,263.0,281.0,282.0,302.0,313.0,340.0,406.0,413.0,434.0,448.0,451.0,484.0,493.0,892.0,
17.0,24.0,25.0,52.0,108.0,165.0,193.0,238.0,240.0,308.0,326.0,330.0,336.0,400.0,477.0,480.0,507.0,510.0,
88.0,120.0,124.0,131.0,267.0,315.0,391.0,401.0,410.0,437.0,485.0,791.0,796.0,904.0,
31.0,46.0,61.0,172.0,177.0,181.0,214.0,214.0,218.0,225.0,249.0,261.0,327.0,380.0,388.0,428.0,450.0,465.0,791.0,947.0,
20.0,23.0,23.0,47.0,59.0,71.0,73.0,79.0,80.0,123.0,144.0,163.0,181.0,213.0,255.0,309.0,343.0,353.0,367.0,390.0,492.0,727.0,796.0,962.0,
28.0,63.0,103.0,119.0,154.0,165.0,167.0,175.0,179.0,226.0,229.0,232.0,413.0,417.0,430.0,432.0,436.0,440.0,445.0,457.0,462.0,493.0,503.0,975.0,997.0,
18.0,19.0,42.0,71.0,97.0,104.0,130.0,203.0,208.0,223.0,234.0,252.0,258.0,307.0,309.0,371.0,404.0,406.0,437.0,505.0,820.0,892.0,916.0,951.0,
11.0,18.0,59.0,88.0,130.0,143.0,152.0,163.0,256.0,394.0,429.0,449.0,
8.0,14.0,28.0,36.0,81.0,112.0,119.0,145.0,156.0,181.0,198.0,205.0,232.0,265.0,273.0,292.0,298.0,302.0,318.0,347.0,349.0,368.0,388.0,414.0,417.0,502.0,
32.0,67.0,85.0,100.0,121.0,133.0,150.0,168.0,182.0,184.0,192.0,255.0,314.0,331.0,384.0,405.0,410.0,434.0,470.0,492.0,514.0,534.0,601.0,616.0,625.0,661.0,688.0,701.0,703.0,767.0,812.0,831.0,835.0,839.0,898.0,906.0,979.0,
58.0,83.0,84.0,149.0,167.0,200.0,217.0,244.0,266.0,294.0,314.0,319.0,338.0,338.0,376.0,386.0,436.0,443.0,492.0,
4.0,76.0,80.0,108.0,111.0,114.0,134.0,147.0,173.0,203.0,218.0,283.0,311.0,313.0,323.0,323.0,327.0,369.0,374.0,378.0,402.0,426.0,428.0,440.0,472.0,493.0,853.0,865.0,902.0,905.0,952.0,984.0,991.0,998.0,
28.0,45.0,71.0,133.0,152.0,169.0,175.0,178.0,230.0,241.0,283.0,292.0,307.0,359.0,363.0,412.0,432.0,440.0,784.0,
60.0,62.0,106.0,131.0,150.0,183.0,305.0,316.0,346.0,382.0,387.0,433.0,447.0,502.0,801.0,853.0,892.0,938.0,943.0,
86.0,94.0,99.0,142.0,215.0,273.0,309.0,339.0,349.0,372.0,397.0,409.0,438.0,818.0,863.0,953.0,985.0,
30.0,39.0,66.0,150.0,153.0,173.0,201.0,204.0,225.0,325.0,341.0,365.0,388.0,420.0,448.0,458.0,470.0,794.0,834.0,849.0,850.0,855.0,860.0,917.0,929.0,971.0,
5.0,84.0,177.0,216.0,223.0,225.0,282.0,283.0,296.0,309.0,321.0,329.0,333.0,374.0,434.0,441.0,445.0,494.0,496.0,506.0,508.0,906.0,984.0,
61.0,65.0,200.0,234.0,254.0,285.0,291.0,295.0,325.0,327.0,377.0,378.0,407.0,418.0,437.0,488.0,496.0,834.0,
20.0,38.0,71.0,86.0,121.0,243.0,301.0,406.0,416.0,454.0,507.0,509.0,
36.0,87.0,96.0,103.0,111.0,117.0,151.0,157.0,165.0,191.0,193.0,224.0,256.0,326.0,351.0,401.0,415.0,438.0,454.0,456.0,459.0,481.0,505.0,614.0,634.0,650.0,668.0,704.0,776.0,801.0,808.0,808.0,824.0,871.0,888.0,888.0,966.0,970.0,982.0,
46.0,57.0,70.0,84.0,191.0,192.0,197.0,208.0,254.0,273.0,301.0,356.0,364.0,376.0,469.0,
24.0,53.0,83.0,140.0,170.0,199.0,208.0,225.0,228.0,287.0,288.0,306.0,322.0,344.0,349.0,356.0,397.0,495.0,930.0,944.0,
39.0,40.0,49.0,50.0,120.0,142.0,166.0,211.0,229.0,230.0,235.0,240.0,322.0,391.0,398.0,399.0,407.0,456.0,463.0,480.0,893.0,
5.0,10.0,57.0,69.0,86.0,87.0,129.0,159.0,175.0,211.0,252.0,296.0,318.0,334.0,340.0,397.0,452.0,457.0,766.0,860.0,
18.0,75.0,76.0,82.0,96.0,97.0,118.0,140.0,151.0,173.0,188.0,191.0,195.0,204.0,359.0,375.0,390.0,394.0,901.0,919.0,923.0,952.0,
57.0,88.0,98.0,102.0,133.0,136.0,178.0,192.0,256.0,282.0,312.0,392.0,398.0,416.0,422.0,422.0,460.0,472.0,481.0,488.0,883.0,918.0,931.0,939.0,997.0,
10.0,28.0,38.0,52.0,60.0,60.0,67.0,69.0,74.0,82.0,117.0,133.0,152.0,155.0,166.0,217.0,226.0,240.0,240.0,268.0,325.0,344.0,351.0,383.0,403.0,498.0,750.0,858.0,873.0,892.0,961.0,973.0,992.0,
33.0,78.0,113.0,201.0,222.0,224.0,248.0,248.0,304.0,310.0,356.0,357.0,392.0,410.0,419.0,432.0,778.0,879.0,880.0,968.0,
9.0,14.0,22.0,35.0,39.0,141.0,187.0,187.0,205.0,248.0,336.0,350.0,356.0,369.0,380.0,391.0,396.0,398.0,439.0,445.0,
12.0,14.0,48.0,49.0,50.0,59.0,64.0,68.0,82.0,161.0,168.0,194.0,198.0,203.0,227.0,243.0,282.0,333.0,355.0,373.0,377.0,383.0,411.0,413.0,427.0,451.0,634.0,659.0,668.0,682.0,690.0,695.0,718.0,776.0,788.0,797.0,810.0,812.0,813.0,846.0,881.0,913.0,930.0,948.0,971.0,977.0,
9.0,14.0,45.0,115.0,126.0,186.0,187.0,196.0,196.0,243.0,262.0,309.0,318.0,321.0,355.0,387.0,398.0,419.0,459.0,466.0,501.0,
34.0,113.0,131.0,178.0,185.0,197.0,224.0,277.0,300.0,411.0,441.0,454.0,472.0,877.0,
32.0,46.0,63.0,152.0,202.0,239.0,281.0,304.0,426.0,483.0,811.0,847.0,849.0,943.0,
19.0,31.0,75.0,102.0,104.0,167.0,187.0,219.0,240.0,246.0,269.0,315.0,333.0,342.0,367.0,379.0,448.0,451.0,754.0,776.0,784.0,812.0,892.0,916.0,
68.0,79.0,85.0,100.0,173.0,207.0,280.0,364.0,371.0,409.0,489.0,780.0,969.0,
39.0,74.0,75.0,79.0,84.0,93.0,110.0,154.0,241.0,300.0,325.0,333.0,339.0,418.0,459.0,475.0,755.0,847.0,882.0,893.0,919.0,926.0,970.0,
13.0,46.0,111.0,123.0,189.0,202.0,207.0,213.0,217.0,246.0,254.0,304.0,315.0,318.0,378.0,388.0,396.0,417.0,459.0,471.0,847.0,865.0,976.0,
11.0,30.0,64.0,66.0,98.0,140.0,173.0,179.0,181.0,208.0,230.0,230.0,237.0,328.0,346.0,397.0,419.0,425.0,496.0,750.0,868.0,914.0,
14.0,104.0,115.0,148.0,160.0,237.0,239.0,239.0,241.0,250.0,341.0,345.0,400.0,446.0,473.0,
23.0,24.0,24.0,61.0,78.0,95.0,172.0,179.0,201.0,204.0,215.0,227.0,277.0,288.0,289.0,295.0,343.0,360.0,428.0,449.0,488.0,510.0,518.0,521.0,592.0,596.0,596.0,636.0,656.0,678.0,683.0,697.0,710.0,715.0,726.0,727.0,736.0,810.0,816.0,824.0,837.0,855.0,893.0,904.0,908.0,920.0,922.0,934.0,938.0,946.0,972.0,978.0,987.0,
6.0,12.0,16.0,39.0,49.0,64.0,100.0,109.0,110.0,119.0,119.0,174.0,206.0,279.0,279.0,304.0,310.0,342.0,354.0,392.0,396.0,427.0,427.0,434.0,463.0,468.0,476.0,775.0,805.0,826.0,
4.0,26.0,55.0,60.0,60.0,81.0,182.0,183.0,216.0,267.0,287.0,313.0,350.0,391.0,396.0,402.0,421.0,426.0,499.0,
11.0,14.0,59.0,73.0,156.0,157.0,157.0,169.0,170.0,185.0,196.0,198.0,242.0,296.0,306.0,383.0,408.0,464.0,739.0,914.0,915.0,992.0,
21.0,84.0,179.0,220.0,238.0,289.0,313.0,333.0,334.0,407.0,446.0,462.0,483.0,486.0,495.0,852.0,
17.0,26.0,88.0,113.0,115.0,138.0,156.0,169.0,194.0,205.0,217.0,218.0,236.0,284.0,308.0,380.0,385.0,428.0,434.0,478.0,481.0,487.0,757.0,771.0,839.0,896.0,902.0,
8.0,63.0,69.0,99.0,131.0,138.0,159.0,178.0,205.0,221.0,223.0,237.0,245.0,365.0,417.0,419.0,429.0,435.0,482.0,489.0,845.0,846.0,947.0,985.0,
13.0,46.0,49.0,76.0,105.0,115.0,124.0,137.0,141.0,157.0,167.0,177.0,186.0,187.0,202.0,215.0,250.0,313.0,351.0,354.0,407.0,445.0,452.0,458.0,487.0,488.0,497.0,511.0,771.0,813.0,882.0,987.0,997.0,
10.0,20.0,30.0,62.0,72.0,82.0,91.0,118.0,152.0,192.0,273.0,356.0,400.0,415.0,453.0,458.0,
33.0,36.0,41.0,50.0,64.0,74.0,119.0,126.0,127.0,148.0,152.0,157.0,204.0,214.0,224.0,225.0,239.0,259.0,275.0,290.0,320.0,342.0,368.0,375.0,381.0,915.0,998.0,
39.0,51.0,87.0,123.0,133.0,140.0,165.0,204.0,217.0,220.0,221.0,252.0,254.0,260.0,278.0,291.0,324.0,348.0,388.0,389.0,399.0,410.0,462.0,476.0,500.0,501.0,515.0,530.0,554.0,602.0,606.0,618.0,652.0,656.0,666.0,668.0,684.0,701.0,724.0,731.0,758.0,819.0,823.0,851.0,854.0,882.0,891.0,925.0,960.0,983.0,
11.0,55.0,66.0,105.0,110.0,155.0,178.0,246.0,254.0,296.0,342.0,374.0,418.0,424.0,430.0,436.0,447.0,463.0,474.0,483.0,611.0,627.0,633.0,683.0,721.0,727.0,730.0,733.0,739.0,856.0,900.0,913.0,940.0,967.0,990.0,
21.0,29.0,36.0,53.0,64.0,95.0,115.0,173.0,236.0,251.0,273.0,297.0,350.0,364.0,383.0,393.0,412.0,425.0,438.0,469.0,481.0,491.0,495.0,504.0,
66.0,91.0,109.0,149.0,156.0,207.0,232.0,277.0,285.0,328.0,353.0,408.0,413.0,416.0,459.0,481.0,486.0,498.0,
33.0,74.0,93.0,132.0,156.0,165.0,177.0,190.0,212.0,215.0,223.0,225.0,268.0,307.0,310.0,324.0,379.0,382.0,428.0,436.0,443.0,887.0,905.0,954.0,
3.0,30.0,45.0,59.0,82.0,98.0,109.0,111.0,119.0,144.0,153.0,222.0,240.0,320.0,347.0,348.0,360.0,380.0,418.0,423.0,439.0,464.0,846.0,983.0,
68.0,72.0,85.0,136.0,215.0,225.0,242.0,264.0,304.0,331.0,373.0,374.0,497.0,908.0,923.0,
19.0,31.0,90.0,97.0,107.0,116.0,129.0,227.0,276.0,332.0,494.0,989.0,
6.0,26.0,53.0,76.0,77.0,92.0,99.0,119.0,121.0,125.0,140.0,192.0,239.0,272.0,293.0,300.0,328.0,338.0,372.0,387.0,428.0,428.0,451.0,495.0,
27.0,44.0,83.0,122.0,138.0,161.0,191.0,274.0,286.0,312.0,319.0,324.0,341.0,377.0,405.0,427.0,435.0,462.0,470.0,502.0,587.0,603.0,616.0,682.0,743.0,752.0,765.0,786.0,788.0,794.0,804.0,812.0,820.0,887.0,905.0,930.0,936.0,939.0,
21.0,87.0,113.0,272.0,280.0,302.0,318.0,363.0,423.0,436.0,448.0,448.0,450.0,475.0,533.0,543.0,572.0,576.0,597.0,610.0,694.0,710.0,716.0,717.0,795.0,817.0,821.0,836.0,840.0,857.0,888.0,903.0,918.0,938.0,968.0,976.0,
35.0,49.0,51.0,113.0,118.0,128.0,153.0,181.0,222.0,247.0,256.0,297.0,322.0,334.0,370.0,475.0,487.0,512.0,548.0,578.0,584.0,590.0,593.0,631.0,724.0,729.0,740.0,772.0,818.0,882.0,885.0,951.0,993.0,
43.0,67.0,97.0,125.0,128.0,131.0,162.0,182.0,228.0,284.0,330.0,516.0,563.0,630.0,667.0,693.0,720.0,750.0,765.0,785.0,875.0,914.0,
33.0,60.0,61.0,94.0,98.0,108.0,118.0,124.0,172.0,175.0,182.0,200.0,202.0,204.0,257.0,365.0,374.0,387.0,393.0,404.0,503.0,902.0,982.0,
7.0,61.0,72.0,130.0,146.0,188.0,200.0,200.0,263.0,291.0,310.0,337.0,359.0,373.0,402.0,450.0,457.0,498.0,
22.0,57.0,86.0,141.0,178.0,213.0,217.0,220.0,247.0,283.0,289.0,296.0,300.0,334.0,348.0,373.0,396.0,399.0,428.0,453.0,476.0,485.0,485.0,
28.0,32.0,57.0,105.0,124.0,177.0,198.0,215.0,250.0,261.0,262.0,278.0,369.0,371.0,386.0,474.0,
27.0,37.0,82.0,195.0,202.0,202.0,294.0,312.0,351.0,359.0,464.0,483.0,811.0,985.0,
8.0,12.0,30.0,59.0,60.0,78.0,104.0,109.0,145.0,150.0,195.0,201.0,228.0,238.0,265.0,273.0,294.0,317.0,420.0,433.0,442.0,474.0,642.0,655.0,656.0,680.0,751.0,766.0,800.0,825.0,855.0,855.0,856.0,901.0,943.0,
35.0,59.0,86.0,146.0,167.0,174.0,197.0,201.0,218.0,235.0,400.0,503.0,540.0,552.0,582.0,595.0,600.0,613.0,618.0,620.0,642.0,682.0,686.0,694.0,715.0,748.0,753.0,759.0,790.0,856.0,893.0,963.0,973.0,
