10.0,59.0,87.0,95.0,99.0,130.0,176.0,214.0,246.0,283.0,327.0,341.0,366.0,373.0,386.0,388.0,417.0,443.0,458.0,508.0,559.0,568.0,615.0,669.0,701.0,752.0,825.0,842.0,917.0,937.0,950.0,980.0,
29.0,45.0,75.0,100.0,123.0,165.0,187.0,239.0,259.0,293.0,491.0,494.0,497.0,506.0,508.0,665.0,720.0,803.0,810.0,839.0,863.0,915.0,923.0,948.0,993.0,
2.0,30.0,59.0,64.0,117.0,142.0,226.0,253.0,329.0,337.0,359.0,392.0,401.0,426.0,474.0,480.0,503.0,520.0,542.0,555.0,623.0,623.0,646.0,659.0,700.0,706.0,716.0,723.0,728.0,780.0,798.0,805.0,824.0,828.0,860.0,875.0,925.0,947.0,956.0,959.0,980.0,987.0,998.0,
82.0,160.0,176.0,190.0,220.0,246.0,323.0,331.0,349.0,350.0,351.0,377.0,382.0,418.0,422.0,427.0,436.0,443.0,455.0,472.0,475.0,480.0,483.0,485.0,487.0,520.0,523.0,643.0,700.0,731.0,732.0,767.0,854.0,963.0,
33.0,39.0,72.0,82.0,267.0,326.0,387.0,418.0,421.0,429.0,465.0,501.0,514.0,521.0,558.0,596.0,600.0,618.0,624.0,626.0,637.0,662.0,663.0,692.0,704.0,726.0,733.0,767.0,821.0,826.0,844.0,845.0,851.0,857.0,862.0,882.0,893.0,896.0,900.0,910.0,950.0,965.0,965.0,976.0,
5.0,27.0,43.0,57.0,115.0,195.0,196.0,210.0,228.0,237.0,254.0,298.0,308.0,312.0,376.0,436.0,446.0,463.0,468.0,483.0,536.0,568.0,571.0,589.0,603.0,609.0,619.0,652.0,731.0,733.0,745.0,829.0,888.0,896.0,910.0,913.0,950.0,966.0,971.0,975.0,983.0,
20.0,79.0,122.0,156.0,166.0,180.0,181.0,185.0,210.0,216.0,227.0,246.0,312.0,342.0,356.0,358.0,365.0,388.0,404.0,428.0,485.0,517.0,530.0,598.0,634.0,656.0,674.0,675.0,691.0,692.0,740.0,769.0,795.0,799.0,840.0,864.0,914.0,937.0,946.0,
3.0,4.0,33.0,36.0,40.0,63.0,109.0,129.0,151.0,250.0,274.0,315.0,325.0,330.0,339.0,419.0,421.0,424.0,470.0,477.0,489.0,525.0,539.0,607.0,620.0,636.0,696.0,759.0,763.0,773.0,785.0,808.0,828.0,832.0,851.0,882.0,919.0,923.0,973.0,
44.0,52.0,57.0,60.0,85.0,91.0,122.0,225.0,260.0,301.0,323.0,333.0,340.0,349.0,374.0,391.0,439.0,568.0,599.0,625.0,648.0,674.0,698.0,714.0,723.0,793.0,799.0,807.0,896.0,897.0,950.0,961.0,
14.0,115.0,163.0,179.0,183.0,185.0,195.0,229.0,253.0,285.0,286.0,294.0,301.0,326.0,463.0,467.0,536.0,549.0,557.0,567.0,621.0,629.0,630.0,706.0,714.0,724.0,733.0,767.0,802.0,813.0,818.0,862.0,923.0,925.0,957.0,958.0,971.0,984.0,
20.0,26.0,31.0,89.0,97.0,108.0,123.0,144.0,161.0,162.0,204.0,237.0,351.0,351.0,363.0,383.0,395.0,410.0,420.0,516.0,610.0,621.0,647.0,651.0,652.0,684.0,706.0,743.0,757.0,760.0,761.0,789.0,808.0,810.0,833.0,848.0,917.0,991.0,995.0,
2.0,3.0,63.0,88.0,111.0,227.0,233.0,279.0,317.0,359.0,417.0,420.0,422.0,468.0,521.0,536.0,537.0,549.0,582.0,617.0,619.0,661.0,677.0,723.0,781.0,816.0,832.0,897.0,911.0,995.0,
71.0,85.0,149.0,187.0,188.0,192.0,235.0,235.0,265.0,290.0,291.0,304.0,377.0,386.0,438.0,448.0,469.0,471.0,475.0,509.0,525.0,572.0,587.0,591.0,598.0,603.0,677.0,725.0,746.0,748.0,749.0,786.0,825.0,873.0,896.0,914.0,961.0,972.0,
13.0,39.0,238.0,265.0,279.0,282.0,309.0,339.0,389.0,401.0,434.0,444.0,512.0,514.0,595.0,602.0,611.0,660.0,676.0,679.0,692.0,726.0,744.0,745.0,760.0,798.0,800.0,803.0,808.0,816.0,838.0,849.0,849.0,872.0,877.0,899.0,909.0,917.0,921.0,961.0,976.0,
94.0,99.0,118.0,120.0,189.0,208.0,211.0,331.0,372.0,375.0,388.0,393.0,440.0,475.0,490.0,500.0,783.0,866.0,875.0,963.0,
12.0,22.0,41.0,43.0,51.0,51.0,57.0,121.0,148.0,151.0,154.0,165.0,172.0,220.0,225.0,239.0,246.0,252.0,321.0,356.0,421.0,436.0,472.0,473.0,474.0,509.0,824.0,903.0,997.0,
9.0,20.0,32.0,37.0,53.0,79.0,117.0,139.0,157.0,191.0,235.0,236.0,332.0,333.0,343.0,352.0,365.0,391.0,466.0,729.0,798.0,930.0,987.0,
3.0,42.0,45.0,68.0,79.0,91.0,99.0,216.0,226.0,228.0,304.0,316.0,381.0,483.0,619.0,675.0,727.0,743.0,753.0,760.0,850.0,853.0,855.0,929.0,940.0,952.0,957.0,966.0,995.0,999.0,
39.0,51.0,70.0,123.0,140.0,155.0,158.0,168.0,171.0,174.0,191.0,203.0,265.0,312.0,340.0,390.0,391.0,422.0,443.0,466.0,513.0,517.0,573.0,636.0,648.0,673.0,714.0,717.0,729.0,750.0,767.0,770.0,780.0,846.0,847.0,849.0,855.0,855.0,915.0,942.0,949.0,970.0,973.0,983.0,
55.0,113.0,150.0,154.0,199.0,206.0,288.0,317.0,343.0,369.0,391.0,419.0,514.0,543.0,554.0,566.0,630.0,655.0,674.0,679.0,692.0,703.0,739.0,748.0,787.0,807.0,819.0,830.0,845.0,957.0,960.0,
43.0,56.0,58.0,80.0,104.0,149.0,251.0,277.0,317.0,401.0,438.0,484.0,514.0,529.0,531.0,550.0,573.0,593.0,613.0,623.0,626.0,629.0,665.0,692.0,702.0,722.0,740.0,771.0,779.0,799.0,813.0,815.0,837.0,910.0,939.0,959.0,995.0,
75.0,109.0,149.0,152.0,165.0,251.0,271.0,293.0,340.0,340.0,340.0,343.0,368.0,406.0,444.0,454.0,484.0,523.0,575.0,577.0,591.0,671.0,739.0,740.0,764.0,767.0,770.0,816.0,820.0,822.0,835.0,842.0,859.0,876.0,920.0,940.0,941.0,951.0,978.0,995.0,999.0,
37.0,58.0,61.0,62.0,69.0,70.0,91.0,123.0,139.0,251.0,280.0,317.0,325.0,333.0,410.0,744.0,753.0,773.0,787.0,839.0,937.0,948.0,
37.0,42.0,76.0,108.0,184.0,188.0,196.0,216.0,272.0,285.0,287.0,306.0,322.0,329.0,329.0,419.0,431.0,
3.0,5.0,17.0,39.0,54.0,79.0,169.0,221.0,288.0,329.0,335.0,412.0,422.0,427.0,465.0,466.0,
37.0,138.0,206.0,235.0,237.0,296.0,337.0,343.0,346.0,356.0,410.0,416.0,492.0,870.0,
17.0,102.0,128.0,150.0,179.0,332.0,348.0,357.0,411.0,418.0,500.0,948.0,
10.0,18.0,33.0,54.0,55.0,72.0,121.0,121.0,130.0,152.0,155.0,265.0,271.0,275.0,279.0,393.0,417.0,418.0,425.0,452.0,495.0,
21.0,98.0,131.0,173.0,174.0,183.0,188.0,203.0,217.0,251.0,267.0,304.0,306.0,341.0,343.0,373.0,407.0,419.0,454.0,463.0,473.0,496.0,736.0,748.0,778.0,779.0,812.0,821.0,852.0,931.0,974.0,
43.0,80.0,87.0,108.0,110.0,116.0,147.0,160.0,197.0,202.0,240.0,261.0,316.0,387.0,435.0,574.0,600.0,600.0,614.0,633.0,641.0,665.0,703.0,714.0,746.0,763.0,846.0,867.0,874.0,931.0,941.0,951.0,979.0,
22.0,41.0,117.0,136.0,158.0,166.0,186.0,209.0,214.0,245.0,248.0,285.0,390.0,412.0,430.0,464.0,472.0,533.0,569.0,577.0,590.0,625.0,630.0,641.0,642.0,654.0,654.0,668.0,709.0,769.0,802.0,823.0,855.0,884.0,888.0,895.0,904.0,963.0,
21.0,56.0,71.0,102.0,156.0,159.0,165.0,251.0,353.0,355.0,466.0,475.0,487.0,501.0,505.0,658.0,702.0,767.0,782.0,808.0,815.0,827.0,830.0,861.0,878.0,896.0,907.0,920.0,961.0,965.0,965.0,988.0,
19.0,42.0,55.0,64.0,96.0,107.0,109.0,131.0,142.0,156.0,193.0,205.0,263.0,272.0,291.0,293.0,308.0,323.0,364.0,372.0,397.0,485.0,511.0,
8.0,14.0,23.0,42.0,159.0,196.0,196.0,209.0,247.0,256.0,301.0,368.0,370.0,386.0,388.0,390.0,396.0,414.0,453.0,468.0,479.0,487.0,490.0,807.0,823.0,909.0,927.0,
3.0,103.0,143.0,183.0,188.0,192.0,206.0,246.0,277.0,339.0,353.0,360.0,381.0,410.0,418.0,429.0,438.0,456.0,481.0,504.0,781.0,832.0,836.0,838.0,888.0,911.0,
37.0,46.0,46.0,76.0,125.0,131.0,150.0,204.0,306.0,346.0,354.0,365.0,371.0,415.0,419.0,423.0,427.0,456.0,878.0,947.0,
56.0,80.0,84.0,105.0,122.0,132.0,149.0,191.0,211.0,218.0,247.0,312.0,356.0,362.0,396.0,447.0,469.0,790.0,806.0,879.0,941.0,966.0,
46.0,55.0,75.0,104.0,114.0,154.0,264.0,264.0,271.0,301.0,346.0,409.0,420.0,438.0,444.0,465.0,471.0,
26.0,33.0,59.0,81.0,83.0,115.0,150.0,170.0,172.0,238.0,270.0,272.0,290.0,319.0,327.0,332.0,353.0,364.0,431.0,
6.0,12.0,42.0,61.0,65.0,78.0,89.0,178.0,197.0,200.0,324.0,339.0,368.0,385.0,411.0,444.0,460.0,479.0,480.0,502.0,503.0,730.0,732.0,737.0,780.0,783.0,789.0,801.0,860.0,871.0,902.0,922.0,969.0,
185.0,222.0,229.0,245.0,313.0,342.0,348.0,378.0,385.0,410.0,440.0,448.0,499.0,515.0,516.0,535.0,577.0,589.0,608.0,613.0,656.0,674.0,701.0,719.0,744.0,774.0,796.0,840.0,842.0,891.0,895.0,907.0,925.0,934.0,952.0,975.0,987.0,
48.0,83.0,98.0,104.0,168.0,181.0,266.0,280.0,318.0,331.0,340.0,348.0,352.0,376.0,377.0,409.0,413.0,448.0,458.0,699.0,790.0,893.0,920.0,923.0,946.0,
20.0,20.0,91.0,95.0,216.0,249.0,304.0,306.0,351.0,352.0,373.0,388.0,390.0,422.0,435.0,436.0,439.0,441.0,
9.0,19.0,38.0,48.0,49.0,92.0,149.0,152.0,165.0,180.0,183.0,200.0,227.0,236.0,274.0,310.0,354.0,355.0,379.0,414.0,427.0,810.0,839.0,878.0,
33.0,35.0,53.0,107.0,125.0,148.0,155.0,188.0,188.0,222.0,231.0,293.0,344.0,358.0,424.0,430.0,437.0,489.0,500.0,785.0,819.0,869.0,874.0,969.0,
4.0,18.0,26.0,84.0,118.0,130.0,164.0,224.0,231.0,242.0,267.0,269.0,327.0,329.0,338.0,416.0,431.0,436.0,439.0,445.0,465.0,484.0,895.0,952.0,963.0,
116.0,155.0,181.0,227.0,268.0,276.0,278.0,301.0,318.0,347.0,367.0,392.0,416.0,472.0,892.0,931.0,961.0,972.0,
18.0,139.0,149.0,158.0,189.0,198.0,203.0,214.0,221.0,235.0,240.0,259.0,330.0,339.0,344.0,346.0,363.0,379.0,405.0,441.0,455.0,857.0,998.0,
26.0,92.0,190.0,210.0,239.0,262.0,270.0,287.0,290.0,430.0,440.0,466.0,467.0,474.0,475.0,504.0,
13.0,40.0,85.0,126.0,166.0,210.0,231.0,236.0,239.0,248.0,388.0,403.0,406.0,411.0,420.0,448.0,493.0,750.0,769.0,787.0,879.0,908.0,917.0,937.0,941.0,994.0,
28.0,60.0,74.0,96.0,131.0,148.0,153.0,201.0,215.0,242.0,262.0,313.0,354.0,360.0,361.0,372.0,373.0,394.0,403.0,407.0,410.0,416.0,433.0,443.0,456.0,466.0,530.0,531.0,576.0,604.0,628.0,647.0,652.0,699.0,713.0,724.0,725.0,725.0,728.0,735.0,741.0,829.0,831.0,858.0,866.0,881.0,886.0,888.0,890.0,915.0,979.0,
50.0,70.0,75.0,114.0,136.0,157.0,162.0,209.0,211.0,222.0,224.0,263.0,264.0,278.0,285.0,290.0,342.0,406.0,419.0,450.0,486.0,495.0,502.0,853.0,959.0,965.0,
3.0,7.0,9.0,13.0,100.0,156.0,157.0,190.0,214.0,255.0,280.0,292.0,306.0,315.0,341.0,343.0,398.0,419.0,439.0,447.0,486.0,
66.0,114.0,125.0,128.0,142.0,191.0,210.0,238.0,250.0,287.0,297.0,343.0,346.0,379.0,384.0,800.0,861.0,947.0,954.0,
16.0,25.0,182.0,212.0,213.0,219.0,272.0,331.0,337.0,343.0,385.0,488.0,790.0,805.0,840.0,876.0,951.0,956.0,
219.0,257.0,274.0,278.0,285.0,344.0,376.0,412.0,433.0,440.0,498.0,839.0,918.0,
12.0,14.0,22.0,58.0,69.0,113.0,145.0,166.0,206.0,215.0,267.0,275.0,283.0,318.0,355.0,357.0,384.0,401.0,409.0,486.0,915.0,947.0,978.0,987.0,
24.0,46.0,56.0,154.0,218.0,280.0,293.0,296.0,299.0,363.0,401.0,428.0,439.0,456.0,490.0,759.0,913.0,949.0,984.0,
11.0,69.0,74.0,108.0,120.0,157.0,196.0,228.0,231.0,235.0,238.0,248.0,267.0,297.0,330.0,346.0,348.0,366.0,413.0,414.0,460.0,472.0,492.0,492.0,926.0,
71.0,80.0,159.0,233.0,261.0,274.0,287.0,288.0,297.0,301.0,404.0,422.0,429.0,454.0,480.0,490.0,815.0,
5.0,16.0,33.0,89.0,122.0,124.0,159.0,166.0,249.0,281.0,285.0,295.0,298.0,298.0,330.0,372.0,375.0,402.0,458.0,480.0,490.0,537.0,571.0,571.0,626.0,654.0,669.0,704.0,707.0,727.0,754.0,762.0,771.0,828.0,835.0,859.0,872.0,873.0,876.0,891.0,905.0,946.0,964.0,986.0,
89.0,91.0,101.0,148.0,151.0,164.0,166.0,172.0,202.0,205.0,237.0,243.0,263.0,312.0,321.0,380.0,421.0,443.0,465.0,481.0,492.0,494.0,703.0,773.0,
12.0,21.0,36.0,41.0,67.0,69.0,92.0,131.0,150.0,159.0,207.0,244.0,262.0,272.0,287.0,312.0,339.0,360.0,428.0,504.0,
4.0,52.0,60.0,88.0,96.0,111.0,156.0,243.0,271.0,281.0,339.0,361.0,362.0,389.0,415.0,415.0,443.0,733.0,800.0,806.0,849.0,854.0,876.0,909.0,933.0,968.0,
5.0,11.0,15.0,36.0,55.0,85.0,94.0,264.0,277.0,329.0,374.0,397.0,425.0,438.0,743.0,788.0,901.0,912.0,
6.0,39.0,104.0,111.0,131.0,131.0,145.0,157.0,167.0,205.0,228.0,333.0,362.0,364.0,396.0,416.0,463.0,470.0,473.0,474.0,974.0,992.0,
68.0,71.0,82.0,94.0,139.0,160.0,160.0,229.0,277.0,296.0,312.0,333.0,346.0,365.0,375.0,377.0,377.0,393.0,406.0,426.0,441.0,748.0,873.0,
86.0,125.0,151.0,173.0,180.0,199.0,233.0,272.0,407.0,419.0,441.0,452.0,463.0,476.0,477.0,870.0,
57.0,152.0,168.0,183.0,258.0,267.0,279.0,284.0,289.0,406.0,425.0,431.0,452.0,484.0,
3.0,45.0,58.0,68.0,108.0,121.0,155.0,161.0,171.0,239.0,252.0,284.0,304.0,309.0,312.0,327.0,335.0,375.0,389.0,460.0,465.0,500.0,501.0,734.0,741.0,766.0,839.0,853.0,922.0,993.0,
76.0,85.0,108.0,111.0,114.0,118.0,141.0,213.0,375.0,380.0,412.0,414.0,430.0,456.0,516.0,549.0,623.0,663.0,708.0,785.0,802.0,817.0,874.0,883.0,927.0,961.0,995.0,
3.0,55.0,69.0,79.0,82.0,114.0,129.0,153.0,212.0,213.0,216.0,240.0,282.0,298.0,328.0,418.0,418.0,440.0,444.0,454.0,503.0,586.0,589.0,641.0,687.0,827.0,838.0,861.0,896.0,938.0,960.0,971.0,
40.0,47.0,93.0,121.0,158.0,215.0,225.0,248.0,276.0,367.0,382.0,420.0,431.0,457.0,482.0,484.0,507.0,
33.0,47.0,72.0,114.0,138.0,150.0,177.0,190.0,202.0,219.0,230.0,284.0,285.0,300.0,317.0,382.0,387.0,399.0,434.0,437.0,452.0,455.0,475.0,809.0,
8.0,66.0,162.0,179.0,243.0,252.0,256.0,297.0,327.0,336.0,352.0,406.0,423.0,423.0,440.0,467.0,489.0,764.0,797.0,832.0,903.0,919.0,932.0,947.0,
3.0,66.0,111.0,129.0,178.0,181.0,221.0,278.0,278.0,300.0,333.0,360.0,393.0,410.0,427.0,428.0,443.0,453.0,479.0,481.0,741.0,754.0,754.0,869.0,890.0,959.0,967.0,992.0,
17.0,26.0,29.0,38.0,56.0,83.0,198.0,236.0,260.0,294.0,336.0,354.0,367.0,397.0,404.0,408.0,417.0,480.0,487.0,846.0,942.0,
119.0,120.0,157.0,258.0,334.0,363.0,374.0,380.0,398.0,451.0,840.0,991.0,
40.0,48.0,112.0,120.0,143.0,182.0,184.0,262.0,263.0,274.0,294.0,321.0,344.0,
25.0,34.0,44.0,199.0,214.0,226.0,234.0,235.0,244.0,246.0,249.0,253.0,261.0,272.0,302.0,321.0,365.0,398.0,434.0,449.0,454.0,475.0,494.0,581.0,591.0,680.0,718.0,773.0,773.0,836.0,849.0,894.0,894.0,967.0,987.0,
18.0,25.0,40.0,45.0,47.0,50.0,54.0,140.0,175.0,191.0,210.0,213.0,221.0,221.0,241.0,284.0,293.0,304.0,347.0,373.0,392.0,394.0,409.0,451.0,506.0,534.0,547.0,554.0,570.0,577.0,588.0,590.0,663.0,724.0,750.0,761.0,767.0,798.0,907.0,915.0,947.0,978.0,996.0,997.0,
11.0,82.0,103.0,111.0,239.0,427.0,430.0,447.0,452.0,507.0,513.0,523.0,556.0,565.0,572.0,573.0,584.0,608.0,644.0,667.0,678.0,694.0,708.0,715.0,719.0,728.0,773.0,797.0,806.0,813.0,834.0,836.0,886.0,946.0,961.0,979.0,985.0,988.0,989.0,
78.0,100.0,107.0,107.0,183.0,189.0,193.0,211.0,220.0,313.0,325.0,327.0,338.0,361.0,444.0,480.0,499.0,506.0,509.0,635.0,671.0,686.0,694.0,734.0,765.0,805.0,817.0,858.0,922.0,
39.0,56.0,90.0,106.0,129.0,137.0,154.0,179.0,210.0,259.0,272.0,285.0,286.0,297.0,304.0,333.0,351.0,363.0,374.0,399.0,431.0,455.0,457.0,457.0,462.0,491.0,
52.0,181.0,199.0,231.0,272.0,304.0,319.0,324.0,337.0,354.0,358.0,378.0,427.0,434.0,481.0,484.0,496.0,
46.0,59.0,64.0,80.0,93.0,174.0,179.0,188.0,215.0,221.0,223.0,261.0,267.0,320.0,386.0,387.0,401.0,402.0,441.0,460.0,494.0,
11.0,28.0,50.0,151.0,155.0,175.0,251.0,339.0,372.0,418.0,435.0,442.0,445.0,468.0,
2.0,20.0,31.0,42.0,47.0,125.0,147.0,191.0,208.0,245.0,255.0,275.0,276.0,327.0,353.0,356.0,379.0,387.0,430.0,445.0,447.0,503.0,
3.0,4.0,52.0,144.0,174.0,178.0,182.0,186.0,256.0,269.0,342.0,347.0,358.0,418.0,424.0,448.0,496.0,505.0,628.0,712.0,939.0,958.0,969.0,
20.0,28.0,151.0,200.0,208.0,224.0,226.0,238.0,251.0,253.0,275.0,324.0,399.0,400.0,433.0,436.0,465.0,486.0,512.0,535.0,579.0,593.0,599.0,601.0,653.0,659.0,686.0,687.0,689.0,736.0,760.0,773.0,779.0,786.0,786.0,786.0,788.0,803.0,808.0,823.0,827.0,856.0,856.0,860.0,884.0,941.0,980.0,988.0,
5.0,5.0,22.0,25.0,27.0,58.0,113.0,132.0,145.0,165.0,183.0,183.0,239.0,255.0,282.0,294.0,295.0,304.0,393.0,442.0,507.0,553.0,682.0,699.0,701.0,766.0,809.0,821.0,849.0,891.0,905.0,955.0,958.0,
54.0,61.0,71.0,90.0,129.0,138.0,145.0,184.0,189.0,226.0,238.0,246.0,250.0,310.0,314.0,402.0,431.0,456.0,461.0,489.0,500.0,546.0,558.0,590.0,598.0,606.0,641.0,642.0,735.0,778.0,809.0,866.0,888.0,952.0,961.0,
29.0,29.0,49.0,80.0,100.0,119.0,191.0,239.0,268.0,290.0,341.0,385.0,405.0,465.0,548.0,574.0,613.0,653.0,661.0,669.0,679.0,706.0,712.0,739.0,755.0,761.0,778.0,778.0,820.0,866.0,866.0,874.0,934.0,951.0,
29.0,33.0,75.0,101.0,123.0,309.0,337.0,382.0,396.0,409.0,441.0,446.0,472.0,510.0,582.0,603.0,609.0,753.0,773.0,793.0,824.0,827.0,865.0,909.0,920.0,948.0,962.0,991.0,
79.0,114.0,158.0,180.0,197.0,202.0,223.0,253.0,319.0,340.0,361.0,410.0,425.0,463.0,492.0,753.0,843.0,879.0,946.0,974.0,
85.0,91.0,111.0,114.0,117.0,117.0,135.0,147.0,152.0,160.0,196.0,230.0,238.0,252.0,330.0,346.0,378.0,394.0,478.0,489.0,751.0,803.0,944.0,
94.0,144.0,171.0,176.0,182.0,194.0,199.0,199.0,202.0,204.0,211.0,228.0,234.0,250.0,271.0,299.0,311.0,344.0,390.0,431.0,433.0,450.0,472.0,780.0,827.0,827.0,833.0,
9.0,106.0,109.0,110.0,120.0,148.0,191.0,285.0,288.0,310.0,314.0,358.0,393.0,396.0,403.0,450.0,454.0,470.0,517.0,624.0,631.0,657.0,658.0,662.0,677.0,678.0,708.0,740.0,744.0,768.0,803.0,840.0,863.0,869.0,892.0,923.0,979.0,994.0,
41.0,67.0,91.0,97.0,123.0,127.0,137.0,166.0,213.0,266.0,271.0,290.0,316.0,336.0,431.0,458.0,558.0,581.0,582.0,598.0,616.0,618.0,628.0,628.0,682.0,683.0,695.0,695.0,703.0,723.0,745.0,760.0,760.0,803.0,822.0,887.0,908.0,937.0,962.0,989.0,
108.0,127.0,176.0,180.0,180.0,188.0,196.0,209.0,245.0,248.0,250.0,286.0,288.0,334.0,394.0,425.0,430.0,483.0,508.0,532.0,546.0,579.0,622.0,635.0,673.0,721.0,733.0,787.0,788.0,801.0,813.0,824.0,855.0,973.0,994.0,
