22.0,87.0,89.0,132.0,164.0,172.0,245.0,247.0,274.0,300.0,341.0,357.0,359.0,393.0,408.0,416.0,424.0,454.0,461.0,474.0,488.0,495.0,537.0,549.0,576.0,640.0,682.0,686.0,701.0,710.0,725.0,727.0,816.0,840.0,850.0,857.0,886.0,891.0,904.0,923.0,
8.0,19.0,26.0,39.0,81.0,143.0,153.0,154.0,197.0,263.0,279.0,280.0,355.0,379.0,421.0,433.0,488.0,499.0,520.0,521.0,599.0,603.0,630.0,639.0,672.0,691.0,727.0,758.0,780.0,804.0,881.0,936.0,967.0,
77.0,82.0,125.0,171.0,195.0,240.0,296.0,306.0,309.0,320.0,348.0,353.0,437.0,482.0,514.0,525.0,535.0,563.0,619.0,635.0,668.0,698.0,734.0,754.0,764.0,776.0,839.0,858.0,881.0,899.0,944.0,967.0,981.0,
19.0,75.0,99.0,126.0,142.0,160.0,175.0,195.0,198.0,206.0,238.0,262.0,288.0,315.0,333.0,375.0,420.0,426.0,432.0,435.0,439.0,447.0,455.0,492.0,502.0,518.0,533.0,557.0,609.0,625.0,647.0,677.0,690.0,697.0,702.0,711.0,721.0,730.0,757.0,765.0,798.0,804.0,848.0,848.0,859.0,890.0,910.0,985.0,990.0,
103.0,103.0,106.0,117.0,121.0,176.0,184.0,235.0,328.0,355.0,366.0,530.0,534.0,578.0,581.0,587.0,601.0,607.0,672.0,686.0,686.0,742.0,769.0,812.0,818.0,822.0,826.0,854.0,857.0,865.0,873.0,907.0,907.0,943.0,981.0,
9.0,20.0,134.0,172.0,221.0,261.0,271.0,273.0,311.0,347.0,398.0,403.0,409.0,420.0,487.0,513.0,534.0,542.0,546.0,565.0,594.0,597.0,600.0,609.0,631.0,638.0,653.0,677.0,708.0,735.0,742.0,783.0,795.0,796.0,804.0,815.0,822.0,891.0,902.0,923.0,931.0,938.0,940.0,949.0,966.0,
39.0,40.0,45.0,51.0,55.0,56.0,73.0,81.0,82.0,101.0,123.0,124.0,145.0,221.0,296.0,318.0,334.0,337.0,357.0,406.0,424.0,443.0,460.0,468.0,557.0,566.0,590.0,684.0,691.0,738.0,786.0,799.0,819.0,822.0,834.0,854.0,894.0,905.0,914.0,932.0,984.0,
34.0,72.0,75.0,100.0,114.0,132.0,134.0,154.0,169.0,184.0,199.0,235.0,271.0,290.0,290.0,307.0,322.0,331.0,360.0,361.0,427.0,443.0,515.0,516.0,572.0,584.0,616.0,644.0,663.0,696.0,709.0,731.0,740.0,745.0,769.0,780.0,793.0,805.0,865.0,872.0,902.0,923.0,934.0,947.0,951.0,951.0,989.0,991.0,
25.0,29.0,47.0,117.0,132.0,157.0,170.0,207.0,219.0,225.0,271.0,336.0,401.0,432.0,433.0,438.0,443.0,513.0,515.0,523.0,579.0,609.0,623.0,691.0,722.0,722.0,749.0,840.0,862.0,864.0,886.0,892.0,909.0,921.0,931.0,960.0,964.0,974.0,977.0,979.0,986.0,
90.0,166.0,180.0,185.0,220.0,222.0,255.0,277.0,303.0,317.0,359.0,468.0,484.0,521.0,521.0,583.0,609.0,620.0,624.0,631.0,656.0,662.0,684.0,712.0,718.0,720.0,753.0,786.0,849.0,849.0,863.0,866.0,873.0,880.0,958.0,968.0,
5.0,19.0,55.0,126.0,158.0,175.0,214.0,262.0,273.0,290.0,331.0,337.0,339.0,347.0,469.0,471.0,514.0,517.0,517.0,538.0,544.0,615.0,624.0,653.0,691.0,703.0,759.0,768.0,809.0,859.0,861.0,887.0,923.0,926.0,944.0,991.0,
2.0,11.0,27.0,31.0,38.0,40.0,85.0,137.0,215.0,255.0,283.0,296.0,298.0,342.0,499.0,531.0,614.0,624.0,656.0,690.0,708.0,709.0,739.0,740.0,753.0,758.0,767.0,783.0,792.0,801.0,877.0,881.0,963.0,966.0,982.0,999.0,
23.0,52.0,60.0,73.0,82.0,159.0,188.0,188.0,255.0,272.0,334.0,344.0,344.0,345.0,366.0,401.0,420.0,438.0,444.0,455.0,501.0,539.0,582.0,583.0,607.0,620.0,639.0,639.0,641.0,653.0,657.0,660.0,695.0,728.0,757.0,761.0,769.0,773.0,788.0,790.0,805.0,833.0,849.0,918.0,959.0,969.0,978.0,984.0,989.0,
17.0,20.0,34.0,49.0,52.0,92.0,112.0,176.0,211.0,287.0,303.0,304.0,360.0,367.0,377.0,427.0,439.0,462.0,514.0,563.0,589.0,614.0,616.0,665.0,684.0,705.0,732.0,744.0,768.0,806.0,814.0,819.0,832.0,871.0,884.0,890.0,896.0,897.0,926.0,927.0,936.0,950.0,980.0,981.0,991.0,
43.0,92.0,115.0,117.0,176.0,223.0,245.0,331.0,334.0,343.0,347.0,359.0,361.0,369.0,384.0,393.0,422.0,436.0,698.0,706.0,833.0,837.0,938.0,
6.0,15.0,53.0,81.0,136.0,154.0,189.0,217.0,262.0,306.0,342.0,397.0,406.0,457.0,459.0,498.0,889.0,909.0,994.0,
63.0,78.0,112.0,115.0,236.0,263.0,275.0,316.0,319.0,395.0,395.0,402.0,409.0,428.0,765.0,769.0,846.0,846.0,915.0,982.0,
72.0,77.0,117.0,130.0,133.0,146.0,149.0,173.0,175.0,249.0,249.0,267.0,269.0,284.0,318.0,326.0,341.0,365.0,387.0,388.0,414.0,454.0,574.0,649.0,781.0,801.0,808.0,848.0,851.0,860.0,877.0,899.0,952.0,990.0,
4.0,27.0,30.0,113.0,115.0,201.0,220.0,223.0,238.0,243.0,246.0,363.0,396.0,397.0,469.0,469.0,490.0,532.0,631.0,670.0,683.0,774.0,789.0,795.0,801.0,821.0,824.0,830.0,837.0,901.0,936.0,970.0,
62.0,98.0,98.0,103.0,186.0,186.0,212.0,304.0,328.0,413.0,428.0,500.0,530.0,534.0,541.0,547.0,566.0,672.0,693.0,745.0,758.0,781.0,788.0,804.0,817.0,881.0,910.0,936.0,945.0,
36.0,61.0,127.0,130.0,145.0,211.0,215.0,217.0,234.0,266.0,322.0,354.0,410.0,435.0,447.0,454.0,465.0,541.0,560.0,578.0,579.0,587.0,588.0,676.0,684.0,692.0,703.0,721.0,733.0,757.0,773.0,775.0,822.0,866.0,879.0,887.0,900.0,921.0,925.0,930.0,949.0,954.0,979.0,997.0,
17.0,70.0,85.0,104.0,167.0,190.0,238.0,276.0,294.0,303.0,312.0,327.0,335.0,367.0,383.0,425.0,451.0,491.0,498.0,526.0,536.0,546.0,600.0,611.0,661.0,665.0,676.0,722.0,725.0,745.0,791.0,794.0,816.0,840.0,849.0,877.0,896.0,912.0,917.0,944.0,952.0,959.0,981.0,985.0,
26.0,35.0,41.0,99.0,111.0,121.0,132.0,168.0,172.0,191.0,205.0,212.0,240.0,240.0,263.0,292.0,302.0,323.0,330.0,379.0,438.0,438.0,473.0,475.0,488.0,681.0,717.0,817.0,822.0,892.0,947.0,981.0,990.0,990.0,
29.0,31.0,31.0,55.0,63.0,105.0,143.0,158.0,184.0,210.0,228.0,232.0,238.0,245.0,328.0,338.0,343.0,397.0,452.0,462.0,504.0,
6.0,72.0,116.0,133.0,141.0,167.0,276.0,278.0,295.0,309.0,320.0,339.0,344.0,359.0,403.0,409.0,411.0,447.0,488.0,504.0,
5.0,39.0,58.0,72.0,73.0,96.0,100.0,101.0,105.0,126.0,147.0,157.0,166.0,178.0,215.0,223.0,242.0,309.0,316.0,329.0,410.0,422.0,953.0,
43.0,116.0,117.0,125.0,146.0,162.0,177.0,189.0,219.0,233.0,237.0,263.0,286.0,321.0,326.0,337.0,337.0,341.0,362.0,406.0,469.0,470.0,470.0,492.0,495.0,497.0,
29.0,65.0,70.0,121.0,122.0,142.0,216.0,235.0,257.0,258.0,275.0,342.0,346.0,362.0,388.0,407.0,424.0,433.0,434.0,481.0,491.0,497.0,506.0,509.0,
19.0,32.0,76.0,91.0,189.0,222.0,247.0,301.0,326.0,364.0,379.0,381.0,437.0,442.0,507.0,510.0,695.0,697.0,771.0,810.0,884.0,955.0,960.0,965.0,967.0,969.0,974.0,
15.0,20.0,58.0,81.0,92.0,103.0,141.0,155.0,191.0,195.0,212.0,214.0,286.0,289.0,322.0,381.0,397.0,468.0,499.0,503.0,586.0,588.0,588.0,589.0,589.0,597.0,606.0,632.0,652.0,655.0,689.0,711.0,712.0,729.0,732.0,741.0,746.0,755.0,757.0,765.0,787.0,816.0,818.0,881.0,905.0,928.0,939.0,970.0,973.0,994.0,
31.0,65.0,79.0,162.0,191.0,253.0,259.0,271.0,271.0,289.0,289.0,302.0,303.0,313.0,329.0,350.0,359.0,419.0,424.0,534.0,548.0,600.0,643.0,670.0,686.0,695.0,699.0,712.0,730.0,737.0,765.0,765.0,769.0,801.0,825.0,847.0,859.0,859.0,900.0,939.0,969.0,970.0,981.0,
4.0,33.0,57.0,68.0,73.0,79.0,82.0,85.0,88.0,114.0,126.0,153.0,179.0,211.0,214.0,229.0,239.0,304.0,321.0,326.0,343.0,370.0,431.0,462.0,465.0,495.0,644.0,791.0,795.0,835.0,856.0,898.0,911.0,959.0,975.0,
22.0,109.0,129.0,141.0,214.0,273.0,304.0,353.0,372.0,415.0,425.0,493.0,511.0,
56.0,60.0,71.0,114.0,116.0,135.0,198.0,219.0,256.0,281.0,329.0,379.0,383.0,439.0,463.0,474.0,501.0,509.0,921.0,960.0,
24.0,46.0,46.0,107.0,176.0,179.0,242.0,253.0,269.0,291.0,296.0,310.0,336.0,346.0,420.0,434.0,481.0,794.0,806.0,856.0,
5.0,7.0,21.0,23.0,106.0,115.0,173.0,202.0,238.0,244.0,250.0,251.0,256.0,291.0,374.0,374.0,416.0,454.0,459.0,478.0,485.0,822.0,835.0,999.0,
20.0,26.0,107.0,154.0,224.0,245.0,250.0,268.0,282.0,303.0,324.0,331.0,358.0,365.0,499.0,505.0,505.0,839.0,849.0,911.0,954.0,962.0,971.0,
8.0,14.0,24.0,63.0,74.0,77.0,138.0,139.0,196.0,204.0,213.0,226.0,236.0,254.0,256.0,267.0,277.0,306.0,366.0,367.0,375.0,390.0,411.0,450.0,465.0,471.0,493.0,820.0,879.0,903.0,
79.0,108.0,160.0,175.0,188.0,217.0,228.0,258.0,287.0,319.0,417.0,430.0,450.0,464.0,470.0,489.0,
2.0,59.0,75.0,95.0,126.0,132.0,136.0,141.0,148.0,174.0,222.0,236.0,238.0,248.0,300.0,313.0,333.0,346.0,435.0,473.0,479.0,519.0,696.0,754.0,789.0,794.0,800.0,829.0,837.0,926.0,927.0,939.0,946.0,
7.0,62.0,95.0,96.0,124.0,181.0,198.0,222.0,291.0,307.0,332.0,385.0,429.0,443.0,444.0,491.0,497.0,508.0,678.0,681.0,692.0,739.0,780.0,790.0,815.0,868.0,869.0,872.0,874.0,899.0,918.0,938.0,945.0,973.0,
6.0,9.0,57.0,85.0,93.0,112.0,156.0,171.0,179.0,180.0,197.0,207.0,266.0,272.0,279.0,324.0,379.0,395.0,425.0,456.0,469.0,504.0,810.0,988.0,
23.0,35.0,59.0,62.0,63.0,77.0,101.0,104.0,153.0,166.0,168.0,193.0,262.0,269.0,284.0,285.0,298.0,325.0,346.0,347.0,359.0,370.0,412.0,421.0,424.0,438.0,448.0,467.0,
19.0,78.0,145.0,176.0,255.0,286.0,312.0,340.0,341.0,361.0,485.0,499.0,751.0,992.0,
5.0,20.0,26.0,50.0,129.0,169.0,259.0,340.0,345.0,365.0,406.0,420.0,427.0,446.0,488.0,789.0,833.0,977.0,
40.0,53.0,57.0,89.0,91.0,162.0,208.0,218.0,233.0,273.0,277.0,318.0,407.0,412.0,418.0,429.0,489.0,
44.0,53.0,61.0,79.0,92.0,124.0,133.0,173.0,183.0,225.0,250.0,256.0,269.0,279.0,285.0,298.0,313.0,314.0,315.0,342.0,369.0,386.0,401.0,411.0,457.0,492.0,499.0,725.0,829.0,
6.0,38.0,60.0,80.0,103.0,113.0,164.0,180.0,193.0,246.0,265.0,281.0,299.0,303.0,375.0,408.0,458.0,860.0,872.0,899.0,991.0,
33.0,48.0,58.0,65.0,74.0,110.0,243.0,245.0,257.0,281.0,286.0,306.0,310.0,336.0,341.0,347.0,360.0,381.0,385.0,473.0,474.0,485.0,485.0,485.0,508.0,509.0,
101.0,126.0,136.0,169.0,181.0,231.0,296.0,327.0,330.0,332.0,344.0,350.0,382.0,397.0,419.0,481.0,680.0,810.0,867.0,868.0,965.0,
52.0,76.0,88.0,100.0,131.0,134.0,238.0,239.0,250.0,271.0,300.0,336.0,392.0,430.0,466.0,475.0,479.0,499.0,521.0,561.0,606.0,644.0,690.0,708.0,746.0,749.0,782.0,794.0,798.0,818.0,825.0,828.0,831.0,835.0,844.0,865.0,871.0,879.0,894.0,937.0,967.0,970.0,
18.0,24.0,24.0,119.0,125.0,153.0,294.0,297.0,336.0,364.0,387.0,395.0,437.0,473.0,832.0,835.0,841.0,924.0,961.0,971.0,
17.0,67.0,82.0,89.0,106.0,163.0,182.0,201.0,226.0,370.0,426.0,427.0,451.0,495.0,507.0,
6.0,36.0,42.0,109.0,120.0,129.0,152.0,153.0,173.0,185.0,235.0,241.0,243.0,293.0,299.0,308.0,315.0,323.0,361.0,364.0,408.0,848.0,877.0,925.0,935.0,
45.0,48.0,89.0,104.0,134.0,148.0,186.0,209.0,209.0,216.0,254.0,263.0,275.0,308.0,370.0,393.0,396.0,402.0,453.0,469.0,778.0,874.0,992.0,
12.0,20.0,21.0,34.0,40.0,90.0,96.0,120.0,197.0,198.0,240.0,277.0,280.0,303.0,334.0,339.0,478.0,798.0,
27.0,41.0,77.0,81.0,85.0,115.0,148.0,163.0,171.0,247.0,267.0,275.0,302.0,411.0,471.0,776.0,827.0,885.0,892.0,919.0,
56.0,68.0,187.0,229.0,234.0,267.0,268.0,294.0,297.0,304.0,332.0,353.0,372.0,394.0,400.0,437.0,487.0,872.0,987.0,
14.0,18.0,20.0,28.0,58.0,64.0,91.0,102.0,134.0,144.0,156.0,174.0,175.0,187.0,194.0,235.0,264.0,265.0,285.0,332.0,353.0,374.0,425.0,427.0,451.0,460.0,
4.0,14.0,41.0,96.0,98.0,159.0,207.0,225.0,247.0,310.0,340.0,347.0,356.0,415.0,417.0,443.0,452.0,457.0,492.0,852.0,898.0,929.0,
40.0,109.0,109.0,116.0,219.0,229.0,237.0,276.0,283.0,315.0,328.0,350.0,369.0,394.0,401.0,497.0,499.0,501.0,503.0,517.0,610.0,639.0,647.0,653.0,748.0,748.0,763.0,774.0,824.0,826.0,867.0,877.0,910.0,934.0,950.0,959.0,964.0,975.0,1000.0,
44.0,70.0,77.0,114.0,115.0,122.0,122.0,123.0,134.0,144.0,181.0,215.0,237.0,255.0,312.0,320.0,322.0,428.0,474.0,840.0,865.0,874.0,
7.0,19.0,19.0,20.0,60.0,62.0,71.0,82.0,101.0,109.0,132.0,169.0,182.0,190.0,194.0,233.0,235.0,267.0,319.0,364.0,365.0,405.0,407.0,428.0,436.0,477.0,
44.0,50.0,51.0,91.0,116.0,136.0,189.0,223.0,260.0,260.0,271.0,272.0,348.0,384.0,387.0,395.0,449.0,450.0,452.0,478.0,806.0,813.0,932.0,
5.0,19.0,127.0,137.0,187.0,222.0,242.0,250.0,268.0,304.0,324.0,327.0,337.0,361.0,395.0,421.0,458.0,491.0,772.0,779.0,829.0,953.0,996.0,
33.0,45.0,80.0,98.0,151.0,157.0,186.0,206.0,214.0,320.0,472.0,482.0,496.0,508.0,792.0,804.0,
18.0,47.0,64.0,69.0,96.0,120.0,223.0,225.0,248.0,248.0,259.0,271.0,299.0,307.0,310.0,343.0,390.0,425.0,446.0,748.0,899.0,990.0,
29.0,31.0,60.0,62.0,71.0,133.0,216.0,240.0,254.0,279.0,292.0,312.0,340.0,353.0,366.0,407.0,412.0,426.0,485.0,502.0,503.0,809.0,900.0,911.0,997.0,
35.0,51.0,58.0,101.0,146.0,147.0,206.0,225.0,235.0,237.0,293.0,355.0,376.0,420.0,450.0,471.0,474.0,
25.0,100.0,112.0,123.0,134.0,138.0,140.0,149.0,154.0,232.0,271.0,273.0,283.0,299.0,355.0,387.0,412.0,429.0,453.0,456.0,461.0,755.0,838.0,887.0,888.0,914.0,954.0,959.0,967.0,985.0,
41.0,50.0,63.0,86.0,111.0,132.0,143.0,147.0,169.0,287.0,301.0,332.0,357.0,395.0,409.0,428.0,435.0,443.0,450.0,456.0,473.0,513.0,528.0,575.0,597.0,611.0,619.0,652.0,659.0,678.0,689.0,723.0,745.0,751.0,773.0,837.0,854.0,861.0,876.0,925.0,953.0,
20.0,81.0,135.0,173.0,226.0,306.0,326.0,337.0,372.0,379.0,415.0,481.0,490.0,502.0,663.0,674.0,700.0,784.0,798.0,831.0,831.0,867.0,887.0,907.0,930.0,
15.0,28.0,35.0,50.0,119.0,147.0,152.0,170.0,212.0,215.0,221.0,224.0,234.0,263.0,301.0,337.0,357.0,381.0,428.0,431.0,464.0,472.0,490.0,504.0,
46.0,53.0,61.0,82.0,169.0,210.0,221.0,250.0,263.0,268.0,275.0,292.0,294.0,305.0,325.0,346.0,407.0,408.0,460.0,
31.0,74.0,137.0,149.0,152.0,160.0,231.0,353.0,427.0,484.0,897.0,969.0,988.0,994.0,
3.0,13.0,52.0,87.0,189.0,214.0,216.0,313.0,353.0,366.0,405.0,446.0,455.0,749.0,857.0,
42.0,97.0,109.0,114.0,129.0,188.0,204.0,213.0,223.0,255.0,283.0,335.0,358.0,415.0,479.0,500.0,765.0,795.0,858.0,998.0,
12.0,33.0,35.0,47.0,54.0,105.0,131.0,183.0,199.0,218.0,221.0,237.0,246.0,261.0,286.0,326.0,371.0,399.0,463.0,468.0,469.0,473.0,485.0,499.0,845.0,
37.0,145.0,190.0,208.0,289.0,299.0,300.0,329.0,370.0,413.0,427.0,448.0,456.0,504.0,
39.0,94.0,135.0,141.0,212.0,212.0,214.0,249.0,277.0,305.0,306.0,321.0,330.0,348.0,349.0,367.0,374.0,389.0,411.0,439.0,491.0,500.0,502.0,690.0,749.0,846.0,882.0,882.0,928.0,975.0,
11.0,21.0,26.0,31.0,42.0,51.0,54.0,88.0,96.0,129.0,154.0,164.0,174.0,177.0,222.0,243.0,282.0,310.0,314.0,343.0,376.0,428.0,448.0,487.0,502.0,504.0,518.0,523.0,528.0,578.0,598.0,697.0,722.0,734.0,752.0,771.0,897.0,914.0,944.0,956.0,966.0,987.0,
11.0,16.0,80.0,82.0,96.0,113.0,117.0,118.0,138.0,197.0,219.0,222.0,239.0,239.0,250.0,274.0,287.0,334.0,380.0,402.0,422.0,485.0,501.0,516.0,518.0,550.0,554.0,556.0,662.0,666.0,669.0,693.0,695.0,700.0,702.0,745.0,756.0,812.0,840.0,862.0,873.0,875.0,912.0,927.0,939.0,940.0,946.0,969.0,975.0,
29.0,66.0,141.0,197.0,215.0,225.0,292.0,295.0,324.0,351.0,399.0,403.0,504.0,622.0,802.0,973.0,990.0,
9.0,16.0,19.0,26.0,37.0,94.0,195.0,211.0,345.0,370.0,374.0,392.0,402.0,403.0,414.0,
29.0,31.0,60.0,65.0,78.0,85.0,122.0,277.0,307.0,351.0,358.0,453.0,460.0,477.0,482.0,486.0,509.0,
18.0,63.0,114.0,116.0,147.0,158.0,163.0,220.0,291.0,306.0,307.0,336.0,338.0,348.0,363.0,383.0,491.0,
16.0,56.0,99.0,100.0,109.0,119.0,143.0,159.0,170.0,218.0,233.0,274.0,293.0,361.0,486.0,489.0,
2.0,4.0,97.0,165.0,275.0,300.0,319.0,354.0,432.0,438.0,473.0,476.0,492.0,499.0,508.0,
20.0,77.0,95.0,97.0,107.0,113.0,140.0,142.0,217.0,267.0,309.0,327.0,331.0,352.0,357.0,374.0,375.0,384.0,413.0,462.0,467.0,478.0,481.0,507.0,720.0,733.0,837.0,864.0,869.0,917.0,928.0,956.0,968.0,978.0,987.0,
58.0,73.0,74.0,96.0,122.0,130.0,138.0,171.0,201.0,324.0,349.0,352.0,359.0,370.0,420.0,431.0,548.0,550.0,595.0,635.0,667.0,672.0,693.0,700.0,755.0,759.0,828.0,847.0,853.0,868.0,891.0,924.0,940.0,995.0,
58.0,70.0,72.0,148.0,166.0,174.0,234.0,249.0,250.0,263.0,294.0,300.0,301.0,304.0,317.0,334.0,367.0,399.0,475.0,479.0,502.0,506.0,540.0,598.0,620.0,628.0,662.0,708.0,711.0,713.0,750.0,755.0,788.0,832.0,837.0,845.0,859.0,915.0,934.0,982.0,999.0,
4.0,39.0,75.0,116.0,118.0,150.0,169.0,203.0,283.0,287.0,336.0,338.0,348.0,374.0,379.0,381.0,395.0,430.0,493.0,521.0,546.0,548.0,607.0,620.0,677.0,686.0,699.0,724.0,729.0,747.0,777.0,793.0,850.0,851.0,863.0,884.0,899.0,952.0,964.0,
9.0,11.0,14.0,55.0,73.0,127.0,145.0,229.0,268.0,272.0,309.0,317.0,351.0,359.0,371.0,381.0,386.0,390.0,397.0,480.0,531.0,569.0,616.0,619.0,674.0,687.0,727.0,833.0,847.0,862.0,881.0,893.0,905.0,934.0,943.0,981.0,984.0,
9.0,16.0,36.0,100.0,115.0,169.0,173.0,178.0,204.0,278.0,284.0,323.0,346.0,366.0,376.0,400.0,417.0,421.0,441.0,495.0,520.0,626.0,670.0,711.0,753.0,764.0,794.0,797.0,799.0,807.0,835.0,881.0,896.0,900.0,941.0,954.0,
111.0,122.0,155.0,197.0,266.0,325.0,351.0,382.0,386.0,399.0,405.0,424.0,444.0,459.0,494.0,689.0,820.0,
6.0,29.0,58.0,107.0,162.0,187.0,208.0,247.0,256.0,265.0,303.0,321.0,333.0,334.0,348.0,371.0,390.0,427.0,428.0,451.0,461.0,470.0,942.0,
18.0,38.0,57.0,64.0,78.0,105.0,145.0,161.0,175.0,183.0,260.0,273.0,288.0,354.0,401.0,453.0,486.0,505.0,698.0,736.0,830.0,916.0,928.0,
27.0,97.0,140.0,170.0,182.0,182.0,185.0,242.0,258.0,275.0,302.0,329.0,398.0,435.0,436.0,502.0,641.0,718.0,772.0,806.0,824.0,858.0,877.0,902.0,910.0,942.0,948.0,957.0,
21.0,36.0,36.0,54.0,62.0,90.0,105.0,198.0,199.0,275.0,305.0,342.0,369.0,407.0,444.0,453.0,465.0,474.0,481.0,499.0,502.0,538.0,634.0,642.0,652.0,658.0,684.0,686.0,706.0,722.0,727.0,728.0,790.0,792.0,815.0,817.0,820.0,838.0,857.0,858.0,858.0,859.0,863.0,871.0,878.0,890.0,903.0,916.0,921.0,940.0,945.0,946.0,964.0,968.0,984.0,
11.0,24.0,48.0,49.0,93.0,99.0,113.0,122.0,135.0,142.0,164.0,176.0,207.0,219.0,258.0,275.0,374.0,458.0,491.0,530.0,532.0,549.0,573.0,595.0,603.0,655.0,694.0,727.0,747.0,761.0,765.0,862.0,876.0,961.0,977.0,
