10.0,27.0,121.0,221.0,329.0,366.0,367.0,379.0,393.0,417.0,494.0,503.0,505.0,513.0,542.0,545.0,559.0,613.0,623.0,634.0,682.0,691.0,707.0,708.0,750.0,793.0,824.0,841.0,941.0,982.0,988.0,999.0,
57.0,87.0,105.0,146.0,213.0,219.0,222.0,257.0,258.0,264.0,295.0,304.0,358.0,366.0,402.0,440.0,464.0,563.0,620.0,645.0,672.0,693.0,736.0,779.0,847.0,914.0,970.0,978.0,991.0,
7.0,7.0,40.0,121.0,137.0,160.0,162.0,185.0,202.0,220.0,224.0,278.0,283.0,388.0,445.0,466.0,519.0,588.0,597.0,631.0,638.0,644.0,669.0,754.0,764.0,782.0,827.0,849.0,890.0,958.0,968.0,980.0,994.0,1000.0,
15.0,32.0,37.0,49.0,106.0,204.0,208.0,220.0,245.0,252.0,281.0,292.0,304.0,320.0,362.0,363.0,432.0,439.0,445.0,455.0,498.0,524.0,532.0,533.0,562.0,589.0,591.0,612.0,651.0,692.0,717.0,722.0,747.0,760.0,765.0,796.0,805.0,809.0,819.0,828.0,854.0,864.0,874.0,897.0,901.0,954.0,
5.0,134.0,183.0,184.0,202.0,206.0,224.0,226.0,273.0,293.0,297.0,396.0,415.0,455.0,460.0,497.0,500.0,536.0,544.0,559.0,586.0,604.0,612.0,614.0,621.0,632.0,635.0,695.0,726.0,765.0,778.0,804.0,805.0,825.0,836.0,837.0,837.0,860.0,861.0,867.0,872.0,929.0,932.0,991.0,
11.0,38.0,83.0,119.0,215.0,252.0,301.0,334.0,338.0,344.0,388.0,409.0,425.0,439.0,448.0,455.0,477.0,494.0,521.0,539.0,550.0,569.0,586.0,599.0,618.0,624.0,635.0,644.0,676.0,703.0,710.0,723.0,761.0,784.0,787.0,793.0,800.0,829.0,840.0,866.0,897.0,899.0,931.0,953.0,960.0,968.0,981.0,
2.0,23.0,38.0,192.0,216.0,252.0,255.0,282.0,308.0,327.0,353.0,406.0,409.0,429.0,437.0,514.0,524.0,589.0,596.0,604.0,627.0,629.0,654.0,656.0,657.0,671.0,672.0,706.0,720.0,733.0,764.0,769.0,800.0,809.0,846.0,869.0,881.0,920.0,921.0,921.0,935.0,
9.0,24.0,47.0,56.0,69.0,79.0,81.0,126.0,173.0,179.0,302.0,348.0,361.0,394.0,394.0,396.0,525.0,535.0,607.0,629.0,636.0,708.0,722.0,727.0,763.0,769.0,819.0,825.0,836.0,836.0,847.0,875.0,916.0,929.0,968.0,974.0,985.0,
20.0,61.0,107.0,110.0,127.0,135.0,139.0,148.0,158.0,167.0,216.0,218.0,220.0,229.0,284.0,329.0,340.0,378.0,425.0,448.0,464.0,575.0,614.0,616.0,617.0,625.0,649.0,651.0,662.0,675.0,676.0,681.0,699.0,703.0,718.0,718.0,773.0,805.0,809.0,931.0,
30.0,76.0,171.0,176.0,226.0,237.0,239.0,269.0,291.0,352.0,359.0,364.0,397.0,400.0,469.0,531.0,556.0,576.0,602.0,634.0,671.0,685.0,688.0,690.0,696.0,701.0,707.0,709.0,714.0,746.0,763.0,794.0,808.0,844.0,915.0,924.0,979.0,1000.0,
60.0,99.0,125.0,130.0,145.0,150.0,151.0,256.0,295.0,361.0,427.0,457.0,463.0,463.0,478.0,480.0,504.0,528.0,563.0,594.0,594.0,621.0,689.0,725.0,806.0,890.0,957.0,984.0,993.0,1000.0,
8.0,87.0,98.0,112.0,244.0,245.0,260.0,276.0,418.0,435.0,517.0,524.0,526.0,540.0,590.0,610.0,638.0,655.0,660.0,670.0,686.0,756.0,880.0,880.0,883.0,916.0,922.0,956.0,991.0,
5.0,31.0,50.0,76.0,78.0,112.0,139.0,144.0,173.0,216.0,240.0,291.0,298.0,333.0,354.0,376.0,381.0,429.0,435.0,449.0,452.0,472.0,486.0,492.0,498.0,538.0,622.0,636.0,672.0,679.0,686.0,703.0,775.0,797.0,835.0,864.0,871.0,903.0,907.0,947.0,953.0,971.0,
6.0,13.0,14.0,26.0,41.0,155.0,163.0,215.0,316.0,407.0,444.0,449.0,656.0,672.0,683.0,683.0,685.0,697.0,704.0,706.0,708.0,715.0,728.0,755.0,777.0,785.0,786.0,850.0,858.0,884.0,903.0,905.0,913.0,954.0,956.0,961.0,
60.0,81.0,99.0,108.0,140.0,193.0,232.0,236.0,301.0,339.0,341.0,356.0,361.0,394.0,418.0,455.0,456.0,467.0,816.0,822.0,834.0,967.0,
5.0,16.0,22.0,83.0,115.0,120.0,137.0,203.0,228.0,276.0,288.0,304.0,361.0,379.0,449.0,459.0,460.0,491.0,491.0,492.0,498.0,727.0,864.0,938.0,
20.0,42.0,105.0,140.0,147.0,195.0,238.0,252.0,264.0,342.0,356.0,358.0,360.0,383.0,398.0,453.0,495.0,502.0,512.0,736.0,752.0,768.0,804.0,849.0,859.0,919.0,976.0,
11.0,72.0,122.0,123.0,170.0,170.0,184.0,192.0,195.0,267.0,316.0,340.0,431.0,456.0,470.0,509.0,602.0,610.0,629.0,646.0,650.0,657.0,668.0,695.0,710.0,736.0,764.0,772.0,865.0,897.0,924.0,930.0,943.0,963.0,
5.0,67.0,100.0,139.0,142.0,148.0,155.0,187.0,218.0,244.0,285.0,299.0,321.0,343.0,371.0,401.0,437.0,448.0,470.0,573.0,592.0,601.0,608.0,630.0,632.0,637.0,652.0,662.0,677.0,678.0,756.0,781.0,832.0,846.0,873.0,877.0,882.0,902.0,929.0,934.0,975.0,
27.0,34.0,41.0,57.0,91.0,150.0,179.0,250.0,252.0,255.0,256.0,318.0,323.0,326.0,353.0,399.0,410.0,521.0,559.0,597.0,614.0,626.0,649.0,678.0,750.0,756.0,756.0,773.0,785.0,849.0,872.0,925.0,936.0,937.0,
13.0,129.0,181.0,195.0,196.0,199.0,222.0,225.0,234.0,262.0,434.0,482.0,493.0,507.0,509.0,548.0,593.0,599.0,626.0,662.0,681.0,690.0,702.0,705.0,748.0,755.0,781.0,801.0,837.0,866.0,870.0,898.0,917.0,918.0,953.0,957.0,
24.0,39.0,59.0,63.0,189.0,190.0,200.0,222.0,228.0,228.0,266.0,268.0,276.0,299.0,300.0,311.0,366.0,385.0,463.0,481.0,481.0,572.0,592.0,633.0,663.0,688.0,726.0,729.0,737.0,783.0,824.0,871.0,922.0,925.0,935.0,939.0,975.0,
18.0,21.0,28.0,61.0,79.0,81.0,108.0,118.0,140.0,154.0,161.0,218.0,233.0,244.0,305.0,311.0,347.0,347.0,362.0,369.0,387.0,388.0,393.0,429.0,443.0,470.0,492.0,502.0,685.0,716.0,726.0,759.0,762.0,767.0,856.0,857.0,902.0,929.0,948.0,978.0,978.0,996.0,
3.0,15.0,62.0,65.0,96.0,130.0,150.0,174.0,313.0,358.0,360.0,390.0,391.0,423.0,474.0,476.0,
6.0,19.0,25.0,63.0,134.0,162.0,187.0,189.0,209.0,237.0,239.0,245.0,271.0,285.0,319.0,354.0,372.0,376.0,390.0,395.0,412.0,436.0,
21.0,31.0,125.0,134.0,155.0,198.0,222.0,229.0,258.0,323.0,385.0,392.0,399.0,409.0,502.0,958.0,985.0,
17.0,25.0,42.0,67.0,79.0,82.0,86.0,100.0,105.0,109.0,180.0,237.0,241.0,247.0,272.0,303.0,332.0,334.0,387.0,389.0,414.0,420.0,447.0,504.0,
22.0,30.0,63.0,85.0,100.0,101.0,118.0,193.0,218.0,227.0,233.0,266.0,329.0,336.0,351.0,365.0,375.0,462.0,462.0,474.0,484.0,512.0,
5.0,105.0,110.0,113.0,138.0,158.0,162.0,180.0,222.0,229.0,230.0,249.0,254.0,258.0,265.0,322.0,330.0,340.0,360.0,360.0,368.0,382.0,405.0,407.0,431.0,433.0,478.0,489.0,645.0,669.0,749.0,757.0,784.0,811.0,815.0,815.0,820.0,860.0,904.0,912.0,919.0,
71.0,84.0,91.0,127.0,145.0,153.0,154.0,184.0,259.0,264.0,290.0,352.0,392.0,411.0,422.0,433.0,445.0,447.0,549.0,559.0,577.0,583.0,594.0,596.0,618.0,688.0,698.0,709.0,710.0,716.0,726.0,727.0,735.0,753.0,754.0,785.0,816.0,846.0,884.0,890.0,900.0,920.0,964.0,996.0,997.0,
51.0,90.0,118.0,119.0,120.0,136.0,157.0,204.0,209.0,218.0,271.0,295.0,302.0,313.0,374.0,375.0,386.0,460.0,495.0,498.0,638.0,657.0,724.0,785.0,796.0,817.0,819.0,841.0,865.0,878.0,882.0,891.0,935.0,944.0,947.0,962.0,
11.0,41.0,43.0,79.0,93.0,107.0,110.0,126.0,152.0,169.0,170.0,176.0,177.0,178.0,184.0,188.0,194.0,206.0,231.0,251.0,255.0,269.0,296.0,303.0,358.0,363.0,374.0,377.0,380.0,393.0,417.0,418.0,438.0,455.0,592.0,605.0,672.0,675.0,727.0,728.0,779.0,809.0,820.0,820.0,842.0,852.0,903.0,929.0,930.0,936.0,937.0,938.0,954.0,957.0,967.0,968.0,977.0,
7.0,7.0,38.0,64.0,64.0,77.0,105.0,127.0,129.0,139.0,170.0,210.0,242.0,246.0,248.0,251.0,260.0,264.0,276.0,337.0,355.0,365.0,372.0,382.0,407.0,411.0,416.0,425.0,434.0,440.0,498.0,507.0,
57.0,131.0,135.0,147.0,155.0,157.0,248.0,257.0,284.0,290.0,295.0,310.0,320.0,325.0,328.0,403.0,405.0,433.0,440.0,908.0,
8.0,46.0,62.0,76.0,95.0,103.0,169.0,213.0,215.0,289.0,289.0,315.0,360.0,451.0,473.0,958.0,
8.0,11.0,177.0,201.0,222.0,231.0,238.0,254.0,263.0,278.0,288.0,342.0,344.0,349.0,367.0,389.0,405.0,448.0,473.0,926.0,992.0,
16.0,61.0,65.0,73.0,80.0,116.0,121.0,134.0,211.0,248.0,297.0,332.0,399.0,469.0,871.0,953.0,956.0,
30.0,48.0,56.0,75.0,138.0,144.0,145.0,166.0,233.0,259.0,260.0,261.0,274.0,380.0,406.0,421.0,473.0,
5.0,22.0,31.0,39.0,44.0,96.0,100.0,100.0,111.0,133.0,136.0,148.0,189.0,272.0,290.0,298.0,332.0,342.0,348.0,351.0,356.0,371.0,456.0,491.0,497.0,
70.0,133.0,155.0,184.0,188.0,189.0,192.0,230.0,305.0,348.0,377.0,383.0,389.0,398.0,443.0,468.0,484.0,652.0,672.0,677.0,683.0,730.0,748.0,772.0,795.0,833.0,834.0,855.0,888.0,929.0,930.0,933.0,948.0,987.0,998.0,
5.0,44.0,46.0,82.0,129.0,183.0,208.0,232.0,236.0,244.0,333.0,334.0,404.0,416.0,437.0,473.0,491.0,533.0,564.0,598.0,606.0,611.0,617.0,645.0,657.0,669.0,702.0,766.0,781.0,789.0,866.0,883.0,905.0,920.0,966.0,
5.0,42.0,80.0,85.0,93.0,172.0,196.0,232.0,241.0,256.0,265.0,281.0,285.0,295.0,305.0,316.0,331.0,346.0,362.0,384.0,400.0,444.0,444.0,505.0,671.0,700.0,788.0,847.0,852.0,920.0,
96.0,167.0,185.0,236.0,249.0,261.0,307.0,377.0,382.0,398.0,413.0,434.0,440.0,454.0,456.0,476.0,482.0,485.0,933.0,955.0,
2.0,18.0,65.0,88.0,92.0,98.0,113.0,127.0,202.0,203.0,238.0,261.0,269.0,310.0,332.0,346.0,362.0,418.0,419.0,423.0,474.0,504.0,813.0,988.0,
36.0,43.0,46.0,75.0,87.0,104.0,184.0,197.0,206.0,219.0,221.0,229.0,245.0,266.0,315.0,396.0,414.0,420.0,452.0,489.0,494.0,498.0,721.0,765.0,927.0,943.0,992.0,
19.0,97.0,136.0,173.0,246.0,300.0,316.0,359.0,365.0,401.0,406.0,449.0,494.0,501.0,506.0,787.0,859.0,902.0,944.0,969.0,
12.0,116.0,137.0,165.0,180.0,191.0,256.0,258.0,343.0,389.0,400.0,473.0,476.0,835.0,905.0,926.0,981.0,
20.0,88.0,112.0,114.0,145.0,170.0,174.0,208.0,269.0,280.0,297.0,350.0,354.0,357.0,402.0,414.0,416.0,432.0,469.0,478.0,486.0,775.0,945.0,952.0,952.0,
109.0,113.0,120.0,144.0,174.0,242.0,271.0,273.0,305.0,320.0,322.0,377.0,390.0,409.0,471.0,486.0,486.0,
39.0,88.0,113.0,150.0,151.0,153.0,177.0,187.0,217.0,226.0,254.0,333.0,358.0,416.0,427.0,428.0,456.0,468.0,479.0,487.0,492.0,502.0,668.0,782.0,846.0,913.0,995.0,
54.0,85.0,86.0,138.0,173.0,214.0,301.0,315.0,374.0,392.0,445.0,619.0,646.0,647.0,650.0,674.0,702.0,717.0,762.0,765.0,765.0,769.0,813.0,816.0,838.0,849.0,855.0,865.0,897.0,935.0,958.0,960.0,960.0,980.0,982.0,
20.0,39.0,39.0,58.0,120.0,134.0,190.0,196.0,205.0,260.0,289.0,311.0,317.0,348.0,364.0,372.0,377.0,456.0,497.0,761.0,849.0,874.0,882.0,889.0,
35.0,122.0,166.0,254.0,257.0,263.0,325.0,346.0,356.0,356.0,367.0,399.0,409.0,442.0,506.0,
19.0,30.0,40.0,63.0,102.0,155.0,202.0,228.0,259.0,304.0,316.0,325.0,333.0,336.0,389.0,408.0,434.0,450.0,452.0,458.0,476.0,480.0,498.0,752.0,758.0,762.0,842.0,
4.0,17.0,42.0,45.0,87.0,98.0,116.0,181.0,243.0,257.0,275.0,311.0,316.0,325.0,410.0,412.0,416.0,421.0,423.0,454.0,484.0,725.0,837.0,881.0,885.0,942.0,
32.0,112.0,125.0,152.0,156.0,159.0,171.0,208.0,218.0,270.0,294.0,300.0,309.0,314.0,360.0,366.0,367.0,371.0,383.0,390.0,409.0,426.0,469.0,481.0,484.0,780.0,893.0,924.0,947.0,952.0,967.0,971.0,
10.0,26.0,30.0,33.0,38.0,80.0,99.0,136.0,168.0,186.0,198.0,215.0,286.0,307.0,339.0,412.0,431.0,466.0,497.0,503.0,504.0,744.0,747.0,849.0,938.0,971.0,991.0,
93.0,136.0,172.0,194.0,246.0,256.0,258.0,260.0,267.0,283.0,293.0,309.0,309.0,316.0,329.0,381.0,405.0,411.0,438.0,475.0,492.0,493.0,778.0,893.0,985.0,
14.0,86.0,193.0,193.0,218.0,235.0,236.0,262.0,292.0,300.0,317.0,323.0,330.0,352.0,406.0,420.0,431.0,444.0,459.0,493.0,493.0,846.0,
41.0,41.0,83.0,132.0,162.0,171.0,194.0,202.0,244.0,322.0,366.0,369.0,439.0,446.0,465.0,853.0,
65.0,88.0,112.0,116.0,140.0,146.0,150.0,182.0,189.0,268.0,340.0,344.0,350.0,355.0,363.0,394.0,410.0,432.0,447.0,485.0,516.0,516.0,543.0,553.0,620.0,624.0,626.0,630.0,640.0,645.0,692.0,706.0,764.0,776.0,781.0,836.0,845.0,849.0,904.0,917.0,938.0,976.0,
46.0,69.0,161.0,252.0,287.0,313.0,394.0,411.0,423.0,482.0,726.0,805.0,
2.0,42.0,53.0,73.0,131.0,137.0,149.0,167.0,192.0,234.0,314.0,483.0,496.0,500.0,
39.0,65.0,109.0,115.0,158.0,163.0,229.0,263.0,277.0,284.0,296.0,342.0,350.0,371.0,379.0,399.0,451.0,465.0,483.0,508.0,756.0,
41.0,99.0,134.0,181.0,195.0,201.0,281.0,281.0,299.0,363.0,375.0,376.0,401.0,431.0,786.0,809.0,861.0,871.0,885.0,935.0,
59.0,71.0,187.0,212.0,214.0,222.0,234.0,240.0,279.0,350.0,404.0,413.0,745.0,747.0,799.0,926.0,991.0,
21.0,30.0,35.0,37.0,57.0,79.0,139.0,148.0,176.0,194.0,222.0,265.0,277.0,312.0,313.0,381.0,407.0,458.0,487.0,878.0,884.0,906.0,988.0,
121.0,124.0,136.0,160.0,161.0,201.0,252.0,253.0,269.0,311.0,352.0,362.0,447.0,482.0,744.0,777.0,780.0,815.0,881.0,960.0,
12.0,22.0,46.0,59.0,115.0,153.0,164.0,211.0,261.0,268.0,282.0,286.0,316.0,323.0,346.0,455.0,462.0,487.0,941.0,
39.0,70.0,76.0,99.0,158.0,179.0,204.0,248.0,269.0,330.0,374.0,438.0,445.0,461.0,489.0,501.0,510.0,740.0,742.0,771.0,866.0,883.0,891.0,986.0,
41.0,179.0,210.0,248.0,262.0,279.0,282.0,289.0,436.0,478.0,538.0,543.0,581.0,585.0,595.0,645.0,663.0,757.0,787.0,807.0,818.0,861.0,880.0,882.0,922.0,923.0,983.0,
5.0,27.0,103.0,123.0,152.0,164.0,191.0,207.0,215.0,222.0,231.0,266.0,329.0,374.0,386.0,414.0,415.0,427.0,428.0,477.0,635.0,644.0,667.0,675.0,694.0,696.0,764.0,786.0,812.0,827.0,937.0,968.0,975.0,
14.0,16.0,40.0,90.0,124.0,125.0,130.0,131.0,188.0,214.0,236.0,246.0,268.0,270.0,292.0,318.0,367.0,374.0,381.0,395.0,403.0,411.0,430.0,465.0,470.0,
19.0,39.0,45.0,49.0,53.0,64.0,93.0,100.0,169.0,215.0,255.0,260.0,261.0,288.0,289.0,295.0,303.0,378.0,378.0,388.0,422.0,470.0,870.0,905.0,
27.0,29.0,50.0,64.0,96.0,104.0,207.0,209.0,215.0,234.0,267.0,281.0,287.0,301.0,350.0,373.0,382.0,415.0,454.0,455.0,507.0,752.0,765.0,806.0,
11.0,24.0,30.0,38.0,50.0,56.0,123.0,143.0,148.0,159.0,267.0,270.0,350.0,384.0,394.0,502.0,878.0,907.0,956.0,
21.0,25.0,34.0,65.0,208.0,234.0,319.0,339.0,394.0,413.0,439.0,471.0,478.0,848.0,859.0,884.0,899.0,931.0,961.0,
6.0,33.0,36.0,61.0,87.0,91.0,122.0,136.0,155.0,193.0,205.0,219.0,268.0,280.0,287.0,391.0,468.0,505.0,
4.0,23.0,25.0,35.0,56.0,57.0,126.0,148.0,173.0,212.0,241.0,255.0,287.0,294.0,323.0,324.0,329.0,331.0,334.0,341.0,423.0,452.0,473.0,488.0,488.0,504.0,
38.0,55.0,64.0,69.0,101.0,114.0,119.0,161.0,176.0,234.0,245.0,273.0,311.0,343.0,378.0,479.0,605.0,629.0,661.0,684.0,730.0,766.0,798.0,822.0,842.0,854.0,876.0,880.0,895.0,898.0,919.0,966.0,997.0,
5.0,45.0,78.0,94.0,141.0,166.0,175.0,199.0,218.0,239.0,251.0,256.0,259.0,279.0,309.0,347.0,362.0,395.0,424.0,441.0,470.0,487.0,490.0,623.0,672.0,794.0,862.0,868.0,874.0,903.0,920.0,943.0,951.0,962.0,974.0,
7.0,12.0,13.0,16.0,94.0,102.0,105.0,133.0,134.0,190.0,204.0,207.0,260.0,271.0,281.0,301.0,324.0,330.0,372.0,406.0,446.0,498.0,506.0,566.0,580.0,629.0,642.0,650.0,660.0,690.0,723.0,738.0,752.0,755.0,763.0,809.0,826.0,851.0,872.0,879.0,944.0,957.0,994.0,997.0,
35.0,39.0,75.0,86.0,88.0,90.0,117.0,209.0,213.0,215.0,234.0,250.0,315.0,351.0,378.0,397.0,433.0,466.0,466.0,466.0,476.0,501.0,503.0,680.0,700.0,718.0,810.0,814.0,818.0,849.0,851.0,867.0,910.0,930.0,986.0,
15.0,51.0,61.0,74.0,89.0,133.0,146.0,151.0,166.0,191.0,231.0,316.0,370.0,403.0,413.0,423.0,427.0,446.0,447.0,450.0,454.0,470.0,510.0,
93.0,101.0,138.0,184.0,195.0,218.0,221.0,223.0,225.0,230.0,250.0,257.0,266.0,266.0,288.0,328.0,329.0,390.0,421.0,434.0,475.0,502.0,503.0,
3.0,23.0,44.0,45.0,65.0,107.0,122.0,151.0,220.0,231.0,249.0,261.0,324.0,334.0,349.0,392.0,395.0,409.0,414.0,439.0,443.0,461.0,488.0,497.0,969.0,
36.0,52.0,62.0,92.0,97.0,106.0,114.0,158.0,172.0,240.0,251.0,272.0,285.0,305.0,319.0,348.0,380.0,446.0,448.0,454.0,463.0,501.0,995.0,
15.0,44.0,66.0,92.0,214.0,253.0,253.0,261.0,321.0,354.0,418.0,430.0,478.0,
8.0,34.0,48.0,120.0,180.0,180.0,186.0,195.0,205.0,209.0,332.0,355.0,357.0,366.0,420.0,688.0,706.0,823.0,845.0,855.0,871.0,945.0,951.0,963.0,964.0,993.0,996.0,
97.0,125.0,128.0,143.0,157.0,175.0,200.0,223.0,279.0,286.0,307.0,369.0,375.0,400.0,407.0,422.0,433.0,451.0,465.0,520.0,555.0,573.0,576.0,577.0,607.0,634.0,654.0,696.0,729.0,773.0,781.0,786.0,802.0,873.0,877.0,904.0,923.0,985.0,
36.0,37.0,48.0,112.0,121.0,158.0,210.0,212.0,272.0,309.0,311.0,336.0,384.0,397.0,431.0,435.0,442.0,483.0,500.0,516.0,583.0,611.0,621.0,633.0,648.0,648.0,691.0,713.0,820.0,847.0,894.0,923.0,959.0,967.0,969.0,
6.0,111.0,154.0,178.0,215.0,233.0,236.0,264.0,272.0,298.0,368.0,482.0,515.0,564.0,585.0,586.0,605.0,723.0,746.0,772.0,779.0,816.0,844.0,898.0,915.0,935.0,941.0,971.0,992.0,
4.0,14.0,54.0,64.0,69.0,102.0,104.0,111.0,119.0,216.0,242.0,244.0,252.0,287.0,289.0,302.0,382.0,411.0,511.0,525.0,526.0,547.0,614.0,643.0,669.0,674.0,686.0,727.0,791.0,831.0,841.0,846.0,856.0,860.0,882.0,898.0,914.0,939.0,977.0,988.0,989.0,
61.0,97.0,97.0,104.0,126.0,263.0,287.0,291.0,308.0,334.0,375.0,377.0,397.0,420.0,454.0,495.0,501.0,508.0,657.0,785.0,835.0,976.0,
12.0,30.0,69.0,87.0,135.0,148.0,149.0,161.0,181.0,197.0,270.0,276.0,327.0,367.0,382.0,488.0,833.0,841.0,843.0,887.0,921.0,931.0,942.0,980.0,
6.0,61.0,64.0,103.0,132.0,133.0,140.0,144.0,212.0,217.0,224.0,253.0,253.0,258.0,263.0,276.0,309.0,322.0,360.0,413.0,467.0,474.0,839.0,926.0,939.0,961.0,989.0,
21.0,27.0,121.0,122.0,134.0,150.0,180.0,182.0,190.0,220.0,237.0,255.0,294.0,316.0,339.0,340.0,352.0,366.0,378.0,391.0,393.0,433.0,456.0,457.0,732.0,799.0,807.0,874.0,965.0,987.0,
27.0,48.0,67.0,137.0,152.0,172.0,227.0,396.0,397.0,401.0,419.0,433.0,438.0,453.0,477.0,492.0,648.0,693.0,698.0,733.0,743.0,761.0,782.0,784.0,806.0,821.0,821.0,832.0,885.0,927.0,928.0,930.0,963.0,975.0,986.0,
42.0,43.0,46.0,56.0,64.0,70.0,79.0,91.0,94.0,113.0,125.0,142.0,163.0,175.0,200.0,242.0,254.0,285.0,285.0,313.0,337.0,356.0,436.0,476.0,491.0,508.0,535.0,538.0,554.0,570.0,579.0,623.0,624.0,627.0,657.0,660.0,661.0,665.0,665.0,671.0,692.0,720.0,798.0,804.0,822.0,857.0,885.0,886.0,889.0,917.0,941.0,944.0,958.0,
40.0,97.0,115.0,168.0,168.0,175.0,258.0,283.0,318.0,336.0,352.0,360.0,370.0,429.0,462.0,478.0,509.0,566.0,580.0,586.0,621.0,655.0,695.0,705.0,730.0,748.0,753.0,770.0,782.0,785.0,811.0,829.0,839.0,872.0,941.0,968.0,970.0,972.0,1000.0,
