24.0,70.0,94.0,122.0,139.0,190.0,203.0,210.0,215.0,250.0,257.0,287.0,307.0,315.0,350.0,374.0,412.0,413.0,429.0,470.0,524.0,539.0,634.0,638.0,654.0,669.0,695.0,695.0,725.0,744.0,753.0,776.0,776.0,788.0,792.0,801.0,811.0,848.0,913.0,
9.0,42.0,45.0,78.0,134.0,165.0,169.0,174.0,214.0,215.0,246.0,259.0,275.0,282.0,308.0,365.0,393.0,477.0,550.0,630.0,669.0,674.0,686.0,708.0,716.0,760.0,831.0,922.0,
28.0,28.0,65.0,135.0,157.0,164.0,185.0,225.0,233.0,233.0,248.0,260.0,331.0,332.0,378.0,386.0,398.0,461.0,475.0,582.0,598.0,613.0,632.0,637.0,694.0,789.0,793.0,798.0,820.0,836.0,839.0,874.0,881.0,889.0,935.0,963.0,982.0,
37.0,48.0,84.0,107.0,112.0,175.0,200.0,221.0,228.0,233.0,234.0,270.0,278.0,333.0,386.0,402.0,438.0,446.0,499.0,553.0,574.0,620.0,677.0,681.0,715.0,725.0,726.0,752.0,757.0,839.0,864.0,948.0,998.0,
16.0,43.0,49.0,69.0,88.0,93.0,120.0,139.0,141.0,157.0,163.0,186.0,186.0,211.0,257.0,320.0,340.0,396.0,412.0,453.0,469.0,482.0,496.0,564.0,583.0,600.0,605.0,650.0,707.0,724.0,733.0,801.0,889.0,921.0,924.0,942.0,968.0,984.0,
52.0,59.0,112.0,119.0,126.0,127.0,128.0,128.0,152.0,153.0,172.0,196.0,200.0,266.0,316.0,338.0,340.0,356.0,392.0,423.0,423.0,427.0,452.0,455.0,460.0,464.0,473.0,526.0,542.0,583.0,595.0,598.0,663.0,706.0,735.0,757.0,775.0,783.0,870.0,913.0,955.0,956.0,
34.0,36.0,43.0,117.0,128.0,163.0,229.0,250.0,264.0,274.0,281.0,291.0,292.0,315.0,370.0,402.0,416.0,449.0,451.0,532.0,554.0,567.0,573.0,629.0,717.0,754.0,883.0,901.0,908.0,908.0,938.0,975.0,993.0,
22.0,45.0,78.0,99.0,114.0,131.0,156.0,176.0,221.0,257.0,258.0,281.0,284.0,290.0,311.0,331.0,341.0,355.0,403.0,432.0,433.0,464.0,472.0,491.0,526.0,545.0,557.0,576.0,576.0,580.0,591.0,602.0,606.0,659.0,664.0,703.0,781.0,814.0,832.0,895.0,909.0,925.0,958.0,979.0,
3.0,92.0,191.0,254.0,265.0,302.0,302.0,307.0,339.0,366.0,370.0,386.0,430.0,430.0,439.0,475.0,477.0,494.0,501.0,523.0,523.0,587.0,663.0,769.0,778.0,781.0,808.0,814.0,827.0,832.0,838.0,840.0,900.0,936.0,936.0,963.0,992.0,
45.0,61.0,93.0,156.0,159.0,235.0,257.0,313.0,323.0,325.0,340.0,363.0,367.0,379.0,428.0,477.0,508.0,562.0,591.0,594.0,601.0,608.0,616.0,626.0,670.0,714.0,723.0,744.0,750.0,860.0,881.0,885.0,891.0,929.0,944.0,945.0,961.0,984.0,987.0,996.0,
88.0,113.0,129.0,162.0,171.0,171.0,180.0,188.0,210.0,214.0,216.0,235.0,241.0,258.0,333.0,337.0,351.0,397.0,465.0,468.0,472.0,522.0,579.0,653.0,673.0,735.0,739.0,810.0,810.0,845.0,951.0,962.0,964.0,
9.0,29.0,59.0,70.0,78.0,87.0,119.0,139.0,155.0,157.0,172.0,191.0,196.0,230.0,264.0,270.0,312.0,316.0,342.0,348.0,410.0,593.0,659.0,736.0,813.0,833.0,835.0,873.0,887.0,891.0,905.0,936.0,945.0,968.0,988.0,
4.0,49.0,212.0,227.0,256.0,266.0,323.0,342.0,343.0,401.0,406.0,445.0,526.0,580.0,660.0,666.0,683.0,721.0,730.0,751.0,779.0,795.0,802.0,808.0,826.0,850.0,879.0,909.0,910.0,913.0,913.0,926.0,926.0,927.0,950.0,
19.0,106.0,178.0,196.0,198.0,220.0,233.0,265.0,313.0,314.0,327.0,355.0,357.0,380.0,388.0,427.0,485.0,493.0,499.0,541.0,599.0,608.0,666.0,674.0,685.0,749.0,795.0,840.0,846.0,859.0,894.0,904.0,920.0,928.0,938.0,944.0,958.0,975.0,
101.0,104.0,114.0,170.0,174.0,183.0,211.0,220.0,271.0,285.0,289.0,298.0,309.0,322.0,351.0,356.0,403.0,410.0,415.0,420.0,450.0,463.0,491.0,524.0,527.0,556.0,619.0,622.0,627.0,639.0,653.0,659.0,675.0,689.0,706.0,760.0,767.0,769.0,793.0,806.0,876.0,884.0,889.0,904.0,960.0,
21.0,29.0,91.0,97.0,168.0,176.0,184.0,280.0,297.0,391.0,403.0,442.0,462.0,478.0,564.0,643.0,671.0,705.0,737.0,838.0,842.0,888.0,902.0,920.0,934.0,953.0,970.0,972.0,996.0,
44.0,45.0,95.0,98.0,108.0,136.0,148.0,152.0,158.0,191.0,241.0,242.0,275.0,304.0,328.0,335.0,369.0,372.0,385.0,413.0,443.0,446.0,471.0,515.0,520.0,525.0,571.0,593.0,639.0,670.0,693.0,703.0,734.0,736.0,746.0,762.0,792.0,793.0,806.0,824.0,852.0,858.0,866.0,876.0,921.0,927.0,936.0,945.0,946.0,
14.0,32.0,37.0,56.0,107.0,137.0,141.0,165.0,184.0,190.0,213.0,215.0,242.0,249.0,319.0,349.0,351.0,364.0,369.0,454.0,457.0,463.0,520.0,580.0,599.0,619.0,677.0,693.0,704.0,713.0,746.0,759.0,759.0,763.0,766.0,781.0,800.0,836.0,
66.0,85.0,115.0,123.0,206.0,208.0,235.0,281.0,294.0,298.0,303.0,323.0,326.0,331.0,406.0,434.0,460.0,477.0,498.0,557.0,559.0,593.0,626.0,647.0,687.0,722.0,756.0,763.0,809.0,809.0,826.0,828.0,830.0,910.0,
18.0,23.0,31.0,42.0,45.0,49.0,49.0,90.0,134.0,177.0,193.0,217.0,256.0,270.0,272.0,281.0,289.0,296.0,297.0,372.0,383.0,420.0,436.0,458.0,482.0,546.0,548.0,596.0,606.0,607.0,629.0,671.0,682.0,708.0,916.0,939.0,
40.0,58.0,76.0,81.0,121.0,123.0,129.0,160.0,161.0,165.0,185.0,200.0,202.0,211.0,286.0,375.0,426.0,434.0,440.0,448.0,464.0,499.0,581.0,616.0,624.0,630.0,632.0,723.0,884.0,885.0,929.0,981.0,990.0,992.0,
18.0,18.0,78.0,93.0,102.0,119.0,181.0,185.0,190.0,210.0,326.0,365.0,378.0,393.0,464.0,529.0,642.0,686.0,782.0,784.0,794.0,823.0,828.0,873.0,888.0,913.0,966.0,992.0,
31.0,46.0,82.0,83.0,101.0,109.0,110.0,115.0,143.0,152.0,227.0,254.0,256.0,260.0,267.0,287.0,348.0,376.0,406.0,426.0,429.0,467.0,467.0,517.0,564.0,583.0,607.0,619.0,640.0,648.0,659.0,737.0,766.0,768.0,780.0,788.0,790.0,808.0,830.0,882.0,900.0,914.0,923.0,954.0,982.0,992.0,
90.0,108.0,187.0,199.0,213.0,231.0,242.0,250.0,271.0,277.0,303.0,372.0,378.0,495.0,520.0,562.0,601.0,606.0,607.0,634.0,655.0,682.0,835.0,874.0,901.0,
82.0,88.0,144.0,173.0,178.0,196.0,257.0,261.0,274.0,275.0,283.0,331.0,358.0,361.0,362.0,367.0,379.0,388.0,391.0,397.0,463.0,477.0,482.0,487.0,501.0,503.0,579.0,593.0,616.0,645.0,720.0,721.0,761.0,770.0,781.0,792.0,812.0,833.0,973.0,975.0,977.0,
24.0,28.0,98.0,180.0,219.0,282.0,299.0,356.0,389.0,393.0,401.0,406.0,438.0,448.0,454.0,575.0,781.0,855.0,855.0,929.0,937.0,968.0,
7.0,27.0,108.0,144.0,197.0,243.0,262.0,295.0,300.0,314.0,363.0,368.0,390.0,404.0,414.0,430.0,550.0,577.0,580.0,593.0,600.0,613.0,661.0,670.0,687.0,694.0,706.0,744.0,759.0,769.0,807.0,867.0,877.0,893.0,898.0,954.0,963.0,968.0,972.0,
7.0,66.0,91.0,97.0,117.0,173.0,173.0,209.0,285.0,310.0,331.0,337.0,371.0,399.0,416.0,487.0,528.0,549.0,591.0,604.0,666.0,676.0,755.0,763.0,797.0,801.0,820.0,833.0,869.0,885.0,911.0,919.0,925.0,935.0,937.0,988.0,992.0,
48.0,160.0,176.0,201.0,312.0,331.0,343.0,346.0,377.0,394.0,430.0,453.0,460.0,478.0,623.0,624.0,626.0,727.0,749.0,767.0,839.0,851.0,867.0,888.0,899.0,901.0,941.0,965.0,986.0,991.0,1000.0,
2.0,60.0,93.0,111.0,123.0,141.0,178.0,192.0,251.0,295.0,297.0,330.0,336.0,336.0,344.0,363.0,448.0,565.0,574.0,594.0,660.0,734.0,765.0,782.0,838.0,842.0,843.0,982.0,988.0,
37.0,52.0,60.0,63.0,68.0,152.0,172.0,180.0,244.0,294.0,320.0,354.0,372.0,418.0,430.0,442.0,519.0,677.0,678.0,699.0,721.0,865.0,897.0,942.0,968.0,981.0,997.0,
29.0,29.0,87.0,108.0,189.0,193.0,208.0,227.0,229.0,254.0,291.0,319.0,323.0,329.0,425.0,524.0,530.0,548.0,552.0,556.0,563.0,569.0,600.0,606.0,666.0,700.0,749.0,756.0,757.0,760.0,765.0,810.0,839.0,851.0,864.0,875.0,940.0,942.0,949.0,
40.0,43.0,51.0,62.0,66.0,82.0,100.0,116.0,196.0,197.0,199.0,209.0,219.0,279.0,301.0,306.0,324.0,329.0,341.0,343.0,384.0,392.0,409.0,427.0,486.0,498.0,533.0,549.0,550.0,562.0,583.0,589.0,596.0,633.0,657.0,660.0,684.0,692.0,714.0,754.0,771.0,774.0,789.0,806.0,814.0,827.0,858.0,866.0,895.0,916.0,934.0,970.0,
22.0,57.0,72.0,94.0,125.0,134.0,168.0,200.0,253.0,257.0,261.0,275.0,305.0,326.0,365.0,405.0,434.0,673.0,694.0,732.0,751.0,759.0,774.0,846.0,908.0,929.0,933.0,964.0,
39.0,47.0,62.0,131.0,132.0,186.0,205.0,218.0,235.0,263.0,291.0,370.0,381.0,424.0,459.0,464.0,472.0,
6.0,49.0,80.0,108.0,119.0,120.0,140.0,177.0,178.0,182.0,214.0,239.0,318.0,427.0,475.0,482.0,
40.0,41.0,140.0,208.0,266.0,301.0,345.0,350.0,378.0,382.0,421.0,
9.0,87.0,113.0,118.0,160.0,171.0,180.0,197.0,225.0,354.0,356.0,361.0,369.0,382.0,408.0,414.0,431.0,485.0,702.0,728.0,820.0,827.0,860.0,897.0,915.0,936.0,940.0,944.0,977.0,987.0,
3.0,30.0,69.0,99.0,101.0,119.0,143.0,164.0,184.0,206.0,209.0,245.0,249.0,255.0,287.0,318.0,347.0,371.0,496.0,558.0,630.0,655.0,672.0,707.0,742.0,768.0,772.0,775.0,788.0,813.0,815.0,848.0,858.0,859.0,867.0,868.0,873.0,877.0,882.0,895.0,918.0,928.0,949.0,949.0,953.0,973.0,973.0,
25.0,45.0,85.0,97.0,102.0,104.0,105.0,111.0,115.0,118.0,131.0,195.0,254.0,259.0,308.0,320.0,342.0,416.0,443.0,460.0,489.0,526.0,548.0,589.0,625.0,694.0,722.0,780.0,785.0,792.0,803.0,820.0,879.0,895.0,956.0,959.0,984.0,
23.0,164.0,182.0,220.0,228.0,424.0,427.0,445.0,477.0,488.0,496.0,544.0,556.0,626.0,671.0,673.0,705.0,739.0,774.0,792.0,831.0,933.0,936.0,944.0,954.0,
34.0,74.0,113.0,182.0,201.0,214.0,251.0,292.0,294.0,314.0,323.0,345.0,381.0,406.0,417.0,436.0,458.0,458.0,496.0,507.0,524.0,588.0,609.0,613.0,640.0,644.0,676.0,727.0,805.0,834.0,835.0,860.0,872.0,877.0,897.0,918.0,926.0,930.0,993.0,
6.0,75.0,82.0,96.0,102.0,196.0,215.0,216.0,234.0,257.0,305.0,330.0,343.0,371.0,374.0,407.0,434.0,439.0,442.0,476.0,517.0,587.0,627.0,630.0,682.0,731.0,743.0,805.0,823.0,827.0,843.0,907.0,935.0,963.0,
8.0,97.0,152.0,164.0,168.0,171.0,208.0,224.0,254.0,273.0,289.0,289.0,352.0,354.0,356.0,388.0,393.0,464.0,479.0,499.0,509.0,510.0,
11.0,13.0,25.0,40.0,58.0,152.0,164.0,204.0,221.0,270.0,271.0,285.0,289.0,441.0,477.0,480.0,497.0,912.0,
16.0,28.0,38.0,126.0,156.0,197.0,213.0,221.0,278.0,304.0,311.0,331.0,345.0,373.0,380.0,400.0,419.0,425.0,462.0,483.0,507.0,933.0,1000.0,
17.0,47.0,156.0,168.0,208.0,229.0,291.0,350.0,370.0,415.0,442.0,478.0,901.0,
7.0,9.0,71.0,95.0,126.0,132.0,138.0,144.0,207.0,214.0,233.0,303.0,329.0,428.0,432.0,442.0,498.0,
68.0,113.0,154.0,189.0,210.0,212.0,245.0,263.0,265.0,272.0,341.0,343.0,367.0,382.0,395.0,398.0,422.0,566.0,666.0,674.0,690.0,691.0,692.0,697.0,700.0,718.0,734.0,736.0,751.0,760.0,775.0,778.0,787.0,789.0,815.0,816.0,873.0,880.0,882.0,904.0,910.0,982.0,985.0,986.0,
39.0,45.0,65.0,79.0,102.0,115.0,172.0,223.0,225.0,234.0,266.0,289.0,320.0,330.0,361.0,365.0,389.0,413.0,490.0,524.0,579.0,582.0,611.0,620.0,627.0,682.0,735.0,761.0,819.0,826.0,912.0,942.0,956.0,
12.0,13.0,78.0,101.0,104.0,131.0,157.0,173.0,187.0,255.0,285.0,316.0,430.0,431.0,432.0,458.0,462.0,463.0,491.0,526.0,559.0,563.0,626.0,628.0,649.0,693.0,702.0,713.0,713.0,717.0,725.0,795.0,796.0,812.0,835.0,846.0,851.0,900.0,933.0,
59.0,116.0,121.0,170.0,172.0,183.0,239.0,256.0,306.0,308.0,336.0,344.0,360.0,369.0,453.0,457.0,464.0,537.0,551.0,568.0,595.0,623.0,644.0,651.0,723.0,748.0,774.0,777.0,787.0,804.0,806.0,858.0,874.0,882.0,895.0,898.0,904.0,921.0,944.0,944.0,947.0,954.0,
22.0,59.0,67.0,184.0,207.0,255.0,313.0,336.0,367.0,383.0,418.0,446.0,497.0,503.0,614.0,628.0,683.0,735.0,747.0,750.0,784.0,807.0,817.0,848.0,891.0,908.0,915.0,924.0,936.0,943.0,950.0,958.0,985.0,990.0,991.0,
60.0,110.0,125.0,160.0,186.0,198.0,207.0,211.0,240.0,254.0,434.0,478.0,480.0,509.0,
64.0,77.0,86.0,130.0,145.0,160.0,207.0,235.0,236.0,242.0,248.0,327.0,342.0,352.0,411.0,485.0,756.0,774.0,
48.0,69.0,162.0,183.0,195.0,197.0,197.0,252.0,280.0,324.0,369.0,370.0,377.0,464.0,472.0,475.0,484.0,809.0,852.0,859.0,938.0,990.0,
31.0,116.0,183.0,218.0,219.0,258.0,282.0,302.0,336.0,364.0,370.0,408.0,411.0,419.0,437.0,504.0,943.0,
18.0,43.0,64.0,67.0,95.0,150.0,163.0,232.0,233.0,321.0,448.0,
34.0,63.0,79.0,95.0,172.0,173.0,189.0,219.0,290.0,293.0,307.0,314.0,403.0,477.0,508.0,700.0,751.0,778.0,810.0,831.0,846.0,879.0,894.0,974.0,989.0,998.0,
19.0,39.0,64.0,83.0,110.0,135.0,184.0,248.0,260.0,278.0,300.0,316.0,319.0,330.0,334.0,359.0,367.0,390.0,402.0,415.0,420.0,426.0,464.0,465.0,471.0,473.0,482.0,493.0,507.0,510.0,537.0,576.0,599.0,630.0,638.0,696.0,700.0,700.0,740.0,848.0,870.0,914.0,915.0,920.0,928.0,953.0,970.0,
23.0,66.0,117.0,122.0,146.0,150.0,197.0,236.0,269.0,282.0,366.0,402.0,407.0,426.0,429.0,433.0,461.0,495.0,544.0,545.0,562.0,589.0,607.0,616.0,762.0,817.0,826.0,883.0,957.0,970.0,989.0,
18.0,31.0,61.0,61.0,69.0,69.0,73.0,79.0,92.0,104.0,107.0,114.0,131.0,156.0,158.0,175.0,197.0,198.0,207.0,216.0,226.0,242.0,261.0,283.0,307.0,321.0,350.0,395.0,408.0,459.0,508.0,582.0,598.0,600.0,611.0,622.0,666.0,694.0,764.0,769.0,824.0,828.0,861.0,893.0,
34.0,112.0,124.0,147.0,161.0,163.0,222.0,223.0,229.0,252.0,263.0,308.0,348.0,352.0,355.0,371.0,381.0,446.0,455.0,455.0,468.0,468.0,473.0,505.0,514.0,580.0,591.0,601.0,609.0,613.0,614.0,616.0,668.0,715.0,718.0,750.0,753.0,824.0,828.0,844.0,855.0,882.0,889.0,916.0,916.0,932.0,
2.0,4.0,13.0,14.0,74.0,82.0,140.0,157.0,179.0,208.0,212.0,267.0,273.0,279.0,288.0,290.0,292.0,301.0,305.0,422.0,423.0,
48.0,71.0,72.0,106.0,135.0,150.0,178.0,235.0,248.0,282.0,334.0,378.0,379.0,419.0,437.0,503.0,824.0,
39.0,77.0,144.0,246.0,267.0,267.0,313.0,341.0,363.0,366.0,425.0,480.0,490.0,508.0,875.0,971.0,998.0,
6.0,26.0,53.0,66.0,114.0,131.0,180.0,181.0,206.0,251.0,262.0,266.0,337.0,362.0,427.0,436.0,503.0,998.0,
2.0,112.0,160.0,205.0,210.0,241.0,265.0,299.0,322.0,325.0,472.0,509.0,
47.0,64.0,78.0,88.0,122.0,167.0,185.0,197.0,199.0,206.0,210.0,216.0,347.0,354.0,389.0,405.0,438.0,439.0,486.0,509.0,565.0,600.0,658.0,715.0,721.0,732.0,748.0,762.0,792.0,800.0,809.0,871.0,894.0,904.0,933.0,960.0,964.0,972.0,
53.0,62.0,76.0,87.0,112.0,135.0,136.0,163.0,221.0,243.0,265.0,278.0,299.0,378.0,411.0,447.0,455.0,478.0,485.0,519.0,525.0,526.0,573.0,584.0,621.0,641.0,665.0,679.0,757.0,795.0,803.0,811.0,817.0,831.0,893.0,923.0,946.0,969.0,987.0,
7.0,8.0,29.0,113.0,125.0,135.0,165.0,168.0,245.0,269.0,294.0,322.0,338.0,355.0,356.0,383.0,397.0,420.0,530.0,575.0,576.0,598.0,661.0,665.0,674.0,676.0,707.0,718.0,747.0,753.0,772.0,792.0,805.0,844.0,889.0,901.0,976.0,989.0,
22.0,22.0,48.0,69.0,103.0,129.0,200.0,249.0,257.0,294.0,401.0,415.0,482.0,573.0,585.0,607.0,613.0,616.0,658.0,693.0,694.0,734.0,780.0,793.0,817.0,822.0,853.0,877.0,935.0,965.0,
7.0,12.0,24.0,39.0,151.0,155.0,177.0,216.0,262.0,278.0,345.0,397.0,458.0,459.0,476.0,547.0,550.0,559.0,590.0,604.0,635.0,675.0,703.0,705.0,790.0,822.0,829.0,831.0,839.0,877.0,894.0,911.0,927.0,990.0,993.0,
38.0,54.0,67.0,77.0,91.0,93.0,95.0,96.0,150.0,186.0,223.0,251.0,264.0,280.0,289.0,330.0,385.0,390.0,631.0,655.0,706.0,724.0,772.0,845.0,882.0,913.0,960.0,979.0,989.0,
6.0,26.0,35.0,62.0,163.0,168.0,213.0,214.0,270.0,281.0,285.0,337.0,395.0,433.0,471.0,471.0,492.0,496.0,
58.0,132.0,147.0,184.0,237.0,250.0,307.0,308.0,309.0,321.0,398.0,410.0,427.0,
5.0,13.0,18.0,24.0,29.0,30.0,41.0,148.0,169.0,209.0,245.0,254.0,283.0,290.0,308.0,322.0,332.0,366.0,386.0,410.0,458.0,503.0,507.0,
13.0,33.0,100.0,104.0,257.0,302.0,399.0,418.0,473.0,495.0,637.0,738.0,877.0,912.0,928.0,954.0,
24.0,41.0,43.0,48.0,105.0,116.0,134.0,158.0,189.0,212.0,288.0,335.0,338.0,349.0,350.0,368.0,385.0,395.0,408.0,417.0,420.0,450.0,459.0,478.0,480.0,506.0,553.0,566.0,610.0,615.0,630.0,636.0,657.0,727.0,735.0,753.0,803.0,830.0,850.0,930.0,943.0,951.0,952.0,960.0,978.0,983.0,989.0,993.0,
5.0,41.0,85.0,130.0,184.0,189.0,225.0,251.0,292.0,321.0,339.0,348.0,371.0,416.0,459.0,464.0,474.0,482.0,494.0,532.0,553.0,627.0,639.0,666.0,705.0,760.0,765.0,773.0,776.0,820.0,851.0,852.0,881.0,930.0,932.0,946.0,961.0,
9.0,33.0,98.0,149.0,154.0,183.0,191.0,195.0,220.0,237.0,266.0,301.0,308.0,311.0,317.0,384.0,417.0,480.0,516.0,562.0,563.0,589.0,590.0,612.0,661.0,679.0,689.0,707.0,764.0,775.0,863.0,889.0,933.0,936.0,995.0,
15.0,22.0,26.0,30.0,35.0,35.0,51.0,113.0,117.0,126.0,154.0,161.0,170.0,187.0,197.0,246.0,263.0,279.0,292.0,294.0,301.0,346.0,356.0,362.0,362.0,455.0,475.0,490.0,526.0,527.0,603.0,620.0,621.0,640.0,771.0,788.0,803.0,832.0,884.0,931.0,955.0,
38.0,41.0,56.0,57.0,67.0,134.0,161.0,214.0,226.0,276.0,321.0,326.0,331.0,345.0,357.0,364.0,385.0,434.0,444.0,468.0,472.0,488.0,507.0,510.0,564.0,588.0,590.0,641.0,668.0,670.0,706.0,731.0,735.0,743.0,754.0,775.0,775.0,895.0,926.0,959.0,972.0,991.0,
97.0,104.0,108.0,108.0,133.0,160.0,170.0,178.0,199.0,202.0,243.0,257.0,270.0,333.0,342.0,356.0,365.0,381.0,418.0,474.0,557.0,563.0,604.0,621.0,634.0,647.0,675.0,679.0,698.0,706.0,707.0,721.0,728.0,730.0,757.0,801.0,814.0,823.0,842.0,849.0,850.0,861.0,976.0,983.0,993.0,
57.0,60.0,61.0,73.0,80.0,137.0,163.0,185.0,203.0,206.0,307.0,322.0,366.0,367.0,372.0,399.0,450.0,459.0,556.0,590.0,595.0,622.0,648.0,655.0,669.0,670.0,710.0,723.0,724.0,724.0,744.0,761.0,765.0,820.0,820.0,846.0,852.0,856.0,935.0,944.0,950.0,971.0,982.0,994.0,
40.0,48.0,63.0,78.0,108.0,138.0,151.0,168.0,192.0,201.0,256.0,262.0,295.0,313.0,330.0,358.0,363.0,391.0,473.0,489.0,505.0,621.0,666.0,680.0,708.0,712.0,740.0,749.0,798.0,813.0,863.0,869.0,908.0,929.0,942.0,987.0,995.0,
20.0,25.0,63.0,65.0,79.0,82.0,107.0,113.0,131.0,132.0,135.0,179.0,273.0,300.0,309.0,485.0,485.0,508.0,512.0,521.0,632.0,639.0,661.0,663.0,676.0,688.0,716.0,717.0,737.0,742.0,751.0,764.0,780.0,781.0,792.0,848.0,849.0,910.0,925.0,1000.0,
54.0,98.0,146.0,150.0,178.0,178.0,260.0,326.0,423.0,455.0,465.0,467.0,477.0,478.0,491.0,497.0,513.0,518.0,529.0,543.0,572.0,603.0,605.0,629.0,635.0,654.0,712.0,718.0,724.0,738.0,778.0,813.0,878.0,921.0,954.0,955.0,960.0,984.0,988.0,
6.0,20.0,23.0,25.0,132.0,161.0,219.0,240.0,261.0,271.0,278.0,284.0,286.0,312.0,313.0,366.0,377.0,414.0,419.0,422.0,442.0,451.0,486.0,520.0,542.0,568.0,570.0,612.0,623.0,626.0,649.0,708.0,727.0,733.0,750.0,770.0,777.0,786.0,787.0,800.0,871.0,913.0,937.0,962.0,
67.0,98.0,245.0,323.0,326.0,347.0,389.0,424.0,424.0,429.0,430.0,435.0,481.0,483.0,485.0,489.0,535.0,561.0,565.0,600.0,616.0,619.0,634.0,663.0,730.0,736.0,748.0,772.0,882.0,883.0,884.0,899.0,960.0,969.0,
24.0,82.0,100.0,105.0,123.0,161.0,194.0,204.0,255.0,364.0,379.0,407.0,421.0,462.0,503.0,553.0,579.0,597.0,639.0,642.0,689.0,690.0,703.0,725.0,733.0,756.0,775.0,792.0,803.0,807.0,830.0,883.0,886.0,962.0,980.0,999.0,
11.0,29.0,33.0,61.0,71.0,186.0,204.0,209.0,219.0,233.0,239.0,242.0,245.0,280.0,281.0,306.0,310.0,312.0,314.0,326.0,329.0,403.0,438.0,460.0,500.0,511.0,624.0,684.0,707.0,730.0,742.0,759.0,769.0,796.0,800.0,802.0,860.0,865.0,878.0,941.0,
45.0,53.0,98.0,104.0,115.0,121.0,138.0,166.0,168.0,194.0,197.0,234.0,256.0,297.0,332.0,349.0,359.0,367.0,402.0,408.0,417.0,469.0,537.0,565.0,611.0,632.0,635.0,638.0,736.0,803.0,824.0,858.0,873.0,922.0,954.0,994.0,
14.0,72.0,73.0,77.0,94.0,99.0,103.0,104.0,131.0,142.0,151.0,163.0,202.0,203.0,218.0,243.0,284.0,328.0,341.0,363.0,382.0,400.0,403.0,411.0,433.0,464.0,495.0,498.0,542.0,592.0,596.0,640.0,665.0,680.0,701.0,739.0,740.0,743.0,749.0,757.0,775.0,847.0,870.0,880.0,919.0,938.0,941.0,
9.0,34.0,54.0,157.0,203.0,238.0,250.0,277.0,282.0,294.0,310.0,335.0,339.0,357.0,361.0,377.0,393.0,436.0,446.0,462.0,469.0,500.0,501.0,525.0,540.0,549.0,558.0,613.0,677.0,679.0,694.0,713.0,758.0,769.0,800.0,826.0,838.0,858.0,883.0,884.0,885.0,905.0,925.0,929.0,939.0,967.0,981.0,989.0,
5.0,69.0,74.0,91.0,124.0,170.0,204.0,255.0,285.0,289.0,301.0,335.0,344.0,361.0,419.0,472.0,485.0,489.0,528.0,600.0,626.0,630.0,644.0,650.0,659.0,660.0,673.0,739.0,774.0,846.0,864.0,875.0,909.0,920.0,929.0,941.0,951.0,986.0,
50.0,67.0,88.0,109.0,121.0,128.0,146.0,175.0,208.0,213.0,239.0,311.0,311.0,312.0,320.0,326.0,352.0,443.0,444.0,457.0,460.0,473.0,521.0,537.0,565.0,579.0,595.0,627.0,653.0,675.0,692.0,698.0,731.0,740.0,743.0,758.0,784.0,801.0,818.0,842.0,870.0,876.0,896.0,912.0,949.0,
4.0,21.0,38.0,39.0,56.0,66.0,81.0,102.0,107.0,124.0,132.0,145.0,198.0,204.0,204.0,250.0,271.0,279.0,293.0,309.0,315.0,329.0,332.0,414.0,430.0,447.0,469.0,479.0,497.0,509.0,528.0,551.0,551.0,578.0,583.0,667.0,668.0,702.0,711.0,743.0,744.0,753.0,756.0,770.0,791.0,829.0,836.0,877.0,889.0,893.0,912.0,1000.0,1000.0,
49.0,50.0,76.0,106.0,180.0,186.0,206.0,208.0,209.0,210.0,211.0,224.0,235.0,267.0,290.0,305.0,348.0,538.0,597.0,619.0,683.0,746.0,756.0,765.0,774.0,780.0,790.0,814.0,882.0,938.0,974.0,979.0,
13.0,97.0,104.0,139.0,209.0,215.0,236.0,240.0,242.0,321.0,325.0,369.0,403.0,420.0,423.0,426.0,469.0,586.0,588.0,598.0,612.0,636.0,689.0,700.0,706.0,780.0,817.0,834.0,837.0,837.0,911.0,921.0,936.0,949.0,966.0,993.0,
